-2.450	-2.450	0.000	20.51383972
-2.350	-2.450	0.000	21.71590233
-2.250	-2.450	0.000	19.60113907
-2.150	-2.450	0.000	20.07542419
-2.050	-2.450	0.000	20.33230209
-1.950	-2.450	0.000	20.93463135
-1.850	-2.450	0.000	21.25111771
-1.750	-2.450	0.000	21.31985283
-1.650	-2.450	0.000	21.24710846
-1.550	-2.450	0.000	20.86185646
-1.450	-2.450	0.000	20.59905815
-1.350	-2.450	0.000	20.35534668
-1.250	-2.450	0.000	20.14784622
-1.150	-2.450	0.000	19.81382751
-1.050	-2.450	0.000	19.49186516
-0.950	-2.450	0.000	19.14828491
-0.850	-2.450	0.000	18.86278725
-0.750	-2.450	0.000	18.63135529
-0.650	-2.450	0.000	18.49351501
-0.550	-2.450	0.000	18.24053383
-0.450	-2.450	0.000	17.98146820
-0.350	-2.450	0.000	17.65667343
-0.250	-2.450	0.000	17.46372414
-0.150	-2.450	0.000	17.28425407
-0.050	-2.450	0.000	17.19372177
0.050	-2.450	0.000	17.08993530
0.150	-2.450	0.000	17.00904465
0.250	-2.450	0.000	17.00681686
0.350	-2.450	0.000	17.04527855
0.450	-2.450	0.000	17.09963799
0.550	-2.450	0.000	17.13444710
0.650	-2.450	0.000	17.15407562
0.750	-2.450	0.000	17.06691360
0.850	-2.450	0.000	16.92256546
0.950	-2.450	0.000	16.69741821
1.050	-2.450	0.000	16.52190018
1.150	-2.450	0.000	16.49895859
1.250	-2.450	0.000	16.44526482
1.350	-2.450	0.000	16.54375076
1.450	-2.450	0.000	16.82480240
1.550	-2.450	0.000	17.06238365
1.650	-2.450	0.000	17.23191833
1.750	-2.450	0.000	16.90542221
1.850	-2.450	0.000	16.73601913
1.950	-2.450	0.000	16.34413147
2.050	-2.450	0.000	16.31922150
2.150	-2.450	0.000	16.33312988
2.250	-2.450	0.000	16.28905869
2.350	-2.450	0.000	16.25257492
2.450	-2.450	0.000	16.75851440
-2.450	-2.350	0.000	20.29878998
-2.350	-2.350	0.000	20.97994232
-2.250	-2.350	0.000	19.18398857
-2.150	-2.350	0.000	19.77177048
-2.050	-2.350	0.000	20.01850891
-1.950	-2.350	0.000	20.75620079
-1.850	-2.350	0.000	21.18231964
-1.750	-2.350	0.000	21.11537552
-1.650	-2.350	0.000	21.02379036
-1.550	-2.350	0.000	20.72087288
-1.450	-2.350	0.000	20.52117157
-1.350	-2.350	0.000	20.27442551
-1.250	-2.350	0.000	20.04971695
-1.150	-2.350	0.000	19.69417381
-1.050	-2.350	0.000	19.36064529
-0.950	-2.350	0.000	19.01791191
-0.850	-2.350	0.000	18.76466370
-0.750	-2.350	0.000	18.49014664
-0.650	-2.350	0.000	18.33573151
-0.550	-2.350	0.000	18.14105225
-0.450	-2.350	0.000	17.89067841
-0.350	-2.350	0.000	17.57226181
-0.250	-2.350	0.000	17.36751938
-0.150	-2.350	0.000	17.18349075
-0.050	-2.350	0.000	17.08301926
0.050	-2.350	0.000	16.98413467
0.150	-2.350	0.000	16.89654160
0.250	-2.350	0.000	16.87297058
0.350	-2.350	0.000	16.88103294
0.450	-2.350	0.000	16.91263962
0.550	-2.350	0.000	16.94601822
0.650	-2.350	0.000	16.94615936
0.750	-2.350	0.000	16.87952805
0.850	-2.350	0.000	16.73545837
0.950	-2.350	0.000	16.46625900
1.050	-2.350	0.000	16.20922852
1.150	-2.350	0.000	16.14244461
1.250	-2.350	0.000	16.09614944
1.350	-2.350	0.000	16.22866821
1.450	-2.350	0.000	16.58238220
1.550	-2.350	0.000	16.94141388
1.650	-2.350	0.000	17.20977402
1.750	-2.350	0.000	17.06701851
1.850	-2.350	0.000	17.05073929
1.950	-2.350	0.000	16.79760361
2.050	-2.350	0.000	16.87038040
2.150	-2.350	0.000	16.71994781
2.250	-2.350	0.000	16.64202118
2.350	-2.350	0.000	16.53900146
2.450	-2.350	0.000	16.79518509
-2.450	-2.250	0.000	20.08390999
-2.350	-2.250	0.000	20.61076736
-2.250	-2.250	0.000	19.02864838
-2.150	-2.250	0.000	19.66501999
-2.050	-2.250	0.000	19.90141678
-1.950	-2.250	0.000	20.71336365
-1.850	-2.250	0.000	21.21615791
-1.750	-2.250	0.000	21.09508514
-1.650	-2.250	0.000	20.96611214
-1.550	-2.250	0.000	20.70244980
-1.450	-2.250	0.000	20.53312302
-1.350	-2.250	0.000	20.26211929
-1.250	-2.250	0.000	20.01256561
-1.150	-2.250	0.000	19.64906502
-1.050	-2.250	0.000	19.30983543
-0.950	-2.250	0.000	18.94780731
-0.850	-2.250	0.000	18.70822716
-0.750	-2.250	0.000	18.43330002
-0.650	-2.250	0.000	18.23190689
-0.550	-2.250	0.000	18.04630280
-0.450	-2.250	0.000	17.82358551
-0.350	-2.250	0.000	17.53205109
-0.250	-2.250	0.000	17.33130264
-0.150	-2.250	0.000	17.15270805
-0.050	-2.250	0.000	17.04883385
0.050	-2.250	0.000	16.96432495
0.150	-2.250	0.000	16.89184952
0.250	-2.250	0.000	16.87717819
0.350	-2.250	0.000	16.85946274
0.450	-2.250	0.000	16.88003731
0.550	-2.250	0.000	16.91909027
0.650	-2.250	0.000	16.92546844
0.750	-2.250	0.000	16.88256836
0.850	-2.250	0.000	16.75224686
0.950	-2.250	0.000	16.50299644
1.050	-2.250	0.000	16.21534729
1.150	-2.250	0.000	16.10284233
1.250	-2.250	0.000	16.02185059
1.350	-2.250	0.000	16.07814598
1.450	-2.250	0.000	16.33901787
1.550	-2.250	0.000	16.63281631
1.650	-2.250	0.000	16.95026398
1.750	-2.250	0.000	16.93727493
1.850	-2.250	0.000	17.00352478
1.950	-2.250	0.000	16.88050079
2.050	-2.250	0.000	17.09029007
2.150	-2.250	0.000	16.99842453
2.250	-2.250	0.000	16.88901520
2.350	-2.250	0.000	16.77642441
2.450	-2.250	0.000	16.93187332
-2.450	-2.150	0.000	19.88317108
-2.350	-2.150	0.000	20.17896271
-2.250	-2.150	0.000	18.74348068
-2.150	-2.150	0.000	19.42811775
-2.050	-2.150	0.000	19.67686462
-1.950	-2.150	0.000	20.58029175
-1.850	-2.150	0.000	21.16277313
-1.750	-2.150	0.000	21.04049492
-1.650	-2.150	0.000	20.88442230
-1.550	-2.150	0.000	20.64459991
-1.450	-2.150	0.000	20.49920654
-1.350	-2.150	0.000	20.20565796
-1.250	-2.150	0.000	19.93975449
-1.150	-2.150	0.000	19.60484314
-1.050	-2.150	0.000	19.26124954
-0.950	-2.150	0.000	18.86236572
-0.850	-2.150	0.000	18.61023712
-0.750	-2.150	0.000	18.35219574
-0.650	-2.150	0.000	18.14019394
-0.550	-2.150	0.000	17.96470261
-0.450	-2.150	0.000	17.75034714
-0.350	-2.150	0.000	17.49131012
-0.250	-2.150	0.000	17.30272675
-0.150	-2.150	0.000	17.11794281
-0.050	-2.150	0.000	17.00156021
0.050	-2.150	0.000	16.89704132
0.150	-2.150	0.000	16.82237625
0.250	-2.150	0.000	16.80162811
0.350	-2.150	0.000	16.78120804
0.450	-2.150	0.000	16.78540039
0.550	-2.150	0.000	16.81249619
0.650	-2.150	0.000	16.81529427
0.750	-2.150	0.000	16.79375458
0.850	-2.150	0.000	16.67985153
0.950	-2.150	0.000	16.42654037
1.050	-2.150	0.000	16.14870262
1.150	-2.150	0.000	16.02005577
1.250	-2.150	0.000	15.94047546
1.350	-2.150	0.000	15.98267365
1.450	-2.150	0.000	16.22776604
1.550	-2.150	0.000	16.49513245
1.650	-2.150	0.000	16.81991386
1.750	-2.150	0.000	16.88810730
1.850	-2.150	0.000	16.99232101
1.950	-2.150	0.000	16.98260498
2.050	-2.150	0.000	17.25844955
2.150	-2.150	0.000	17.23142242
2.250	-2.150	0.000	17.15307999
2.350	-2.150	0.000	16.91378021
2.450	-2.150	0.000	16.89753342
-2.450	-2.050	0.000	19.70160294
-2.350	-2.050	0.000	19.90108299
-2.250	-2.050	0.000	18.62652397
-2.150	-2.050	0.000	19.35884285
-2.050	-2.050	0.000	19.56609726
-1.950	-2.050	0.000	20.44730377
-1.850	-2.050	0.000	21.06769943
-1.750	-2.050	0.000	20.96091080
-1.650	-2.050	0.000	20.81289673
-1.550	-2.050	0.000	20.59294128
-1.450	-2.050	0.000	20.47180557
-1.350	-2.050	0.000	20.16682053
-1.250	-2.050	0.000	19.89392471
-1.150	-2.050	0.000	19.56045151
-1.050	-2.050	0.000	19.21146774
-0.950	-2.050	0.000	18.78664017
-0.850	-2.050	0.000	18.51126480
-0.750	-2.050	0.000	18.25803375
-0.650	-2.050	0.000	18.03453445
-0.550	-2.050	0.000	17.84800148
-0.450	-2.050	0.000	17.64547729
-0.350	-2.050	0.000	17.40998840
-0.250	-2.050	0.000	17.24725723
-0.150	-2.050	0.000	17.07177734
-0.050	-2.050	0.000	16.95390129
0.050	-2.050	0.000	16.84872437
0.150	-2.050	0.000	16.78496170
0.250	-2.050	0.000	16.76915550
0.350	-2.050	0.000	16.76815796
0.450	-2.050	0.000	16.79922867
0.550	-2.050	0.000	16.84337616
0.650	-2.050	0.000	16.83521271
0.750	-2.050	0.000	16.80289841
0.850	-2.050	0.000	16.68416214
0.950	-2.050	0.000	16.43671036
1.050	-2.050	0.000	16.14588165
1.150	-2.050	0.000	15.97534943
1.250	-2.050	0.000	15.88096237
1.350	-2.050	0.000	15.89241791
1.450	-2.050	0.000	16.08936310
1.550	-2.050	0.000	16.29675674
1.650	-2.050	0.000	16.54156494
1.750	-2.050	0.000	16.58895111
1.850	-2.050	0.000	16.75644302
1.950	-2.050	0.000	16.85708046
2.050	-2.050	0.000	17.29336739
2.150	-2.050	0.000	17.38515854
2.250	-2.050	0.000	17.36226273
2.350	-2.050	0.000	17.20631599
2.450	-2.050	0.000	17.04990387
-2.450	-1.950	0.000	19.56287384
-2.350	-1.950	0.000	19.70185852
-2.250	-1.950	0.000	18.52835655
-2.150	-1.950	0.000	19.28147125
-2.050	-1.950	0.000	19.44004440
-1.950	-1.950	0.000	20.31100464
-1.850	-1.950	0.000	20.91301346
-1.750	-1.950	0.000	20.83434677
-1.650	-1.950	0.000	20.68714523
-1.550	-1.950	0.000	20.46333694
-1.450	-1.950	0.000	20.34987259
-1.350	-1.950	0.000	20.03636742
-1.250	-1.950	0.000	19.75651741
-1.150	-1.950	0.000	19.43016624
-1.050	-1.950	0.000	19.10753632
-0.950	-1.950	0.000	18.69575119
-0.850	-1.950	0.000	18.39881706
-0.750	-1.950	0.000	18.13494492
-0.650	-1.950	0.000	17.90283012
-0.550	-1.950	0.000	17.68865585
-0.450	-1.950	0.000	17.48876953
-0.350	-1.950	0.000	17.26519394
-0.250	-1.950	0.000	17.13286972
-0.150	-1.950	0.000	16.99171448
-0.050	-1.950	0.000	16.87740707
0.050	-1.950	0.000	16.77082443
0.150	-1.950	0.000	16.72052193
0.250	-1.950	0.000	16.71865082
0.350	-1.950	0.000	16.74075127
0.450	-1.950	0.000	16.78161240
0.550	-1.950	0.000	16.82874298
0.650	-1.950	0.000	16.82662201
0.750	-1.950	0.000	16.78507614
0.850	-1.950	0.000	16.67451859
0.950	-1.950	0.000	16.45790482
1.050	-1.950	0.000	16.18775177
1.150	-1.950	0.000	16.03191376
1.250	-1.950	0.000	15.98126221
1.350	-1.950	0.000	16.01094818
1.450	-1.950	0.000	16.17473221
1.550	-1.950	0.000	16.31782150
1.650	-1.950	0.000	16.45617676
1.750	-1.950	0.000	16.36250496
1.850	-1.950	0.000	16.43644714
1.950	-1.950	0.000	16.55445290
2.050	-1.950	0.000	16.92943001
2.150	-1.950	0.000	17.26364899
2.250	-1.950	0.000	17.27611160
2.350	-1.950	0.000	17.23591042
2.450	-1.950	0.000	17.03539276
-2.450	-1.850	0.000	19.39467239
-2.350	-1.850	0.000	19.49805641
-2.250	-1.850	0.000	18.44176292
-2.150	-1.850	0.000	19.23761749
-2.050	-1.850	0.000	19.34687805
-1.950	-1.850	0.000	20.19543266
-1.850	-1.850	0.000	20.75435257
-1.750	-1.850	0.000	20.69468498
-1.650	-1.850	0.000	20.52179337
-1.550	-1.850	0.000	20.27843857
-1.450	-1.850	0.000	20.14752197
-1.350	-1.850	0.000	19.84856033
-1.250	-1.850	0.000	19.56733894
-1.150	-1.850	0.000	19.24510956
-1.050	-1.850	0.000	18.94851303
-0.950	-1.850	0.000	18.56253815
-0.850	-1.850	0.000	18.25956917
-0.750	-1.850	0.000	17.98501587
-0.650	-1.850	0.000	17.75333405
-0.550	-1.850	0.000	17.53745079
-0.450	-1.850	0.000	17.32450485
-0.350	-1.850	0.000	17.10961914
-0.250	-1.850	0.000	16.97465134
-0.150	-1.850	0.000	16.89807701
-0.050	-1.850	0.000	16.79272079
0.050	-1.850	0.000	16.70368195
0.150	-1.850	0.000	16.68748093
0.250	-1.850	0.000	16.73255348
0.350	-1.850	0.000	16.80066299
0.450	-1.850	0.000	16.84330368
0.550	-1.850	0.000	16.87131500
0.650	-1.850	0.000	16.86096573
0.750	-1.850	0.000	16.78784370
0.850	-1.850	0.000	16.64825439
0.950	-1.850	0.000	16.44211578
1.050	-1.850	0.000	16.18225098
1.150	-1.850	0.000	16.02913666
1.250	-1.850	0.000	15.95608902
1.350	-1.850	0.000	15.98690414
1.450	-1.850	0.000	16.13304520
1.550	-1.850	0.000	16.24077797
1.650	-1.850	0.000	16.32856750
1.750	-1.850	0.000	16.18590164
1.850	-1.850	0.000	16.17877960
1.950	-1.850	0.000	16.30315971
2.050	-1.850	0.000	16.61314392
2.150	-1.850	0.000	17.11283684
2.250	-1.850	0.000	17.31028366
2.350	-1.850	0.000	17.36474037
2.450	-1.850	0.000	17.19984436
-2.450	-1.750	0.000	19.23458672
-2.350	-1.750	0.000	19.33302307
-2.250	-1.750	0.000	18.35914612
-2.150	-1.750	0.000	19.15793228
-2.050	-1.750	0.000	19.22329140
-1.950	-1.750	0.000	20.04997826
-1.850	-1.750	0.000	20.58100700
-1.750	-1.750	0.000	20.52516174
-1.650	-1.750	0.000	20.35376358
-1.550	-1.750	0.000	20.07127380
-1.450	-1.750	0.000	19.91585159
-1.350	-1.750	0.000	19.60672379
-1.250	-1.750	0.000	19.31958008
-1.150	-1.750	0.000	19.00130081
-1.050	-1.750	0.000	18.72735405
-0.950	-1.750	0.000	18.37282181
-0.850	-1.750	0.000	18.08510971
-0.750	-1.750	0.000	17.82174110
-0.650	-1.750	0.000	17.60213280
-0.550	-1.750	0.000	17.39402008
-0.450	-1.750	0.000	17.16972733
-0.350	-1.750	0.000	16.94541931
-0.250	-1.750	0.000	16.78077316
-0.150	-1.750	0.000	16.72903061
-0.050	-1.750	0.000	16.63388443
0.050	-1.750	0.000	16.57933807
0.150	-1.750	0.000	16.60622025
0.250	-1.750	0.000	16.69282913
0.350	-1.750	0.000	16.80697250
0.450	-1.750	0.000	16.88172340
0.550	-1.750	0.000	16.90401840
0.650	-1.750	0.000	16.88175201
0.750	-1.750	0.000	16.79399490
0.850	-1.750	0.000	16.61873245
0.950	-1.750	0.000	16.42102814
1.050	-1.750	0.000	16.18845749
1.150	-1.750	0.000	16.05961609
1.250	-1.750	0.000	15.96455765
1.350	-1.750	0.000	16.00266647
1.450	-1.750	0.000	16.10256577
1.550	-1.750	0.000	16.16142464
1.650	-1.750	0.000	16.20011139
1.750	-1.750	0.000	16.04094696
1.850	-1.750	0.000	15.95039749
1.950	-1.750	0.000	16.07075500
2.050	-1.750	0.000	16.28217697
2.150	-1.750	0.000	16.73071671
2.250	-1.750	0.000	16.97823906
2.350	-1.750	0.000	17.20806885
2.450	-1.750	0.000	17.15750504
-2.450	-1.650	0.000	19.12821198
-2.350	-1.650	0.000	19.22370911
-2.250	-1.650	0.000	18.31644058
-2.150	-1.650	0.000	19.11885071
-2.050	-1.650	0.000	19.15062332
-1.950	-1.650	0.000	19.98050690
-1.850	-1.650	0.000	20.48409271
-1.750	-1.650	0.000	20.43634033
-1.650	-1.650	0.000	20.24409103
-1.550	-1.650	0.000	19.91704941
-1.450	-1.650	0.000	19.72479248
-1.350	-1.650	0.000	19.41967392
-1.250	-1.650	0.000	19.12673950
-1.150	-1.650	0.000	18.80142212
-1.050	-1.650	0.000	18.53206444
-0.950	-1.650	0.000	18.20612907
-0.850	-1.650	0.000	17.92654037
-0.750	-1.650	0.000	17.67131805
-0.650	-1.650	0.000	17.47339439
-0.550	-1.650	0.000	17.28179932
-0.450	-1.650	0.000	17.06859779
-0.350	-1.650	0.000	16.84215164
-0.250	-1.650	0.000	16.69356537
-0.150	-1.650	0.000	16.64158058
-0.050	-1.650	0.000	16.54130173
0.050	-1.650	0.000	16.49600410
0.150	-1.650	0.000	16.53907394
0.250	-1.650	0.000	16.64235115
0.350	-1.650	0.000	16.76040649
0.450	-1.650	0.000	16.83909988
0.550	-1.650	0.000	16.87154388
0.650	-1.650	0.000	16.83921814
0.750	-1.650	0.000	16.76462364
0.850	-1.650	0.000	16.59846115
0.950	-1.650	0.000	16.39755249
1.050	-1.650	0.000	16.16983795
1.150	-1.650	0.000	16.03839684
1.250	-1.650	0.000	15.93542099
1.350	-1.650	0.000	15.97026825
1.450	-1.650	0.000	16.02674484
1.550	-1.650	0.000	16.03077698
1.650	-1.650	0.000	16.00466537
1.750	-1.650	0.000	15.86720467
1.850	-1.650	0.000	15.76071548
1.950	-1.650	0.000	15.90699196
2.050	-1.650	0.000	16.17572403
2.150	-1.650	0.000	16.64471054
2.250	-1.650	0.000	16.93232346
2.350	-1.650	0.000	17.17196846
2.450	-1.650	0.000	17.32849884
-2.450	-1.550	0.000	19.09830093
-2.350	-1.550	0.000	19.20628738
-2.250	-1.550	0.000	18.34019852
-2.150	-1.550	0.000	19.13065529
-2.050	-1.550	0.000	19.09686279
-1.950	-1.550	0.000	19.90692711
-1.850	-1.550	0.000	20.39644623
-1.750	-1.550	0.000	20.37732887
-1.650	-1.550	0.000	20.19923401
-1.550	-1.550	0.000	19.82987976
-1.450	-1.550	0.000	19.59264374
-1.350	-1.550	0.000	19.28536224
-1.250	-1.550	0.000	18.99135590
-1.150	-1.550	0.000	18.64730263
-1.050	-1.550	0.000	18.36169434
-0.950	-1.550	0.000	18.04383469
-0.850	-1.550	0.000	17.76624680
-0.750	-1.550	0.000	17.51142693
-0.650	-1.550	0.000	17.32040405
-0.550	-1.550	0.000	17.13454056
-0.450	-1.550	0.000	16.93106842
-0.350	-1.550	0.000	16.71690750
-0.250	-1.550	0.000	16.58037949
-0.150	-1.550	0.000	16.51772881
-0.050	-1.550	0.000	16.42191315
0.050	-1.550	0.000	16.37155914
0.150	-1.550	0.000	16.42257500
0.250	-1.550	0.000	16.53567505
0.350	-1.550	0.000	16.66262054
0.450	-1.550	0.000	16.73839569
0.550	-1.550	0.000	16.76530457
0.650	-1.550	0.000	16.72347260
0.750	-1.550	0.000	16.64756393
0.850	-1.550	0.000	16.51270676
0.950	-1.550	0.000	16.34476089
1.050	-1.550	0.000	16.12537003
1.150	-1.550	0.000	15.97378540
1.250	-1.550	0.000	15.86264229
1.350	-1.550	0.000	15.88161469
1.450	-1.550	0.000	15.90079117
1.550	-1.550	0.000	15.88584518
1.650	-1.550	0.000	15.84642410
1.750	-1.550	0.000	15.72962952
1.850	-1.550	0.000	15.62672997
1.950	-1.550	0.000	15.75453949
2.050	-1.550	0.000	16.01946259
2.150	-1.550	0.000	16.51062012
2.250	-1.550	0.000	16.81998634
2.350	-1.550	0.000	17.09011650
2.450	-1.550	0.000	17.36614990
-2.450	-1.450	0.000	19.15527344
-2.350	-1.450	0.000	19.28222275
-2.250	-1.450	0.000	18.42553711
-2.150	-1.450	0.000	19.19136810
-2.050	-1.450	0.000	19.09499359
-1.950	-1.450	0.000	19.87915421
-1.850	-1.450	0.000	20.36904526
-1.750	-1.450	0.000	20.39571190
-1.650	-1.450	0.000	20.25611115
-1.550	-1.450	0.000	19.85451889
-1.450	-1.450	0.000	19.57877731
-1.350	-1.450	0.000	19.26503181
-1.250	-1.450	0.000	18.96503830
-1.150	-1.450	0.000	18.61218643
-1.050	-1.450	0.000	18.30447769
-0.950	-1.450	0.000	17.97365189
-0.850	-1.450	0.000	17.68467331
-0.750	-1.450	0.000	17.42254639
-0.650	-1.450	0.000	17.22241592
-0.550	-1.450	0.000	17.02851868
-0.450	-1.450	0.000	16.83360481
-0.350	-1.450	0.000	16.63936996
-0.250	-1.450	0.000	16.50881195
-0.150	-1.450	0.000	16.43182182
-0.050	-1.450	0.000	16.33309364
0.050	-1.450	0.000	16.27853394
0.150	-1.450	0.000	16.30179596
0.250	-1.450	0.000	16.39113617
0.350	-1.450	0.000	16.49633217
0.450	-1.450	0.000	16.54943275
0.550	-1.450	0.000	16.57278442
0.650	-1.450	0.000	16.53101730
0.750	-1.450	0.000	16.45188332
0.850	-1.450	0.000	16.37098503
0.950	-1.450	0.000	16.26304626
1.050	-1.450	0.000	16.06451416
1.150	-1.450	0.000	15.91721344
1.250	-1.450	0.000	15.78937531
1.350	-1.450	0.000	15.78291702
1.450	-1.450	0.000	15.77029610
1.550	-1.450	0.000	15.74917984
1.650	-1.450	0.000	15.73493958
1.750	-1.450	0.000	15.71212006
1.850	-1.450	0.000	15.67001343
1.950	-1.450	0.000	15.78118134
2.050	-1.450	0.000	16.00125122
2.150	-1.450	0.000	16.46787643
2.250	-1.450	0.000	16.81010056
2.350	-1.450	0.000	17.10886955
2.450	-1.450	0.000	17.61770248
-2.450	-1.350	0.000	19.25247192
-2.350	-1.350	0.000	19.39712906
-2.250	-1.350	0.000	18.53502274
-2.150	-1.350	0.000	19.27256012
-2.050	-1.350	0.000	19.11866570
-1.950	-1.350	0.000	19.83865929
-1.850	-1.350	0.000	20.29968262
-1.750	-1.350	0.000	20.37259102
-1.650	-1.350	0.000	20.27334976
-1.550	-1.350	0.000	19.87224960
-1.450	-1.350	0.000	19.56286240
-1.350	-1.350	0.000	19.23723602
-1.250	-1.350	0.000	18.93711090
-1.150	-1.350	0.000	18.58828354
-1.050	-1.350	0.000	18.27553558
-0.950	-1.350	0.000	17.93605995
-0.850	-1.350	0.000	17.62655258
-0.750	-1.350	0.000	17.33847809
-0.650	-1.350	0.000	17.10716820
-0.550	-1.350	0.000	16.89573860
-0.450	-1.350	0.000	16.69785309
-0.350	-1.350	0.000	16.51300621
-0.250	-1.350	0.000	16.38649559
-0.150	-1.350	0.000	16.31410599
-0.050	-1.350	0.000	16.21222687
0.050	-1.350	0.000	16.14749908
0.150	-1.350	0.000	16.14661789
0.250	-1.350	0.000	16.19442368
0.350	-1.350	0.000	16.25692177
0.450	-1.350	0.000	16.28764725
0.550	-1.350	0.000	16.30930519
0.650	-1.350	0.000	16.27778244
0.750	-1.350	0.000	16.22586823
0.850	-1.350	0.000	16.18275833
0.950	-1.350	0.000	16.11026001
1.050	-1.350	0.000	15.96931839
1.150	-1.350	0.000	15.86543655
1.250	-1.350	0.000	15.76075935
1.350	-1.350	0.000	15.76499748
1.450	-1.350	0.000	15.72238159
1.550	-1.350	0.000	15.67918777
1.650	-1.350	0.000	15.65698051
1.750	-1.350	0.000	15.67475128
1.850	-1.350	0.000	15.71223831
1.950	-1.350	0.000	15.87505531
2.050	-1.350	0.000	16.08230400
2.150	-1.350	0.000	16.54244995
2.250	-1.350	0.000	16.88171768
2.350	-1.350	0.000	17.12443542
2.450	-1.350	0.000	17.69979286
-2.450	-1.250	0.000	19.36061859
-2.350	-1.250	0.000	19.50348282
-2.250	-1.250	0.000	18.61602402
-2.150	-1.250	0.000	19.31559753
-2.050	-1.250	0.000	19.12764359
-1.950	-1.250	0.000	19.76921844
-1.850	-1.250	0.000	20.18727684
-1.750	-1.250	0.000	20.33763504
-1.650	-1.250	0.000	20.27878571
-1.550	-1.250	0.000	19.91436195
-1.450	-1.250	0.000	19.59599304
-1.350	-1.250	0.000	19.25352287
-1.250	-1.250	0.000	18.94498825
-1.150	-1.250	0.000	18.60732651
-1.050	-1.250	0.000	18.30521965
-0.950	-1.250	0.000	17.96108627
-0.850	-1.250	0.000	17.62690735
-0.750	-1.250	0.000	17.30881119
-0.650	-1.250	0.000	17.03398514
-0.550	-1.250	0.000	16.78515625
-0.450	-1.250	0.000	16.57608032
-0.350	-1.250	0.000	16.38864326
-0.250	-1.250	0.000	16.26831436
-0.150	-1.250	0.000	16.20946503
-0.050	-1.250	0.000	16.10177994
0.050	-1.250	0.000	16.03077698
0.150	-1.250	0.000	15.99345970
0.250	-1.250	0.000	15.99798203
0.350	-1.250	0.000	16.01273727
0.450	-1.250	0.000	16.00152588
0.550	-1.250	0.000	16.00217438
0.650	-1.250	0.000	15.98513031
0.750	-1.250	0.000	15.96635437
0.850	-1.250	0.000	15.98522186
0.950	-1.250	0.000	15.96991730
1.050	-1.250	0.000	15.88439178
1.150	-1.250	0.000	15.83092880
1.250	-1.250	0.000	15.78449631
1.350	-1.250	0.000	15.83111763
1.450	-1.250	0.000	15.83773422
1.550	-1.250	0.000	15.81470490
1.650	-1.250	0.000	15.78631592
1.750	-1.250	0.000	15.81132889
1.850	-1.250	0.000	15.85355568
1.950	-1.250	0.000	16.05035591
2.050	-1.250	0.000	16.26022911
2.150	-1.250	0.000	16.70839119
2.250	-1.250	0.000	17.02442169
2.350	-1.250	0.000	17.21499062
2.450	-1.250	0.000	17.80923080
-2.450	-1.150	0.000	19.45697784
-2.350	-1.150	0.000	19.58259392
-2.250	-1.150	0.000	18.71392822
-2.150	-1.150	0.000	19.33332443
-2.050	-1.150	0.000	19.11211586
-1.950	-1.150	0.000	19.63636017
-1.850	-1.150	0.000	20.01014709
-1.750	-1.150	0.000	20.22000504
-1.650	-1.150	0.000	20.20135689
-1.550	-1.150	0.000	19.90570450
-1.450	-1.150	0.000	19.59547806
-1.350	-1.150	0.000	19.24020767
-1.250	-1.150	0.000	18.91249847
-1.150	-1.150	0.000	18.58461952
-1.050	-1.150	0.000	18.29322433
-0.950	-1.150	0.000	17.94707489
-0.850	-1.150	0.000	17.59197998
-0.750	-1.150	0.000	17.24954987
-0.650	-1.150	0.000	16.93810844
-0.550	-1.150	0.000	16.65477753
-0.450	-1.150	0.000	16.43020630
-0.350	-1.150	0.000	16.24011040
-0.250	-1.150	0.000	16.13491821
-0.150	-1.150	0.000	16.07563972
-0.050	-1.150	0.000	15.99012756
0.050	-1.150	0.000	15.92302322
0.150	-1.150	0.000	15.87642288
0.250	-1.150	0.000	15.85834122
0.350	-1.150	0.000	15.84545326
0.450	-1.150	0.000	15.81716347
0.550	-1.150	0.000	15.80267334
0.650	-1.150	0.000	15.77518845
0.750	-1.150	0.000	15.76827240
0.850	-1.150	0.000	15.80411911
0.950	-1.150	0.000	15.81902313
1.050	-1.150	0.000	15.78925705
1.150	-1.150	0.000	15.77621460
1.250	-1.150	0.000	15.76569748
1.350	-1.150	0.000	15.84320641
1.450	-1.150	0.000	15.89341545
1.550	-1.150	0.000	15.92433739
1.650	-1.150	0.000	15.93762207
1.750	-1.150	0.000	15.98948288
1.850	-1.150	0.000	16.04172134
1.950	-1.150	0.000	16.25431061
2.050	-1.150	0.000	16.45804596
2.150	-1.150	0.000	16.87646484
2.250	-1.150	0.000	17.13631821
2.350	-1.150	0.000	17.23891068
2.450	-1.150	0.000	17.77061844
-2.450	-1.050	0.000	19.41631699
-2.350	-1.050	0.000	19.51782227
-2.250	-1.050	0.000	18.70800781
-2.150	-1.050	0.000	19.28183365
-2.050	-1.050	0.000	19.04910660
-1.950	-1.050	0.000	19.43471527
-1.850	-1.050	0.000	19.78479385
-1.750	-1.050	0.000	20.01436615
-1.650	-1.050	0.000	20.04704666
-1.550	-1.050	0.000	19.86975098
-1.450	-1.050	0.000	19.57883644
-1.350	-1.050	0.000	19.23190689
-1.250	-1.050	0.000	18.88988113
-1.150	-1.050	0.000	18.55994797
-1.050	-1.050	0.000	18.26070404
-0.950	-1.050	0.000	17.90465355
-0.850	-1.050	0.000	17.53164482
-0.750	-1.050	0.000	17.17622185
-0.650	-1.050	0.000	16.83859253
-0.550	-1.050	0.000	16.52542114
-0.450	-1.050	0.000	16.29088974
-0.350	-1.050	0.000	16.11260986
-0.250	-1.050	0.000	16.02714729
-0.150	-1.050	0.000	15.96436501
-0.050	-1.050	0.000	15.91348457
0.050	-1.050	0.000	15.86836052
0.150	-1.050	0.000	15.83957481
0.250	-1.050	0.000	15.81618500
0.350	-1.050	0.000	15.78375626
0.450	-1.050	0.000	15.74889183
0.550	-1.050	0.000	15.74285126
0.650	-1.050	0.000	15.74622917
0.750	-1.050	0.000	15.77033997
0.850	-1.050	0.000	15.83205414
0.950	-1.050	0.000	15.89568901
1.050	-1.050	0.000	15.89289856
1.150	-1.050	0.000	15.90182114
1.250	-1.050	0.000	15.91865349
1.350	-1.050	0.000	16.00468636
1.450	-1.050	0.000	16.05612183
1.550	-1.050	0.000	16.10264587
1.650	-1.050	0.000	16.14011383
1.750	-1.050	0.000	16.20041084
1.850	-1.050	0.000	16.27009773
1.950	-1.050	0.000	16.49266434
2.050	-1.050	0.000	16.69321251
2.150	-1.050	0.000	17.07298851
2.250	-1.050	0.000	17.26962662
2.350	-1.050	0.000	17.31929398
2.450	-1.050	0.000	17.77342224
-2.450	-0.950	0.000	19.32979202
-2.350	-0.950	0.000	19.39754486
-2.250	-0.950	0.000	18.69448090
-2.150	-0.950	0.000	19.16232491
-2.050	-0.950	0.000	18.90019989
-1.950	-0.950	0.000	19.18991852
-1.850	-0.950	0.000	19.50540352
-1.750	-0.950	0.000	19.71698761
-1.650	-0.950	0.000	19.84324074
-1.550	-0.950	0.000	19.74724197
-1.450	-0.950	0.000	19.50179291
-1.350	-0.950	0.000	19.18798447
-1.250	-0.950	0.000	18.85271835
-1.150	-0.950	0.000	18.51345062
-1.050	-0.950	0.000	18.18858337
-0.950	-0.950	0.000	17.81767273
-0.850	-0.950	0.000	17.43104744
-0.750	-0.950	0.000	17.06881332
-0.650	-0.950	0.000	16.71440887
-0.550	-0.950	0.000	16.39444351
-0.450	-0.950	0.000	16.15825272
-0.350	-0.950	0.000	16.01030159
-0.250	-0.950	0.000	15.93902206
-0.150	-0.950	0.000	15.89955139
-0.050	-0.950	0.000	15.87260056
0.050	-0.950	0.000	15.86612701
0.150	-0.950	0.000	15.86997986
0.250	-0.950	0.000	15.86790085
0.350	-0.950	0.000	15.84831238
0.450	-0.950	0.000	15.81178093
0.550	-0.950	0.000	15.82158279
0.650	-0.950	0.000	15.83361626
0.750	-0.950	0.000	15.86610603
0.850	-0.950	0.000	15.91505623
0.950	-0.950	0.000	15.96693039
1.050	-0.950	0.000	15.95928955
1.150	-0.950	0.000	15.95356750
1.250	-0.950	0.000	15.99612427
1.350	-0.950	0.000	16.08699417
1.450	-0.950	0.000	16.15903473
1.550	-0.950	0.000	16.22662354
1.650	-0.950	0.000	16.28107452
1.750	-0.950	0.000	16.34262085
1.850	-0.950	0.000	16.42373466
1.950	-0.950	0.000	16.62986755
2.050	-0.950	0.000	16.80878067
2.150	-0.950	0.000	17.14038849
2.250	-0.950	0.000	17.30094528
2.350	-0.950	0.000	17.32158089
2.450	-0.950	0.000	17.70682526
-2.450	-0.850	0.000	19.19355965
-2.350	-0.850	0.000	19.13224411
-2.250	-0.850	0.000	18.55712891
-2.150	-0.850	0.000	18.99791908
-2.050	-0.850	0.000	18.72170639
-1.950	-0.850	0.000	18.95237350
-1.850	-0.850	0.000	19.19450951
-1.750	-0.850	0.000	19.39533997
-1.650	-0.850	0.000	19.60256577
-1.550	-0.850	0.000	19.56669998
-1.450	-0.850	0.000	19.39884949
-1.350	-0.850	0.000	19.12071991
-1.250	-0.850	0.000	18.80576324
-1.150	-0.850	0.000	18.45710754
-1.050	-0.850	0.000	18.10004425
-0.950	-0.850	0.000	17.71226883
-0.850	-0.850	0.000	17.31280899
-0.750	-0.850	0.000	16.94460678
-0.650	-0.850	0.000	16.57966614
-0.550	-0.850	0.000	16.26155663
-0.450	-0.850	0.000	16.03377151
-0.350	-0.850	0.000	15.91587830
-0.250	-0.850	0.000	15.88110352
-0.150	-0.850	0.000	15.86909103
-0.050	-0.850	0.000	15.87937927
0.050	-0.850	0.000	15.91164017
0.150	-0.850	0.000	15.95407677
0.250	-0.850	0.000	15.97517014
0.350	-0.850	0.000	15.96068382
0.450	-0.850	0.000	15.95446777
0.550	-0.850	0.000	15.98442841
0.650	-0.850	0.000	16.03260803
0.750	-0.850	0.000	16.09745407
0.850	-0.850	0.000	16.14100838
0.950	-0.850	0.000	16.18489456
1.050	-0.850	0.000	16.16565323
1.150	-0.850	0.000	16.13050842
1.250	-0.850	0.000	16.13468933
1.350	-0.850	0.000	16.18372726
1.450	-0.850	0.000	16.23791122
1.550	-0.850	0.000	16.30759430
1.650	-0.850	0.000	16.36548233
1.750	-0.850	0.000	16.41427994
1.850	-0.850	0.000	16.50995827
1.950	-0.850	0.000	16.71232796
2.050	-0.850	0.000	16.88256454
2.150	-0.850	0.000	17.17822838
2.250	-0.850	0.000	17.29480743
2.350	-0.850	0.000	17.30386353
2.450	-0.850	0.000	17.60530853
-2.450	-0.750	0.000	19.00919151
-2.350	-0.750	0.000	18.91469193
-2.250	-0.750	0.000	18.47305679
-2.150	-0.750	0.000	18.87422180
-2.050	-0.750	0.000	18.58639908
-1.950	-0.750	0.000	18.78924370
-1.850	-0.750	0.000	18.89535904
-1.750	-0.750	0.000	19.10586548
-1.650	-0.750	0.000	19.32212830
-1.550	-0.750	0.000	19.36436081
-1.450	-0.750	0.000	19.25442886
-1.350	-0.750	0.000	19.00348282
-1.250	-0.750	0.000	18.71702385
-1.150	-0.750	0.000	18.37133980
-1.050	-0.750	0.000	17.98873329
-0.950	-0.750	0.000	17.58407593
-0.850	-0.750	0.000	17.17621613
-0.750	-0.750	0.000	16.79985619
-0.650	-0.750	0.000	16.43466759
-0.550	-0.750	0.000	16.11139870
-0.450	-0.750	0.000	15.91037369
-0.350	-0.750	0.000	15.81848526
-0.250	-0.750	0.000	15.82970810
-0.150	-0.750	0.000	15.85133743
-0.050	-0.750	0.000	15.90495682
0.050	-0.750	0.000	15.96879387
0.150	-0.750	0.000	16.04583359
0.250	-0.750	0.000	16.07500267
0.350	-0.750	0.000	16.06673241
0.450	-0.750	0.000	16.08380508
0.550	-0.750	0.000	16.12702370
0.650	-0.750	0.000	16.20745659
0.750	-0.750	0.000	16.30348206
0.850	-0.750	0.000	16.35449409
0.950	-0.750	0.000	16.38345718
1.050	-0.750	0.000	16.35479355
1.150	-0.750	0.000	16.29941368
1.250	-0.750	0.000	16.28879547
1.350	-0.750	0.000	16.30493546
1.450	-0.750	0.000	16.33304977
1.550	-0.750	0.000	16.38685226
1.650	-0.750	0.000	16.43930817
1.750	-0.750	0.000	16.47409439
1.850	-0.750	0.000	16.56190872
1.950	-0.750	0.000	16.72158813
2.050	-0.750	0.000	16.87274933
2.150	-0.750	0.000	17.15608788
2.250	-0.750	0.000	17.27489090
2.350	-0.750	0.000	17.29468536
2.450	-0.750	0.000	17.50865555
-2.450	-0.650	0.000	18.93171692
-2.350	-0.650	0.000	18.74164200
-2.250	-0.650	0.000	18.40432167
-2.150	-0.650	0.000	18.78496170
-2.050	-0.650	0.000	18.50313187
-1.950	-0.650	0.000	18.66944885
-1.850	-0.650	0.000	18.67606735
-1.750	-0.650	0.000	18.84648514
-1.650	-0.650	0.000	19.02928543
-1.550	-0.650	0.000	19.13238907
-1.450	-0.650	0.000	19.04082489
-1.350	-0.650	0.000	18.83803749
-1.250	-0.650	0.000	18.55971909
-1.150	-0.650	0.000	18.21830368
-1.050	-0.650	0.000	17.83297157
-0.950	-0.650	0.000	17.42376709
-0.850	-0.650	0.000	17.01565933
-0.750	-0.650	0.000	16.62863541
-0.650	-0.650	0.000	16.26696587
-0.550	-0.650	0.000	15.93732834
-0.450	-0.650	0.000	15.76102448
-0.350	-0.650	0.000	15.70425224
-0.250	-0.650	0.000	15.75389862
-0.150	-0.650	0.000	15.81973267
-0.050	-0.650	0.000	15.91356850
0.050	-0.650	0.000	16.00881195
0.150	-0.650	0.000	16.10878944
0.250	-0.650	0.000	16.12501526
0.350	-0.650	0.000	16.12141418
0.450	-0.650	0.000	16.14320755
0.550	-0.650	0.000	16.19776535
0.650	-0.650	0.000	16.30135727
0.750	-0.650	0.000	16.42462921
0.850	-0.650	0.000	16.49701691
0.950	-0.650	0.000	16.53384018
1.050	-0.650	0.000	16.51937103
1.150	-0.650	0.000	16.46276665
1.250	-0.650	0.000	16.44108963
1.350	-0.650	0.000	16.42524719
1.450	-0.650	0.000	16.42317200
1.550	-0.650	0.000	16.44929123
1.650	-0.650	0.000	16.48398018
1.750	-0.650	0.000	16.50498962
1.850	-0.650	0.000	16.58388519
1.950	-0.650	0.000	16.69600105
2.050	-0.650	0.000	16.82764626
2.150	-0.650	0.000	17.08247948
2.250	-0.650	0.000	17.18923950
2.350	-0.650	0.000	17.23090744
2.450	-0.650	0.000	17.38225937
-2.450	-0.550	0.000	18.86574554
-2.350	-0.550	0.000	18.54322815
-2.250	-0.550	0.000	18.33874321
-2.150	-0.550	0.000	18.72443008
-2.050	-0.550	0.000	18.45167732
-1.950	-0.550	0.000	18.58874893
-1.850	-0.550	0.000	18.51069641
-1.750	-0.550	0.000	18.63598061
-1.650	-0.550	0.000	18.74939346
-1.550	-0.550	0.000	18.85853958
-1.450	-0.550	0.000	18.77509499
-1.350	-0.550	0.000	18.61332321
-1.250	-0.550	0.000	18.31969452
-1.150	-0.550	0.000	17.97196198
-1.050	-0.550	0.000	17.59471512
-0.950	-0.550	0.000	17.19842529
-0.850	-0.550	0.000	16.81015968
-0.750	-0.550	0.000	16.42409706
-0.650	-0.550	0.000	16.07144165
-0.550	-0.550	0.000	15.74264717
-0.450	-0.550	0.000	15.58921814
-0.350	-0.550	0.000	15.56186485
-0.250	-0.550	0.000	15.65287590
-0.150	-0.550	0.000	15.76270294
-0.050	-0.550	0.000	15.90012932
0.050	-0.550	0.000	16.01553726
0.150	-0.550	0.000	16.12433624
0.250	-0.550	0.000	16.11402512
0.350	-0.550	0.000	16.10242462
0.450	-0.550	0.000	16.11403275
0.550	-0.550	0.000	16.17361450
0.650	-0.550	0.000	16.29521942
0.750	-0.550	0.000	16.43761063
0.850	-0.550	0.000	16.53857803
0.950	-0.550	0.000	16.60042381
1.050	-0.550	0.000	16.61538124
1.150	-0.550	0.000	16.58471107
1.250	-0.550	0.000	16.58839798
1.350	-0.550	0.000	16.56741142
1.450	-0.550	0.000	16.56008530
1.550	-0.550	0.000	16.57254791
1.650	-0.550	0.000	16.59248161
1.750	-0.550	0.000	16.59358597
1.850	-0.550	0.000	16.64918327
1.950	-0.550	0.000	16.71249199
2.050	-0.550	0.000	16.84897614
2.150	-0.550	0.000	17.06619072
2.250	-0.550	0.000	17.15312767
2.350	-0.550	0.000	17.23302269
2.450	-0.550	0.000	17.31143570
-2.450	-0.450	0.000	18.74838638
-2.350	-0.450	0.000	18.29500580
-2.250	-0.450	0.000	18.23611832
-2.150	-0.450	0.000	18.61309814
-2.050	-0.450	0.000	18.36446381
-1.950	-0.450	0.000	18.49113464
-1.850	-0.450	0.000	18.34211922
-1.750	-0.450	0.000	18.40844727
-1.650	-0.450	0.000	18.45828819
-1.550	-0.450	0.000	18.53990555
-1.450	-0.450	0.000	18.46711731
-1.350	-0.450	0.000	18.30437469
-1.250	-0.450	0.000	18.00264740
-1.150	-0.450	0.000	17.64126587
-1.050	-0.450	0.000	17.27015495
-0.950	-0.450	0.000	16.89787292
-0.850	-0.450	0.000	16.54719162
-0.750	-0.450	0.000	16.18317795
-0.650	-0.450	0.000	15.84878540
-0.550	-0.450	0.000	15.54190445
-0.450	-0.450	0.000	15.41504478
-0.350	-0.450	0.000	15.40916252
-0.250	-0.450	0.000	15.53334999
-0.150	-0.450	0.000	15.68519402
-0.050	-0.450	0.000	15.86052704
0.050	-0.450	0.000	15.98667145
0.150	-0.450	0.000	16.08579636
0.250	-0.450	0.000	16.04360580
0.350	-0.450	0.000	16.00864792
0.450	-0.450	0.000	15.99980736
0.550	-0.450	0.000	16.06238937
0.650	-0.450	0.000	16.19364929
0.750	-0.450	0.000	16.35243225
0.850	-0.450	0.000	16.48074722
0.950	-0.450	0.000	16.57261276
1.050	-0.450	0.000	16.63148308
1.150	-0.450	0.000	16.64777756
1.250	-0.450	0.000	16.67887115
1.350	-0.450	0.000	16.67467499
1.450	-0.450	0.000	16.67713928
1.550	-0.450	0.000	16.68867111
1.650	-0.450	0.000	16.70829201
1.750	-0.450	0.000	16.69502640
1.850	-0.450	0.000	16.72386551
1.950	-0.450	0.000	16.71543121
2.050	-0.450	0.000	16.83606339
2.150	-0.450	0.000	16.98803329
2.250	-0.450	0.000	17.06203461
2.350	-0.450	0.000	17.15623856
2.450	-0.450	0.000	17.16613197
-2.450	-0.350	0.000	18.57674789
-2.350	-0.350	0.000	17.99110031
-2.250	-0.350	0.000	18.06942749
-2.150	-0.350	0.000	18.43866730
-2.050	-0.350	0.000	18.22957039
-1.950	-0.350	0.000	18.33992577
-1.850	-0.350	0.000	18.15536118
-1.750	-0.350	0.000	18.12163925
-1.650	-0.350	0.000	18.18133926
-1.550	-0.350	0.000	18.18362045
-1.450	-0.350	0.000	18.11245346
-1.350	-0.350	0.000	17.93743515
-1.250	-0.350	0.000	17.63206863
-1.150	-0.350	0.000	17.26477432
-1.050	-0.350	0.000	16.89959335
-0.950	-0.350	0.000	16.55311966
-0.850	-0.350	0.000	16.24132919
-0.750	-0.350	0.000	15.91082191
-0.650	-0.350	0.000	15.60480881
-0.550	-0.350	0.000	15.33862114
-0.450	-0.350	0.000	15.25467968
-0.350	-0.350	0.000	15.27107334
-0.250	-0.350	0.000	15.42483711
-0.150	-0.350	0.000	15.61315536
-0.050	-0.350	0.000	15.81551743
0.050	-0.350	0.000	15.95062637
0.150	-0.350	0.000	16.03837204
0.250	-0.350	0.000	15.97012329
0.350	-0.350	0.000	15.90503502
0.450	-0.350	0.000	15.87257004
0.550	-0.350	0.000	15.93040085
0.650	-0.350	0.000	16.08123207
0.750	-0.350	0.000	16.25817680
0.850	-0.350	0.000	16.41641235
0.950	-0.350	0.000	16.54570770
1.050	-0.350	0.000	16.62700462
1.150	-0.350	0.000	16.70463943
1.250	-0.350	0.000	16.74876785
1.350	-0.350	0.000	16.76757812
1.450	-0.350	0.000	16.78390121
1.550	-0.350	0.000	16.81695938
1.650	-0.350	0.000	16.86938477
1.750	-0.350	0.000	16.87436676
1.850	-0.350	0.000	16.90882874
1.950	-0.350	0.000	16.86973190
2.050	-0.350	0.000	16.97806168
2.150	-0.350	0.000	17.08066559
2.250	-0.350	0.000	17.15145874
2.350	-0.350	0.000	17.24008560
2.450	-0.350	0.000	17.19656944
-2.450	-0.250	0.000	18.34024239
-2.350	-0.250	0.000	17.65159225
-2.250	-0.250	0.000	17.81632614
-2.150	-0.250	0.000	18.17407227
-2.050	-0.250	0.000	18.03654861
-1.950	-0.250	0.000	18.16832352
-1.850	-0.250	0.000	17.92593002
-1.750	-0.250	0.000	17.84265518
-1.650	-0.250	0.000	17.85539055
-1.550	-0.250	0.000	17.80029106
-1.450	-0.250	0.000	17.71496010
-1.350	-0.250	0.000	17.53530502
-1.250	-0.250	0.000	17.23958588
-1.150	-0.250	0.000	16.87473679
-1.050	-0.250	0.000	16.51691818
-0.950	-0.250	0.000	16.19074631
-0.850	-0.250	0.000	15.90921783
-0.750	-0.250	0.000	15.61630058
-0.650	-0.250	0.000	15.34651566
-0.550	-0.250	0.000	15.12884712
-0.450	-0.250	0.000	15.08421040
-0.350	-0.250	0.000	15.12185955
-0.250	-0.250	0.000	15.29440498
-0.150	-0.250	0.000	15.50495911
-0.050	-0.250	0.000	15.72417450
0.050	-0.250	0.000	15.86002350
0.150	-0.250	0.000	15.94002533
0.250	-0.250	0.000	15.87214661
0.350	-0.250	0.000	15.78531075
0.450	-0.250	0.000	15.74522400
0.550	-0.250	0.000	15.80176163
0.650	-0.250	0.000	15.96691132
0.750	-0.250	0.000	16.15362930
0.850	-0.250	0.000	16.32868576
0.950	-0.250	0.000	16.47320938
1.050	-0.250	0.000	16.59048462
1.150	-0.250	0.000	16.71245956
1.250	-0.250	0.000	16.79466438
1.350	-0.250	0.000	16.84669876
1.450	-0.250	0.000	16.88098335
1.550	-0.250	0.000	16.92671204
1.650	-0.250	0.000	16.99060249
1.750	-0.250	0.000	17.00258636
1.850	-0.250	0.000	17.02099800
1.950	-0.250	0.000	16.94808960
2.050	-0.250	0.000	17.01043320
2.150	-0.250	0.000	17.05008888
2.250	-0.250	0.000	17.13204765
2.350	-0.250	0.000	17.18688583
2.450	-0.250	0.000	17.11380386
-2.450	-0.150	0.000	18.01753616
-2.350	-0.150	0.000	17.26218796
-2.250	-0.150	0.000	17.48936844
-2.150	-0.150	0.000	17.82841682
-2.050	-0.150	0.000	17.78577614
-1.950	-0.150	0.000	17.95542526
-1.850	-0.150	0.000	17.65583038
-1.750	-0.150	0.000	17.58154678
-1.650	-0.150	0.000	17.50001144
-1.550	-0.150	0.000	17.42442322
-1.450	-0.150	0.000	17.30946732
-1.350	-0.150	0.000	17.13518906
-1.250	-0.150	0.000	16.87060928
-1.150	-0.150	0.000	16.52388382
-1.050	-0.150	0.000	16.17998505
-0.950	-0.150	0.000	15.88238144
-0.850	-0.150	0.000	15.64171410
-0.750	-0.150	0.000	15.40542507
-0.650	-0.150	0.000	15.19984627
-0.550	-0.150	0.000	15.05563164
-0.450	-0.150	0.000	15.06940651
-0.350	-0.150	0.000	15.13652229
-0.250	-0.150	0.000	15.31113434
-0.150	-0.150	0.000	15.50239563
-0.050	-0.150	0.000	15.69344330
0.050	-0.150	0.000	15.79464531
0.150	-0.150	0.000	15.86229897
0.250	-0.150	0.000	15.80420303
0.350	-0.150	0.000	15.70317459
0.450	-0.150	0.000	15.66069984
0.550	-0.150	0.000	15.72319984
0.650	-0.150	0.000	15.89042664
0.750	-0.150	0.000	16.08369064
0.850	-0.150	0.000	16.26858521
0.950	-0.150	0.000	16.40384483
1.050	-0.150	0.000	16.54144669
1.150	-0.150	0.000	16.68527222
1.250	-0.150	0.000	16.80492210
1.350	-0.150	0.000	16.90309143
1.450	-0.150	0.000	16.97911835
1.550	-0.150	0.000	17.05108070
1.650	-0.150	0.000	17.12635231
1.750	-0.150	0.000	17.13282013
1.850	-0.150	0.000	17.15948486
1.950	-0.150	0.000	17.09053040
2.050	-0.150	0.000	17.14678764
2.150	-0.150	0.000	17.18635368
2.250	-0.150	0.000	17.26793671
2.350	-0.150	0.000	17.29609680
2.450	-0.150	0.000	17.31037140
-2.450	-0.050	0.000	17.64314651
-2.350	-0.050	0.000	16.84955215
-2.250	-0.050	0.000	17.11737823
-2.150	-0.050	0.000	17.44019508
-2.050	-0.050	0.000	17.49199295
-1.950	-0.050	0.000	17.69478226
-1.850	-0.050	0.000	17.40243530
-1.750	-0.050	0.000	17.30184937
-1.650	-0.050	0.000	17.18825531
-1.550	-0.050	0.000	17.06250000
-1.450	-0.050	0.000	16.94573593
-1.350	-0.050	0.000	16.77904892
-1.250	-0.050	0.000	16.52959251
-1.150	-0.050	0.000	16.20322418
-1.050	-0.050	0.000	15.87254715
-0.950	-0.050	0.000	15.59643745
-0.850	-0.050	0.000	15.38498592
-0.750	-0.050	0.000	15.19278431
-0.650	-0.050	0.000	15.03444099
-0.550	-0.050	0.000	14.92913055
-0.450	-0.050	0.000	14.95758247
-0.350	-0.050	0.000	15.03549576
-0.250	-0.050	0.000	15.20372581
-0.150	-0.050	0.000	15.38197327
-0.050	-0.050	0.000	15.56728172
0.050	-0.050	0.000	15.65791512
0.150	-0.050	0.000	15.72718048
0.250	-0.050	0.000	15.68532753
0.350	-0.050	0.000	15.59659767
0.450	-0.050	0.000	15.55393219
0.550	-0.050	0.000	15.60727882
0.650	-0.050	0.000	15.76157761
0.750	-0.050	0.000	15.95365524
0.850	-0.050	0.000	16.14063454
0.950	-0.050	0.000	16.30250549
1.050	-0.050	0.000	16.45726204
1.150	-0.050	0.000	16.61605835
1.250	-0.050	0.000	16.76261711
1.350	-0.050	0.000	16.89645004
1.450	-0.050	0.000	17.00686646
1.550	-0.050	0.000	17.10099220
1.650	-0.050	0.000	17.17521667
1.750	-0.050	0.000	17.15529060
1.850	-0.050	0.000	17.15999413
1.950	-0.050	0.000	17.08508682
2.050	-0.050	0.000	17.12219238
2.150	-0.050	0.000	17.14891815
2.250	-0.050	0.000	17.21408463
2.350	-0.050	0.000	17.22767258
2.450	-0.050	0.000	17.24876785
-2.450	0.050	0.000	17.25807190
-2.350	0.050	0.000	16.43976593
-2.250	0.050	0.000	16.72680855
-2.150	0.050	0.000	17.03366852
-2.050	0.050	0.000	17.18390083
-1.950	0.050	0.000	17.42602348
-1.850	0.050	0.000	17.19413948
-1.750	0.050	0.000	17.08892059
-1.650	0.050	0.000	16.92552376
-1.550	0.050	0.000	16.78441620
-1.450	0.050	0.000	16.68531799
-1.350	0.050	0.000	16.55250549
-1.250	0.050	0.000	16.36447144
-1.150	0.050	0.000	16.11128235
-1.050	0.050	0.000	15.85949326
-0.950	0.050	0.000	15.64618683
-0.850	0.050	0.000	15.48491096
-0.750	0.050	0.000	15.32981110
-0.650	0.050	0.000	15.19144440
-0.550	0.050	0.000	15.08148193
-0.450	0.050	0.000	15.08387470
-0.350	0.050	0.000	15.11644363
-0.250	0.050	0.000	15.23894691
-0.150	0.050	0.000	15.37006187
-0.050	0.050	0.000	15.52521706
0.050	0.050	0.000	15.59971428
0.150	0.050	0.000	15.66689873
0.250	0.050	0.000	15.61795616
0.350	0.050	0.000	15.51450157
0.450	0.050	0.000	15.45409584
0.550	0.050	0.000	15.48975563
0.650	0.050	0.000	15.63521957
0.750	0.050	0.000	15.82100296
0.850	0.050	0.000	15.98801804
0.950	0.050	0.000	16.14732742
1.050	0.050	0.000	16.28528023
1.150	0.050	0.000	16.45064545
1.250	0.050	0.000	16.62771988
1.350	0.050	0.000	16.80260849
1.450	0.050	0.000	16.93783188
1.550	0.050	0.000	17.02856064
1.650	0.050	0.000	17.09612083
1.750	0.050	0.000	17.07578278
1.850	0.050	0.000	17.09617233
1.950	0.050	0.000	17.04063797
2.050	0.050	0.000	17.07097244
2.150	0.050	0.000	17.11387444
2.250	0.050	0.000	17.23292160
2.350	0.050	0.000	17.26247406
2.450	0.050	0.000	17.37191963
-2.450	0.150	0.000	16.91936493
-2.350	0.150	0.000	16.09354591
-2.250	0.150	0.000	16.38984680
-2.150	0.150	0.000	16.66980934
-2.050	0.150	0.000	16.90237045
-1.950	0.150	0.000	17.19466209
-1.850	0.150	0.000	17.06394386
-1.750	0.150	0.000	16.96743011
-1.650	0.150	0.000	16.77711105
-1.550	0.150	0.000	16.61501122
-1.450	0.150	0.000	16.51206207
-1.350	0.150	0.000	16.40074348
-1.250	0.150	0.000	16.24777985
-1.150	0.150	0.000	16.03769684
-1.050	0.150	0.000	15.80816650
-0.950	0.150	0.000	15.60825348
-0.850	0.150	0.000	15.47510147
-0.750	0.150	0.000	15.36353302
-0.650	0.150	0.000	15.26529503
-0.550	0.150	0.000	15.16884041
-0.450	0.150	0.000	15.15756607
-0.350	0.150	0.000	15.14724541
-0.250	0.150	0.000	15.22570419
-0.150	0.150	0.000	15.31001282
-0.050	0.150	0.000	15.43392944
0.050	0.150	0.000	15.52179146
0.150	0.150	0.000	15.57448006
0.250	0.150	0.000	15.52240372
0.350	0.150	0.000	15.40660286
0.450	0.150	0.000	15.31487656
0.550	0.150	0.000	15.32743931
0.650	0.150	0.000	15.43509293
0.750	0.150	0.000	15.61348915
0.850	0.150	0.000	15.78087234
0.950	0.150	0.000	15.94864845
1.050	0.150	0.000	16.08368683
1.150	0.150	0.000	16.24259186
1.250	0.150	0.000	16.41757202
1.350	0.150	0.000	16.60450363
1.450	0.150	0.000	16.77045250
1.550	0.150	0.000	16.89887238
1.650	0.150	0.000	16.98991013
1.750	0.150	0.000	16.98531342
1.850	0.150	0.000	17.00507927
1.950	0.150	0.000	16.96492386
2.050	0.150	0.000	17.01251793
2.150	0.150	0.000	17.05325890
2.250	0.150	0.000	17.13919067
2.350	0.150	0.000	17.17129135
2.450	0.150	0.000	17.32365799
-2.450	0.250	0.000	16.71065521
-2.350	0.250	0.000	15.85917664
-2.250	0.250	0.000	16.13909912
-2.150	0.250	0.000	16.40126038
-2.050	0.250	0.000	16.70685196
-1.950	0.250	0.000	17.05887985
-1.850	0.250	0.000	17.06887817
-1.750	0.250	0.000	17.00627518
-1.650	0.250	0.000	16.80494690
-1.550	0.250	0.000	16.63562393
-1.450	0.250	0.000	16.52886963
-1.350	0.250	0.000	16.44536972
-1.250	0.250	0.000	16.35430527
-1.150	0.250	0.000	16.24104691
-1.050	0.250	0.000	16.10364151
-0.950	0.250	0.000	15.94994164
-0.850	0.250	0.000	15.81615829
-0.750	0.250	0.000	15.67916870
-0.650	0.250	0.000	15.52990723
-0.550	0.250	0.000	15.35580921
-0.450	0.250	0.000	15.27137756
-0.350	0.250	0.000	15.17797470
-0.250	0.250	0.000	15.20480728
-0.150	0.250	0.000	15.27392769
-0.050	0.250	0.000	15.40070343
0.050	0.250	0.000	15.52101135
0.150	0.250	0.000	15.55648422
0.250	0.250	0.000	15.49065590
0.350	0.250	0.000	15.33583069
0.450	0.250	0.000	15.19941521
0.550	0.250	0.000	15.17279816
0.650	0.250	0.000	15.25204849
0.750	0.250	0.000	15.41965866
0.850	0.250	0.000	15.59243393
0.950	0.250	0.000	15.77007675
1.050	0.250	0.000	15.89865494
1.150	0.250	0.000	16.03062248
1.250	0.250	0.000	16.18135452
1.350	0.250	0.000	16.36708069
1.450	0.250	0.000	16.55409241
1.550	0.250	0.000	16.70975876
1.650	0.250	0.000	16.83752441
1.750	0.250	0.000	16.86534119
1.850	0.250	0.000	16.89871979
1.950	0.250	0.000	16.88511658
2.050	0.250	0.000	16.96226883
2.150	0.250	0.000	17.05264282
2.250	0.250	0.000	17.18608284
2.350	0.250	0.000	17.24950790
2.450	0.250	0.000	17.45670319
-2.450	0.350	0.000	16.57743454
-2.350	0.350	0.000	15.74979019
-2.250	0.350	0.000	15.99035645
-2.150	0.350	0.000	16.20064926
-2.050	0.350	0.000	16.54274940
-1.950	0.350	0.000	16.94322205
-1.850	0.350	0.000	17.11048889
-1.750	0.350	0.000	17.09907150
-1.650	0.350	0.000	16.91975021
-1.550	0.350	0.000	16.77487755
-1.450	0.350	0.000	16.65953636
-1.350	0.350	0.000	16.59480286
-1.250	0.350	0.000	16.58211708
-1.150	0.350	0.000	16.56724930
-1.050	0.350	0.000	16.52640533
-0.950	0.350	0.000	16.44037437
-0.850	0.350	0.000	16.31753540
-0.750	0.350	0.000	16.14171600
-0.650	0.350	0.000	15.91800308
-0.550	0.350	0.000	15.66612244
-0.450	0.350	0.000	15.49368477
-0.350	0.350	0.000	15.34210587
-0.250	0.350	0.000	15.31116867
-0.150	0.350	0.000	15.33519554
-0.050	0.350	0.000	15.41050339
0.050	0.350	0.000	15.48666382
0.150	0.350	0.000	15.47507286
0.250	0.350	0.000	15.38642025
0.350	0.350	0.000	15.20391750
0.450	0.350	0.000	15.03936577
0.550	0.350	0.000	14.98516083
0.650	0.350	0.000	15.04793358
0.750	0.350	0.000	15.20425224
0.850	0.350	0.000	15.38729286
0.950	0.350	0.000	15.54985619
1.050	0.350	0.000	15.68678093
1.150	0.350	0.000	15.81299782
1.250	0.350	0.000	15.94983482
1.350	0.350	0.000	16.11273956
1.450	0.350	0.000	16.28732491
1.550	0.350	0.000	16.44478607
1.650	0.350	0.000	16.58863449
1.750	0.350	0.000	16.66269302
1.850	0.350	0.000	16.73328972
1.950	0.350	0.000	16.77620316
2.050	0.350	0.000	16.87992477
2.150	0.350	0.000	16.98672485
2.250	0.350	0.000	17.13679123
2.350	0.350	0.000	17.22528458
2.450	0.350	0.000	17.52937508
-2.450	0.450	0.000	16.66950607
-2.350	0.450	0.000	15.84742355
-2.250	0.450	0.000	16.03649902
-2.150	0.450	0.000	16.22865105
-2.050	0.450	0.000	16.60117722
-1.950	0.450	0.000	17.04271317
-1.850	0.450	0.000	17.35062027
-1.750	0.450	0.000	17.43821144
-1.650	0.450	0.000	17.32441330
-1.550	0.450	0.000	17.17673492
-1.450	0.450	0.000	17.00458717
-1.350	0.450	0.000	16.93074799
-1.250	0.450	0.000	16.93507004
-1.150	0.450	0.000	16.95219803
-1.050	0.450	0.000	16.92967987
-0.950	0.450	0.000	16.82826233
-0.850	0.450	0.000	16.62733078
-0.750	0.450	0.000	16.34403038
-0.650	0.450	0.000	16.03423309
-0.550	0.450	0.000	15.75052643
-0.450	0.450	0.000	15.55229378
-0.350	0.450	0.000	15.40732956
-0.250	0.450	0.000	15.37446213
-0.150	0.450	0.000	15.38975525
-0.050	0.450	0.000	15.43559456
0.050	0.450	0.000	15.48178291
0.150	0.450	0.000	15.43491936
0.250	0.450	0.000	15.32962036
0.350	0.450	0.000	15.14307976
0.450	0.450	0.000	14.98787403
0.550	0.450	0.000	14.94437218
0.650	0.450	0.000	14.99204445
0.750	0.450	0.000	15.13241577
0.850	0.450	0.000	15.31473732
0.950	0.450	0.000	15.49423599
1.050	0.450	0.000	15.63741875
1.150	0.450	0.000	15.76476288
1.250	0.450	0.000	15.88998222
1.350	0.450	0.000	16.03259850
1.450	0.450	0.000	16.17105103
1.550	0.450	0.000	16.29678535
1.650	0.450	0.000	16.43280792
1.750	0.450	0.000	16.52630997
1.850	0.450	0.000	16.63124084
1.950	0.450	0.000	16.71986008
2.050	0.450	0.000	16.83184814
2.150	0.450	0.000	16.94351196
2.250	0.450	0.000	17.09599495
2.350	0.450	0.000	17.18859863
2.450	0.450	0.000	17.57422066
-2.450	0.550	0.000	16.81089020
-2.350	0.550	0.000	16.00234795
-2.250	0.550	0.000	16.10948181
-2.150	0.550	0.000	16.26952362
-2.050	0.550	0.000	16.57748032
-1.950	0.550	0.000	17.08152008
-1.850	0.550	0.000	17.44943237
-1.750	0.550	0.000	17.69702530
-1.650	0.550	0.000	17.70227242
-1.550	0.550	0.000	17.62767410
-1.450	0.550	0.000	17.51840401
-1.350	0.550	0.000	17.43457794
-1.250	0.550	0.000	17.41541481
-1.150	0.550	0.000	17.43028069
-1.050	0.550	0.000	17.40194321
-0.950	0.550	0.000	17.26636124
-0.850	0.550	0.000	16.97956848
-0.750	0.550	0.000	16.58671761
-0.650	0.550	0.000	16.19140625
-0.550	0.550	0.000	15.85796738
-0.450	0.550	0.000	15.65735626
-0.350	0.550	0.000	15.50819206
-0.250	0.550	0.000	15.46824265
-0.150	0.550	0.000	15.46633339
-0.050	0.550	0.000	15.47525024
0.050	0.550	0.000	15.47170639
0.150	0.550	0.000	15.40920544
0.250	0.550	0.000	15.31314468
0.350	0.550	0.000	15.14260101
0.450	0.550	0.000	14.98525238
0.550	0.550	0.000	14.91740322
0.650	0.550	0.000	14.95333290
0.750	0.550	0.000	15.08016014
0.850	0.550	0.000	15.27036285
0.950	0.550	0.000	15.43612099
1.050	0.550	0.000	15.57127380
1.150	0.550	0.000	15.66647530
1.250	0.550	0.000	15.75311470
1.350	0.550	0.000	15.86496162
1.450	0.550	0.000	15.98578262
1.550	0.550	0.000	16.09587860
1.650	0.550	0.000	16.22177124
1.750	0.550	0.000	16.33374596
1.850	0.550	0.000	16.46611214
1.950	0.550	0.000	16.60251617
2.050	0.550	0.000	16.75257111
2.150	0.550	0.000	16.92143822
2.250	0.550	0.000	17.09794998
2.350	0.550	0.000	17.22613144
2.450	0.550	0.000	17.70912933
-2.450	0.650	0.000	16.87855339
-2.350	0.650	0.000	16.10498428
-2.250	0.650	0.000	16.15079498
-2.150	0.650	0.000	16.27828026
-2.050	0.650	0.000	16.50757217
-1.950	0.650	0.000	17.03930283
-1.850	0.650	0.000	17.41858292
-1.750	0.650	0.000	17.82481766
-1.650	0.650	0.000	17.96127701
-1.550	0.650	0.000	17.92951584
-1.450	0.650	0.000	17.85062790
-1.350	0.650	0.000	17.75699615
-1.250	0.650	0.000	17.70306015
-1.150	0.650	0.000	17.66582489
-1.050	0.650	0.000	17.56486320
-0.950	0.650	0.000	17.35578728
-0.850	0.650	0.000	17.03689384
-0.750	0.650	0.000	16.64756012
-0.650	0.650	0.000	16.25861549
-0.550	0.650	0.000	15.93152618
-0.450	0.650	0.000	15.71629715
-0.350	0.650	0.000	15.56157303
-0.250	0.650	0.000	15.49175644
-0.150	0.650	0.000	15.45068741
-0.050	0.650	0.000	15.42969894
0.050	0.650	0.000	15.41938210
0.150	0.650	0.000	15.38304043
0.250	0.650	0.000	15.31092834
0.350	0.650	0.000	15.17041397
0.450	0.650	0.000	15.03123856
0.550	0.650	0.000	14.96019363
0.650	0.650	0.000	14.97753906
0.750	0.650	0.000	15.09477997
0.850	0.650	0.000	15.27974701
0.950	0.650	0.000	15.46743774
1.050	0.650	0.000	15.62302780
1.150	0.650	0.000	15.73608017
1.250	0.650	0.000	15.80797577
1.350	0.650	0.000	15.88777351
1.450	0.650	0.000	15.97727203
1.550	0.650	0.000	16.06172562
1.650	0.650	0.000	16.16990280
1.750	0.650	0.000	16.27716827
1.850	0.650	0.000	16.40778542
1.950	0.650	0.000	16.54926300
2.050	0.650	0.000	16.70228195
2.150	0.650	0.000	16.90888596
2.250	0.650	0.000	17.11278915
2.350	0.650	0.000	17.28207397
2.450	0.650	0.000	17.78157425
-2.450	0.750	0.000	16.69573975
-2.350	0.750	0.000	15.97891808
-2.250	0.750	0.000	15.98920059
-2.150	0.750	0.000	16.09761047
-2.050	0.750	0.000	16.30826950
-1.950	0.750	0.000	16.84187317
-1.850	0.750	0.000	17.29607010
-1.750	0.750	0.000	17.77645874
-1.650	0.750	0.000	18.07699966
-1.550	0.750	0.000	18.14445686
-1.450	0.750	0.000	18.11562729
-1.350	0.750	0.000	17.99012756
-1.250	0.750	0.000	17.88044548
-1.150	0.750	0.000	17.81195068
-1.050	0.750	0.000	17.69117355
-0.950	0.750	0.000	17.48090553
-0.850	0.750	0.000	17.15182114
-0.750	0.750	0.000	16.74098206
-0.650	0.750	0.000	16.34017944
-0.550	0.750	0.000	16.02895927
-0.450	0.750	0.000	15.83362579
-0.350	0.750	0.000	15.68018723
-0.250	0.750	0.000	15.57947922
-0.150	0.750	0.000	15.48261642
-0.050	0.750	0.000	15.40976906
0.050	0.750	0.000	15.37467766
0.150	0.750	0.000	15.35657215
0.250	0.750	0.000	15.32492828
0.350	0.750	0.000	15.26152325
0.450	0.750	0.000	15.18195629
0.550	0.750	0.000	15.12393379
0.650	0.750	0.000	15.12392998
0.750	0.750	0.000	15.21993923
0.850	0.750	0.000	15.37882614
0.950	0.750	0.000	15.54668999
1.050	0.750	0.000	15.67972565
1.150	0.750	0.000	15.76360321
1.250	0.750	0.000	15.81052017
1.350	0.750	0.000	15.86170578
1.450	0.750	0.000	15.91838074
1.550	0.750	0.000	15.95269775
1.650	0.750	0.000	16.00594330
1.750	0.750	0.000	16.08117294
1.850	0.750	0.000	16.19857025
1.950	0.750	0.000	16.35865784
2.050	0.750	0.000	16.55411339
2.150	0.750	0.000	16.83303833
2.250	0.750	0.000	17.10966110
2.350	0.750	0.000	17.38137817
2.450	0.750	0.000	17.91641235
-2.450	0.850	0.000	16.50805283
-2.350	0.850	0.000	15.80968285
-2.250	0.850	0.000	15.76647186
-2.150	0.850	0.000	15.82645035
-2.050	0.850	0.000	16.00968933
-1.950	0.850	0.000	16.48284340
-1.850	0.850	0.000	16.93863487
-1.750	0.850	0.000	17.51172638
-1.650	0.850	0.000	17.96043396
-1.550	0.850	0.000	18.20918274
-1.450	0.850	0.000	18.22349167
-1.350	0.850	0.000	18.07782745
-1.250	0.850	0.000	17.88090515
-1.150	0.850	0.000	17.72223854
-1.050	0.850	0.000	17.59289169
-0.950	0.850	0.000	17.46963120
-0.850	0.850	0.000	17.24742317
-0.750	0.850	0.000	16.90791702
-0.650	0.850	0.000	16.48255730
-0.550	0.850	0.000	16.12556839
-0.450	0.850	0.000	15.87577820
-0.350	0.850	0.000	15.68167496
-0.250	0.850	0.000	15.53317833
-0.150	0.850	0.000	15.42343903
-0.050	0.850	0.000	15.35737038
0.050	0.850	0.000	15.33037376
0.150	0.850	0.000	15.32651806
0.250	0.850	0.000	15.31543064
0.350	0.850	0.000	15.26037216
0.450	0.850	0.000	15.20797920
0.550	0.850	0.000	15.19146729
0.650	0.850	0.000	15.22443199
0.750	0.850	0.000	15.34147644
0.850	0.850	0.000	15.49500084
0.950	0.850	0.000	15.66212082
1.050	0.850	0.000	15.79264641
1.150	0.850	0.000	15.87826729
1.250	0.850	0.000	15.92990494
1.350	0.850	0.000	15.97892952
1.450	0.850	0.000	16.03143692
1.550	0.850	0.000	16.05539322
1.650	0.850	0.000	16.09186554
1.750	0.850	0.000	16.13497734
1.850	0.850	0.000	16.21511269
1.950	0.850	0.000	16.34090424
2.050	0.850	0.000	16.51287842
2.150	0.850	0.000	16.78282928
2.250	0.850	0.000	17.02320099
2.350	0.850	0.000	17.31699181
2.450	0.850	0.000	17.72846603
-2.450	0.950	0.000	16.25096130
-2.350	0.950	0.000	15.57099533
-2.250	0.950	0.000	15.49911690
-2.150	0.950	0.000	15.53537941
-2.050	0.950	0.000	15.69747734
-1.950	0.950	0.000	16.10167122
-1.850	0.950	0.000	16.54108047
-1.750	0.950	0.000	17.13040161
-1.650	0.950	0.000	17.70970345
-1.550	0.950	0.000	18.09582138
-1.450	0.950	0.000	18.19735718
-1.350	0.950	0.000	18.06565475
-1.250	0.950	0.000	17.81995392
-1.150	0.950	0.000	17.58087158
-1.050	0.950	0.000	17.42580414
-0.950	0.950	0.000	17.31711960
-0.850	0.950	0.000	17.17270660
-0.750	0.950	0.000	16.94130516
-0.650	0.950	0.000	16.62715149
-0.550	0.950	0.000	16.29373741
-0.450	0.950	0.000	16.02043724
-0.350	0.950	0.000	15.73950577
-0.250	0.950	0.000	15.52354431
-0.150	0.950	0.000	15.36146069
-0.050	0.950	0.000	15.26022625
0.050	0.950	0.000	15.21101379
0.150	0.950	0.000	15.21680260
0.250	0.950	0.000	15.21519852
0.350	0.950	0.000	15.18189621
0.450	0.950	0.000	15.14248657
0.550	0.950	0.000	15.12815857
0.650	0.950	0.000	15.17333984
0.750	0.950	0.000	15.29629040
0.850	0.950	0.000	15.47680855
0.950	0.950	0.000	15.67760086
1.050	0.950	0.000	15.85795975
1.150	0.950	0.000	15.96762085
1.250	0.950	0.000	16.01741409
1.350	0.950	0.000	16.05860710
1.450	0.950	0.000	16.12103271
1.550	0.950	0.000	16.15709686
1.650	0.950	0.000	16.18006706
1.750	0.950	0.000	16.18476868
1.850	0.950	0.000	16.19424057
1.950	0.950	0.000	16.24368858
2.050	0.950	0.000	16.35624504
2.150	0.950	0.000	16.61061478
2.250	0.950	0.000	16.87189102
2.350	0.950	0.000	17.22640991
2.450	0.950	0.000	17.68007851
-2.450	1.050	0.000	16.01472855
-2.350	1.050	0.000	15.28808212
-2.250	1.050	0.000	15.16870403
-2.150	1.050	0.000	15.19044304
-2.050	1.050	0.000	15.32377243
-1.950	1.050	0.000	15.67396736
-1.850	1.050	0.000	16.10352707
-1.750	1.050	0.000	16.69515991
-1.650	1.050	0.000	17.34472656
-1.550	1.050	0.000	17.92428017
-1.450	1.050	0.000	18.22408295
-1.350	1.050	0.000	18.20048904
-1.250	1.050	0.000	17.92083740
-1.150	1.050	0.000	17.62562752
-1.050	1.050	0.000	17.41572189
-0.950	1.050	0.000	17.30356598
-0.850	1.050	0.000	17.23381424
-0.750	1.050	0.000	17.12595749
-0.650	1.050	0.000	16.91132736
-0.550	1.050	0.000	16.57834244
-0.450	1.050	0.000	16.24738693
-0.350	1.050	0.000	15.92951202
-0.250	1.050	0.000	15.67468834
-0.150	1.050	0.000	15.45870209
-0.050	1.050	0.000	15.29707336
0.050	1.050	0.000	15.19559097
0.150	1.050	0.000	15.16129684
0.250	1.050	0.000	15.15183449
0.350	1.050	0.000	15.15387726
0.450	1.050	0.000	15.17850113
0.550	1.050	0.000	15.22559738
0.650	1.050	0.000	15.30470848
0.750	1.050	0.000	15.42873764
0.850	1.050	0.000	15.60227585
0.950	1.050	0.000	15.78598404
1.050	1.050	0.000	15.95640564
1.150	1.050	0.000	16.08677292
1.250	1.050	0.000	16.17218781
1.350	1.050	0.000	16.22951126
1.450	1.050	0.000	16.27663040
1.550	1.050	0.000	16.31695366
1.650	1.050	0.000	16.38400078
1.750	1.050	0.000	16.41277504
1.850	1.050	0.000	16.44879150
1.950	1.050	0.000	16.53002167
2.050	1.050	0.000	16.65494728
2.150	1.050	0.000	16.84077072
2.250	1.050	0.000	16.97567940
2.350	1.050	0.000	17.20746613
2.450	1.050	0.000	17.50610161
-2.450	1.150	0.000	15.90146637
-2.350	1.150	0.000	15.13802433
-2.250	1.150	0.000	14.97834206
-2.150	1.150	0.000	14.97843552
-2.050	1.150	0.000	15.08864594
-1.950	1.150	0.000	15.37966728
-1.850	1.150	0.000	15.81964111
-1.750	1.150	0.000	16.35479164
-1.650	1.150	0.000	17.01597595
-1.550	1.150	0.000	17.65117264
-1.450	1.150	0.000	18.11688614
-1.350	1.150	0.000	18.24154663
-1.250	1.150	0.000	18.12971878
-1.150	1.150	0.000	17.84321785
-1.050	1.150	0.000	17.58126831
-0.950	1.150	0.000	17.43738556
-0.850	1.150	0.000	17.41654587
-0.750	1.150	0.000	17.34307671
-0.650	1.150	0.000	17.20726967
-0.550	1.150	0.000	16.92521286
-0.450	1.150	0.000	16.53454971
-0.350	1.150	0.000	16.14066124
-0.250	1.150	0.000	15.80218697
-0.150	1.150	0.000	15.53465271
-0.050	1.150	0.000	15.33348274
0.050	1.150	0.000	15.19031906
0.150	1.150	0.000	15.11294746
0.250	1.150	0.000	15.06452560
0.350	1.150	0.000	15.04019356
0.450	1.150	0.000	15.04424953
0.550	1.150	0.000	15.08936882
0.650	1.150	0.000	15.19352722
0.750	1.150	0.000	15.35215950
0.850	1.150	0.000	15.55443573
0.950	1.150	0.000	15.75992393
1.050	1.150	0.000	15.93641853
1.150	1.150	0.000	16.07006836
1.250	1.150	0.000	16.16335487
1.350	1.150	0.000	16.23856354
1.450	1.150	0.000	16.32433701
1.550	1.150	0.000	16.41264343
1.650	1.150	0.000	16.52671051
1.750	1.150	0.000	16.59599686
1.850	1.150	0.000	16.65305328
1.950	1.150	0.000	16.70073318
2.050	1.150	0.000	16.77287292
2.150	1.150	0.000	16.90898895
2.250	1.150	0.000	17.00921822
2.350	1.150	0.000	17.15942001
2.450	1.150	0.000	17.47932816
-2.450	1.250	0.000	15.86260986
-2.350	1.250	0.000	15.08232975
-2.250	1.250	0.000	14.91685009
-2.150	1.250	0.000	14.91228580
-2.050	1.250	0.000	14.99891186
-1.950	1.250	0.000	15.27206421
-1.850	1.250	0.000	15.65899849
-1.750	1.250	0.000	16.12941742
-1.650	1.250	0.000	16.73508072
-1.550	1.250	0.000	17.40975380
-1.450	1.250	0.000	18.03818703
-1.350	1.250	0.000	18.36309052
-1.250	1.250	0.000	18.42520142
-1.150	1.250	0.000	18.22165108
-1.050	1.250	0.000	17.94052696
-0.950	1.250	0.000	17.65078163
-0.850	1.250	0.000	17.43918228
-0.750	1.250	0.000	17.26083755
-0.650	1.250	0.000	17.09382629
-0.550	1.250	0.000	16.93575859
-0.450	1.250	0.000	16.68114471
-0.350	1.250	0.000	16.38083267
-0.250	1.250	0.000	16.09915352
-0.150	1.250	0.000	15.81061745
-0.050	1.250	0.000	15.56170654
0.050	1.250	0.000	15.38517666
0.150	1.250	0.000	15.30420113
0.250	1.250	0.000	15.26009941
0.350	1.250	0.000	15.24633789
0.450	1.250	0.000	15.25970650
0.550	1.250	0.000	15.30899715
0.650	1.250	0.000	15.40534401
0.750	1.250	0.000	15.54802513
0.850	1.250	0.000	15.71288872
0.950	1.250	0.000	15.90303230
1.050	1.250	0.000	16.09703064
1.150	1.250	0.000	16.26231194
1.250	1.250	0.000	16.37275696
1.350	1.250	0.000	16.43998337
1.450	1.250	0.000	16.48934174
1.550	1.250	0.000	16.53517914
1.650	1.250	0.000	16.64494705
1.750	1.250	0.000	16.74946976
1.850	1.250	0.000	16.88083839
1.950	1.250	0.000	16.98890877
2.050	1.250	0.000	17.09337997
2.150	1.250	0.000	17.19471741
2.250	1.250	0.000	17.24146271
2.350	1.250	0.000	17.31163788
2.450	1.250	0.000	17.38489532
-2.450	1.350	0.000	15.69206238
-2.350	1.350	0.000	14.89924145
-2.250	1.350	0.000	14.74481010
-2.150	1.350	0.000	14.76236916
-2.050	1.350	0.000	14.85781479
-1.950	1.350	0.000	15.14442730
-1.850	1.350	0.000	15.49205208
-1.750	1.350	0.000	15.94495392
-1.650	1.350	0.000	16.47324371
-1.550	1.350	0.000	17.10911751
-1.450	1.350	0.000	17.79746628
-1.350	1.350	0.000	18.35591888
-1.250	1.350	0.000	18.59430313
-1.150	1.350	0.000	18.49494553
-1.050	1.350	0.000	18.22912979
-0.950	1.350	0.000	17.97703934
-0.850	1.350	0.000	17.70951462
-0.750	1.350	0.000	17.42478943
-0.650	1.350	0.000	17.15387344
-0.550	1.350	0.000	16.92211151
-0.450	1.350	0.000	16.64570999
-0.350	1.350	0.000	16.40125465
-0.250	1.350	0.000	16.16909027
-0.150	1.350	0.000	15.94310379
-0.050	1.350	0.000	15.73311234
0.050	1.350	0.000	15.58220673
0.150	1.350	0.000	15.49529457
0.250	1.350	0.000	15.43858147
0.350	1.350	0.000	15.42795563
0.450	1.350	0.000	15.45435715
0.550	1.350	0.000	15.50732040
0.650	1.350	0.000	15.57644081
0.750	1.350	0.000	15.66857338
0.850	1.350	0.000	15.78906631
0.950	1.350	0.000	15.94161987
1.050	1.350	0.000	16.08644104
1.150	1.350	0.000	16.22764969
1.250	1.350	0.000	16.34409714
1.350	1.350	0.000	16.47927856
1.450	1.350	0.000	16.62351418
1.550	1.350	0.000	16.73640060
1.650	1.350	0.000	16.88796616
1.750	1.350	0.000	17.00605392
1.850	1.350	0.000	17.14876175
1.950	1.350	0.000	17.23809433
2.050	1.350	0.000	17.34060287
2.150	1.350	0.000	17.33556366
2.250	1.350	0.000	17.28546906
2.350	1.350	0.000	17.22861862
2.450	1.350	0.000	17.29462814
-2.450	1.450	0.000	15.69225311
-2.350	1.450	0.000	14.94808197
-2.250	1.450	0.000	14.78594780
-2.150	1.450	0.000	14.76887321
-2.050	1.450	0.000	14.81360245
-1.950	1.450	0.000	15.05199623
-1.850	1.450	0.000	15.31772041
-1.750	1.450	0.000	15.69181824
-1.650	1.450	0.000	16.11268234
-1.550	1.450	0.000	16.67515945
-1.450	1.450	0.000	17.37724304
-1.350	1.450	0.000	18.11580276
-1.250	1.450	0.000	18.67181206
-1.150	1.450	0.000	18.81993675
-1.050	1.450	0.000	18.70536804
-0.950	1.450	0.000	18.36890793
-0.850	1.450	0.000	17.99048233
-0.750	1.450	0.000	17.70376968
-0.650	1.450	0.000	17.44542313
-0.550	1.450	0.000	17.24862862
-0.450	1.450	0.000	16.96084404
-0.350	1.450	0.000	16.71471405
-0.250	1.450	0.000	16.47305679
-0.150	1.450	0.000	16.25015259
-0.050	1.450	0.000	16.04236603
0.050	1.450	0.000	15.89891815
0.150	1.450	0.000	15.82045364
0.250	1.450	0.000	15.76798439
0.350	1.450	0.000	15.75041008
0.450	1.450	0.000	15.77039719
0.550	1.450	0.000	15.84133720
0.650	1.450	0.000	15.95639610
0.750	1.450	0.000	16.11083031
0.850	1.450	0.000	16.28605270
0.950	1.450	0.000	16.44457626
1.050	1.450	0.000	16.55997467
1.150	1.450	0.000	16.67410278
1.250	1.450	0.000	16.79159355
1.350	1.450	0.000	16.87445450
1.450	1.450	0.000	16.93196869
1.550	1.450	0.000	16.97447205
1.650	1.450	0.000	17.04409027
1.750	1.450	0.000	17.06839752
1.850	1.450	0.000	17.14954185
1.950	1.450	0.000	17.22294617
2.050	1.450	0.000	17.31600571
2.150	1.450	0.000	17.33853531
2.250	1.450	0.000	17.29730225
2.350	1.450	0.000	17.33300018
2.450	1.450	0.000	17.26348495
-2.450	1.550	0.000	15.99441147
-2.350	1.550	0.000	15.26744461
-2.250	1.550	0.000	15.05724525
-2.150	1.550	0.000	14.99504375
-2.050	1.550	0.000	14.99131584
-1.950	1.550	0.000	15.14579773
-1.850	1.550	0.000	15.31941223
-1.750	1.550	0.000	15.54773521
-1.650	1.550	0.000	15.85963821
-1.550	1.550	0.000	16.26010895
-1.450	1.550	0.000	16.81427002
-1.350	1.550	0.000	17.50102615
-1.250	1.550	0.000	18.19493294
-1.150	1.550	0.000	18.62683296
-1.050	1.550	0.000	18.75662804
-0.950	1.550	0.000	18.56792831
-0.850	1.550	0.000	18.39073181
-0.750	1.550	0.000	18.17582512
-0.650	1.550	0.000	17.91392517
-0.550	1.550	0.000	17.67293549
-0.450	1.550	0.000	17.30970764
-0.350	1.550	0.000	16.95725632
-0.250	1.550	0.000	16.60315132
-0.150	1.550	0.000	16.32297134
-0.050	1.550	0.000	16.12083435
0.050	1.550	0.000	15.97991753
0.150	1.550	0.000	15.90593147
0.250	1.550	0.000	15.84753799
0.350	1.550	0.000	15.82658005
0.450	1.550	0.000	15.85675812
0.550	1.550	0.000	15.95828247
0.650	1.550	0.000	16.12965393
0.750	1.550	0.000	16.34844208
0.850	1.550	0.000	16.56685257
0.950	1.550	0.000	16.79169464
1.050	1.550	0.000	16.97479248
1.150	1.550	0.000	17.11309052
1.250	1.550	0.000	17.18763733
1.350	1.550	0.000	17.22013474
1.450	1.550	0.000	17.24045181
1.550	1.550	0.000	17.22418594
1.650	1.550	0.000	17.20837402
1.750	1.550	0.000	17.16550827
1.850	1.550	0.000	17.22649002
1.950	1.550	0.000	17.26023102
2.050	1.550	0.000	17.41009903
2.150	1.550	0.000	17.49688721
2.250	1.550	0.000	17.52812195
2.350	1.550	0.000	17.46805954
2.450	1.550	0.000	17.38520813
-2.450	1.650	0.000	16.37763977
-2.350	1.650	0.000	15.65393829
-2.250	1.650	0.000	15.41413689
-2.150	1.650	0.000	15.33864403
-2.050	1.650	0.000	15.29332924
-1.950	1.650	0.000	15.39803314
-1.850	1.650	0.000	15.52199554
-1.750	1.650	0.000	15.69889832
-1.650	1.650	0.000	15.93679047
-1.550	1.650	0.000	16.19217873
-1.450	1.650	0.000	16.56283951
-1.350	1.650	0.000	17.07550430
-1.250	1.650	0.000	17.69454193
-1.150	1.650	0.000	18.32033539
-1.050	1.650	0.000	18.77090836
-0.950	1.650	0.000	18.98224640
-0.850	1.650	0.000	18.87536621
-0.750	1.650	0.000	18.67076683
-0.650	1.650	0.000	18.36570740
-0.550	1.650	0.000	18.02833939
-0.450	1.650	0.000	17.61868668
-0.350	1.650	0.000	17.21870041
-0.250	1.650	0.000	16.85126114
-0.150	1.650	0.000	16.57769394
-0.050	1.650	0.000	16.39162445
0.050	1.650	0.000	16.26273727
0.150	1.650	0.000	16.18004608
0.250	1.650	0.000	16.11444092
0.350	1.650	0.000	16.08680725
0.450	1.650	0.000	16.11034966
0.550	1.650	0.000	16.20314598
0.650	1.650	0.000	16.37452316
0.750	1.650	0.000	16.61702919
0.850	1.650	0.000	16.89749146
0.950	1.650	0.000	17.16576004
1.050	1.650	0.000	17.37791061
1.150	1.650	0.000	17.53868675
1.250	1.650	0.000	17.64334488
1.350	1.650	0.000	17.68518448
1.450	1.650	0.000	17.66058922
1.550	1.650	0.000	17.54070282
1.650	1.650	0.000	17.42920876
1.750	1.650	0.000	17.31492996
1.850	1.650	0.000	17.24320602
1.950	1.650	0.000	17.18905830
2.050	1.650	0.000	17.20584297
2.150	1.650	0.000	17.25324631
2.250	1.650	0.000	17.29363823
2.350	1.650	0.000	17.44543076
2.450	1.650	0.000	17.41281128
-2.450	1.750	0.000	16.67003441
-2.350	1.750	0.000	15.89496803
-2.250	1.750	0.000	15.60506058
-2.150	1.750	0.000	15.51464462
-2.050	1.750	0.000	15.44400787
-1.950	1.750	0.000	15.50632668
-1.850	1.750	0.000	15.57597160
-1.750	1.750	0.000	15.68432999
-1.650	1.750	0.000	15.82999420
-1.550	1.750	0.000	15.98830032
-1.450	1.750	0.000	16.24051094
-1.350	1.750	0.000	16.61698532
-1.250	1.750	0.000	17.12152100
-1.150	1.750	0.000	17.68353271
-1.050	1.750	0.000	18.15222549
-0.950	1.750	0.000	18.51863861
-0.850	1.750	0.000	18.68104935
-0.750	1.750	0.000	18.66277695
-0.650	1.750	0.000	18.49552345
-0.550	1.750	0.000	18.16733551
-0.450	1.750	0.000	17.75719070
-0.350	1.750	0.000	17.32953262
-0.250	1.750	0.000	16.96993637
-0.150	1.750	0.000	16.68962860
-0.050	1.750	0.000	16.49422073
0.050	1.750	0.000	16.38051224
0.150	1.750	0.000	16.29071236
0.250	1.750	0.000	16.24096680
0.350	1.750	0.000	16.22679520
0.450	1.750	0.000	16.25115204
0.550	1.750	0.000	16.33255959
0.650	1.750	0.000	16.46958351
0.750	1.750	0.000	16.65328979
0.850	1.750	0.000	16.86450577
0.950	1.750	0.000	17.10736847
1.050	1.750	0.000	17.32896423
1.150	1.750	0.000	17.50003052
1.250	1.750	0.000	17.61289215
1.350	1.750	0.000	17.67082977
1.450	1.750	0.000	17.69634628
1.550	1.750	0.000	17.66345215
1.650	1.750	0.000	17.58311081
1.750	1.750	0.000	17.39491272
1.850	1.750	0.000	17.27335739
1.950	1.750	0.000	17.17903900
2.050	1.750	0.000	17.18998718
2.150	1.750	0.000	17.26709175
2.250	1.750	0.000	17.36957932
2.350	1.750	0.000	17.46460915
2.450	1.750	0.000	17.36408997
-2.450	1.850	0.000	17.17357635
-2.350	1.850	0.000	16.43677139
-2.250	1.850	0.000	16.11294174
-2.150	1.850	0.000	15.97148514
-2.050	1.850	0.000	15.83183289
-1.950	1.850	0.000	15.85896683
-1.850	1.850	0.000	15.87559509
-1.750	1.850	0.000	15.91447449
-1.650	1.850	0.000	15.99460602
-1.550	1.850	0.000	16.06848145
-1.450	1.850	0.000	16.20764542
-1.350	1.850	0.000	16.42223740
-1.250	1.850	0.000	16.73113632
-1.150	1.850	0.000	17.10997009
-1.050	1.850	0.000	17.50073433
-0.950	1.850	0.000	17.91398811
-0.850	1.850	0.000	18.23237419
-0.750	1.850	0.000	18.44840813
-0.650	1.850	0.000	18.48333931
-0.550	1.850	0.000	18.31335831
-0.450	1.850	0.000	17.99619293
-0.350	1.850	0.000	17.63555527
-0.250	1.850	0.000	17.32406425
-0.150	1.850	0.000	17.05758667
-0.050	1.850	0.000	16.83466721
0.050	1.850	0.000	16.67131042
0.150	1.850	0.000	16.53068161
0.250	1.850	0.000	16.42793465
0.350	1.850	0.000	16.34899521
0.450	1.850	0.000	16.30672073
0.550	1.850	0.000	16.33003616
0.650	1.850	0.000	16.44176865
0.750	1.850	0.000	16.63286972
0.850	1.850	0.000	16.86783981
0.950	1.850	0.000	17.11295700
1.050	1.850	0.000	17.35286331
1.150	1.850	0.000	17.53671646
1.250	1.850	0.000	17.65423584
1.350	1.850	0.000	17.68904495
1.450	1.850	0.000	17.66713715
1.550	1.850	0.000	17.57601929
1.650	1.850	0.000	17.45601273
1.750	1.850	0.000	17.28079414
1.850	1.850	0.000	17.10904503
1.950	1.850	0.000	16.95000458
2.050	1.850	0.000	16.87390137
2.150	1.850	0.000	16.88658524
2.250	1.850	0.000	16.92891502
2.350	1.850	0.000	17.18115234
2.450	1.850	0.000	17.15740013
-2.450	1.950	0.000	17.32455063
-2.350	1.950	0.000	16.66163635
-2.250	1.950	0.000	16.36963272
-2.150	1.950	0.000	16.21868134
-2.050	1.950	0.000	16.05578232
-1.950	1.950	0.000	16.09102631
-1.850	1.950	0.000	16.08713531
-1.750	1.950	0.000	16.10270309
-1.650	1.950	0.000	16.12782669
-1.550	1.950	0.000	16.11050987
-1.450	1.950	0.000	16.14420319
-1.350	1.950	0.000	16.19254684
-1.250	1.950	0.000	16.34612656
-1.150	1.950	0.000	16.58376503
-1.050	1.950	0.000	16.86349106
-0.950	1.950	0.000	17.15930557
-0.850	1.950	0.000	17.43223763
-0.750	1.950	0.000	17.67482567
-0.650	1.950	0.000	17.83626175
-0.550	1.950	0.000	17.86374664
-0.450	1.950	0.000	17.76324463
-0.350	1.950	0.000	17.56200981
-0.250	1.950	0.000	17.32082748
-0.150	1.950	0.000	17.08102798
-0.050	1.950	0.000	16.88235092
0.050	1.950	0.000	16.70302773
0.150	1.950	0.000	16.52509308
0.250	1.950	0.000	16.35890961
0.350	1.950	0.000	16.22674942
0.450	1.950	0.000	16.15653229
0.550	1.950	0.000	16.15939713
0.650	1.950	0.000	16.23771858
0.750	1.950	0.000	16.40320206
0.850	1.950	0.000	16.63728523
0.950	1.950	0.000	16.88852692
1.050	1.950	0.000	17.16308212
1.150	1.950	0.000	17.41249084
1.250	1.950	0.000	17.59915543
1.350	1.950	0.000	17.65413666
1.450	1.950	0.000	17.62710571
1.550	1.950	0.000	17.54110336
1.650	1.950	0.000	17.44670105
1.750	1.950	0.000	17.28425407
1.850	1.950	0.000	17.14049530
1.950	1.950	0.000	16.96218872
2.050	1.950	0.000	16.85097122
2.150	1.950	0.000	16.81119728
2.250	1.950	0.000	16.84504509
2.350	1.950	0.000	17.13089371
2.450	1.950	0.000	17.09494400
-2.450	2.050	0.000	17.60843086
-2.350	2.050	0.000	16.98039246
-2.250	2.050	0.000	16.68423080
-2.150	2.050	0.000	16.54247284
-2.050	2.050	0.000	16.36569214
-1.950	2.050	0.000	16.36089706
-1.850	2.050	0.000	16.34122849
-1.750	2.050	0.000	16.34227371
-1.650	2.050	0.000	16.32713318
-1.550	2.050	0.000	16.27490234
-1.450	2.050	0.000	16.25622940
-1.350	2.050	0.000	16.27862549
-1.250	2.050	0.000	16.38869858
-1.150	2.050	0.000	16.54167557
-1.050	2.050	0.000	16.66141510
-0.950	2.050	0.000	16.77564240
-0.850	2.050	0.000	16.91862297
-0.750	2.050	0.000	17.08979034
-0.650	2.050	0.000	17.25826263
-0.550	2.050	0.000	17.39882278
-0.450	2.050	0.000	17.47175217
-0.350	2.050	0.000	17.43911934
-0.250	2.050	0.000	17.32645416
-0.150	2.050	0.000	17.14225388
-0.050	2.050	0.000	16.94863319
0.050	2.050	0.000	16.77690315
0.150	2.050	0.000	16.59582138
0.250	2.050	0.000	16.43695450
0.350	2.050	0.000	16.30048752
0.450	2.050	0.000	16.19199181
0.550	2.050	0.000	16.12990952
0.650	2.050	0.000	16.12863159
0.750	2.050	0.000	16.18999863
0.850	2.050	0.000	16.30873489
0.950	2.050	0.000	16.47233391
1.050	2.050	0.000	16.68373489
1.150	2.050	0.000	16.91084671
1.250	2.050	0.000	17.12963295
1.350	2.050	0.000	17.32336044
1.450	2.050	0.000	17.42060089
1.550	2.050	0.000	17.40362167
1.650	2.050	0.000	17.28452682
1.750	2.050	0.000	17.10377502
1.850	2.050	0.000	16.96276283
1.950	2.050	0.000	16.85406113
2.050	2.050	0.000	16.79508972
2.150	2.050	0.000	16.81792831
2.250	2.050	0.000	16.90129852
2.350	2.050	0.000	17.20016479
2.450	2.050	0.000	17.49556732
-2.450	2.150	0.000	18.05846214
-2.350	2.150	0.000	17.42958832
-2.250	2.150	0.000	17.02296066
-2.150	2.150	0.000	16.83061981
-2.050	2.150	0.000	16.60704803
-1.950	2.150	0.000	16.54893494
-1.850	2.150	0.000	16.50062180
-1.750	2.150	0.000	16.46644592
-1.650	2.150	0.000	16.40682220
-1.550	2.150	0.000	16.31667709
-1.450	2.150	0.000	16.23604393
-1.350	2.150	0.000	16.25253105
-1.250	2.150	0.000	16.31883049
-1.150	2.150	0.000	16.37923050
-1.050	2.150	0.000	16.39881706
-0.950	2.150	0.000	16.40803146
-0.850	2.150	0.000	16.42243576
-0.750	2.150	0.000	16.50650024
-0.650	2.150	0.000	16.66906166
-0.550	2.150	0.000	16.86926270
-0.450	2.150	0.000	17.00022125
-0.350	2.150	0.000	17.07744408
-0.250	2.150	0.000	17.09145355
-0.150	2.150	0.000	17.02097893
-0.050	2.150	0.000	16.89167023
0.050	2.150	0.000	16.72912979
0.150	2.150	0.000	16.56718445
0.250	2.150	0.000	16.43643188
0.350	2.150	0.000	16.33326340
0.450	2.150	0.000	16.24071121
0.550	2.150	0.000	16.15811348
0.650	2.150	0.000	16.09591103
0.750	2.150	0.000	16.06936646
0.850	2.150	0.000	16.08794785
0.950	2.150	0.000	16.14852333
1.050	2.150	0.000	16.29650879
1.150	2.150	0.000	16.51468086
1.250	2.150	0.000	16.75977325
1.350	2.150	0.000	17.02416611
1.450	2.150	0.000	17.19323730
1.550	2.150	0.000	17.19886780
1.650	2.150	0.000	17.11157608
1.750	2.150	0.000	16.91326141
1.850	2.150	0.000	16.69881058
1.950	2.150	0.000	16.46644592
2.050	2.150	0.000	16.33190155
2.150	2.150	0.000	16.29394531
2.250	2.150	0.000	16.30736160
2.350	2.150	0.000	16.58845139
2.450	2.150	0.000	16.86729813
-2.450	2.250	0.000	18.68140793
-2.350	2.250	0.000	18.11172295
-2.250	2.250	0.000	17.60851288
-2.150	2.250	0.000	17.35030365
-2.050	2.250	0.000	17.07516479
-1.950	2.250	0.000	16.99368668
-1.850	2.250	0.000	16.90215492
-1.750	2.250	0.000	16.84866714
-1.650	2.250	0.000	16.77497292
-1.550	2.250	0.000	16.66952133
-1.450	2.250	0.000	16.56939697
-1.350	2.250	0.000	16.53545380
-1.250	2.250	0.000	16.53511810
-1.150	2.250	0.000	16.53475189
-1.050	2.250	0.000	16.53516769
-0.950	2.250	0.000	16.51782227
-0.850	2.250	0.000	16.51290321
-0.750	2.250	0.000	16.53293800
-0.650	2.250	0.000	16.57846832
-0.550	2.250	0.000	16.66275597
-0.450	2.250	0.000	16.72597504
-0.350	2.250	0.000	16.79846954
-0.250	2.250	0.000	16.83193970
-0.150	2.250	0.000	16.82506943
-0.050	2.250	0.000	16.75215721
0.050	2.250	0.000	16.65754128
0.150	2.250	0.000	16.55177689
0.250	2.250	0.000	16.45011139
0.350	2.250	0.000	16.36086464
0.450	2.250	0.000	16.27462387
0.550	2.250	0.000	16.19018745
0.650	2.250	0.000	16.10434341
0.750	2.250	0.000	16.03834152
0.850	2.250	0.000	16.01045227
0.950	2.250	0.000	16.02748108
1.050	2.250	0.000	16.12585449
1.150	2.250	0.000	16.30173683
1.250	2.250	0.000	16.50944138
1.350	2.250	0.000	16.77890778
1.450	2.250	0.000	17.04715347
1.550	2.250	0.000	17.20957565
1.650	2.250	0.000	17.21872711
1.750	2.250	0.000	17.10861206
1.850	2.250	0.000	16.95520401
1.950	2.250	0.000	16.80492020
2.050	2.250	0.000	16.70828819
2.150	2.250	0.000	16.70812798
2.250	2.250	0.000	16.74249458
2.350	2.250	0.000	16.93676376
2.450	2.250	0.000	17.42281342
-2.450	2.350	0.000	18.69636536
-2.350	2.350	0.000	18.17483521
-2.250	2.350	0.000	17.65513992
-2.150	2.350	0.000	17.38365555
-2.050	2.350	0.000	17.10429764
-1.950	2.350	0.000	17.01873398
-1.850	2.350	0.000	16.95049667
-1.750	2.350	0.000	16.89873886
-1.650	2.350	0.000	16.81908226
-1.550	2.350	0.000	16.68658066
-1.450	2.350	0.000	16.57435608
-1.350	2.350	0.000	16.50064468
-1.250	2.350	0.000	16.46603775
-1.150	2.350	0.000	16.46155930
-1.050	2.350	0.000	16.45057869
-0.950	2.350	0.000	16.40960312
-0.850	2.350	0.000	16.33714294
-0.750	2.350	0.000	16.26468658
-0.650	2.350	0.000	16.21566391
-0.550	2.350	0.000	16.24858284
-0.450	2.350	0.000	16.29005432
-0.350	2.350	0.000	16.36541748
-0.250	2.350	0.000	16.44584656
-0.150	2.350	0.000	16.48568916
-0.050	2.350	0.000	16.52052689
0.050	2.350	0.000	16.50871277
0.150	2.350	0.000	16.49594116
0.250	2.350	0.000	16.44687653
0.350	2.350	0.000	16.38372803
0.450	2.350	0.000	16.30181503
0.550	2.350	0.000	16.21358871
0.650	2.350	0.000	16.15199089
0.750	2.350	0.000	16.10902405
0.850	2.350	0.000	16.09364128
0.950	2.350	0.000	16.08086777
1.050	2.350	0.000	16.13068390
1.150	2.350	0.000	16.27138519
1.250	2.350	0.000	16.44108200
1.350	2.350	0.000	16.65224457
1.450	2.350	0.000	16.84024429
1.550	2.350	0.000	16.92670822
1.650	2.350	0.000	16.93685532
1.750	2.350	0.000	16.81943512
1.850	2.350	0.000	16.64324570
1.950	2.350	0.000	16.45178223
2.050	2.350	0.000	16.33549500
2.150	2.350	0.000	16.36000633
2.250	2.350	0.000	16.45669556
2.350	2.350	0.000	16.66302872
2.450	2.350	0.000	17.04140472
-2.450	2.450	0.000	19.24912262
-2.350	2.450	0.000	18.78540039
-2.250	2.450	0.000	18.25911713
-2.150	2.450	0.000	17.99839783
-2.050	2.450	0.000	17.70072174
-1.950	2.450	0.000	17.61367416
-1.850	2.450	0.000	17.55679703
-1.750	2.450	0.000	17.48252296
-1.650	2.450	0.000	17.36867142
-1.550	2.450	0.000	17.20109558
-1.450	2.450	0.000	17.05424118
-1.350	2.450	0.000	16.94368744
-1.250	2.450	0.000	16.87712479
-1.150	2.450	0.000	16.84944344
-1.050	2.450	0.000	16.83185959
-0.950	2.450	0.000	16.73740005
-0.850	2.450	0.000	16.60077286
-0.750	2.450	0.000	16.46059418
-0.650	2.450	0.000	16.36718941
-0.550	2.450	0.000	16.37348175
-0.450	2.450	0.000	16.42192268
-0.350	2.450	0.000	16.46315002
-0.250	2.450	0.000	16.49248886
-0.150	2.450	0.000	16.45654678
-0.050	2.450	0.000	16.40363693
0.050	2.450	0.000	16.31623840
0.150	2.450	0.000	16.24414062
0.250	2.450	0.000	16.18683624
0.350	2.450	0.000	16.15133286
0.450	2.450	0.000	16.14159012
0.550	2.450	0.000	16.14401245
0.650	2.450	0.000	16.15398598
0.750	2.450	0.000	16.17337036
0.850	2.450	0.000	16.21094513
0.950	2.450	0.000	16.26765823
1.050	2.450	0.000	16.35779572
1.150	2.450	0.000	16.49340439
1.250	2.450	0.000	16.65547562
1.350	2.450	0.000	16.85054970
1.450	2.450	0.000	17.07624817
1.550	2.450	0.000	17.29476929
1.650	2.450	0.000	17.45521545
1.750	2.450	0.000	17.50237465
1.850	2.450	0.000	17.49229240
1.950	2.450	0.000	17.43208504
2.050	2.450	0.000	17.37637520
2.150	2.450	0.000	17.32952309
2.250	2.450	0.000	17.41373444
2.350	2.450	0.000	17.43638611
2.450	2.450	0.000	17.87797546
