-2.450	-2.450	0.000	17.01740646
-2.350	-2.450	0.000	17.92044640
-2.250	-2.450	0.000	17.57905388
-2.150	-2.450	0.000	16.55762100
-2.050	-2.450	0.000	16.51969910
-1.950	-2.450	0.000	16.02788734
-1.850	-2.450	0.000	15.88660622
-1.750	-2.450	0.000	16.43310928
-1.650	-2.450	0.000	15.87786865
-1.550	-2.450	0.000	16.26427650
-1.450	-2.450	0.000	16.12765503
-1.350	-2.450	0.000	16.12676620
-1.250	-2.450	0.000	16.04115295
-1.150	-2.450	0.000	15.94086838
-1.050	-2.450	0.000	15.83353806
-0.950	-2.450	0.000	15.69663048
-0.850	-2.450	0.000	15.58746719
-0.750	-2.450	0.000	15.47489357
-0.650	-2.450	0.000	15.37773705
-0.550	-2.450	0.000	15.33986282
-0.450	-2.450	0.000	15.30210876
-0.350	-2.450	0.000	15.30975342
-0.250	-2.450	0.000	15.36038017
-0.150	-2.450	0.000	15.47374725
-0.050	-2.450	0.000	15.57619286
0.050	-2.450	0.000	15.61414909
0.150	-2.450	0.000	15.58762550
0.250	-2.450	0.000	15.53014946
0.350	-2.450	0.000	15.48729515
0.450	-2.450	0.000	15.42222023
0.550	-2.450	0.000	15.31856918
0.650	-2.450	0.000	15.17673683
0.750	-2.450	0.000	14.98263359
0.850	-2.450	0.000	14.82687378
0.950	-2.450	0.000	14.69923115
1.050	-2.450	0.000	14.59902573
1.150	-2.450	0.000	14.40416050
1.250	-2.450	0.000	14.14638424
1.350	-2.450	0.000	13.71325397
1.450	-2.450	0.000	13.20152569
1.550	-2.450	0.000	12.77567291
1.650	-2.450	0.000	12.45195580
1.750	-2.450	0.000	12.26493263
1.850	-2.450	0.000	12.23063946
1.950	-2.450	0.000	12.29155636
2.050	-2.450	0.000	12.45438957
2.150	-2.450	0.000	12.72742271
2.250	-2.450	0.000	13.10228634
2.350	-2.450	0.000	13.22098923
2.450	-2.450	0.000	14.01196861
-2.450	-2.350	0.000	16.88945770
-2.350	-2.350	0.000	17.79409027
-2.250	-2.350	0.000	17.42458725
-2.150	-2.350	0.000	16.51041794
-2.050	-2.350	0.000	16.42436028
-1.950	-2.350	0.000	15.91646194
-1.850	-2.350	0.000	15.74253464
-1.750	-2.350	0.000	16.20373535
-1.650	-2.350	0.000	15.62920761
-1.550	-2.350	0.000	15.95798111
-1.450	-2.350	0.000	15.81724167
-1.350	-2.350	0.000	15.84555435
-1.250	-2.350	0.000	15.74994087
-1.150	-2.350	0.000	15.64339638
-1.050	-2.350	0.000	15.54929161
-0.950	-2.350	0.000	15.42391968
-0.850	-2.350	0.000	15.30793953
-0.750	-2.350	0.000	15.20955276
-0.650	-2.350	0.000	15.11946106
-0.550	-2.350	0.000	15.09946632
-0.450	-2.350	0.000	15.06819725
-0.350	-2.350	0.000	15.09372711
-0.250	-2.350	0.000	15.16070366
-0.150	-2.350	0.000	15.28288651
-0.050	-2.350	0.000	15.39165115
0.050	-2.350	0.000	15.44838333
0.150	-2.350	0.000	15.45254326
0.250	-2.350	0.000	15.43635750
0.350	-2.350	0.000	15.41076851
0.450	-2.350	0.000	15.35074043
0.550	-2.350	0.000	15.25255871
0.650	-2.350	0.000	15.11945343
0.750	-2.350	0.000	14.95366287
0.850	-2.350	0.000	14.81735802
0.950	-2.350	0.000	14.67352867
1.050	-2.350	0.000	14.56761932
1.150	-2.350	0.000	14.33956146
1.250	-2.350	0.000	14.06447506
1.350	-2.350	0.000	13.64203072
1.450	-2.350	0.000	13.14920807
1.550	-2.350	0.000	12.72326756
1.650	-2.350	0.000	12.38545227
1.750	-2.350	0.000	12.19540024
1.850	-2.350	0.000	12.14056873
1.950	-2.350	0.000	12.14889336
2.050	-2.350	0.000	12.24335957
2.150	-2.350	0.000	12.39507103
2.250	-2.350	0.000	12.73794937
2.350	-2.350	0.000	12.75575447
2.450	-2.350	0.000	13.49090099
-2.450	-2.250	0.000	16.88685226
-2.350	-2.250	0.000	17.74426270
-2.250	-2.250	0.000	17.37337112
-2.150	-2.250	0.000	16.52222633
-2.050	-2.250	0.000	16.39894104
-1.950	-2.250	0.000	15.89128494
-1.850	-2.250	0.000	15.72676849
-1.750	-2.250	0.000	16.13819885
-1.650	-2.250	0.000	15.55777359
-1.550	-2.250	0.000	15.85855675
-1.450	-2.250	0.000	15.71347809
-1.350	-2.250	0.000	15.76122665
-1.250	-2.250	0.000	15.66921425
-1.150	-2.250	0.000	15.55836868
-1.050	-2.250	0.000	15.46370506
-0.950	-2.250	0.000	15.34267426
-0.850	-2.250	0.000	15.22573853
-0.750	-2.250	0.000	15.11944389
-0.650	-2.250	0.000	15.02620506
-0.550	-2.250	0.000	15.01517868
-0.450	-2.250	0.000	14.99245644
-0.350	-2.250	0.000	15.02900887
-0.250	-2.250	0.000	15.10495758
-0.150	-2.250	0.000	15.22727013
-0.050	-2.250	0.000	15.33957672
0.050	-2.250	0.000	15.38816452
0.150	-2.250	0.000	15.37779808
0.250	-2.250	0.000	15.34800339
0.350	-2.250	0.000	15.31860924
0.450	-2.250	0.000	15.26267242
0.550	-2.250	0.000	15.18271351
0.650	-2.250	0.000	15.07166100
0.750	-2.250	0.000	14.94237709
0.850	-2.250	0.000	14.82311058
0.950	-2.250	0.000	14.68286991
1.050	-2.250	0.000	14.55646515
1.150	-2.250	0.000	14.30742931
1.250	-2.250	0.000	14.00980377
1.350	-2.250	0.000	13.58855247
1.450	-2.250	0.000	13.12348175
1.550	-2.250	0.000	12.70805168
1.650	-2.250	0.000	12.41330528
1.750	-2.250	0.000	12.24533844
1.850	-2.250	0.000	12.18782330
1.950	-2.250	0.000	12.21185112
2.050	-2.250	0.000	12.34186363
2.150	-2.250	0.000	12.47353458
2.250	-2.250	0.000	12.83007050
2.350	-2.250	0.000	12.82332325
2.450	-2.250	0.000	13.39002037
-2.450	-2.150	0.000	16.84561157
-2.350	-2.150	0.000	17.69092560
-2.250	-2.150	0.000	17.31394958
-2.150	-2.150	0.000	16.51646042
-2.050	-2.150	0.000	16.34372330
-1.950	-2.150	0.000	15.80547333
-1.850	-2.150	0.000	15.65544319
-1.750	-2.150	0.000	15.99910545
-1.650	-2.150	0.000	15.41423035
-1.550	-2.150	0.000	15.67541504
-1.450	-2.150	0.000	15.52290535
-1.350	-2.150	0.000	15.58824539
-1.250	-2.150	0.000	15.50218010
-1.150	-2.150	0.000	15.38548851
-1.050	-2.150	0.000	15.28318977
-0.950	-2.150	0.000	15.15651226
-0.850	-2.150	0.000	15.03563499
-0.750	-2.150	0.000	14.92133045
-0.650	-2.150	0.000	14.81831551
-0.550	-2.150	0.000	14.80632401
-0.450	-2.150	0.000	14.79084206
-0.350	-2.150	0.000	14.83923340
-0.250	-2.150	0.000	14.92684364
-0.150	-2.150	0.000	15.06119347
-0.050	-2.150	0.000	15.19581604
0.050	-2.150	0.000	15.26156235
0.150	-2.150	0.000	15.25239182
0.250	-2.150	0.000	15.21897697
0.350	-2.150	0.000	15.18679714
0.450	-2.150	0.000	15.13912201
0.550	-2.150	0.000	15.06886101
0.650	-2.150	0.000	14.98280144
0.750	-2.150	0.000	14.87896156
0.850	-2.150	0.000	14.78367424
0.950	-2.150	0.000	14.63232613
1.050	-2.150	0.000	14.48506165
1.150	-2.150	0.000	14.21664238
1.250	-2.150	0.000	13.89698124
1.350	-2.150	0.000	13.50069618
1.450	-2.150	0.000	13.05991554
1.550	-2.150	0.000	12.66773987
1.650	-2.150	0.000	12.39340782
1.750	-2.150	0.000	12.22666359
1.850	-2.150	0.000	12.12891388
1.950	-2.150	0.000	12.12633991
2.050	-2.150	0.000	12.23436928
2.150	-2.150	0.000	12.30874252
2.250	-2.150	0.000	12.68068790
2.350	-2.150	0.000	12.71947098
2.450	-2.150	0.000	13.26260471
-2.450	-2.050	0.000	16.84184265
-2.350	-2.050	0.000	17.66405678
-2.250	-2.050	0.000	17.29284477
-2.150	-2.050	0.000	16.53238678
-2.050	-2.050	0.000	16.33201218
-1.950	-2.050	0.000	15.75245667
-1.850	-2.050	0.000	15.59962082
-1.750	-2.050	0.000	15.91566086
-1.650	-2.050	0.000	15.35181808
-1.550	-2.050	0.000	15.59206581
-1.450	-2.050	0.000	15.43633270
-1.350	-2.050	0.000	15.50577354
-1.250	-2.050	0.000	15.42366791
-1.150	-2.050	0.000	15.30565834
-1.050	-2.050	0.000	15.20157433
-0.950	-2.050	0.000	15.07293034
-0.850	-2.050	0.000	14.94392872
-0.750	-2.050	0.000	14.81522560
-0.650	-2.050	0.000	14.70550919
-0.550	-2.050	0.000	14.67719650
-0.450	-2.050	0.000	14.65827370
-0.350	-2.050	0.000	14.70566940
-0.250	-2.050	0.000	14.79631805
-0.150	-2.050	0.000	14.94154453
-0.050	-2.050	0.000	15.08697414
0.050	-2.050	0.000	15.15324020
0.150	-2.050	0.000	15.13061428
0.250	-2.050	0.000	15.08128548
0.350	-2.050	0.000	15.04555893
0.450	-2.050	0.000	15.00638199
0.550	-2.050	0.000	14.94780254
0.650	-2.050	0.000	14.88742828
0.750	-2.050	0.000	14.81597710
0.850	-2.050	0.000	14.75028610
0.950	-2.050	0.000	14.59244442
1.050	-2.050	0.000	14.43289757
1.150	-2.050	0.000	14.16092491
1.250	-2.050	0.000	13.82567406
1.350	-2.050	0.000	13.48840237
1.450	-2.050	0.000	13.05730438
1.550	-2.050	0.000	12.70976830
1.650	-2.050	0.000	12.46598244
1.750	-2.050	0.000	12.32045650
1.850	-2.050	0.000	12.23825455
1.950	-2.050	0.000	12.21544552
2.050	-2.050	0.000	12.31133556
2.150	-2.050	0.000	12.34567451
2.250	-2.050	0.000	12.66077232
2.350	-2.050	0.000	12.70457077
2.450	-2.050	0.000	13.17722321
-2.450	-1.950	0.000	16.82104111
-2.350	-1.950	0.000	17.59197235
-2.250	-1.950	0.000	17.24637222
-2.150	-1.950	0.000	16.52896118
-2.050	-1.950	0.000	16.32185936
-1.950	-1.950	0.000	15.72531128
-1.850	-1.950	0.000	15.56976318
-1.750	-1.950	0.000	15.83836174
-1.650	-1.950	0.000	15.30328560
-1.550	-1.950	0.000	15.50535774
-1.450	-1.950	0.000	15.34320259
-1.350	-1.950	0.000	15.41419029
-1.250	-1.950	0.000	15.33810043
-1.150	-1.950	0.000	15.21990013
-1.050	-1.950	0.000	15.10850430
-0.950	-1.950	0.000	14.97127819
-0.850	-1.950	0.000	14.83684540
-0.750	-1.950	0.000	14.69295216
-0.650	-1.950	0.000	14.57570648
-0.550	-1.950	0.000	14.52722168
-0.450	-1.950	0.000	14.50490379
-0.350	-1.950	0.000	14.54018784
-0.250	-1.950	0.000	14.62350178
-0.150	-1.950	0.000	14.77303314
-0.050	-1.950	0.000	14.92238617
0.050	-1.950	0.000	14.99826813
0.150	-1.950	0.000	14.95282936
0.250	-1.950	0.000	14.92179489
0.350	-1.950	0.000	14.87211990
0.450	-1.950	0.000	14.84320450
0.550	-1.950	0.000	14.80639648
0.650	-1.950	0.000	14.75369358
0.750	-1.950	0.000	14.70267677
0.850	-1.950	0.000	14.64784145
0.950	-1.950	0.000	14.50112438
1.050	-1.950	0.000	14.34586716
1.150	-1.950	0.000	14.08265018
1.250	-1.950	0.000	13.75224686
1.350	-1.950	0.000	13.44578075
1.450	-1.950	0.000	13.04434013
1.550	-1.950	0.000	12.73209572
1.650	-1.950	0.000	12.51536655
1.750	-1.950	0.000	12.37866020
1.850	-1.950	0.000	12.28824234
1.950	-1.950	0.000	12.24973869
2.050	-1.950	0.000	12.33112717
2.150	-1.950	0.000	12.36009789
2.250	-1.950	0.000	12.67932510
2.350	-1.950	0.000	12.75202560
2.450	-1.950	0.000	13.22808456
-2.450	-1.850	0.000	16.85445404
-2.350	-1.850	0.000	17.48723221
-2.250	-1.850	0.000	17.21032143
-2.150	-1.850	0.000	16.52978897
-2.050	-1.850	0.000	16.32215500
-1.950	-1.850	0.000	15.72729874
-1.850	-1.850	0.000	15.56834602
-1.750	-1.850	0.000	15.79462242
-1.650	-1.850	0.000	15.28951454
-1.550	-1.850	0.000	15.46785545
-1.450	-1.850	0.000	15.30971146
-1.350	-1.850	0.000	15.38390541
-1.250	-1.850	0.000	15.31036949
-1.150	-1.850	0.000	15.18905067
-1.050	-1.850	0.000	15.07109642
-0.950	-1.850	0.000	14.93137455
-0.850	-1.850	0.000	14.79621506
-0.750	-1.850	0.000	14.64531803
-0.650	-1.850	0.000	14.52449226
-0.550	-1.850	0.000	14.45724869
-0.450	-1.850	0.000	14.42979240
-0.350	-1.850	0.000	14.45537090
-0.250	-1.850	0.000	14.52560425
-0.150	-1.850	0.000	14.65745354
-0.050	-1.850	0.000	14.79017448
0.050	-1.850	0.000	14.85609055
0.150	-1.850	0.000	14.79612064
0.250	-1.850	0.000	14.76236343
0.350	-1.850	0.000	14.71260834
0.450	-1.850	0.000	14.69525814
0.550	-1.850	0.000	14.67956829
0.650	-1.850	0.000	14.65293694
0.750	-1.850	0.000	14.61019325
0.850	-1.850	0.000	14.56903458
0.950	-1.850	0.000	14.45024204
1.050	-1.850	0.000	14.29997253
1.150	-1.850	0.000	14.05129337
1.250	-1.850	0.000	13.72864151
1.350	-1.850	0.000	13.44419575
1.450	-1.850	0.000	13.08116722
1.550	-1.850	0.000	12.80537987
1.650	-1.850	0.000	12.60676956
1.750	-1.850	0.000	12.46465874
1.850	-1.850	0.000	12.38062477
1.950	-1.850	0.000	12.32746696
2.050	-1.850	0.000	12.38595772
2.150	-1.850	0.000	12.40772438
2.250	-1.850	0.000	12.71053028
2.350	-1.850	0.000	12.78541565
2.450	-1.850	0.000	13.22831535
-2.450	-1.750	0.000	16.83445740
-2.350	-1.750	0.000	17.36529350
-2.250	-1.750	0.000	17.13337326
-2.150	-1.750	0.000	16.48488235
-2.050	-1.750	0.000	16.29347229
-1.950	-1.750	0.000	15.71469879
-1.850	-1.750	0.000	15.55166817
-1.750	-1.750	0.000	15.73582458
-1.650	-1.750	0.000	15.27567577
-1.550	-1.750	0.000	15.42098618
-1.450	-1.750	0.000	15.27346230
-1.350	-1.750	0.000	15.34506416
-1.250	-1.750	0.000	15.27720451
-1.150	-1.750	0.000	15.15631676
-1.050	-1.750	0.000	15.02685928
-0.950	-1.750	0.000	14.87670326
-0.850	-1.750	0.000	14.73644543
-0.750	-1.750	0.000	14.57086754
-0.650	-1.750	0.000	14.44922066
-0.550	-1.750	0.000	14.37035179
-0.450	-1.750	0.000	14.33919716
-0.350	-1.750	0.000	14.35274315
-0.250	-1.750	0.000	14.41159916
-0.150	-1.750	0.000	14.52293777
-0.050	-1.750	0.000	14.63615704
0.050	-1.750	0.000	14.68202591
0.150	-1.750	0.000	14.61122799
0.250	-1.750	0.000	14.57176971
0.350	-1.750	0.000	14.52442741
0.450	-1.750	0.000	14.52466869
0.550	-1.750	0.000	14.51218414
0.650	-1.750	0.000	14.51144791
0.750	-1.750	0.000	14.48653603
0.850	-1.750	0.000	14.45641232
0.950	-1.750	0.000	14.35356903
1.050	-1.750	0.000	14.19238472
1.150	-1.750	0.000	13.94352627
1.250	-1.750	0.000	13.62823296
1.350	-1.750	0.000	13.39269829
1.450	-1.750	0.000	13.08596992
1.550	-1.750	0.000	12.85339546
1.650	-1.750	0.000	12.68014145
1.750	-1.750	0.000	12.54057121
1.850	-1.750	0.000	12.46443939
1.950	-1.750	0.000	12.41522789
2.050	-1.750	0.000	12.46444988
2.150	-1.750	0.000	12.48898697
2.250	-1.750	0.000	12.78940010
2.350	-1.750	0.000	12.87553787
2.450	-1.750	0.000	13.31153202
-2.450	-1.650	0.000	16.79862976
-2.350	-1.650	0.000	17.22663116
-2.250	-1.650	0.000	17.03568077
-2.150	-1.650	0.000	16.41768646
-2.050	-1.650	0.000	16.22686958
-1.950	-1.650	0.000	15.68351746
-1.850	-1.650	0.000	15.50699425
-1.750	-1.650	0.000	15.65028763
-1.650	-1.650	0.000	15.24962711
-1.550	-1.650	0.000	15.36066246
-1.450	-1.650	0.000	15.23311329
-1.350	-1.650	0.000	15.30084229
-1.250	-1.650	0.000	15.24515152
-1.150	-1.650	0.000	15.12884998
-1.050	-1.650	0.000	14.98852158
-0.950	-1.650	0.000	14.82820320
-0.850	-1.650	0.000	14.67998886
-0.750	-1.650	0.000	14.50068283
-0.650	-1.650	0.000	14.38037872
-0.550	-1.650	0.000	14.29380226
-0.450	-1.650	0.000	14.26072884
-0.350	-1.650	0.000	14.26748753
-0.250	-1.650	0.000	14.31502151
-0.150	-1.650	0.000	14.40711021
-0.050	-1.650	0.000	14.50081730
0.050	-1.650	0.000	14.53477383
0.150	-1.650	0.000	14.45084572
0.250	-1.650	0.000	14.41091442
0.350	-1.650	0.000	14.36037445
0.450	-1.650	0.000	14.36989117
0.550	-1.650	0.000	14.36102676
0.650	-1.650	0.000	14.38909340
0.750	-1.650	0.000	14.39309883
0.850	-1.650	0.000	14.39540482
0.950	-1.650	0.000	14.30673599
1.050	-1.650	0.000	14.17302132
1.150	-1.650	0.000	13.94276619
1.250	-1.650	0.000	13.64211559
1.350	-1.650	0.000	13.42775726
1.450	-1.650	0.000	13.14372635
1.550	-1.650	0.000	12.93315887
1.650	-1.650	0.000	12.77994728
1.750	-1.650	0.000	12.65106583
1.850	-1.650	0.000	12.57963562
1.950	-1.650	0.000	12.51882172
2.050	-1.650	0.000	12.54042244
2.150	-1.650	0.000	12.55114746
2.250	-1.650	0.000	12.82729530
2.350	-1.650	0.000	12.92906570
2.450	-1.650	0.000	13.37200165
-2.450	-1.550	0.000	16.69199753
-2.350	-1.550	0.000	17.00682068
-2.250	-1.550	0.000	16.84928131
-2.150	-1.550	0.000	16.26343918
-2.050	-1.550	0.000	16.08039093
-1.950	-1.550	0.000	15.57149315
-1.850	-1.550	0.000	15.37280941
-1.750	-1.550	0.000	15.48785591
-1.650	-1.550	0.000	15.13846779
-1.550	-1.550	0.000	15.23151779
-1.450	-1.550	0.000	15.12742615
-1.350	-1.550	0.000	15.18580818
-1.250	-1.550	0.000	15.14458370
-1.150	-1.550	0.000	15.03501797
-1.050	-1.550	0.000	14.88522243
-0.950	-1.550	0.000	14.72051811
-0.850	-1.550	0.000	14.56820869
-0.750	-1.550	0.000	14.38107204
-0.650	-1.550	0.000	14.26157856
-0.550	-1.550	0.000	14.16695786
-0.450	-1.550	0.000	14.13361740
-0.350	-1.550	0.000	14.13837719
-0.250	-1.550	0.000	14.18275070
-0.150	-1.550	0.000	14.26696396
-0.050	-1.550	0.000	14.34670544
0.050	-1.550	0.000	14.37391758
0.150	-1.550	0.000	14.29437256
0.250	-1.550	0.000	14.25566578
0.350	-1.550	0.000	14.22063637
0.450	-1.550	0.000	14.23014641
0.550	-1.550	0.000	14.24329090
0.650	-1.550	0.000	14.28151131
0.750	-1.550	0.000	14.30181503
0.850	-1.550	0.000	14.30394268
0.950	-1.550	0.000	14.21340847
1.050	-1.550	0.000	14.09483910
1.150	-1.550	0.000	13.87258339
1.250	-1.550	0.000	13.59265614
1.350	-1.550	0.000	13.38811302
1.450	-1.550	0.000	13.14748955
1.550	-1.550	0.000	12.95633698
1.650	-1.550	0.000	12.83065224
1.750	-1.550	0.000	12.73140240
1.850	-1.550	0.000	12.69293404
1.950	-1.550	0.000	12.64923191
2.050	-1.550	0.000	12.65417576
2.150	-1.550	0.000	12.63634491
2.250	-1.550	0.000	12.87687778
2.350	-1.550	0.000	12.97900200
2.450	-1.550	0.000	13.41585255
-2.450	-1.450	0.000	16.50481033
-2.350	-1.450	0.000	16.74463654
-2.250	-1.450	0.000	16.63301086
-2.150	-1.450	0.000	16.10620117
-2.050	-1.450	0.000	15.91846466
-1.950	-1.450	0.000	15.44164658
-1.850	-1.450	0.000	15.21047020
-1.750	-1.450	0.000	15.29006195
-1.650	-1.450	0.000	14.97201157
-1.550	-1.450	0.000	15.03953648
-1.450	-1.450	0.000	14.94083214
-1.350	-1.450	0.000	14.98316002
-1.250	-1.450	0.000	14.95983696
-1.150	-1.450	0.000	14.86068535
-1.050	-1.450	0.000	14.70978546
-0.950	-1.450	0.000	14.55136967
-0.850	-1.450	0.000	14.40735245
-0.750	-1.450	0.000	14.23058605
-0.650	-1.450	0.000	14.11751747
-0.550	-1.450	0.000	14.01825905
-0.450	-1.450	0.000	13.98641777
-0.350	-1.450	0.000	13.99188423
-0.250	-1.450	0.000	14.04021263
-0.150	-1.450	0.000	14.12445927
-0.050	-1.450	0.000	14.19758034
0.050	-1.450	0.000	14.22512341
0.150	-1.450	0.000	14.16728210
0.250	-1.450	0.000	14.12659168
0.350	-1.450	0.000	14.12490273
0.450	-1.450	0.000	14.13527012
0.550	-1.450	0.000	14.17140484
0.650	-1.450	0.000	14.21315002
0.750	-1.450	0.000	14.23888779
0.850	-1.450	0.000	14.24040699
0.950	-1.450	0.000	14.14871407
1.050	-1.450	0.000	14.03874969
1.150	-1.450	0.000	13.82860374
1.250	-1.450	0.000	13.57444382
1.350	-1.450	0.000	13.38248444
1.450	-1.450	0.000	13.19356155
1.550	-1.450	0.000	13.01233482
1.650	-1.450	0.000	12.90370941
1.750	-1.450	0.000	12.81622314
1.850	-1.450	0.000	12.78915787
1.950	-1.450	0.000	12.73872471
2.050	-1.450	0.000	12.73133659
2.150	-1.450	0.000	12.69292641
2.250	-1.450	0.000	12.90877724
2.350	-1.450	0.000	13.00662231
2.450	-1.450	0.000	13.44186783
-2.450	-1.350	0.000	16.27317047
-2.350	-1.350	0.000	16.45489883
-2.250	-1.350	0.000	16.42573929
-2.150	-1.350	0.000	15.97067261
-2.050	-1.350	0.000	15.76668549
-1.950	-1.350	0.000	15.31313992
-1.850	-1.350	0.000	15.05449867
-1.750	-1.350	0.000	15.08973598
-1.650	-1.350	0.000	14.80125523
-1.550	-1.350	0.000	14.83415794
-1.450	-1.350	0.000	14.72583961
-1.350	-1.350	0.000	14.73533440
-1.250	-1.350	0.000	14.70852280
-1.150	-1.350	0.000	14.61036205
-1.050	-1.350	0.000	14.45981026
-0.950	-1.350	0.000	14.30722713
-0.850	-1.350	0.000	14.17936707
-0.750	-1.350	0.000	14.03375816
-0.650	-1.350	0.000	13.94257927
-0.550	-1.350	0.000	13.84786701
-0.450	-1.350	0.000	13.81991196
-0.350	-1.350	0.000	13.82798958
-0.250	-1.350	0.000	13.87942886
-0.150	-1.350	0.000	13.96376419
-0.050	-1.350	0.000	14.03701210
0.050	-1.350	0.000	14.06670952
0.150	-1.350	0.000	14.03844452
0.250	-1.350	0.000	14.00982094
0.350	-1.350	0.000	14.02435780
0.450	-1.350	0.000	14.05594921
0.550	-1.350	0.000	14.10337830
0.650	-1.350	0.000	14.14935875
0.750	-1.350	0.000	14.16478252
0.850	-1.350	0.000	14.14945126
0.950	-1.350	0.000	14.04800224
1.050	-1.350	0.000	13.93715286
1.150	-1.350	0.000	13.74672604
1.250	-1.350	0.000	13.51727676
1.350	-1.350	0.000	13.34225941
1.450	-1.350	0.000	13.20948887
1.550	-1.350	0.000	13.04442024
1.650	-1.350	0.000	12.95430946
1.750	-1.350	0.000	12.87325287
1.850	-1.350	0.000	12.84356689
1.950	-1.350	0.000	12.78869438
2.050	-1.350	0.000	12.77420044
2.150	-1.350	0.000	12.72490501
2.250	-1.350	0.000	12.91713905
2.350	-1.350	0.000	13.01051903
2.450	-1.350	0.000	13.44015121
-2.450	-1.250	0.000	16.09478188
-2.350	-1.250	0.000	16.20951271
-2.250	-1.250	0.000	16.25646019
-2.150	-1.250	0.000	15.85502625
-2.050	-1.250	0.000	15.64750862
-1.950	-1.250	0.000	15.22476768
-1.850	-1.250	0.000	14.93122292
-1.750	-1.250	0.000	14.92052650
-1.650	-1.250	0.000	14.64299583
-1.550	-1.250	0.000	14.63428020
-1.450	-1.250	0.000	14.50957680
-1.350	-1.250	0.000	14.48187256
-1.250	-1.250	0.000	14.43816280
-1.150	-1.250	0.000	14.32714844
-1.050	-1.250	0.000	14.17177391
-0.950	-1.250	0.000	14.02475548
-0.850	-1.250	0.000	13.91297722
-0.750	-1.250	0.000	13.80944347
-0.650	-1.250	0.000	13.74312782
-0.550	-1.250	0.000	13.67828178
-0.450	-1.250	0.000	13.65906525
-0.350	-1.250	0.000	13.67228127
-0.250	-1.250	0.000	13.72416401
-0.150	-1.250	0.000	13.79965782
-0.050	-1.250	0.000	13.86821842
0.050	-1.250	0.000	13.90147972
0.150	-1.250	0.000	13.89968491
0.250	-1.250	0.000	13.90229225
0.350	-1.250	0.000	13.93470478
0.450	-1.250	0.000	13.97909737
0.550	-1.250	0.000	14.03635693
0.650	-1.250	0.000	14.08445740
0.750	-1.250	0.000	14.09389496
0.850	-1.250	0.000	14.06774330
0.950	-1.250	0.000	13.95947838
1.050	-1.250	0.000	13.84473038
1.150	-1.250	0.000	13.65660477
1.250	-1.250	0.000	13.44450378
1.350	-1.250	0.000	13.27245903
1.450	-1.250	0.000	13.17281342
1.550	-1.250	0.000	13.01953888
1.650	-1.250	0.000	12.93929482
1.750	-1.250	0.000	12.86236763
1.850	-1.250	0.000	12.83833313
1.950	-1.250	0.000	12.78118134
2.050	-1.250	0.000	12.77258587
2.150	-1.250	0.000	12.72703457
2.250	-1.250	0.000	12.90758228
2.350	-1.250	0.000	12.97704697
2.450	-1.250	0.000	13.41426086
-2.450	-1.150	0.000	15.93585968
-2.350	-1.150	0.000	15.97641754
-2.250	-1.150	0.000	16.08627319
-2.150	-1.150	0.000	15.75853348
-2.050	-1.150	0.000	15.57326698
-1.950	-1.150	0.000	15.18376446
-1.850	-1.150	0.000	14.86094284
-1.750	-1.150	0.000	14.79715919
-1.650	-1.150	0.000	14.52037907
-1.550	-1.150	0.000	14.46010971
-1.450	-1.150	0.000	14.30603695
-1.350	-1.150	0.000	14.23634338
-1.250	-1.150	0.000	14.16051006
-1.150	-1.150	0.000	14.02750969
-1.050	-1.150	0.000	13.87049294
-0.950	-1.150	0.000	13.72981262
-0.850	-1.150	0.000	13.62765408
-0.750	-1.150	0.000	13.57549095
-0.650	-1.150	0.000	13.53304100
-0.550	-1.150	0.000	13.51060104
-0.450	-1.150	0.000	13.51365662
-0.350	-1.150	0.000	13.53594112
-0.250	-1.150	0.000	13.58363247
-0.150	-1.150	0.000	13.64997959
-0.050	-1.150	0.000	13.70594215
0.050	-1.150	0.000	13.73071098
0.150	-1.150	0.000	13.73964500
0.250	-1.150	0.000	13.76248264
0.350	-1.150	0.000	13.80966949
0.450	-1.150	0.000	13.86298084
0.550	-1.150	0.000	13.92405796
0.650	-1.150	0.000	13.97371864
0.750	-1.150	0.000	13.99198341
0.850	-1.150	0.000	13.97669029
0.950	-1.150	0.000	13.87471199
1.050	-1.150	0.000	13.76558781
1.150	-1.150	0.000	13.58502007
1.250	-1.150	0.000	13.38822842
1.350	-1.150	0.000	13.21335411
1.450	-1.150	0.000	13.11981010
1.550	-1.150	0.000	12.96744061
1.650	-1.150	0.000	12.88743973
1.750	-1.150	0.000	12.81172657
1.850	-1.150	0.000	12.79722023
1.950	-1.150	0.000	12.76456833
2.050	-1.150	0.000	12.78026962
2.150	-1.150	0.000	12.75270462
2.250	-1.150	0.000	12.93133259
2.350	-1.150	0.000	12.97000885
2.450	-1.150	0.000	13.37310600
-2.450	-1.050	0.000	15.77363586
-2.350	-1.050	0.000	15.76950455
-2.250	-1.050	0.000	15.89867973
-2.150	-1.050	0.000	15.63598442
-2.050	-1.050	0.000	15.47836113
-1.950	-1.050	0.000	15.14563370
-1.850	-1.050	0.000	14.80527687
-1.750	-1.050	0.000	14.68285561
-1.650	-1.050	0.000	14.39732552
-1.550	-1.050	0.000	14.28665924
-1.450	-1.050	0.000	14.11525536
-1.350	-1.050	0.000	14.01037788
-1.250	-1.050	0.000	13.90140152
-1.150	-1.050	0.000	13.74745369
-1.050	-1.050	0.000	13.59314156
-0.950	-1.050	0.000	13.45711517
-0.850	-1.050	0.000	13.36484718
-0.750	-1.050	0.000	13.33861923
-0.650	-1.050	0.000	13.33900833
-0.550	-1.050	0.000	13.35904121
-0.450	-1.050	0.000	13.38921928
-0.350	-1.050	0.000	13.42510223
-0.250	-1.050	0.000	13.47101879
-0.150	-1.050	0.000	13.51625443
-0.050	-1.050	0.000	13.54370785
0.050	-1.050	0.000	13.55137634
0.150	-1.050	0.000	13.56152725
0.250	-1.050	0.000	13.59210014
0.350	-1.050	0.000	13.64761257
0.450	-1.050	0.000	13.70741463
0.550	-1.050	0.000	13.77077293
0.650	-1.050	0.000	13.82140636
0.750	-1.050	0.000	13.84881401
0.850	-1.050	0.000	13.84446049
0.950	-1.050	0.000	13.74398613
1.050	-1.050	0.000	13.64603329
1.150	-1.050	0.000	13.47867203
1.250	-1.050	0.000	13.29544258
1.350	-1.050	0.000	13.11757469
1.450	-1.050	0.000	13.03275299
1.550	-1.050	0.000	12.88883305
1.650	-1.050	0.000	12.81706333
1.750	-1.050	0.000	12.74115372
1.850	-1.050	0.000	12.72378159
1.950	-1.050	0.000	12.71099186
2.050	-1.050	0.000	12.75220966
2.150	-1.050	0.000	12.75349808
2.250	-1.050	0.000	12.97009468
2.350	-1.050	0.000	13.02221298
2.450	-1.050	0.000	13.43289375
-2.450	-0.950	0.000	15.59704399
-2.350	-0.950	0.000	15.55305672
-2.250	-0.950	0.000	15.66425896
-2.150	-0.950	0.000	15.45734024
-2.050	-0.950	0.000	15.33005238
-1.950	-0.950	0.000	15.06505871
-1.850	-0.950	0.000	14.72310638
-1.750	-0.950	0.000	14.54610348
-1.650	-0.950	0.000	14.24934959
-1.550	-0.950	0.000	14.09895897
-1.450	-0.950	0.000	13.91484261
-1.350	-0.950	0.000	13.78004074
-1.250	-0.950	0.000	13.64826965
-1.150	-0.950	0.000	13.48247719
-1.050	-0.950	0.000	13.34133720
-0.950	-0.950	0.000	13.21765137
-0.850	-0.950	0.000	13.13843250
-0.750	-0.950	0.000	13.12997055
-0.650	-0.950	0.000	13.18027496
-0.550	-0.950	0.000	13.23677254
-0.450	-0.950	0.000	13.29181480
-0.350	-0.950	0.000	13.34289837
-0.250	-0.950	0.000	13.38543892
-0.150	-0.950	0.000	13.40841293
-0.050	-0.950	0.000	13.40166664
0.050	-0.950	0.000	13.37496376
0.150	-0.950	0.000	13.36645126
0.250	-0.950	0.000	13.39295006
0.350	-0.950	0.000	13.44547176
0.450	-0.950	0.000	13.50180435
0.550	-0.950	0.000	13.56289196
0.650	-0.950	0.000	13.62166595
0.750	-0.950	0.000	13.66224670
0.850	-0.950	0.000	13.67339230
0.950	-0.950	0.000	13.58303642
1.050	-0.950	0.000	13.49349594
1.150	-0.950	0.000	13.34385777
1.250	-0.950	0.000	13.19013023
1.350	-0.950	0.000	13.03264236
1.450	-0.950	0.000	12.93741035
1.550	-0.950	0.000	12.83055305
1.650	-0.950	0.000	12.76066208
1.750	-0.950	0.000	12.71181393
1.850	-0.950	0.000	12.71228600
1.950	-0.950	0.000	12.71306229
2.050	-0.950	0.000	12.76493835
2.150	-0.950	0.000	12.77569008
2.250	-0.950	0.000	13.01969242
2.350	-0.950	0.000	13.09492016
2.450	-0.950	0.000	13.52722549
-2.450	-0.850	0.000	15.35861778
-2.350	-0.850	0.000	15.28502369
-2.250	-0.850	0.000	15.36638737
-2.150	-0.850	0.000	15.20996284
-2.050	-0.850	0.000	15.11855316
-1.950	-0.850	0.000	14.91432762
-1.850	-0.850	0.000	14.59110546
-1.750	-0.850	0.000	14.36988068
-1.650	-0.850	0.000	14.06130886
-1.550	-0.850	0.000	13.88056183
-1.450	-0.850	0.000	13.68297005
-1.350	-0.850	0.000	13.52891541
-1.250	-0.850	0.000	13.39031982
-1.150	-0.850	0.000	13.22856617
-1.050	-0.850	0.000	13.11045742
-0.950	-0.850	0.000	13.00015736
-0.850	-0.850	0.000	12.96112633
-0.750	-0.850	0.000	12.96883488
-0.650	-0.850	0.000	13.05392265
-0.550	-0.850	0.000	13.14522743
-0.450	-0.850	0.000	13.22481918
-0.350	-0.850	0.000	13.28828621
-0.250	-0.850	0.000	13.32317543
-0.150	-0.850	0.000	13.31944466
-0.050	-0.850	0.000	13.27766800
0.050	-0.850	0.000	13.21714401
0.150	-0.850	0.000	13.19243431
0.250	-0.850	0.000	13.20503616
0.350	-0.850	0.000	13.24387741
0.450	-0.850	0.000	13.28309441
0.550	-0.850	0.000	13.32744789
0.650	-0.850	0.000	13.37536716
0.750	-0.850	0.000	13.42247200
0.850	-0.850	0.000	13.45363808
0.950	-0.850	0.000	13.39588642
1.050	-0.850	0.000	13.34069252
1.150	-0.850	0.000	13.21818161
1.250	-0.850	0.000	13.09305382
1.350	-0.850	0.000	12.96945000
1.450	-0.850	0.000	12.86940765
1.550	-0.850	0.000	12.79617310
1.650	-0.850	0.000	12.72939682
1.750	-0.850	0.000	12.70610809
1.850	-0.850	0.000	12.73249722
1.950	-0.850	0.000	12.76814556
2.050	-0.850	0.000	12.83512497
2.150	-0.850	0.000	12.86089516
2.250	-0.850	0.000	13.12135887
2.350	-0.850	0.000	13.21551132
2.450	-0.850	0.000	13.66382885
-2.450	-0.750	0.000	15.08731651
-2.350	-0.750	0.000	14.97999287
-2.250	-0.750	0.000	15.02554893
-2.150	-0.750	0.000	14.89308929
-2.050	-0.750	0.000	14.85855484
-1.950	-0.750	0.000	14.66699982
-1.850	-0.750	0.000	14.39926338
-1.750	-0.750	0.000	14.15463734
-1.650	-0.750	0.000	13.84150887
-1.550	-0.750	0.000	13.63597393
-1.450	-0.750	0.000	13.42374229
-1.350	-0.750	0.000	13.26097298
-1.250	-0.750	0.000	13.12813663
-1.150	-0.750	0.000	12.98507881
-1.050	-0.750	0.000	12.89585686
-0.950	-0.750	0.000	12.82151413
-0.850	-0.750	0.000	12.82381821
-0.750	-0.750	0.000	12.86932659
-0.650	-0.750	0.000	12.98919106
-0.550	-0.750	0.000	13.11864376
-0.450	-0.750	0.000	13.22384262
-0.350	-0.750	0.000	13.28567696
-0.250	-0.750	0.000	13.30216408
-0.150	-0.750	0.000	13.26587391
-0.050	-0.750	0.000	13.19423866
0.050	-0.750	0.000	13.11106491
0.150	-0.750	0.000	13.07299042
0.250	-0.750	0.000	13.07731724
0.350	-0.750	0.000	13.10261822
0.450	-0.750	0.000	13.12453842
0.550	-0.750	0.000	13.15178299
0.650	-0.750	0.000	13.19383621
0.750	-0.750	0.000	13.24479961
0.850	-0.750	0.000	13.27677059
0.950	-0.750	0.000	13.24739075
1.050	-0.750	0.000	13.21805000
1.150	-0.750	0.000	13.13104248
1.250	-0.750	0.000	13.04348183
1.350	-0.750	0.000	12.95940590
1.450	-0.750	0.000	12.88957024
1.550	-0.750	0.000	12.82758141
1.650	-0.750	0.000	12.80249405
1.750	-0.750	0.000	12.79750633
1.850	-0.750	0.000	12.84144020
1.950	-0.750	0.000	12.89620781
2.050	-0.750	0.000	12.97016144
2.150	-0.750	0.000	13.00640011
2.250	-0.750	0.000	13.27040291
2.350	-0.750	0.000	13.37994099
2.450	-0.750	0.000	13.84792900
-2.450	-0.650	0.000	14.80386162
-2.350	-0.650	0.000	14.65845394
-2.250	-0.650	0.000	14.66851234
-2.150	-0.650	0.000	14.54804516
-2.050	-0.650	0.000	14.56192589
-1.950	-0.650	0.000	14.38245010
-1.850	-0.650	0.000	14.17708778
-1.750	-0.650	0.000	13.92241955
-1.650	-0.650	0.000	13.60982704
-1.550	-0.650	0.000	13.39393806
-1.450	-0.650	0.000	13.17320824
-1.350	-0.650	0.000	13.00521469
-1.250	-0.650	0.000	12.87893867
-1.150	-0.650	0.000	12.75992584
-1.050	-0.650	0.000	12.69759846
-0.950	-0.650	0.000	12.66605759
-0.850	-0.650	0.000	12.71056652
-0.750	-0.650	0.000	12.80043411
-0.650	-0.650	0.000	12.96066284
-0.550	-0.650	0.000	13.11789322
-0.450	-0.650	0.000	13.23314857
-0.350	-0.650	0.000	13.28331947
-0.250	-0.650	0.000	13.28117466
-0.150	-0.650	0.000	13.22395325
-0.050	-0.650	0.000	13.14148426
0.050	-0.650	0.000	13.05641460
0.150	-0.650	0.000	13.02258110
0.250	-0.650	0.000	13.03351402
0.350	-0.650	0.000	13.05276489
0.450	-0.650	0.000	13.05973244
0.550	-0.650	0.000	13.06499100
0.650	-0.650	0.000	13.08565426
0.750	-0.650	0.000	13.13073158
0.850	-0.650	0.000	13.14582443
0.950	-0.650	0.000	13.12290764
1.050	-0.650	0.000	13.10534382
1.150	-0.650	0.000	13.05326176
1.250	-0.650	0.000	13.00033188
1.350	-0.650	0.000	12.95163441
1.450	-0.650	0.000	12.90421963
1.550	-0.650	0.000	12.86968803
1.650	-0.650	0.000	12.88967323
1.750	-0.650	0.000	12.91145897
1.850	-0.650	0.000	12.97843552
1.950	-0.650	0.000	13.04666519
2.050	-0.650	0.000	13.13253975
2.150	-0.650	0.000	13.17410278
2.250	-0.650	0.000	13.42517185
2.350	-0.650	0.000	13.52982330
2.450	-0.650	0.000	13.97495556
-2.450	-0.550	0.000	14.52906227
-2.350	-0.550	0.000	14.38009834
-2.250	-0.550	0.000	14.33320999
-2.150	-0.550	0.000	14.23714638
-2.050	-0.550	0.000	14.26122284
-1.950	-0.550	0.000	14.11370087
-1.850	-0.550	0.000	13.95275307
-1.750	-0.550	0.000	13.71118355
-1.650	-0.550	0.000	13.41225052
-1.550	-0.550	0.000	13.19990826
-1.450	-0.550	0.000	12.98674583
-1.350	-0.550	0.000	12.82789326
-1.250	-0.550	0.000	12.72482204
-1.150	-0.550	0.000	12.65221310
-1.050	-0.550	0.000	12.64160061
-0.950	-0.550	0.000	12.65937424
-0.850	-0.550	0.000	12.74115753
-0.750	-0.550	0.000	12.86857414
-0.650	-0.550	0.000	13.05491066
-0.550	-0.550	0.000	13.23111916
-0.450	-0.550	0.000	13.35558319
-0.350	-0.550	0.000	13.39451218
-0.250	-0.550	0.000	13.37123108
-0.150	-0.550	0.000	13.28422832
-0.050	-0.550	0.000	13.19511986
0.050	-0.550	0.000	13.11698151
0.150	-0.550	0.000	13.09067345
0.250	-0.550	0.000	13.10703850
0.350	-0.550	0.000	13.11844921
0.450	-0.550	0.000	13.11061668
0.550	-0.550	0.000	13.09233475
0.650	-0.550	0.000	13.09023857
0.750	-0.550	0.000	13.11522198
0.850	-0.550	0.000	13.10110855
0.950	-0.550	0.000	13.08855629
1.050	-0.550	0.000	13.06788635
1.150	-0.550	0.000	13.03289223
1.250	-0.550	0.000	13.00520802
1.350	-0.550	0.000	12.97557259
1.450	-0.550	0.000	12.93977261
1.550	-0.550	0.000	12.92522144
1.650	-0.550	0.000	12.95256615
1.750	-0.550	0.000	13.00140667
1.850	-0.550	0.000	13.09156036
1.950	-0.550	0.000	13.15988827
2.050	-0.550	0.000	13.25719833
2.150	-0.550	0.000	13.30564499
2.250	-0.550	0.000	13.55416107
2.350	-0.550	0.000	13.66582012
2.450	-0.550	0.000	14.08765602
-2.450	-0.450	0.000	14.34385777
-2.350	-0.450	0.000	14.21916294
-2.250	-0.450	0.000	14.09914398
-2.150	-0.450	0.000	14.02077103
-2.050	-0.450	0.000	14.03662109
-1.950	-0.450	0.000	13.92120457
-1.850	-0.450	0.000	13.77421856
-1.750	-0.450	0.000	13.56709576
-1.650	-0.450	0.000	13.28841305
-1.550	-0.450	0.000	13.08019829
-1.450	-0.450	0.000	12.88521194
-1.350	-0.450	0.000	12.73868942
-1.250	-0.450	0.000	12.66235447
-1.150	-0.450	0.000	12.61023712
-1.050	-0.450	0.000	12.59997940
-0.950	-0.450	0.000	12.66562176
-0.850	-0.450	0.000	12.75909996
-0.750	-0.450	0.000	12.92532158
-0.650	-0.450	0.000	13.12616730
-0.550	-0.450	0.000	13.30234337
-0.450	-0.450	0.000	13.42127419
-0.350	-0.450	0.000	13.43157768
-0.250	-0.450	0.000	13.42024422
-0.150	-0.450	0.000	13.35693359
-0.050	-0.450	0.000	13.27157784
0.050	-0.450	0.000	13.21582603
0.150	-0.450	0.000	13.21322823
0.250	-0.450	0.000	13.24402618
0.350	-0.450	0.000	13.25978851
0.450	-0.450	0.000	13.24207592
0.550	-0.450	0.000	13.20863914
0.650	-0.450	0.000	13.18494415
0.750	-0.450	0.000	13.20418930
0.850	-0.450	0.000	13.16369438
0.950	-0.450	0.000	13.13891029
1.050	-0.450	0.000	13.09304810
1.150	-0.450	0.000	13.05350494
1.250	-0.450	0.000	13.02654076
1.350	-0.450	0.000	13.00195122
1.450	-0.450	0.000	12.96963692
1.550	-0.450	0.000	12.96021748
1.650	-0.450	0.000	12.99314880
1.750	-0.450	0.000	13.05605888
1.850	-0.450	0.000	13.16547203
1.950	-0.450	0.000	13.24214554
2.050	-0.450	0.000	13.35485840
2.150	-0.450	0.000	13.41460896
2.250	-0.450	0.000	13.65655613
2.350	-0.450	0.000	13.77197742
2.450	-0.450	0.000	14.17096519
-2.450	-0.350	0.000	14.32297516
-2.350	-0.350	0.000	14.22604561
-2.250	-0.350	0.000	14.05066490
-2.150	-0.350	0.000	13.97744370
-2.050	-0.350	0.000	13.96440125
-1.950	-0.350	0.000	13.86452484
-1.850	-0.350	0.000	13.73918915
-1.750	-0.350	0.000	13.57832336
-1.650	-0.350	0.000	13.34149742
-1.550	-0.350	0.000	13.16562653
-1.450	-0.350	0.000	12.98709106
-1.350	-0.350	0.000	12.87183189
-1.250	-0.350	0.000	12.81144905
-1.150	-0.350	0.000	12.78595924
-1.050	-0.350	0.000	12.80305481
-0.950	-0.350	0.000	12.89256382
-0.850	-0.350	0.000	12.98334122
-0.750	-0.350	0.000	13.14076614
-0.650	-0.350	0.000	13.31576157
-0.550	-0.350	0.000	13.45801353
-0.450	-0.350	0.000	13.56404591
-0.350	-0.350	0.000	13.57480907
-0.250	-0.350	0.000	13.55754662
-0.150	-0.350	0.000	13.52413273
-0.050	-0.350	0.000	13.44326115
0.050	-0.350	0.000	13.39828682
0.150	-0.350	0.000	13.40656185
0.250	-0.350	0.000	13.45434093
0.350	-0.350	0.000	13.47424698
0.450	-0.350	0.000	13.44740868
0.550	-0.350	0.000	13.39940834
0.650	-0.350	0.000	13.35383606
0.750	-0.350	0.000	13.35781860
0.850	-0.350	0.000	13.30227661
0.950	-0.350	0.000	13.26361847
1.050	-0.350	0.000	13.19642353
1.150	-0.350	0.000	13.13953972
1.250	-0.350	0.000	13.09072685
1.350	-0.350	0.000	13.04211044
1.450	-0.350	0.000	12.98880196
1.550	-0.350	0.000	12.96934891
1.650	-0.350	0.000	12.99666023
1.750	-0.350	0.000	13.06589890
1.850	-0.350	0.000	13.19069290
1.950	-0.350	0.000	13.27909279
2.050	-0.350	0.000	13.41135120
2.150	-0.350	0.000	13.49577332
2.250	-0.350	0.000	13.73799992
2.350	-0.350	0.000	13.85495377
2.450	-0.350	0.000	14.24004841
-2.450	-0.250	0.000	14.42291832
-2.350	-0.250	0.000	14.36075974
-2.250	-0.250	0.000	14.13955879
-2.150	-0.250	0.000	14.06958675
-2.050	-0.250	0.000	14.01582146
-1.950	-0.250	0.000	13.91841316
-1.850	-0.250	0.000	13.80306721
-1.750	-0.250	0.000	13.65680122
-1.650	-0.250	0.000	13.44951820
-1.550	-0.250	0.000	13.29464722
-1.450	-0.250	0.000	13.13354874
-1.350	-0.250	0.000	13.07424736
-1.250	-0.250	0.000	13.07051277
-1.150	-0.250	0.000	13.10380936
-1.050	-0.250	0.000	13.15211678
-0.950	-0.250	0.000	13.25200462
-0.850	-0.250	0.000	13.34575748
-0.750	-0.250	0.000	13.46994019
-0.650	-0.250	0.000	13.60333824
-0.550	-0.250	0.000	13.70145512
-0.450	-0.250	0.000	13.79319000
-0.350	-0.250	0.000	13.80272961
-0.250	-0.250	0.000	13.78232193
-0.150	-0.250	0.000	13.72475147
-0.050	-0.250	0.000	13.62874603
0.050	-0.250	0.000	13.58279705
0.150	-0.250	0.000	13.60424423
0.250	-0.250	0.000	13.65340424
0.350	-0.250	0.000	13.68025589
0.450	-0.250	0.000	13.66364861
0.550	-0.250	0.000	13.62606621
0.650	-0.250	0.000	13.57795143
0.750	-0.250	0.000	13.55434704
0.850	-0.250	0.000	13.48158455
0.950	-0.250	0.000	13.41940212
1.050	-0.250	0.000	13.33157730
1.150	-0.250	0.000	13.25399876
1.250	-0.250	0.000	13.18222427
1.350	-0.250	0.000	13.10719776
1.450	-0.250	0.000	13.02344418
1.550	-0.250	0.000	12.97728729
1.650	-0.250	0.000	12.98528481
1.750	-0.250	0.000	13.04719162
1.850	-0.250	0.000	13.17208481
1.950	-0.250	0.000	13.26736927
2.050	-0.250	0.000	13.41400719
2.150	-0.250	0.000	13.52243519
2.250	-0.250	0.000	13.77358246
2.350	-0.250	0.000	13.90715885
2.450	-0.250	0.000	14.30380154
-2.450	-0.150	0.000	14.63446617
-2.350	-0.150	0.000	14.63281822
-2.250	-0.150	0.000	14.38291073
-2.150	-0.150	0.000	14.31444836
-2.050	-0.150	0.000	14.22873497
-1.950	-0.150	0.000	14.12704563
-1.850	-0.150	0.000	14.02681351
-1.750	-0.150	0.000	13.90461826
-1.650	-0.150	0.000	13.74065018
-1.550	-0.150	0.000	13.65066147
-1.450	-0.150	0.000	13.53444958
-1.350	-0.150	0.000	13.50621414
-1.250	-0.150	0.000	13.51849079
-1.150	-0.150	0.000	13.55456161
-1.050	-0.150	0.000	13.59146690
-0.950	-0.150	0.000	13.61306572
-0.850	-0.150	0.000	13.66742325
-0.750	-0.150	0.000	13.70468903
-0.650	-0.150	0.000	13.78316879
-0.550	-0.150	0.000	13.86182594
-0.450	-0.150	0.000	13.95687103
-0.350	-0.150	0.000	13.98108292
-0.250	-0.150	0.000	13.97032928
-0.150	-0.150	0.000	13.91909313
-0.050	-0.150	0.000	13.82330799
0.050	-0.150	0.000	13.75872803
0.150	-0.150	0.000	13.76099586
0.250	-0.150	0.000	13.82520485
0.350	-0.150	0.000	13.87524605
0.450	-0.150	0.000	13.88179684
0.550	-0.150	0.000	13.85149956
0.650	-0.150	0.000	13.80414677
0.750	-0.150	0.000	13.77925491
0.850	-0.150	0.000	13.71985054
0.950	-0.150	0.000	13.64805603
1.050	-0.150	0.000	13.54848766
1.150	-0.150	0.000	13.45188904
1.250	-0.150	0.000	13.35774612
1.350	-0.150	0.000	13.25596428
1.450	-0.150	0.000	13.14716911
1.550	-0.150	0.000	13.06942749
1.650	-0.150	0.000	13.05180550
1.750	-0.150	0.000	13.09862804
1.850	-0.150	0.000	13.21795845
1.950	-0.150	0.000	13.32056427
2.050	-0.150	0.000	13.47429562
2.150	-0.150	0.000	13.58375740
2.250	-0.150	0.000	13.82826138
2.350	-0.150	0.000	13.95852089
2.450	-0.150	0.000	14.35454655
-2.450	-0.050	0.000	14.91484451
-2.350	-0.050	0.000	14.98694515
-2.250	-0.050	0.000	14.72277069
-2.150	-0.050	0.000	14.62200546
-2.050	-0.050	0.000	14.53209209
-1.950	-0.050	0.000	14.41988945
-1.850	-0.050	0.000	14.34376526
-1.750	-0.050	0.000	14.26381493
-1.650	-0.050	0.000	14.17138672
-1.550	-0.050	0.000	14.13505650
-1.450	-0.050	0.000	14.05808258
-1.350	-0.050	0.000	14.05180931
-1.250	-0.050	0.000	14.05888939
-1.150	-0.050	0.000	14.06014061
-1.050	-0.050	0.000	14.04209328
-0.950	-0.050	0.000	13.96619034
-0.850	-0.050	0.000	13.94012356
-0.750	-0.050	0.000	13.91065788
-0.650	-0.050	0.000	13.96650600
-0.550	-0.050	0.000	14.03394032
-0.450	-0.050	0.000	14.13257504
-0.350	-0.050	0.000	14.15101814
-0.250	-0.050	0.000	14.13652420
-0.150	-0.050	0.000	14.05891800
-0.050	-0.050	0.000	13.93798637
0.050	-0.050	0.000	13.87115860
0.150	-0.050	0.000	13.86922836
0.250	-0.050	0.000	13.95253754
0.350	-0.050	0.000	14.02614594
0.450	-0.050	0.000	14.05080605
0.550	-0.050	0.000	14.04966736
0.650	-0.050	0.000	14.02833176
0.750	-0.050	0.000	14.00346756
0.850	-0.050	0.000	13.95500565
0.950	-0.050	0.000	13.85269070
1.050	-0.050	0.000	13.74676228
1.150	-0.050	0.000	13.63259125
1.250	-0.050	0.000	13.51763916
1.350	-0.050	0.000	13.40135765
1.450	-0.050	0.000	13.27542782
1.550	-0.050	0.000	13.16537857
1.650	-0.050	0.000	13.11185074
1.750	-0.050	0.000	13.12096596
1.850	-0.050	0.000	13.20535755
1.950	-0.050	0.000	13.30550385
2.050	-0.050	0.000	13.46516800
2.150	-0.050	0.000	13.59184933
2.250	-0.050	0.000	13.84997177
2.350	-0.050	0.000	13.98689938
2.450	-0.050	0.000	14.38434601
-2.450	0.050	0.000	15.13397408
-2.350	0.050	0.000	15.29806900
-2.250	0.050	0.000	15.01286888
-2.150	0.050	0.000	14.88974571
-2.050	0.050	0.000	14.79588509
-1.950	0.050	0.000	14.69339466
-1.850	0.050	0.000	14.64790058
-1.750	0.050	0.000	14.58819294
-1.650	0.050	0.000	14.54190540
-1.550	0.050	0.000	14.51271725
-1.450	0.050	0.000	14.44617271
-1.350	0.050	0.000	14.38727188
-1.250	0.050	0.000	14.33923626
-1.150	0.050	0.000	14.27139091
-1.050	0.050	0.000	14.19337463
-0.950	0.050	0.000	14.06294537
-0.850	0.050	0.000	14.02264404
-0.750	0.050	0.000	13.97257137
-0.650	0.050	0.000	14.04003906
-0.550	0.050	0.000	14.12921619
-0.450	0.050	0.000	14.24109459
-0.350	0.050	0.000	14.27526474
-0.250	0.050	0.000	14.22071838
-0.150	0.050	0.000	14.11065292
-0.050	0.050	0.000	13.96628189
0.050	0.050	0.000	13.87634468
0.150	0.050	0.000	13.88129425
0.250	0.050	0.000	13.99043274
0.350	0.050	0.000	14.11093044
0.450	0.050	0.000	14.18079376
0.550	0.050	0.000	14.20163822
0.650	0.050	0.000	14.18632698
0.750	0.050	0.000	14.17089558
0.850	0.050	0.000	14.14415932
0.950	0.050	0.000	14.07182884
1.050	0.050	0.000	13.97065163
1.150	0.050	0.000	13.85912514
1.250	0.050	0.000	13.75027847
1.350	0.050	0.000	13.62142181
1.450	0.050	0.000	13.47865391
1.550	0.050	0.000	13.35296822
1.650	0.050	0.000	13.29109764
1.750	0.050	0.000	13.28244400
1.850	0.050	0.000	13.34650421
1.950	0.050	0.000	13.42831898
2.050	0.050	0.000	13.56303787
2.150	0.050	0.000	13.67461681
2.250	0.050	0.000	13.91270447
2.350	0.050	0.000	14.03907013
2.450	0.050	0.000	14.40933609
-2.450	0.150	0.000	15.20945740
-2.350	0.150	0.000	15.46368217
-2.250	0.150	0.000	15.20479012
-2.150	0.150	0.000	15.07547379
-2.050	0.150	0.000	14.96772957
-1.950	0.150	0.000	14.82864761
-1.850	0.150	0.000	14.80241680
-1.750	0.150	0.000	14.72824764
-1.650	0.150	0.000	14.70285034
-1.550	0.150	0.000	14.68990707
-1.450	0.150	0.000	14.61168003
-1.350	0.150	0.000	14.51187325
-1.250	0.150	0.000	14.42726421
-1.150	0.150	0.000	14.32644367
-1.050	0.150	0.000	14.22002506
-0.950	0.150	0.000	14.07654190
-0.850	0.150	0.000	14.05182266
-0.750	0.150	0.000	14.01311874
-0.650	0.150	0.000	14.09580421
-0.550	0.150	0.000	14.19459152
-0.450	0.150	0.000	14.29990578
-0.350	0.150	0.000	14.31645775
-0.250	0.150	0.000	14.24373817
-0.150	0.150	0.000	14.11731529
-0.050	0.150	0.000	13.96139526
0.050	0.150	0.000	13.87676620
0.150	0.150	0.000	13.87936974
0.250	0.150	0.000	13.99825096
0.350	0.150	0.000	14.13237190
0.450	0.150	0.000	14.22515106
0.550	0.150	0.000	14.28110981
0.650	0.150	0.000	14.30557632
0.750	0.150	0.000	14.31661034
0.850	0.150	0.000	14.31222057
0.950	0.150	0.000	14.25552559
1.050	0.150	0.000	14.17412090
1.150	0.150	0.000	14.05328083
1.250	0.150	0.000	13.90712738
1.350	0.150	0.000	13.76587486
1.450	0.150	0.000	13.65420437
1.550	0.150	0.000	13.55867481
1.650	0.150	0.000	13.50081062
1.750	0.150	0.000	13.46923351
1.850	0.150	0.000	13.49572754
1.950	0.150	0.000	13.54784775
2.050	0.150	0.000	13.66796494
2.150	0.150	0.000	13.76237869
2.250	0.150	0.000	13.98535728
2.350	0.150	0.000	14.09812737
2.450	0.150	0.000	14.45545769
-2.450	0.250	0.000	15.14788914
-2.350	0.250	0.000	15.48437691
-2.250	0.250	0.000	15.26871300
-2.150	0.250	0.000	15.12790298
-2.050	0.250	0.000	14.99072838
-1.950	0.250	0.000	14.82956886
-1.850	0.250	0.000	14.84680843
-1.750	0.250	0.000	14.79206467
-1.650	0.250	0.000	14.77611637
-1.550	0.250	0.000	14.73683357
-1.450	0.250	0.000	14.63831139
-1.350	0.250	0.000	14.50721931
-1.250	0.250	0.000	14.36790848
-1.150	0.250	0.000	14.21688652
-1.050	0.250	0.000	14.10985661
-0.950	0.250	0.000	14.01444817
-0.850	0.250	0.000	14.03019524
-0.750	0.250	0.000	14.04693222
-0.650	0.250	0.000	14.13834572
-0.550	0.250	0.000	14.23796940
-0.450	0.250	0.000	14.32021999
-0.350	0.250	0.000	14.32596397
-0.250	0.250	0.000	14.22909355
-0.150	0.250	0.000	14.09374619
-0.050	0.250	0.000	13.93668556
0.050	0.250	0.000	13.85597992
0.150	0.250	0.000	13.86453056
0.250	0.250	0.000	13.97744370
0.350	0.250	0.000	14.11468601
0.450	0.250	0.000	14.20600700
0.550	0.250	0.000	14.26013947
0.650	0.250	0.000	14.29080772
0.750	0.250	0.000	14.31337261
0.850	0.250	0.000	14.33546257
0.950	0.250	0.000	14.32252121
1.050	0.250	0.000	14.27180862
1.150	0.250	0.000	14.18788147
1.250	0.250	0.000	14.08293724
1.350	0.250	0.000	13.96737862
1.450	0.250	0.000	13.84697342
1.550	0.250	0.000	13.74279785
1.650	0.250	0.000	13.70099735
1.750	0.250	0.000	13.68402290
1.850	0.250	0.000	13.72369194
1.950	0.250	0.000	13.76200008
2.050	0.250	0.000	13.85356522
2.150	0.250	0.000	13.91470337
2.250	0.250	0.000	14.10014820
2.350	0.250	0.000	14.18097782
2.450	0.250	0.000	14.50695133
-2.450	0.350	0.000	15.11922455
-2.350	0.350	0.000	15.55437279
-2.250	0.350	0.000	15.39414883
-2.150	0.350	0.000	15.25324154
-2.050	0.350	0.000	15.10010815
-1.950	0.350	0.000	14.88897800
-1.850	0.350	0.000	14.88065243
-1.750	0.350	0.000	14.82597256
-1.650	0.350	0.000	14.80612564
-1.550	0.350	0.000	14.75405502
-1.450	0.350	0.000	14.62139130
-1.350	0.350	0.000	14.46162605
-1.250	0.350	0.000	14.28061581
-1.150	0.350	0.000	14.11837769
-1.050	0.350	0.000	14.01138115
-0.950	0.350	0.000	13.95712471
-0.850	0.350	0.000	13.96957779
-0.750	0.350	0.000	14.03686714
-0.650	0.350	0.000	14.13036537
-0.550	0.350	0.000	14.22279739
-0.450	0.350	0.000	14.30380630
-0.350	0.350	0.000	14.31714058
-0.250	0.350	0.000	14.24293613
-0.150	0.350	0.000	14.09750938
-0.050	0.350	0.000	13.91672325
0.050	0.350	0.000	13.80697441
0.150	0.350	0.000	13.80244923
0.250	0.350	0.000	13.88467407
0.350	0.350	0.000	14.00559807
0.450	0.350	0.000	14.11028194
0.550	0.350	0.000	14.18472385
0.650	0.350	0.000	14.23101997
0.750	0.350	0.000	14.24573326
0.850	0.350	0.000	14.28770256
0.950	0.350	0.000	14.29205036
1.050	0.350	0.000	14.27193832
1.150	0.350	0.000	14.22472763
1.250	0.350	0.000	14.14535809
1.350	0.350	0.000	14.05334377
1.450	0.350	0.000	13.97215843
1.550	0.350	0.000	13.90045071
1.650	0.350	0.000	13.88543034
1.750	0.350	0.000	13.87370682
1.850	0.350	0.000	13.90672207
1.950	0.350	0.000	13.94188786
2.050	0.350	0.000	14.00290298
2.150	0.350	0.000	14.02122688
2.250	0.350	0.000	14.16278648
2.350	0.350	0.000	14.20275879
2.450	0.350	0.000	14.48118973
-2.450	0.450	0.000	15.10071182
-2.350	0.450	0.000	15.61824989
-2.250	0.450	0.000	15.52064705
-2.150	0.450	0.000	15.39445114
-2.050	0.450	0.000	15.26885796
-1.950	0.450	0.000	15.00513458
-1.850	0.450	0.000	14.94630051
-1.750	0.450	0.000	14.87741852
-1.650	0.450	0.000	14.83438683
-1.550	0.450	0.000	14.77721977
-1.450	0.450	0.000	14.63111877
-1.350	0.450	0.000	14.46071243
-1.250	0.450	0.000	14.28262138
-1.150	0.450	0.000	14.13219643
-1.050	0.450	0.000	14.03031826
-0.950	0.450	0.000	13.98091602
-0.850	0.450	0.000	13.96932983
-0.750	0.450	0.000	14.04974937
-0.650	0.450	0.000	14.10849762
-0.550	0.450	0.000	14.20149040
-0.450	0.450	0.000	14.28847313
-0.350	0.450	0.000	14.31351852
-0.250	0.450	0.000	14.25711441
-0.150	0.450	0.000	14.11599922
-0.050	0.450	0.000	13.95904350
0.050	0.450	0.000	13.84139633
0.150	0.450	0.000	13.80631447
0.250	0.450	0.000	13.85705662
0.350	0.450	0.000	13.95139694
0.450	0.450	0.000	14.05096245
0.550	0.450	0.000	14.12451744
0.650	0.450	0.000	14.17179108
0.750	0.450	0.000	14.17064095
0.850	0.450	0.000	14.20424271
0.950	0.450	0.000	14.22576904
1.050	0.450	0.000	14.24443436
1.150	0.450	0.000	14.24236202
1.250	0.450	0.000	14.20686531
1.350	0.450	0.000	14.13068199
1.450	0.450	0.000	14.05032063
1.550	0.450	0.000	13.99242687
1.650	0.450	0.000	13.99290848
1.750	0.450	0.000	14.01038742
1.850	0.450	0.000	14.08780861
1.950	0.450	0.000	14.12649727
2.050	0.450	0.000	14.17012119
2.150	0.450	0.000	14.16075516
2.250	0.450	0.000	14.25457573
2.350	0.450	0.000	14.26017857
2.450	0.450	0.000	14.46671200
-2.450	0.550	0.000	15.06441498
-2.350	0.550	0.000	15.70840263
-2.250	0.550	0.000	15.67334557
-2.150	0.550	0.000	15.63290787
-2.050	0.550	0.000	15.49257565
-1.950	0.550	0.000	15.16489124
-1.850	0.550	0.000	15.06238174
-1.750	0.550	0.000	14.97077370
-1.650	0.550	0.000	14.88360596
-1.550	0.550	0.000	14.78159428
-1.450	0.550	0.000	14.64353180
-1.350	0.550	0.000	14.48562050
-1.250	0.550	0.000	14.31427860
-1.150	0.550	0.000	14.16443443
-1.050	0.550	0.000	14.07682323
-0.950	0.550	0.000	14.04332924
-0.850	0.550	0.000	14.05250263
-0.750	0.550	0.000	14.08104038
-0.650	0.550	0.000	14.11575127
-0.550	0.550	0.000	14.17247963
-0.450	0.550	0.000	14.26450920
-0.350	0.550	0.000	14.32248974
-0.250	0.550	0.000	14.32050705
-0.150	0.550	0.000	14.21320248
-0.050	0.550	0.000	14.04851151
0.050	0.550	0.000	13.88592625
0.150	0.550	0.000	13.80335045
0.250	0.550	0.000	13.81461334
0.350	0.550	0.000	13.88859940
0.450	0.550	0.000	13.97647667
0.550	0.550	0.000	14.02462196
0.650	0.550	0.000	14.05109787
0.750	0.550	0.000	14.01636124
0.850	0.550	0.000	14.04312038
0.950	0.550	0.000	14.06396389
1.050	0.550	0.000	14.08582973
1.150	0.550	0.000	14.09586239
1.250	0.550	0.000	14.08300209
1.350	0.550	0.000	14.05233479
1.450	0.550	0.000	14.01756954
1.550	0.550	0.000	13.98176956
1.650	0.550	0.000	13.99816704
1.750	0.550	0.000	14.02157211
1.850	0.550	0.000	14.10813332
1.950	0.550	0.000	14.17567253
2.050	0.550	0.000	14.26214027
2.150	0.550	0.000	14.25706577
2.250	0.550	0.000	14.31886673
2.350	0.550	0.000	14.27211189
2.450	0.550	0.000	14.43128204
-2.450	0.650	0.000	15.04421997
-2.350	0.650	0.000	15.68240356
-2.250	0.650	0.000	15.83556366
-2.150	0.650	0.000	15.85407066
-2.050	0.650	0.000	15.73197174
-1.950	0.650	0.000	15.47987747
-1.850	0.650	0.000	15.32996750
-1.750	0.650	0.000	15.19849873
-1.650	0.650	0.000	15.07111168
-1.550	0.650	0.000	14.94995308
-1.450	0.650	0.000	14.80191422
-1.350	0.650	0.000	14.63974380
-1.250	0.650	0.000	14.47762966
-1.150	0.650	0.000	14.33218193
-1.050	0.650	0.000	14.22921467
-0.950	0.650	0.000	14.16971684
-0.850	0.650	0.000	14.13170910
-0.750	0.650	0.000	14.12076569
-0.650	0.650	0.000	14.11258507
-0.550	0.650	0.000	14.14643478
-0.450	0.650	0.000	14.24797058
-0.350	0.650	0.000	14.34124565
-0.250	0.650	0.000	14.38381195
-0.150	0.650	0.000	14.32821465
-0.050	0.650	0.000	14.20245171
0.050	0.650	0.000	14.05979347
0.150	0.650	0.000	13.96282768
0.250	0.650	0.000	13.95410347
0.350	0.650	0.000	14.00020599
0.450	0.650	0.000	14.06104469
0.550	0.650	0.000	14.09105778
0.650	0.650	0.000	14.10173512
0.750	0.650	0.000	14.05598450
0.850	0.650	0.000	14.02780247
0.950	0.650	0.000	14.01891518
1.050	0.650	0.000	14.01921272
1.150	0.650	0.000	14.02004337
1.250	0.650	0.000	14.00819302
1.350	0.650	0.000	13.98081017
1.450	0.650	0.000	13.96416855
1.550	0.650	0.000	13.94798946
1.650	0.650	0.000	13.97701836
1.750	0.650	0.000	14.01856041
1.850	0.650	0.000	14.11014748
1.950	0.650	0.000	14.17916393
2.050	0.650	0.000	14.27561283
2.150	0.650	0.000	14.30071449
2.250	0.650	0.000	14.38880920
2.350	0.650	0.000	14.35872841
2.450	0.650	0.000	14.50859928
-2.450	0.750	0.000	14.91678238
-2.350	0.750	0.000	15.57617378
-2.250	0.750	0.000	15.91753197
-2.150	0.750	0.000	16.06010437
-2.050	0.750	0.000	16.01060104
-1.950	0.750	0.000	15.83131218
-1.850	0.750	0.000	15.60773277
-1.750	0.750	0.000	15.40966129
-1.650	0.750	0.000	15.27347183
-1.550	0.750	0.000	15.15787315
-1.450	0.750	0.000	15.05169964
-1.350	0.750	0.000	14.92474937
-1.250	0.750	0.000	14.75914955
-1.150	0.750	0.000	14.58378601
-1.050	0.750	0.000	14.42199230
-0.950	0.750	0.000	14.28456116
-0.850	0.750	0.000	14.17599869
-0.750	0.750	0.000	14.09494114
-0.650	0.750	0.000	14.08356857
-0.550	0.750	0.000	14.10067177
-0.450	0.750	0.000	14.19659233
-0.350	0.750	0.000	14.31894875
-0.250	0.750	0.000	14.38148880
-0.150	0.750	0.000	14.36676598
-0.050	0.750	0.000	14.28511429
0.050	0.750	0.000	14.16507149
0.150	0.750	0.000	14.07203579
0.250	0.750	0.000	14.05459023
0.350	0.750	0.000	14.09130669
0.450	0.750	0.000	14.13975525
0.550	0.750	0.000	14.15944004
0.650	0.750	0.000	14.16800404
0.750	0.750	0.000	14.12198448
0.850	0.750	0.000	14.05041313
0.950	0.750	0.000	14.01919365
1.050	0.750	0.000	13.99308395
1.150	0.750	0.000	13.97448444
1.250	0.750	0.000	13.95008659
1.350	0.750	0.000	13.91053867
1.450	0.750	0.000	13.87727165
1.550	0.750	0.000	13.85769939
1.650	0.750	0.000	13.89731598
1.750	0.750	0.000	13.94537354
1.850	0.750	0.000	14.05359077
1.950	0.750	0.000	14.13911247
2.050	0.750	0.000	14.25103474
2.150	0.750	0.000	14.31845474
2.250	0.750	0.000	14.42936420
2.350	0.750	0.000	14.43252754
2.450	0.750	0.000	14.60634232
-2.450	0.850	0.000	14.76918316
-2.350	0.850	0.000	15.40230751
-2.250	0.850	0.000	15.84558105
-2.150	0.850	0.000	16.05485153
-2.050	0.850	0.000	16.12590790
-1.950	0.850	0.000	15.96537399
-1.850	0.850	0.000	15.79222298
-1.750	0.850	0.000	15.51935196
-1.650	0.850	0.000	15.35078812
-1.550	0.850	0.000	15.22180748
-1.450	0.850	0.000	15.12636566
-1.350	0.850	0.000	15.03662109
-1.250	0.850	0.000	14.89189720
-1.150	0.850	0.000	14.71051216
-1.050	0.850	0.000	14.50703335
-0.950	0.850	0.000	14.30340385
-0.850	0.850	0.000	14.14635277
-0.750	0.850	0.000	14.04282761
-0.650	0.850	0.000	14.02056313
-0.550	0.850	0.000	14.05546951
-0.450	0.850	0.000	14.13171005
-0.350	0.850	0.000	14.26110363
-0.250	0.850	0.000	14.34669685
-0.150	0.850	0.000	14.36982441
-0.050	0.850	0.000	14.34145355
0.050	0.850	0.000	14.25115395
0.150	0.850	0.000	14.16868591
0.250	0.850	0.000	14.12585449
0.350	0.850	0.000	14.12622070
0.450	0.850	0.000	14.15820122
0.550	0.850	0.000	14.17353058
0.650	0.850	0.000	14.17548561
0.750	0.850	0.000	14.14908695
0.850	0.850	0.000	14.08393192
0.950	0.850	0.000	14.05093288
1.050	0.850	0.000	14.01647091
1.150	0.850	0.000	13.98418999
1.250	0.850	0.000	13.94819260
1.350	0.850	0.000	13.90852737
1.450	0.850	0.000	13.88154125
1.550	0.850	0.000	13.86054420
1.650	0.850	0.000	13.88735962
1.750	0.850	0.000	13.92250252
1.850	0.850	0.000	14.00933361
1.950	0.850	0.000	14.05335712
2.050	0.850	0.000	14.13813591
2.150	0.850	0.000	14.18582439
2.250	0.850	0.000	14.30281162
2.350	0.850	0.000	14.31774044
2.450	0.850	0.000	14.54326820
-2.450	0.950	0.000	14.70081329
-2.350	0.950	0.000	15.28644753
-2.250	0.950	0.000	15.75500679
-2.150	0.950	0.000	16.04020119
-2.050	0.950	0.000	16.19539452
-1.950	0.950	0.000	16.09315491
-1.850	0.950	0.000	15.91548157
-1.750	0.950	0.000	15.57434368
-1.650	0.950	0.000	15.35461044
-1.550	0.950	0.000	15.22362328
-1.450	0.950	0.000	15.10776806
-1.350	0.950	0.000	15.02099323
-1.250	0.950	0.000	14.91206360
-1.150	0.950	0.000	14.75819969
-1.050	0.950	0.000	14.56985092
-0.950	0.950	0.000	14.36501122
-0.850	0.950	0.000	14.18302917
-0.750	0.950	0.000	14.06278038
-0.650	0.950	0.000	14.02311897
-0.550	0.950	0.000	14.06364822
-0.450	0.950	0.000	14.13500118
-0.350	0.950	0.000	14.24725628
-0.250	0.950	0.000	14.33080101
-0.150	0.950	0.000	14.35407448
-0.050	0.950	0.000	14.32791901
0.050	0.950	0.000	14.24553680
0.150	0.950	0.000	14.16757393
0.250	0.950	0.000	14.11987209
0.350	0.950	0.000	14.10161114
0.450	0.950	0.000	14.10692787
0.550	0.950	0.000	14.10488510
0.650	0.950	0.000	14.10185432
0.750	0.950	0.000	14.08340836
0.850	0.950	0.000	14.05382347
0.950	0.950	0.000	14.03918457
1.050	0.950	0.000	14.02231312
1.150	0.950	0.000	14.01042557
1.250	0.950	0.000	13.98662186
1.350	0.950	0.000	13.95036888
1.450	0.950	0.000	13.92163849
1.550	0.950	0.000	13.89941406
1.650	0.950	0.000	13.91981506
1.750	0.950	0.000	13.94500637
1.850	0.950	0.000	14.00485420
1.950	0.950	0.000	14.04186630
2.050	0.950	0.000	14.09088516
2.150	0.950	0.000	14.14166832
2.250	0.950	0.000	14.27095032
2.350	0.950	0.000	14.33427620
2.450	0.950	0.000	14.63068676
-2.450	1.050	0.000	14.74219704
-2.350	1.050	0.000	15.24971771
-2.250	1.050	0.000	15.68840981
-2.150	1.050	0.000	15.99276161
-2.050	1.050	0.000	16.25991249
-1.950	1.050	0.000	16.26568985
-1.850	1.050	0.000	16.08102417
-1.750	1.050	0.000	15.74837875
-1.650	1.050	0.000	15.45390606
-1.550	1.050	0.000	15.26434612
-1.450	1.050	0.000	15.12100792
-1.350	1.050	0.000	15.04090118
-1.250	1.050	0.000	14.95657063
-1.150	1.050	0.000	14.84119415
-1.050	1.050	0.000	14.68158722
-0.950	1.050	0.000	14.50479507
-0.850	1.050	0.000	14.34735012
-0.750	1.050	0.000	14.23239517
-0.650	1.050	0.000	14.16815090
-0.550	1.050	0.000	14.16743660
-0.450	1.050	0.000	14.18544388
-0.350	1.050	0.000	14.23175240
-0.250	1.050	0.000	14.30268860
-0.150	1.050	0.000	14.34068966
-0.050	1.050	0.000	14.32917023
0.050	1.050	0.000	14.26052666
0.150	1.050	0.000	14.18085575
0.250	1.050	0.000	14.12111282
0.350	1.050	0.000	14.08031082
0.450	1.050	0.000	14.06832886
0.550	1.050	0.000	14.05570412
0.650	1.050	0.000	14.06654739
0.750	1.050	0.000	14.06001568
0.850	1.050	0.000	14.02667046
0.950	1.050	0.000	14.00912762
1.050	1.050	0.000	13.99415207
1.150	1.050	0.000	13.98913956
1.250	1.050	0.000	13.97528553
1.350	1.050	0.000	13.95157814
1.450	1.050	0.000	13.93112373
1.550	1.050	0.000	13.91877556
1.650	1.050	0.000	13.93834400
1.750	1.050	0.000	13.95256615
1.850	1.050	0.000	13.99727631
1.950	1.050	0.000	13.98849487
2.050	1.050	0.000	14.01305676
2.150	1.050	0.000	14.02902412
2.250	1.050	0.000	14.15458870
2.350	1.050	0.000	14.23963165
2.450	1.050	0.000	14.57180023
-2.450	1.150	0.000	14.78200626
-2.350	1.150	0.000	15.21218395
-2.250	1.150	0.000	15.63018799
-2.150	1.150	0.000	15.94896698
-2.050	1.150	0.000	16.31718826
-1.950	1.150	0.000	16.42353058
-1.850	1.150	0.000	16.27726746
-1.750	1.150	0.000	16.03576088
-1.650	1.150	0.000	15.62875938
-1.550	1.150	0.000	15.34688759
-1.450	1.150	0.000	15.14592743
-1.350	1.150	0.000	15.05371094
-1.250	1.150	0.000	14.98703384
-1.150	1.150	0.000	14.89937592
-1.050	1.150	0.000	14.77712250
-0.950	1.150	0.000	14.63170433
-0.850	1.150	0.000	14.49718189
-0.750	1.150	0.000	14.35568047
-0.650	1.150	0.000	14.24063873
-0.550	1.150	0.000	14.18267822
-0.450	1.150	0.000	14.17516708
-0.350	1.150	0.000	14.19036388
-0.250	1.150	0.000	14.24367142
-0.150	1.150	0.000	14.30128860
-0.050	1.150	0.000	14.32104206
0.050	1.150	0.000	14.27768517
0.150	1.150	0.000	14.20894623
0.250	1.150	0.000	14.14237785
0.350	1.150	0.000	14.07826996
0.450	1.150	0.000	14.03057480
0.550	1.150	0.000	13.99106026
0.650	1.150	0.000	13.98549175
0.750	1.150	0.000	13.95393467
0.850	1.150	0.000	13.93872166
0.950	1.150	0.000	13.93155003
1.050	1.150	0.000	13.92024517
1.150	1.150	0.000	13.91292953
1.250	1.150	0.000	13.90074539
1.350	1.150	0.000	13.87934685
1.450	1.150	0.000	13.86201286
1.550	1.150	0.000	13.86315060
1.650	1.150	0.000	13.90194893
1.750	1.150	0.000	13.94467545
1.850	1.150	0.000	13.99646759
1.950	1.150	0.000	14.00820160
2.050	1.150	0.000	13.99956322
2.150	1.150	0.000	13.98307133
2.250	1.150	0.000	14.06813812
2.350	1.150	0.000	14.11692047
2.450	1.150	0.000	14.47383118
-2.450	1.250	0.000	14.67766571
-2.350	1.250	0.000	15.02123070
-2.250	1.250	0.000	15.41145706
-2.150	1.250	0.000	15.75659561
-2.050	1.250	0.000	16.22243309
-1.950	1.250	0.000	16.45408440
-1.850	1.250	0.000	16.46866226
-1.750	1.250	0.000	16.24922562
-1.650	1.250	0.000	15.85482407
-1.550	1.250	0.000	15.49765682
-1.450	1.250	0.000	15.23620415
-1.350	1.250	0.000	15.07140350
-1.250	1.250	0.000	15.00262451
-1.150	1.250	0.000	14.92992020
-1.050	1.250	0.000	14.84081650
-0.950	1.250	0.000	14.69039631
-0.850	1.250	0.000	14.53230858
-0.750	1.250	0.000	14.38892746
-0.650	1.250	0.000	14.26152802
-0.550	1.250	0.000	14.18120766
-0.450	1.250	0.000	14.16769028
-0.350	1.250	0.000	14.17059708
-0.250	1.250	0.000	14.21617317
-0.150	1.250	0.000	14.29515553
-0.050	1.250	0.000	14.34976673
0.050	1.250	0.000	14.34645844
0.150	1.250	0.000	14.31222630
0.250	1.250	0.000	14.27049255
0.350	1.250	0.000	14.21176338
0.450	1.250	0.000	14.15360260
0.550	1.250	0.000	14.09102917
0.650	1.250	0.000	14.05747223
0.750	1.250	0.000	13.99438000
0.850	1.250	0.000	13.92975616
0.950	1.250	0.000	13.88779831
1.050	1.250	0.000	13.84021568
1.150	1.250	0.000	13.81292820
1.250	1.250	0.000	13.79931641
1.350	1.250	0.000	13.79467583
1.450	1.250	0.000	13.78753090
1.550	1.250	0.000	13.77685165
1.650	1.250	0.000	13.79379463
1.750	1.250	0.000	13.83205414
1.850	1.250	0.000	13.90560150
1.950	1.250	0.000	13.91521263
2.050	1.250	0.000	13.92832375
2.150	1.250	0.000	13.89088249
2.250	1.250	0.000	13.95095825
2.350	1.250	0.000	13.96219635
2.450	1.250	0.000	14.26619911
-2.450	1.350	0.000	14.50618744
-2.350	1.350	0.000	14.75655746
-2.250	1.350	0.000	15.09428692
-2.150	1.350	0.000	15.41829109
-2.050	1.350	0.000	15.91876221
-1.950	1.350	0.000	16.28307343
-1.850	1.350	0.000	16.48646164
-1.750	1.350	0.000	16.33614349
-1.650	1.350	0.000	16.04140472
-1.550	1.350	0.000	15.63917542
-1.450	1.350	0.000	15.30084801
-1.350	1.350	0.000	15.07428837
-1.250	1.350	0.000	14.96842575
-1.150	1.350	0.000	14.92487335
-1.050	1.350	0.000	14.84194469
-0.950	1.350	0.000	14.71623707
-0.850	1.350	0.000	14.54803467
-0.750	1.350	0.000	14.37097931
-0.650	1.350	0.000	14.22919464
-0.550	1.350	0.000	14.16965961
-0.450	1.350	0.000	14.17451286
-0.350	1.350	0.000	14.18963814
-0.250	1.350	0.000	14.22060966
-0.150	1.350	0.000	14.28085899
-0.050	1.350	0.000	14.34937859
0.050	1.350	0.000	14.37993622
0.150	1.350	0.000	14.36620235
0.250	1.350	0.000	14.34635162
0.350	1.350	0.000	14.29795074
0.450	1.350	0.000	14.23773384
0.550	1.350	0.000	14.17488289
0.650	1.350	0.000	14.13771057
0.750	1.350	0.000	14.09881115
0.850	1.350	0.000	14.01280594
0.950	1.350	0.000	13.94264984
1.050	1.350	0.000	13.84959221
1.150	1.350	0.000	13.76463699
1.250	1.350	0.000	13.70033550
1.350	1.350	0.000	13.66355133
1.450	1.350	0.000	13.65441799
1.550	1.350	0.000	13.68164444
1.650	1.350	0.000	13.74125957
1.750	1.350	0.000	13.80260563
1.850	1.350	0.000	13.85685730
1.950	1.350	0.000	13.84748077
2.050	1.350	0.000	13.82853508
2.150	1.350	0.000	13.76013279
2.250	1.350	0.000	13.81291199
2.350	1.350	0.000	13.78666496
2.450	1.350	0.000	13.94064713
-2.450	1.450	0.000	14.35491180
-2.350	1.450	0.000	14.51683426
-2.250	1.450	0.000	14.78897572
-2.150	1.450	0.000	15.05778885
-2.050	1.450	0.000	15.53076935
-1.950	1.450	0.000	15.97234917
-1.850	1.450	0.000	16.32220650
-1.750	1.450	0.000	16.37570190
-1.650	1.450	0.000	16.19865036
-1.550	1.450	0.000	15.78576088
-1.450	1.450	0.000	15.40302658
-1.350	1.450	0.000	15.13341427
-1.250	1.450	0.000	14.95246887
-1.150	1.450	0.000	14.85372543
-1.050	1.450	0.000	14.74720383
-0.950	1.450	0.000	14.61099052
-0.850	1.450	0.000	14.51306534
-0.750	1.450	0.000	14.44457245
-0.650	1.450	0.000	14.37492180
-0.550	1.450	0.000	14.33533287
-0.450	1.450	0.000	14.32104683
-0.350	1.450	0.000	14.30261421
-0.250	1.450	0.000	14.29335403
-0.150	1.450	0.000	14.31468964
-0.050	1.450	0.000	14.38351059
0.050	1.450	0.000	14.41462231
0.150	1.450	0.000	14.41791534
0.250	1.450	0.000	14.41635609
0.350	1.450	0.000	14.36601067
0.450	1.450	0.000	14.29277992
0.550	1.450	0.000	14.21841621
0.650	1.450	0.000	14.18411255
0.750	1.450	0.000	14.13601780
0.850	1.450	0.000	14.07327271
0.950	1.450	0.000	14.01144218
1.050	1.450	0.000	13.92448807
1.150	1.450	0.000	13.84149170
1.250	1.450	0.000	13.76466560
1.350	1.450	0.000	13.70005608
1.450	1.450	0.000	13.64498329
1.550	1.450	0.000	13.60844421
1.650	1.450	0.000	13.59344482
1.750	1.450	0.000	13.60423470
1.850	1.450	0.000	13.66172218
1.950	1.450	0.000	13.69591522
2.050	1.450	0.000	13.77183342
2.150	1.450	0.000	13.76344490
2.250	1.450	0.000	13.83551407
2.350	1.450	0.000	13.87179947
2.450	1.450	0.000	14.08263206
-2.450	1.550	0.000	14.15425301
-2.350	1.550	0.000	14.21163368
-2.250	1.550	0.000	14.42400932
-2.150	1.550	0.000	14.62858200
-2.050	1.550	0.000	15.03229713
-1.950	1.550	0.000	15.45647049
-1.850	1.550	0.000	15.90497971
-1.750	1.550	0.000	16.23457336
-1.650	1.550	0.000	16.20894814
-1.550	1.550	0.000	15.99662781
-1.450	1.550	0.000	15.57527542
-1.350	1.550	0.000	15.21349812
-1.250	1.550	0.000	14.98156548
-1.150	1.550	0.000	14.80790997
-1.050	1.550	0.000	14.70414448
-0.950	1.550	0.000	14.61026955
-0.850	1.550	0.000	14.51598167
-0.750	1.550	0.000	14.44675064
-0.650	1.550	0.000	14.39198112
-0.550	1.550	0.000	14.37316132
-0.450	1.550	0.000	14.37361908
-0.350	1.550	0.000	14.35366249
-0.250	1.550	0.000	14.33123970
-0.150	1.550	0.000	14.33345222
-0.050	1.550	0.000	14.38762093
0.050	1.550	0.000	14.42038918
0.150	1.550	0.000	14.42311954
0.250	1.550	0.000	14.42100143
0.350	1.550	0.000	14.36851978
0.450	1.550	0.000	14.28820801
0.550	1.550	0.000	14.20833206
0.650	1.550	0.000	14.17089272
0.750	1.550	0.000	14.14520454
0.850	1.550	0.000	14.09157181
0.950	1.550	0.000	14.04697800
1.050	1.550	0.000	13.97212982
1.150	1.550	0.000	13.89189720
1.250	1.550	0.000	13.81022263
1.350	1.550	0.000	13.74161911
1.450	1.550	0.000	13.68381882
1.550	1.550	0.000	13.64135361
1.650	1.550	0.000	13.61704254
1.750	1.550	0.000	13.59210014
1.850	1.550	0.000	13.57179260
1.950	1.550	0.000	13.53227043
2.050	1.550	0.000	13.56846142
2.150	1.550	0.000	13.57103062
2.250	1.550	0.000	13.69011211
2.350	1.550	0.000	13.72677040
2.450	1.550	0.000	13.84099388
-2.450	1.650	0.000	13.96457100
-2.350	1.650	0.000	13.92854977
-2.250	1.650	0.000	14.09188461
-2.150	1.650	0.000	14.20512772
-2.050	1.650	0.000	14.49808693
-1.950	1.650	0.000	14.84127522
-1.850	1.650	0.000	15.28804970
-1.750	1.650	0.000	15.75698471
-1.650	1.650	0.000	16.05405617
-1.550	1.650	0.000	16.07512093
-1.450	1.650	0.000	15.81121445
-1.350	1.650	0.000	15.43943405
-1.250	1.650	0.000	15.09818935
-1.150	1.650	0.000	14.87334728
-1.050	1.650	0.000	14.74535751
-0.950	1.650	0.000	14.62728882
-0.850	1.650	0.000	14.53414917
-0.750	1.650	0.000	14.49053764
-0.650	1.650	0.000	14.45898056
-0.550	1.650	0.000	14.43556309
-0.450	1.650	0.000	14.41688251
-0.350	1.650	0.000	14.39384556
-0.250	1.650	0.000	14.37011909
-0.150	1.650	0.000	14.37022114
-0.050	1.650	0.000	14.41825104
0.050	1.650	0.000	14.44065857
0.150	1.650	0.000	14.42472076
0.250	1.650	0.000	14.42808342
0.350	1.650	0.000	14.37961864
0.450	1.650	0.000	14.29943562
0.550	1.650	0.000	14.20869827
0.650	1.650	0.000	14.15503025
0.750	1.650	0.000	14.07479286
0.850	1.650	0.000	14.04036903
0.950	1.650	0.000	13.99656391
1.050	1.650	0.000	13.93843555
1.150	1.650	0.000	13.87065506
1.250	1.650	0.000	13.80538177
1.350	1.650	0.000	13.75280094
1.450	1.650	0.000	13.71010685
1.550	1.650	0.000	13.69588280
1.650	1.650	0.000	13.71680641
1.750	1.650	0.000	13.76144695
1.850	1.650	0.000	13.83062935
1.950	1.650	0.000	13.86765480
2.050	1.650	0.000	13.94004440
2.150	1.650	0.000	13.98407173
2.250	1.650	0.000	14.11022854
2.350	1.650	0.000	14.18223667
2.450	1.650	0.000	14.34506989
-2.450	1.750	0.000	13.81193924
-2.350	1.750	0.000	13.71733475
-2.250	1.750	0.000	13.83257675
-2.150	1.750	0.000	13.86699009
-2.050	1.750	0.000	14.06816483
-1.950	1.750	0.000	14.31182671
-1.850	1.750	0.000	14.67159843
-1.750	1.750	0.000	15.12849617
-1.650	1.750	0.000	15.60627556
-1.550	1.750	0.000	15.87206078
-1.450	1.750	0.000	15.90298843
-1.350	1.750	0.000	15.65760994
-1.250	1.750	0.000	15.35334015
-1.150	1.750	0.000	15.08263016
-1.050	1.750	0.000	14.84609795
-0.950	1.750	0.000	14.68032837
-0.850	1.750	0.000	14.55025673
-0.750	1.750	0.000	14.46377754
-0.650	1.750	0.000	14.43789291
-0.550	1.750	0.000	14.43054390
-0.450	1.750	0.000	14.42274570
-0.350	1.750	0.000	14.39898872
-0.250	1.750	0.000	14.38535309
-0.150	1.750	0.000	14.39265823
-0.050	1.750	0.000	14.45096207
0.050	1.750	0.000	14.46062088
0.150	1.750	0.000	14.43514633
0.250	1.750	0.000	14.41737175
0.350	1.750	0.000	14.36846161
0.450	1.750	0.000	14.30429649
0.550	1.750	0.000	14.22228241
0.650	1.750	0.000	14.16378689
0.750	1.750	0.000	14.10418129
0.850	1.750	0.000	14.03414726
0.950	1.750	0.000	13.96720028
1.050	1.750	0.000	13.88186264
1.150	1.750	0.000	13.80382919
1.250	1.750	0.000	13.74228859
1.350	1.750	0.000	13.69299126
1.450	1.750	0.000	13.63768673
1.550	1.750	0.000	13.59805107
1.650	1.750	0.000	13.59233475
1.750	1.750	0.000	13.62808037
1.850	1.750	0.000	13.70224953
1.950	1.750	0.000	13.74872208
2.050	1.750	0.000	13.82328129
2.150	1.750	0.000	13.85908222
2.250	1.750	0.000	13.97031307
2.350	1.750	0.000	14.09392738
2.450	1.750	0.000	14.19609070
-2.450	1.850	0.000	13.73679733
-2.350	1.850	0.000	13.60750580
-2.250	1.850	0.000	13.70228100
-2.150	1.850	0.000	13.68570900
-2.050	1.850	0.000	13.81058502
-1.950	1.850	0.000	13.95038509
-1.850	1.850	0.000	14.18915176
-1.750	1.850	0.000	14.56526566
-1.650	1.850	0.000	15.04877853
-1.550	1.850	0.000	15.52941132
-1.450	1.850	0.000	15.80992508
-1.350	1.850	0.000	15.82461929
-1.250	1.850	0.000	15.66603279
-1.150	1.850	0.000	15.39389801
-1.050	1.850	0.000	15.12000656
-0.950	1.850	0.000	14.88434029
-0.850	1.850	0.000	14.69343090
-0.750	1.850	0.000	14.58369732
-0.650	1.850	0.000	14.54020691
-0.550	1.850	0.000	14.52849388
-0.450	1.850	0.000	14.51988888
-0.350	1.850	0.000	14.49179268
-0.250	1.850	0.000	14.46996880
-0.150	1.850	0.000	14.44941807
-0.050	1.850	0.000	14.47664833
0.050	1.850	0.000	14.48490524
0.150	1.850	0.000	14.45075417
0.250	1.850	0.000	14.42725754
0.350	1.850	0.000	14.36788082
0.450	1.850	0.000	14.30137634
0.550	1.850	0.000	14.24163532
0.650	1.850	0.000	14.21845150
0.750	1.850	0.000	14.15081024
0.850	1.850	0.000	14.13399124
0.950	1.850	0.000	14.08319950
1.050	1.850	0.000	14.03612328
1.150	1.850	0.000	13.99423027
1.250	1.850	0.000	13.95748520
1.350	1.850	0.000	13.92334270
1.450	1.850	0.000	13.89252663
1.550	1.850	0.000	13.87703514
1.650	1.850	0.000	13.89834976
1.750	1.850	0.000	13.96142101
1.850	1.850	0.000	14.08447361
1.950	1.850	0.000	14.19167995
2.050	1.850	0.000	14.33301353
2.150	1.850	0.000	14.41643906
2.250	1.850	0.000	14.50871754
2.350	1.850	0.000	14.60488129
2.450	1.850	0.000	14.62788773
-2.450	1.950	0.000	13.63018799
-2.350	1.950	0.000	13.47111511
-2.250	1.950	0.000	13.57340050
-2.150	1.950	0.000	13.55135345
-2.050	1.950	0.000	13.63978767
-1.950	1.950	0.000	13.71069431
-1.850	1.950	0.000	13.84289169
-1.750	1.950	0.000	14.10658360
-1.650	1.950	0.000	14.50781822
-1.550	1.950	0.000	15.00197983
-1.450	1.950	0.000	15.41395569
-1.350	1.950	0.000	15.73752213
-1.250	1.950	0.000	15.78354263
-1.150	1.950	0.000	15.67812347
-1.050	1.950	0.000	15.49184418
-0.950	1.950	0.000	15.23242378
-0.850	1.950	0.000	15.01470375
-0.750	1.950	0.000	14.85530281
-0.650	1.950	0.000	14.74396610
-0.550	1.950	0.000	14.68698311
-0.450	1.950	0.000	14.63079262
-0.350	1.950	0.000	14.56727505
-0.250	1.950	0.000	14.51950645
-0.150	1.950	0.000	14.47525501
-0.050	1.950	0.000	14.48120689
0.050	1.950	0.000	14.47632599
0.150	1.950	0.000	14.42680740
0.250	1.950	0.000	14.39142323
0.350	1.950	0.000	14.34174824
0.450	1.950	0.000	14.30072784
0.550	1.950	0.000	14.27333260
0.650	1.950	0.000	14.26637459
0.750	1.950	0.000	14.22233963
0.850	1.950	0.000	14.18655205
0.950	1.950	0.000	14.14346504
1.050	1.950	0.000	14.09552574
1.150	1.950	0.000	14.05329132
1.250	1.950	0.000	14.01919174
1.350	1.950	0.000	13.99615097
1.450	1.950	0.000	13.97641659
1.550	1.950	0.000	13.97134686
1.650	1.950	0.000	13.99115753
1.750	1.950	0.000	14.04096031
1.850	1.950	0.000	14.15376472
1.950	1.950	0.000	14.30919933
2.050	1.950	0.000	14.51699924
2.150	1.950	0.000	14.69491386
2.250	1.950	0.000	14.84550476
2.350	1.950	0.000	14.97759438
2.450	1.950	0.000	14.99758530
-2.450	2.050	0.000	13.82923222
-2.350	2.050	0.000	13.64410210
-2.250	2.050	0.000	13.72406387
-2.150	2.050	0.000	13.66015244
-2.050	2.050	0.000	13.67882156
-1.950	2.050	0.000	13.67747784
-1.850	2.050	0.000	13.73817253
-1.750	2.050	0.000	13.89134216
-1.650	2.050	0.000	14.16497517
-1.550	2.050	0.000	14.54872513
-1.450	2.050	0.000	14.97588348
-1.350	2.050	0.000	15.40564728
-1.250	2.050	0.000	15.70128441
-1.150	2.050	0.000	15.82433319
-1.050	2.050	0.000	15.75251389
-0.950	2.050	0.000	15.62121391
-0.850	2.050	0.000	15.41609573
-0.750	2.050	0.000	15.18152523
-0.650	2.050	0.000	14.99369621
-0.550	2.050	0.000	14.86767387
-0.450	2.050	0.000	14.77526093
-0.350	2.050	0.000	14.68106461
-0.250	2.050	0.000	14.59997368
-0.150	2.050	0.000	14.53399658
-0.050	2.050	0.000	14.48311138
0.050	2.050	0.000	14.45184898
0.150	2.050	0.000	14.39473152
0.250	2.050	0.000	14.37248135
0.350	2.050	0.000	14.36341095
0.450	2.050	0.000	14.37478542
0.550	2.050	0.000	14.40374374
0.650	2.050	0.000	14.44383240
0.750	2.050	0.000	14.47088051
0.850	2.050	0.000	14.46104622
0.950	2.050	0.000	14.42392921
1.050	2.050	0.000	14.35288048
1.150	2.050	0.000	14.27503586
1.250	2.050	0.000	14.21997643
1.350	2.050	0.000	14.19862556
1.450	2.050	0.000	14.20348835
1.550	2.050	0.000	14.25271225
1.650	2.050	0.000	14.33582211
1.750	2.050	0.000	14.43588829
1.850	2.050	0.000	14.59249878
1.950	2.050	0.000	14.72493935
2.050	2.050	0.000	14.87486458
2.150	2.050	0.000	14.99745750
2.250	2.050	0.000	15.10647392
2.350	2.050	0.000	15.19120407
2.450	2.050	0.000	15.15894318
-2.450	2.150	0.000	13.99282646
-2.350	2.150	0.000	13.78581619
-2.250	2.150	0.000	13.84275627
-2.150	2.150	0.000	13.74609756
-2.050	2.150	0.000	13.71342468
-1.950	2.150	0.000	13.64449501
-1.850	2.150	0.000	13.63648605
-1.750	2.150	0.000	13.72164726
-1.650	2.150	0.000	13.89739418
-1.550	2.150	0.000	14.17772675
-1.450	2.150	0.000	14.50711346
-1.350	2.150	0.000	14.89244080
-1.250	2.150	0.000	15.24779510
-1.150	2.150	0.000	15.55051422
-1.050	2.150	0.000	15.73918915
-0.950	2.150	0.000	15.75797272
-0.850	2.150	0.000	15.66796494
-0.750	2.150	0.000	15.54244041
-0.650	2.150	0.000	15.40398788
-0.550	2.150	0.000	15.26107788
-0.450	2.150	0.000	15.12424660
-0.350	2.150	0.000	14.98404121
-0.250	2.150	0.000	14.83871841
-0.150	2.150	0.000	14.70066452
-0.050	2.150	0.000	14.56509304
0.050	2.150	0.000	14.50254631
0.150	2.150	0.000	14.43044472
0.250	2.150	0.000	14.40357685
0.350	2.150	0.000	14.40188122
0.450	2.150	0.000	14.43055725
0.550	2.150	0.000	14.48141956
0.650	2.150	0.000	14.55126476
0.750	2.150	0.000	14.63131046
0.850	2.150	0.000	14.67014027
0.950	2.150	0.000	14.66778374
1.050	2.150	0.000	14.59652424
1.150	2.150	0.000	14.50091934
1.250	2.150	0.000	14.42457676
1.350	2.150	0.000	14.38903427
1.450	2.150	0.000	14.39814472
1.550	2.150	0.000	14.43878365
1.650	2.150	0.000	14.51595879
1.750	2.150	0.000	14.62004471
1.850	2.150	0.000	14.75080109
1.950	2.150	0.000	14.83427811
2.050	2.150	0.000	14.91596413
2.150	2.150	0.000	14.96731186
2.250	2.150	0.000	15.04203033
2.350	2.150	0.000	15.11367035
2.450	2.150	0.000	15.09669876
-2.450	2.250	0.000	14.21587372
-2.350	2.250	0.000	13.99910355
-2.250	2.250	0.000	14.04024982
-2.150	2.250	0.000	13.91880035
-2.050	2.250	0.000	13.84082222
-1.950	2.250	0.000	13.72321510
-1.850	2.250	0.000	13.67360497
-1.750	2.250	0.000	13.72593880
-1.650	2.250	0.000	13.85170746
-1.550	2.250	0.000	14.05127716
-1.450	2.250	0.000	14.27291870
-1.350	2.250	0.000	14.53091335
-1.250	2.250	0.000	14.83554363
-1.150	2.250	0.000	15.16060638
-1.050	2.250	0.000	15.44399071
-0.950	2.250	0.000	15.64091301
-0.850	2.250	0.000	15.72183228
-0.750	2.250	0.000	15.69224548
-0.650	2.250	0.000	15.57564545
-0.550	2.250	0.000	15.40790749
-0.450	2.250	0.000	15.20639992
-0.350	2.250	0.000	14.98441124
-0.250	2.250	0.000	14.78103733
-0.150	2.250	0.000	14.60348129
-0.050	2.250	0.000	14.46403313
0.050	2.250	0.000	14.41452217
0.150	2.250	0.000	14.36992836
0.250	2.250	0.000	14.36226749
0.350	2.250	0.000	14.37561226
0.450	2.250	0.000	14.41475296
0.550	2.250	0.000	14.46627045
0.650	2.250	0.000	14.55197906
0.750	2.250	0.000	14.62947178
0.850	2.250	0.000	14.72599792
0.950	2.250	0.000	14.73814964
1.050	2.250	0.000	14.70178032
1.150	2.250	0.000	14.62993622
1.250	2.250	0.000	14.55228424
1.350	2.250	0.000	14.50254631
1.450	2.250	0.000	14.49508667
1.550	2.250	0.000	14.51991558
1.650	2.250	0.000	14.58259296
1.750	2.250	0.000	14.64320946
1.850	2.250	0.000	14.72322845
1.950	2.250	0.000	14.77196217
2.050	2.250	0.000	14.82115078
2.150	2.250	0.000	14.84634113
2.250	2.250	0.000	14.90108871
2.350	2.250	0.000	14.94888115
2.450	2.250	0.000	14.91871452
-2.450	2.350	0.000	14.32046127
-2.350	2.350	0.000	14.08513069
-2.250	2.350	0.000	14.14144707
-2.150	2.350	0.000	14.02338409
-2.050	2.350	0.000	13.91826057
-1.950	2.350	0.000	13.78146935
-1.850	2.350	0.000	13.69980717
-1.750	2.350	0.000	13.70727348
-1.650	2.350	0.000	13.76665306
-1.550	2.350	0.000	13.88869476
-1.450	2.350	0.000	14.03668404
-1.350	2.350	0.000	14.21397972
-1.250	2.350	0.000	14.43443966
-1.150	2.350	0.000	14.68183517
-1.050	2.350	0.000	14.93791294
-0.950	2.350	0.000	15.18935585
-0.850	2.350	0.000	15.39865685
-0.750	2.350	0.000	15.51425171
-0.650	2.350	0.000	15.52912331
-0.550	2.350	0.000	15.48234558
-0.450	2.350	0.000	15.37537766
-0.350	2.350	0.000	15.20850372
-0.250	2.350	0.000	15.01526642
-0.150	2.350	0.000	14.83453941
-0.050	2.350	0.000	14.66767693
0.050	2.350	0.000	14.57001114
0.150	2.350	0.000	14.47544479
0.250	2.350	0.000	14.39567852
0.350	2.350	0.000	14.34345245
0.450	2.350	0.000	14.31342316
0.550	2.350	0.000	14.33029175
0.650	2.350	0.000	14.39832592
0.750	2.350	0.000	14.51521969
0.850	2.350	0.000	14.65651989
0.950	2.350	0.000	14.79350662
1.050	2.350	0.000	14.85869408
1.150	2.350	0.000	14.85416508
1.250	2.350	0.000	14.80319023
1.350	2.350	0.000	14.73567009
1.450	2.350	0.000	14.67503166
1.550	2.350	0.000	14.63741016
1.650	2.350	0.000	14.63705254
1.750	2.350	0.000	14.66075706
1.850	2.350	0.000	14.73816681
1.950	2.350	0.000	14.81075668
2.050	2.350	0.000	14.90644455
2.150	2.350	0.000	14.95924282
2.250	2.350	0.000	15.02806473
2.350	2.350	0.000	15.06314659
2.450	2.350	0.000	15.04485321
-2.450	2.450	0.000	14.76131725
-2.350	2.450	0.000	14.49620724
-2.250	2.450	0.000	14.53289318
-2.150	2.450	0.000	14.40026665
-2.050	2.450	0.000	14.26087761
-1.950	2.450	0.000	14.10718918
-1.850	2.450	0.000	13.98414230
-1.750	2.450	0.000	13.94318581
-1.650	2.450	0.000	13.95673943
-1.550	2.450	0.000	14.02563667
-1.450	2.450	0.000	14.12286663
-1.350	2.450	0.000	14.20942497
-1.250	2.450	0.000	14.28126717
-1.150	2.450	0.000	14.36073685
-1.050	2.450	0.000	14.45287609
-0.950	2.450	0.000	14.58308983
-0.850	2.450	0.000	14.71484947
-0.750	2.450	0.000	14.84001732
-0.650	2.450	0.000	14.95147991
-0.550	2.450	0.000	15.00479126
-0.450	2.450	0.000	15.00778961
-0.350	2.450	0.000	14.94720173
-0.250	2.450	0.000	14.84021950
-0.150	2.450	0.000	14.72466469
-0.050	2.450	0.000	14.61179352
0.050	2.450	0.000	14.52942085
0.150	2.450	0.000	14.47995186
0.250	2.450	0.000	14.41263390
0.350	2.450	0.000	14.33658504
0.450	2.450	0.000	14.25629234
0.550	2.450	0.000	14.18358040
0.650	2.450	0.000	14.14074135
0.750	2.450	0.000	14.14786720
0.850	2.450	0.000	14.20692062
0.950	2.450	0.000	14.27963543
1.050	2.450	0.000	14.35171986
1.150	2.450	0.000	14.40132618
1.250	2.450	0.000	14.43235016
1.350	2.450	0.000	14.44207191
1.450	2.450	0.000	14.43461990
1.550	2.450	0.000	14.41535187
1.650	2.450	0.000	14.41627979
1.750	2.450	0.000	14.42445183
1.850	2.450	0.000	14.49239922
1.950	2.450	0.000	14.57895279
2.050	2.450	0.000	14.72673607
2.150	2.450	0.000	14.85189819
2.250	2.450	0.000	15.00148964
2.350	2.450	0.000	15.08094597
2.450	2.450	0.000	15.15010071
