-2.450	-2.450	0.000	15.93311119
-2.350	-2.450	0.000	15.79010582
-2.250	-2.450	0.000	15.74753189
-2.150	-2.450	0.000	15.87157822
-2.050	-2.450	0.000	15.57546616
-1.950	-2.450	0.000	14.87792206
-1.850	-2.450	0.000	14.68620586
-1.750	-2.450	0.000	13.88030052
-1.650	-2.450	0.000	13.76788902
-1.550	-2.450	0.000	13.78612137
-1.450	-2.450	0.000	13.55960464
-1.350	-2.450	0.000	13.80890846
-1.250	-2.450	0.000	13.84319687
-1.150	-2.450	0.000	14.00630760
-1.050	-2.450	0.000	14.06530952
-0.950	-2.450	0.000	14.10274601
-0.850	-2.450	0.000	14.08359146
-0.750	-2.450	0.000	14.11064816
-0.650	-2.450	0.000	14.11081123
-0.550	-2.450	0.000	14.15880775
-0.450	-2.450	0.000	14.24368095
-0.350	-2.450	0.000	14.37207890
-0.250	-2.450	0.000	14.48624897
-0.150	-2.450	0.000	14.54971409
-0.050	-2.450	0.000	14.57080650
0.050	-2.450	0.000	14.57619286
0.150	-2.450	0.000	14.60092926
0.250	-2.450	0.000	14.59140301
0.350	-2.450	0.000	14.53114510
0.450	-2.450	0.000	14.44424534
0.550	-2.450	0.000	14.34618187
0.650	-2.450	0.000	14.28055859
0.750	-2.450	0.000	14.17650414
0.850	-2.450	0.000	14.05113506
0.950	-2.450	0.000	13.76065826
1.050	-2.450	0.000	13.36560249
1.150	-2.450	0.000	12.91387558
1.250	-2.450	0.000	12.52915382
1.350	-2.450	0.000	12.20450401
1.450	-2.450	0.000	12.13144684
1.550	-2.450	0.000	12.03545284
1.650	-2.450	0.000	12.01869869
1.750	-2.450	0.000	11.93523788
1.850	-2.450	0.000	11.84175110
1.950	-2.450	0.000	11.60464001
2.050	-2.450	0.000	11.57793808
2.150	-2.450	0.000	11.40149498
2.250	-2.450	0.000	11.53528404
2.350	-2.450	0.000	11.55339622
2.450	-2.450	0.000	11.85385132
-2.450	-2.350	0.000	15.89313889
-2.350	-2.350	0.000	15.68049812
-2.250	-2.350	0.000	15.62573814
-2.150	-2.350	0.000	15.72537041
-2.050	-2.350	0.000	15.43520164
-1.950	-2.350	0.000	14.78978729
-1.850	-2.350	0.000	14.57796669
-1.750	-2.350	0.000	13.81103706
-1.650	-2.350	0.000	13.67538452
-1.550	-2.350	0.000	13.67083836
-1.450	-2.350	0.000	13.45696545
-1.350	-2.350	0.000	13.66420078
-1.250	-2.350	0.000	13.67719460
-1.150	-2.350	0.000	13.83302402
-1.050	-2.350	0.000	13.88980961
-0.950	-2.350	0.000	13.91436386
-0.850	-2.350	0.000	13.88665199
-0.750	-2.350	0.000	13.89611149
-0.650	-2.350	0.000	13.88910484
-0.550	-2.350	0.000	13.92102909
-0.450	-2.350	0.000	14.00175667
-0.350	-2.350	0.000	14.12941837
-0.250	-2.350	0.000	14.24537659
-0.150	-2.350	0.000	14.31463242
-0.050	-2.350	0.000	14.32486725
0.050	-2.350	0.000	14.31937981
0.150	-2.350	0.000	14.31624985
0.250	-2.350	0.000	14.28613472
0.350	-2.350	0.000	14.20961380
0.450	-2.350	0.000	14.12836647
0.550	-2.350	0.000	14.06018639
0.650	-2.350	0.000	14.03478241
0.750	-2.350	0.000	13.97403336
0.850	-2.350	0.000	13.86667633
0.950	-2.350	0.000	13.63183022
1.050	-2.350	0.000	13.26837921
1.150	-2.350	0.000	12.84412193
1.250	-2.350	0.000	12.47508812
1.350	-2.350	0.000	12.15776253
1.450	-2.350	0.000	12.07396126
1.550	-2.350	0.000	11.99118328
1.650	-2.350	0.000	12.00306606
1.750	-2.350	0.000	11.93062973
1.850	-2.350	0.000	11.85056496
1.950	-2.350	0.000	11.62290573
2.050	-2.350	0.000	11.58503723
2.150	-2.350	0.000	11.38856030
2.250	-2.350	0.000	11.48938751
2.350	-2.350	0.000	11.48947906
2.450	-2.350	0.000	11.72961426
-2.450	-2.250	0.000	15.93283844
-2.350	-2.250	0.000	15.65464401
-2.250	-2.250	0.000	15.58025360
-2.150	-2.250	0.000	15.66128349
-2.050	-2.250	0.000	15.38550758
-1.950	-2.250	0.000	14.78590202
-1.850	-2.250	0.000	14.55606937
-1.750	-2.250	0.000	13.82143307
-1.650	-2.250	0.000	13.68426132
-1.550	-2.250	0.000	13.66914558
-1.450	-2.250	0.000	13.46478271
-1.350	-2.250	0.000	13.64468002
-1.250	-2.250	0.000	13.64451313
-1.150	-2.250	0.000	13.79690647
-1.050	-2.250	0.000	13.85564423
-0.950	-2.250	0.000	13.87805843
-0.850	-2.250	0.000	13.84697151
-0.750	-2.250	0.000	13.85587692
-0.650	-2.250	0.000	13.84633350
-0.550	-2.250	0.000	13.87993050
-0.450	-2.250	0.000	13.95774555
-0.350	-2.250	0.000	14.07881546
-0.250	-2.250	0.000	14.18993282
-0.150	-2.250	0.000	14.26177788
-0.050	-2.250	0.000	14.24877930
0.050	-2.250	0.000	14.24063206
0.150	-2.250	0.000	14.22112083
0.250	-2.250	0.000	14.18804550
0.350	-2.250	0.000	14.11707306
0.450	-2.250	0.000	14.03929615
0.550	-2.250	0.000	13.98345947
0.650	-2.250	0.000	13.96102905
0.750	-2.250	0.000	13.90854645
0.850	-2.250	0.000	13.79174709
0.950	-2.250	0.000	13.56806087
1.050	-2.250	0.000	13.23593044
1.150	-2.250	0.000	12.84523010
1.250	-2.250	0.000	12.50270557
1.350	-2.250	0.000	12.22260857
1.450	-2.250	0.000	12.12375641
1.550	-2.250	0.000	12.06019020
1.650	-2.250	0.000	12.05701256
1.750	-2.250	0.000	11.96831894
1.850	-2.250	0.000	11.88514042
1.950	-2.250	0.000	11.67939186
2.050	-2.250	0.000	11.62911415
2.150	-2.250	0.000	11.43017769
2.250	-2.250	0.000	11.52561760
2.350	-2.250	0.000	11.53148270
2.450	-2.250	0.000	11.79117393
-2.450	-2.150	0.000	15.93110466
-2.350	-2.150	0.000	15.59011269
-2.250	-2.150	0.000	15.48871422
-2.150	-2.150	0.000	15.55520439
-2.050	-2.150	0.000	15.29948902
-1.950	-2.150	0.000	14.76395988
-1.850	-2.150	0.000	14.50526428
-1.750	-2.150	0.000	13.78329372
-1.650	-2.150	0.000	13.64329338
-1.550	-2.150	0.000	13.60488510
-1.450	-2.150	0.000	13.40608978
-1.350	-2.150	0.000	13.55407333
-1.250	-2.150	0.000	13.54011536
-1.150	-2.150	0.000	13.68443012
-1.050	-2.150	0.000	13.74162006
-0.950	-2.150	0.000	13.76131821
-0.850	-2.150	0.000	13.72303200
-0.750	-2.150	0.000	13.71971035
-0.650	-2.150	0.000	13.70380878
-0.550	-2.150	0.000	13.74245071
-0.450	-2.150	0.000	13.81605148
-0.350	-2.150	0.000	13.93005753
-0.250	-2.150	0.000	14.03149796
-0.150	-2.150	0.000	14.09760284
-0.050	-2.150	0.000	14.06113911
0.050	-2.150	0.000	14.02601624
0.150	-2.150	0.000	13.98580265
0.250	-2.150	0.000	13.93989182
0.350	-2.150	0.000	13.87657738
0.450	-2.150	0.000	13.82465267
0.550	-2.150	0.000	13.79138660
0.650	-2.150	0.000	13.79721355
0.750	-2.150	0.000	13.76798820
0.850	-2.150	0.000	13.66127586
0.950	-2.150	0.000	13.46048069
1.050	-2.150	0.000	13.16170788
1.150	-2.150	0.000	12.81994438
1.250	-2.150	0.000	12.50449181
1.350	-2.150	0.000	12.25036335
1.450	-2.150	0.000	12.14655304
1.550	-2.150	0.000	12.09953880
1.650	-2.150	0.000	12.10396767
1.750	-2.150	0.000	12.01105881
1.850	-2.150	0.000	11.92043877
1.950	-2.150	0.000	11.71310425
2.050	-2.150	0.000	11.64042091
2.150	-2.150	0.000	11.42095184
2.250	-2.150	0.000	11.50267410
2.350	-2.150	0.000	11.47272873
2.450	-2.150	0.000	11.68196011
-2.450	-2.050	0.000	15.95965767
-2.350	-2.050	0.000	15.59448242
-2.250	-2.050	0.000	15.44925690
-2.150	-2.050	0.000	15.50211525
-2.050	-2.050	0.000	15.25122738
-1.950	-2.050	0.000	14.76831245
-1.850	-2.050	0.000	14.50376892
-1.750	-2.050	0.000	13.79306984
-1.650	-2.050	0.000	13.65014076
-1.550	-2.050	0.000	13.59252071
-1.450	-2.050	0.000	13.40120983
-1.350	-2.050	0.000	13.52835846
-1.250	-2.050	0.000	13.50764275
-1.150	-2.050	0.000	13.64440536
-1.050	-2.050	0.000	13.70416260
-0.950	-2.050	0.000	13.72568989
-0.850	-2.050	0.000	13.68473721
-0.750	-2.050	0.000	13.68690109
-0.650	-2.050	0.000	13.66593456
-0.550	-2.050	0.000	13.71261215
-0.450	-2.050	0.000	13.78760910
-0.350	-2.050	0.000	13.90012550
-0.250	-2.050	0.000	13.99478722
-0.150	-2.050	0.000	14.04881287
-0.050	-2.050	0.000	13.98351097
0.050	-2.050	0.000	13.91793442
0.150	-2.050	0.000	13.85790348
0.250	-2.050	0.000	13.80578518
0.350	-2.050	0.000	13.74672127
0.450	-2.050	0.000	13.70770741
0.550	-2.050	0.000	13.68769455
0.650	-2.050	0.000	13.69113350
0.750	-2.050	0.000	13.67168427
0.850	-2.050	0.000	13.57029152
0.950	-2.050	0.000	13.38318348
1.050	-2.050	0.000	13.10486221
1.150	-2.050	0.000	12.80600166
1.250	-2.050	0.000	12.52196503
1.350	-2.050	0.000	12.29174709
1.450	-2.050	0.000	12.18679619
1.550	-2.050	0.000	12.17023468
1.650	-2.050	0.000	12.18114853
1.750	-2.050	0.000	12.07990074
1.850	-2.050	0.000	11.98354244
1.950	-2.050	0.000	11.78288364
2.050	-2.050	0.000	11.70793247
2.150	-2.050	0.000	11.49782181
2.250	-2.050	0.000	11.58388901
2.350	-2.050	0.000	11.55663681
2.450	-2.050	0.000	11.76060867
-2.450	-1.950	0.000	15.91089439
-2.350	-1.950	0.000	15.54632378
-2.250	-1.950	0.000	15.35148048
-2.150	-1.950	0.000	15.38376331
-2.050	-1.950	0.000	15.13507271
-1.950	-1.950	0.000	14.69972515
-1.850	-1.950	0.000	14.44157982
-1.750	-1.950	0.000	13.76395035
-1.650	-1.950	0.000	13.60921860
-1.550	-1.950	0.000	13.53389549
-1.450	-1.950	0.000	13.34811592
-1.350	-1.950	0.000	13.44263744
-1.250	-1.950	0.000	13.40908813
-1.150	-1.950	0.000	13.52871323
-1.050	-1.950	0.000	13.58726883
-0.950	-1.950	0.000	13.60911942
-0.850	-1.950	0.000	13.56815529
-0.750	-1.950	0.000	13.57347107
-0.650	-1.950	0.000	13.54942322
-0.550	-1.950	0.000	13.60036278
-0.450	-1.950	0.000	13.67535591
-0.350	-1.950	0.000	13.79025841
-0.250	-1.950	0.000	13.88108635
-0.150	-1.950	0.000	13.92727280
-0.050	-1.950	0.000	13.85488510
0.050	-1.950	0.000	13.76527786
0.150	-1.950	0.000	13.70366669
0.250	-1.950	0.000	13.64707947
0.350	-1.950	0.000	13.59909630
0.450	-1.950	0.000	13.56549644
0.550	-1.950	0.000	13.56190681
0.650	-1.950	0.000	13.56907082
0.750	-1.950	0.000	13.55869865
0.850	-1.950	0.000	13.46674156
0.950	-1.950	0.000	13.28509521
1.050	-1.950	0.000	13.00601482
1.150	-1.950	0.000	12.72403526
1.250	-1.950	0.000	12.46918869
1.350	-1.950	0.000	12.28006458
1.450	-1.950	0.000	12.21083832
1.550	-1.950	0.000	12.20497417
1.650	-1.950	0.000	12.21851730
1.750	-1.950	0.000	12.11417675
1.850	-1.950	0.000	12.00910950
1.950	-1.950	0.000	11.80161190
2.050	-1.950	0.000	11.72016716
2.150	-1.950	0.000	11.50106049
2.250	-1.950	0.000	11.57238007
2.350	-1.950	0.000	11.53111267
2.450	-1.950	0.000	11.72280121
-2.450	-1.850	0.000	15.82446671
-2.350	-1.850	0.000	15.49937248
-2.250	-1.850	0.000	15.25748062
-2.150	-1.850	0.000	15.26058006
-2.050	-1.850	0.000	15.00779724
-1.950	-1.850	0.000	14.58698082
-1.850	-1.850	0.000	14.34546280
-1.750	-1.850	0.000	13.71845436
-1.650	-1.850	0.000	13.56179237
-1.550	-1.850	0.000	13.47928619
-1.450	-1.850	0.000	13.30150318
-1.350	-1.850	0.000	13.36221695
-1.250	-1.850	0.000	13.31990814
-1.150	-1.850	0.000	13.42338562
-1.050	-1.850	0.000	13.48151398
-0.950	-1.850	0.000	13.50650597
-0.850	-1.850	0.000	13.46621323
-0.750	-1.850	0.000	13.47869778
-0.650	-1.850	0.000	13.45530891
-0.550	-1.850	0.000	13.51196671
-0.450	-1.850	0.000	13.59311676
-0.350	-1.850	0.000	13.71200943
-0.250	-1.850	0.000	13.80414486
-0.150	-1.850	0.000	13.85096264
-0.050	-1.850	0.000	13.78302765
0.050	-1.850	0.000	13.67919350
0.150	-1.850	0.000	13.61526489
0.250	-1.850	0.000	13.55502701
0.350	-1.850	0.000	13.50811672
0.450	-1.850	0.000	13.47215462
0.550	-1.850	0.000	13.47356033
0.650	-1.850	0.000	13.47871971
0.750	-1.850	0.000	13.45998669
0.850	-1.850	0.000	13.36038017
0.950	-1.850	0.000	13.18165398
1.050	-1.850	0.000	12.91664505
1.150	-1.850	0.000	12.65920734
1.250	-1.850	0.000	12.44784546
1.350	-1.850	0.000	12.27108002
1.450	-1.850	0.000	12.21746826
1.550	-1.850	0.000	12.22883224
1.650	-1.850	0.000	12.25571728
1.750	-1.850	0.000	12.17461586
1.850	-1.850	0.000	12.08501053
1.950	-1.850	0.000	11.87671471
2.050	-1.850	0.000	11.79153442
2.150	-1.850	0.000	11.58404732
2.250	-1.850	0.000	11.65420914
2.350	-1.850	0.000	11.61200905
2.450	-1.850	0.000	11.80053139
-2.450	-1.750	0.000	15.63799477
-2.350	-1.750	0.000	15.37632561
-2.250	-1.750	0.000	15.11753559
-2.150	-1.750	0.000	15.10083199
-2.050	-1.750	0.000	14.84665775
-1.950	-1.750	0.000	14.44232178
-1.850	-1.750	0.000	14.21222878
-1.750	-1.750	0.000	13.64191914
-1.650	-1.750	0.000	13.44741535
-1.550	-1.750	0.000	13.35732555
-1.450	-1.750	0.000	13.17332840
-1.350	-1.750	0.000	13.20562744
-1.250	-1.750	0.000	13.14943695
-1.150	-1.750	0.000	13.22945881
-1.050	-1.750	0.000	13.28664875
-0.950	-1.750	0.000	13.31861496
-0.850	-1.750	0.000	13.28888321
-0.750	-1.750	0.000	13.31822205
-0.650	-1.750	0.000	13.30682945
-0.550	-1.750	0.000	13.37260818
-0.450	-1.750	0.000	13.46168613
-0.350	-1.750	0.000	13.58505917
-0.250	-1.750	0.000	13.68667603
-0.150	-1.750	0.000	13.73912811
-0.050	-1.750	0.000	13.68633270
0.050	-1.750	0.000	13.59247208
0.150	-1.750	0.000	13.53611565
0.250	-1.750	0.000	13.47708511
0.350	-1.750	0.000	13.43807030
0.450	-1.750	0.000	13.40421486
0.550	-1.750	0.000	13.40046692
0.650	-1.750	0.000	13.40575981
0.750	-1.750	0.000	13.36354256
0.850	-1.750	0.000	13.24933910
0.950	-1.750	0.000	13.05773544
1.050	-1.750	0.000	12.79768562
1.150	-1.750	0.000	12.55099392
1.250	-1.750	0.000	12.37010956
1.350	-1.750	0.000	12.22407532
1.450	-1.750	0.000	12.18352032
1.550	-1.750	0.000	12.19940376
1.650	-1.750	0.000	12.23272705
1.750	-1.750	0.000	12.16440678
1.850	-1.750	0.000	12.07322979
1.950	-1.750	0.000	11.87237072
2.050	-1.750	0.000	11.79399395
2.150	-1.750	0.000	11.60446358
2.250	-1.750	0.000	11.68289948
2.350	-1.750	0.000	11.64229298
2.450	-1.750	0.000	11.83212852
-2.450	-1.650	0.000	15.46509743
-2.350	-1.650	0.000	15.24760628
-2.250	-1.650	0.000	14.98324299
-2.150	-1.650	0.000	14.95037460
-2.050	-1.650	0.000	14.69662571
-1.950	-1.650	0.000	14.30485249
-1.850	-1.650	0.000	14.08708572
-1.750	-1.650	0.000	13.57707787
-1.650	-1.650	0.000	13.36040497
-1.550	-1.650	0.000	13.25940895
-1.450	-1.650	0.000	13.05828094
-1.350	-1.650	0.000	13.05163288
-1.250	-1.650	0.000	12.97018909
-1.150	-1.650	0.000	13.01898003
-1.050	-1.650	0.000	13.07270527
-0.950	-1.650	0.000	13.10929489
-0.850	-1.650	0.000	13.09510040
-0.750	-1.650	0.000	13.13916016
-0.650	-1.650	0.000	13.15086079
-0.550	-1.650	0.000	13.23271465
-0.450	-1.650	0.000	13.33840656
-0.350	-1.650	0.000	13.46985149
-0.250	-1.650	0.000	13.58399105
-0.150	-1.650	0.000	13.64439678
-0.050	-1.650	0.000	13.61008835
0.050	-1.650	0.000	13.53223228
0.150	-1.650	0.000	13.47419453
0.250	-1.650	0.000	13.42590714
0.350	-1.650	0.000	13.38798523
0.450	-1.650	0.000	13.36100483
0.550	-1.650	0.000	13.33549976
0.650	-1.650	0.000	13.33161354
0.750	-1.650	0.000	13.26194763
0.850	-1.650	0.000	13.12610626
0.950	-1.650	0.000	12.92397118
1.050	-1.650	0.000	12.67075634
1.150	-1.650	0.000	12.42785645
1.250	-1.650	0.000	12.26746750
1.350	-1.650	0.000	12.14572334
1.450	-1.650	0.000	12.13158607
1.550	-1.650	0.000	12.15636635
1.650	-1.650	0.000	12.20708084
1.750	-1.650	0.000	12.15953255
1.850	-1.650	0.000	12.07718086
1.950	-1.650	0.000	11.88625813
2.050	-1.650	0.000	11.82330894
2.150	-1.650	0.000	11.66186905
2.250	-1.650	0.000	11.74989700
2.350	-1.650	0.000	11.71541214
2.450	-1.650	0.000	11.89390564
-2.450	-1.550	0.000	15.29804420
-2.350	-1.550	0.000	15.11645889
-2.250	-1.550	0.000	14.84379768
-2.150	-1.550	0.000	14.78187370
-2.050	-1.550	0.000	14.53557205
-1.950	-1.550	0.000	14.16088200
-1.850	-1.550	0.000	13.94449615
-1.750	-1.550	0.000	13.48684883
-1.650	-1.550	0.000	13.24821091
-1.550	-1.550	0.000	13.12443638
-1.450	-1.550	0.000	12.90551186
-1.350	-1.550	0.000	12.85845566
-1.250	-1.550	0.000	12.74947548
-1.150	-1.550	0.000	12.76273346
-1.050	-1.550	0.000	12.80709267
-0.950	-1.550	0.000	12.84543514
-0.850	-1.550	0.000	12.85206795
-0.750	-1.550	0.000	12.90140915
-0.650	-1.550	0.000	12.94276905
-0.550	-1.550	0.000	13.04406929
-0.450	-1.550	0.000	13.17089462
-0.350	-1.550	0.000	13.31407547
-0.250	-1.550	0.000	13.44047737
-0.150	-1.550	0.000	13.50887871
-0.050	-1.550	0.000	13.49504852
0.050	-1.550	0.000	13.43911743
0.150	-1.550	0.000	13.38913536
0.250	-1.550	0.000	13.35775375
0.350	-1.550	0.000	13.31428051
0.450	-1.550	0.000	13.28414536
0.550	-1.550	0.000	13.24013042
0.650	-1.550	0.000	13.21984100
0.750	-1.550	0.000	13.13741207
0.850	-1.550	0.000	12.98938560
0.950	-1.550	0.000	12.79247284
1.050	-1.550	0.000	12.55421448
1.150	-1.550	0.000	12.31754875
1.250	-1.550	0.000	12.18177795
1.350	-1.550	0.000	12.07297707
1.450	-1.550	0.000	12.06524658
1.550	-1.550	0.000	12.09365368
1.650	-1.550	0.000	12.15214539
1.750	-1.550	0.000	12.11732674
1.850	-1.550	0.000	12.04084396
1.950	-1.550	0.000	11.86213112
2.050	-1.550	0.000	11.80826378
2.150	-1.550	0.000	11.67771244
2.250	-1.550	0.000	11.77543545
2.350	-1.550	0.000	11.75105667
2.450	-1.550	0.000	11.93608093
-2.450	-1.450	0.000	15.14393997
-2.350	-1.450	0.000	14.99046707
-2.250	-1.450	0.000	14.70071316
-2.150	-1.450	0.000	14.58726406
-2.050	-1.450	0.000	14.35603237
-1.950	-1.450	0.000	14.00811958
-1.850	-1.450	0.000	13.78057671
-1.750	-1.450	0.000	13.37518692
-1.650	-1.450	0.000	13.10913086
-1.550	-1.450	0.000	12.96696091
-1.450	-1.450	0.000	12.73508835
-1.350	-1.450	0.000	12.65053368
-1.250	-1.450	0.000	12.52030945
-1.150	-1.450	0.000	12.50119019
-1.050	-1.450	0.000	12.53302765
-0.950	-1.450	0.000	12.57388687
-0.850	-1.450	0.000	12.60186005
-0.750	-1.450	0.000	12.65457916
-0.650	-1.450	0.000	12.71487617
-0.550	-1.450	0.000	12.83497429
-0.450	-1.450	0.000	12.98413467
-0.350	-1.450	0.000	13.14260864
-0.250	-1.450	0.000	13.28033161
-0.150	-1.450	0.000	13.35554123
-0.050	-1.450	0.000	13.36038780
0.050	-1.450	0.000	13.32900620
0.150	-1.450	0.000	13.29153824
0.250	-1.450	0.000	13.26925850
0.350	-1.450	0.000	13.22372818
0.450	-1.450	0.000	13.18955231
0.550	-1.450	0.000	13.14440346
0.650	-1.450	0.000	13.10602474
0.750	-1.450	0.000	13.01598167
0.850	-1.450	0.000	12.87555599
0.950	-1.450	0.000	12.69144440
1.050	-1.450	0.000	12.47257233
1.150	-1.450	0.000	12.24180984
1.250	-1.450	0.000	12.12215233
1.350	-1.450	0.000	12.01859665
1.450	-1.450	0.000	12.00563908
1.550	-1.450	0.000	12.03666210
1.650	-1.450	0.000	12.09779549
1.750	-1.450	0.000	12.07036495
1.850	-1.450	0.000	12.00591278
1.950	-1.450	0.000	11.85916138
2.050	-1.450	0.000	11.82526398
2.150	-1.450	0.000	11.70774746
2.250	-1.450	0.000	11.80243301
2.350	-1.450	0.000	11.77250481
2.450	-1.450	0.000	11.93496895
-2.450	-1.350	0.000	14.94632721
-2.350	-1.350	0.000	14.82694244
-2.250	-1.350	0.000	14.52869225
-2.150	-1.350	0.000	14.35999489
-2.050	-1.350	0.000	14.13428783
-1.950	-1.350	0.000	13.80757904
-1.850	-1.350	0.000	13.56407547
-1.750	-1.350	0.000	13.20160389
-1.650	-1.350	0.000	12.91007805
-1.550	-1.350	0.000	12.74629498
-1.450	-1.350	0.000	12.50627708
-1.350	-1.350	0.000	12.39302254
-1.250	-1.350	0.000	12.25264931
-1.150	-1.350	0.000	12.21173668
-1.050	-1.350	0.000	12.23593616
-0.950	-1.350	0.000	12.28803062
-0.850	-1.350	0.000	12.33697796
-0.750	-1.350	0.000	12.40018082
-0.650	-1.350	0.000	12.46577835
-0.550	-1.350	0.000	12.59564590
-0.450	-1.350	0.000	12.75698280
-0.350	-1.350	0.000	12.92559719
-0.250	-1.350	0.000	13.06870365
-0.150	-1.350	0.000	13.15846062
-0.050	-1.350	0.000	13.18383217
0.050	-1.350	0.000	13.17582035
0.150	-1.350	0.000	13.16255283
0.250	-1.350	0.000	13.14716148
0.350	-1.350	0.000	13.11110020
0.450	-1.350	0.000	13.07902527
0.550	-1.350	0.000	13.03230286
0.650	-1.350	0.000	12.99160480
0.750	-1.350	0.000	12.89679337
0.850	-1.350	0.000	12.77398968
0.950	-1.350	0.000	12.60656929
1.050	-1.350	0.000	12.40818596
1.150	-1.350	0.000	12.18389320
1.250	-1.350	0.000	12.06934738
1.350	-1.350	0.000	11.97150040
1.450	-1.350	0.000	11.94375134
1.550	-1.350	0.000	11.98047638
1.650	-1.350	0.000	12.04846001
1.750	-1.350	0.000	12.03824425
1.850	-1.350	0.000	11.99325562
1.950	-1.350	0.000	11.87000084
2.050	-1.350	0.000	11.84826469
2.150	-1.350	0.000	11.74658585
2.250	-1.350	0.000	11.84078693
2.350	-1.350	0.000	11.81027126
2.450	-1.350	0.000	11.95061970
-2.450	-1.250	0.000	14.69528580
-2.350	-1.250	0.000	14.61711884
-2.250	-1.250	0.000	14.33166122
-2.150	-1.250	0.000	14.12048149
-2.050	-1.250	0.000	13.88559532
-1.950	-1.250	0.000	13.56628132
-1.850	-1.250	0.000	13.31563377
-1.750	-1.250	0.000	12.97485447
-1.650	-1.250	0.000	12.67199421
-1.550	-1.250	0.000	12.48652554
-1.450	-1.250	0.000	12.24685383
-1.350	-1.250	0.000	12.11450195
-1.250	-1.250	0.000	11.97120476
-1.150	-1.250	0.000	11.92074203
-1.050	-1.250	0.000	11.94748688
-0.950	-1.250	0.000	12.01441860
-0.850	-1.250	0.000	12.09425354
-0.750	-1.250	0.000	12.17139816
-0.650	-1.250	0.000	12.25344944
-0.550	-1.250	0.000	12.38090515
-0.450	-1.250	0.000	12.54227066
-0.350	-1.250	0.000	12.70807552
-0.250	-1.250	0.000	12.85056496
-0.150	-1.250	0.000	12.94269753
-0.050	-1.250	0.000	12.98907757
0.050	-1.250	0.000	13.00528336
0.150	-1.250	0.000	13.01827431
0.250	-1.250	0.000	13.02052307
0.350	-1.250	0.000	12.99872112
0.450	-1.250	0.000	12.98102665
0.550	-1.250	0.000	12.94531059
0.650	-1.250	0.000	12.91353798
0.750	-1.250	0.000	12.82427216
0.850	-1.250	0.000	12.70893669
0.950	-1.250	0.000	12.55168152
1.050	-1.250	0.000	12.37203407
1.150	-1.250	0.000	12.16294289
1.250	-1.250	0.000	12.05176735
1.350	-1.250	0.000	11.96204567
1.450	-1.250	0.000	11.92502213
1.550	-1.250	0.000	11.97207642
1.650	-1.250	0.000	12.04969788
1.750	-1.250	0.000	12.05809402
1.850	-1.250	0.000	12.03372002
1.950	-1.250	0.000	11.91962051
2.050	-1.250	0.000	11.88475895
2.150	-1.250	0.000	11.76964092
2.250	-1.250	0.000	11.84833813
2.350	-1.250	0.000	11.81307030
2.450	-1.250	0.000	11.94025993
-2.450	-1.150	0.000	14.40536499
-2.350	-1.150	0.000	14.36083984
-2.250	-1.150	0.000	14.10613441
-2.150	-1.150	0.000	13.87207317
-2.050	-1.150	0.000	13.62745285
-1.950	-1.150	0.000	13.30347443
-1.850	-1.150	0.000	13.04589176
-1.750	-1.150	0.000	12.71708298
-1.650	-1.150	0.000	12.41061020
-1.550	-1.150	0.000	12.20724106
-1.450	-1.150	0.000	11.97296524
-1.350	-1.150	0.000	11.82988167
-1.250	-1.150	0.000	11.69352722
-1.150	-1.150	0.000	11.64576912
-1.050	-1.150	0.000	11.68300915
-0.950	-1.150	0.000	11.76478004
-0.850	-1.150	0.000	11.89060879
-0.750	-1.150	0.000	11.98298264
-0.650	-1.150	0.000	12.08784771
-0.550	-1.150	0.000	12.21582794
-0.450	-1.150	0.000	12.36458588
-0.350	-1.150	0.000	12.51331902
-0.250	-1.150	0.000	12.63930988
-0.150	-1.150	0.000	12.72348881
-0.050	-1.150	0.000	12.77860069
0.050	-1.150	0.000	12.82263470
0.150	-1.150	0.000	12.86226177
0.250	-1.150	0.000	12.88907146
0.350	-1.150	0.000	12.89698029
0.450	-1.150	0.000	12.90658092
0.550	-1.150	0.000	12.88867760
0.650	-1.150	0.000	12.87823677
0.750	-1.150	0.000	12.79976177
0.850	-1.150	0.000	12.68193626
0.950	-1.150	0.000	12.52618217
1.050	-1.150	0.000	12.34716988
1.150	-1.150	0.000	12.14826393
1.250	-1.150	0.000	12.02386951
1.350	-1.150	0.000	11.94040012
1.450	-1.150	0.000	11.90569115
1.550	-1.150	0.000	11.95347977
1.650	-1.150	0.000	12.05021858
1.750	-1.150	0.000	12.08048248
1.850	-1.150	0.000	12.08115005
1.950	-1.150	0.000	11.98910713
2.050	-1.150	0.000	11.94152641
2.150	-1.150	0.000	11.81484795
2.250	-1.150	0.000	11.87215805
2.350	-1.150	0.000	11.82938957
2.450	-1.150	0.000	11.95343781
-2.450	-1.050	0.000	14.11165142
-2.350	-1.050	0.000	14.07892799
-2.250	-1.050	0.000	13.87510109
-2.150	-1.050	0.000	13.64526558
-2.050	-1.050	0.000	13.40043449
-1.950	-1.050	0.000	13.07013798
-1.850	-1.050	0.000	12.79924870
-1.750	-1.050	0.000	12.47960281
-1.650	-1.050	0.000	12.17570877
-1.550	-1.050	0.000	11.95953751
-1.450	-1.050	0.000	11.72645760
-1.350	-1.050	0.000	11.57199287
-1.250	-1.050	0.000	11.44487476
-1.150	-1.050	0.000	11.40740585
-1.050	-1.050	0.000	11.46042252
-0.950	-1.050	0.000	11.56823730
-0.850	-1.050	0.000	11.73725891
-0.750	-1.050	0.000	11.86676598
-0.650	-1.050	0.000	12.00158501
-0.550	-1.050	0.000	12.13307571
-0.450	-1.050	0.000	12.26076889
-0.350	-1.050	0.000	12.37479496
-0.250	-1.050	0.000	12.46530724
-0.150	-1.050	0.000	12.53351879
-0.050	-1.050	0.000	12.59124947
0.050	-1.050	0.000	12.65576172
0.150	-1.050	0.000	12.72301865
0.250	-1.050	0.000	12.77759171
0.350	-1.050	0.000	12.81483650
0.450	-1.050	0.000	12.85384464
0.550	-1.050	0.000	12.85146523
0.650	-1.050	0.000	12.86051369
0.750	-1.050	0.000	12.79497147
0.850	-1.050	0.000	12.68284607
0.950	-1.050	0.000	12.53704357
1.050	-1.050	0.000	12.35602474
1.150	-1.050	0.000	12.16668034
1.250	-1.050	0.000	12.02980804
1.350	-1.050	0.000	11.94531727
1.450	-1.050	0.000	11.91421413
1.550	-1.050	0.000	11.95185661
1.650	-1.050	0.000	12.05298138
1.750	-1.050	0.000	12.09506989
1.850	-1.050	0.000	12.10846519
1.950	-1.050	0.000	12.03287888
2.050	-1.050	0.000	11.99033833
2.150	-1.050	0.000	11.86247730
2.250	-1.050	0.000	11.89357662
2.350	-1.050	0.000	11.83087349
2.450	-1.050	0.000	11.93172741
-2.450	-0.950	0.000	13.83673286
-2.350	-0.950	0.000	13.80285072
-2.250	-0.950	0.000	13.66283226
-2.150	-0.950	0.000	13.45324326
-2.050	-0.950	0.000	13.21594620
-1.950	-0.950	0.000	12.89015579
-1.850	-0.950	0.000	12.60170364
-1.750	-0.950	0.000	12.28720284
-1.650	-0.950	0.000	11.99311352
-1.550	-0.950	0.000	11.77077675
-1.450	-0.950	0.000	11.54231834
-1.350	-0.950	0.000	11.38288689
-1.250	-0.950	0.000	11.27013016
-1.150	-0.950	0.000	11.25058937
-1.050	-0.950	0.000	11.32346344
-0.950	-0.950	0.000	11.46579742
-0.850	-0.950	0.000	11.68103218
-0.750	-0.950	0.000	11.86323929
-0.650	-0.950	0.000	12.03330421
-0.550	-0.950	0.000	12.17206669
-0.450	-0.950	0.000	12.27427101
-0.350	-0.950	0.000	12.33645344
-0.250	-0.950	0.000	12.37758255
-0.150	-0.950	0.000	12.41115570
-0.050	-0.950	0.000	12.45810699
0.050	-0.950	0.000	12.53222179
0.150	-0.950	0.000	12.62261772
0.250	-0.950	0.000	12.70143414
0.350	-0.950	0.000	12.76078606
0.450	-0.950	0.000	12.81875992
0.550	-0.950	0.000	12.83856487
0.650	-0.950	0.000	12.86002159
0.750	-0.950	0.000	12.80226803
0.850	-0.950	0.000	12.69841480
0.950	-0.950	0.000	12.55647087
1.050	-0.950	0.000	12.37256813
1.150	-0.950	0.000	12.18098259
1.250	-0.950	0.000	12.03312302
1.350	-0.950	0.000	11.93259430
1.450	-0.950	0.000	11.90791512
1.550	-0.950	0.000	11.92666054
1.650	-0.950	0.000	12.02904320
1.750	-0.950	0.000	12.07760811
1.850	-0.950	0.000	12.10047150
1.950	-0.950	0.000	12.03891373
2.050	-0.950	0.000	12.01454353
2.150	-0.950	0.000	11.91959476
2.250	-0.950	0.000	11.95115662
2.350	-0.950	0.000	11.88528061
2.450	-0.950	0.000	11.97733307
-2.450	-0.850	0.000	13.61683369
-2.350	-0.850	0.000	13.57365799
-2.250	-0.850	0.000	13.49530792
-2.150	-0.850	0.000	13.31317520
-2.050	-0.850	0.000	13.09668541
-1.950	-0.850	0.000	12.76914024
-1.850	-0.850	0.000	12.47564888
-1.750	-0.850	0.000	12.16213226
-1.650	-0.850	0.000	11.88003635
-1.550	-0.850	0.000	11.65710258
-1.450	-0.850	0.000	11.43702221
-1.350	-0.850	0.000	11.28439522
-1.250	-0.850	0.000	11.18835258
-1.150	-0.850	0.000	11.19256973
-1.050	-0.850	0.000	11.28148270
-0.950	-0.850	0.000	11.45725632
-0.850	-0.850	0.000	11.70819092
-0.750	-0.850	0.000	11.92666054
-0.650	-0.850	0.000	12.11529160
-0.550	-0.850	0.000	12.24543667
-0.450	-0.850	0.000	12.31809807
-0.350	-0.850	0.000	12.33810711
-0.250	-0.850	0.000	12.33470154
-0.150	-0.850	0.000	12.33911896
-0.050	-0.850	0.000	12.37533188
0.050	-0.850	0.000	12.45007896
0.150	-0.850	0.000	12.54346085
0.250	-0.850	0.000	12.62657166
0.350	-0.850	0.000	12.69375420
0.450	-0.850	0.000	12.76472759
0.550	-0.850	0.000	12.81231308
0.650	-0.850	0.000	12.85607624
0.750	-0.850	0.000	12.79845142
0.850	-0.850	0.000	12.70153618
0.950	-0.850	0.000	12.55666065
1.050	-0.850	0.000	12.36359787
1.150	-0.850	0.000	12.16077900
1.250	-0.850	0.000	11.99632931
1.350	-0.850	0.000	11.88097191
1.450	-0.850	0.000	11.84826565
1.550	-0.850	0.000	11.85631084
1.650	-0.850	0.000	11.94921112
1.750	-0.850	0.000	12.00575447
1.850	-0.850	0.000	12.04317665
1.950	-0.850	0.000	11.99360847
2.050	-0.850	0.000	11.99670219
2.150	-0.850	0.000	11.94443989
2.250	-0.850	0.000	11.99451637
2.350	-0.850	0.000	11.93929291
2.450	-0.850	0.000	12.03857517
-2.450	-0.750	0.000	13.46766281
-2.350	-0.750	0.000	13.42016602
-2.250	-0.750	0.000	13.39057732
-2.150	-0.750	0.000	13.24672508
-2.050	-0.750	0.000	13.05154037
-1.950	-0.750	0.000	12.73419571
-1.850	-0.750	0.000	12.44357204
-1.750	-0.750	0.000	12.14140701
-1.650	-0.750	0.000	11.86688423
-1.550	-0.750	0.000	11.65073586
-1.450	-0.750	0.000	11.45250702
-1.350	-0.750	0.000	11.32834721
-1.250	-0.750	0.000	11.26844406
-1.150	-0.750	0.000	11.30291176
-1.050	-0.750	0.000	11.41380978
-0.950	-0.750	0.000	11.60674286
-0.850	-0.750	0.000	11.87448883
-0.750	-0.750	0.000	12.11943817
-0.650	-0.750	0.000	12.31585217
-0.550	-0.750	0.000	12.42716980
-0.450	-0.750	0.000	12.46376610
-0.350	-0.750	0.000	12.44389343
-0.250	-0.750	0.000	12.40970230
-0.150	-0.750	0.000	12.38264656
-0.050	-0.750	0.000	12.39381218
0.050	-0.750	0.000	12.44696522
0.150	-0.750	0.000	12.51878643
0.250	-0.750	0.000	12.57781219
0.350	-0.750	0.000	12.62709045
0.450	-0.750	0.000	12.68436241
0.550	-0.750	0.000	12.72389412
0.650	-0.750	0.000	12.75571823
0.750	-0.750	0.000	12.69492435
0.850	-0.750	0.000	12.61092472
0.950	-0.750	0.000	12.48121643
1.050	-0.750	0.000	12.30017948
1.150	-0.750	0.000	12.10553741
1.250	-0.750	0.000	11.93434525
1.350	-0.750	0.000	11.80363083
1.450	-0.750	0.000	11.75367451
1.550	-0.750	0.000	11.76541615
1.650	-0.750	0.000	11.83315849
1.750	-0.750	0.000	11.88720894
1.850	-0.750	0.000	11.94036007
1.950	-0.750	0.000	11.91267014
2.050	-0.750	0.000	11.95796585
2.150	-0.750	0.000	11.95584679
2.250	-0.750	0.000	12.04537868
2.350	-0.750	0.000	12.01710606
2.450	-0.750	0.000	12.14064407
-2.450	-0.650	0.000	13.43142891
-2.350	-0.650	0.000	13.36761189
-2.250	-0.650	0.000	13.36944389
-2.150	-0.650	0.000	13.27334404
-2.050	-0.650	0.000	13.09971809
-1.950	-0.650	0.000	12.81735325
-1.850	-0.650	0.000	12.51756573
-1.750	-0.650	0.000	12.22438812
-1.650	-0.650	0.000	11.95744991
-1.550	-0.650	0.000	11.74139786
-1.450	-0.650	0.000	11.55956650
-1.350	-0.650	0.000	11.45862103
-1.250	-0.650	0.000	11.40261269
-1.150	-0.650	0.000	11.44154072
-1.050	-0.650	0.000	11.58034706
-0.950	-0.650	0.000	11.81631947
-0.850	-0.650	0.000	12.11440277
-0.750	-0.650	0.000	12.37726021
-0.650	-0.650	0.000	12.56979370
-0.550	-0.650	0.000	12.63646317
-0.450	-0.650	0.000	12.62518692
-0.350	-0.650	0.000	12.56159592
-0.250	-0.650	0.000	12.48197365
-0.150	-0.650	0.000	12.43643284
-0.050	-0.650	0.000	12.43309021
0.050	-0.650	0.000	12.47122002
0.150	-0.650	0.000	12.52099419
0.250	-0.650	0.000	12.54689789
0.350	-0.650	0.000	12.56132317
0.450	-0.650	0.000	12.57921600
0.550	-0.650	0.000	12.59928989
0.650	-0.650	0.000	12.61875820
0.750	-0.650	0.000	12.54379463
0.850	-0.650	0.000	12.46137810
0.950	-0.650	0.000	12.33970070
1.050	-0.650	0.000	12.19031429
1.150	-0.650	0.000	12.01054573
1.250	-0.650	0.000	11.84355450
1.350	-0.650	0.000	11.71168137
1.450	-0.650	0.000	11.66108131
1.550	-0.650	0.000	11.67472458
1.650	-0.650	0.000	11.73448372
1.750	-0.650	0.000	11.79190063
1.850	-0.650	0.000	11.85747528
1.950	-0.650	0.000	11.85310173
2.050	-0.650	0.000	11.92965508
2.150	-0.650	0.000	11.97428703
2.250	-0.650	0.000	12.11406898
2.350	-0.650	0.000	12.13576698
2.450	-0.650	0.000	12.31599426
-2.450	-0.550	0.000	13.43552494
-2.350	-0.550	0.000	13.33951378
-2.250	-0.550	0.000	13.35152626
-2.150	-0.550	0.000	13.29941750
-2.050	-0.550	0.000	13.14527702
-1.950	-0.550	0.000	12.91613579
-1.850	-0.550	0.000	12.64790916
-1.750	-0.550	0.000	12.37790871
-1.650	-0.550	0.000	12.13151741
-1.550	-0.550	0.000	11.93190765
-1.450	-0.550	0.000	11.76983452
-1.350	-0.550	0.000	11.68152046
-1.250	-0.550	0.000	11.66480827
-1.150	-0.550	0.000	11.76068401
-1.050	-0.550	0.000	11.93494606
-0.950	-0.550	0.000	12.15904140
-0.850	-0.550	0.000	12.45982552
-0.750	-0.550	0.000	12.70385551
-0.650	-0.550	0.000	12.86259556
-0.550	-0.550	0.000	12.89347267
-0.450	-0.550	0.000	12.85166740
-0.350	-0.550	0.000	12.76777458
-0.250	-0.550	0.000	12.65040779
-0.150	-0.550	0.000	12.55968475
-0.050	-0.550	0.000	12.52660561
0.050	-0.550	0.000	12.53989983
0.150	-0.550	0.000	12.55798721
0.250	-0.550	0.000	12.54732513
0.350	-0.550	0.000	12.52434635
0.450	-0.550	0.000	12.51080704
0.550	-0.550	0.000	12.51155758
0.650	-0.550	0.000	12.49961567
0.750	-0.550	0.000	12.42537308
0.850	-0.550	0.000	12.33328629
0.950	-0.550	0.000	12.22959995
1.050	-0.550	0.000	12.08423615
1.150	-0.550	0.000	11.92694473
1.250	-0.550	0.000	11.77328491
1.350	-0.550	0.000	11.65405273
1.450	-0.550	0.000	11.61481571
1.550	-0.550	0.000	11.63004303
1.650	-0.550	0.000	11.69822216
1.750	-0.550	0.000	11.75534058
1.850	-0.550	0.000	11.83477974
1.950	-0.550	0.000	11.85768509
2.050	-0.550	0.000	11.95860291
2.150	-0.550	0.000	12.03345966
2.250	-0.550	0.000	12.20805168
2.350	-0.550	0.000	12.26561356
2.450	-0.550	0.000	12.48855782
-2.450	-0.450	0.000	13.54874897
-2.350	-0.450	0.000	13.42947292
-2.250	-0.450	0.000	13.45543861
-2.150	-0.450	0.000	13.43538094
-2.050	-0.450	0.000	13.32566738
-1.950	-0.450	0.000	13.15138435
-1.850	-0.450	0.000	12.90581512
-1.750	-0.450	0.000	12.64402199
-1.650	-0.450	0.000	12.41196442
-1.550	-0.450	0.000	12.23420143
-1.450	-0.450	0.000	12.13313866
-1.350	-0.450	0.000	12.09484291
-1.250	-0.450	0.000	12.09775543
-1.150	-0.450	0.000	12.17058563
-1.050	-0.450	0.000	12.33033180
-0.950	-0.450	0.000	12.50264454
-0.850	-0.450	0.000	12.76991081
-0.750	-0.450	0.000	12.97772598
-0.650	-0.450	0.000	13.11044312
-0.550	-0.450	0.000	13.12869072
-0.450	-0.450	0.000	13.06727695
-0.350	-0.450	0.000	12.97203541
-0.250	-0.450	0.000	12.84432697
-0.150	-0.450	0.000	12.72973251
-0.050	-0.450	0.000	12.66706085
0.050	-0.450	0.000	12.64614868
0.150	-0.450	0.000	12.62467384
0.250	-0.450	0.000	12.58831406
0.350	-0.450	0.000	12.54574203
0.450	-0.450	0.000	12.50258732
0.550	-0.450	0.000	12.47473335
0.650	-0.450	0.000	12.43326378
0.750	-0.450	0.000	12.34085083
0.850	-0.450	0.000	12.23142910
0.950	-0.450	0.000	12.13366890
1.050	-0.450	0.000	12.00678062
1.150	-0.450	0.000	11.86614037
1.250	-0.450	0.000	11.72806168
1.350	-0.450	0.000	11.62272263
1.450	-0.450	0.000	11.59317589
1.550	-0.450	0.000	11.61279869
1.650	-0.450	0.000	11.68729973
1.750	-0.450	0.000	11.74901581
1.850	-0.450	0.000	11.82714081
1.950	-0.450	0.000	11.87107944
2.050	-0.450	0.000	11.99799442
2.150	-0.450	0.000	12.09225464
2.250	-0.450	0.000	12.29638672
2.350	-0.450	0.000	12.38613319
2.450	-0.450	0.000	12.65559578
-2.450	-0.350	0.000	13.66594219
-2.350	-0.350	0.000	13.50170898
-2.250	-0.350	0.000	13.51258278
-2.150	-0.350	0.000	13.52804947
-2.050	-0.350	0.000	13.46910095
-1.950	-0.350	0.000	13.37894440
-1.850	-0.350	0.000	13.20695305
-1.750	-0.350	0.000	12.99963570
-1.650	-0.350	0.000	12.79694176
-1.550	-0.350	0.000	12.64905071
-1.450	-0.350	0.000	12.53856468
-1.350	-0.350	0.000	12.48547363
-1.250	-0.350	0.000	12.44851875
-1.150	-0.350	0.000	12.46821308
-1.050	-0.350	0.000	12.56548500
-0.950	-0.350	0.000	12.67177010
-0.850	-0.350	0.000	12.88664818
-0.750	-0.350	0.000	13.06525803
-0.650	-0.350	0.000	13.20257759
-0.550	-0.350	0.000	13.23681259
-0.450	-0.350	0.000	13.18945885
-0.350	-0.350	0.000	13.07486153
-0.250	-0.350	0.000	12.92188263
-0.150	-0.350	0.000	12.78998852
-0.050	-0.350	0.000	12.73594952
0.050	-0.350	0.000	12.72848701
0.150	-0.350	0.000	12.72614098
0.250	-0.350	0.000	12.68379974
0.350	-0.350	0.000	12.63237095
0.450	-0.350	0.000	12.58213139
0.550	-0.350	0.000	12.54014301
0.650	-0.350	0.000	12.47611809
0.750	-0.350	0.000	12.37565804
0.850	-0.350	0.000	12.25521564
0.950	-0.350	0.000	12.15636826
1.050	-0.350	0.000	12.03525066
1.150	-0.350	0.000	11.91154861
1.250	-0.350	0.000	11.78876877
1.350	-0.350	0.000	11.70186996
1.450	-0.350	0.000	11.68302727
1.550	-0.350	0.000	11.70618439
1.650	-0.350	0.000	11.78378105
1.750	-0.350	0.000	11.84543991
1.850	-0.350	0.000	11.91527176
1.950	-0.350	0.000	11.96038818
2.050	-0.350	0.000	12.08384037
2.150	-0.350	0.000	12.17486858
2.250	-0.350	0.000	12.38205814
2.350	-0.350	0.000	12.47718716
2.450	-0.350	0.000	12.76497459
-2.450	-0.250	0.000	13.72945976
-2.350	-0.250	0.000	13.52164555
-2.250	-0.250	0.000	13.52385330
-2.150	-0.250	0.000	13.57061768
-2.050	-0.250	0.000	13.53965473
-1.950	-0.250	0.000	13.52520752
-1.850	-0.250	0.000	13.44231987
-1.750	-0.250	0.000	13.29614067
-1.650	-0.250	0.000	13.13670158
-1.550	-0.250	0.000	13.01538277
-1.450	-0.250	0.000	12.88177299
-1.350	-0.250	0.000	12.78785324
-1.250	-0.250	0.000	12.68246746
-1.150	-0.250	0.000	12.61743164
-1.050	-0.250	0.000	12.63891411
-0.950	-0.250	0.000	12.71628380
-0.850	-0.250	0.000	12.91083717
-0.750	-0.250	0.000	13.09284019
-0.650	-0.250	0.000	13.25155640
-0.550	-0.250	0.000	13.30691147
-0.450	-0.250	0.000	13.26908398
-0.350	-0.250	0.000	13.15853691
-0.250	-0.250	0.000	13.00090981
-0.150	-0.250	0.000	12.86415291
-0.050	-0.250	0.000	12.80106640
0.050	-0.250	0.000	12.80236626
0.150	-0.250	0.000	12.81134987
0.250	-0.250	0.000	12.79804802
0.350	-0.250	0.000	12.76695633
0.450	-0.250	0.000	12.72393894
0.550	-0.250	0.000	12.68052387
0.650	-0.250	0.000	12.61426544
0.750	-0.250	0.000	12.51395798
0.850	-0.250	0.000	12.38671207
0.950	-0.250	0.000	12.27457809
1.050	-0.250	0.000	12.14742851
1.150	-0.250	0.000	12.01745415
1.250	-0.250	0.000	11.89008236
1.350	-0.250	0.000	11.79664135
1.450	-0.250	0.000	11.77929306
1.550	-0.250	0.000	11.80467224
1.650	-0.250	0.000	11.88262367
1.750	-0.250	0.000	11.94095039
1.850	-0.250	0.000	11.99296951
1.950	-0.250	0.000	12.03208065
2.050	-0.250	0.000	12.13635254
2.150	-0.250	0.000	12.21817780
2.250	-0.250	0.000	12.42964458
2.350	-0.250	0.000	12.52989292
2.450	-0.250	0.000	12.82839394
-2.450	-0.150	0.000	13.75766563
-2.350	-0.150	0.000	13.49569035
-2.250	-0.150	0.000	13.47686768
-2.150	-0.150	0.000	13.53673649
-2.050	-0.150	0.000	13.52409744
-1.950	-0.150	0.000	13.57393646
-1.850	-0.150	0.000	13.56356525
-1.750	-0.150	0.000	13.45151424
-1.650	-0.150	0.000	13.30585861
-1.550	-0.150	0.000	13.15240479
-1.450	-0.150	0.000	12.98614407
-1.350	-0.150	0.000	12.84549141
-1.250	-0.150	0.000	12.70002365
-1.150	-0.150	0.000	12.59775734
-1.050	-0.150	0.000	12.59331989
-0.950	-0.150	0.000	12.64974022
-0.850	-0.150	0.000	12.85625935
-0.750	-0.150	0.000	13.05844116
-0.650	-0.150	0.000	13.25454903
-0.550	-0.150	0.000	13.32646751
-0.450	-0.150	0.000	13.29640102
-0.350	-0.150	0.000	13.17138863
-0.250	-0.150	0.000	13.00026512
-0.150	-0.150	0.000	12.86413193
-0.050	-0.150	0.000	12.81235313
0.050	-0.150	0.000	12.85200310
0.150	-0.150	0.000	12.90148735
0.250	-0.150	0.000	12.91702461
0.350	-0.150	0.000	12.91113949
0.450	-0.150	0.000	12.88903046
0.550	-0.150	0.000	12.85600662
0.650	-0.150	0.000	12.79129982
0.750	-0.150	0.000	12.69600487
0.850	-0.150	0.000	12.56018734
0.950	-0.150	0.000	12.44643021
1.050	-0.150	0.000	12.31931877
1.150	-0.150	0.000	12.19066620
1.250	-0.150	0.000	12.06357574
1.350	-0.150	0.000	11.96935463
1.450	-0.150	0.000	11.95079803
1.550	-0.150	0.000	11.97939873
1.650	-0.150	0.000	12.04712772
1.750	-0.150	0.000	12.09850693
1.850	-0.150	0.000	12.14002228
1.950	-0.150	0.000	12.15153027
2.050	-0.150	0.000	12.22027969
2.150	-0.150	0.000	12.27920818
2.250	-0.150	0.000	12.47403240
2.350	-0.150	0.000	12.56935310
2.450	-0.150	0.000	12.85870171
-2.450	-0.050	0.000	13.69257355
-2.350	-0.050	0.000	13.41743851
-2.250	-0.050	0.000	13.40902138
-2.150	-0.050	0.000	13.49743462
-2.050	-0.050	0.000	13.51486588
-1.950	-0.050	0.000	13.60184288
-1.850	-0.050	0.000	13.62987328
-1.750	-0.050	0.000	13.52485657
-1.650	-0.050	0.000	13.38338470
-1.550	-0.050	0.000	13.19336700
-1.450	-0.050	0.000	13.00508404
-1.350	-0.050	0.000	12.82090092
-1.250	-0.050	0.000	12.64900970
-1.150	-0.050	0.000	12.51596737
-1.050	-0.050	0.000	12.50161457
-0.950	-0.050	0.000	12.56158638
-0.850	-0.050	0.000	12.77699471
-0.750	-0.050	0.000	13.01757812
-0.650	-0.050	0.000	13.23538303
-0.550	-0.050	0.000	13.31486797
-0.450	-0.050	0.000	13.27774715
-0.350	-0.050	0.000	13.15701771
-0.250	-0.050	0.000	12.99370861
-0.150	-0.050	0.000	12.88630104
-0.050	-0.050	0.000	12.86620235
0.050	-0.050	0.000	12.92347336
0.150	-0.050	0.000	12.99538803
0.250	-0.050	0.000	13.03434181
0.350	-0.050	0.000	13.04211330
0.450	-0.050	0.000	13.04066658
0.550	-0.050	0.000	13.01915741
0.650	-0.050	0.000	12.96959877
0.750	-0.050	0.000	12.87815189
0.850	-0.050	0.000	12.75793457
0.950	-0.050	0.000	12.64343262
1.050	-0.050	0.000	12.52028084
1.150	-0.050	0.000	12.39254189
1.250	-0.050	0.000	12.26818466
1.350	-0.050	0.000	12.16613674
1.450	-0.050	0.000	12.13161659
1.550	-0.050	0.000	12.14647007
1.650	-0.050	0.000	12.19899940
1.750	-0.050	0.000	12.24080658
1.850	-0.050	0.000	12.27379513
1.950	-0.050	0.000	12.27718544
2.050	-0.050	0.000	12.32470989
2.150	-0.050	0.000	12.34827805
2.250	-0.050	0.000	12.50437546
2.350	-0.050	0.000	12.58001328
2.450	-0.050	0.000	12.85523510
-2.450	0.050	0.000	13.65988350
-2.350	0.050	0.000	13.36207676
-2.250	0.050	0.000	13.33946037
-2.150	0.050	0.000	13.42960835
-2.050	0.050	0.000	13.45428848
-1.950	0.050	0.000	13.56977272
-1.850	0.050	0.000	13.60977936
-1.750	0.050	0.000	13.52805042
-1.650	0.050	0.000	13.40116024
-1.550	0.050	0.000	13.17894745
-1.450	0.050	0.000	12.95863533
-1.350	0.050	0.000	12.75431252
-1.250	0.050	0.000	12.58152485
-1.150	0.050	0.000	12.46463013
-1.050	0.050	0.000	12.47027016
-0.950	0.050	0.000	12.56739616
-0.850	0.050	0.000	12.77507401
-0.750	0.050	0.000	13.03230476
-0.650	0.050	0.000	13.24735260
-0.550	0.050	0.000	13.32529259
-0.450	0.050	0.000	13.29575348
-0.350	0.050	0.000	13.18059063
-0.250	0.050	0.000	13.02787209
-0.150	0.050	0.000	12.93279076
-0.050	0.050	0.000	12.92857170
0.050	0.050	0.000	12.99518204
0.150	0.050	0.000	13.08946419
0.250	0.050	0.000	13.14873505
0.350	0.050	0.000	13.16190338
0.450	0.050	0.000	13.16056061
0.550	0.050	0.000	13.14799118
0.650	0.050	0.000	13.11186218
0.750	0.050	0.000	13.03664589
0.850	0.050	0.000	12.92302227
0.950	0.050	0.000	12.80542183
1.050	0.050	0.000	12.68595886
1.150	0.050	0.000	12.56957626
1.250	0.050	0.000	12.45326042
1.350	0.050	0.000	12.35970497
1.450	0.050	0.000	12.32230759
1.550	0.050	0.000	12.33938599
1.650	0.050	0.000	12.38001251
1.750	0.050	0.000	12.39945030
1.850	0.050	0.000	12.41342163
1.950	0.050	0.000	12.40171051
2.050	0.050	0.000	12.43620777
2.150	0.050	0.000	12.44766521
2.250	0.050	0.000	12.57549095
2.350	0.050	0.000	12.62935162
2.450	0.050	0.000	12.87084389
-2.450	0.150	0.000	13.77097511
-2.350	0.150	0.000	13.47908783
-2.250	0.150	0.000	13.45154285
-2.150	0.150	0.000	13.53628349
-2.050	0.150	0.000	13.56521034
-1.950	0.150	0.000	13.69071198
-1.850	0.150	0.000	13.72021389
-1.750	0.150	0.000	13.62192726
-1.650	0.150	0.000	13.47311020
-1.550	0.150	0.000	13.21481228
-1.450	0.150	0.000	12.98101044
-1.350	0.150	0.000	12.77498627
-1.250	0.150	0.000	12.61756516
-1.150	0.150	0.000	12.52849388
-1.050	0.150	0.000	12.53590012
-0.950	0.150	0.000	12.64145470
-0.850	0.150	0.000	12.82702065
-0.750	0.150	0.000	13.05780029
-0.650	0.150	0.000	13.26554489
-0.550	0.150	0.000	13.35408878
-0.450	0.150	0.000	13.33935547
-0.350	0.150	0.000	13.24364090
-0.250	0.150	0.000	13.11382675
-0.150	0.150	0.000	13.02786827
-0.050	0.150	0.000	13.02491951
0.050	0.150	0.000	13.08672905
0.150	0.150	0.000	13.17121601
0.250	0.150	0.000	13.23427010
0.350	0.150	0.000	13.25509262
0.450	0.150	0.000	13.26232719
0.550	0.150	0.000	13.24135399
0.650	0.150	0.000	13.20951653
0.750	0.150	0.000	13.12958622
0.850	0.150	0.000	13.02832031
0.950	0.150	0.000	12.92001915
1.050	0.150	0.000	12.81919479
1.150	0.150	0.000	12.71584702
1.250	0.150	0.000	12.62013149
1.350	0.150	0.000	12.53970528
1.450	0.150	0.000	12.50481987
1.550	0.150	0.000	12.49056625
1.650	0.150	0.000	12.51206398
1.750	0.150	0.000	12.52997112
1.850	0.150	0.000	12.55938148
1.950	0.150	0.000	12.55132675
2.050	0.150	0.000	12.56749821
2.150	0.150	0.000	12.55283642
2.250	0.150	0.000	12.64970779
2.350	0.150	0.000	12.67788696
2.450	0.150	0.000	12.86125565
-2.450	0.250	0.000	13.92470646
-2.350	0.250	0.000	13.65935135
-2.250	0.250	0.000	13.61755562
-2.150	0.250	0.000	13.69831085
-2.050	0.250	0.000	13.73967743
-1.950	0.250	0.000	13.86355209
-1.850	0.250	0.000	13.87878609
-1.750	0.250	0.000	13.75129509
-1.650	0.250	0.000	13.57536793
-1.550	0.250	0.000	13.29021263
-1.450	0.250	0.000	13.04800320
-1.350	0.250	0.000	12.84564590
-1.250	0.250	0.000	12.70747566
-1.150	0.250	0.000	12.63946438
-1.050	0.250	0.000	12.65493965
-0.950	0.250	0.000	12.75878143
-0.850	0.250	0.000	12.92982292
-0.750	0.250	0.000	13.12629700
-0.650	0.250	0.000	13.31077766
-0.550	0.250	0.000	13.40387726
-0.450	0.250	0.000	13.40200996
-0.350	0.250	0.000	13.32812023
-0.250	0.250	0.000	13.23187637
-0.150	0.250	0.000	13.14986706
-0.050	0.250	0.000	13.14968395
0.050	0.250	0.000	13.20518112
0.150	0.250	0.000	13.28247833
0.250	0.250	0.000	13.35423660
0.350	0.250	0.000	13.39224243
0.450	0.250	0.000	13.41043949
0.550	0.250	0.000	13.40756416
0.650	0.250	0.000	13.37652969
0.750	0.250	0.000	13.30537891
0.850	0.250	0.000	13.18282318
0.950	0.250	0.000	13.06648827
1.050	0.250	0.000	12.95309639
1.150	0.250	0.000	12.85284996
1.250	0.250	0.000	12.76793766
1.350	0.250	0.000	12.69695854
1.450	0.250	0.000	12.66407967
1.550	0.250	0.000	12.65644073
1.650	0.250	0.000	12.67416954
1.750	0.250	0.000	12.67613029
1.850	0.250	0.000	12.68269825
1.950	0.250	0.000	12.66831970
2.050	0.250	0.000	12.69482803
2.150	0.250	0.000	12.68893242
2.250	0.250	0.000	12.77862072
2.350	0.250	0.000	12.79823685
2.450	0.250	0.000	12.95075226
-2.450	0.350	0.000	14.08853626
-2.350	0.350	0.000	13.93133545
-2.250	0.350	0.000	13.82845879
-2.150	0.350	0.000	13.90697479
-2.050	0.350	0.000	13.95443630
-1.950	0.350	0.000	14.08182144
-1.850	0.350	0.000	14.09123039
-1.750	0.350	0.000	13.96396065
-1.650	0.350	0.000	13.78340149
-1.550	0.350	0.000	13.48718262
-1.450	0.350	0.000	13.23357487
-1.350	0.350	0.000	13.02025604
-1.250	0.350	0.000	12.87409592
-1.150	0.350	0.000	12.80414677
-1.050	0.350	0.000	12.81594372
-0.950	0.350	0.000	12.89300728
-0.850	0.350	0.000	13.04824924
-0.750	0.350	0.000	13.18574905
-0.650	0.350	0.000	13.34853745
-0.550	0.350	0.000	13.45790958
-0.450	0.350	0.000	13.47835350
-0.350	0.350	0.000	13.43245888
-0.250	0.350	0.000	13.36061478
-0.150	0.350	0.000	13.32202911
-0.050	0.350	0.000	13.33409309
0.050	0.350	0.000	13.41221905
0.150	0.350	0.000	13.49744225
0.250	0.350	0.000	13.56402874
0.350	0.350	0.000	13.58834457
0.450	0.350	0.000	13.58397675
0.550	0.350	0.000	13.54520988
0.650	0.350	0.000	13.49408150
0.750	0.350	0.000	13.44034195
0.850	0.350	0.000	13.33482552
0.950	0.350	0.000	13.22903824
1.050	0.350	0.000	13.09683418
1.150	0.350	0.000	12.96540260
1.250	0.350	0.000	12.86401176
1.350	0.350	0.000	12.78950214
1.450	0.350	0.000	12.76324844
1.550	0.350	0.000	12.76106071
1.650	0.350	0.000	12.78215981
1.750	0.350	0.000	12.80510139
1.850	0.350	0.000	12.82803440
1.950	0.350	0.000	12.80934048
2.050	0.350	0.000	12.84214592
2.150	0.350	0.000	12.84914875
2.250	0.350	0.000	12.93507767
2.350	0.350	0.000	12.95764160
2.450	0.350	0.000	13.09189510
-2.450	0.450	0.000	14.30309868
-2.350	0.450	0.000	14.27837372
-2.250	0.450	0.000	14.08436012
-2.150	0.450	0.000	14.19125748
-2.050	0.450	0.000	14.22555256
-1.950	0.450	0.000	14.33213615
-1.850	0.450	0.000	14.34654808
-1.750	0.450	0.000	14.22085571
-1.650	0.450	0.000	14.03828526
-1.550	0.450	0.000	13.75629997
-1.450	0.450	0.000	13.49708271
-1.350	0.450	0.000	13.26765442
-1.250	0.450	0.000	13.09607506
-1.150	0.450	0.000	13.00411606
-1.050	0.450	0.000	12.97903633
-0.950	0.450	0.000	13.00835991
-0.850	0.450	0.000	13.10926247
-0.750	0.450	0.000	13.23413181
-0.650	0.450	0.000	13.38588905
-0.550	0.450	0.000	13.51048470
-0.450	0.450	0.000	13.55878353
-0.350	0.450	0.000	13.53894615
-0.250	0.450	0.000	13.47191048
-0.150	0.450	0.000	13.46378326
-0.050	0.450	0.000	13.49248409
0.050	0.450	0.000	13.60267735
0.150	0.450	0.000	13.73218536
0.250	0.450	0.000	13.83371162
0.350	0.450	0.000	13.88329697
0.450	0.450	0.000	13.88475609
0.550	0.450	0.000	13.84585571
0.650	0.450	0.000	13.76071548
0.750	0.450	0.000	13.67984581
0.850	0.450	0.000	13.55364609
0.950	0.450	0.000	13.40372372
1.050	0.450	0.000	13.27333069
1.150	0.450	0.000	13.13569546
1.250	0.450	0.000	13.02280617
1.350	0.450	0.000	12.94940758
1.450	0.450	0.000	12.92598724
1.550	0.450	0.000	12.91562271
1.650	0.450	0.000	12.92395687
1.750	0.450	0.000	12.92422009
1.850	0.450	0.000	12.92907524
1.950	0.450	0.000	12.91105938
2.050	0.450	0.000	12.93895340
2.150	0.450	0.000	12.94823837
2.250	0.450	0.000	13.06251717
2.350	0.450	0.000	13.10853577
2.450	0.450	0.000	13.25807571
-2.450	0.550	0.000	14.48362255
-2.350	0.550	0.000	14.60327148
-2.250	0.550	0.000	14.35474586
-2.150	0.550	0.000	14.45278931
-2.050	0.550	0.000	14.41716862
-1.950	0.550	0.000	14.49025154
-1.850	0.550	0.000	14.51264000
-1.750	0.550	0.000	14.38464832
-1.650	0.550	0.000	14.21080685
-1.550	0.550	0.000	13.94964886
-1.450	0.550	0.000	13.69557762
-1.350	0.550	0.000	13.46559715
-1.250	0.550	0.000	13.27772903
-1.150	0.550	0.000	13.15247822
-1.050	0.550	0.000	13.08362961
-0.950	0.550	0.000	13.05681038
-0.850	0.550	0.000	13.10488129
-0.750	0.550	0.000	13.21496296
-0.650	0.550	0.000	13.36117744
-0.550	0.550	0.000	13.50811386
-0.450	0.550	0.000	13.59031487
-0.350	0.550	0.000	13.57876587
-0.250	0.550	0.000	13.54271507
-0.150	0.550	0.000	13.51122189
-0.050	0.550	0.000	13.58558655
0.050	0.550	0.000	13.70334625
0.150	0.550	0.000	13.87197781
0.250	0.550	0.000	14.01928520
0.350	0.550	0.000	14.10094833
0.450	0.550	0.000	14.11391544
0.550	0.550	0.000	14.07659531
0.650	0.550	0.000	13.99469376
0.750	0.550	0.000	13.90733337
0.850	0.550	0.000	13.81649017
0.950	0.550	0.000	13.65903664
1.050	0.550	0.000	13.51882553
1.150	0.550	0.000	13.35003090
1.250	0.550	0.000	13.20191574
1.350	0.550	0.000	13.07852364
1.450	0.550	0.000	13.02401161
1.550	0.550	0.000	13.01913452
1.650	0.550	0.000	13.05249214
1.750	0.550	0.000	13.08939552
1.850	0.550	0.000	13.10214138
1.950	0.550	0.000	13.07392693
2.050	0.550	0.000	13.08502197
2.150	0.550	0.000	13.08304501
2.250	0.550	0.000	13.17143250
2.350	0.550	0.000	13.22408867
2.450	0.550	0.000	13.42539120
-2.450	0.650	0.000	14.70182896
-2.350	0.650	0.000	14.95289421
-2.250	0.650	0.000	14.68617725
-2.150	0.650	0.000	14.71547127
-2.050	0.650	0.000	14.61576176
-1.950	0.650	0.000	14.61395645
-1.850	0.650	0.000	14.60499763
-1.750	0.650	0.000	14.47275543
-1.650	0.650	0.000	14.30195999
-1.550	0.650	0.000	14.05076408
-1.450	0.650	0.000	13.77814865
-1.350	0.650	0.000	13.52662659
-1.250	0.650	0.000	13.31590462
-1.150	0.650	0.000	13.16605568
-1.050	0.650	0.000	13.08836937
-0.950	0.650	0.000	13.07745457
-0.850	0.650	0.000	13.13194466
-0.750	0.650	0.000	13.24944496
-0.650	0.650	0.000	13.39813995
-0.550	0.650	0.000	13.53663826
-0.450	0.650	0.000	13.61516571
-0.350	0.650	0.000	13.61338425
-0.250	0.650	0.000	13.58974266
-0.150	0.650	0.000	13.56693649
-0.050	0.650	0.000	13.64036369
0.050	0.650	0.000	13.74871063
0.150	0.650	0.000	13.91758156
0.250	0.650	0.000	14.08073044
0.350	0.650	0.000	14.18191910
0.450	0.650	0.000	14.21145630
0.550	0.650	0.000	14.18379784
0.650	0.650	0.000	14.09869194
0.750	0.650	0.000	13.99374199
0.850	0.650	0.000	13.89907265
0.950	0.650	0.000	13.77087402
1.050	0.650	0.000	13.64288330
1.150	0.650	0.000	13.50784492
1.250	0.650	0.000	13.38160706
1.350	0.650	0.000	13.28171921
1.450	0.650	0.000	13.22906876
1.550	0.650	0.000	13.20046329
1.650	0.650	0.000	13.19583416
1.750	0.650	0.000	13.17522717
1.850	0.650	0.000	13.17124462
1.950	0.650	0.000	13.14710045
2.050	0.650	0.000	13.14912605
2.150	0.650	0.000	13.12253571
2.250	0.650	0.000	13.20136070
2.350	0.650	0.000	13.23883629
2.450	0.650	0.000	13.42024422
-2.450	0.750	0.000	14.90362167
-2.350	0.750	0.000	15.26642132
-2.250	0.750	0.000	14.98503304
-2.150	0.750	0.000	14.97798729
-2.050	0.750	0.000	14.82779121
-1.950	0.750	0.000	14.73637581
-1.850	0.750	0.000	14.67727375
-1.750	0.750	0.000	14.53817749
-1.650	0.750	0.000	14.36603928
-1.550	0.750	0.000	14.12530136
-1.450	0.750	0.000	13.84602928
-1.350	0.750	0.000	13.56689453
-1.250	0.750	0.000	13.33189678
-1.150	0.750	0.000	13.16800308
-1.050	0.750	0.000	13.08663654
-0.950	0.750	0.000	13.09614182
-0.850	0.750	0.000	13.17530251
-0.750	0.750	0.000	13.31148529
-0.650	0.750	0.000	13.45578575
-0.550	0.750	0.000	13.56101036
-0.450	0.750	0.000	13.62045670
-0.350	0.750	0.000	13.61094475
-0.250	0.750	0.000	13.58201408
-0.150	0.750	0.000	13.57926750
-0.050	0.750	0.000	13.61150455
0.050	0.750	0.000	13.74192238
0.150	0.750	0.000	13.89349174
0.250	0.750	0.000	14.06299973
0.350	0.750	0.000	14.17766190
0.450	0.750	0.000	14.21841335
0.550	0.750	0.000	14.19049454
0.650	0.750	0.000	14.10036945
0.750	0.750	0.000	13.98244286
0.850	0.750	0.000	13.87562752
0.950	0.750	0.000	13.75267124
1.050	0.750	0.000	13.62552929
1.150	0.750	0.000	13.50853443
1.250	0.750	0.000	13.39847279
1.350	0.750	0.000	13.31200218
1.450	0.750	0.000	13.27677727
1.550	0.750	0.000	13.27095413
1.650	0.750	0.000	13.29114151
1.750	0.750	0.000	13.29927826
1.850	0.750	0.000	13.29375839
1.950	0.750	0.000	13.23548126
2.050	0.750	0.000	13.20915031
2.150	0.750	0.000	13.14959431
2.250	0.750	0.000	13.20582771
2.350	0.750	0.000	13.23328590
2.450	0.750	0.000	13.38926125
-2.450	0.850	0.000	15.10553932
-2.350	0.850	0.000	15.55696583
-2.250	0.850	0.000	15.34620094
-2.150	0.850	0.000	15.31452942
-2.050	0.850	0.000	15.12507820
-1.950	0.850	0.000	14.95920753
-1.850	0.850	0.000	14.81520271
-1.750	0.850	0.000	14.65812111
-1.650	0.850	0.000	14.49276161
-1.550	0.850	0.000	14.25949478
-1.450	0.850	0.000	13.97074318
-1.350	0.850	0.000	13.65549660
-1.250	0.850	0.000	13.39122200
-1.150	0.850	0.000	13.20967484
-1.050	0.850	0.000	13.12472820
-0.950	0.850	0.000	13.14743042
-0.850	0.850	0.000	13.23066807
-0.750	0.850	0.000	13.35323143
-0.650	0.850	0.000	13.49264526
-0.550	0.850	0.000	13.57577896
-0.450	0.850	0.000	13.60958862
-0.350	0.850	0.000	13.59607697
-0.250	0.850	0.000	13.55596542
-0.150	0.850	0.000	13.54228497
-0.050	0.850	0.000	13.55696774
0.050	0.850	0.000	13.68699455
0.150	0.850	0.000	13.82295227
0.250	0.850	0.000	14.00693512
0.350	0.850	0.000	14.15359879
0.450	0.850	0.000	14.22389412
0.550	0.850	0.000	14.21248436
0.650	0.850	0.000	14.12054062
0.750	0.850	0.000	13.98589420
0.850	0.850	0.000	13.85475159
0.950	0.850	0.000	13.69824886
1.050	0.850	0.000	13.55824375
1.150	0.850	0.000	13.43976784
1.250	0.850	0.000	13.33736134
1.350	0.850	0.000	13.26854897
1.450	0.850	0.000	13.24571323
1.550	0.850	0.000	13.24524784
1.650	0.850	0.000	13.26966953
1.750	0.850	0.000	13.27942181
1.850	0.850	0.000	13.28188610
1.950	0.850	0.000	13.24624062
2.050	0.850	0.000	13.24765587
2.150	0.850	0.000	13.18699074
2.250	0.850	0.000	13.22907639
2.350	0.850	0.000	13.22451019
2.450	0.850	0.000	13.35321617
-2.450	0.950	0.000	15.02070236
-2.350	0.950	0.000	15.59589767
-2.250	0.950	0.000	15.52232838
-2.150	0.950	0.000	15.50117683
-2.050	0.950	0.000	15.31682587
-1.950	0.950	0.000	15.07989120
-1.850	0.950	0.000	14.88593292
-1.750	0.950	0.000	14.73469543
-1.650	0.950	0.000	14.58339310
-1.550	0.950	0.000	14.35032940
-1.450	0.950	0.000	14.08407497
-1.350	0.950	0.000	13.79200554
-1.250	0.950	0.000	13.51719952
-1.150	0.950	0.000	13.31027699
-1.050	0.950	0.000	13.19077682
-0.950	0.950	0.000	13.15060520
-0.850	0.950	0.000	13.18344784
-0.750	0.950	0.000	13.27300835
-0.650	0.950	0.000	13.38521481
-0.550	0.950	0.000	13.45709991
-0.450	0.950	0.000	13.49499512
-0.350	0.950	0.000	13.49497986
-0.250	0.950	0.000	13.46625042
-0.150	0.950	0.000	13.45826626
-0.050	0.950	0.000	13.46023369
0.050	0.950	0.000	13.57661438
0.150	0.950	0.000	13.71886444
0.250	0.950	0.000	13.89024734
0.350	0.950	0.000	14.04199886
0.450	0.950	0.000	14.12672424
0.550	0.950	0.000	14.13923168
0.650	0.950	0.000	14.05874348
0.750	0.950	0.000	13.91373825
0.850	0.950	0.000	13.76310158
0.950	0.950	0.000	13.56999588
1.050	0.950	0.000	13.40394115
1.150	0.950	0.000	13.27147102
1.250	0.950	0.000	13.16111088
1.350	0.950	0.000	13.09562302
1.450	0.950	0.000	13.08691025
1.550	0.950	0.000	13.11141968
1.650	0.950	0.000	13.16620827
1.750	0.950	0.000	13.20965004
1.850	0.950	0.000	13.23764229
1.950	0.950	0.000	13.20687675
2.050	0.950	0.000	13.22230721
2.150	0.950	0.000	13.17078972
2.250	0.950	0.000	13.17809391
2.350	0.950	0.000	13.11082649
2.450	0.950	0.000	13.13770866
-2.450	1.050	0.000	14.84310341
-2.350	1.050	0.000	15.50521851
-2.250	1.050	0.000	15.56195450
-2.150	1.050	0.000	15.59055138
-2.050	1.050	0.000	15.44725800
-1.950	1.050	0.000	15.16505051
-1.850	1.050	0.000	14.92242146
-1.750	1.050	0.000	14.72965240
-1.650	1.050	0.000	14.58768463
-1.550	1.050	0.000	14.36137199
-1.450	1.050	0.000	14.11748123
-1.350	1.050	0.000	13.84948730
-1.250	1.050	0.000	13.57148743
-1.150	1.050	0.000	13.33859634
-1.050	1.050	0.000	13.17752266
-0.950	1.050	0.000	13.11212635
-0.850	1.050	0.000	13.10498810
-0.750	1.050	0.000	13.14928055
-0.650	1.050	0.000	13.23534966
-0.550	1.050	0.000	13.32814789
-0.450	1.050	0.000	13.38138008
-0.350	1.050	0.000	13.40653992
-0.250	1.050	0.000	13.39851379
-0.150	1.050	0.000	13.38939381
-0.050	1.050	0.000	13.38498116
0.050	1.050	0.000	13.45586872
0.150	1.050	0.000	13.60756683
0.250	1.050	0.000	13.76886940
0.350	1.050	0.000	13.93060589
0.450	1.050	0.000	14.02703857
0.550	1.050	0.000	14.05386829
0.650	1.050	0.000	13.97562122
0.750	1.050	0.000	13.81585693
0.850	1.050	0.000	13.64677811
0.950	1.050	0.000	13.44473457
1.050	1.050	0.000	13.26301575
1.150	1.050	0.000	13.12028217
1.250	1.050	0.000	13.00162125
1.350	1.050	0.000	12.93246078
1.450	1.050	0.000	12.92899513
1.550	1.050	0.000	12.95477772
1.650	1.050	0.000	13.01926422
1.750	1.050	0.000	13.07448483
1.850	1.050	0.000	13.11989021
1.950	1.050	0.000	13.12200832
2.050	1.050	0.000	13.18286514
2.150	1.050	0.000	13.15551472
2.250	1.050	0.000	13.17559242
2.350	1.050	0.000	13.11450005
2.450	1.050	0.000	13.11519814
-2.450	1.150	0.000	14.65614891
-2.350	1.150	0.000	15.36565018
-2.250	1.150	0.000	15.52376842
-2.150	1.150	0.000	15.64719009
-2.050	1.150	0.000	15.51560020
-1.950	1.150	0.000	15.20736122
-1.850	1.150	0.000	14.94098854
-1.750	1.150	0.000	14.70778751
-1.650	1.150	0.000	14.52758598
-1.550	1.150	0.000	14.33265495
-1.450	1.150	0.000	14.11393356
-1.350	1.150	0.000	13.88187218
-1.250	1.150	0.000	13.62738419
-1.150	1.150	0.000	13.39185333
-1.050	1.150	0.000	13.20739555
-0.950	1.150	0.000	13.10473061
-0.850	1.150	0.000	13.07429409
-0.750	1.150	0.000	13.09577847
-0.650	1.150	0.000	13.16142273
-0.550	1.150	0.000	13.23654556
-0.450	1.150	0.000	13.29607010
-0.350	1.150	0.000	13.32935143
-0.250	1.150	0.000	13.33086300
-0.150	1.150	0.000	13.32192421
-0.050	1.150	0.000	13.30631065
0.050	1.150	0.000	13.34052372
0.150	1.150	0.000	13.47309208
0.250	1.150	0.000	13.61188221
0.350	1.150	0.000	13.76702881
0.450	1.150	0.000	13.87427902
0.550	1.150	0.000	13.92101002
0.650	1.150	0.000	13.85714722
0.750	1.150	0.000	13.71053314
0.850	1.150	0.000	13.54205227
0.950	1.150	0.000	13.34287930
1.050	1.150	0.000	13.15341759
1.150	1.150	0.000	13.00378227
1.250	1.150	0.000	12.87435246
1.350	1.150	0.000	12.80083179
1.450	1.150	0.000	12.79126549
1.550	1.150	0.000	12.82893181
1.650	1.150	0.000	12.89906883
1.750	1.150	0.000	12.93731117
1.850	1.150	0.000	12.97423172
1.950	1.150	0.000	12.95569801
2.050	1.150	0.000	13.00670815
2.150	1.150	0.000	12.99295616
2.250	1.150	0.000	13.01633358
2.350	1.150	0.000	12.95071602
2.450	1.150	0.000	12.89096451
-2.450	1.250	0.000	14.55528641
-2.350	1.250	0.000	15.22755051
-2.250	1.250	0.000	15.49676132
-2.150	1.250	0.000	15.69352722
-2.050	1.250	0.000	15.56821632
-1.950	1.250	0.000	15.29903221
-1.850	1.250	0.000	15.00195885
-1.750	1.250	0.000	14.68576336
-1.650	1.250	0.000	14.47542858
-1.550	1.250	0.000	14.29758644
-1.450	1.250	0.000	14.11117554
-1.350	1.250	0.000	13.90667915
-1.250	1.250	0.000	13.66512489
-1.150	1.250	0.000	13.43369293
-1.050	1.250	0.000	13.25432491
-0.950	1.250	0.000	13.16181183
-0.850	1.250	0.000	13.14493942
-0.750	1.250	0.000	13.16888905
-0.650	1.250	0.000	13.21019268
-0.550	1.250	0.000	13.25668907
-0.450	1.250	0.000	13.28148746
-0.350	1.250	0.000	13.29131222
-0.250	1.250	0.000	13.28503227
-0.150	1.250	0.000	13.26857281
-0.050	1.250	0.000	13.26431274
0.050	1.250	0.000	13.28125381
0.150	1.250	0.000	13.38812065
0.250	1.250	0.000	13.50370598
0.350	1.250	0.000	13.63139915
0.450	1.250	0.000	13.72927094
0.550	1.250	0.000	13.77336216
0.650	1.250	0.000	13.70899296
0.750	1.250	0.000	13.56143379
0.850	1.250	0.000	13.39628220
0.950	1.250	0.000	13.20265198
1.050	1.250	0.000	13.02738285
1.150	1.250	0.000	12.89506531
1.250	1.250	0.000	12.77793503
1.350	1.250	0.000	12.70419025
1.450	1.250	0.000	12.68955135
1.550	1.250	0.000	12.70371819
1.650	1.250	0.000	12.76287556
1.750	1.250	0.000	12.81725883
1.850	1.250	0.000	12.88483524
1.950	1.250	0.000	12.91485500
2.050	1.250	0.000	13.00099850
2.150	1.250	0.000	13.02990055
2.250	1.250	0.000	13.10537529
2.350	1.250	0.000	13.09591866
2.450	1.250	0.000	13.10452938
-2.450	1.350	0.000	14.42104149
-2.350	1.350	0.000	15.02299786
-2.250	1.350	0.000	15.38112640
-2.150	1.350	0.000	15.66427994
-2.050	1.350	0.000	15.63244629
-1.950	1.350	0.000	15.44423771
-1.850	1.350	0.000	15.11390114
-1.750	1.350	0.000	14.75538063
-1.650	1.350	0.000	14.47166157
-1.550	1.350	0.000	14.25308704
-1.450	1.350	0.000	14.06872749
-1.350	1.350	0.000	13.90225601
-1.250	1.350	0.000	13.72553825
-1.150	1.350	0.000	13.53366280
-1.050	1.350	0.000	13.37891006
-0.950	1.350	0.000	13.27616882
-0.850	1.350	0.000	13.22378159
-0.750	1.350	0.000	13.22170734
-0.650	1.350	0.000	13.25290489
-0.550	1.350	0.000	13.27626419
-0.450	1.350	0.000	13.26940632
-0.350	1.350	0.000	13.24894810
-0.250	1.350	0.000	13.23409843
-0.150	1.350	0.000	13.23641109
-0.050	1.350	0.000	13.23313332
0.050	1.350	0.000	13.25313187
0.150	1.350	0.000	13.36235619
0.250	1.350	0.000	13.47311592
0.350	1.350	0.000	13.58525085
0.450	1.350	0.000	13.66849995
0.550	1.350	0.000	13.70244217
0.650	1.350	0.000	13.62507439
0.750	1.350	0.000	13.46008396
0.850	1.350	0.000	13.27639008
0.950	1.350	0.000	13.07078171
1.050	1.350	0.000	12.90125847
1.150	1.350	0.000	12.77422333
1.250	1.350	0.000	12.66665077
1.350	1.350	0.000	12.60238171
1.450	1.350	0.000	12.58681870
1.550	1.350	0.000	12.60693073
1.650	1.350	0.000	12.66301632
1.750	1.350	0.000	12.69753838
1.850	1.350	0.000	12.74353790
1.950	1.350	0.000	12.74961090
2.050	1.350	0.000	12.80176926
2.150	1.350	0.000	12.83382225
2.250	1.350	0.000	12.89313126
2.350	1.350	0.000	12.88926697
2.450	1.350	0.000	12.91928864
-2.450	1.450	0.000	14.21622658
-2.350	1.450	0.000	14.71831512
-2.250	1.450	0.000	15.12248039
-2.150	1.450	0.000	15.48129082
-2.050	1.450	0.000	15.64582062
-1.950	1.450	0.000	15.51186752
-1.850	1.450	0.000	15.24682236
-1.750	1.450	0.000	14.87454319
-1.650	1.450	0.000	14.51883030
-1.550	1.450	0.000	14.24738121
-1.450	1.450	0.000	14.04624176
-1.350	1.450	0.000	13.87526131
-1.250	1.450	0.000	13.73692322
-1.150	1.450	0.000	13.60582542
-1.050	1.450	0.000	13.48661232
-0.950	1.450	0.000	13.40781403
-0.850	1.450	0.000	13.37495804
-0.750	1.450	0.000	13.34757233
-0.650	1.450	0.000	13.31874943
-0.550	1.450	0.000	13.28730202
-0.450	1.450	0.000	13.25495338
-0.350	1.450	0.000	13.23045158
-0.250	1.450	0.000	13.21935081
-0.150	1.450	0.000	13.22935390
-0.050	1.450	0.000	13.25037384
0.050	1.450	0.000	13.27288437
0.150	1.450	0.000	13.37565422
0.250	1.450	0.000	13.51684189
0.350	1.450	0.000	13.61571503
0.450	1.450	0.000	13.69265175
0.550	1.450	0.000	13.71075726
0.650	1.450	0.000	13.61212349
0.750	1.450	0.000	13.42978859
0.850	1.450	0.000	13.22576141
0.950	1.450	0.000	13.00139046
1.050	1.450	0.000	12.82583046
1.150	1.450	0.000	12.69320011
1.250	1.450	0.000	12.58241844
1.350	1.450	0.000	12.52526188
1.450	1.450	0.000	12.52576828
1.550	1.450	0.000	12.56061935
1.650	1.450	0.000	12.64991570
1.750	1.450	0.000	12.73334885
1.850	1.450	0.000	12.82268906
1.950	1.450	0.000	12.87387848
2.050	1.450	0.000	12.94081020
2.150	1.450	0.000	12.98248577
2.250	1.450	0.000	13.08460140
2.350	1.450	0.000	13.11322403
2.450	1.450	0.000	13.18153000
-2.450	1.550	0.000	13.96301270
-2.350	1.550	0.000	14.35811520
-2.250	1.550	0.000	14.76688862
-2.150	1.550	0.000	15.17171097
-2.050	1.550	0.000	15.50899029
-1.950	1.550	0.000	15.54960537
-1.850	1.550	0.000	15.40495491
-1.750	1.550	0.000	15.03471947
-1.650	1.550	0.000	14.61238480
-1.550	1.550	0.000	14.25774479
-1.450	1.550	0.000	14.00649452
-1.350	1.550	0.000	13.84309387
-1.250	1.550	0.000	13.72561073
-1.150	1.550	0.000	13.63464260
-1.050	1.550	0.000	13.54272842
-0.950	1.550	0.000	13.48393440
-0.850	1.550	0.000	13.45364761
-0.750	1.550	0.000	13.42283535
-0.650	1.550	0.000	13.39434433
-0.550	1.550	0.000	13.35201836
-0.450	1.550	0.000	13.29627228
-0.350	1.550	0.000	13.24911118
-0.250	1.550	0.000	13.22945595
-0.150	1.550	0.000	13.24352455
-0.050	1.550	0.000	13.25843048
0.050	1.550	0.000	13.29772568
0.150	1.550	0.000	13.39897537
0.250	1.550	0.000	13.53888893
0.350	1.550	0.000	13.64317894
0.450	1.550	0.000	13.71071720
0.550	1.550	0.000	13.74335480
0.650	1.550	0.000	13.66328621
0.750	1.550	0.000	13.48450279
0.850	1.550	0.000	13.26653099
0.950	1.550	0.000	13.01207542
1.050	1.550	0.000	12.81721115
1.150	1.550	0.000	12.66414642
1.250	1.550	0.000	12.54236221
1.350	1.550	0.000	12.45993805
1.450	1.550	0.000	12.42637634
1.550	1.550	0.000	12.43358231
1.650	1.550	0.000	12.48929024
1.750	1.550	0.000	12.55778599
1.850	1.550	0.000	12.65181923
1.950	1.550	0.000	12.74619389
2.050	1.550	0.000	12.87534523
2.150	1.550	0.000	12.98563385
2.250	1.550	0.000	13.09779072
2.350	1.550	0.000	13.12755394
2.450	1.550	0.000	13.23972511
-2.450	1.650	0.000	13.66200256
-2.350	1.650	0.000	13.94666386
-2.250	1.650	0.000	14.31138420
-2.150	1.650	0.000	14.72273636
-2.050	1.650	0.000	15.18640137
-1.950	1.650	0.000	15.46167946
-1.850	1.650	0.000	15.49663067
-1.750	1.650	0.000	15.25429726
-1.650	1.650	0.000	14.83139515
-1.550	1.650	0.000	14.37031460
-1.450	1.650	0.000	14.03366280
-1.350	1.650	0.000	13.82822037
-1.250	1.650	0.000	13.69742203
-1.150	1.650	0.000	13.60368443
-1.050	1.650	0.000	13.55182266
-0.950	1.650	0.000	13.53512764
-0.850	1.650	0.000	13.52148438
-0.750	1.650	0.000	13.49943447
-0.650	1.650	0.000	13.46511936
-0.550	1.650	0.000	13.41702652
-0.450	1.650	0.000	13.36658001
-0.350	1.650	0.000	13.31436348
-0.250	1.650	0.000	13.27016258
-0.150	1.650	0.000	13.26867485
-0.050	1.650	0.000	13.27582264
0.050	1.650	0.000	13.30564880
0.150	1.650	0.000	13.41597271
0.250	1.650	0.000	13.56368065
0.350	1.650	0.000	13.66897964
0.450	1.650	0.000	13.73043633
0.550	1.650	0.000	13.75914478
0.650	1.650	0.000	13.68183708
0.750	1.650	0.000	13.52613068
0.850	1.650	0.000	13.32720566
0.950	1.650	0.000	13.09211826
1.050	1.650	0.000	12.91060638
1.150	1.650	0.000	12.75744152
1.250	1.650	0.000	12.63609123
1.350	1.650	0.000	12.55843735
1.450	1.650	0.000	12.53741932
1.550	1.650	0.000	12.55144501
1.650	1.650	0.000	12.61195469
1.750	1.650	0.000	12.67138481
1.850	1.650	0.000	12.74458504
1.950	1.650	0.000	12.82484245
2.050	1.650	0.000	12.95300484
2.150	1.650	0.000	13.07499886
2.250	1.650	0.000	13.23804092
2.350	1.650	0.000	13.30023003
2.450	1.650	0.000	13.43307686
-2.450	1.750	0.000	13.36333847
-2.350	1.750	0.000	13.54148388
-2.250	1.750	0.000	13.82202625
-2.150	1.750	0.000	14.16869926
-2.050	1.750	0.000	14.65112591
-1.950	1.750	0.000	15.11050415
-1.850	1.750	0.000	15.39612579
-1.750	1.750	0.000	15.35165691
-1.650	1.750	0.000	15.03720665
-1.550	1.750	0.000	14.57900333
-1.450	1.750	0.000	14.16221428
-1.350	1.750	0.000	13.86728859
-1.250	1.750	0.000	13.66164207
-1.150	1.750	0.000	13.56934452
-1.050	1.750	0.000	13.54166126
-0.950	1.750	0.000	13.53024483
-0.850	1.750	0.000	13.56266022
-0.750	1.750	0.000	13.57819366
-0.650	1.750	0.000	13.54870605
-0.550	1.750	0.000	13.48745918
-0.450	1.750	0.000	13.40903854
-0.350	1.750	0.000	13.34395790
-0.250	1.750	0.000	13.28999710
-0.150	1.750	0.000	13.27772141
-0.050	1.750	0.000	13.26837921
0.050	1.750	0.000	13.29184151
0.150	1.750	0.000	13.39599800
0.250	1.750	0.000	13.55065727
0.350	1.750	0.000	13.65857697
0.450	1.750	0.000	13.72392273
0.550	1.750	0.000	13.74486732
0.650	1.750	0.000	13.65340233
0.750	1.750	0.000	13.50033760
0.850	1.750	0.000	13.31419754
0.950	1.750	0.000	13.09951210
1.050	1.750	0.000	12.93025494
1.150	1.750	0.000	12.76973152
1.250	1.750	0.000	12.63776398
1.350	1.750	0.000	12.55170631
1.450	1.750	0.000	12.52227688
1.550	1.750	0.000	12.55632019
1.650	1.750	0.000	12.64795685
1.750	1.750	0.000	12.75850296
1.850	1.750	0.000	12.87594414
1.950	1.750	0.000	12.99009323
2.050	1.750	0.000	13.11434269
2.150	1.750	0.000	13.22231293
2.250	1.750	0.000	13.40289593
2.350	1.750	0.000	13.49799156
2.450	1.750	0.000	13.74359417
-2.450	1.850	0.000	13.15340137
-2.350	1.850	0.000	13.23501396
-2.250	1.850	0.000	13.41777039
-2.150	1.850	0.000	13.66223812
-2.050	1.850	0.000	14.07286930
-1.950	1.850	0.000	14.54867458
-1.850	1.850	0.000	15.02248192
-1.750	1.850	0.000	15.27683830
-1.650	1.850	0.000	15.15299797
-1.550	1.850	0.000	14.82302284
-1.450	1.850	0.000	14.37306786
-1.350	1.850	0.000	14.00758934
-1.250	1.850	0.000	13.75031853
-1.150	1.850	0.000	13.59565449
-1.050	1.850	0.000	13.51432800
-0.950	1.850	0.000	13.50597477
-0.850	1.850	0.000	13.53168774
-0.750	1.850	0.000	13.54577065
-0.650	1.850	0.000	13.53428841
-0.550	1.850	0.000	13.48620701
-0.450	1.850	0.000	13.41279411
-0.350	1.850	0.000	13.34439182
-0.250	1.850	0.000	13.27896881
-0.150	1.850	0.000	13.24931335
-0.050	1.850	0.000	13.24536610
0.050	1.850	0.000	13.26295185
0.150	1.850	0.000	13.37172318
0.250	1.850	0.000	13.51773739
0.350	1.850	0.000	13.62329769
0.450	1.850	0.000	13.69543457
0.550	1.850	0.000	13.70790863
0.650	1.850	0.000	13.61676788
0.750	1.850	0.000	13.48466110
0.850	1.850	0.000	13.30667877
0.950	1.850	0.000	13.10500240
1.050	1.850	0.000	12.93923950
1.150	1.850	0.000	12.78432369
1.250	1.850	0.000	12.65573978
1.350	1.850	0.000	12.58666611
1.450	1.850	0.000	12.58617687
1.550	1.850	0.000	12.62479210
1.650	1.850	0.000	12.71758270
1.750	1.850	0.000	12.82308960
1.850	1.850	0.000	12.92834187
1.950	1.850	0.000	13.02549458
2.050	1.850	0.000	13.12976646
2.150	1.850	0.000	13.23546600
2.250	1.850	0.000	13.41097641
2.350	1.850	0.000	13.50471306
2.450	1.850	0.000	13.78630161
-2.450	1.950	0.000	12.96893501
-2.350	1.950	0.000	12.98986435
-2.250	1.950	0.000	13.10656261
-2.150	1.950	0.000	13.24722099
-2.050	1.950	0.000	13.53793144
-1.950	1.950	0.000	13.93296814
-1.850	1.950	0.000	14.43343067
-1.750	1.950	0.000	14.86136246
-1.650	1.950	0.000	15.04843140
-1.550	1.950	0.000	14.91215134
-1.450	1.950	0.000	14.59814644
-1.350	1.950	0.000	14.23054695
-1.250	1.950	0.000	13.93161011
-1.150	1.950	0.000	13.70796967
-1.050	1.950	0.000	13.58692169
-0.950	1.950	0.000	13.55010796
-0.850	1.950	0.000	13.52342129
-0.750	1.950	0.000	13.51064777
-0.650	1.950	0.000	13.49819374
-0.550	1.950	0.000	13.45289421
-0.450	1.950	0.000	13.39013290
-0.350	1.950	0.000	13.34274864
-0.250	1.950	0.000	13.30136490
-0.150	1.950	0.000	13.28481102
-0.050	1.950	0.000	13.28793430
0.050	1.950	0.000	13.30135727
0.150	1.950	0.000	13.39213562
0.250	1.950	0.000	13.51642036
0.350	1.950	0.000	13.60933018
0.450	1.950	0.000	13.66977882
0.550	1.950	0.000	13.67244339
0.650	1.950	0.000	13.59550381
0.750	1.950	0.000	13.46280670
0.850	1.950	0.000	13.29549789
0.950	1.950	0.000	13.10622215
1.050	1.950	0.000	12.95095444
1.150	1.950	0.000	12.82248497
1.250	1.950	0.000	12.71701622
1.350	1.950	0.000	12.65198708
1.450	1.950	0.000	12.63723087
1.550	1.950	0.000	12.67812634
1.650	1.950	0.000	12.77881145
1.750	1.950	0.000	12.89657211
1.850	1.950	0.000	13.01170254
1.950	1.950	0.000	13.09711075
2.050	1.950	0.000	13.17232513
2.150	1.950	0.000	13.24359703
2.250	1.950	0.000	13.38826466
2.350	1.950	0.000	13.45749187
2.450	1.950	0.000	13.74674606
-2.450	2.050	0.000	12.85672283
-2.350	2.050	0.000	12.83514977
-2.250	2.050	0.000	12.91637611
-2.150	2.050	0.000	12.98002052
-2.050	2.050	0.000	13.17718220
-1.950	2.050	0.000	13.46404076
-1.850	2.050	0.000	13.87582588
-1.750	2.050	0.000	14.33475018
-1.650	2.050	0.000	14.68584824
-1.550	2.050	0.000	14.81409073
-1.450	2.050	0.000	14.73607445
-1.350	2.050	0.000	14.50133514
-1.250	2.050	0.000	14.22822571
-1.150	2.050	0.000	13.98155022
-1.050	2.050	0.000	13.78632736
-0.950	2.050	0.000	13.64769173
-0.850	2.050	0.000	13.57252121
-0.750	2.050	0.000	13.53803158
-0.650	2.050	0.000	13.48875523
-0.550	2.050	0.000	13.41678810
-0.450	2.050	0.000	13.34028816
-0.350	2.050	0.000	13.27993298
-0.250	2.050	0.000	13.23475552
-0.150	2.050	0.000	13.22105122
-0.050	2.050	0.000	13.24090195
0.050	2.050	0.000	13.27179527
0.150	2.050	0.000	13.36241913
0.250	2.050	0.000	13.46924400
0.350	2.050	0.000	13.56302261
0.450	2.050	0.000	13.63045311
0.550	2.050	0.000	13.63209057
0.650	2.050	0.000	13.54891205
0.750	2.050	0.000	13.41742516
0.850	2.050	0.000	13.23622894
0.950	2.050	0.000	13.06972885
1.050	2.050	0.000	12.93899727
1.150	2.050	0.000	12.83802223
1.250	2.050	0.000	12.77368164
1.350	2.050	0.000	12.74161530
1.450	2.050	0.000	12.75260353
1.550	2.050	0.000	12.79644394
1.650	2.050	0.000	12.86343002
1.750	2.050	0.000	12.91176796
1.850	2.050	0.000	12.92934418
1.950	2.050	0.000	12.95977592
2.050	2.050	0.000	13.03139305
2.150	2.050	0.000	13.13906860
2.250	2.050	0.000	13.30229568
2.350	2.050	0.000	13.37920380
2.450	2.050	0.000	13.66635418
-2.450	2.150	0.000	12.81692314
-2.350	2.150	0.000	12.77225590
-2.250	2.150	0.000	12.82371140
-2.150	2.150	0.000	12.83544064
-2.050	2.150	0.000	12.96254539
-1.950	2.150	0.000	13.16130066
-1.850	2.150	0.000	13.45613384
-1.750	2.150	0.000	13.81378555
-1.650	2.150	0.000	14.15787601
-1.550	2.150	0.000	14.45296001
-1.450	2.150	0.000	14.61626244
-1.350	2.150	0.000	14.60762024
-1.250	2.150	0.000	14.47486877
-1.150	2.150	0.000	14.30400848
-1.050	2.150	0.000	14.11142159
-0.950	2.150	0.000	13.94072342
-0.850	2.150	0.000	13.79625130
-0.750	2.150	0.000	13.67234421
-0.650	2.150	0.000	13.57261848
-0.550	2.150	0.000	13.48625851
-0.450	2.150	0.000	13.40667152
-0.350	2.150	0.000	13.34720421
-0.250	2.150	0.000	13.31205559
-0.150	2.150	0.000	13.31422234
-0.050	2.150	0.000	13.34059525
0.050	2.150	0.000	13.36921883
0.150	2.150	0.000	13.42524910
0.250	2.150	0.000	13.49333858
0.350	2.150	0.000	13.56650925
0.450	2.150	0.000	13.61770058
0.550	2.150	0.000	13.63349628
0.650	2.150	0.000	13.57613564
0.750	2.150	0.000	13.46893024
0.850	2.150	0.000	13.29897308
0.950	2.150	0.000	13.15040588
1.050	2.150	0.000	13.03327942
1.150	2.150	0.000	12.94961357
1.250	2.150	0.000	12.90650177
1.350	2.150	0.000	12.88208103
1.450	2.150	0.000	12.88292503
1.550	2.150	0.000	12.90372276
1.650	2.150	0.000	12.94158268
1.750	2.150	0.000	12.99719048
1.850	2.150	0.000	13.06737328
1.950	2.150	0.000	13.15188789
2.050	2.150	0.000	13.24617481
2.150	2.150	0.000	13.35607147
2.250	2.150	0.000	13.52879047
2.350	2.150	0.000	13.61564159
2.450	2.150	0.000	13.90834236
-2.450	2.250	0.000	12.95723915
-2.350	2.250	0.000	12.88315010
-2.250	2.250	0.000	12.91163254
-2.150	2.250	0.000	12.87784004
-2.050	2.250	0.000	12.95661736
-1.950	2.250	0.000	13.07309628
-1.850	2.250	0.000	13.25844955
-1.750	2.250	0.000	13.48082352
-1.650	2.250	0.000	13.73263168
-1.550	2.250	0.000	14.03673935
-1.450	2.250	0.000	14.26443386
-1.350	2.250	0.000	14.48369026
-1.250	2.250	0.000	14.51975727
-1.150	2.250	0.000	14.45280266
-1.050	2.250	0.000	14.29362965
-0.950	2.250	0.000	14.10847759
-0.850	2.250	0.000	13.92872238
-0.750	2.250	0.000	13.76688290
-0.650	2.250	0.000	13.64013290
-0.550	2.250	0.000	13.53344536
-0.450	2.250	0.000	13.43831158
-0.350	2.250	0.000	13.38335419
-0.250	2.250	0.000	13.36148453
-0.150	2.250	0.000	13.36028290
-0.050	2.250	0.000	13.39824963
0.050	2.250	0.000	13.41445827
0.150	2.250	0.000	13.45170975
0.250	2.250	0.000	13.50728226
0.350	2.250	0.000	13.56833458
0.450	2.250	0.000	13.61835098
0.550	2.250	0.000	13.63967514
0.650	2.250	0.000	13.60438919
0.750	2.250	0.000	13.51940346
0.850	2.250	0.000	13.36271286
0.950	2.250	0.000	13.21850967
1.050	2.250	0.000	13.09267998
1.150	2.250	0.000	13.00444412
1.250	2.250	0.000	12.96196651
1.350	2.250	0.000	12.94159508
1.450	2.250	0.000	12.94236279
1.550	2.250	0.000	12.95842934
1.650	2.250	0.000	12.98954391
1.750	2.250	0.000	13.02746773
1.850	2.250	0.000	13.07463264
1.950	2.250	0.000	13.14360428
2.050	2.250	0.000	13.24178314
2.150	2.250	0.000	13.36203766
2.250	2.250	0.000	13.54094028
2.350	2.250	0.000	13.63883781
2.450	2.250	0.000	13.94172478
-2.450	2.350	0.000	13.03165054
-2.350	2.350	0.000	12.94701862
-2.250	2.350	0.000	12.95499420
-2.150	2.350	0.000	12.87753296
-2.050	2.350	0.000	12.91247368
-1.950	2.350	0.000	12.95079136
-1.850	2.350	0.000	13.06411076
-1.750	2.350	0.000	13.20274925
-1.650	2.350	0.000	13.38150597
-1.550	2.350	0.000	13.59889793
-1.450	2.350	0.000	13.81347275
-1.350	2.350	0.000	14.07600594
-1.250	2.350	0.000	14.29759693
-1.150	2.350	0.000	14.43429852
-1.050	2.350	0.000	14.51433945
-0.950	2.350	0.000	14.52847481
-0.850	2.350	0.000	14.47484112
-0.750	2.350	0.000	14.35654259
-0.650	2.350	0.000	14.16361618
-0.550	2.350	0.000	13.94880676
-0.450	2.350	0.000	13.75524902
-0.350	2.350	0.000	13.61045265
-0.250	2.350	0.000	13.51663208
-0.150	2.350	0.000	13.46183205
-0.050	2.350	0.000	13.45057011
0.050	2.350	0.000	13.44080162
0.150	2.350	0.000	13.44909859
0.250	2.350	0.000	13.48798180
0.350	2.350	0.000	13.56487274
0.450	2.350	0.000	13.67222786
0.550	2.350	0.000	13.78499413
0.650	2.350	0.000	13.85384369
0.750	2.350	0.000	13.85904408
0.850	2.350	0.000	13.74046707
0.950	2.350	0.000	13.54604721
1.050	2.350	0.000	13.35215664
1.150	2.350	0.000	13.20046902
1.250	2.350	0.000	13.11548519
1.350	2.350	0.000	13.08575630
1.450	2.350	0.000	13.09412575
1.550	2.350	0.000	13.12989044
1.650	2.350	0.000	13.18414307
1.750	2.350	0.000	13.22964859
1.850	2.350	0.000	13.25765991
1.950	2.350	0.000	13.27887917
2.050	2.350	0.000	13.32050419
2.150	2.350	0.000	13.39381218
2.250	2.350	0.000	13.53893661
2.350	2.350	0.000	13.61501122
2.450	2.350	0.000	13.90490913
-2.450	2.450	0.000	13.30544376
-2.350	2.450	0.000	13.20554543
-2.250	2.450	0.000	13.19187164
-2.150	2.450	0.000	13.08337593
-2.050	2.450	0.000	13.07176018
-1.950	2.450	0.000	13.06554794
-1.850	2.450	0.000	13.12687874
-1.750	2.450	0.000	13.19302940
-1.650	2.450	0.000	13.26146507
-1.550	2.450	0.000	13.30961037
-1.450	2.450	0.000	13.37698364
-1.350	2.450	0.000	13.49153805
-1.250	2.450	0.000	13.64161873
-1.150	2.450	0.000	13.84258366
-1.050	2.450	0.000	14.04479027
-0.950	2.450	0.000	14.19710064
-0.850	2.450	0.000	14.27749252
-0.750	2.450	0.000	14.26886940
-0.650	2.450	0.000	14.19819260
-0.550	2.450	0.000	14.08593655
-0.450	2.450	0.000	13.95028591
-0.350	2.450	0.000	13.82134247
-0.250	2.450	0.000	13.72784615
-0.150	2.450	0.000	13.65386581
-0.050	2.450	0.000	13.61608601
0.050	2.450	0.000	13.56979942
0.150	2.450	0.000	13.52140617
0.250	2.450	0.000	13.49462414
0.350	2.450	0.000	13.50143623
0.450	2.450	0.000	13.55447388
0.550	2.450	0.000	13.63195801
0.650	2.450	0.000	13.71328926
0.750	2.450	0.000	13.74333382
0.850	2.450	0.000	13.74468613
0.950	2.450	0.000	13.68425751
1.050	2.450	0.000	13.61595726
1.150	2.450	0.000	13.55487251
1.250	2.450	0.000	13.48908234
1.350	2.450	0.000	13.42332649
1.450	2.450	0.000	13.36891174
1.550	2.450	0.000	13.33326340
1.650	2.450	0.000	13.32422066
1.750	2.450	0.000	13.33041573
1.850	2.450	0.000	13.36331367
1.950	2.450	0.000	13.40210533
2.050	2.450	0.000	13.46217918
2.150	2.450	0.000	13.51579666
2.250	2.450	0.000	13.64964676
2.350	2.450	0.000	13.70084763
2.450	2.450	0.000	13.98366547
