-2.450	-2.450	0.000	7.18579578
-2.350	-2.450	0.000	7.17123842
-2.250	-2.450	0.000	7.17073393
-2.150	-2.450	0.000	7.13225079
-2.050	-2.450	0.000	7.07484531
-1.950	-2.450	0.000	6.99914169
-1.850	-2.450	0.000	6.91051292
-1.750	-2.450	0.000	6.82248211
-1.650	-2.450	0.000	6.74160337
-1.550	-2.450	0.000	6.67325115
-1.450	-2.450	0.000	6.62430859
-1.350	-2.450	0.000	6.59702682
-1.250	-2.450	0.000	6.60084772
-1.150	-2.450	0.000	6.61729527
-1.050	-2.450	0.000	6.65670872
-0.950	-2.450	0.000	6.69599152
-0.850	-2.450	0.000	6.72707987
-0.750	-2.450	0.000	6.74154568
-0.650	-2.450	0.000	6.73967838
-0.550	-2.450	0.000	6.73563671
-0.450	-2.450	0.000	6.72909737
-0.350	-2.450	0.000	6.72775269
-0.250	-2.450	0.000	6.72413635
-0.150	-2.450	0.000	6.70906973
-0.050	-2.450	0.000	6.68871593
0.050	-2.450	0.000	6.65640926
0.150	-2.450	0.000	6.62026882
0.250	-2.450	0.000	6.58668852
0.350	-2.450	0.000	6.56284142
0.450	-2.450	0.000	6.54573345
0.550	-2.450	0.000	6.52826405
0.650	-2.450	0.000	6.50601864
0.750	-2.450	0.000	6.47789764
0.850	-2.450	0.000	6.44148636
0.950	-2.450	0.000	6.40555239
1.050	-2.450	0.000	6.37941599
1.150	-2.450	0.000	6.35820580
1.250	-2.450	0.000	6.33619213
1.350	-2.450	0.000	6.30079174
1.450	-2.450	0.000	6.24847507
1.550	-2.450	0.000	6.19951677
1.650	-2.450	0.000	6.17669582
1.750	-2.450	0.000	6.17676544
1.850	-2.450	0.000	6.21382713
1.950	-2.450	0.000	6.27932644
2.050	-2.450	0.000	6.33068371
2.150	-2.450	0.000	6.36112881
2.250	-2.450	0.000	6.34688663
2.350	-2.450	0.000	6.32036495
2.450	-2.450	0.000	6.17864227
-2.450	-2.350	0.000	7.18356991
-2.350	-2.350	0.000	7.18247700
-2.250	-2.350	0.000	7.19216633
-2.150	-2.350	0.000	7.16209173
-2.050	-2.350	0.000	7.10941792
-1.950	-2.350	0.000	7.03200340
-1.850	-2.350	0.000	6.93973827
-1.750	-2.350	0.000	6.84803391
-1.650	-2.350	0.000	6.76655245
-1.550	-2.350	0.000	6.69997215
-1.450	-2.350	0.000	6.65157890
-1.350	-2.350	0.000	6.62463760
-1.250	-2.350	0.000	6.62439442
-1.150	-2.350	0.000	6.63703728
-1.050	-2.350	0.000	6.67056465
-0.950	-2.350	0.000	6.70506477
-0.850	-2.350	0.000	6.73440170
-0.750	-2.350	0.000	6.74784184
-0.650	-2.350	0.000	6.74734974
-0.550	-2.350	0.000	6.74105453
-0.450	-2.350	0.000	6.73113251
-0.350	-2.350	0.000	6.72149658
-0.250	-2.350	0.000	6.70984840
-0.150	-2.350	0.000	6.68971252
-0.050	-2.350	0.000	6.66212177
0.050	-2.350	0.000	6.62775421
0.150	-2.350	0.000	6.58893871
0.250	-2.350	0.000	6.55348396
0.350	-2.350	0.000	6.52963066
0.450	-2.350	0.000	6.51354027
0.550	-2.350	0.000	6.49941778
0.650	-2.350	0.000	6.48235703
0.750	-2.350	0.000	6.46088123
0.850	-2.350	0.000	6.43334675
0.950	-2.350	0.000	6.40398693
1.050	-2.350	0.000	6.37873459
1.150	-2.350	0.000	6.35834217
1.250	-2.350	0.000	6.33706951
1.350	-2.350	0.000	6.30259514
1.450	-2.350	0.000	6.25646019
1.550	-2.350	0.000	6.21545172
1.650	-2.350	0.000	6.19448471
1.750	-2.350	0.000	6.19566917
1.850	-2.350	0.000	6.23023224
1.950	-2.350	0.000	6.29031801
2.050	-2.350	0.000	6.33861828
2.150	-2.350	0.000	6.37439442
2.250	-2.350	0.000	6.36476231
2.350	-2.350	0.000	6.35198402
2.450	-2.350	0.000	6.23258591
-2.450	-2.250	0.000	7.21220350
-2.350	-2.250	0.000	7.21338034
-2.250	-2.250	0.000	7.21521759
-2.150	-2.250	0.000	7.18334341
-2.050	-2.250	0.000	7.12811375
-1.950	-2.250	0.000	7.05184937
-1.850	-2.250	0.000	6.96233368
-1.750	-2.250	0.000	6.87343025
-1.650	-2.250	0.000	6.79295492
-1.550	-2.250	0.000	6.72523117
-1.450	-2.250	0.000	6.67336750
-1.350	-2.250	0.000	6.64094877
-1.250	-2.250	0.000	6.63651085
-1.150	-2.250	0.000	6.64361095
-1.050	-2.250	0.000	6.67513990
-0.950	-2.250	0.000	6.71051025
-0.850	-2.250	0.000	6.74113750
-0.750	-2.250	0.000	6.75268173
-0.650	-2.250	0.000	6.74976778
-0.550	-2.250	0.000	6.74028683
-0.450	-2.250	0.000	6.72462463
-0.350	-2.250	0.000	6.71177006
-0.250	-2.250	0.000	6.69915104
-0.150	-2.250	0.000	6.68021202
-0.050	-2.250	0.000	6.65356636
0.050	-2.250	0.000	6.61846542
0.150	-2.250	0.000	6.57954121
0.250	-2.250	0.000	6.54424381
0.350	-2.250	0.000	6.51912594
0.450	-2.250	0.000	6.50169754
0.550	-2.250	0.000	6.48665047
0.650	-2.250	0.000	6.47064447
0.750	-2.250	0.000	6.45159388
0.850	-2.250	0.000	6.42792130
0.950	-2.250	0.000	6.40212679
1.050	-2.250	0.000	6.38173151
1.150	-2.250	0.000	6.36400843
1.250	-2.250	0.000	6.34607697
1.350	-2.250	0.000	6.31617165
1.450	-2.250	0.000	6.27748299
1.550	-2.250	0.000	6.24453545
1.650	-2.250	0.000	6.22559023
1.750	-2.250	0.000	6.22549295
1.850	-2.250	0.000	6.25814199
1.950	-2.250	0.000	6.30711460
2.050	-2.250	0.000	6.34574318
2.150	-2.250	0.000	6.37915277
2.250	-2.250	0.000	6.36694717
2.350	-2.250	0.000	6.35513783
2.450	-2.250	0.000	6.23910427
-2.450	-2.150	0.000	7.21385193
-2.350	-2.150	0.000	7.22321892
-2.250	-2.150	0.000	7.22877359
-2.150	-2.150	0.000	7.20430851
-2.050	-2.150	0.000	7.15530348
-1.950	-2.150	0.000	7.08121824
-1.850	-2.150	0.000	6.99329376
-1.750	-2.150	0.000	6.90462685
-1.650	-2.150	0.000	6.82310867
-1.550	-2.150	0.000	6.74909353
-1.450	-2.150	0.000	6.69042826
-1.350	-2.150	0.000	6.64791870
-1.250	-2.150	0.000	6.63556957
-1.150	-2.150	0.000	6.63944197
-1.050	-2.150	0.000	6.66646004
-0.950	-2.150	0.000	6.69599056
-0.850	-2.150	0.000	6.71792698
-0.750	-2.150	0.000	6.72724342
-0.650	-2.150	0.000	6.72222710
-0.550	-2.150	0.000	6.71114731
-0.450	-2.150	0.000	6.70098782
-0.350	-2.150	0.000	6.69358492
-0.250	-2.150	0.000	6.68466377
-0.150	-2.150	0.000	6.66821957
-0.050	-2.150	0.000	6.64255190
0.050	-2.150	0.000	6.60785198
0.150	-2.150	0.000	6.57168770
0.250	-2.150	0.000	6.53960609
0.350	-2.150	0.000	6.51585388
0.450	-2.150	0.000	6.49795341
0.550	-2.150	0.000	6.48154926
0.650	-2.150	0.000	6.46347523
0.750	-2.150	0.000	6.44300270
0.850	-2.150	0.000	6.41943550
0.950	-2.150	0.000	6.39508438
1.050	-2.150	0.000	6.37618399
1.150	-2.150	0.000	6.36103249
1.250	-2.150	0.000	6.34583664
1.350	-2.150	0.000	6.31964970
1.450	-2.150	0.000	6.28878927
1.550	-2.150	0.000	6.26331902
1.650	-2.150	0.000	6.24761105
1.750	-2.150	0.000	6.25085831
1.850	-2.150	0.000	6.28493309
1.950	-2.150	0.000	6.32666111
2.050	-2.150	0.000	6.36223602
2.150	-2.150	0.000	6.38989353
2.250	-2.150	0.000	6.37376928
2.350	-2.150	0.000	6.35999966
2.450	-2.150	0.000	6.24462175
-2.450	-2.050	0.000	7.24451828
-2.350	-2.050	0.000	7.25847864
-2.250	-2.050	0.000	7.26269722
-2.150	-2.050	0.000	7.23435688
-2.050	-2.050	0.000	7.18205500
-1.950	-2.050	0.000	7.10581779
-1.850	-2.050	0.000	7.01700115
-1.750	-2.050	0.000	6.92662907
-1.650	-2.050	0.000	6.84275150
-1.550	-2.050	0.000	6.76508522
-1.450	-2.050	0.000	6.70417404
-1.350	-2.050	0.000	6.65759468
-1.250	-2.050	0.000	6.64138603
-1.150	-2.050	0.000	6.64160156
-1.050	-2.050	0.000	6.66212368
-0.950	-2.050	0.000	6.68381262
-0.850	-2.050	0.000	6.70591640
-0.750	-2.050	0.000	6.71678162
-0.650	-2.050	0.000	6.71248627
-0.550	-2.050	0.000	6.69961643
-0.450	-2.050	0.000	6.68397427
-0.350	-2.050	0.000	6.67052364
-0.250	-2.050	0.000	6.65826893
-0.150	-2.050	0.000	6.64320850
-0.050	-2.050	0.000	6.62141180
0.050	-2.050	0.000	6.59169769
0.150	-2.050	0.000	6.55925846
0.250	-2.050	0.000	6.53185463
0.350	-2.050	0.000	6.51226139
0.450	-2.050	0.000	6.49667072
0.550	-2.050	0.000	6.48006725
0.650	-2.050	0.000	6.46147394
0.750	-2.050	0.000	6.44028282
0.850	-2.050	0.000	6.41713810
0.950	-2.050	0.000	6.39517975
1.050	-2.050	0.000	6.37869406
1.150	-2.050	0.000	6.36623001
1.250	-2.050	0.000	6.35304165
1.350	-2.050	0.000	6.32808876
1.450	-2.050	0.000	6.30065441
1.550	-2.050	0.000	6.27796459
1.650	-2.050	0.000	6.26441383
1.750	-2.050	0.000	6.27219868
1.850	-2.050	0.000	6.30554199
1.950	-2.050	0.000	6.33998108
2.050	-2.050	0.000	6.37225628
2.150	-2.050	0.000	6.39387131
2.250	-2.050	0.000	6.37290668
2.350	-2.050	0.000	6.35310841
2.450	-2.050	0.000	6.24302483
-2.450	-1.950	0.000	7.25789642
-2.350	-1.950	0.000	7.27520752
-2.250	-1.950	0.000	7.27772999
-2.150	-1.950	0.000	7.24761105
-2.050	-1.950	0.000	7.19520092
-1.950	-1.950	0.000	7.11945057
-1.850	-1.950	0.000	7.03183937
-1.750	-1.950	0.000	6.94175625
-1.650	-1.950	0.000	6.85861731
-1.550	-1.950	0.000	6.78288555
-1.450	-1.950	0.000	6.72204208
-1.350	-1.950	0.000	6.67452717
-1.250	-1.950	0.000	6.65207767
-1.150	-1.950	0.000	6.64780426
-1.050	-1.950	0.000	6.66085100
-0.950	-1.950	0.000	6.68052769
-0.850	-1.950	0.000	6.70095253
-0.750	-1.950	0.000	6.71215105
-0.650	-1.950	0.000	6.70970249
-0.550	-1.950	0.000	6.69867134
-0.450	-1.950	0.000	6.68542576
-0.350	-1.950	0.000	6.67215967
-0.250	-1.950	0.000	6.65703011
-0.150	-1.950	0.000	6.63740063
-0.050	-1.950	0.000	6.61210680
0.050	-1.950	0.000	6.58247757
0.150	-1.950	0.000	6.55152178
0.250	-1.950	0.000	6.52553701
0.350	-1.950	0.000	6.50703526
0.450	-1.950	0.000	6.49238682
0.550	-1.950	0.000	6.47759199
0.650	-1.950	0.000	6.46100998
0.750	-1.950	0.000	6.44236660
0.850	-1.950	0.000	6.42193699
0.950	-1.950	0.000	6.40096188
1.050	-1.950	0.000	6.38383913
1.150	-1.950	0.000	6.37040234
1.250	-1.950	0.000	6.35591984
1.350	-1.950	0.000	6.33150530
1.450	-1.950	0.000	6.30735111
1.550	-1.950	0.000	6.28612995
1.650	-1.950	0.000	6.27459526
1.750	-1.950	0.000	6.28550339
1.850	-1.950	0.000	6.31474304
1.950	-1.950	0.000	6.33956146
2.050	-1.950	0.000	6.36101723
2.150	-1.950	0.000	6.37354374
2.250	-1.950	0.000	6.34754896
2.350	-1.950	0.000	6.32643127
2.450	-1.950	0.000	6.22336912
-2.450	-1.850	0.000	7.27770996
-2.350	-1.850	0.000	7.29726696
-2.250	-1.850	0.000	7.29684019
-2.150	-1.850	0.000	7.26379538
-2.050	-1.850	0.000	7.20925903
-1.950	-1.850	0.000	7.13132572
-1.850	-1.850	0.000	7.04308414
-1.750	-1.850	0.000	6.95381308
-1.650	-1.850	0.000	6.87098646
-1.550	-1.850	0.000	6.79192734
-1.450	-1.850	0.000	6.73032904
-1.350	-1.850	0.000	6.68317461
-1.250	-1.850	0.000	6.66036129
-1.150	-1.850	0.000	6.65293980
-1.050	-1.850	0.000	6.66784096
-0.950	-1.850	0.000	6.68170166
-0.850	-1.850	0.000	6.69804955
-0.750	-1.850	0.000	6.70687103
-0.650	-1.850	0.000	6.70512104
-0.550	-1.850	0.000	6.69481468
-0.450	-1.850	0.000	6.68241215
-0.350	-1.850	0.000	6.66975641
-0.250	-1.850	0.000	6.65558338
-0.150	-1.850	0.000	6.63651848
-0.050	-1.850	0.000	6.61103916
0.050	-1.850	0.000	6.58116722
0.150	-1.850	0.000	6.55195332
0.250	-1.850	0.000	6.52859783
0.350	-1.850	0.000	6.51290512
0.450	-1.850	0.000	6.50056171
0.550	-1.850	0.000	6.48738289
0.650	-1.850	0.000	6.47183037
0.750	-1.850	0.000	6.45485306
0.850	-1.850	0.000	6.43918419
0.950	-1.850	0.000	6.42355061
1.050	-1.850	0.000	6.40777063
1.150	-1.850	0.000	6.39122200
1.250	-1.850	0.000	6.37021732
1.350	-1.850	0.000	6.34192848
1.450	-1.850	0.000	6.31657600
1.550	-1.850	0.000	6.29408360
1.650	-1.850	0.000	6.28224087
1.750	-1.850	0.000	6.28923035
1.850	-1.850	0.000	6.31312704
1.950	-1.850	0.000	6.33496380
2.050	-1.850	0.000	6.35052872
2.150	-1.850	0.000	6.36060143
2.250	-1.850	0.000	6.33685970
2.350	-1.850	0.000	6.31638765
2.450	-1.850	0.000	6.21827507
-2.450	-1.750	0.000	7.29135895
-2.350	-1.750	0.000	7.31200171
-2.250	-1.750	0.000	7.30956936
-2.150	-1.750	0.000	7.27595520
-2.050	-1.750	0.000	7.22055244
-1.950	-1.750	0.000	7.14044762
-1.850	-1.750	0.000	7.05042267
-1.750	-1.750	0.000	6.95947838
-1.650	-1.750	0.000	6.87696075
-1.550	-1.750	0.000	6.80385876
-1.450	-1.750	0.000	6.74369144
-1.350	-1.750	0.000	6.69657707
-1.250	-1.750	0.000	6.67166328
-1.150	-1.750	0.000	6.66092682
-1.050	-1.750	0.000	6.67122555
-0.950	-1.750	0.000	6.68093824
-0.850	-1.750	0.000	6.69681120
-0.750	-1.750	0.000	6.70612240
-0.650	-1.750	0.000	6.70646429
-0.550	-1.750	0.000	6.69935846
-0.450	-1.750	0.000	6.68912458
-0.350	-1.750	0.000	6.67736340
-0.250	-1.750	0.000	6.66312885
-0.150	-1.750	0.000	6.64382935
-0.050	-1.750	0.000	6.61812258
0.050	-1.750	0.000	6.58833790
0.150	-1.750	0.000	6.55958557
0.250	-1.750	0.000	6.53777981
0.350	-1.750	0.000	6.52395487
0.450	-1.750	0.000	6.51348448
0.550	-1.750	0.000	6.50133419
0.650	-1.750	0.000	6.48668671
0.750	-1.750	0.000	6.47146511
0.850	-1.750	0.000	6.45636082
0.950	-1.750	0.000	6.44198036
1.050	-1.750	0.000	6.42543411
1.150	-1.750	0.000	6.40474176
1.250	-1.750	0.000	6.38051891
1.350	-1.750	0.000	6.35152769
1.450	-1.750	0.000	6.31649303
1.550	-1.750	0.000	6.28740883
1.650	-1.750	0.000	6.27134514
1.750	-1.750	0.000	6.27418089
1.850	-1.750	0.000	6.28969097
1.950	-1.750	0.000	6.30526161
2.050	-1.750	0.000	6.31781578
2.150	-1.750	0.000	6.32890177
2.250	-1.750	0.000	6.30990934
2.350	-1.750	0.000	6.29447174
2.450	-1.750	0.000	6.20515442
-2.450	-1.650	0.000	7.31141615
-2.350	-1.650	0.000	7.32976341
-2.250	-1.650	0.000	7.31975651
-2.150	-1.650	0.000	7.28206921
-2.050	-1.650	0.000	7.22417116
-1.950	-1.650	0.000	7.14464235
-1.850	-1.650	0.000	7.05755806
-1.750	-1.650	0.000	6.97011662
-1.650	-1.650	0.000	6.88968849
-1.550	-1.650	0.000	6.81688213
-1.450	-1.650	0.000	6.75642109
-1.350	-1.650	0.000	6.70850134
-1.250	-1.650	0.000	6.67981291
-1.150	-1.650	0.000	6.66483402
-1.050	-1.650	0.000	6.67041016
-0.950	-1.650	0.000	6.67584229
-0.850	-1.650	0.000	6.68937206
-0.750	-1.650	0.000	6.69960785
-0.650	-1.650	0.000	6.70242786
-0.550	-1.650	0.000	6.69954014
-0.450	-1.650	0.000	6.69312191
-0.350	-1.650	0.000	6.68365955
-0.250	-1.650	0.000	6.67067719
-0.150	-1.650	0.000	6.65256310
-0.050	-1.650	0.000	6.62833786
0.050	-1.650	0.000	6.60096073
0.150	-1.650	0.000	6.57609844
0.250	-1.650	0.000	6.55855942
0.350	-1.650	0.000	6.54762220
0.450	-1.650	0.000	6.53864002
0.550	-1.650	0.000	6.52748680
0.650	-1.650	0.000	6.51303864
0.750	-1.650	0.000	6.49677181
0.850	-1.650	0.000	6.48081589
0.950	-1.650	0.000	6.46461296
1.050	-1.650	0.000	6.44603634
1.150	-1.650	0.000	6.42133093
1.250	-1.650	0.000	6.39119244
1.350	-1.650	0.000	6.35556793
1.450	-1.650	0.000	6.32530403
1.550	-1.650	0.000	6.29932356
1.650	-1.650	0.000	6.28511906
1.750	-1.650	0.000	6.28510189
1.850	-1.650	0.000	6.29638290
1.950	-1.650	0.000	6.30565786
2.050	-1.650	0.000	6.31235695
2.150	-1.650	0.000	6.32051277
2.250	-1.650	0.000	6.30634212
2.350	-1.650	0.000	6.29470873
2.450	-1.650	0.000	6.21809769
-2.450	-1.550	0.000	7.32981443
-2.350	-1.550	0.000	7.34483910
-2.250	-1.550	0.000	7.32630873
-2.150	-1.550	0.000	7.28738976
-2.050	-1.550	0.000	7.22787571
-1.950	-1.550	0.000	7.15045881
-1.850	-1.550	0.000	7.06653404
-1.750	-1.550	0.000	6.98187733
-1.650	-1.550	0.000	6.90189266
-1.550	-1.550	0.000	6.82947540
-1.450	-1.550	0.000	6.76754189
-1.350	-1.550	0.000	6.71848202
-1.250	-1.550	0.000	6.68583250
-1.150	-1.550	0.000	6.66921997
-1.050	-1.550	0.000	6.67139149
-0.950	-1.550	0.000	6.67631817
-0.850	-1.550	0.000	6.68689203
-0.750	-1.550	0.000	6.69519806
-0.650	-1.550	0.000	6.69858932
-0.550	-1.550	0.000	6.69891644
-0.450	-1.550	0.000	6.69578648
-0.350	-1.550	0.000	6.68899155
-0.250	-1.550	0.000	6.67831945
-0.150	-1.550	0.000	6.66170311
-0.050	-1.550	0.000	6.64012241
0.050	-1.550	0.000	6.61644840
0.150	-1.550	0.000	6.59554720
0.250	-1.550	0.000	6.57936001
0.350	-1.550	0.000	6.56947708
0.450	-1.550	0.000	6.56313801
0.550	-1.550	0.000	6.55483913
0.650	-1.550	0.000	6.54159451
0.750	-1.550	0.000	6.52390623
0.850	-1.550	0.000	6.50429535
0.950	-1.550	0.000	6.48278761
1.050	-1.550	0.000	6.45768261
1.150	-1.550	0.000	6.42557859
1.250	-1.550	0.000	6.39094162
1.350	-1.550	0.000	6.36033821
1.450	-1.550	0.000	6.33377028
1.550	-1.550	0.000	6.31236553
1.650	-1.550	0.000	6.30096245
1.750	-1.550	0.000	6.30036545
1.850	-1.550	0.000	6.30908298
1.950	-1.550	0.000	6.31607294
2.050	-1.550	0.000	6.32106352
2.150	-1.550	0.000	6.32668114
2.250	-1.550	0.000	6.31378746
2.350	-1.550	0.000	6.30460739
2.450	-1.550	0.000	6.23814106
-2.450	-1.450	0.000	7.34140635
-2.350	-1.450	0.000	7.35325813
-2.250	-1.450	0.000	7.32346058
-2.150	-1.450	0.000	7.28434324
-2.050	-1.450	0.000	7.22804499
-1.950	-1.450	0.000	7.15463257
-1.850	-1.450	0.000	7.07349777
-1.750	-1.450	0.000	6.98986530
-1.650	-1.450	0.000	6.91004610
-1.550	-1.450	0.000	6.83809376
-1.450	-1.450	0.000	6.77710104
-1.350	-1.450	0.000	6.72869158
-1.250	-1.450	0.000	6.69541359
-1.150	-1.450	0.000	6.67650127
-1.050	-1.450	0.000	6.67277527
-0.950	-1.450	0.000	6.67913151
-0.850	-1.450	0.000	6.68671131
-0.750	-1.450	0.000	6.69282389
-0.650	-1.450	0.000	6.69457293
-0.550	-1.450	0.000	6.69385290
-0.450	-1.450	0.000	6.69136524
-0.350	-1.450	0.000	6.68683147
-0.250	-1.450	0.000	6.68009949
-0.150	-1.450	0.000	6.66780090
-0.050	-1.450	0.000	6.65018654
0.050	-1.450	0.000	6.63199043
0.150	-1.450	0.000	6.61442757
0.250	-1.450	0.000	6.60362053
0.350	-1.450	0.000	6.59945488
0.450	-1.450	0.000	6.59662724
0.550	-1.450	0.000	6.58921337
0.650	-1.450	0.000	6.57390976
0.750	-1.450	0.000	6.55088854
0.850	-1.450	0.000	6.52416515
0.950	-1.450	0.000	6.49721622
1.050	-1.450	0.000	6.46612024
1.150	-1.450	0.000	6.43207073
1.250	-1.450	0.000	6.39860916
1.350	-1.450	0.000	6.36779451
1.450	-1.450	0.000	6.34553003
1.550	-1.450	0.000	6.33094263
1.650	-1.450	0.000	6.32450342
1.750	-1.450	0.000	6.32149172
1.850	-1.450	0.000	6.32698774
1.950	-1.450	0.000	6.33280182
2.050	-1.450	0.000	6.33691502
2.150	-1.450	0.000	6.34226227
2.250	-1.450	0.000	6.33219910
2.350	-1.450	0.000	6.32580090
2.450	-1.450	0.000	6.27489185
-2.450	-1.350	0.000	7.34540558
-2.350	-1.350	0.000	7.35155773
-2.250	-1.350	0.000	7.31611156
-2.150	-1.350	0.000	7.27754307
-2.050	-1.350	0.000	7.22492409
-1.950	-1.350	0.000	7.15686607
-1.850	-1.350	0.000	7.07842159
-1.750	-1.350	0.000	6.99462128
-1.650	-1.350	0.000	6.91322422
-1.550	-1.350	0.000	6.84256506
-1.450	-1.350	0.000	6.78235674
-1.350	-1.350	0.000	6.73748589
-1.250	-1.350	0.000	6.70649624
-1.150	-1.350	0.000	6.69182110
-1.050	-1.350	0.000	6.68640137
-0.950	-1.350	0.000	6.69114780
-0.850	-1.350	0.000	6.69529247
-0.750	-1.350	0.000	6.69525528
-0.650	-1.350	0.000	6.69506311
-0.550	-1.350	0.000	6.69273186
-0.450	-1.350	0.000	6.69033813
-0.350	-1.350	0.000	6.68502378
-0.250	-1.350	0.000	6.68249464
-0.150	-1.350	0.000	6.67374897
-0.050	-1.350	0.000	6.66124487
0.050	-1.350	0.000	6.64797401
0.150	-1.350	0.000	6.63654804
0.250	-1.350	0.000	6.62955856
0.350	-1.350	0.000	6.62593508
0.450	-1.350	0.000	6.62362719
0.550	-1.350	0.000	6.61587906
0.650	-1.350	0.000	6.59851360
0.750	-1.350	0.000	6.57325506
0.850	-1.350	0.000	6.54435062
0.950	-1.350	0.000	6.51232529
1.050	-1.350	0.000	6.48142433
1.150	-1.350	0.000	6.44873047
1.250	-1.350	0.000	6.41676521
1.350	-1.350	0.000	6.38871670
1.450	-1.350	0.000	6.36866570
1.550	-1.350	0.000	6.35582733
1.650	-1.350	0.000	6.35074902
1.750	-1.350	0.000	6.35426426
1.850	-1.350	0.000	6.36217213
1.950	-1.350	0.000	6.37106800
2.050	-1.350	0.000	6.37688589
2.150	-1.350	0.000	6.38213730
2.250	-1.350	0.000	6.37336254
2.350	-1.350	0.000	6.36947632
2.450	-1.350	0.000	6.32896137
-2.450	-1.250	0.000	7.33753204
-2.350	-1.250	0.000	7.34002781
-2.250	-1.250	0.000	7.30372667
-2.150	-1.250	0.000	7.26454353
-2.050	-1.250	0.000	7.21270370
-1.950	-1.250	0.000	7.15009880
-1.850	-1.250	0.000	7.07778645
-1.750	-1.250	0.000	7.00012875
-1.650	-1.250	0.000	6.92243004
-1.550	-1.250	0.000	6.85464191
-1.450	-1.250	0.000	6.79512596
-1.350	-1.250	0.000	6.75275421
-1.250	-1.250	0.000	6.72427559
-1.150	-1.250	0.000	6.71040726
-1.050	-1.250	0.000	6.70578861
-0.950	-1.250	0.000	6.70579338
-0.850	-1.250	0.000	6.70970488
-0.750	-1.250	0.000	6.70539761
-0.650	-1.250	0.000	6.69891930
-0.550	-1.250	0.000	6.69316769
-0.450	-1.250	0.000	6.68720913
-0.350	-1.250	0.000	6.68632507
-0.250	-1.250	0.000	6.68500996
-0.150	-1.250	0.000	6.68058205
-0.050	-1.250	0.000	6.67552567
0.050	-1.250	0.000	6.66501427
0.150	-1.250	0.000	6.65541410
0.250	-1.250	0.000	6.64860916
0.350	-1.250	0.000	6.64527273
0.450	-1.250	0.000	6.64215183
0.550	-1.250	0.000	6.63405323
0.650	-1.250	0.000	6.61617708
0.750	-1.250	0.000	6.58910942
0.850	-1.250	0.000	6.55873203
0.950	-1.250	0.000	6.52928686
1.050	-1.250	0.000	6.49916935
1.150	-1.250	0.000	6.46909046
1.250	-1.250	0.000	6.44106293
1.350	-1.250	0.000	6.41627789
1.450	-1.250	0.000	6.39836979
1.550	-1.250	0.000	6.38983345
1.650	-1.250	0.000	6.39269304
1.750	-1.250	0.000	6.39694977
1.850	-1.250	0.000	6.40488243
1.950	-1.250	0.000	6.41364479
2.050	-1.250	0.000	6.41775894
2.150	-1.250	0.000	6.42159414
2.250	-1.250	0.000	6.41201401
2.350	-1.250	0.000	6.40735912
2.450	-1.250	0.000	6.37390423
-2.450	-1.150	0.000	7.33514977
-2.350	-1.150	0.000	7.33478069
-2.250	-1.150	0.000	7.29397869
-2.150	-1.150	0.000	7.25619459
-2.050	-1.150	0.000	7.20926619
-1.950	-1.150	0.000	7.15354633
-1.850	-1.150	0.000	7.08903313
-1.750	-1.150	0.000	7.01734257
-1.650	-1.150	0.000	6.94240761
-1.550	-1.150	0.000	6.87680626
-1.450	-1.150	0.000	6.81731272
-1.350	-1.150	0.000	6.77353191
-1.250	-1.150	0.000	6.74422359
-1.150	-1.150	0.000	6.73159313
-1.050	-1.150	0.000	6.72706795
-0.950	-1.150	0.000	6.72529268
-0.850	-1.150	0.000	6.72655296
-0.750	-1.150	0.000	6.71746397
-0.650	-1.150	0.000	6.70746565
-0.550	-1.150	0.000	6.70087624
-0.450	-1.150	0.000	6.69323683
-0.350	-1.150	0.000	6.69924212
-0.250	-1.150	0.000	6.69772243
-0.150	-1.150	0.000	6.70067406
-0.050	-1.150	0.000	6.69799614
0.050	-1.150	0.000	6.69231701
0.150	-1.150	0.000	6.68207026
0.250	-1.150	0.000	6.67242718
0.350	-1.150	0.000	6.66705990
0.450	-1.150	0.000	6.66206551
0.550	-1.150	0.000	6.65222549
0.650	-1.150	0.000	6.63228893
0.750	-1.150	0.000	6.60417461
0.850	-1.150	0.000	6.57429028
0.950	-1.150	0.000	6.54825592
1.050	-1.150	0.000	6.52661514
1.150	-1.150	0.000	6.50559998
1.250	-1.150	0.000	6.48377895
1.350	-1.150	0.000	6.46318245
1.450	-1.150	0.000	6.44813585
1.550	-1.150	0.000	6.44013357
1.650	-1.150	0.000	6.43757725
1.750	-1.150	0.000	6.43654776
1.850	-1.150	0.000	6.43826914
1.950	-1.150	0.000	6.44146061
2.050	-1.150	0.000	6.44327831
2.150	-1.150	0.000	6.44675875
2.250	-1.150	0.000	6.43840075
2.350	-1.150	0.000	6.43530083
2.450	-1.150	0.000	6.40865803
-2.450	-1.050	0.000	7.33416986
-2.350	-1.050	0.000	7.33463573
-2.250	-1.050	0.000	7.29381371
-2.150	-1.050	0.000	7.25978374
-2.050	-1.050	0.000	7.21776295
-1.950	-1.050	0.000	7.16729879
-1.850	-1.050	0.000	7.10840130
-1.750	-1.050	0.000	7.04009151
-1.650	-1.050	0.000	6.96839333
-1.550	-1.050	0.000	6.90028191
-1.450	-1.050	0.000	6.84157753
-1.350	-1.050	0.000	6.79750156
-1.250	-1.050	0.000	6.76928806
-1.150	-1.050	0.000	6.75596142
-1.050	-1.050	0.000	6.74916840
-0.950	-1.050	0.000	6.74415493
-0.850	-1.050	0.000	6.73980904
-0.750	-1.050	0.000	6.72966671
-0.650	-1.050	0.000	6.71784496
-0.550	-1.050	0.000	6.71172428
-0.450	-1.050	0.000	6.70657587
-0.350	-1.050	0.000	6.71764278
-0.250	-1.050	0.000	6.72055340
-0.150	-1.050	0.000	6.72468281
-0.050	-1.050	0.000	6.72774696
0.050	-1.050	0.000	6.72360897
0.150	-1.050	0.000	6.71093178
0.250	-1.050	0.000	6.69489479
0.350	-1.050	0.000	6.68513727
0.450	-1.050	0.000	6.67640400
0.550	-1.050	0.000	6.66385460
0.650	-1.050	0.000	6.64363432
0.750	-1.050	0.000	6.61617756
0.850	-1.050	0.000	6.58751202
0.950	-1.050	0.000	6.56388521
1.050	-1.050	0.000	6.54609632
1.150	-1.050	0.000	6.53096199
1.250	-1.050	0.000	6.51559067
1.350	-1.050	0.000	6.49779510
1.450	-1.050	0.000	6.48147297
1.550	-1.050	0.000	6.46885967
1.650	-1.050	0.000	6.46214199
1.750	-1.050	0.000	6.45757389
1.850	-1.050	0.000	6.45656586
1.950	-1.050	0.000	6.45556259
2.050	-1.050	0.000	6.45695686
2.150	-1.050	0.000	6.46128750
2.250	-1.050	0.000	6.45610476
2.350	-1.050	0.000	6.45705128
2.450	-1.050	0.000	6.43693924
-2.450	-0.950	0.000	7.33547497
-2.350	-0.950	0.000	7.34037209
-2.250	-0.950	0.000	7.29998016
-2.150	-0.950	0.000	7.26876450
-2.050	-0.950	0.000	7.23016357
-1.950	-0.950	0.000	7.18371105
-1.850	-0.950	0.000	7.12991047
-1.750	-0.950	0.000	7.06555367
-1.650	-0.950	0.000	6.99814272
-1.550	-0.950	0.000	6.92884207
-1.450	-0.950	0.000	6.86985779
-1.350	-0.950	0.000	6.82332802
-1.250	-0.950	0.000	6.79092121
-1.150	-0.950	0.000	6.77391100
-1.050	-0.950	0.000	6.76502895
-0.950	-0.950	0.000	6.75994015
-0.850	-0.950	0.000	6.75617218
-0.750	-0.950	0.000	6.74700832
-0.650	-0.950	0.000	6.73781013
-0.550	-0.950	0.000	6.72809410
-0.450	-0.950	0.000	6.72988701
-0.350	-0.950	0.000	6.73020792
-0.250	-0.950	0.000	6.74301815
-0.150	-0.950	0.000	6.75858688
-0.050	-0.950	0.000	6.76200151
0.050	-0.950	0.000	6.75360107
0.150	-0.950	0.000	6.73904610
0.250	-0.950	0.000	6.71595573
0.350	-0.950	0.000	6.70139408
0.450	-0.950	0.000	6.68908262
0.550	-0.950	0.000	6.67326593
0.650	-0.950	0.000	6.65311909
0.750	-0.950	0.000	6.62733173
0.850	-0.950	0.000	6.60024500
0.950	-0.950	0.000	6.57871151
1.050	-0.950	0.000	6.56221581
1.150	-0.950	0.000	6.54554605
1.250	-0.950	0.000	6.52557564
1.350	-0.950	0.000	6.50552654
1.450	-0.950	0.000	6.49008274
1.550	-0.950	0.000	6.47941923
1.650	-0.950	0.000	6.47406197
1.750	-0.950	0.000	6.47086048
1.850	-0.950	0.000	6.46819735
1.950	-0.950	0.000	6.46517944
2.050	-0.950	0.000	6.46641207
2.150	-0.950	0.000	6.47179031
2.250	-0.950	0.000	6.46835136
2.350	-0.950	0.000	6.47209930
2.450	-0.950	0.000	6.45748138
-2.450	-0.850	0.000	7.32959127
-2.350	-0.850	0.000	7.34131432
-2.250	-0.850	0.000	7.30218792
-2.150	-0.850	0.000	7.27265739
-2.050	-0.850	0.000	7.23668528
-1.950	-0.850	0.000	7.19394970
-1.850	-0.850	0.000	7.14463758
-1.750	-0.850	0.000	7.08437824
-1.650	-0.850	0.000	7.01900768
-1.550	-0.850	0.000	6.95018101
-1.450	-0.850	0.000	6.88932228
-1.350	-0.850	0.000	6.84137583
-1.250	-0.850	0.000	6.80817890
-1.150	-0.850	0.000	6.79150677
-1.050	-0.850	0.000	6.78087854
-0.950	-0.850	0.000	6.77745533
-0.850	-0.850	0.000	6.77204704
-0.750	-0.850	0.000	6.76539993
-0.650	-0.850	0.000	6.75793600
-0.550	-0.850	0.000	6.74925470
-0.450	-0.850	0.000	6.75129509
-0.350	-0.850	0.000	6.75493813
-0.250	-0.850	0.000	6.76848316
-0.150	-0.850	0.000	6.77774429
-0.050	-0.850	0.000	6.78035212
0.050	-0.850	0.000	6.77366495
0.150	-0.850	0.000	6.75725842
0.250	-0.850	0.000	6.73295403
0.350	-0.850	0.000	6.71289635
0.450	-0.850	0.000	6.69752407
0.550	-0.850	0.000	6.68214035
0.650	-0.850	0.000	6.66248322
0.750	-0.850	0.000	6.63836479
0.850	-0.850	0.000	6.61255836
0.950	-0.850	0.000	6.58998680
1.050	-0.850	0.000	6.57190704
1.150	-0.850	0.000	6.55288887
1.250	-0.850	0.000	6.53068352
1.350	-0.850	0.000	6.50779343
1.450	-0.850	0.000	6.49028635
1.550	-0.850	0.000	6.47926998
1.650	-0.850	0.000	6.47507668
1.750	-0.850	0.000	6.47430229
1.850	-0.850	0.000	6.47384977
1.950	-0.850	0.000	6.47264767
2.050	-0.850	0.000	6.47164249
2.150	-0.850	0.000	6.47624254
2.250	-0.850	0.000	6.47272873
2.350	-0.850	0.000	6.47696018
2.450	-0.850	0.000	6.46623611
-2.450	-0.750	0.000	7.31770706
-2.350	-0.750	0.000	7.33736706
-2.250	-0.750	0.000	7.29687119
-2.150	-0.750	0.000	7.26848984
-2.050	-0.750	0.000	7.23363924
-1.950	-0.750	0.000	7.19271469
-1.850	-0.750	0.000	7.14639664
-1.750	-0.750	0.000	7.09019899
-1.650	-0.750	0.000	7.02792835
-1.550	-0.750	0.000	6.96135902
-1.450	-0.750	0.000	6.90127420
-1.350	-0.750	0.000	6.85415936
-1.250	-0.750	0.000	6.82119274
-1.150	-0.750	0.000	6.80366039
-1.050	-0.750	0.000	6.79629898
-0.950	-0.750	0.000	6.79193354
-0.850	-0.750	0.000	6.78891373
-0.750	-0.750	0.000	6.78475475
-0.650	-0.750	0.000	6.77577209
-0.550	-0.750	0.000	6.76386070
-0.450	-0.750	0.000	6.77060699
-0.350	-0.750	0.000	6.76923943
-0.250	-0.750	0.000	6.78129768
-0.150	-0.750	0.000	6.79147816
-0.050	-0.750	0.000	6.79382038
0.050	-0.750	0.000	6.78586292
0.150	-0.750	0.000	6.76940393
0.250	-0.750	0.000	6.74442053
0.350	-0.750	0.000	6.72092819
0.450	-0.750	0.000	6.70489502
0.550	-0.750	0.000	6.68904018
0.650	-0.750	0.000	6.67102194
0.750	-0.750	0.000	6.65161324
0.850	-0.750	0.000	6.62874413
0.950	-0.750	0.000	6.60511494
1.050	-0.750	0.000	6.58389473
1.150	-0.750	0.000	6.56199694
1.250	-0.750	0.000	6.53521967
1.350	-0.750	0.000	6.50981045
1.450	-0.750	0.000	6.49371529
1.550	-0.750	0.000	6.48504591
1.650	-0.750	0.000	6.48175240
1.750	-0.750	0.000	6.48143673
1.850	-0.750	0.000	6.48168516
1.950	-0.750	0.000	6.48068619
2.050	-0.750	0.000	6.47649479
2.150	-0.750	0.000	6.47916126
2.250	-0.750	0.000	6.47438812
2.350	-0.750	0.000	6.47747612
2.450	-0.750	0.000	6.46824360
-2.450	-0.650	0.000	7.30195427
-2.350	-0.650	0.000	7.32886791
-2.250	-0.650	0.000	7.28513098
-2.150	-0.650	0.000	7.25767994
-2.050	-0.650	0.000	7.22365284
-1.950	-0.650	0.000	7.18305445
-1.850	-0.650	0.000	7.13826561
-1.750	-0.650	0.000	7.08367491
-1.650	-0.650	0.000	7.02424526
-1.550	-0.650	0.000	6.96122122
-1.450	-0.650	0.000	6.90196609
-1.350	-0.650	0.000	6.85565567
-1.250	-0.650	0.000	6.82259655
-1.150	-0.650	0.000	6.80812550
-1.050	-0.650	0.000	6.80032539
-0.950	-0.650	0.000	6.79749393
-0.850	-0.650	0.000	6.79675388
-0.750	-0.650	0.000	6.79497814
-0.650	-0.650	0.000	6.78770018
-0.550	-0.650	0.000	6.78431702
-0.450	-0.650	0.000	6.77822685
-0.350	-0.650	0.000	6.77960777
-0.250	-0.650	0.000	6.78980017
-0.150	-0.650	0.000	6.79770803
-0.050	-0.650	0.000	6.79808426
0.050	-0.650	0.000	6.78874302
0.150	-0.650	0.000	6.77593803
0.250	-0.650	0.000	6.75341702
0.350	-0.650	0.000	6.73083591
0.450	-0.650	0.000	6.71481037
0.550	-0.650	0.000	6.69944382
0.650	-0.650	0.000	6.68210411
0.750	-0.650	0.000	6.66030312
0.850	-0.650	0.000	6.63483524
0.950	-0.650	0.000	6.60873508
1.050	-0.650	0.000	6.58604908
1.150	-0.650	0.000	6.56311941
1.250	-0.650	0.000	6.53848839
1.350	-0.650	0.000	6.51506615
1.450	-0.650	0.000	6.50051403
1.550	-0.650	0.000	6.49281025
1.650	-0.650	0.000	6.48940897
1.750	-0.650	0.000	6.48815298
1.850	-0.650	0.000	6.48734665
1.950	-0.650	0.000	6.48560238
2.050	-0.650	0.000	6.47934580
2.150	-0.650	0.000	6.47924042
2.250	-0.650	0.000	6.47309303
2.350	-0.650	0.000	6.47511005
2.450	-0.650	0.000	6.46618271
-2.450	-0.550	0.000	7.28428268
-2.350	-0.550	0.000	7.31816196
-2.250	-0.550	0.000	7.27445698
-2.150	-0.550	0.000	7.24746799
-2.050	-0.550	0.000	7.21383905
-1.950	-0.550	0.000	7.17276430
-1.850	-0.550	0.000	7.12786865
-1.750	-0.550	0.000	7.07369328
-1.650	-0.550	0.000	7.01324654
-1.550	-0.550	0.000	6.95136595
-1.450	-0.550	0.000	6.89321709
-1.350	-0.550	0.000	6.84766769
-1.250	-0.550	0.000	6.81667233
-1.150	-0.550	0.000	6.80395365
-1.050	-0.550	0.000	6.80056381
-0.950	-0.550	0.000	6.80036640
-0.850	-0.550	0.000	6.80463886
-0.750	-0.550	0.000	6.80340290
-0.650	-0.550	0.000	6.79424953
-0.550	-0.550	0.000	6.78995800
-0.450	-0.550	0.000	6.78374958
-0.350	-0.550	0.000	6.78315210
-0.250	-0.550	0.000	6.78972244
-0.150	-0.550	0.000	6.79693556
-0.050	-0.550	0.000	6.79702854
0.050	-0.550	0.000	6.79060078
0.150	-0.550	0.000	6.77736759
0.250	-0.550	0.000	6.76135731
0.350	-0.550	0.000	6.74038696
0.450	-0.550	0.000	6.72468185
0.550	-0.550	0.000	6.70922279
0.650	-0.550	0.000	6.69130230
0.750	-0.550	0.000	6.67011261
0.850	-0.550	0.000	6.64393282
0.950	-0.550	0.000	6.61596394
1.050	-0.550	0.000	6.59048843
1.150	-0.550	0.000	6.56588984
1.250	-0.550	0.000	6.54086876
1.350	-0.550	0.000	6.51739597
1.450	-0.550	0.000	6.50219727
1.550	-0.550	0.000	6.49492168
1.650	-0.550	0.000	6.49169922
1.750	-0.550	0.000	6.48891735
1.850	-0.550	0.000	6.48660135
1.950	-0.550	0.000	6.48396492
2.050	-0.550	0.000	6.47521019
2.150	-0.550	0.000	6.47293472
2.250	-0.550	0.000	6.46568441
2.350	-0.550	0.000	6.46907711
2.450	-0.550	0.000	6.46166325
-2.450	-0.450	0.000	7.25844002
-2.350	-0.450	0.000	7.29976082
-2.250	-0.450	0.000	7.25956011
-2.150	-0.450	0.000	7.23278284
-2.050	-0.450	0.000	7.19917107
-1.950	-0.450	0.000	7.15637255
-1.850	-0.450	0.000	7.10842323
-1.750	-0.450	0.000	7.05352163
-1.650	-0.450	0.000	6.99405575
-1.550	-0.450	0.000	6.93436527
-1.450	-0.450	0.000	6.87862444
-1.350	-0.450	0.000	6.83378601
-1.250	-0.450	0.000	6.80548096
-1.150	-0.450	0.000	6.79467392
-1.050	-0.450	0.000	6.79577160
-0.950	-0.450	0.000	6.79955149
-0.850	-0.450	0.000	6.80683088
-0.750	-0.450	0.000	6.80583000
-0.650	-0.450	0.000	6.80463362
-0.550	-0.450	0.000	6.80238914
-0.450	-0.450	0.000	6.79218388
-0.350	-0.450	0.000	6.78863049
-0.250	-0.450	0.000	6.79073524
-0.150	-0.450	0.000	6.79489231
-0.050	-0.450	0.000	6.79426861
0.050	-0.450	0.000	6.78957891
0.150	-0.450	0.000	6.77639008
0.250	-0.450	0.000	6.76327705
0.350	-0.450	0.000	6.74366474
0.450	-0.450	0.000	6.72994995
0.550	-0.450	0.000	6.71612358
0.650	-0.450	0.000	6.69835329
0.750	-0.450	0.000	6.67574024
0.850	-0.450	0.000	6.64732456
0.950	-0.450	0.000	6.61673021
1.050	-0.450	0.000	6.58842564
1.150	-0.450	0.000	6.56086588
1.250	-0.450	0.000	6.53499317
1.350	-0.450	0.000	6.51486397
1.450	-0.450	0.000	6.50223732
1.550	-0.450	0.000	6.49439240
1.650	-0.450	0.000	6.49043846
1.750	-0.450	0.000	6.48725700
1.850	-0.450	0.000	6.48268652
1.950	-0.450	0.000	6.47845936
2.050	-0.450	0.000	6.46977186
2.150	-0.450	0.000	6.46552706
2.250	-0.450	0.000	6.45713520
2.350	-0.450	0.000	6.46331739
2.450	-0.450	0.000	6.45979071
-2.450	-0.350	0.000	7.23943663
-2.350	-0.350	0.000	7.28884220
-2.250	-0.350	0.000	7.25322962
-2.150	-0.350	0.000	7.22605276
-2.050	-0.350	0.000	7.19025421
-1.950	-0.350	0.000	7.14342213
-1.850	-0.350	0.000	7.09290028
-1.750	-0.350	0.000	7.03763676
-1.650	-0.350	0.000	6.97583008
-1.550	-0.350	0.000	6.91383839
-1.450	-0.350	0.000	6.85689259
-1.350	-0.350	0.000	6.81280231
-1.250	-0.350	0.000	6.78784370
-1.150	-0.350	0.000	6.77920914
-1.050	-0.350	0.000	6.78580379
-0.950	-0.350	0.000	6.79429340
-0.850	-0.350	0.000	6.81081676
-0.750	-0.350	0.000	6.81904602
-0.650	-0.350	0.000	6.81600142
-0.550	-0.350	0.000	6.81234932
-0.450	-0.350	0.000	6.79918861
-0.350	-0.350	0.000	6.79108620
-0.250	-0.350	0.000	6.78667450
-0.150	-0.350	0.000	6.78636599
-0.050	-0.350	0.000	6.78541470
0.050	-0.350	0.000	6.78012943
0.150	-0.350	0.000	6.77067757
0.250	-0.350	0.000	6.76134205
0.350	-0.350	0.000	6.74976826
0.450	-0.350	0.000	6.73541355
0.550	-0.350	0.000	6.72091722
0.650	-0.350	0.000	6.70020342
0.750	-0.350	0.000	6.67216206
0.850	-0.350	0.000	6.63984299
0.950	-0.350	0.000	6.60620356
1.050	-0.350	0.000	6.57516098
1.150	-0.350	0.000	6.54850626
1.250	-0.350	0.000	6.52597046
1.350	-0.350	0.000	6.50903702
1.450	-0.350	0.000	6.49789047
1.550	-0.350	0.000	6.49069214
1.650	-0.350	0.000	6.48641777
1.750	-0.350	0.000	6.48223019
1.850	-0.350	0.000	6.47611237
1.950	-0.350	0.000	6.46959305
2.050	-0.350	0.000	6.46091652
2.150	-0.350	0.000	6.45824194
2.250	-0.350	0.000	6.45152664
2.350	-0.350	0.000	6.45938826
2.450	-0.350	0.000	6.46055412
-2.450	-0.250	0.000	7.21362543
-2.350	-0.250	0.000	7.27173424
-2.250	-0.250	0.000	7.24010849
-2.150	-0.250	0.000	7.21166229
-2.050	-0.250	0.000	7.17382812
-1.950	-0.250	0.000	7.12364006
-1.850	-0.250	0.000	7.07011509
-1.750	-0.250	0.000	7.01400518
-1.650	-0.250	0.000	6.95355225
-1.550	-0.250	0.000	6.89350986
-1.450	-0.250	0.000	6.84078217
-1.350	-0.250	0.000	6.79901075
-1.250	-0.250	0.000	6.77495766
-1.150	-0.250	0.000	6.76856995
-1.050	-0.250	0.000	6.77698231
-0.950	-0.250	0.000	6.79301167
-0.850	-0.250	0.000	6.81108761
-0.750	-0.250	0.000	6.82051373
-0.650	-0.250	0.000	6.82136250
-0.550	-0.250	0.000	6.81626701
-0.450	-0.250	0.000	6.80116558
-0.350	-0.250	0.000	6.78872967
-0.250	-0.250	0.000	6.77973270
-0.150	-0.250	0.000	6.77533436
-0.050	-0.250	0.000	6.77240944
0.050	-0.250	0.000	6.76887989
0.150	-0.250	0.000	6.76204395
0.250	-0.250	0.000	6.75495625
0.350	-0.250	0.000	6.74405766
0.450	-0.250	0.000	6.73115015
0.550	-0.250	0.000	6.71586418
0.650	-0.250	0.000	6.69409370
0.750	-0.250	0.000	6.66551495
0.850	-0.250	0.000	6.63091564
0.950	-0.250	0.000	6.59514236
1.050	-0.250	0.000	6.56348324
1.150	-0.250	0.000	6.53517723
1.250	-0.250	0.000	6.51421261
1.350	-0.250	0.000	6.50031853
1.450	-0.250	0.000	6.49118042
1.550	-0.250	0.000	6.48438597
1.650	-0.250	0.000	6.47926044
1.750	-0.250	0.000	6.47400618
1.850	-0.250	0.000	6.46727085
1.950	-0.250	0.000	6.46051216
2.050	-0.250	0.000	6.45239925
2.150	-0.250	0.000	6.45127058
2.250	-0.250	0.000	6.44701910
2.350	-0.250	0.000	6.45683622
2.450	-0.250	0.000	6.46304703
-2.450	-0.150	0.000	7.19211578
-2.350	-0.150	0.000	7.25914097
-2.250	-0.150	0.000	7.23450994
-2.150	-0.150	0.000	7.20265484
-2.050	-0.150	0.000	7.16106415
-1.950	-0.150	0.000	7.10843277
-1.850	-0.150	0.000	7.05437517
-1.750	-0.150	0.000	6.99815845
-1.650	-0.150	0.000	6.93901539
-1.550	-0.150	0.000	6.87976503
-1.450	-0.150	0.000	6.82800961
-1.350	-0.150	0.000	6.78682709
-1.250	-0.150	0.000	6.76341724
-1.150	-0.150	0.000	6.75787306
-1.050	-0.150	0.000	6.76903582
-0.950	-0.150	0.000	6.78508472
-0.850	-0.150	0.000	6.80824184
-0.750	-0.150	0.000	6.82191753
-0.650	-0.150	0.000	6.82430744
-0.550	-0.150	0.000	6.81684351
-0.450	-0.150	0.000	6.80075741
-0.350	-0.150	0.000	6.78443146
-0.250	-0.150	0.000	6.77137280
-0.150	-0.150	0.000	6.76379299
-0.050	-0.150	0.000	6.75986052
0.050	-0.150	0.000	6.75549221
0.150	-0.150	0.000	6.74945784
0.250	-0.150	0.000	6.74523497
0.350	-0.150	0.000	6.73584175
0.450	-0.150	0.000	6.72350693
0.550	-0.150	0.000	6.70689583
0.650	-0.150	0.000	6.68237257
0.750	-0.150	0.000	6.64955282
0.850	-0.150	0.000	6.61302757
0.950	-0.150	0.000	6.57564116
1.050	-0.150	0.000	6.54368830
1.150	-0.150	0.000	6.51825428
1.250	-0.150	0.000	6.50089455
1.350	-0.150	0.000	6.49053621
1.450	-0.150	0.000	6.48396873
1.550	-0.150	0.000	6.47824907
1.650	-0.150	0.000	6.47224569
1.750	-0.150	0.000	6.46632099
1.850	-0.150	0.000	6.45986080
1.950	-0.150	0.000	6.45395756
2.050	-0.150	0.000	6.44708395
2.150	-0.150	0.000	6.44877005
2.250	-0.150	0.000	6.44634724
2.350	-0.150	0.000	6.45764494
2.450	-0.150	0.000	6.46680498
-2.450	-0.050	0.000	7.17883778
-2.350	-0.050	0.000	7.25294113
-2.250	-0.050	0.000	7.23765230
-2.150	-0.050	0.000	7.20043659
-2.050	-0.050	0.000	7.15436935
-1.950	-0.050	0.000	7.09898996
-1.850	-0.050	0.000	7.04548931
-1.750	-0.050	0.000	6.99165344
-1.650	-0.050	0.000	6.93552971
-1.550	-0.050	0.000	6.87856960
-1.450	-0.050	0.000	6.82842445
-1.350	-0.050	0.000	6.78682804
-1.250	-0.050	0.000	6.76113796
-1.150	-0.050	0.000	6.75370216
-1.050	-0.050	0.000	6.76444817
-0.950	-0.050	0.000	6.77911282
-0.850	-0.050	0.000	6.80152225
-0.750	-0.050	0.000	6.81443214
-0.650	-0.050	0.000	6.81830025
-0.550	-0.050	0.000	6.81195498
-0.450	-0.050	0.000	6.79698563
-0.350	-0.050	0.000	6.78062820
-0.250	-0.050	0.000	6.76669979
-0.150	-0.050	0.000	6.75720024
-0.050	-0.050	0.000	6.75206089
0.050	-0.050	0.000	6.74648476
0.150	-0.050	0.000	6.73974133
0.250	-0.050	0.000	6.73390675
0.350	-0.050	0.000	6.72285080
0.450	-0.050	0.000	6.70941734
0.550	-0.050	0.000	6.69130993
0.650	-0.050	0.000	6.66598511
0.750	-0.050	0.000	6.63369513
0.850	-0.050	0.000	6.59574413
0.950	-0.050	0.000	6.55665302
1.050	-0.050	0.000	6.52421284
1.150	-0.050	0.000	6.50076008
1.250	-0.050	0.000	6.48473358
1.350	-0.050	0.000	6.47631550
1.450	-0.050	0.000	6.47150421
1.550	-0.050	0.000	6.46739244
1.650	-0.050	0.000	6.46245766
1.750	-0.050	0.000	6.45643902
1.850	-0.050	0.000	6.45064068
1.950	-0.050	0.000	6.44625092
2.050	-0.050	0.000	6.44159985
2.150	-0.050	0.000	6.44453287
2.250	-0.050	0.000	6.44424295
2.350	-0.050	0.000	6.45823956
2.450	-0.050	0.000	6.46936035
-2.450	0.050	0.000	7.16852188
-2.350	0.050	0.000	7.24948454
-2.250	0.050	0.000	7.24504566
-2.150	0.050	0.000	7.20553780
-2.050	0.050	0.000	7.15819645
-1.950	0.050	0.000	7.10116673
-1.850	0.050	0.000	7.04658270
-1.750	0.050	0.000	6.99311829
-1.650	0.050	0.000	6.93843508
-1.550	0.050	0.000	6.88366413
-1.450	0.050	0.000	6.83450508
-1.350	0.050	0.000	6.79229069
-1.250	0.050	0.000	6.76420784
-1.150	0.050	0.000	6.75399828
-1.050	0.050	0.000	6.76195240
-0.950	0.050	0.000	6.77457142
-0.850	0.050	0.000	6.79347420
-0.750	0.050	0.000	6.80631638
-0.650	0.050	0.000	6.81030655
-0.550	0.050	0.000	6.80535507
-0.450	0.050	0.000	6.79228973
-0.350	0.050	0.000	6.77806664
-0.250	0.050	0.000	6.76594257
-0.150	0.050	0.000	6.75633860
-0.050	0.050	0.000	6.74921608
0.050	0.050	0.000	6.74046040
0.150	0.050	0.000	6.73075962
0.250	0.050	0.000	6.72165775
0.350	0.050	0.000	6.70755291
0.450	0.050	0.000	6.69379616
0.550	0.050	0.000	6.67660284
0.650	0.050	0.000	6.64834404
0.750	0.050	0.000	6.61371708
0.850	0.050	0.000	6.57627964
0.950	0.050	0.000	6.53829002
1.050	0.050	0.000	6.50909233
1.150	0.050	0.000	6.48952293
1.250	0.050	0.000	6.47717810
1.350	0.050	0.000	6.47172022
1.450	0.050	0.000	6.46890306
1.550	0.050	0.000	6.46492577
1.650	0.050	0.000	6.45936632
1.750	0.050	0.000	6.45262814
1.850	0.050	0.000	6.44712305
1.950	0.050	0.000	6.44422817
2.050	0.050	0.000	6.43998003
2.150	0.050	0.000	6.44354916
2.250	0.050	0.000	6.44442749
2.350	0.050	0.000	6.45927048
2.450	0.050	0.000	6.47121334
-2.450	0.150	0.000	7.15811443
-2.350	0.150	0.000	7.24355888
-2.250	0.150	0.000	7.25105047
-2.150	0.150	0.000	7.21400499
-2.050	0.150	0.000	7.16915035
-1.950	0.150	0.000	7.11253166
-1.850	0.150	0.000	7.05645370
-1.750	0.150	0.000	7.00242996
-1.650	0.150	0.000	6.94846725
-1.550	0.150	0.000	6.89522362
-1.450	0.150	0.000	6.84635448
-1.350	0.150	0.000	6.80374813
-1.250	0.150	0.000	6.77296829
-1.150	0.150	0.000	6.75924969
-1.050	0.150	0.000	6.76308489
-0.950	0.150	0.000	6.77361965
-0.850	0.150	0.000	6.78713179
-0.750	0.150	0.000	6.79839897
-0.650	0.150	0.000	6.80177307
-0.550	0.150	0.000	6.79735088
-0.450	0.150	0.000	6.78690434
-0.350	0.150	0.000	6.77602863
-0.250	0.150	0.000	6.76644659
-0.150	0.150	0.000	6.75774765
-0.050	0.150	0.000	6.74792767
0.050	0.150	0.000	6.73573017
0.150	0.150	0.000	6.72089529
0.250	0.150	0.000	6.70834732
0.350	0.150	0.000	6.69379520
0.450	0.150	0.000	6.67648649
0.550	0.150	0.000	6.65681028
0.650	0.150	0.000	6.62997770
0.750	0.150	0.000	6.59833241
0.850	0.150	0.000	6.56237221
0.950	0.150	0.000	6.52616596
1.050	0.150	0.000	6.49878025
1.150	0.150	0.000	6.48137903
1.250	0.150	0.000	6.47166443
1.350	0.150	0.000	6.46789551
1.450	0.150	0.000	6.46537113
1.550	0.150	0.000	6.46106625
1.650	0.150	0.000	6.45505142
1.750	0.150	0.000	6.44815111
1.850	0.150	0.000	6.44332218
1.950	0.150	0.000	6.44283009
2.050	0.150	0.000	6.44125652
2.150	0.150	0.000	6.44531536
2.250	0.150	0.000	6.44775486
2.350	0.150	0.000	6.46433210
2.450	0.150	0.000	6.47381449
-2.450	0.250	0.000	7.13947964
-2.350	0.250	0.000	7.22986937
-2.250	0.250	0.000	7.25126553
-2.150	0.250	0.000	7.21987534
-2.050	0.250	0.000	7.18082714
-1.950	0.250	0.000	7.12648916
-1.850	0.250	0.000	7.06989574
-1.750	0.250	0.000	7.01524734
-1.650	0.250	0.000	6.96166229
-1.550	0.250	0.000	6.90999222
-1.450	0.250	0.000	6.86164856
-1.350	0.250	0.000	6.82006598
-1.250	0.250	0.000	6.78689861
-1.150	0.250	0.000	6.77137947
-1.050	0.250	0.000	6.77051592
-0.950	0.250	0.000	6.77860498
-0.850	0.250	0.000	6.78625965
-0.750	0.250	0.000	6.79477310
-0.650	0.250	0.000	6.79658413
-0.550	0.250	0.000	6.79121017
-0.450	0.250	0.000	6.78258801
-0.350	0.250	0.000	6.77453041
-0.250	0.250	0.000	6.76729345
-0.150	0.250	0.000	6.75913095
-0.050	0.250	0.000	6.74699783
0.050	0.250	0.000	6.73339367
0.150	0.250	0.000	6.71661091
0.250	0.250	0.000	6.69817972
0.350	0.250	0.000	6.67971516
0.450	0.250	0.000	6.66157532
0.550	0.250	0.000	6.64357853
0.650	0.250	0.000	6.61851597
0.750	0.250	0.000	6.58715343
0.850	0.250	0.000	6.55192089
0.950	0.250	0.000	6.51707935
1.050	0.250	0.000	6.49168873
1.150	0.250	0.000	6.47637653
1.250	0.250	0.000	6.46985722
1.350	0.250	0.000	6.46796989
1.450	0.250	0.000	6.46682644
1.550	0.250	0.000	6.46305037
1.650	0.250	0.000	6.45605469
1.750	0.250	0.000	6.44850636
1.850	0.250	0.000	6.44351768
1.950	0.250	0.000	6.44385862
2.050	0.250	0.000	6.44408131
2.150	0.250	0.000	6.44847202
2.250	0.250	0.000	6.45228863
2.350	0.250	0.000	6.47063589
2.450	0.250	0.000	6.47738695
-2.450	0.350	0.000	7.11062813
-2.350	0.350	0.000	7.20421934
-2.250	0.350	0.000	7.23741293
-2.150	0.350	0.000	7.21598911
-2.050	0.350	0.000	7.18329620
-1.950	0.350	0.000	7.13332939
-1.850	0.350	0.000	7.07958698
-1.750	0.350	0.000	7.02685404
-1.650	0.350	0.000	6.97545433
-1.550	0.350	0.000	6.92557335
-1.450	0.350	0.000	6.87833691
-1.350	0.350	0.000	6.83707809
-1.250	0.350	0.000	6.80218840
-1.150	0.350	0.000	6.78596783
-1.050	0.350	0.000	6.78051376
-0.950	0.350	0.000	6.78508377
-0.850	0.350	0.000	6.79006672
-0.750	0.350	0.000	6.79500771
-0.650	0.350	0.000	6.79243565
-0.550	0.350	0.000	6.78559160
-0.450	0.350	0.000	6.77747536
-0.350	0.350	0.000	6.77050877
-0.250	0.350	0.000	6.76456165
-0.150	0.350	0.000	6.75623322
-0.050	0.350	0.000	6.74517345
0.050	0.350	0.000	6.73009491
0.150	0.350	0.000	6.71116734
0.250	0.350	0.000	6.69189835
0.350	0.350	0.000	6.67470837
0.450	0.350	0.000	6.65517807
0.550	0.350	0.000	6.63587761
0.650	0.350	0.000	6.61077452
0.750	0.350	0.000	6.58022690
0.850	0.350	0.000	6.54563904
0.950	0.350	0.000	6.51158142
1.050	0.350	0.000	6.48593330
1.150	0.350	0.000	6.47091007
1.250	0.350	0.000	6.46634102
1.350	0.350	0.000	6.46503782
1.450	0.350	0.000	6.46380615
1.550	0.350	0.000	6.46047688
1.650	0.350	0.000	6.45284700
1.750	0.350	0.000	6.44580698
1.850	0.350	0.000	6.44224405
1.950	0.350	0.000	6.44342184
2.050	0.350	0.000	6.44500542
2.150	0.350	0.000	6.45039463
2.250	0.350	0.000	6.45518208
2.350	0.350	0.000	6.47488308
2.450	0.350	0.000	6.47970486
-2.450	0.450	0.000	7.07666206
-2.350	0.450	0.000	7.16894341
-2.250	0.450	0.000	7.21038198
-2.150	0.450	0.000	7.20135498
-2.050	0.450	0.000	7.17575932
-1.950	0.450	0.000	7.13281250
-1.850	0.450	0.000	7.08340645
-1.750	0.450	0.000	7.03570080
-1.650	0.450	0.000	6.98921776
-1.550	0.450	0.000	6.94210434
-1.450	0.450	0.000	6.89629650
-1.350	0.450	0.000	6.85493946
-1.250	0.450	0.000	6.81950665
-1.150	0.450	0.000	6.80161905
-1.050	0.450	0.000	6.79115772
-0.950	0.450	0.000	6.79209423
-0.850	0.450	0.000	6.79414463
-0.750	0.450	0.000	6.79465008
-0.650	0.450	0.000	6.78964710
-0.550	0.450	0.000	6.78034210
-0.450	0.450	0.000	6.77057123
-0.350	0.450	0.000	6.76295948
-0.250	0.450	0.000	6.75748634
-0.150	0.450	0.000	6.75106573
-0.050	0.450	0.000	6.74159908
0.050	0.450	0.000	6.73032475
0.150	0.450	0.000	6.71358156
0.250	0.450	0.000	6.69381762
0.350	0.450	0.000	6.67464495
0.450	0.450	0.000	6.65298939
0.550	0.450	0.000	6.63237095
0.650	0.450	0.000	6.60702896
0.750	0.450	0.000	6.57680798
0.850	0.450	0.000	6.54304695
0.950	0.450	0.000	6.50929308
1.050	0.450	0.000	6.48372746
1.150	0.450	0.000	6.46862698
1.250	0.450	0.000	6.46303892
1.350	0.450	0.000	6.46222639
1.450	0.450	0.000	6.46238422
1.550	0.450	0.000	6.46040726
1.650	0.450	0.000	6.45308304
1.750	0.450	0.000	6.44650459
1.850	0.450	0.000	6.44216490
1.950	0.450	0.000	6.44253063
2.050	0.450	0.000	6.44288445
2.150	0.450	0.000	6.45015955
2.250	0.450	0.000	6.45578861
2.350	0.450	0.000	6.47657013
2.450	0.450	0.000	6.48117065
-2.450	0.550	0.000	7.04480553
-2.350	0.550	0.000	7.13212585
-2.250	0.550	0.000	7.18036079
-2.150	0.550	0.000	7.18075800
-2.050	0.550	0.000	7.16024160
-1.950	0.550	0.000	7.12567425
-1.850	0.550	0.000	7.08265066
-1.750	0.550	0.000	7.04035568
-1.650	0.550	0.000	6.99948120
-1.550	0.550	0.000	6.95698833
-1.450	0.550	0.000	6.91314268
-1.350	0.550	0.000	6.87128639
-1.250	0.550	0.000	6.83518314
-1.150	0.550	0.000	6.81285763
-1.050	0.550	0.000	6.79993725
-0.950	0.550	0.000	6.79490089
-0.850	0.550	0.000	6.79472828
-0.750	0.550	0.000	6.79284859
-0.650	0.550	0.000	6.78576946
-0.550	0.550	0.000	6.77573776
-0.450	0.550	0.000	6.76483345
-0.350	0.550	0.000	6.75699615
-0.250	0.550	0.000	6.75100231
-0.150	0.550	0.000	6.74670887
-0.050	0.550	0.000	6.74210596
0.050	0.550	0.000	6.73399639
0.150	0.550	0.000	6.71889973
0.250	0.550	0.000	6.69921589
0.350	0.550	0.000	6.67824554
0.450	0.550	0.000	6.65408945
0.550	0.550	0.000	6.63117409
0.650	0.550	0.000	6.60509586
0.750	0.550	0.000	6.57571697
0.850	0.550	0.000	6.54370022
0.950	0.550	0.000	6.51157761
1.050	0.550	0.000	6.48743629
1.150	0.550	0.000	6.47218418
1.250	0.550	0.000	6.46509457
1.350	0.550	0.000	6.46136093
1.450	0.550	0.000	6.45875168
1.550	0.550	0.000	6.45399141
1.650	0.550	0.000	6.44501114
1.750	0.550	0.000	6.43926239
1.850	0.550	0.000	6.43669367
1.950	0.550	0.000	6.43885326
2.050	0.550	0.000	6.44168425
2.150	0.550	0.000	6.45114756
2.250	0.550	0.000	6.45649242
2.350	0.550	0.000	6.47811365
2.450	0.550	0.000	6.48253727
-2.450	0.650	0.000	7.02259254
-2.350	0.650	0.000	7.10425425
-2.250	0.650	0.000	7.15458488
-2.150	0.650	0.000	7.15926504
-2.050	0.650	0.000	7.14090061
-1.950	0.650	0.000	7.11112070
-1.850	0.650	0.000	7.07345581
-1.750	0.650	0.000	7.03625679
-1.650	0.650	0.000	7.00105810
-1.550	0.650	0.000	6.96375561
-1.450	0.650	0.000	6.92382622
-1.350	0.650	0.000	6.88247824
-1.250	0.650	0.000	6.84532690
-1.150	0.650	0.000	6.81872034
-1.050	0.650	0.000	6.80180264
-0.950	0.650	0.000	6.79479599
-0.850	0.650	0.000	6.79279518
-0.750	0.650	0.000	6.79003716
-0.650	0.650	0.000	6.78276539
-0.550	0.650	0.000	6.77126026
-0.450	0.650	0.000	6.76021290
-0.350	0.650	0.000	6.75275946
-0.250	0.650	0.000	6.74817848
-0.150	0.650	0.000	6.74803257
-0.050	0.650	0.000	6.74742699
0.050	0.650	0.000	6.74097729
0.150	0.650	0.000	6.72594070
0.250	0.650	0.000	6.70532131
0.350	0.650	0.000	6.68130255
0.450	0.650	0.000	6.65661430
0.550	0.650	0.000	6.63298035
0.650	0.650	0.000	6.60688114
0.750	0.650	0.000	6.57875681
0.850	0.650	0.000	6.54961491
0.950	0.650	0.000	6.52032518
1.050	0.650	0.000	6.49931908
1.150	0.650	0.000	6.48375797
1.250	0.650	0.000	6.47387028
1.350	0.650	0.000	6.46624088
1.450	0.650	0.000	6.45864248
1.550	0.650	0.000	6.44950294
1.650	0.650	0.000	6.43882751
1.750	0.650	0.000	6.43193340
1.850	0.650	0.000	6.42949390
1.950	0.650	0.000	6.43289852
2.050	0.650	0.000	6.43750525
2.150	0.650	0.000	6.45056820
2.250	0.650	0.000	6.45820618
2.350	0.650	0.000	6.47966671
2.450	0.650	0.000	6.48457050
-2.450	0.750	0.000	7.02034664
-2.350	0.750	0.000	7.09504604
-2.250	0.750	0.000	7.14321184
-2.150	0.750	0.000	7.14911509
-2.050	0.750	0.000	7.12936401
-1.950	0.750	0.000	7.10027027
-1.850	0.750	0.000	7.06497574
-1.750	0.750	0.000	7.03082275
-1.650	0.750	0.000	6.99968433
-1.550	0.750	0.000	6.96673107
-1.450	0.750	0.000	6.93124056
-1.350	0.750	0.000	6.89187241
-1.250	0.750	0.000	6.85495663
-1.150	0.750	0.000	6.82583427
-1.050	0.750	0.000	6.80482674
-0.950	0.750	0.000	6.79341412
-0.850	0.750	0.000	6.78820276
-0.750	0.750	0.000	6.78289795
-0.650	0.750	0.000	6.77453518
-0.550	0.750	0.000	6.76296329
-0.450	0.750	0.000	6.75420809
-0.350	0.750	0.000	6.74961948
-0.250	0.750	0.000	6.74947834
-0.150	0.750	0.000	6.75331545
-0.050	0.750	0.000	6.75507164
0.050	0.750	0.000	6.74960899
0.150	0.750	0.000	6.73461914
0.250	0.750	0.000	6.71299839
0.350	0.750	0.000	6.68763113
0.450	0.750	0.000	6.66117382
0.550	0.750	0.000	6.63521671
0.650	0.750	0.000	6.60793686
0.750	0.750	0.000	6.58029079
0.850	0.750	0.000	6.55502653
0.950	0.750	0.000	6.53073263
1.050	0.750	0.000	6.51354599
1.150	0.750	0.000	6.49901628
1.250	0.750	0.000	6.48679161
1.350	0.750	0.000	6.47462702
1.450	0.750	0.000	6.46167469
1.550	0.750	0.000	6.44756603
1.650	0.750	0.000	6.43400478
1.750	0.750	0.000	6.42571640
1.850	0.750	0.000	6.42305088
1.950	0.750	0.000	6.42796135
2.050	0.750	0.000	6.43546009
2.150	0.750	0.000	6.45241261
2.250	0.750	0.000	6.46287298
2.350	0.750	0.000	6.48550701
2.450	0.750	0.000	6.49017906
-2.450	0.850	0.000	7.02356243
-2.350	0.850	0.000	7.09116268
-2.250	0.850	0.000	7.13874722
-2.150	0.850	0.000	7.14607143
-2.050	0.850	0.000	7.12718105
-1.950	0.850	0.000	7.09721994
-1.850	0.850	0.000	7.06014442
-1.750	0.850	0.000	7.02460957
-1.650	0.850	0.000	6.99534988
-1.550	0.850	0.000	6.96664238
-1.450	0.850	0.000	6.93750763
-1.350	0.850	0.000	6.90371990
-1.250	0.850	0.000	6.86939573
-1.150	0.850	0.000	6.83965111
-1.050	0.850	0.000	6.81479931
-0.950	0.850	0.000	6.79920864
-0.850	0.850	0.000	6.78799343
-0.750	0.850	0.000	6.77669430
-0.650	0.850	0.000	6.76435757
-0.550	0.850	0.000	6.75350285
-0.450	0.850	0.000	6.74666929
-0.350	0.850	0.000	6.74330091
-0.250	0.850	0.000	6.74831438
-0.150	0.850	0.000	6.75685310
-0.050	0.850	0.000	6.76224470
0.050	0.850	0.000	6.75855827
0.150	0.850	0.000	6.74420166
0.250	0.850	0.000	6.72100163
0.350	0.850	0.000	6.69354343
0.450	0.850	0.000	6.66386127
0.550	0.850	0.000	6.63307571
0.650	0.850	0.000	6.60274029
0.750	0.850	0.000	6.57531166
0.850	0.850	0.000	6.55257988
0.950	0.850	0.000	6.53210974
1.050	0.850	0.000	6.51840830
1.150	0.850	0.000	6.50792027
1.250	0.850	0.000	6.49575424
1.350	0.850	0.000	6.48281097
1.450	0.850	0.000	6.46780586
1.550	0.850	0.000	6.45060682
1.650	0.850	0.000	6.43451118
1.750	0.850	0.000	6.42501163
1.850	0.850	0.000	6.42236710
1.950	0.850	0.000	6.42822552
2.050	0.850	0.000	6.43795395
2.150	0.850	0.000	6.45874310
2.250	0.850	0.000	6.47213078
2.350	0.850	0.000	6.49610329
2.450	0.850	0.000	6.50230074
-2.450	0.950	0.000	7.03528118
-2.350	0.950	0.000	7.09565067
-2.250	0.950	0.000	7.14162207
-2.150	0.950	0.000	7.15062332
-2.050	0.950	0.000	7.13273144
-1.950	0.950	0.000	7.10132360
-1.850	0.950	0.000	7.06036997
-1.750	0.950	0.000	7.02131653
-1.650	0.950	0.000	6.99172974
-1.550	0.950	0.000	6.96608353
-1.450	0.950	0.000	6.94380093
-1.350	0.950	0.000	6.91653824
-1.250	0.950	0.000	6.88772154
-1.150	0.950	0.000	6.85946751
-1.050	0.950	0.000	6.83302784
-0.950	0.950	0.000	6.81293964
-0.850	0.950	0.000	6.79530716
-0.750	0.950	0.000	6.77755022
-0.650	0.950	0.000	6.76008892
-0.550	0.950	0.000	6.74668217
-0.450	0.950	0.000	6.73849440
-0.350	0.950	0.000	6.73783684
-0.250	0.950	0.000	6.74542856
-0.150	0.950	0.000	6.75630093
-0.050	0.950	0.000	6.76426935
0.050	0.950	0.000	6.76507664
0.150	0.950	0.000	6.75450277
0.250	0.950	0.000	6.73173714
0.350	0.950	0.000	6.70452404
0.450	0.950	0.000	6.66973972
0.550	0.950	0.000	6.63258171
0.650	0.950	0.000	6.59965706
0.750	0.950	0.000	6.57092381
0.850	0.950	0.000	6.54941988
0.950	0.950	0.000	6.53199863
1.050	0.950	0.000	6.52299833
1.150	0.950	0.000	6.51594210
1.250	0.950	0.000	6.50556421
1.350	0.950	0.000	6.49382305
1.450	0.950	0.000	6.47870636
1.550	0.950	0.000	6.46091080
1.650	0.950	0.000	6.44440460
1.750	0.950	0.000	6.43495178
1.850	0.950	0.000	6.43213272
1.950	0.950	0.000	6.43789005
2.050	0.950	0.000	6.44861031
2.150	0.950	0.000	6.47223902
2.250	0.950	0.000	6.48734474
2.350	0.950	0.000	6.51216841
2.450	0.950	0.000	6.51945019
-2.450	1.050	0.000	7.04475021
-2.350	1.050	0.000	7.09772778
-2.250	1.050	0.000	7.14283943
-2.150	1.050	0.000	7.15601730
-2.050	1.050	0.000	7.14262056
-1.950	1.050	0.000	7.11206722
-1.850	1.050	0.000	7.06798267
-1.750	1.050	0.000	7.02404451
-1.650	1.050	0.000	6.99068117
-1.550	1.050	0.000	6.96482897
-1.450	1.050	0.000	6.94700050
-1.350	1.050	0.000	6.92663527
-1.250	1.050	0.000	6.90540886
-1.150	1.050	0.000	6.88017273
-1.050	1.050	0.000	6.85832739
-0.950	1.050	0.000	6.83600330
-0.850	1.050	0.000	6.81460190
-0.750	1.050	0.000	6.79323101
-0.650	1.050	0.000	6.77118587
-0.550	1.050	0.000	6.75174236
-0.450	1.050	0.000	6.73777676
-0.350	1.050	0.000	6.73579693
-0.250	1.050	0.000	6.74339962
-0.150	1.050	0.000	6.75575733
-0.050	1.050	0.000	6.76550245
0.050	1.050	0.000	6.77073956
0.150	1.050	0.000	6.76413012
0.250	1.050	0.000	6.74351311
0.350	1.050	0.000	6.71903324
0.450	1.050	0.000	6.68096924
0.550	1.050	0.000	6.64293003
0.650	1.050	0.000	6.60639763
0.750	1.050	0.000	6.57547808
0.850	1.050	0.000	6.55441380
0.950	1.050	0.000	6.53844357
1.050	1.050	0.000	6.53148508
1.150	1.050	0.000	6.52637577
1.250	1.050	0.000	6.51793909
1.350	1.050	0.000	6.50859356
1.450	1.050	0.000	6.49558449
1.550	1.050	0.000	6.47976971
1.650	1.050	0.000	6.46504068
1.750	1.050	0.000	6.45803070
1.850	1.050	0.000	6.45596600
1.950	1.050	0.000	6.46275997
2.050	1.050	0.000	6.47479248
2.150	1.050	0.000	6.50012541
2.250	1.050	0.000	6.51549721
2.350	1.050	0.000	6.54032230
2.450	1.050	0.000	6.54571104
-2.450	1.150	0.000	7.05104351
-2.350	1.150	0.000	7.09803200
-2.250	1.150	0.000	7.14243603
-2.150	1.150	0.000	7.16154289
-2.050	1.150	0.000	7.15418816
-1.950	1.150	0.000	7.12573481
-1.850	1.150	0.000	7.07930756
-1.750	1.150	0.000	7.03090000
-1.650	1.150	0.000	6.99187088
-1.550	1.150	0.000	6.96180582
-1.450	1.150	0.000	6.94381809
-1.350	1.150	0.000	6.92861509
-1.250	1.150	0.000	6.91560268
-1.150	1.150	0.000	6.89858723
-1.050	1.150	0.000	6.88246536
-0.950	1.150	0.000	6.86393738
-0.850	1.150	0.000	6.84292126
-0.750	1.150	0.000	6.81926727
-0.650	1.150	0.000	6.79455853
-0.550	1.150	0.000	6.77193546
-0.450	1.150	0.000	6.75516701
-0.350	1.150	0.000	6.74799442
-0.250	1.150	0.000	6.74925900
-0.150	1.150	0.000	6.75748110
-0.050	1.150	0.000	6.76590824
0.050	1.150	0.000	6.77254486
0.150	1.150	0.000	6.77021027
0.250	1.150	0.000	6.75638199
0.350	1.150	0.000	6.73821831
0.450	1.150	0.000	6.70229816
0.550	1.150	0.000	6.66623163
0.650	1.150	0.000	6.63029814
0.750	1.150	0.000	6.59748554
0.850	1.150	0.000	6.57403660
0.950	1.150	0.000	6.55558300
1.050	1.150	0.000	6.54613876
1.150	1.150	0.000	6.54018879
1.250	1.150	0.000	6.53243542
1.350	1.150	0.000	6.52529812
1.450	1.150	0.000	6.51525307
1.550	1.150	0.000	6.50285721
1.650	1.150	0.000	6.49278831
1.750	1.150	0.000	6.48982573
1.850	1.150	0.000	6.48947620
1.950	1.150	0.000	6.49813461
2.050	1.150	0.000	6.51139832
2.150	1.150	0.000	6.53794479
2.250	1.150	0.000	6.55290794
2.350	1.150	0.000	6.57613802
2.450	1.150	0.000	6.57806492
-2.450	1.250	0.000	7.05919266
-2.350	1.250	0.000	7.10221577
-2.250	1.250	0.000	7.14496660
-2.150	1.250	0.000	7.16657019
-2.050	1.250	0.000	7.16428995
-1.950	1.250	0.000	7.13905907
-1.850	1.250	0.000	7.09388685
-1.750	1.250	0.000	7.04101324
-1.650	1.250	0.000	6.99367046
-1.550	1.250	0.000	6.95643330
-1.450	1.250	0.000	6.93332672
-1.350	1.250	0.000	6.91967916
-1.250	1.250	0.000	6.91151524
-1.150	1.250	0.000	6.90344286
-1.050	1.250	0.000	6.89798832
-0.950	1.250	0.000	6.88668060
-0.850	1.250	0.000	6.87264061
-0.750	1.250	0.000	6.85446978
-0.650	1.250	0.000	6.83142757
-0.550	1.250	0.000	6.80714893
-0.450	1.250	0.000	6.78672028
-0.350	1.250	0.000	6.77309418
-0.250	1.250	0.000	6.76741314
-0.150	1.250	0.000	6.76842213
-0.050	1.250	0.000	6.77206564
0.050	1.250	0.000	6.77624130
0.150	1.250	0.000	6.77559996
0.250	1.250	0.000	6.76747227
0.350	1.250	0.000	6.75441742
0.450	1.250	0.000	6.72565413
0.550	1.250	0.000	6.69399452
0.650	1.250	0.000	6.66228533
0.750	1.250	0.000	6.62990570
0.850	1.250	0.000	6.60435581
0.950	1.250	0.000	6.58244324
1.050	1.250	0.000	6.56840992
1.150	1.250	0.000	6.55892229
1.250	1.250	0.000	6.55018902
1.350	1.250	0.000	6.54369450
1.450	1.250	0.000	6.53551006
1.550	1.250	0.000	6.52586889
1.650	1.250	0.000	6.51852036
1.750	1.250	0.000	6.51794434
1.850	1.250	0.000	6.52055645
1.950	1.250	0.000	6.53188229
2.050	1.250	0.000	6.54506493
2.150	1.250	0.000	6.56961918
2.250	1.250	0.000	6.58109570
2.350	1.250	0.000	6.60237360
2.450	1.250	0.000	6.60261393
-2.450	1.350	0.000	7.05595922
-2.350	1.350	0.000	7.09618855
-2.250	1.350	0.000	7.13668442
-2.150	1.350	0.000	7.16225338
-2.050	1.350	0.000	7.16403389
-1.950	1.350	0.000	7.14320087
-1.850	1.350	0.000	7.10121727
-1.750	1.350	0.000	7.04575825
-1.650	1.350	0.000	6.99162102
-1.550	1.350	0.000	6.94640589
-1.450	1.350	0.000	6.91754436
-1.350	1.350	0.000	6.90193892
-1.250	1.350	0.000	6.89547443
-1.150	1.350	0.000	6.89210510
-1.050	1.350	0.000	6.89213753
-0.950	1.350	0.000	6.88975000
-0.850	1.350	0.000	6.88362741
-0.750	1.350	0.000	6.87515211
-0.650	1.350	0.000	6.86519909
-0.550	1.350	0.000	6.85090113
-0.450	1.350	0.000	6.83272171
-0.350	1.350	0.000	6.81603003
-0.250	1.350	0.000	6.80271196
-0.150	1.350	0.000	6.79342222
-0.050	1.350	0.000	6.78780603
0.050	1.350	0.000	6.78662443
0.150	1.350	0.000	6.78398323
0.250	1.350	0.000	6.77680063
0.350	1.350	0.000	6.76476669
0.450	1.350	0.000	6.74222088
0.550	1.350	0.000	6.71545410
0.650	1.350	0.000	6.69004631
0.750	1.350	0.000	6.66106987
0.850	1.350	0.000	6.63544178
0.950	1.350	0.000	6.61009932
1.050	1.350	0.000	6.59285545
1.150	1.350	0.000	6.57705879
1.250	1.350	0.000	6.56525278
1.350	1.350	0.000	6.55677700
1.450	1.350	0.000	6.54782772
1.550	1.350	0.000	6.53965044
1.650	1.350	0.000	6.53541660
1.750	1.350	0.000	6.53728580
1.850	1.350	0.000	6.54263639
1.950	1.350	0.000	6.55626917
2.050	1.350	0.000	6.56929684
2.150	1.350	0.000	6.59181881
2.250	1.350	0.000	6.59960461
2.350	1.350	0.000	6.61745930
2.450	1.350	0.000	6.61648893
-2.450	1.450	0.000	7.04118538
-2.350	1.450	0.000	7.08063030
-2.250	1.450	0.000	7.12091255
-2.150	1.450	0.000	7.14943409
-2.050	1.450	0.000	7.15566206
-1.950	1.450	0.000	7.13875198
-1.850	1.450	0.000	7.09938908
-1.750	1.450	0.000	7.04266500
-1.650	1.450	0.000	6.98321533
-1.550	1.450	0.000	6.93109608
-1.450	1.450	0.000	6.89474392
-1.350	1.450	0.000	6.87527800
-1.250	1.450	0.000	6.86679268
-1.150	1.450	0.000	6.86589384
-1.050	1.450	0.000	6.86863899
-0.950	1.450	0.000	6.87328720
-0.850	1.450	0.000	6.87651777
-0.750	1.450	0.000	6.88031483
-0.650	1.450	0.000	6.88170815
-0.550	1.450	0.000	6.87680864
-0.450	1.450	0.000	6.86623383
-0.350	1.450	0.000	6.85380173
-0.250	1.450	0.000	6.84022522
-0.150	1.450	0.000	6.82556534
-0.050	1.450	0.000	6.81228065
0.050	1.450	0.000	6.80328560
0.150	1.450	0.000	6.79524517
0.250	1.450	0.000	6.78489208
0.350	1.450	0.000	6.77084112
0.450	1.450	0.000	6.75180483
0.550	1.450	0.000	6.72932816
0.650	1.450	0.000	6.71013737
0.750	1.450	0.000	6.68720865
0.850	1.450	0.000	6.66395760
0.950	1.450	0.000	6.63879442
1.050	1.450	0.000	6.61678219
1.150	1.450	0.000	6.59589672
1.250	1.450	0.000	6.57923794
1.350	1.450	0.000	6.56619024
1.450	1.450	0.000	6.55515242
1.550	1.450	0.000	6.54703617
1.650	1.450	0.000	6.54504776
1.750	1.450	0.000	6.54843903
1.850	1.450	0.000	6.55637550
1.950	1.450	0.000	6.57249928
2.050	1.450	0.000	6.58644104
2.150	1.450	0.000	6.60601902
2.250	1.450	0.000	6.61001492
2.350	1.450	0.000	6.62589645
2.450	1.450	0.000	6.62248087
-2.450	1.550	0.000	7.02137661
-2.350	1.550	0.000	7.06177807
-2.250	1.550	0.000	7.10234261
-2.150	1.550	0.000	7.13170433
-2.050	1.550	0.000	7.14143705
-1.950	1.550	0.000	7.12803698
-1.850	1.550	0.000	7.09300232
-1.750	1.550	0.000	7.03680086
-1.650	1.550	0.000	6.97321463
-1.550	1.550	0.000	6.91505527
-1.450	1.550	0.000	6.86936951
-1.350	1.550	0.000	6.84251738
-1.250	1.550	0.000	6.82874775
-1.150	1.550	0.000	6.82650137
-1.050	1.550	0.000	6.83096027
-0.950	1.550	0.000	6.83943272
-0.850	1.550	0.000	6.84890461
-0.750	1.550	0.000	6.85936451
-0.650	1.550	0.000	6.87249422
-0.550	1.550	0.000	6.88122177
-0.450	1.550	0.000	6.88327599
-0.350	1.550	0.000	6.87760973
-0.250	1.550	0.000	6.86588669
-0.150	1.550	0.000	6.85178185
-0.050	1.550	0.000	6.83809900
0.050	1.550	0.000	6.82474852
0.150	1.550	0.000	6.81187057
0.250	1.550	0.000	6.79637337
0.350	1.550	0.000	6.77941704
0.450	1.550	0.000	6.75876331
0.550	1.550	0.000	6.73894882
0.650	1.550	0.000	6.72149277
0.750	1.550	0.000	6.70273304
0.850	1.550	0.000	6.68260384
0.950	1.550	0.000	6.65888691
1.050	1.550	0.000	6.63402700
1.150	1.550	0.000	6.61052418
1.250	1.550	0.000	6.58894444
1.350	1.550	0.000	6.57006741
1.450	1.550	0.000	6.55484104
1.550	1.550	0.000	6.54520416
1.650	1.550	0.000	6.54350090
1.750	1.550	0.000	6.54791498
1.850	1.550	0.000	6.55751181
1.950	1.550	0.000	6.57545376
2.050	1.550	0.000	6.59132576
2.150	1.550	0.000	6.61040688
2.250	1.550	0.000	6.61245918
2.350	1.550	0.000	6.62843180
2.450	1.550	0.000	6.62545824
-2.450	1.650	0.000	7.00062752
-2.350	1.650	0.000	7.04450130
-2.250	1.650	0.000	7.08737421
-2.150	1.650	0.000	7.11650944
-2.050	1.650	0.000	7.12840652
-1.950	1.650	0.000	7.11851406
-1.850	1.650	0.000	7.08862686
-1.750	1.650	0.000	7.03371048
-1.650	1.650	0.000	6.96828938
-1.550	1.650	0.000	6.90488434
-1.450	1.650	0.000	6.85078907
-1.350	1.650	0.000	6.81553745
-1.250	1.650	0.000	6.79490376
-1.150	1.650	0.000	6.78727055
-1.050	1.650	0.000	6.78873634
-0.950	1.650	0.000	6.79436016
-0.850	1.650	0.000	6.80409908
-0.750	1.650	0.000	6.81723690
-0.650	1.650	0.000	6.83735323
-0.550	1.650	0.000	6.85800934
-0.450	1.650	0.000	6.87073231
-0.350	1.650	0.000	6.87512732
-0.250	1.650	0.000	6.87311125
-0.150	1.650	0.000	6.86293030
-0.050	1.650	0.000	6.85118389
0.050	1.650	0.000	6.83908510
0.150	1.650	0.000	6.82901192
0.250	1.650	0.000	6.81469917
0.350	1.650	0.000	6.79617691
0.450	1.650	0.000	6.77224207
0.550	1.650	0.000	6.75166321
0.650	1.650	0.000	6.73232412
0.750	1.650	0.000	6.71279430
0.850	1.650	0.000	6.69266415
0.950	1.650	0.000	6.66772747
1.050	1.650	0.000	6.64206266
1.150	1.650	0.000	6.61708641
1.250	1.650	0.000	6.59445953
1.350	1.650	0.000	6.57585907
1.450	1.650	0.000	6.56033134
1.550	1.650	0.000	6.55213594
1.650	1.650	0.000	6.55025387
1.750	1.650	0.000	6.55576420
1.850	1.650	0.000	6.56660843
1.950	1.650	0.000	6.58511257
2.050	1.650	0.000	6.60292053
2.150	1.650	0.000	6.62326860
2.250	1.650	0.000	6.62467051
2.350	1.650	0.000	6.64080381
2.450	1.650	0.000	6.64045000
-2.450	1.750	0.000	6.99454069
-2.350	1.750	0.000	7.04118061
-2.250	1.750	0.000	7.08520794
-2.150	1.750	0.000	7.11102200
-2.050	1.750	0.000	7.12673473
-1.950	1.750	0.000	7.12103462
-1.850	1.750	0.000	7.09606171
-1.750	1.750	0.000	7.04640627
-1.650	1.750	0.000	6.98241901
-1.550	1.750	0.000	6.91451073
-1.450	1.750	0.000	6.85226297
-1.350	1.750	0.000	6.80702114
-1.250	1.750	0.000	6.77953625
-1.150	1.750	0.000	6.76572371
-1.050	1.750	0.000	6.76081944
-0.950	1.750	0.000	6.75847912
-0.850	1.750	0.000	6.76164675
-0.750	1.750	0.000	6.77128363
-0.650	1.750	0.000	6.78957367
-0.550	1.750	0.000	6.81290722
-0.450	1.750	0.000	6.83374262
-0.350	1.750	0.000	6.84895420
-0.250	1.750	0.000	6.85647774
-0.150	1.750	0.000	6.85699081
-0.050	1.750	0.000	6.85383606
0.050	1.750	0.000	6.84702730
0.150	1.750	0.000	6.83803177
0.250	1.750	0.000	6.82602882
0.350	1.750	0.000	6.81177711
0.450	1.750	0.000	6.79132795
0.550	1.750	0.000	6.77364254
0.650	1.750	0.000	6.75154495
0.750	1.750	0.000	6.72784519
0.850	1.750	0.000	6.70287514
0.950	1.750	0.000	6.67484474
1.050	1.750	0.000	6.64749002
1.150	1.750	0.000	6.62261105
1.250	1.750	0.000	6.60206747
1.350	1.750	0.000	6.58212471
1.450	1.750	0.000	6.56707525
1.550	1.750	0.000	6.56059551
1.650	1.750	0.000	6.56017542
1.750	1.750	0.000	6.56772089
1.850	1.750	0.000	6.58146858
1.950	1.750	0.000	6.60159254
2.050	1.750	0.000	6.61963844
2.150	1.750	0.000	6.64045811
2.250	1.750	0.000	6.64482307
2.350	1.750	0.000	6.66133404
2.450	1.750	0.000	6.66668081
-2.450	1.850	0.000	7.00446224
-2.350	1.850	0.000	7.05323267
-2.250	1.850	0.000	7.09542370
-2.150	1.850	0.000	7.12158298
-2.050	1.850	0.000	7.13866997
-1.950	1.850	0.000	7.13412285
-1.850	1.850	0.000	7.11489010
-1.750	1.850	0.000	7.07192516
-1.650	1.850	0.000	7.01126575
-1.550	1.850	0.000	6.94200897
-1.450	1.850	0.000	6.87545967
-1.350	1.850	0.000	6.82249641
-1.250	1.850	0.000	6.78809786
-1.150	1.850	0.000	6.76402187
-1.050	1.850	0.000	6.74804783
-0.950	1.850	0.000	6.73834324
-0.850	1.850	0.000	6.73382092
-0.750	1.850	0.000	6.73543072
-0.650	1.850	0.000	6.74654961
-0.550	1.850	0.000	6.76407242
-0.450	1.850	0.000	6.78655815
-0.350	1.850	0.000	6.80769062
-0.250	1.850	0.000	6.82280445
-0.150	1.850	0.000	6.83177996
-0.050	1.850	0.000	6.83729839
0.050	1.850	0.000	6.83909035
0.150	1.850	0.000	6.83638525
0.250	1.850	0.000	6.83062601
0.350	1.850	0.000	6.81918621
0.450	1.850	0.000	6.80762100
0.550	1.850	0.000	6.79430246
0.650	1.850	0.000	6.77505589
0.750	1.850	0.000	6.75006962
0.850	1.850	0.000	6.71978664
0.950	1.850	0.000	6.68722200
1.050	1.850	0.000	6.65654755
1.150	1.850	0.000	6.63134146
1.250	1.850	0.000	6.61188412
1.350	1.850	0.000	6.59938908
1.450	1.850	0.000	6.59232235
1.550	1.850	0.000	6.58935165
1.650	1.850	0.000	6.59217072
1.750	1.850	0.000	6.60102987
1.850	1.850	0.000	6.61290312
1.950	1.850	0.000	6.63190842
2.050	1.850	0.000	6.64844275
2.150	1.850	0.000	6.66821671
2.250	1.850	0.000	6.67187977
2.350	1.850	0.000	6.68820572
2.450	1.850	0.000	6.69317865
-2.450	1.950	0.000	7.01822758
-2.350	1.950	0.000	7.07001448
-2.250	1.950	0.000	7.11038494
-2.150	1.950	0.000	7.13603115
-2.050	1.950	0.000	7.15370083
-1.950	1.950	0.000	7.15485382
-1.850	1.950	0.000	7.14167738
-1.750	1.950	0.000	7.10599232
-1.650	1.950	0.000	7.05307579
-1.550	1.950	0.000	6.98947716
-1.450	1.950	0.000	6.92307091
-1.350	1.950	0.000	6.86334133
-1.250	1.950	0.000	6.81816864
-1.150	1.950	0.000	6.78353882
-1.050	1.950	0.000	6.76023769
-0.950	1.950	0.000	6.74313831
-0.850	1.950	0.000	6.72867012
-0.750	1.950	0.000	6.72002220
-0.650	1.950	0.000	6.72162628
-0.550	1.950	0.000	6.73239231
-0.450	1.950	0.000	6.74864483
-0.350	1.950	0.000	6.76715279
-0.250	1.950	0.000	6.78425884
-0.150	1.950	0.000	6.79776859
-0.050	1.950	0.000	6.80742550
0.050	1.950	0.000	6.81367683
0.150	1.950	0.000	6.81644964
0.250	1.950	0.000	6.81845379
0.350	1.950	0.000	6.81489611
0.450	1.950	0.000	6.81134939
0.550	1.950	0.000	6.80196810
0.650	1.950	0.000	6.78697109
0.750	1.950	0.000	6.76655293
0.850	1.950	0.000	6.73888731
0.950	1.950	0.000	6.70768929
1.050	1.950	0.000	6.67888737
1.150	1.950	0.000	6.65592289
1.250	1.950	0.000	6.63867474
1.350	1.950	0.000	6.62722778
1.450	1.950	0.000	6.62245655
1.550	1.950	0.000	6.62243366
1.650	1.950	0.000	6.62802505
1.750	1.950	0.000	6.63879108
1.850	1.950	0.000	6.65049648
1.950	1.950	0.000	6.66674900
2.050	1.950	0.000	6.68076324
2.150	1.950	0.000	6.70147991
2.250	1.950	0.000	6.70725107
2.350	1.950	0.000	6.72476149
2.450	1.950	0.000	6.72919464
-2.450	2.050	0.000	7.04519701
-2.350	2.050	0.000	7.09945011
-2.250	2.050	0.000	7.13740444
-2.150	2.050	0.000	7.16102743
-2.050	2.050	0.000	7.17748737
-1.950	2.050	0.000	7.17973042
-1.850	2.050	0.000	7.17158127
-1.750	2.050	0.000	7.14514971
-1.650	2.050	0.000	7.10047102
-1.550	2.050	0.000	7.04291248
-1.450	2.050	0.000	6.97863388
-1.350	2.050	0.000	6.91602802
-1.250	2.050	0.000	6.86435366
-1.150	2.050	0.000	6.82252836
-1.050	2.050	0.000	6.79073524
-0.950	2.050	0.000	6.76543617
-0.850	2.050	0.000	6.74437332
-0.750	2.050	0.000	6.73038864
-0.650	2.050	0.000	6.72358418
-0.550	2.050	0.000	6.72437572
-0.450	2.050	0.000	6.73267269
-0.350	2.050	0.000	6.74367094
-0.250	2.050	0.000	6.75499249
-0.150	2.050	0.000	6.76588821
-0.050	2.050	0.000	6.77558708
0.050	2.050	0.000	6.78319025
0.150	2.050	0.000	6.78852558
0.250	2.050	0.000	6.79434490
0.350	2.050	0.000	6.79936504
0.450	2.050	0.000	6.80484152
0.550	2.050	0.000	6.80514002
0.650	2.050	0.000	6.79879475
0.750	2.050	0.000	6.78490353
0.850	2.050	0.000	6.76284504
0.950	2.050	0.000	6.73765755
1.050	2.050	0.000	6.71429253
1.150	2.050	0.000	6.69503880
1.250	2.050	0.000	6.68090916
1.350	2.050	0.000	6.67360163
1.450	2.050	0.000	6.67208958
1.550	2.050	0.000	6.67532349
1.650	2.050	0.000	6.68245983
1.750	2.050	0.000	6.69219732
1.850	2.050	0.000	6.70147324
1.950	2.050	0.000	6.71318245
2.050	2.050	0.000	6.72229481
2.150	2.050	0.000	6.74021339
2.250	2.050	0.000	6.74475098
2.350	2.050	0.000	6.75931263
2.450	2.050	0.000	6.76097059
-2.450	2.150	0.000	7.06837654
-2.350	2.150	0.000	7.12607574
-2.250	2.150	0.000	7.16479397
-2.150	2.150	0.000	7.18750191
-2.050	2.150	0.000	7.20186615
-1.950	2.150	0.000	7.20323896
-1.850	2.150	0.000	7.19508171
-1.750	2.150	0.000	7.17256021
-1.650	2.150	0.000	7.13380718
-1.550	2.150	0.000	7.08387232
-1.450	2.150	0.000	7.02704811
-1.350	2.150	0.000	6.96786690
-1.250	2.150	0.000	6.91656685
-1.150	2.150	0.000	6.87150192
-1.050	2.150	0.000	6.83661938
-0.950	2.150	0.000	6.80765915
-0.850	2.150	0.000	6.78263044
-0.750	2.150	0.000	6.76197529
-0.650	2.150	0.000	6.74721766
-0.550	2.150	0.000	6.73965836
-0.450	2.150	0.000	6.73570156
-0.350	2.150	0.000	6.73500538
-0.250	2.150	0.000	6.73626328
-0.150	2.150	0.000	6.73859644
-0.050	2.150	0.000	6.74149370
0.050	2.150	0.000	6.74467850
0.150	2.150	0.000	6.74871922
0.250	2.150	0.000	6.75520515
0.350	2.150	0.000	6.76337910
0.450	2.150	0.000	6.77354860
0.550	2.150	0.000	6.77904129
0.650	2.150	0.000	6.78000641
0.750	2.150	0.000	6.77740812
0.850	2.150	0.000	6.76877165
0.950	2.150	0.000	6.75512552
1.050	2.150	0.000	6.73979235
1.150	2.150	0.000	6.72607517
1.250	2.150	0.000	6.71648884
1.350	2.150	0.000	6.71240854
1.450	2.150	0.000	6.71378326
1.550	2.150	0.000	6.72055817
1.650	2.150	0.000	6.72922230
1.750	2.150	0.000	6.73779869
1.850	2.150	0.000	6.74363041
1.950	2.150	0.000	6.75091124
2.050	2.150	0.000	6.75353527
2.150	2.150	0.000	6.76433277
2.250	2.150	0.000	6.76380777
2.350	2.150	0.000	6.77190208
2.450	2.150	0.000	6.76955509
-2.450	2.250	0.000	7.08144188
-2.350	2.250	0.000	7.14201212
-2.250	2.250	0.000	7.18229151
-2.150	2.250	0.000	7.20366335
-2.050	2.250	0.000	7.21835423
-1.950	2.250	0.000	7.21654224
-1.850	2.250	0.000	7.20643616
-1.750	2.250	0.000	7.18487167
-1.650	2.250	0.000	7.15054893
-1.550	2.250	0.000	7.10603094
-1.450	2.250	0.000	7.05578232
-1.350	2.250	0.000	7.00266457
-1.250	2.250	0.000	6.95602894
-1.150	2.250	0.000	6.91337299
-1.050	2.250	0.000	6.88090801
-0.950	2.250	0.000	6.85414600
-0.850	2.250	0.000	6.83096886
-0.750	2.250	0.000	6.80942440
-0.650	2.250	0.000	6.78919077
-0.550	2.250	0.000	6.77218914
-0.450	2.250	0.000	6.75990772
-0.350	2.250	0.000	6.75214720
-0.250	2.250	0.000	6.74699306
-0.150	2.250	0.000	6.74167442
-0.050	2.250	0.000	6.73519802
0.050	2.250	0.000	6.73191738
0.150	2.250	0.000	6.73240185
0.250	2.250	0.000	6.73542976
0.350	2.250	0.000	6.74040318
0.450	2.250	0.000	6.74818611
0.550	2.250	0.000	6.75633907
0.650	2.250	0.000	6.76527739
0.750	2.250	0.000	6.77021122
0.850	2.250	0.000	6.77034187
0.950	2.250	0.000	6.76404572
1.050	2.250	0.000	6.75520802
1.150	2.250	0.000	6.74698257
1.250	2.250	0.000	6.74085331
1.350	2.250	0.000	6.73903036
1.450	2.250	0.000	6.74348259
1.550	2.250	0.000	6.75334215
1.650	2.250	0.000	6.76365900
1.750	2.250	0.000	6.77155590
1.850	2.250	0.000	6.77527523
1.950	2.250	0.000	6.77884340
2.050	2.250	0.000	6.77880287
2.150	2.250	0.000	6.78583670
2.250	2.250	0.000	6.78248024
2.350	2.250	0.000	6.78825998
2.450	2.250	0.000	6.78201675
-2.450	2.350	0.000	7.08091354
-2.350	2.350	0.000	7.14576054
-2.250	2.350	0.000	7.18846893
-2.150	2.350	0.000	7.20935535
-2.050	2.350	0.000	7.22364616
-1.950	2.350	0.000	7.22148895
-1.850	2.350	0.000	7.20834780
-1.750	2.350	0.000	7.18495560
-1.650	2.350	0.000	7.15253067
-1.550	2.350	0.000	7.11257076
-1.450	2.350	0.000	7.06757164
-1.350	2.350	0.000	7.01998043
-1.250	2.350	0.000	6.98002529
-1.150	2.350	0.000	6.94251966
-1.050	2.350	0.000	6.91508961
-0.950	2.350	0.000	6.89291191
-0.850	2.350	0.000	6.87350368
-0.750	2.350	0.000	6.85454559
-0.650	2.350	0.000	6.83514786
-0.550	2.350	0.000	6.81582260
-0.450	2.350	0.000	6.79659176
-0.350	2.350	0.000	6.77702236
-0.250	2.350	0.000	6.75659275
-0.150	2.350	0.000	6.73616123
-0.050	2.350	0.000	6.71919727
0.050	2.350	0.000	6.70917797
0.150	2.350	0.000	6.70589447
0.250	2.350	0.000	6.70507431
0.350	2.350	0.000	6.70667934
0.450	2.350	0.000	6.71061897
0.550	2.350	0.000	6.71537209
0.650	2.350	0.000	6.72344875
0.750	2.350	0.000	6.73531151
0.850	2.350	0.000	6.74486494
0.950	2.350	0.000	6.75061703
1.050	2.350	0.000	6.75179005
1.150	2.350	0.000	6.74927139
1.250	2.350	0.000	6.74659109
1.350	2.350	0.000	6.74900246
1.450	2.350	0.000	6.75767612
1.550	2.350	0.000	6.77119017
1.650	2.350	0.000	6.78302908
1.750	2.350	0.000	6.79015684
1.850	2.350	0.000	6.79015923
1.950	2.350	0.000	6.78873158
2.050	2.350	0.000	6.78530979
2.150	2.350	0.000	6.78846836
2.250	2.350	0.000	6.78226471
2.350	2.350	0.000	6.78619003
2.450	2.350	0.000	6.77742577
-2.450	2.450	0.000	7.05222225
-2.350	2.450	0.000	7.12045860
-2.250	2.450	0.000	7.16859674
-2.150	2.450	0.000	7.19159508
-2.050	2.450	0.000	7.21066761
-1.950	2.450	0.000	7.20867300
-1.850	2.450	0.000	7.19750071
-1.750	2.450	0.000	7.17600632
-1.650	2.450	0.000	7.14515591
-1.550	2.450	0.000	7.10769844
-1.450	2.450	0.000	7.06615067
-1.350	2.450	0.000	7.02511883
-1.250	2.450	0.000	6.99116898
-1.150	2.450	0.000	6.95991659
-1.050	2.450	0.000	6.93962002
-0.950	2.450	0.000	6.92397833
-0.850	2.450	0.000	6.91225910
-0.750	2.450	0.000	6.90207434
-0.650	2.450	0.000	6.89148140
-0.550	2.450	0.000	6.87897921
-0.450	2.450	0.000	6.86251831
-0.350	2.450	0.000	6.84043789
-0.250	2.450	0.000	6.81202745
-0.150	2.450	0.000	6.78088093
-0.050	2.450	0.000	6.75493622
0.050	2.450	0.000	6.73787117
0.150	2.450	0.000	6.72722244
0.250	2.450	0.000	6.71890354
0.350	2.450	0.000	6.70987415
0.450	2.450	0.000	6.69974422
0.550	2.450	0.000	6.69241095
0.650	2.450	0.000	6.69066000
0.750	2.450	0.000	6.69367552
0.850	2.450	0.000	6.69754410
0.950	2.450	0.000	6.70220280
1.050	2.450	0.000	6.70726728
1.150	2.450	0.000	6.71173382
1.250	2.450	0.000	6.71689987
1.350	2.450	0.000	6.72591782
1.450	2.450	0.000	6.74045610
1.550	2.450	0.000	6.75740004
1.650	2.450	0.000	6.77133656
1.750	2.450	0.000	6.77888203
1.850	2.450	0.000	6.77753258
1.950	2.450	0.000	6.77572346
2.050	2.450	0.000	6.77237606
2.150	2.450	0.000	6.77387810
2.250	2.450	0.000	6.76607418
2.350	2.450	0.000	6.76883650
2.450	2.450	0.000	6.75852680
