-2.450	-2.450	0.000	119.31967163
-2.350	-2.450	0.000	126.39067078
-2.250	-2.450	0.000	143.39370728
-2.150	-2.450	0.000	166.20993042
-2.050	-2.450	0.000	187.18734741
-1.950	-2.450	0.000	196.19583130
-1.850	-2.450	0.000	198.14813232
-1.750	-2.450	0.000	197.16101074
-1.650	-2.450	0.000	195.46865845
-1.550	-2.450	0.000	190.22434998
-1.450	-2.450	0.000	183.89665222
-1.350	-2.450	0.000	175.55313110
-1.250	-2.450	0.000	167.08374023
-1.150	-2.450	0.000	155.57615662
-1.050	-2.450	0.000	143.60450745
-0.950	-2.450	0.000	127.57510376
-0.850	-2.450	0.000	113.25950623
-0.750	-2.450	0.000	103.13668823
-0.650	-2.450	0.000	98.85834503
-0.550	-2.450	0.000	98.03938293
-0.450	-2.450	0.000	99.29624939
-0.350	-2.450	0.000	102.32888031
-0.250	-2.450	0.000	106.19732666
-0.150	-2.450	0.000	110.24462128
-0.050	-2.450	0.000	113.85823059
0.050	-2.450	0.000	117.33509064
0.150	-2.450	0.000	120.25849915
0.250	-2.450	0.000	122.92958069
0.350	-2.450	0.000	124.13040161
0.450	-2.450	0.000	126.02568054
0.550	-2.450	0.000	127.99261475
0.650	-2.450	0.000	128.77041626
0.750	-2.450	0.000	132.73596191
0.850	-2.450	0.000	135.76239014
0.950	-2.450	0.000	139.86442566
1.050	-2.450	0.000	144.06866455
1.150	-2.450	0.000	145.22596741
1.250	-2.450	0.000	143.51507568
1.350	-2.450	0.000	139.97970581
1.450	-2.450	0.000	137.05767822
1.550	-2.450	0.000	134.03433228
1.650	-2.450	0.000	133.23254395
1.750	-2.450	0.000	132.20248413
1.850	-2.450	0.000	133.02197266
1.950	-2.450	0.000	132.60513306
2.050	-2.450	0.000	132.08273315
2.150	-2.450	0.000	130.76113892
2.250	-2.450	0.000	125.14378357
2.350	-2.450	0.000	121.96231842
2.450	-2.450	0.000	106.00119781
-2.450	-2.350	0.000	118.99329376
-2.350	-2.350	0.000	127.80587769
-2.250	-2.350	0.000	145.84861755
-2.150	-2.350	0.000	168.18530273
-2.050	-2.350	0.000	186.94729614
-1.950	-2.350	0.000	193.97503662
-1.850	-2.350	0.000	195.64672852
-1.750	-2.350	0.000	194.63040161
-1.650	-2.350	0.000	192.77569580
-1.550	-2.350	0.000	187.14659119
-1.450	-2.350	0.000	181.48405457
-1.350	-2.350	0.000	174.42741394
-1.250	-2.350	0.000	166.65922546
-1.150	-2.350	0.000	155.54632568
-1.050	-2.350	0.000	143.05612183
-0.950	-2.350	0.000	126.30621338
-0.850	-2.350	0.000	110.96411896
-0.750	-2.350	0.000	100.05317688
-0.650	-2.350	0.000	95.45675659
-0.550	-2.350	0.000	94.46206665
-0.450	-2.350	0.000	95.73859406
-0.350	-2.350	0.000	98.55007935
-0.250	-2.350	0.000	102.20636749
-0.150	-2.350	0.000	106.35598755
-0.050	-2.350	0.000	109.86793518
0.050	-2.350	0.000	113.32551575
0.150	-2.350	0.000	116.13703918
0.250	-2.350	0.000	119.15446472
0.350	-2.350	0.000	120.85438538
0.450	-2.350	0.000	122.69598389
0.550	-2.350	0.000	125.21800232
0.650	-2.350	0.000	126.46621704
0.750	-2.350	0.000	131.84429932
0.850	-2.350	0.000	137.53396606
0.950	-2.350	0.000	143.71801758
1.050	-2.350	0.000	150.65209961
1.150	-2.350	0.000	155.44082642
1.250	-2.350	0.000	157.98016357
1.350	-2.350	0.000	158.14389038
1.450	-2.350	0.000	157.35180664
1.550	-2.350	0.000	155.17114258
1.650	-2.350	0.000	154.71615601
1.750	-2.350	0.000	153.45611572
1.850	-2.350	0.000	154.08187866
1.950	-2.350	0.000	153.10092163
2.050	-2.350	0.000	151.69567871
2.150	-2.350	0.000	149.38027954
2.250	-2.350	0.000	142.05801392
2.350	-2.350	0.000	137.84234619
2.450	-2.350	0.000	118.02917480
-2.450	-2.250	0.000	118.94046021
-2.350	-2.250	0.000	128.24945068
-2.250	-2.250	0.000	146.47857666
-2.150	-2.250	0.000	167.97212219
-2.050	-2.250	0.000	185.09555054
-1.950	-2.250	0.000	191.03726196
-1.850	-2.250	0.000	193.36099243
-1.750	-2.250	0.000	192.97589111
-1.650	-2.250	0.000	191.69787598
-1.550	-2.250	0.000	186.98907471
-1.450	-2.250	0.000	182.10400391
-1.350	-2.250	0.000	175.32369995
-1.250	-2.250	0.000	168.03338623
-1.150	-2.250	0.000	157.55181885
-1.050	-2.250	0.000	145.50604248
-0.950	-2.250	0.000	128.34954834
-0.850	-2.250	0.000	112.59961700
-0.750	-2.250	0.000	101.22767639
-0.650	-2.250	0.000	96.38051605
-0.550	-2.250	0.000	95.18994141
-0.450	-2.250	0.000	96.41000366
-0.350	-2.250	0.000	99.31893921
-0.250	-2.250	0.000	102.83979034
-0.150	-2.250	0.000	106.91260529
-0.050	-2.250	0.000	110.46463013
0.050	-2.250	0.000	113.98583984
0.150	-2.250	0.000	116.61517334
0.250	-2.250	0.000	119.55120850
0.350	-2.250	0.000	121.43599701
0.450	-2.250	0.000	123.01931763
0.550	-2.250	0.000	125.51417542
0.650	-2.250	0.000	126.75888062
0.750	-2.250	0.000	131.69824219
0.850	-2.250	0.000	136.98966980
0.950	-2.250	0.000	143.53491211
1.050	-2.250	0.000	151.12866211
1.150	-2.250	0.000	156.35464478
1.250	-2.250	0.000	158.80902100
1.350	-2.250	0.000	158.74066162
1.450	-2.250	0.000	158.36529541
1.550	-2.250	0.000	156.98748779
1.650	-2.250	0.000	157.24482727
1.750	-2.250	0.000	156.47560120
1.850	-2.250	0.000	157.14938354
1.950	-2.250	0.000	156.30853271
2.050	-2.250	0.000	154.80607605
2.150	-2.250	0.000	152.80996704
2.250	-2.250	0.000	145.95748901
2.350	-2.250	0.000	142.41125488
2.450	-2.250	0.000	121.24974060
-2.450	-2.150	0.000	119.04138184
-2.350	-2.150	0.000	129.66036987
-2.250	-2.150	0.000	148.79003906
-2.150	-2.150	0.000	170.22479248
-2.050	-2.150	0.000	185.92163086
-1.950	-2.150	0.000	190.58819580
-1.850	-2.150	0.000	192.63887024
-1.750	-2.150	0.000	192.13407898
-1.650	-2.150	0.000	191.17877197
-1.550	-2.150	0.000	186.28518677
-1.450	-2.150	0.000	181.63973999
-1.350	-2.150	0.000	175.30422974
-1.250	-2.150	0.000	168.37832642
-1.150	-2.150	0.000	158.25463867
-1.050	-2.150	0.000	145.85809326
-0.950	-2.150	0.000	128.08886719
-0.850	-2.150	0.000	111.38058472
-0.750	-2.150	0.000	99.35777283
-0.650	-2.150	0.000	94.26252747
-0.550	-2.150	0.000	92.93901062
-0.450	-2.150	0.000	94.16529846
-0.350	-2.150	0.000	96.77708435
-0.250	-2.150	0.000	100.18881989
-0.150	-2.150	0.000	103.98344421
-0.050	-2.150	0.000	107.50621033
0.050	-2.150	0.000	111.01486969
0.150	-2.150	0.000	113.58941650
0.250	-2.150	0.000	116.74964142
0.350	-2.150	0.000	119.17895508
0.450	-2.150	0.000	121.23578644
0.550	-2.150	0.000	124.36195374
0.650	-2.150	0.000	127.03752136
0.750	-2.150	0.000	132.31895447
0.850	-2.150	0.000	139.39556885
0.950	-2.150	0.000	147.27931213
1.050	-2.150	0.000	156.59898376
1.150	-2.150	0.000	164.22821045
1.250	-2.150	0.000	168.69772339
1.350	-2.150	0.000	169.00646973
1.450	-2.150	0.000	168.23626709
1.550	-2.150	0.000	165.90603638
1.650	-2.150	0.000	165.38452148
1.750	-2.150	0.000	163.98406982
1.850	-2.150	0.000	164.21859741
1.950	-2.150	0.000	163.07394409
2.050	-2.150	0.000	161.12310791
2.150	-2.150	0.000	159.30993652
2.250	-2.150	0.000	152.54040527
2.350	-2.150	0.000	149.46426392
2.450	-2.150	0.000	126.96633911
-2.450	-2.050	0.000	118.13806152
-2.350	-2.050	0.000	129.11865234
-2.250	-2.050	0.000	148.26702881
-2.150	-2.050	0.000	169.16130066
-2.050	-2.050	0.000	183.64459229
-1.950	-2.050	0.000	187.35273743
-1.850	-2.050	0.000	189.29927063
-1.750	-2.050	0.000	189.09268188
-1.650	-2.050	0.000	188.74163818
-1.550	-2.050	0.000	184.88182068
-1.450	-2.050	0.000	181.67897034
-1.350	-2.050	0.000	176.33944702
-1.250	-2.050	0.000	170.02821350
-1.150	-2.050	0.000	160.65974426
-1.050	-2.050	0.000	149.35000610
-0.950	-2.050	0.000	131.41683960
-0.850	-2.050	0.000	114.26374817
-0.750	-2.050	0.000	101.65043640
-0.650	-2.050	0.000	96.14221954
-0.550	-2.050	0.000	94.61923981
-0.450	-2.050	0.000	95.68051910
-0.350	-2.050	0.000	98.24916077
-0.250	-2.050	0.000	101.63449097
-0.150	-2.050	0.000	105.29999542
-0.050	-2.050	0.000	108.83298492
0.050	-2.050	0.000	112.39911652
0.150	-2.050	0.000	114.91824341
0.250	-2.050	0.000	117.81263733
0.350	-2.050	0.000	120.27899170
0.450	-2.050	0.000	122.14889526
0.550	-2.050	0.000	125.19869995
0.650	-2.050	0.000	127.50881958
0.750	-2.050	0.000	133.10354614
0.850	-2.050	0.000	140.00115967
0.950	-2.050	0.000	148.40586853
1.050	-2.050	0.000	158.14251709
1.150	-2.050	0.000	165.83154297
1.250	-2.050	0.000	170.12339783
1.350	-2.050	0.000	170.22409058
1.450	-2.050	0.000	169.51293945
1.550	-2.050	0.000	167.22827148
1.650	-2.050	0.000	166.36105347
1.750	-2.050	0.000	164.75238037
1.850	-2.050	0.000	164.71499634
1.950	-2.050	0.000	163.36656189
2.050	-2.050	0.000	161.15432739
2.150	-2.050	0.000	159.46173096
2.250	-2.050	0.000	152.95953369
2.350	-2.050	0.000	150.46714783
2.450	-2.050	0.000	128.62133789
-2.450	-1.950	0.000	118.52690887
-2.350	-1.950	0.000	130.36093140
-2.250	-1.950	0.000	150.22729492
-2.150	-1.950	0.000	171.41406250
-2.050	-1.950	0.000	185.50650024
-1.950	-1.950	0.000	188.80575562
-1.850	-1.950	0.000	190.57615662
-1.750	-1.950	0.000	190.25643921
-1.650	-1.950	0.000	190.14399719
-1.550	-1.950	0.000	186.32287598
-1.450	-1.950	0.000	183.28192139
-1.350	-1.950	0.000	178.14955139
-1.250	-1.950	0.000	171.91781616
-1.150	-1.950	0.000	162.33343506
-1.050	-1.950	0.000	150.26263428
-0.950	-1.950	0.000	131.64489746
-0.850	-1.950	0.000	113.90284729
-0.750	-1.950	0.000	101.19047546
-0.650	-1.950	0.000	95.56539917
-0.550	-1.950	0.000	93.95558167
-0.450	-1.950	0.000	94.94627380
-0.350	-1.950	0.000	97.38180542
-0.250	-1.950	0.000	100.78442383
-0.150	-1.950	0.000	104.25359344
-0.050	-1.950	0.000	107.93357849
0.050	-1.950	0.000	111.57847595
0.150	-1.950	0.000	114.29338074
0.250	-1.950	0.000	117.39382935
0.350	-1.950	0.000	120.17981720
0.450	-1.950	0.000	122.56446838
0.550	-1.950	0.000	126.39367676
0.650	-1.950	0.000	129.71728516
0.750	-1.950	0.000	135.66320801
0.850	-1.950	0.000	144.42442322
0.950	-1.950	0.000	154.28244019
1.050	-1.950	0.000	165.60018921
1.150	-1.950	0.000	174.13050842
1.250	-1.950	0.000	177.83782959
1.350	-1.950	0.000	176.83938599
1.450	-1.950	0.000	175.32550049
1.550	-1.950	0.000	172.41494751
1.650	-1.950	0.000	170.92199707
1.750	-1.950	0.000	168.78327942
1.850	-1.950	0.000	168.10316467
1.950	-1.950	0.000	166.29598999
2.050	-1.950	0.000	163.46163940
2.150	-1.950	0.000	161.64538574
2.250	-1.950	0.000	154.60192871
2.350	-1.950	0.000	152.05592346
2.450	-1.950	0.000	130.48593140
-2.450	-1.850	0.000	117.53559875
-2.350	-1.850	0.000	129.57275391
-2.250	-1.850	0.000	149.37084961
-2.150	-1.850	0.000	170.00915527
-2.050	-1.850	0.000	183.38703918
-1.950	-1.850	0.000	186.42626953
-1.850	-1.850	0.000	188.09637451
-1.750	-1.850	0.000	187.76374817
-1.650	-1.850	0.000	187.76217651
-1.550	-1.850	0.000	184.50003052
-1.450	-1.850	0.000	181.60046387
-1.350	-1.850	0.000	176.77833557
-1.250	-1.850	0.000	171.14682007
-1.150	-1.850	0.000	161.95927429
-1.050	-1.850	0.000	149.87045288
-0.950	-1.850	0.000	131.04138184
-0.850	-1.850	0.000	113.40890503
-0.750	-1.850	0.000	100.95401001
-0.650	-1.850	0.000	95.33522034
-0.550	-1.850	0.000	93.85282135
-0.450	-1.850	0.000	94.89320374
-0.350	-1.850	0.000	97.44168091
-0.250	-1.850	0.000	101.03866577
-0.150	-1.850	0.000	104.67198181
-0.050	-1.850	0.000	108.59290314
0.050	-1.850	0.000	112.42033386
0.150	-1.850	0.000	115.38513184
0.250	-1.850	0.000	118.51728821
0.350	-1.850	0.000	121.41571045
0.450	-1.850	0.000	123.82135010
0.550	-1.850	0.000	127.71138000
0.650	-1.850	0.000	131.26107788
0.750	-1.850	0.000	137.66635132
0.850	-1.850	0.000	146.23628235
0.950	-1.850	0.000	156.46746826
1.050	-1.850	0.000	167.82664490
1.150	-1.850	0.000	176.33847046
1.250	-1.850	0.000	180.24296570
1.350	-1.850	0.000	179.33110046
1.450	-1.850	0.000	177.64561462
1.550	-1.850	0.000	174.28903198
1.650	-1.850	0.000	172.47984314
1.750	-1.850	0.000	170.14155579
1.850	-1.850	0.000	168.97128296
1.950	-1.850	0.000	166.86596680
2.050	-1.850	0.000	163.50451660
2.150	-1.850	0.000	161.28593445
2.250	-1.850	0.000	153.68109131
2.350	-1.850	0.000	150.89227295
2.450	-1.850	0.000	129.88816833
-2.450	-1.750	0.000	117.04026794
-2.350	-1.750	0.000	129.18051147
-2.250	-1.750	0.000	149.29864502
-2.150	-1.750	0.000	170.49981689
-2.050	-1.750	0.000	184.44329834
-1.950	-1.750	0.000	187.85534668
-1.850	-1.750	0.000	189.54708862
-1.750	-1.750	0.000	189.41482544
-1.650	-1.750	0.000	189.52215576
-1.550	-1.750	0.000	186.10754395
-1.450	-1.750	0.000	183.07415771
-1.350	-1.750	0.000	178.02883911
-1.250	-1.750	0.000	171.79968262
-1.150	-1.750	0.000	161.91935730
-1.050	-1.750	0.000	148.51214600
-0.950	-1.750	0.000	129.12800598
-0.850	-1.750	0.000	111.81089020
-0.750	-1.750	0.000	100.02508545
-0.650	-1.750	0.000	94.56779480
-0.550	-1.750	0.000	93.27130127
-0.450	-1.750	0.000	94.21138000
-0.350	-1.750	0.000	96.61995697
-0.250	-1.750	0.000	100.18777466
-0.150	-1.750	0.000	103.84647369
-0.050	-1.750	0.000	107.77169800
0.050	-1.750	0.000	111.83984375
0.150	-1.750	0.000	115.05020142
0.250	-1.750	0.000	118.58572388
0.350	-1.750	0.000	121.91995239
0.450	-1.750	0.000	124.71043396
0.550	-1.750	0.000	129.05233765
0.650	-1.750	0.000	132.88009644
0.750	-1.750	0.000	140.01565552
0.850	-1.750	0.000	149.29986572
0.950	-1.750	0.000	159.97836304
1.050	-1.750	0.000	171.61114502
1.150	-1.750	0.000	179.86279297
1.250	-1.750	0.000	183.03079224
1.350	-1.750	0.000	181.05073547
1.450	-1.750	0.000	178.28338623
1.550	-1.750	0.000	174.19943237
1.650	-1.750	0.000	171.65277100
1.750	-1.750	0.000	168.68859863
1.850	-1.750	0.000	166.76931763
1.950	-1.750	0.000	164.25765991
2.050	-1.750	0.000	160.23461914
2.150	-1.750	0.000	157.53857422
2.250	-1.750	0.000	149.48721313
2.350	-1.750	0.000	146.50563049
2.450	-1.750	0.000	126.85830688
-2.450	-1.650	0.000	114.87915802
-2.350	-1.650	0.000	126.44692993
-2.250	-1.650	0.000	145.99371338
-2.150	-1.650	0.000	166.91961670
-2.050	-1.650	0.000	181.08700562
-1.950	-1.650	0.000	184.78717041
-1.850	-1.650	0.000	186.61105347
-1.750	-1.650	0.000	186.70079041
-1.650	-1.650	0.000	186.72496033
-1.550	-1.650	0.000	183.40869141
-1.450	-1.650	0.000	180.29188538
-1.350	-1.650	0.000	175.39724731
-1.250	-1.650	0.000	168.68246460
-1.150	-1.650	0.000	158.34674072
-1.050	-1.650	0.000	143.99237061
-0.950	-1.650	0.000	125.30609131
-0.850	-1.650	0.000	109.01519775
-0.750	-1.650	0.000	98.22212982
-0.650	-1.650	0.000	93.00674438
-0.550	-1.650	0.000	91.87663269
-0.450	-1.650	0.000	92.77365875
-0.350	-1.650	0.000	95.09986115
-0.250	-1.650	0.000	98.67436218
-0.150	-1.650	0.000	102.56248474
-0.050	-1.650	0.000	106.89016724
0.050	-1.650	0.000	111.46048737
0.150	-1.650	0.000	115.14717865
0.250	-1.650	0.000	119.06912231
0.350	-1.650	0.000	122.70995331
0.450	-1.650	0.000	125.85578918
0.550	-1.650	0.000	130.47149658
0.650	-1.650	0.000	134.62117004
0.750	-1.650	0.000	141.67156982
0.850	-1.650	0.000	150.66896057
0.950	-1.650	0.000	160.93072510
1.050	-1.650	0.000	172.19229126
1.150	-1.650	0.000	180.53094482
1.250	-1.650	0.000	184.04789734
1.350	-1.650	0.000	182.40417480
1.450	-1.650	0.000	179.69546509
1.550	-1.650	0.000	175.11831665
1.650	-1.650	0.000	171.89459229
1.750	-1.650	0.000	168.49053955
1.850	-1.650	0.000	165.83343506
1.950	-1.650	0.000	162.68261719
2.050	-1.650	0.000	157.96463013
2.150	-1.650	0.000	154.56369019
2.250	-1.650	0.000	146.03524780
2.350	-1.650	0.000	142.62956238
2.450	-1.650	0.000	124.07286072
-2.450	-1.550	0.000	112.98323822
-2.350	-1.550	0.000	123.48225403
-2.250	-1.550	0.000	142.11943054
-2.150	-1.550	0.000	162.98332214
-2.050	-1.550	0.000	178.53063965
-1.950	-1.550	0.000	183.85380554
-1.850	-1.550	0.000	186.18801880
-1.750	-1.550	0.000	186.32913208
-1.650	-1.550	0.000	186.39031982
-1.550	-1.550	0.000	183.13284302
-1.450	-1.550	0.000	179.35516357
-1.350	-1.550	0.000	173.58927917
-1.250	-1.550	0.000	165.20971680
-1.150	-1.550	0.000	153.67729187
-1.050	-1.550	0.000	137.84835815
-0.950	-1.550	0.000	120.10018158
-0.850	-1.550	0.000	105.63618469
-0.750	-1.550	0.000	96.46318817
-0.650	-1.550	0.000	91.81311035
-0.550	-1.550	0.000	91.15507507
-0.450	-1.550	0.000	92.23197174
-0.350	-1.550	0.000	94.85790253
-0.250	-1.550	0.000	98.52593231
-0.150	-1.550	0.000	102.29843140
-0.050	-1.550	0.000	106.36657715
0.050	-1.550	0.000	110.96269226
0.150	-1.550	0.000	114.79843903
0.250	-1.550	0.000	119.15687561
0.350	-1.550	0.000	123.21827698
0.450	-1.550	0.000	126.81724548
0.550	-1.550	0.000	131.78579712
0.650	-1.550	0.000	136.04519653
0.750	-1.550	0.000	143.28222656
0.850	-1.550	0.000	152.11215210
0.950	-1.550	0.000	162.15579224
1.050	-1.550	0.000	172.87374878
1.150	-1.550	0.000	180.32984924
1.250	-1.550	0.000	183.30661011
1.350	-1.550	0.000	181.20266724
1.450	-1.550	0.000	177.95541382
1.550	-1.550	0.000	173.26181030
1.650	-1.550	0.000	170.01431274
1.750	-1.550	0.000	166.37837219
1.850	-1.550	0.000	163.16496277
1.950	-1.550	0.000	159.50610352
2.050	-1.550	0.000	154.12768555
2.150	-1.550	0.000	149.86825562
2.250	-1.550	0.000	140.87908936
2.350	-1.550	0.000	136.99957275
2.450	-1.550	0.000	119.40461731
-2.450	-1.450	0.000	110.73809814
-2.350	-1.450	0.000	120.30055237
-2.250	-1.450	0.000	137.45263672
-2.150	-1.450	0.000	157.22140503
-2.050	-1.450	0.000	172.85754395
-1.950	-1.450	0.000	178.96987915
-1.850	-1.450	0.000	181.78826904
-1.750	-1.450	0.000	182.05383301
-1.650	-1.450	0.000	181.76165771
-1.550	-1.450	0.000	178.43148804
-1.450	-1.450	0.000	174.60125732
-1.350	-1.450	0.000	169.22665405
-1.250	-1.450	0.000	160.72982788
-1.150	-1.450	0.000	149.42404175
-1.050	-1.450	0.000	134.00730896
-0.950	-1.450	0.000	117.37854004
-0.850	-1.450	0.000	104.04878998
-0.750	-1.450	0.000	95.59173584
-0.650	-1.450	0.000	91.09014130
-0.550	-1.450	0.000	90.58304596
-0.450	-1.450	0.000	91.45432281
-0.350	-1.450	0.000	93.74092865
-0.250	-1.450	0.000	97.10350800
-0.150	-1.450	0.000	100.82725525
-0.050	-1.450	0.000	104.90702820
0.050	-1.450	0.000	109.57189941
0.150	-1.450	0.000	113.37863159
0.250	-1.450	0.000	117.76288605
0.350	-1.450	0.000	121.91032410
0.450	-1.450	0.000	125.82827759
0.550	-1.450	0.000	131.15557861
0.650	-1.450	0.000	135.92691040
0.750	-1.450	0.000	143.14175415
0.850	-1.450	0.000	151.96017456
0.950	-1.450	0.000	161.40885925
1.050	-1.450	0.000	171.69293213
1.150	-1.450	0.000	179.64328003
1.250	-1.450	0.000	183.09268188
1.350	-1.450	0.000	181.64022827
1.450	-1.450	0.000	178.69346619
1.550	-1.450	0.000	174.02703857
1.650	-1.450	0.000	170.65121460
1.750	-1.450	0.000	166.83457947
1.850	-1.450	0.000	163.18505859
1.950	-1.450	0.000	159.14981079
2.050	-1.450	0.000	153.06787109
2.150	-1.450	0.000	147.71322632
2.250	-1.450	0.000	138.07019043
2.350	-1.450	0.000	133.43370056
2.450	-1.450	0.000	116.94100952
-2.450	-1.350	0.000	111.20626068
-2.350	-1.350	0.000	119.30966187
-2.250	-1.350	0.000	134.78381348
-2.150	-1.350	0.000	153.43325806
-2.050	-1.350	0.000	169.32855225
-1.950	-1.350	0.000	176.60755920
-1.850	-1.350	0.000	180.21542358
-1.750	-1.350	0.000	180.90505981
-1.650	-1.350	0.000	180.57827759
-1.550	-1.350	0.000	178.21743774
-1.450	-1.350	0.000	174.20181274
-1.350	-1.350	0.000	168.20352173
-1.250	-1.350	0.000	159.18418884
-1.150	-1.350	0.000	147.49273682
-1.050	-1.350	0.000	132.35494995
-0.950	-1.350	0.000	116.81996155
-0.850	-1.350	0.000	104.83001709
-0.750	-1.350	0.000	97.46137238
-0.650	-1.350	0.000	93.42518616
-0.550	-1.350	0.000	93.26147461
-0.450	-1.350	0.000	94.27038574
-0.350	-1.350	0.000	96.55915833
-0.250	-1.350	0.000	99.79867554
-0.150	-1.350	0.000	103.17211914
-0.050	-1.350	0.000	106.78012085
0.050	-1.350	0.000	111.03276062
0.150	-1.350	0.000	114.38681030
0.250	-1.350	0.000	118.55909729
0.350	-1.350	0.000	122.38774109
0.450	-1.350	0.000	126.22253418
0.550	-1.350	0.000	131.31838989
0.650	-1.350	0.000	135.76231384
0.750	-1.350	0.000	142.71133423
0.850	-1.350	0.000	150.34963989
0.950	-1.350	0.000	158.67933655
1.050	-1.350	0.000	168.05072021
1.150	-1.350	0.000	175.65563965
1.250	-1.350	0.000	179.62066650
1.350	-1.350	0.000	178.95205688
1.450	-1.350	0.000	176.45150757
1.550	-1.350	0.000	172.08090210
1.650	-1.350	0.000	168.63330078
1.750	-1.350	0.000	164.95175171
1.850	-1.350	0.000	161.18888855
1.950	-1.350	0.000	156.75405884
2.050	-1.350	0.000	150.09643555
2.150	-1.350	0.000	143.28219604
2.250	-1.350	0.000	133.09481812
2.350	-1.350	0.000	127.84881592
2.450	-1.350	0.000	112.89147186
-2.450	-1.250	0.000	110.67736816
-2.350	-1.250	0.000	117.83010864
-2.250	-1.250	0.000	131.82675171
-2.150	-1.250	0.000	149.18865967
-2.050	-1.250	0.000	165.01881409
-1.950	-1.250	0.000	173.30630493
-1.850	-1.250	0.000	177.46867371
-1.750	-1.250	0.000	177.96728516
-1.650	-1.250	0.000	177.15368652
-1.550	-1.250	0.000	174.44648743
-1.450	-1.250	0.000	170.07475281
-1.350	-1.250	0.000	163.72756958
-1.250	-1.250	0.000	155.17471313
-1.150	-1.250	0.000	143.22814941
-1.050	-1.250	0.000	128.83715820
-0.950	-1.250	0.000	114.49595642
-0.850	-1.250	0.000	103.62788391
-0.750	-1.250	0.000	96.94512939
-0.650	-1.250	0.000	93.21244049
-0.550	-1.250	0.000	92.95463562
-0.450	-1.250	0.000	93.70762634
-0.350	-1.250	0.000	95.86344910
-0.250	-1.250	0.000	98.70600891
-0.150	-1.250	0.000	101.87631226
-0.050	-1.250	0.000	105.11787415
0.050	-1.250	0.000	109.18406677
0.150	-1.250	0.000	112.42907715
0.250	-1.250	0.000	116.56753540
0.350	-1.250	0.000	120.34134674
0.450	-1.250	0.000	124.17361450
0.550	-1.250	0.000	128.83351135
0.650	-1.250	0.000	132.90853882
0.750	-1.250	0.000	139.05480957
0.850	-1.250	0.000	146.27043152
0.950	-1.250	0.000	153.56396484
1.050	-1.250	0.000	161.99186707
1.150	-1.250	0.000	169.32580566
1.250	-1.250	0.000	174.27316284
1.350	-1.250	0.000	175.21572876
1.450	-1.250	0.000	173.73693848
1.550	-1.250	0.000	170.20446777
1.650	-1.250	0.000	167.13208008
1.750	-1.250	0.000	163.46525574
1.850	-1.250	0.000	159.38919067
1.950	-1.250	0.000	154.17439270
2.050	-1.250	0.000	146.77563477
2.150	-1.250	0.000	138.92532349
2.250	-1.250	0.000	128.61215210
2.350	-1.250	0.000	122.71064758
2.450	-1.250	0.000	109.26022339
-2.450	-1.150	0.000	114.42543030
-2.350	-1.150	0.000	120.36283112
-2.250	-1.150	0.000	132.91546631
-2.150	-1.150	0.000	148.83065796
-2.050	-1.150	0.000	164.01490784
-1.950	-1.150	0.000	172.53906250
-1.850	-1.150	0.000	177.17828369
-1.750	-1.150	0.000	178.17483521
-1.650	-1.150	0.000	177.59362793
-1.550	-1.150	0.000	175.37631226
-1.450	-1.150	0.000	171.37718201
-1.350	-1.150	0.000	164.78787231
-1.250	-1.150	0.000	156.33224487
-1.150	-1.150	0.000	144.20663452
-1.050	-1.150	0.000	130.07377625
-0.950	-1.150	0.000	116.33616638
-0.850	-1.150	0.000	106.11572266
-0.750	-1.150	0.000	100.13182068
-0.650	-1.150	0.000	96.78856659
-0.550	-1.150	0.000	96.90373230
-0.450	-1.150	0.000	97.73130798
-0.350	-1.150	0.000	99.67520142
-0.250	-1.150	0.000	102.21386719
-0.150	-1.150	0.000	104.98475647
-0.050	-1.150	0.000	107.67237854
0.050	-1.150	0.000	111.08238220
0.150	-1.150	0.000	113.60208893
0.250	-1.150	0.000	116.95619202
0.350	-1.150	0.000	119.75093842
0.450	-1.150	0.000	122.89059448
0.550	-1.150	0.000	126.78388977
0.650	-1.150	0.000	130.10449219
0.750	-1.150	0.000	135.16131592
0.850	-1.150	0.000	140.46771240
0.950	-1.150	0.000	146.08444214
1.050	-1.150	0.000	152.88845825
1.150	-1.150	0.000	159.54000854
1.250	-1.150	0.000	164.58715820
1.350	-1.150	0.000	166.10818481
1.450	-1.150	0.000	165.59896851
1.550	-1.150	0.000	163.22636414
1.650	-1.150	0.000	160.90354919
1.750	-1.150	0.000	158.21008301
1.850	-1.150	0.000	155.14682007
1.950	-1.150	0.000	149.76119995
2.050	-1.150	0.000	141.90139771
2.150	-1.150	0.000	132.62863159
2.250	-1.150	0.000	122.32896423
2.350	-1.150	0.000	116.48233032
2.450	-1.150	0.000	105.52154541
-2.450	-1.050	0.000	116.89839172
-2.350	-1.050	0.000	121.82826233
-2.250	-1.050	0.000	133.21749878
-2.150	-1.050	0.000	147.98771667
-2.050	-1.050	0.000	163.03114319
-1.950	-1.050	0.000	172.72962952
-1.850	-1.050	0.000	178.24369812
-1.750	-1.050	0.000	179.35420227
-1.650	-1.050	0.000	178.68197632
-1.550	-1.050	0.000	176.12727356
-1.450	-1.050	0.000	171.44177246
-1.350	-1.050	0.000	163.99714661
-1.250	-1.050	0.000	155.15539551
-1.150	-1.050	0.000	143.09681702
-1.050	-1.050	0.000	129.17713928
-0.950	-1.050	0.000	115.95323944
-0.850	-1.050	0.000	106.24761963
-0.750	-1.050	0.000	100.70713806
-0.650	-1.050	0.000	97.52670288
-0.550	-1.050	0.000	97.58633423
-0.450	-1.050	0.000	98.33018494
-0.350	-1.050	0.000	100.23210144
-0.250	-1.050	0.000	102.47129059
-0.150	-1.050	0.000	104.91972351
-0.050	-1.050	0.000	107.03410339
0.050	-1.050	0.000	109.95274353
0.150	-1.050	0.000	111.94325256
0.250	-1.050	0.000	114.76453400
0.350	-1.050	0.000	117.13884735
0.450	-1.050	0.000	119.97276306
0.550	-1.050	0.000	123.20765686
0.650	-1.050	0.000	126.03022766
0.750	-1.050	0.000	130.75369263
0.850	-1.050	0.000	134.73571777
0.950	-1.050	0.000	138.91647339
1.050	-1.050	0.000	143.57122803
1.150	-1.050	0.000	147.83828735
1.250	-1.050	0.000	151.70629883
1.350	-1.050	0.000	154.65287781
1.450	-1.050	0.000	156.02999878
1.550	-1.050	0.000	155.31323242
1.650	-1.050	0.000	153.89999390
1.750	-1.050	0.000	151.43272400
1.850	-1.050	0.000	148.66799927
1.950	-1.050	0.000	143.69195557
2.050	-1.050	0.000	136.95071411
2.150	-1.050	0.000	127.86227417
2.250	-1.050	0.000	118.43637085
2.350	-1.050	0.000	112.36276245
2.450	-1.050	0.000	103.47476196
-2.450	-0.950	0.000	122.61354065
-2.350	-0.950	0.000	126.57568359
-2.250	-0.950	0.000	137.04707336
-2.150	-0.950	0.000	151.17065430
-2.050	-0.950	0.000	166.11103821
-1.950	-0.950	0.000	175.78878784
-1.850	-0.950	0.000	181.65725708
-1.750	-0.950	0.000	183.22973633
-1.650	-0.950	0.000	182.81800842
-1.550	-0.950	0.000	179.93908691
-1.450	-0.950	0.000	175.36273193
-1.350	-0.950	0.000	168.25590515
-1.250	-0.950	0.000	158.86111450
-1.150	-0.950	0.000	145.80419922
-1.050	-0.950	0.000	131.53291321
-0.950	-0.950	0.000	118.67289734
-0.850	-0.950	0.000	109.27432251
-0.750	-0.950	0.000	104.10390472
-0.650	-0.950	0.000	101.11451721
-0.550	-0.950	0.000	101.05123901
-0.450	-0.950	0.000	101.58679199
-0.350	-0.950	0.000	103.10443115
-0.250	-0.950	0.000	104.78984833
-0.150	-0.950	0.000	106.78393555
-0.050	-0.950	0.000	108.36660004
0.050	-0.950	0.000	110.64929199
0.150	-0.950	0.000	112.00559998
0.250	-0.950	0.000	114.18275452
0.350	-0.950	0.000	115.77850342
0.450	-0.950	0.000	118.01029968
0.550	-0.950	0.000	120.37098694
0.650	-0.950	0.000	122.40016174
0.750	-0.950	0.000	126.14323425
0.850	-0.950	0.000	129.10076904
0.950	-0.950	0.000	132.15570068
1.050	-0.950	0.000	135.38792419
1.150	-0.950	0.000	138.78512573
1.250	-0.950	0.000	141.65737915
1.350	-0.950	0.000	143.87731934
1.450	-0.950	0.000	145.00955200
1.550	-0.950	0.000	145.13774109
1.650	-0.950	0.000	144.85432434
1.750	-0.950	0.000	143.39366150
1.850	-0.950	0.000	141.61633301
1.950	-0.950	0.000	136.98791504
2.050	-0.950	0.000	131.05264282
2.150	-0.950	0.000	122.39175415
2.250	-0.950	0.000	114.73975372
2.350	-0.950	0.000	109.23624420
2.450	-0.950	0.000	102.86128235
-2.450	-0.850	0.000	127.00674438
-2.350	-0.850	0.000	130.28675842
-2.250	-0.850	0.000	140.33212280
-2.150	-0.850	0.000	154.04821777
-2.050	-0.850	0.000	168.81756592
-1.950	-0.850	0.000	179.65258789
-1.850	-0.850	0.000	186.94546509
-1.750	-0.850	0.000	189.26832581
-1.650	-0.850	0.000	189.55261230
-1.550	-0.850	0.000	187.33728027
-1.450	-0.850	0.000	182.72720337
-1.350	-0.850	0.000	173.88833618
-1.250	-0.850	0.000	162.28018188
-1.150	-0.850	0.000	148.28494263
-1.050	-0.850	0.000	133.33947754
-0.950	-0.850	0.000	119.85116577
-0.850	-0.850	0.000	110.28914642
-0.750	-0.850	0.000	105.25837708
-0.650	-0.850	0.000	102.27114868
-0.550	-0.850	0.000	102.11780548
-0.450	-0.850	0.000	102.50549316
-0.350	-0.850	0.000	103.82742310
-0.250	-0.850	0.000	105.15217590
-0.150	-0.850	0.000	106.84904480
-0.050	-0.850	0.000	107.94659424
0.050	-0.850	0.000	109.75762177
0.150	-0.850	0.000	110.70916748
0.250	-0.850	0.000	112.37683105
0.350	-0.850	0.000	113.52014923
0.450	-0.850	0.000	115.48196411
0.550	-0.850	0.000	117.27932739
0.650	-0.850	0.000	119.41648865
0.750	-0.850	0.000	122.26182556
0.850	-0.850	0.000	124.08856201
0.950	-0.850	0.000	126.10610962
1.050	-0.850	0.000	128.23748779
1.150	-0.850	0.000	130.57388306
1.250	-0.850	0.000	132.86259460
1.350	-0.850	0.000	134.66415405
1.450	-0.850	0.000	136.01235962
1.550	-0.850	0.000	136.78671265
1.650	-0.850	0.000	137.93032837
1.750	-0.850	0.000	137.83444214
1.850	-0.850	0.000	137.80953979
1.950	-0.850	0.000	134.08493042
2.050	-0.850	0.000	129.67056274
2.150	-0.850	0.000	121.30637360
2.250	-0.850	0.000	114.96565247
2.350	-0.850	0.000	109.50711060
2.450	-0.850	0.000	105.11413574
-2.450	-0.750	0.000	132.90802002
-2.350	-0.750	0.000	135.88851929
-2.250	-0.750	0.000	145.76824951
-2.150	-0.750	0.000	159.10089111
-2.050	-0.750	0.000	174.66386414
-1.950	-0.750	0.000	186.76278687
-1.850	-0.750	0.000	195.04948425
-1.750	-0.750	0.000	198.66839600
-1.650	-0.750	0.000	199.57720947
-1.550	-0.750	0.000	197.12048340
-1.450	-0.750	0.000	191.63540649
-1.350	-0.750	0.000	183.00802612
-1.250	-0.750	0.000	171.74563599
-1.150	-0.750	0.000	155.28831482
-1.050	-0.750	0.000	137.37484741
-0.950	-0.750	0.000	122.65701294
-0.850	-0.750	0.000	112.33857727
-0.750	-0.750	0.000	107.30265045
-0.650	-0.750	0.000	103.93591309
-0.550	-0.750	0.000	103.56799316
-0.450	-0.750	0.000	103.62895203
-0.350	-0.750	0.000	104.60586548
-0.250	-0.750	0.000	105.49654388
-0.150	-0.750	0.000	106.81467438
-0.050	-0.750	0.000	107.55508423
0.050	-0.750	0.000	108.80447388
0.150	-0.750	0.000	109.31993103
0.250	-0.750	0.000	110.48820496
0.350	-0.750	0.000	111.17166138
0.450	-0.750	0.000	112.77644348
0.550	-0.750	0.000	114.12987518
0.650	-0.750	0.000	116.06954956
0.750	-0.750	0.000	118.47026062
0.850	-0.750	0.000	120.29088593
0.950	-0.750	0.000	122.10577393
1.050	-0.750	0.000	123.64727783
1.150	-0.750	0.000	125.22933960
1.250	-0.750	0.000	126.48229980
1.350	-0.750	0.000	128.33639526
1.450	-0.750	0.000	130.16152954
1.550	-0.750	0.000	131.65022278
1.650	-0.750	0.000	133.50106812
1.750	-0.750	0.000	133.62731934
1.850	-0.750	0.000	134.72946167
1.950	-0.750	0.000	131.68832397
2.050	-0.750	0.000	129.40829468
2.150	-0.750	0.000	121.90901184
2.250	-0.750	0.000	117.52235413
2.350	-0.750	0.000	111.92713928
2.450	-0.750	0.000	110.07707214
-2.450	-0.650	0.000	137.02209473
-2.350	-0.650	0.000	140.28163147
-2.250	-0.650	0.000	150.82336426
-2.150	-0.650	0.000	165.71482849
-2.050	-0.650	0.000	182.42547607
-1.950	-0.650	0.000	195.61679077
-1.850	-0.650	0.000	205.36486816
-1.750	-0.650	0.000	210.62478638
-1.650	-0.650	0.000	212.58277893
-1.550	-0.650	0.000	211.67922974
-1.450	-0.650	0.000	207.73263550
-1.350	-0.650	0.000	198.99786377
-1.250	-0.650	0.000	184.04974365
-1.150	-0.650	0.000	164.43701172
-1.050	-0.650	0.000	144.72238159
-0.950	-0.650	0.000	127.10729980
-0.850	-0.650	0.000	115.04147339
-0.750	-0.650	0.000	108.49052429
-0.650	-0.650	0.000	104.89414978
-0.550	-0.650	0.000	104.21778870
-0.450	-0.650	0.000	103.88139343
-0.350	-0.650	0.000	104.59010315
-0.250	-0.650	0.000	105.00138855
-0.150	-0.650	0.000	105.89794922
-0.050	-0.650	0.000	106.24987793
0.050	-0.650	0.000	106.99777985
0.150	-0.650	0.000	107.23101807
0.250	-0.650	0.000	108.11788940
0.350	-0.650	0.000	108.74295044
0.450	-0.650	0.000	110.18657684
0.550	-0.650	0.000	111.51741028
0.650	-0.650	0.000	114.08689880
0.750	-0.650	0.000	116.09480286
0.850	-0.650	0.000	118.25437927
0.950	-0.650	0.000	120.20668793
1.050	-0.650	0.000	121.78561401
1.150	-0.650	0.000	123.27505493
1.250	-0.650	0.000	124.51141357
1.350	-0.650	0.000	125.96414185
1.450	-0.650	0.000	127.70465088
1.550	-0.650	0.000	129.54119873
1.650	-0.650	0.000	132.64952087
1.750	-0.650	0.000	133.74694824
1.850	-0.650	0.000	136.30859375
1.950	-0.650	0.000	133.22875977
2.050	-0.650	0.000	131.63415527
2.150	-0.650	0.000	124.19018555
2.250	-0.650	0.000	120.89166260
2.350	-0.650	0.000	114.73390961
2.450	-0.650	0.000	114.98004150
-2.450	-0.550	0.000	142.72909546
-2.350	-0.550	0.000	146.63510132
-2.250	-0.550	0.000	158.05053711
-2.150	-0.550	0.000	173.74377441
-2.050	-0.550	0.000	191.50994873
-1.950	-0.550	0.000	205.52258301
-1.850	-0.550	0.000	215.40313721
-1.750	-0.550	0.000	220.84713745
-1.650	-0.550	0.000	224.41186523
-1.550	-0.550	0.000	225.55087280
-1.450	-0.550	0.000	223.74731445
-1.350	-0.550	0.000	216.79444885
-1.250	-0.550	0.000	204.23722839
-1.150	-0.550	0.000	182.32022095
-1.050	-0.550	0.000	156.30459595
-0.950	-0.550	0.000	134.23278809
-0.850	-0.550	0.000	119.73805237
-0.750	-0.550	0.000	112.17205811
-0.650	-0.550	0.000	106.34700012
-0.550	-0.550	0.000	104.78025818
-0.450	-0.550	0.000	103.48643494
-0.350	-0.550	0.000	103.66049957
-0.250	-0.550	0.000	103.66169739
-0.150	-0.550	0.000	104.34644318
-0.050	-0.550	0.000	104.53791809
0.050	-0.550	0.000	104.99455261
0.150	-0.550	0.000	105.04413605
0.250	-0.550	0.000	105.75837708
0.350	-0.550	0.000	106.53518677
0.450	-0.550	0.000	107.98359680
0.550	-0.550	0.000	109.76182556
0.650	-0.550	0.000	112.75143433
0.750	-0.550	0.000	115.03132629
0.850	-0.550	0.000	117.72789001
0.950	-0.550	0.000	119.88066101
1.050	-0.550	0.000	121.42115021
1.150	-0.550	0.000	122.61946106
1.250	-0.550	0.000	123.65815735
1.350	-0.550	0.000	125.27110291
1.450	-0.550	0.000	127.19052124
1.550	-0.550	0.000	129.26341248
1.650	-0.550	0.000	132.59658813
1.750	-0.550	0.000	133.81195068
1.850	-0.550	0.000	137.21707153
1.950	-0.550	0.000	134.36059570
2.050	-0.550	0.000	134.03738403
2.150	-0.550	0.000	126.89273071
2.250	-0.550	0.000	123.99545288
2.350	-0.550	0.000	117.31215668
2.450	-0.550	0.000	118.87469482
-2.450	-0.450	0.000	145.05915833
-2.350	-0.450	0.000	150.89131165
-2.250	-0.450	0.000	163.91864014
-2.150	-0.450	0.000	180.85583496
-2.050	-0.450	0.000	198.83445740
-1.950	-0.450	0.000	212.20510864
-1.850	-0.450	0.000	221.67855835
-1.750	-0.450	0.000	226.81912231
-1.650	-0.450	0.000	231.52069092
-1.550	-0.450	0.000	233.39343262
-1.450	-0.450	0.000	234.40216064
-1.350	-0.450	0.000	231.18728638
-1.250	-0.450	0.000	223.78068542
-1.150	-0.450	0.000	204.83189392
-1.050	-0.450	0.000	177.00030518
-0.950	-0.450	0.000	148.18727112
-0.850	-0.450	0.000	126.78884888
-0.750	-0.450	0.000	114.88606262
-0.650	-0.450	0.000	108.89509583
-0.550	-0.450	0.000	106.25044250
-0.450	-0.450	0.000	104.41500854
-0.350	-0.450	0.000	104.03692627
-0.250	-0.450	0.000	103.38168335
-0.150	-0.450	0.000	103.35328674
-0.050	-0.450	0.000	102.86043549
0.050	-0.450	0.000	102.97882843
0.150	-0.450	0.000	102.90986633
0.250	-0.450	0.000	103.51306915
0.350	-0.450	0.000	104.64535522
0.450	-0.450	0.000	106.27819824
0.550	-0.450	0.000	109.00112915
0.650	-0.450	0.000	112.36168671
0.750	-0.450	0.000	115.64229584
0.850	-0.450	0.000	118.94531250
0.950	-0.450	0.000	121.55760193
1.050	-0.450	0.000	123.09925842
1.150	-0.450	0.000	124.40930176
1.250	-0.450	0.000	125.11958313
1.350	-0.450	0.000	126.62518311
1.450	-0.450	0.000	128.55972290
1.550	-0.450	0.000	131.15219116
1.650	-0.450	0.000	135.33586121
1.750	-0.450	0.000	136.31961060
1.850	-0.450	0.000	139.65478516
1.950	-0.450	0.000	136.28182983
2.050	-0.450	0.000	136.95106506
2.150	-0.450	0.000	129.77513123
2.250	-0.450	0.000	127.37818909
2.350	-0.450	0.000	120.54312897
2.450	-0.450	0.000	122.96884155
-2.450	-0.350	0.000	148.75080872
-2.350	-0.350	0.000	156.82153320
-2.250	-0.350	0.000	171.61837769
-2.150	-0.350	0.000	188.92083740
-2.050	-0.350	0.000	205.85449219
-1.950	-0.350	0.000	216.74209595
-1.850	-0.350	0.000	224.63973999
-1.750	-0.350	0.000	227.42098999
-1.650	-0.350	0.000	232.32276917
-1.550	-0.350	0.000	234.17706299
-1.450	-0.350	0.000	236.73455811
-1.350	-0.350	0.000	237.01765442
-1.250	-0.350	0.000	234.24922180
-1.150	-0.350	0.000	223.78814697
-1.050	-0.350	0.000	201.33433533
-0.950	-0.350	0.000	170.61790466
-0.850	-0.350	0.000	142.44625854
-0.750	-0.350	0.000	123.31053162
-0.650	-0.350	0.000	113.93652344
-0.550	-0.350	0.000	107.84534454
-0.450	-0.350	0.000	104.73236084
-0.350	-0.350	0.000	103.25695038
-0.250	-0.350	0.000	102.02449036
-0.150	-0.350	0.000	101.82310486
-0.050	-0.350	0.000	101.41836548
0.050	-0.350	0.000	101.45507812
0.150	-0.350	0.000	101.61058807
0.250	-0.350	0.000	102.30522919
0.350	-0.350	0.000	103.95533752
0.450	-0.350	0.000	105.92850494
0.550	-0.350	0.000	109.50688934
0.650	-0.350	0.000	113.45385742
0.750	-0.350	0.000	117.96330261
0.850	-0.350	0.000	122.09075928
0.950	-0.350	0.000	125.02593231
1.050	-0.350	0.000	126.57482910
1.150	-0.350	0.000	127.56234741
1.250	-0.350	0.000	127.72416687
1.350	-0.350	0.000	128.95346069
1.450	-0.350	0.000	130.44515991
1.550	-0.350	0.000	132.47848511
1.650	-0.350	0.000	136.63598633
1.750	-0.350	0.000	136.82382202
1.850	-0.350	0.000	140.96095276
1.950	-0.350	0.000	136.85995483
2.050	-0.350	0.000	137.96887207
2.150	-0.350	0.000	131.47027588
2.250	-0.350	0.000	129.75598145
2.350	-0.350	0.000	123.42691803
2.450	-0.350	0.000	126.72552490
-2.450	-0.250	0.000	150.22937012
-2.350	-0.250	0.000	160.99362183
-2.250	-0.250	0.000	176.59429932
-2.150	-0.250	0.000	192.46647644
-2.050	-0.250	0.000	207.07960510
-1.950	-0.250	0.000	216.10668945
-1.850	-0.250	0.000	223.40408325
-1.750	-0.250	0.000	225.17846680
-1.650	-0.250	0.000	229.29693604
-1.550	-0.250	0.000	230.48095703
-1.450	-0.250	0.000	233.86608887
-1.350	-0.250	0.000	235.13502502
-1.250	-0.250	0.000	234.03082275
-1.150	-0.250	0.000	230.29557800
-1.050	-0.250	0.000	218.30749512
-0.950	-0.250	0.000	194.45759583
-0.850	-0.250	0.000	164.99850464
-0.750	-0.250	0.000	139.87129211
-0.650	-0.250	0.000	124.20584106
-0.550	-0.250	0.000	113.98719788
-0.450	-0.250	0.000	108.38078308
-0.350	-0.250	0.000	105.24027252
-0.250	-0.250	0.000	103.02832794
-0.150	-0.250	0.000	102.03103638
-0.050	-0.250	0.000	101.06994629
0.050	-0.250	0.000	100.75325012
0.150	-0.250	0.000	100.73522949
0.250	-0.250	0.000	101.46607971
0.350	-0.250	0.000	103.51750183
0.450	-0.250	0.000	106.08459473
0.550	-0.250	0.000	111.03637695
0.650	-0.250	0.000	115.61006165
0.750	-0.250	0.000	121.59221649
0.850	-0.250	0.000	126.20259094
0.950	-0.250	0.000	129.01608276
1.050	-0.250	0.000	130.14135742
1.150	-0.250	0.000	130.39002991
1.250	-0.250	0.000	130.12562561
1.350	-0.250	0.000	130.10568237
1.450	-0.250	0.000	131.81065369
1.550	-0.250	0.000	133.78915405
1.650	-0.250	0.000	138.34735107
1.750	-0.250	0.000	137.64270020
1.850	-0.250	0.000	141.45814514
1.950	-0.250	0.000	137.47663879
2.050	-0.250	0.000	138.46246338
2.150	-0.250	0.000	131.77597046
2.250	-0.250	0.000	130.22743225
2.350	-0.250	0.000	124.00132751
2.450	-0.250	0.000	127.41110229
-2.450	-0.150	0.000	152.12249756
-2.350	-0.150	0.000	165.34634399
-2.250	-0.150	0.000	181.51599121
-2.150	-0.150	0.000	195.73654175
-2.050	-0.150	0.000	207.91250610
-1.950	-0.150	0.000	214.87440491
-1.850	-0.150	0.000	220.95794678
-1.750	-0.150	0.000	221.99740601
-1.650	-0.150	0.000	225.79028320
-1.550	-0.150	0.000	227.12329102
-1.450	-0.150	0.000	229.40257263
-1.350	-0.150	0.000	231.57836914
-1.250	-0.150	0.000	231.32458496
-1.150	-0.150	0.000	229.15205383
-1.050	-0.150	0.000	222.23596191
-0.950	-0.150	0.000	209.02159119
-0.850	-0.150	0.000	187.80307007
-0.750	-0.150	0.000	163.14416504
-0.650	-0.150	0.000	140.71336365
-0.550	-0.150	0.000	126.47256470
-0.450	-0.150	0.000	116.01454163
-0.350	-0.150	0.000	110.11753845
-0.250	-0.150	0.000	105.99151611
-0.150	-0.150	0.000	104.00228882
-0.050	-0.150	0.000	102.34095764
0.050	-0.150	0.000	101.80610657
0.150	-0.150	0.000	101.72536469
0.250	-0.150	0.000	102.75343323
0.350	-0.150	0.000	105.11160278
0.450	-0.150	0.000	108.47571564
0.550	-0.150	0.000	113.63090515
0.650	-0.150	0.000	119.62110901
0.750	-0.150	0.000	126.31463623
0.850	-0.150	0.000	131.19128418
0.950	-0.150	0.000	133.37188721
1.050	-0.150	0.000	133.89306641
1.150	-0.150	0.000	133.79342651
1.250	-0.150	0.000	132.88278198
1.350	-0.150	0.000	132.60942078
1.450	-0.150	0.000	133.85058594
1.550	-0.150	0.000	135.07720947
1.650	-0.150	0.000	138.93435669
1.750	-0.150	0.000	138.25178528
1.850	-0.150	0.000	142.22286987
1.950	-0.150	0.000	138.63076782
2.050	-0.150	0.000	139.10467529
2.150	-0.150	0.000	132.27212524
2.250	-0.150	0.000	130.39987183
2.350	-0.150	0.000	124.20456696
2.450	-0.150	0.000	127.50183105
-2.450	-0.050	0.000	153.07507324
-2.350	-0.050	0.000	167.76855469
-2.250	-0.050	0.000	182.83410645
-2.150	-0.050	0.000	194.56022644
-2.050	-0.050	0.000	204.98937988
-1.950	-0.050	0.000	211.02105713
-1.850	-0.050	0.000	216.81404114
-1.750	-0.050	0.000	217.20980835
-1.650	-0.050	0.000	220.16592407
-1.550	-0.050	0.000	220.92280579
-1.450	-0.050	0.000	225.48809814
-1.350	-0.050	0.000	228.73175049
-1.250	-0.050	0.000	228.75865173
-1.150	-0.050	0.000	227.08216858
-1.050	-0.050	0.000	220.67834473
-0.950	-0.050	0.000	211.67855835
-0.850	-0.050	0.000	199.56814575
-0.750	-0.050	0.000	182.84756470
-0.650	-0.050	0.000	162.61764526
-0.550	-0.050	0.000	144.63388062
-0.450	-0.050	0.000	129.88711548
-0.350	-0.050	0.000	119.81005096
-0.250	-0.050	0.000	112.46818542
-0.150	-0.050	0.000	108.61327362
-0.050	-0.050	0.000	105.65856934
0.050	-0.050	0.000	104.48226929
0.150	-0.050	0.000	103.79705811
0.250	-0.050	0.000	104.86424255
0.350	-0.050	0.000	107.24762726
0.450	-0.050	0.000	111.67135620
0.550	-0.050	0.000	116.99385071
0.650	-0.050	0.000	124.27093506
0.750	-0.050	0.000	131.35246277
0.850	-0.050	0.000	135.94943237
0.950	-0.050	0.000	137.57980347
1.050	-0.050	0.000	136.96533203
1.150	-0.050	0.000	135.91543579
1.250	-0.050	0.000	134.35263062
1.350	-0.050	0.000	133.66510010
1.450	-0.050	0.000	134.33676147
1.550	-0.050	0.000	135.68740845
1.650	-0.050	0.000	139.91900635
1.750	-0.050	0.000	139.08139038
1.850	-0.050	0.000	142.15802002
1.950	-0.050	0.000	138.63885498
2.050	-0.050	0.000	138.08711243
2.150	-0.050	0.000	131.07615662
2.250	-0.050	0.000	128.80291748
2.350	-0.050	0.000	122.66619873
2.450	-0.050	0.000	125.97740173
-2.450	0.050	0.000	154.13024902
-2.350	0.050	0.000	169.11706543
-2.250	0.050	0.000	182.23849487
-2.150	0.050	0.000	192.96130371
-2.050	0.050	0.000	202.57537842
-1.950	0.050	0.000	207.62599182
-1.850	0.050	0.000	212.65966797
-1.750	0.050	0.000	212.24293518
-1.650	0.050	0.000	215.31903076
-1.550	0.050	0.000	215.68151855
-1.450	0.050	0.000	219.42666626
-1.350	0.050	0.000	222.73104858
-1.250	0.050	0.000	225.14036560
-1.150	0.050	0.000	225.71475220
-1.050	0.050	0.000	220.50289917
-0.950	0.050	0.000	211.46958923
-0.850	0.050	0.000	201.97979736
-0.750	0.050	0.000	191.58572388
-0.650	0.050	0.000	178.58300781
-0.550	0.050	0.000	162.15951538
-0.450	0.050	0.000	147.80708313
-0.350	0.050	0.000	134.00579834
-0.250	0.050	0.000	123.68705750
-0.150	0.050	0.000	116.92259216
-0.050	0.050	0.000	111.84378815
0.050	0.050	0.000	109.46652985
0.150	0.050	0.000	107.86779785
0.250	0.050	0.000	108.64682770
0.350	0.050	0.000	110.58325195
0.450	0.050	0.000	115.98866272
0.550	0.050	0.000	120.68267822
0.650	0.050	0.000	128.79043579
0.750	0.050	0.000	135.56311035
0.850	0.050	0.000	139.65994263
0.950	0.050	0.000	140.45249939
1.050	0.050	0.000	139.05410767
1.150	0.050	0.000	138.26716614
1.250	0.050	0.000	136.14312744
1.350	0.050	0.000	135.35449219
1.450	0.050	0.000	135.42016602
1.550	0.050	0.000	136.41723633
1.650	0.050	0.000	139.16201782
1.750	0.050	0.000	138.60276794
1.850	0.050	0.000	141.51255798
1.950	0.050	0.000	137.80838013
2.050	0.050	0.000	136.29696655
2.150	0.050	0.000	128.97956848
2.250	0.050	0.000	126.34841919
2.350	0.050	0.000	120.26342010
2.450	0.050	0.000	123.26833344
-2.450	0.150	0.000	155.09164429
-2.350	0.150	0.000	169.14569092
-2.250	0.150	0.000	179.92912292
-2.150	0.150	0.000	189.41793823
-2.050	0.150	0.000	198.32049561
-1.950	0.150	0.000	203.18202209
-1.850	0.150	0.000	208.17434692
-1.750	0.150	0.000	207.04135132
-1.650	0.150	0.000	210.19683838
-1.550	0.150	0.000	210.70385742
-1.450	0.150	0.000	215.31979370
-1.350	0.150	0.000	218.99096680
-1.250	0.150	0.000	220.62251282
-1.150	0.150	0.000	221.47534180
-1.050	0.150	0.000	218.72726440
-0.950	0.150	0.000	212.01516724
-0.850	0.150	0.000	203.18168640
-0.750	0.150	0.000	193.97692871
-0.650	0.150	0.000	185.01147461
-0.550	0.150	0.000	175.10052490
-0.450	0.150	0.000	162.35473633
-0.350	0.150	0.000	149.05834961
-0.250	0.150	0.000	137.15457153
-0.150	0.150	0.000	127.75386047
-0.050	0.150	0.000	120.67331696
0.050	0.150	0.000	116.39492798
0.150	0.150	0.000	113.63871002
0.250	0.150	0.000	113.79179382
0.350	0.150	0.000	115.04321289
0.450	0.150	0.000	119.95040894
0.550	0.150	0.000	124.86294556
0.650	0.150	0.000	132.50080872
0.750	0.150	0.000	138.75991821
0.850	0.150	0.000	142.23587036
0.950	0.150	0.000	142.82986450
1.050	0.150	0.000	140.91658020
1.150	0.150	0.000	140.15426636
1.250	0.150	0.000	137.35437012
1.350	0.150	0.000	136.85374451
1.450	0.150	0.000	136.60760498
1.550	0.150	0.000	137.55848694
1.650	0.150	0.000	140.22218323
1.750	0.150	0.000	139.36288452
1.850	0.150	0.000	142.08287048
1.950	0.150	0.000	137.46676636
2.050	0.150	0.000	134.54917908
2.150	0.150	0.000	126.75352478
2.250	0.150	0.000	123.24125671
2.350	0.150	0.000	117.30065918
2.450	0.150	0.000	119.81533813
-2.450	0.250	0.000	155.63880920
-2.350	0.250	0.000	168.35699463
-2.250	0.250	0.000	177.26017761
-2.150	0.250	0.000	186.07363892
-2.050	0.250	0.000	194.05377197
-1.950	0.250	0.000	198.73394775
-1.850	0.250	0.000	203.77200317
-1.750	0.250	0.000	203.17861938
-1.650	0.250	0.000	206.33993530
-1.550	0.250	0.000	206.61271667
-1.450	0.250	0.000	211.35961914
-1.350	0.250	0.000	215.23231506
-1.250	0.250	0.000	217.72463989
-1.150	0.250	0.000	218.39521790
-1.050	0.250	0.000	215.82870483
-0.950	0.250	0.000	209.86062622
-0.850	0.250	0.000	203.03305054
-0.750	0.250	0.000	195.67572021
-0.650	0.250	0.000	188.33456421
-0.550	0.250	0.000	180.93663025
-0.450	0.250	0.000	171.37907410
-0.350	0.250	0.000	161.59066772
-0.250	0.250	0.000	150.25256348
-0.150	0.250	0.000	139.87789917
-0.050	0.250	0.000	131.17861938
0.050	0.250	0.000	125.00486755
0.150	0.250	0.000	120.78055573
0.250	0.250	0.000	119.80891418
0.350	0.250	0.000	120.39427185
0.450	0.250	0.000	124.16009521
0.550	0.250	0.000	129.12641907
0.650	0.250	0.000	136.16333008
0.750	0.250	0.000	141.51296997
0.850	0.250	0.000	144.80944824
0.950	0.250	0.000	144.92001343
1.050	0.250	0.000	143.06004333
1.150	0.250	0.000	142.13684082
1.250	0.250	0.000	139.07339478
1.350	0.250	0.000	138.83853149
1.450	0.250	0.000	137.68087769
1.550	0.250	0.000	138.54327393
1.650	0.250	0.000	139.79707336
1.750	0.250	0.000	138.91970825
1.850	0.250	0.000	140.68453979
1.950	0.250	0.000	135.60165405
2.050	0.250	0.000	131.81173706
2.150	0.250	0.000	123.63143921
2.250	0.250	0.000	119.54499817
2.350	0.250	0.000	113.85316467
2.450	0.250	0.000	116.09182739
-2.450	0.350	0.000	155.76544189
-2.350	0.350	0.000	165.46054077
-2.250	0.350	0.000	172.48710632
-2.150	0.350	0.000	181.20881653
-2.050	0.350	0.000	189.83393860
-1.950	0.350	0.000	195.51950073
-1.850	0.350	0.000	198.73858643
-1.750	0.350	0.000	198.40884399
-1.650	0.350	0.000	201.54815674
-1.550	0.350	0.000	203.18405151
-1.450	0.350	0.000	207.99665833
-1.350	0.350	0.000	211.51647949
-1.250	0.350	0.000	213.97280884
-1.150	0.350	0.000	214.14538574
-1.050	0.350	0.000	211.38499451
-0.950	0.350	0.000	206.12725830
-0.850	0.350	0.000	201.22584534
-0.750	0.350	0.000	195.54272461
-0.650	0.350	0.000	191.03649902
-0.550	0.350	0.000	184.58175659
-0.450	0.350	0.000	177.92495728
-0.350	0.350	0.000	170.36453247
-0.250	0.350	0.000	161.00267029
-0.150	0.350	0.000	152.00845337
-0.050	0.350	0.000	142.45268250
0.050	0.350	0.000	135.22125244
0.150	0.350	0.000	129.58682251
0.250	0.350	0.000	127.19522095
0.350	0.350	0.000	127.08747864
0.450	0.350	0.000	129.10845947
0.550	0.350	0.000	133.96987915
0.650	0.350	0.000	140.23236084
0.750	0.350	0.000	144.98141479
0.850	0.350	0.000	148.08596802
0.950	0.350	0.000	148.50067139
1.050	0.350	0.000	147.09521484
1.150	0.350	0.000	145.98602295
1.250	0.350	0.000	142.83477783
1.350	0.350	0.000	141.86418152
1.450	0.350	0.000	140.06387329
1.550	0.350	0.000	140.79089355
1.650	0.350	0.000	141.48852539
1.750	0.350	0.000	140.63920593
1.850	0.350	0.000	142.02406311
1.950	0.350	0.000	135.56396484
2.050	0.350	0.000	130.36953735
2.150	0.350	0.000	121.54013824
2.250	0.350	0.000	116.65336609
2.350	0.350	0.000	110.99726868
2.450	0.350	0.000	112.57819366
-2.450	0.450	0.000	156.57473755
-2.350	0.450	0.000	163.43637085
-2.250	0.450	0.000	168.54292297
-2.150	0.450	0.000	176.40304565
-2.050	0.450	0.000	184.23139954
-1.950	0.450	0.000	190.43533325
-1.850	0.450	0.000	195.39570618
-1.750	0.450	0.000	197.11851501
-1.650	0.450	0.000	199.34490967
-1.550	0.450	0.000	200.12432861
-1.450	0.450	0.000	204.78189087
-1.350	0.450	0.000	208.08259583
-1.250	0.450	0.000	210.66514587
-1.150	0.450	0.000	209.87617493
-1.050	0.450	0.000	206.47340393
-0.950	0.450	0.000	201.50146484
-0.850	0.450	0.000	196.73336792
-0.750	0.450	0.000	193.84777832
-0.650	0.450	0.000	190.96249390
-0.550	0.450	0.000	187.31933594
-0.450	0.450	0.000	182.85191345
-0.350	0.450	0.000	176.93688965
-0.250	0.450	0.000	170.30404663
-0.150	0.450	0.000	162.63278198
-0.050	0.450	0.000	154.20202637
0.050	0.450	0.000	146.53802490
0.150	0.450	0.000	140.28399658
0.250	0.450	0.000	136.60336304
0.350	0.450	0.000	135.22180176
0.450	0.450	0.000	135.89533997
0.550	0.450	0.000	139.78649902
0.650	0.450	0.000	144.83541870
0.750	0.450	0.000	149.04623413
0.850	0.450	0.000	151.63925171
0.950	0.450	0.000	151.81826782
1.050	0.450	0.000	150.53541565
1.150	0.450	0.000	148.84686279
1.250	0.450	0.000	145.96578979
1.350	0.450	0.000	145.31329346
1.450	0.450	0.000	142.90914917
1.550	0.450	0.000	143.42962646
1.650	0.450	0.000	142.89126587
1.750	0.450	0.000	141.20767212
1.850	0.450	0.000	140.95675659
1.950	0.450	0.000	133.58398438
2.050	0.450	0.000	127.00386047
2.150	0.450	0.000	117.29211426
2.250	0.450	0.000	111.51970673
2.350	0.450	0.000	105.95614624
2.450	0.450	0.000	107.03308105
-2.450	0.550	0.000	157.25367737
-2.350	0.550	0.000	159.99496460
-2.250	0.550	0.000	163.77287292
-2.150	0.550	0.000	170.61146545
-2.050	0.550	0.000	178.91149902
-1.950	0.550	0.000	187.11694336
-1.850	0.550	0.000	191.54470825
-1.750	0.550	0.000	193.43084717
-1.650	0.550	0.000	196.16152954
-1.550	0.550	0.000	199.40173340
-1.450	0.550	0.000	203.75999451
-1.350	0.550	0.000	206.09335327
-1.250	0.550	0.000	208.03929138
-1.150	0.550	0.000	204.35614014
-1.050	0.550	0.000	200.68441772
-0.950	0.550	0.000	195.81100464
-0.850	0.550	0.000	191.54977417
-0.750	0.550	0.000	190.55155945
-0.650	0.550	0.000	189.46357727
-0.550	0.550	0.000	188.41677856
-0.450	0.550	0.000	186.25396729
-0.350	0.550	0.000	182.93452454
-0.250	0.550	0.000	177.93162537
-0.150	0.550	0.000	172.40914917
-0.050	0.550	0.000	165.06311035
0.050	0.550	0.000	158.24032593
0.150	0.550	0.000	151.57153320
0.250	0.550	0.000	147.45527649
0.350	0.550	0.000	144.74218750
0.450	0.550	0.000	144.46586609
0.550	0.550	0.000	147.39895630
0.650	0.550	0.000	151.64096069
0.750	0.550	0.000	155.35478210
0.850	0.550	0.000	157.15184021
0.950	0.550	0.000	156.84721375
1.050	0.550	0.000	156.25080872
1.150	0.550	0.000	154.04821777
1.250	0.550	0.000	151.30700684
1.350	0.550	0.000	150.08860779
1.450	0.550	0.000	147.73712158
1.550	0.550	0.000	148.03860474
1.650	0.550	0.000	146.53991699
1.750	0.550	0.000	144.69458008
1.850	0.550	0.000	142.91102600
1.950	0.550	0.000	134.14279175
2.050	0.550	0.000	125.76958466
2.150	0.550	0.000	114.86523438
2.250	0.550	0.000	107.95602417
2.350	0.550	0.000	102.30351257
2.450	0.550	0.000	102.51551819
-2.450	0.650	0.000	157.61224365
-2.350	0.650	0.000	157.05108643
-2.250	0.650	0.000	159.59487915
-2.150	0.650	0.000	163.74679565
-2.050	0.650	0.000	171.51040649
-1.950	0.650	0.000	179.99311829
-1.850	0.650	0.000	187.85205078
-1.750	0.650	0.000	194.43548584
-1.650	0.650	0.000	196.91496277
-1.550	0.650	0.000	198.70089722
-1.450	0.650	0.000	201.50082397
-1.350	0.650	0.000	202.32452393
-1.250	0.650	0.000	202.19252014
-1.150	0.650	0.000	196.65859985
-1.050	0.650	0.000	190.94412231
-0.950	0.650	0.000	186.30050659
-0.850	0.650	0.000	184.56253052
-0.750	0.650	0.000	184.61105347
-0.650	0.650	0.000	185.83055115
-0.550	0.650	0.000	187.17572021
-0.450	0.650	0.000	187.69081116
-0.350	0.650	0.000	186.81829834
-0.250	0.650	0.000	183.96218872
-0.150	0.650	0.000	180.67735291
-0.050	0.650	0.000	174.75250244
0.050	0.650	0.000	169.34292603
0.150	0.650	0.000	163.38845825
0.250	0.650	0.000	158.44467163
0.350	0.650	0.000	155.40524292
0.450	0.650	0.000	154.18383789
0.550	0.650	0.000	155.74784851
0.650	0.650	0.000	158.92456055
0.750	0.650	0.000	161.95660400
0.850	0.650	0.000	163.36630249
0.950	0.650	0.000	163.29647827
1.050	0.650	0.000	162.15435791
1.150	0.650	0.000	159.87957764
1.250	0.650	0.000	157.12628174
1.350	0.650	0.000	155.31866455
1.450	0.650	0.000	152.07629395
1.550	0.650	0.000	151.44375610
1.650	0.650	0.000	149.29443359
1.750	0.650	0.000	146.76115417
1.850	0.650	0.000	143.37628174
1.950	0.650	0.000	133.12500000
2.050	0.650	0.000	122.53268433
2.150	0.650	0.000	110.03349304
2.250	0.650	0.000	102.06857300
2.350	0.650	0.000	95.85105896
2.450	0.650	0.000	95.34324646
-2.450	0.750	0.000	158.29258728
-2.350	0.750	0.000	155.08854675
-2.250	0.750	0.000	156.70339966
-2.150	0.750	0.000	157.67134094
-2.050	0.750	0.000	163.42208862
-1.950	0.750	0.000	169.82485962
-1.850	0.750	0.000	178.73757935
-1.750	0.750	0.000	188.16293335
-1.650	0.750	0.000	194.82818604
-1.550	0.750	0.000	198.49783325
-1.450	0.750	0.000	201.69244385
-1.350	0.750	0.000	200.13566589
-1.250	0.750	0.000	196.27755737
-1.150	0.750	0.000	188.45906067
-1.050	0.750	0.000	180.71166992
-0.950	0.750	0.000	176.10963440
-0.850	0.750	0.000	176.48004150
-0.750	0.750	0.000	177.99591064
-0.650	0.750	0.000	181.11906433
-0.550	0.750	0.000	184.59071350
-0.450	0.750	0.000	186.84075928
-0.350	0.750	0.000	188.89593506
-0.250	0.750	0.000	187.79296875
-0.150	0.750	0.000	186.55526733
-0.050	0.750	0.000	182.71029663
0.050	0.750	0.000	178.08602905
0.150	0.750	0.000	173.71423340
0.250	0.750	0.000	168.53967285
0.350	0.750	0.000	165.43653870
0.450	0.750	0.000	163.81625366
0.550	0.750	0.000	164.44015503
0.650	0.750	0.000	166.55989075
0.750	0.750	0.000	169.07728577
0.850	0.750	0.000	169.95587158
0.950	0.750	0.000	169.08261108
1.050	0.750	0.000	168.12442017
1.150	0.750	0.000	165.22872925
1.250	0.750	0.000	162.55624390
1.350	0.750	0.000	160.58221436
1.450	0.750	0.000	157.83038330
1.550	0.750	0.000	156.93063354
1.650	0.750	0.000	154.19503784
1.750	0.750	0.000	150.75372314
1.850	0.750	0.000	146.08627319
1.950	0.750	0.000	134.44314575
2.050	0.750	0.000	122.10969543
2.150	0.750	0.000	107.83305359
2.250	0.750	0.000	98.32855225
2.350	0.750	0.000	91.63354492
2.450	0.750	0.000	90.25930786
-2.450	0.850	0.000	157.99673462
-2.350	0.850	0.000	153.43589783
-2.250	0.850	0.000	154.40945435
-2.150	0.850	0.000	153.77917480
-2.050	0.850	0.000	156.45999146
-1.950	0.850	0.000	160.04684448
-1.850	0.850	0.000	167.40945435
-1.750	0.850	0.000	177.69943237
-1.650	0.850	0.000	186.28378296
-1.550	0.850	0.000	191.83297729
-1.450	0.850	0.000	195.66670227
-1.350	0.850	0.000	191.46813965
-1.250	0.850	0.000	183.93478394
-1.150	0.850	0.000	173.96072388
-1.050	0.850	0.000	166.75965881
-0.950	0.850	0.000	164.12963867
-0.850	0.850	0.000	166.17562866
-0.750	0.850	0.000	169.43679810
-0.650	0.850	0.000	174.57611084
-0.550	0.850	0.000	179.89755249
-0.450	0.850	0.000	184.21768188
-0.350	0.850	0.000	188.06411743
-0.250	0.850	0.000	189.13580322
-0.150	0.850	0.000	189.22399902
-0.050	0.850	0.000	187.35742188
0.050	0.850	0.000	183.96463013
0.150	0.850	0.000	180.53552246
0.250	0.850	0.000	176.07742310
0.350	0.850	0.000	173.34324646
0.450	0.850	0.000	171.51928711
0.550	0.850	0.000	171.75506592
0.650	0.850	0.000	173.16265869
0.750	0.850	0.000	175.02511597
0.850	0.850	0.000	175.01919556
0.950	0.850	0.000	174.20646667
1.050	0.850	0.000	172.30822754
1.150	0.850	0.000	169.75021362
1.250	0.850	0.000	166.89823914
1.350	0.850	0.000	164.24703979
1.450	0.850	0.000	160.50682068
1.550	0.850	0.000	158.78750610
1.650	0.850	0.000	155.32673645
1.750	0.850	0.000	151.78039551
1.850	0.850	0.000	146.43338013
1.950	0.850	0.000	134.33862305
2.050	0.850	0.000	120.76644897
2.150	0.850	0.000	105.37496185
2.250	0.850	0.000	94.76269531
2.350	0.850	0.000	87.41020203
2.450	0.850	0.000	85.30228424
-2.450	0.950	0.000	157.26010132
-2.350	0.950	0.000	152.71856689
-2.250	0.950	0.000	153.24682617
-2.150	0.950	0.000	151.97058105
-2.050	0.950	0.000	152.18847656
-1.950	0.950	0.000	153.78591919
-1.850	0.950	0.000	157.70416260
-1.750	0.950	0.000	164.51492310
-1.650	0.950	0.000	171.28060913
-1.550	0.950	0.000	177.60012817
-1.450	0.950	0.000	181.79525757
-1.350	0.950	0.000	175.91513062
-1.250	0.950	0.000	167.69107056
-1.150	0.950	0.000	157.62577820
-1.050	0.950	0.000	152.55194092
-0.950	0.950	0.000	151.99302673
-0.850	0.950	0.000	155.26660156
-0.750	0.950	0.000	160.07736206
-0.650	0.950	0.000	167.01821899
-0.550	0.950	0.000	173.47021484
-0.450	0.950	0.000	179.50656128
-0.350	0.950	0.000	184.72354126
-0.250	0.950	0.000	187.87911987
-0.150	0.950	0.000	188.91177368
-0.050	0.950	0.000	188.52398682
0.050	0.950	0.000	186.41949463
0.150	0.950	0.000	183.51248169
0.250	0.950	0.000	180.49526978
0.350	0.950	0.000	177.93237305
0.450	0.950	0.000	176.34532166
0.550	0.950	0.000	176.72351074
0.650	0.950	0.000	177.98410034
0.750	0.950	0.000	179.55444336
0.850	0.950	0.000	179.47007751
0.950	0.950	0.000	177.77386475
1.050	0.950	0.000	175.37022400
1.150	0.950	0.000	172.26477051
1.250	0.950	0.000	168.99584961
1.350	0.950	0.000	166.12796021
1.450	0.950	0.000	163.08865356
1.550	0.950	0.000	160.52133179
1.650	0.950	0.000	156.72863770
1.750	0.950	0.000	151.15759277
1.850	0.950	0.000	145.11888123
1.950	0.950	0.000	133.47808838
2.050	0.950	0.000	121.21788025
2.150	0.950	0.000	106.28488159
2.250	0.950	0.000	95.15814209
2.350	0.950	0.000	87.00790405
2.450	0.950	0.000	83.84260559
-2.450	1.050	0.000	159.08560181
-2.350	1.050	0.000	154.04116821
-2.250	1.050	0.000	153.86393738
-2.150	1.050	0.000	151.11083984
-2.050	1.050	0.000	150.80023193
-1.950	1.050	0.000	150.55670166
-1.850	1.050	0.000	151.63128662
-1.750	1.050	0.000	155.17448425
-1.650	1.050	0.000	158.50314331
-1.550	1.050	0.000	160.53665161
-1.450	1.050	0.000	163.19041443
-1.350	1.050	0.000	156.65899658
-1.250	1.050	0.000	149.74038696
-1.150	1.050	0.000	142.09742737
-1.050	1.050	0.000	139.47094727
-0.950	1.050	0.000	140.54275513
-0.850	1.050	0.000	144.91975403
-0.750	1.050	0.000	150.44006348
-0.650	1.050	0.000	158.36523438
-0.550	1.050	0.000	165.72579956
-0.450	1.050	0.000	173.06399536
-0.350	1.050	0.000	178.88021851
-0.250	1.050	0.000	183.49926758
-0.150	1.050	0.000	185.81478882
-0.050	1.050	0.000	186.17391968
0.050	1.050	0.000	185.28509521
0.150	1.050	0.000	182.88038635
0.250	1.050	0.000	180.89700317
0.350	1.050	0.000	178.44271851
0.450	1.050	0.000	177.69982910
0.550	1.050	0.000	178.33746338
0.650	1.050	0.000	179.86367798
0.750	1.050	0.000	181.39859009
0.850	1.050	0.000	181.20312500
0.950	1.050	0.000	179.64147949
1.050	1.050	0.000	176.24963379
1.150	1.050	0.000	173.64764404
1.250	1.050	0.000	169.78669739
1.350	1.050	0.000	166.21646118
1.450	1.050	0.000	162.08865356
1.550	1.050	0.000	158.73280334
1.650	1.050	0.000	154.48057556
1.750	1.050	0.000	149.85055542
1.850	1.050	0.000	143.54986572
1.950	1.050	0.000	133.14288330
2.050	1.050	0.000	122.73489380
2.150	1.050	0.000	109.22165680
2.250	1.050	0.000	97.88866425
2.350	1.050	0.000	88.90554810
2.450	1.050	0.000	84.20747375
-2.450	1.150	0.000	161.02717590
-2.350	1.150	0.000	157.45104980
-2.250	1.150	0.000	156.21420288
-2.150	1.150	0.000	153.75207520
-2.050	1.150	0.000	152.18719482
-1.950	1.150	0.000	150.16589355
-1.850	1.150	0.000	148.56359863
-1.750	1.150	0.000	149.19094849
-1.650	1.150	0.000	149.55072021
-1.550	1.150	0.000	147.88259888
-1.450	1.150	0.000	148.44882202
-1.350	1.150	0.000	141.22352600
-1.250	1.150	0.000	135.06466675
-1.150	1.150	0.000	129.91972351
-1.050	1.150	0.000	128.84756470
-0.950	1.150	0.000	130.60086060
-0.850	1.150	0.000	135.91870117
-0.750	1.150	0.000	141.62655640
-0.650	1.150	0.000	149.60067749
-0.550	1.150	0.000	157.40734863
-0.450	1.150	0.000	164.95358276
-0.350	1.150	0.000	171.26116943
-0.250	1.150	0.000	176.42474365
-0.150	1.150	0.000	179.62159729
-0.050	1.150	0.000	180.79461670
0.050	1.150	0.000	180.61181641
0.150	1.150	0.000	179.25425720
0.250	1.150	0.000	178.34930420
0.350	1.150	0.000	176.04014587
0.450	1.150	0.000	176.01559448
0.550	1.150	0.000	177.04928589
0.650	1.150	0.000	179.44674683
0.750	1.150	0.000	181.40548706
0.850	1.150	0.000	181.77807617
0.950	1.150	0.000	179.81387329
1.050	1.150	0.000	175.95861816
1.150	1.150	0.000	172.77178955
1.250	1.150	0.000	168.37077332
1.350	1.150	0.000	163.73986816
1.450	1.150	0.000	160.19253540
1.550	1.150	0.000	155.04586792
1.650	1.150	0.000	150.65155029
1.750	1.150	0.000	144.02355957
1.850	1.150	0.000	138.33995056
1.950	1.150	0.000	130.24041748
2.050	1.150	0.000	122.99433899
2.150	1.150	0.000	112.77876282
2.250	1.150	0.000	102.80249023
2.350	1.150	0.000	93.69669342
2.450	1.150	0.000	86.91088867
-2.450	1.250	0.000	165.05711365
-2.350	1.250	0.000	161.74247742
-2.250	1.250	0.000	159.60897827
-2.150	1.250	0.000	156.93991089
-2.050	1.250	0.000	154.18336487
-1.950	1.250	0.000	152.15866089
-1.850	1.250	0.000	148.61503601
-1.750	1.250	0.000	146.55114746
-1.650	1.250	0.000	144.39390564
-1.550	1.250	0.000	139.87377930
-1.450	1.250	0.000	138.45361328
-1.350	1.250	0.000	131.23443604
-1.250	1.250	0.000	126.41522217
-1.150	1.250	0.000	121.89337158
-1.050	1.250	0.000	121.42751312
-0.950	1.250	0.000	123.01673889
-0.850	1.250	0.000	128.48052979
-0.750	1.250	0.000	133.74961853
-0.650	1.250	0.000	141.34024048
-0.550	1.250	0.000	149.07403564
-0.450	1.250	0.000	156.24053955
-0.350	1.250	0.000	162.47341919
-0.250	1.250	0.000	167.47436523
-0.150	1.250	0.000	170.75437927
-0.050	1.250	0.000	172.48461914
0.050	1.250	0.000	172.59022522
0.150	1.250	0.000	171.42573547
0.250	1.250	0.000	171.26083374
0.350	1.250	0.000	169.48637390
0.450	1.250	0.000	170.07427979
0.550	1.250	0.000	171.86071777
0.650	1.250	0.000	175.31576538
0.750	1.250	0.000	178.17356873
0.850	1.250	0.000	179.48684692
0.950	1.250	0.000	178.01269531
1.050	1.250	0.000	174.90592957
1.150	1.250	0.000	170.48474121
1.250	1.250	0.000	166.89050293
1.350	1.250	0.000	161.77188110
1.450	1.250	0.000	157.45269775
1.550	1.250	0.000	151.95080566
1.650	1.250	0.000	147.93276978
1.750	1.250	0.000	142.65249634
1.850	1.250	0.000	137.77890015
1.950	1.250	0.000	131.71173096
2.050	1.250	0.000	125.65505981
2.150	1.250	0.000	118.23207092
2.250	1.250	0.000	109.95925140
2.350	1.250	0.000	101.67642212
2.450	1.250	0.000	92.84543610
-2.450	1.350	0.000	170.26385498
-2.350	1.350	0.000	167.17216492
-2.250	1.350	0.000	164.49884033
-2.150	1.350	0.000	161.24029541
-2.050	1.350	0.000	157.16203308
-1.950	1.350	0.000	153.43862915
-1.850	1.350	0.000	147.56365967
-1.750	1.350	0.000	144.84318542
-1.650	1.350	0.000	141.88259888
-1.550	1.350	0.000	136.53231812
-1.450	1.350	0.000	133.84072876
-1.350	1.350	0.000	126.72824097
-1.250	1.350	0.000	122.45112610
-1.150	1.350	0.000	118.43820953
-1.050	1.350	0.000	117.88765717
-0.950	1.350	0.000	119.14952087
-0.850	1.350	0.000	123.43367004
-0.750	1.350	0.000	128.66821289
-0.650	1.350	0.000	134.87963867
-0.550	1.350	0.000	141.30889893
-0.450	1.350	0.000	147.88235474
-0.350	1.350	0.000	153.37355042
-0.250	1.350	0.000	157.74755859
-0.150	1.350	0.000	160.89752197
-0.050	1.350	0.000	162.34643555
0.050	1.350	0.000	162.70069885
0.150	1.350	0.000	161.41696167
0.250	1.350	0.000	161.66314697
0.350	1.350	0.000	160.51649475
0.450	1.350	0.000	161.33697510
0.550	1.350	0.000	164.10034180
0.650	1.350	0.000	168.33450317
0.750	1.350	0.000	172.91508484
0.850	1.350	0.000	176.09033203
0.950	1.350	0.000	175.19174194
1.050	1.350	0.000	172.50285339
1.150	1.350	0.000	167.21191406
1.250	1.350	0.000	163.67469788
1.350	1.350	0.000	157.83560181
1.450	1.350	0.000	153.88357544
1.550	1.350	0.000	147.72460938
1.650	1.350	0.000	144.62414551
1.750	1.350	0.000	138.99493408
1.850	1.350	0.000	135.88397217
1.950	1.350	0.000	131.09135437
2.050	1.350	0.000	125.82109833
2.150	1.350	0.000	121.37127686
2.250	1.350	0.000	114.22711182
2.350	1.350	0.000	108.26629639
2.450	1.350	0.000	97.80796814
-2.450	1.450	0.000	177.11595154
-2.350	1.450	0.000	172.48550415
-2.250	1.450	0.000	168.55334473
-2.150	1.450	0.000	165.64208984
-2.050	1.450	0.000	159.15188599
-1.950	1.450	0.000	155.83361816
-1.850	1.450	0.000	149.09672546
-1.750	1.450	0.000	143.79989624
-1.650	1.450	0.000	139.04174805
-1.550	1.450	0.000	133.83181763
-1.450	1.450	0.000	130.45516968
-1.350	1.450	0.000	124.68309021
-1.250	1.450	0.000	121.66671753
-1.150	1.450	0.000	117.56484222
-1.050	1.450	0.000	116.59402466
-0.950	1.450	0.000	117.08694458
-0.850	1.450	0.000	120.42591095
-0.750	1.450	0.000	124.64421844
-0.650	1.450	0.000	130.06651306
-0.550	1.450	0.000	135.65124512
-0.450	1.450	0.000	141.03762817
-0.350	1.450	0.000	145.32922363
-0.250	1.450	0.000	148.44677734
-0.150	1.450	0.000	150.68658447
-0.050	1.450	0.000	151.72340393
0.050	1.450	0.000	152.29061890
0.150	1.450	0.000	151.50988770
0.250	1.450	0.000	151.42620850
0.350	1.450	0.000	150.96786499
0.450	1.450	0.000	151.74588013
0.550	1.450	0.000	154.53579712
0.650	1.450	0.000	159.34425354
0.750	1.450	0.000	165.22550964
0.850	1.450	0.000	170.05859375
0.950	1.450	0.000	171.12731934
1.050	1.450	0.000	169.40551758
1.150	1.450	0.000	165.26977539
1.250	1.450	0.000	161.67028809
1.350	1.450	0.000	156.10156250
1.450	1.450	0.000	152.10317993
1.550	1.450	0.000	146.30310059
1.650	1.450	0.000	143.11802673
1.750	1.450	0.000	139.68632507
1.850	1.450	0.000	136.68325806
1.950	1.450	0.000	134.34571838
2.050	1.450	0.000	129.51547241
2.150	1.450	0.000	127.14640808
2.250	1.450	0.000	120.04035187
2.350	1.450	0.000	116.23632812
2.450	1.450	0.000	104.84286499
-2.450	1.550	0.000	182.94253540
-2.350	1.550	0.000	179.62904358
-2.250	1.550	0.000	173.87814331
-2.150	1.550	0.000	170.92138672
-2.050	1.550	0.000	162.89010620
-1.950	1.550	0.000	159.09851074
-1.850	1.550	0.000	150.64784241
-1.750	1.550	0.000	145.88098145
-1.650	1.550	0.000	139.64358521
-1.550	1.550	0.000	135.12406921
-1.450	1.550	0.000	131.22323608
-1.350	1.550	0.000	126.05081177
-1.250	1.550	0.000	122.94639587
-1.150	1.550	0.000	119.58730316
-1.050	1.550	0.000	118.49770355
-0.950	1.550	0.000	118.19245911
-0.850	1.550	0.000	120.54080200
-0.750	1.550	0.000	123.53262329
-0.650	1.550	0.000	128.25051880
-0.550	1.550	0.000	132.09991455
-0.450	1.550	0.000	136.33535767
-0.350	1.550	0.000	139.71607971
-0.250	1.550	0.000	142.47229004
-0.150	1.550	0.000	144.00213623
-0.050	1.550	0.000	144.44836426
0.050	1.550	0.000	144.36862183
0.150	1.550	0.000	143.49252319
0.250	1.550	0.000	142.25953674
0.350	1.550	0.000	142.72193909
0.450	1.550	0.000	143.40750122
0.550	1.550	0.000	146.30384827
0.650	1.550	0.000	151.20654297
0.750	1.550	0.000	157.77377319
0.850	1.550	0.000	163.88354492
0.950	1.550	0.000	166.68502808
1.050	1.550	0.000	166.47778320
1.150	1.550	0.000	162.52688599
1.250	1.550	0.000	159.67709351
1.350	1.550	0.000	153.97383118
1.450	1.550	0.000	150.87811279
1.550	1.550	0.000	145.18270874
1.650	1.550	0.000	141.48559570
1.750	1.550	0.000	139.18841553
1.850	1.550	0.000	136.23950195
1.950	1.550	0.000	135.51248169
2.050	1.550	0.000	131.18862915
2.150	1.550	0.000	130.40240479
2.250	1.550	0.000	124.24143219
2.350	1.550	0.000	122.72563171
2.450	1.550	0.000	112.16604614
-2.450	1.650	0.000	192.67312622
-2.350	1.650	0.000	187.48606873
-2.250	1.650	0.000	179.29335022
-2.150	1.650	0.000	174.94842529
-2.050	1.650	0.000	166.14520264
-1.950	1.650	0.000	161.95321655
-1.850	1.650	0.000	152.32409668
-1.750	1.650	0.000	147.91964722
-1.650	1.650	0.000	140.70391846
-1.550	1.650	0.000	136.05696106
-1.450	1.650	0.000	133.62145996
-1.350	1.650	0.000	129.53598022
-1.250	1.650	0.000	126.79135132
-1.150	1.650	0.000	123.39424133
-1.050	1.650	0.000	121.95043182
-0.950	1.650	0.000	120.97973633
-0.850	1.650	0.000	122.37767029
-0.750	1.650	0.000	124.63177490
-0.650	1.650	0.000	127.98773193
-0.550	1.650	0.000	131.03271484
-0.450	1.650	0.000	134.13226318
-0.350	1.650	0.000	136.51419067
-0.250	1.650	0.000	138.27786255
-0.150	1.650	0.000	139.06002808
-0.050	1.650	0.000	139.19822693
0.050	1.650	0.000	138.84736633
0.150	1.650	0.000	138.38803101
0.250	1.650	0.000	137.56524658
0.350	1.650	0.000	138.10559082
0.450	1.650	0.000	138.26516724
0.550	1.650	0.000	140.55177307
0.650	1.650	0.000	144.90281677
0.750	1.650	0.000	150.95588684
0.850	1.650	0.000	157.75138855
0.950	1.650	0.000	162.42434692
1.050	1.650	0.000	164.11251831
1.150	1.650	0.000	162.00561523
1.250	1.650	0.000	159.93865967
1.350	1.650	0.000	154.56811523
1.450	1.650	0.000	151.27319336
1.550	1.650	0.000	146.86651611
1.650	1.650	0.000	142.37939453
1.750	1.650	0.000	141.35314941
1.850	1.650	0.000	137.95721436
1.950	1.650	0.000	137.30941772
2.050	1.650	0.000	134.07817078
2.150	1.650	0.000	133.37622070
2.250	1.650	0.000	127.87957764
2.350	1.650	0.000	127.31153870
2.450	1.650	0.000	118.44895935
-2.450	1.750	0.000	195.28234863
-2.350	1.750	0.000	190.44708252
-2.250	1.750	0.000	183.22412109
-2.150	1.750	0.000	180.64978027
-2.050	1.750	0.000	171.22247314
-1.950	1.750	0.000	168.40359497
-1.850	1.750	0.000	157.76066589
-1.750	1.750	0.000	153.70141602
-1.650	1.750	0.000	145.70956421
-1.550	1.750	0.000	140.93853760
-1.450	1.750	0.000	137.97880554
-1.350	1.750	0.000	133.60049438
-1.250	1.750	0.000	130.54248047
-1.150	1.750	0.000	126.77471924
-1.050	1.750	0.000	124.94738770
-0.950	1.750	0.000	123.54872894
-0.850	1.750	0.000	124.23937225
-0.750	1.750	0.000	125.44200134
-0.650	1.750	0.000	127.74955750
-0.550	1.750	0.000	130.20620728
-0.450	1.750	0.000	132.50476074
-0.350	1.750	0.000	134.38104248
-0.250	1.750	0.000	135.73153687
-0.150	1.750	0.000	136.39456177
-0.050	1.750	0.000	136.31495667
0.050	1.750	0.000	135.77592468
0.150	1.750	0.000	135.34011841
0.250	1.750	0.000	134.21438599
0.350	1.750	0.000	134.52371216
0.450	1.750	0.000	134.59779358
0.550	1.750	0.000	136.16903687
0.650	1.750	0.000	139.40969849
0.750	1.750	0.000	144.02676392
0.850	1.750	0.000	150.06875610
0.950	1.750	0.000	155.48367310
1.050	1.750	0.000	159.10635376
1.150	1.750	0.000	158.33859253
1.250	1.750	0.000	158.03738403
1.350	1.750	0.000	153.86880493
1.450	1.750	0.000	150.64981079
1.550	1.750	0.000	148.30007935
1.650	1.750	0.000	144.00271606
1.750	1.750	0.000	143.84349060
1.850	1.750	0.000	140.62123108
1.950	1.750	0.000	140.54254150
2.050	1.750	0.000	138.00349426
2.150	1.750	0.000	137.25805664
2.250	1.750	0.000	132.68511963
2.350	1.750	0.000	132.31353760
2.450	1.750	0.000	125.58776855
-2.450	1.850	0.000	201.14173889
-2.350	1.850	0.000	195.65933228
-2.250	1.850	0.000	187.72021484
-2.150	1.850	0.000	185.08752441
-2.050	1.850	0.000	174.76586914
-1.950	1.850	0.000	171.46527100
-1.850	1.850	0.000	160.29748535
-1.750	1.850	0.000	156.87435913
-1.650	1.850	0.000	148.20787048
-1.550	1.850	0.000	145.36666870
-1.450	1.850	0.000	142.83059692
-1.350	1.850	0.000	140.31677246
-1.250	1.850	0.000	137.33377075
-1.150	1.850	0.000	134.47497559
-1.050	1.850	0.000	131.84883118
-0.950	1.850	0.000	129.84591675
-0.850	1.850	0.000	129.46002197
-0.750	1.850	0.000	129.89733887
-0.650	1.850	0.000	131.54035950
-0.550	1.850	0.000	132.97628784
-0.450	1.850	0.000	134.80938721
-0.350	1.850	0.000	135.90748596
-0.250	1.850	0.000	136.76763916
-0.150	1.850	0.000	137.05032349
-0.050	1.850	0.000	136.88308716
0.050	1.850	0.000	136.29598999
0.150	1.850	0.000	135.77885437
0.250	1.850	0.000	135.00321960
0.350	1.850	0.000	134.90777588
0.450	1.850	0.000	135.27032471
0.550	1.850	0.000	136.21472168
0.650	1.850	0.000	138.40353394
0.750	1.850	0.000	141.79524231
0.850	1.850	0.000	146.46362305
0.950	1.850	0.000	151.54205322
1.050	1.850	0.000	156.11538696
1.150	1.850	0.000	157.12213135
1.250	1.850	0.000	157.31007385
1.350	1.850	0.000	155.59750366
1.450	1.850	0.000	153.86213684
1.550	1.850	0.000	151.65075684
1.650	1.850	0.000	146.32908630
1.750	1.850	0.000	145.31910706
1.850	1.850	0.000	142.56030273
1.950	1.850	0.000	142.25933838
2.050	1.850	0.000	140.70443726
2.150	1.850	0.000	140.18814087
2.250	1.850	0.000	136.92831421
2.350	1.850	0.000	136.23872375
2.450	1.850	0.000	131.85848999
-2.450	1.950	0.000	201.97999573
-2.350	1.950	0.000	199.21046448
-2.250	1.950	0.000	192.12799072
-2.150	1.950	0.000	193.48895264
-2.050	1.950	0.000	181.94522095
-1.950	1.950	0.000	180.66168213
-1.850	1.950	0.000	167.84393311
-1.750	1.950	0.000	164.47962952
-1.650	1.950	0.000	156.57554626
-1.550	1.950	0.000	152.84403992
-1.450	1.950	0.000	150.19587708
-1.350	1.950	0.000	146.17456055
-1.250	1.950	0.000	142.42643738
-1.150	1.950	0.000	138.12089539
-1.050	1.950	0.000	134.30249023
-0.950	1.950	0.000	131.76998901
-0.850	1.950	0.000	130.90036011
-0.750	1.950	0.000	130.57116699
-0.650	1.950	0.000	131.69476318
-0.550	1.950	0.000	132.58190918
-0.450	1.950	0.000	134.24159241
-0.350	1.950	0.000	135.29037476
-0.250	1.950	0.000	136.33859253
-0.150	1.950	0.000	136.86146545
-0.050	1.950	0.000	136.83636475
0.050	1.950	0.000	136.53967285
0.150	1.950	0.000	136.28244019
0.250	1.950	0.000	135.69273376
0.350	1.950	0.000	135.42291260
0.450	1.950	0.000	135.32838440
0.550	1.950	0.000	134.78428650
0.650	1.950	0.000	135.39216614
0.750	1.950	0.000	137.11621094
0.850	1.950	0.000	139.97328186
0.950	1.950	0.000	143.61878967
1.050	1.950	0.000	147.74142456
1.150	1.950	0.000	151.09111023
1.250	1.950	0.000	153.53454590
1.350	1.950	0.000	154.00683594
1.450	1.950	0.000	152.94653320
1.550	1.950	0.000	152.77493286
1.650	1.950	0.000	149.74536133
1.750	1.950	0.000	149.61566162
1.850	1.950	0.000	147.66899109
1.950	1.950	0.000	147.27963257
2.050	1.950	0.000	145.97279358
2.150	1.950	0.000	145.71517944
2.250	1.950	0.000	142.38269043
2.350	1.950	0.000	141.47285461
2.450	1.950	0.000	138.04553223
-2.450	2.050	0.000	202.26325989
-2.350	2.050	0.000	201.77212524
-2.250	2.050	0.000	195.09968567
-2.150	2.050	0.000	195.74105835
-2.050	2.050	0.000	185.76324463
-1.950	2.050	0.000	184.91741943
-1.850	2.050	0.000	171.87686157
-1.750	2.050	0.000	169.60659790
-1.650	2.050	0.000	162.13325500
-1.550	2.050	0.000	158.96629333
-1.450	2.050	0.000	156.43774414
-1.350	2.050	0.000	153.20043945
-1.250	2.050	0.000	148.93072510
-1.150	2.050	0.000	144.89068604
-1.050	2.050	0.000	140.75256348
-0.950	2.050	0.000	137.64190674
-0.850	2.050	0.000	135.55899048
-0.750	2.050	0.000	134.33604431
-0.650	2.050	0.000	134.60545349
-0.550	2.050	0.000	135.11358643
-0.450	2.050	0.000	136.52984619
-0.350	2.050	0.000	137.49983215
-0.250	2.050	0.000	138.47790527
-0.150	2.050	0.000	139.13189697
-0.050	2.050	0.000	139.60285950
0.050	2.050	0.000	139.42459106
0.150	2.050	0.000	139.20904541
0.250	2.050	0.000	138.53329468
0.350	2.050	0.000	137.95739746
0.450	2.050	0.000	138.07109070
0.550	2.050	0.000	137.48751831
0.650	2.050	0.000	137.56292725
0.750	2.050	0.000	137.87173462
0.850	2.050	0.000	138.44937134
0.950	2.050	0.000	139.49209595
1.050	2.050	0.000	141.86294556
1.150	2.050	0.000	145.36730957
1.250	2.050	0.000	149.20263672
1.350	2.050	0.000	151.67120361
1.450	2.050	0.000	152.19439697
1.550	2.050	0.000	152.61691284
1.650	2.050	0.000	150.01181030
1.750	2.050	0.000	149.70745850
1.850	2.050	0.000	147.71253967
1.950	2.050	0.000	146.88775635
2.050	2.050	0.000	145.92922974
2.150	2.050	0.000	145.62393188
2.250	2.050	0.000	143.22119141
2.350	2.050	0.000	142.43109131
2.450	2.050	0.000	139.64418030
-2.450	2.150	0.000	203.45147705
-2.350	2.150	0.000	206.86470032
-2.250	2.150	0.000	201.21566772
-2.150	2.150	0.000	204.48587036
-2.050	2.150	0.000	192.05361938
-1.950	2.150	0.000	190.08798218
-1.850	2.150	0.000	178.14123535
-1.750	2.150	0.000	175.80218506
-1.650	2.150	0.000	168.62846375
-1.550	2.150	0.000	166.53384399
-1.450	2.150	0.000	163.30383301
-1.350	2.150	0.000	159.94869995
-1.250	2.150	0.000	154.66833496
-1.150	2.150	0.000	150.32432556
-1.050	2.150	0.000	144.60086060
-0.950	2.150	0.000	140.26812744
-0.850	2.150	0.000	137.84680176
-0.750	2.150	0.000	135.58447266
-0.650	2.150	0.000	135.79119873
-0.550	2.150	0.000	135.86108398
-0.450	2.150	0.000	137.18951416
-0.350	2.150	0.000	138.18862915
-0.250	2.150	0.000	139.22624207
-0.150	2.150	0.000	139.96769714
-0.050	2.150	0.000	140.55482483
0.050	2.150	0.000	140.62750244
0.150	2.150	0.000	140.53894043
0.250	2.150	0.000	139.79046631
0.350	2.150	0.000	139.16461182
0.450	2.150	0.000	138.66833496
0.550	2.150	0.000	137.34112549
0.650	2.150	0.000	136.17300415
0.750	2.150	0.000	134.80023193
0.850	2.150	0.000	133.01876831
0.950	2.150	0.000	132.01092529
1.050	2.150	0.000	132.70870972
1.150	2.150	0.000	135.17941284
1.250	2.150	0.000	139.52574158
1.350	2.150	0.000	145.32403564
1.450	2.150	0.000	149.38546753
1.550	2.150	0.000	153.16522217
1.650	2.150	0.000	151.42820740
1.750	2.150	0.000	151.45687866
1.850	2.150	0.000	149.85702515
1.950	2.150	0.000	149.02890015
2.050	2.150	0.000	148.03112793
2.150	2.150	0.000	147.43270874
2.250	2.150	0.000	146.22511292
2.350	2.150	0.000	145.59777832
2.450	2.150	0.000	143.76744080
-2.450	2.250	0.000	196.77047729
-2.350	2.250	0.000	204.07853699
-2.250	2.250	0.000	199.31835938
-2.150	2.250	0.000	203.38439941
-2.050	2.250	0.000	194.31875610
-1.950	2.250	0.000	193.94203186
-1.850	2.250	0.000	185.19479370
-1.750	2.250	0.000	183.23416138
-1.650	2.250	0.000	177.58801270
-1.550	2.250	0.000	174.88552856
-1.450	2.250	0.000	171.82588196
-1.350	2.250	0.000	167.90222168
-1.250	2.250	0.000	162.45935059
-1.150	2.250	0.000	157.15550232
-1.050	2.250	0.000	150.64620972
-0.950	2.250	0.000	146.84045410
-0.850	2.250	0.000	142.56221008
-0.750	2.250	0.000	140.77418518
-0.650	2.250	0.000	140.21157837
-0.550	2.250	0.000	140.15359497
-0.450	2.250	0.000	141.28057861
-0.350	2.250	0.000	141.96377563
-0.250	2.250	0.000	143.27725220
-0.150	2.250	0.000	144.16662598
-0.050	2.250	0.000	144.84323120
0.050	2.250	0.000	145.02209473
0.150	2.250	0.000	144.90469360
0.250	2.250	0.000	144.21749878
0.350	2.250	0.000	143.77075195
0.450	2.250	0.000	142.84881592
0.550	2.250	0.000	140.93795776
0.650	2.250	0.000	138.80871582
0.750	2.250	0.000	136.19602966
0.850	2.250	0.000	133.16165161
0.950	2.250	0.000	130.57038879
1.050	2.250	0.000	128.75543213
1.150	2.250	0.000	128.61836243
1.250	2.250	0.000	130.72021484
1.350	2.250	0.000	135.52438354
1.450	2.250	0.000	140.91850281
1.550	2.250	0.000	146.50659180
1.650	2.250	0.000	145.98959351
1.750	2.250	0.000	146.50546265
1.850	2.250	0.000	144.87809753
1.950	2.250	0.000	143.52270508
2.050	2.250	0.000	142.53161621
2.150	2.250	0.000	142.14758301
2.250	2.250	0.000	141.78987122
2.350	2.250	0.000	141.57156372
2.450	2.250	0.000	140.35049438
-2.450	2.350	0.000	196.26856995
-2.350	2.350	0.000	206.92138672
-2.250	2.350	0.000	202.70343018
-2.150	2.350	0.000	208.08477783
-2.050	2.350	0.000	200.24502563
-1.950	2.350	0.000	198.68295288
-1.850	2.350	0.000	188.94119263
-1.750	2.350	0.000	187.33660889
-1.650	2.350	0.000	180.52947998
-1.550	2.350	0.000	179.11651611
-1.450	2.350	0.000	175.66905212
-1.350	2.350	0.000	172.31985474
-1.250	2.350	0.000	165.98554993
-1.150	2.350	0.000	160.65766907
-1.050	2.350	0.000	152.97990417
-0.950	2.350	0.000	147.42167664
-0.850	2.350	0.000	142.68829346
-0.750	2.350	0.000	139.92587280
-0.650	2.350	0.000	139.42303467
-0.550	2.350	0.000	139.37384033
-0.450	2.350	0.000	140.75352478
-0.350	2.350	0.000	141.79563904
-0.250	2.350	0.000	143.42404175
-0.150	2.350	0.000	144.68743896
-0.050	2.350	0.000	145.73411560
0.050	2.350	0.000	146.09515381
0.150	2.350	0.000	145.88522339
0.250	2.350	0.000	145.10087585
0.350	2.350	0.000	144.36422729
0.450	2.350	0.000	142.90724182
0.550	2.350	0.000	140.55522156
0.650	2.350	0.000	137.67419434
0.750	2.350	0.000	133.92523193
0.850	2.350	0.000	129.73840332
0.950	2.350	0.000	125.74716187
1.050	2.350	0.000	122.49320984
1.150	2.350	0.000	120.70936584
1.250	2.350	0.000	121.65312195
1.350	2.350	0.000	126.07447815
1.450	2.350	0.000	132.45408630
1.550	2.350	0.000	141.15057373
1.650	2.350	0.000	143.81732178
1.750	2.350	0.000	145.48460388
1.850	2.350	0.000	142.98136902
1.950	2.350	0.000	141.20678711
2.050	2.350	0.000	140.22375488
2.150	2.350	0.000	140.07849121
2.250	2.350	0.000	139.86990356
2.350	2.350	0.000	139.54489136
2.450	2.350	0.000	138.79394531
-2.450	2.450	0.000	184.55044556
-2.350	2.450	0.000	198.90165710
-2.250	2.450	0.000	198.54415894
-2.150	2.450	0.000	205.75158691
-2.050	2.450	0.000	201.94631958
-1.950	2.450	0.000	203.31153870
-1.850	2.450	0.000	197.51705933
-1.750	2.450	0.000	197.48112488
-1.650	2.450	0.000	193.16229248
-1.550	2.450	0.000	190.46762085
-1.450	2.450	0.000	187.07723999
-1.350	2.450	0.000	181.81303406
-1.250	2.450	0.000	174.67456055
-1.150	2.450	0.000	167.32997131
-1.050	2.450	0.000	159.69711304
-0.950	2.450	0.000	154.59393311
-0.850	2.450	0.000	148.04655457
-0.750	2.450	0.000	145.55181885
-0.650	2.450	0.000	144.21394348
-0.550	2.450	0.000	143.93261719
-0.450	2.450	0.000	144.98553467
-0.350	2.450	0.000	146.05812073
-0.250	2.450	0.000	147.67160034
-0.150	2.450	0.000	149.03079224
-0.050	2.450	0.000	150.23097229
0.050	2.450	0.000	150.97280884
0.150	2.450	0.000	150.92926025
0.250	2.450	0.000	150.37197876
0.350	2.450	0.000	149.55703735
0.450	2.450	0.000	147.68798828
0.550	2.450	0.000	145.06567383
0.650	2.450	0.000	141.56800842
0.750	2.450	0.000	137.05242920
0.850	2.450	0.000	132.04386902
0.950	2.450	0.000	127.41229248
1.050	2.450	0.000	123.51443481
1.150	2.450	0.000	120.58650970
1.250	2.450	0.000	118.62329865
1.350	2.450	0.000	118.56053162
1.450	2.450	0.000	119.47983551
1.550	2.450	0.000	122.62368774
1.650	2.450	0.000	124.52279663
1.750	2.450	0.000	126.78092957
1.850	2.450	0.000	127.30111694
1.950	2.450	0.000	127.46134949
2.050	2.450	0.000	127.77011108
2.150	2.450	0.000	128.67279053
2.250	2.450	0.000	129.50817871
2.350	2.450	0.000	129.15937805
2.450	2.450	0.000	129.86755371
