-2.450	-2.450	0.000	162.67086792
-2.350	-2.450	0.000	156.28268433
-2.250	-2.450	0.000	159.54800415
-2.150	-2.450	0.000	162.49079895
-2.050	-2.450	0.000	177.78231812
-1.950	-2.450	0.000	198.67514038
-1.850	-2.450	0.000	223.62327576
-1.750	-2.450	0.000	241.76669312
-1.650	-2.450	0.000	251.55792236
-1.550	-2.450	0.000	252.05630493
-1.450	-2.450	0.000	247.77070618
-1.350	-2.450	0.000	237.44317627
-1.250	-2.450	0.000	221.42247009
-1.150	-2.450	0.000	200.70797729
-1.050	-2.450	0.000	179.48188782
-0.950	-2.450	0.000	164.37585449
-0.850	-2.450	0.000	155.94955444
-0.750	-2.450	0.000	152.09849548
-0.650	-2.450	0.000	152.89973450
-0.550	-2.450	0.000	156.28439331
-0.450	-2.450	0.000	162.03912354
-0.350	-2.450	0.000	171.76341248
-0.250	-2.450	0.000	179.73190308
-0.150	-2.450	0.000	191.43856812
-0.050	-2.450	0.000	200.74229431
0.050	-2.450	0.000	209.09243774
0.150	-2.450	0.000	213.87023926
0.250	-2.450	0.000	216.29675293
0.350	-2.450	0.000	215.28292847
0.450	-2.450	0.000	209.72515869
0.550	-2.450	0.000	202.46142578
0.650	-2.450	0.000	193.61517334
0.750	-2.450	0.000	183.57540894
0.850	-2.450	0.000	173.45346069
0.950	-2.450	0.000	164.86056519
1.050	-2.450	0.000	160.58613586
1.150	-2.450	0.000	158.14947510
1.250	-2.450	0.000	158.81217957
1.350	-2.450	0.000	159.06288147
1.450	-2.450	0.000	160.08905029
1.550	-2.450	0.000	160.39157104
1.650	-2.450	0.000	160.43395996
1.750	-2.450	0.000	159.43226624
1.850	-2.450	0.000	158.73767090
1.950	-2.450	0.000	154.21253967
2.050	-2.450	0.000	151.02719116
2.150	-2.450	0.000	142.70208740
2.250	-2.450	0.000	137.54937744
2.350	-2.450	0.000	130.60844421
2.450	-2.450	0.000	129.55920410
-2.450	-2.350	0.000	163.94238281
-2.350	-2.350	0.000	158.11488342
-2.250	-2.350	0.000	162.11227417
-2.150	-2.350	0.000	166.94638062
-2.050	-2.350	0.000	184.56567383
-1.950	-2.350	0.000	207.00588989
-1.850	-2.350	0.000	231.16851807
-1.750	-2.350	0.000	246.93952942
-1.650	-2.350	0.000	255.84909058
-1.550	-2.350	0.000	257.04943848
-1.450	-2.350	0.000	252.13607788
-1.350	-2.350	0.000	239.74147034
-1.250	-2.350	0.000	219.73144531
-1.150	-2.350	0.000	195.71559143
-1.050	-2.350	0.000	172.53378296
-0.950	-2.350	0.000	156.53213501
-0.850	-2.350	0.000	147.40771484
-0.750	-2.350	0.000	143.73609924
-0.650	-2.350	0.000	144.93304443
-0.550	-2.350	0.000	147.93777466
-0.450	-2.350	0.000	153.74343872
-0.350	-2.350	0.000	162.42474365
-0.250	-2.350	0.000	171.26330566
-0.150	-2.350	0.000	181.56616211
-0.050	-2.350	0.000	191.23162842
0.050	-2.350	0.000	200.06729126
0.150	-2.350	0.000	205.85549927
0.250	-2.350	0.000	209.32467651
0.350	-2.350	0.000	209.77290344
0.450	-2.350	0.000	207.46571350
0.550	-2.350	0.000	201.65928650
0.650	-2.350	0.000	195.29461670
0.750	-2.350	0.000	185.96932983
0.850	-2.350	0.000	179.19723511
0.950	-2.350	0.000	173.65661621
1.050	-2.350	0.000	170.58847046
1.150	-2.350	0.000	168.64669800
1.250	-2.350	0.000	168.56915283
1.350	-2.350	0.000	168.14079285
1.450	-2.350	0.000	168.72726440
1.550	-2.350	0.000	168.47583008
1.650	-2.350	0.000	168.03021240
1.750	-2.350	0.000	166.40417480
1.850	-2.350	0.000	165.03283691
1.950	-2.350	0.000	159.43585205
2.050	-2.350	0.000	155.22930908
2.150	-2.350	0.000	145.88308716
2.250	-2.350	0.000	139.77305603
2.350	-2.350	0.000	132.08990479
2.450	-2.350	0.000	130.75485229
-2.450	-2.250	0.000	162.53616333
-2.350	-2.250	0.000	156.98312378
-2.250	-2.250	0.000	161.24055481
-2.150	-2.250	0.000	166.69992065
-2.050	-2.250	0.000	184.83636475
-1.950	-2.250	0.000	207.51275635
-1.850	-2.250	0.000	230.65100098
-1.750	-2.250	0.000	244.97343445
-1.650	-2.250	0.000	253.26077271
-1.550	-2.250	0.000	254.47506714
-1.450	-2.250	0.000	249.38209534
-1.350	-2.250	0.000	237.13742065
-1.250	-2.250	0.000	218.52908325
-1.150	-2.250	0.000	194.92184448
-1.050	-2.250	0.000	171.52825928
-0.950	-2.250	0.000	155.32717896
-0.850	-2.250	0.000	146.18537903
-0.750	-2.250	0.000	142.59265137
-0.650	-2.250	0.000	143.96932983
-0.550	-2.250	0.000	146.89949036
-0.450	-2.250	0.000	152.84898376
-0.350	-2.250	0.000	161.02629089
-0.250	-2.250	0.000	169.81723022
-0.150	-2.250	0.000	179.80822754
-0.050	-2.250	0.000	189.04266357
0.050	-2.250	0.000	197.83166504
0.150	-2.250	0.000	203.40600586
0.250	-2.250	0.000	206.33081055
0.350	-2.250	0.000	206.57556152
0.450	-2.250	0.000	204.34895325
0.550	-2.250	0.000	198.75988770
0.650	-2.250	0.000	193.64459229
0.750	-2.250	0.000	185.27653503
0.850	-2.250	0.000	179.01245117
0.950	-2.250	0.000	174.25006104
1.050	-2.250	0.000	172.81126404
1.150	-2.250	0.000	173.82711792
1.250	-2.250	0.000	176.32495117
1.350	-2.250	0.000	178.12501526
1.450	-2.250	0.000	179.92518616
1.550	-2.250	0.000	180.21827698
1.650	-2.250	0.000	179.95831299
1.750	-2.250	0.000	177.89968872
1.850	-2.250	0.000	176.43194580
1.950	-2.250	0.000	170.16467285
2.050	-2.250	0.000	165.32611084
2.150	-2.250	0.000	154.72174072
2.250	-2.250	0.000	147.20532227
2.350	-2.250	0.000	138.19235229
2.450	-2.250	0.000	136.51617432
-2.450	-2.150	0.000	163.64331055
-2.350	-2.150	0.000	158.45584106
-2.250	-2.150	0.000	163.27304077
-2.150	-2.150	0.000	170.15791321
-2.050	-2.150	0.000	190.16284180
-1.950	-2.150	0.000	214.13002014
-1.850	-2.150	0.000	236.95437622
-1.750	-2.150	0.000	250.67184448
-1.650	-2.150	0.000	258.37377930
-1.550	-2.150	0.000	259.63320923
-1.450	-2.150	0.000	253.97357178
-1.350	-2.150	0.000	240.51431274
-1.250	-2.150	0.000	219.87138367
-1.150	-2.150	0.000	193.98797607
-1.050	-2.150	0.000	168.82223511
-0.950	-2.150	0.000	151.77906799
-0.850	-2.150	0.000	142.19401550
-0.750	-2.150	0.000	138.48300171
-0.650	-2.150	0.000	139.92337036
-0.550	-2.150	0.000	142.64303589
-0.450	-2.150	0.000	148.50332642
-0.350	-2.150	0.000	156.06250000
-0.250	-2.150	0.000	164.89349365
-0.150	-2.150	0.000	174.55331421
-0.050	-2.150	0.000	183.64965820
0.050	-2.150	0.000	192.54843140
0.150	-2.150	0.000	198.51370239
0.250	-2.150	0.000	201.83699036
0.350	-2.150	0.000	202.82331848
0.450	-2.150	0.000	201.66679382
0.550	-2.150	0.000	197.32455444
0.650	-2.150	0.000	193.38441467
0.750	-2.150	0.000	187.48620605
0.850	-2.150	0.000	182.48455811
0.950	-2.150	0.000	179.40036011
1.050	-2.150	0.000	179.24264526
1.150	-2.150	0.000	181.51507568
1.250	-2.150	0.000	185.16204834
1.350	-2.150	0.000	188.55029297
1.450	-2.150	0.000	191.00692749
1.550	-2.150	0.000	191.67974854
1.650	-2.150	0.000	191.56555176
1.750	-2.150	0.000	189.25753784
1.850	-2.150	0.000	187.62796021
1.950	-2.150	0.000	180.52099609
2.050	-2.150	0.000	174.97924805
2.150	-2.150	0.000	162.99804688
2.250	-2.150	0.000	153.75756836
2.350	-2.150	0.000	143.39952087
2.450	-2.150	0.000	140.83741760
-2.450	-2.050	0.000	162.43734741
-2.350	-2.050	0.000	157.62503052
-2.250	-2.050	0.000	162.75827026
-2.150	-2.050	0.000	170.16720581
-2.050	-2.050	0.000	190.79743958
-1.950	-2.050	0.000	214.84136963
-1.850	-2.050	0.000	237.29217529
-1.750	-2.050	0.000	250.43359375
-1.650	-2.050	0.000	257.44714355
-1.550	-2.050	0.000	258.02819824
-1.450	-2.050	0.000	252.34533691
-1.350	-2.050	0.000	239.65507507
-1.250	-2.050	0.000	219.24822998
-1.150	-2.050	0.000	193.02879333
-1.050	-2.050	0.000	167.00202942
-0.950	-2.050	0.000	149.73043823
-0.850	-2.050	0.000	140.00454712
-0.750	-2.050	0.000	136.30886841
-0.650	-2.050	0.000	137.72470093
-0.550	-2.050	0.000	140.14514160
-0.450	-2.050	0.000	145.85322571
-0.350	-2.050	0.000	152.85899353
-0.250	-2.050	0.000	161.28936768
-0.150	-2.050	0.000	170.69549561
-0.050	-2.050	0.000	179.44082642
0.050	-2.050	0.000	188.07991028
0.150	-2.050	0.000	194.19696045
0.250	-2.050	0.000	197.86068726
0.350	-2.050	0.000	198.88650513
0.450	-2.050	0.000	198.09161377
0.550	-2.050	0.000	194.55326843
0.650	-2.050	0.000	190.75225830
0.750	-2.050	0.000	186.49472046
0.850	-2.050	0.000	182.73400879
0.950	-2.050	0.000	181.41633606
1.050	-2.050	0.000	183.43759155
1.150	-2.050	0.000	187.73037720
1.250	-2.050	0.000	193.64883423
1.350	-2.050	0.000	199.22271729
1.450	-2.050	0.000	203.12342834
1.550	-2.050	0.000	204.35028076
1.650	-2.050	0.000	204.49066162
1.750	-2.050	0.000	201.78030396
1.850	-2.050	0.000	199.99252319
1.950	-2.050	0.000	192.39524841
2.050	-2.050	0.000	186.46780396
2.150	-2.050	0.000	173.75073242
2.250	-2.050	0.000	163.00929260
2.350	-2.050	0.000	151.78398132
2.450	-2.050	0.000	148.07543945
-2.450	-1.950	0.000	162.64151001
-2.350	-1.950	0.000	158.06883240
-2.250	-1.950	0.000	163.82824707
-2.150	-1.950	0.000	172.36294556
-2.050	-1.950	0.000	194.59434509
-1.950	-1.950	0.000	220.19897461
-1.850	-1.950	0.000	243.44995117
-1.750	-1.950	0.000	257.25000000
-1.650	-1.950	0.000	264.30160522
-1.550	-1.950	0.000	264.66656494
-1.450	-1.950	0.000	258.14282227
-1.350	-1.950	0.000	243.77816772
-1.250	-1.950	0.000	221.04234314
-1.150	-1.950	0.000	192.78999329
-1.050	-1.950	0.000	165.85618591
-0.950	-1.950	0.000	148.06002808
-0.850	-1.950	0.000	138.59909058
-0.750	-1.950	0.000	134.83462524
-0.650	-1.950	0.000	136.26510620
-0.550	-1.950	0.000	138.46334839
-0.450	-1.950	0.000	144.02832031
-0.350	-1.950	0.000	150.59262085
-0.250	-1.950	0.000	158.61193848
-0.150	-1.950	0.000	167.83889771
-0.050	-1.950	0.000	176.16322327
0.050	-1.950	0.000	184.65232849
0.150	-1.950	0.000	191.01034546
0.250	-1.950	0.000	195.16635132
0.350	-1.950	0.000	196.61013794
0.450	-1.950	0.000	196.37440491
0.550	-1.950	0.000	193.71609497
0.650	-1.950	0.000	190.79376221
0.750	-1.950	0.000	186.63323975
0.850	-1.950	0.000	183.13027954
0.950	-1.950	0.000	182.54129028
1.050	-1.950	0.000	185.34701538
1.150	-1.950	0.000	190.83041382
1.250	-1.950	0.000	198.06378174
1.350	-1.950	0.000	204.47564697
1.450	-1.950	0.000	208.74877930
1.550	-1.950	0.000	209.91191101
1.650	-1.950	0.000	210.21006775
1.750	-1.950	0.000	206.95176697
1.850	-1.950	0.000	204.81582642
1.950	-1.950	0.000	197.00631714
2.050	-1.950	0.000	190.92526245
2.150	-1.950	0.000	178.21420288
2.250	-1.950	0.000	166.88374329
2.350	-1.950	0.000	155.69230652
2.450	-1.950	0.000	150.63079834
-2.450	-1.850	0.000	160.05017090
-2.350	-1.850	0.000	155.77703857
-2.250	-1.850	0.000	161.69989014
-2.150	-1.850	0.000	170.51136780
-2.050	-1.850	0.000	193.31945801
-1.950	-1.850	0.000	219.53555298
-1.850	-1.850	0.000	242.68029785
-1.750	-1.850	0.000	256.35852051
-1.650	-1.850	0.000	263.43630981
-1.550	-1.850	0.000	263.95275879
-1.450	-1.850	0.000	257.36859131
-1.350	-1.850	0.000	243.18641663
-1.250	-1.850	0.000	220.33021545
-1.150	-1.850	0.000	191.92416382
-1.050	-1.850	0.000	165.16210938
-0.950	-1.850	0.000	147.62005615
-0.850	-1.850	0.000	138.16340637
-0.750	-1.850	0.000	134.38092041
-0.650	-1.850	0.000	135.68380737
-0.550	-1.850	0.000	137.62931824
-0.450	-1.850	0.000	142.80535889
-0.350	-1.850	0.000	148.81024170
-0.250	-1.850	0.000	156.12503052
-0.150	-1.850	0.000	164.77252197
-0.050	-1.850	0.000	172.51718140
0.050	-1.850	0.000	180.73780823
0.150	-1.850	0.000	187.09796143
0.250	-1.850	0.000	191.67803955
0.350	-1.850	0.000	193.79949951
0.450	-1.850	0.000	194.21775818
0.550	-1.850	0.000	192.45533752
0.650	-1.850	0.000	189.63725281
0.750	-1.850	0.000	187.48947144
0.850	-1.850	0.000	185.28050232
0.950	-1.850	0.000	186.08273315
1.050	-1.850	0.000	190.10418701
1.150	-1.850	0.000	197.04052734
1.250	-1.850	0.000	205.85560608
1.350	-1.850	0.000	213.49468994
1.450	-1.850	0.000	218.16012573
1.550	-1.850	0.000	219.12307739
1.650	-1.850	0.000	218.85595703
1.750	-1.850	0.000	214.68156433
1.850	-1.850	0.000	211.81738281
1.950	-1.850	0.000	203.48565674
2.050	-1.850	0.000	197.11917114
2.150	-1.850	0.000	184.44276428
2.250	-1.850	0.000	173.12365723
2.350	-1.850	0.000	162.22698975
2.450	-1.850	0.000	156.02975464
-2.450	-1.750	0.000	159.12307739
-2.350	-1.750	0.000	154.83444214
-2.250	-1.750	0.000	160.94491577
-2.150	-1.750	0.000	170.16024780
-2.050	-1.750	0.000	193.11703491
-1.950	-1.750	0.000	219.96499634
-1.850	-1.750	0.000	244.35406494
-1.750	-1.750	0.000	259.57098389
-1.650	-1.750	0.000	267.11013794
-1.550	-1.750	0.000	267.75305176
-1.450	-1.750	0.000	260.81924438
-1.350	-1.750	0.000	245.45429993
-1.250	-1.750	0.000	221.77711487
-1.150	-1.750	0.000	193.69421387
-1.050	-1.750	0.000	167.99296570
-0.950	-1.750	0.000	151.17272949
-0.850	-1.750	0.000	142.37205505
-0.750	-1.750	0.000	138.75483704
-0.650	-1.750	0.000	140.12576294
-0.550	-1.750	0.000	142.12274170
-0.450	-1.750	0.000	147.22131348
-0.350	-1.750	0.000	153.16636658
-0.250	-1.750	0.000	159.93624878
-0.150	-1.750	0.000	168.24136353
-0.050	-1.750	0.000	175.45932007
0.050	-1.750	0.000	182.93988037
0.150	-1.750	0.000	188.95855713
0.250	-1.750	0.000	193.43594360
0.350	-1.750	0.000	195.55369568
0.450	-1.750	0.000	196.26800537
0.550	-1.750	0.000	194.57998657
0.650	-1.750	0.000	192.79100037
0.750	-1.750	0.000	190.35159302
0.850	-1.750	0.000	188.26600647
0.950	-1.750	0.000	189.41986084
1.050	-1.750	0.000	193.69979858
1.150	-1.750	0.000	201.17199707
1.250	-1.750	0.000	210.66731262
1.350	-1.750	0.000	218.89533997
1.450	-1.750	0.000	223.74787903
1.550	-1.750	0.000	224.35011292
1.650	-1.750	0.000	223.42187500
1.750	-1.750	0.000	218.08326721
1.850	-1.750	0.000	214.19523621
1.950	-1.750	0.000	204.85964966
2.050	-1.750	0.000	197.80038452
2.150	-1.750	0.000	185.06884766
2.250	-1.750	0.000	173.89776611
2.350	-1.750	0.000	163.60568237
2.450	-1.750	0.000	156.78587341
-2.450	-1.650	0.000	156.48745728
-2.350	-1.650	0.000	152.43893433
-2.250	-1.650	0.000	158.45922852
-2.150	-1.650	0.000	167.35015869
-2.050	-1.650	0.000	189.86662292
-1.950	-1.650	0.000	216.47525024
-1.850	-1.650	0.000	241.06179810
-1.750	-1.650	0.000	256.53448486
-1.650	-1.650	0.000	264.44372559
-1.550	-1.650	0.000	265.27813721
-1.450	-1.650	0.000	258.43362427
-1.350	-1.650	0.000	242.98492432
-1.250	-1.650	0.000	219.43798828
-1.150	-1.650	0.000	192.34718323
-1.050	-1.650	0.000	168.19998169
-0.950	-1.650	0.000	152.29840088
-0.850	-1.650	0.000	143.84356689
-0.750	-1.650	0.000	140.24176025
-0.650	-1.650	0.000	141.18936157
-0.550	-1.650	0.000	142.85180664
-0.450	-1.650	0.000	147.33587646
-0.350	-1.650	0.000	152.89050293
-0.250	-1.650	0.000	159.21078491
-0.150	-1.650	0.000	167.07360840
-0.050	-1.650	0.000	173.97180176
0.050	-1.650	0.000	181.31120300
0.150	-1.650	0.000	187.36801147
0.250	-1.650	0.000	192.24325562
0.350	-1.650	0.000	194.93817139
0.450	-1.650	0.000	196.19798279
0.550	-1.650	0.000	195.61334229
0.650	-1.650	0.000	194.60748291
0.750	-1.650	0.000	193.86898804
0.850	-1.650	0.000	192.94503784
0.950	-1.650	0.000	195.05087280
1.050	-1.650	0.000	200.18005371
1.150	-1.650	0.000	208.59130859
1.250	-1.650	0.000	218.62023926
1.350	-1.650	0.000	226.96255493
1.450	-1.650	0.000	231.45687866
1.550	-1.650	0.000	231.02490234
1.650	-1.650	0.000	228.80697632
1.750	-1.650	0.000	221.97607422
1.850	-1.650	0.000	216.85786438
1.950	-1.650	0.000	206.27426147
2.050	-1.650	0.000	198.55830383
2.150	-1.650	0.000	185.89500427
2.250	-1.650	0.000	175.14749146
2.350	-1.650	0.000	165.54771423
2.450	-1.650	0.000	158.79243469
-2.450	-1.550	0.000	157.73301697
-2.350	-1.550	0.000	153.62759399
-2.250	-1.550	0.000	159.10140991
-2.150	-1.550	0.000	167.44113159
-2.050	-1.550	0.000	188.81724548
-1.950	-1.550	0.000	214.26385498
-1.850	-1.550	0.000	238.69628906
-1.750	-1.550	0.000	255.35357666
-1.650	-1.550	0.000	264.12823486
-1.550	-1.550	0.000	265.70434570
-1.450	-1.550	0.000	259.31176758
-1.350	-1.550	0.000	244.62956238
-1.250	-1.550	0.000	222.91088867
-1.150	-1.550	0.000	198.49371338
-1.050	-1.550	0.000	176.68603516
-0.950	-1.550	0.000	161.97085571
-0.850	-1.550	0.000	153.99691772
-0.750	-1.550	0.000	150.70874023
-0.650	-1.550	0.000	151.77447510
-0.550	-1.550	0.000	153.83509827
-0.450	-1.550	0.000	158.32254028
-0.350	-1.550	0.000	163.87028503
-0.250	-1.550	0.000	169.61102295
-0.150	-1.550	0.000	176.80923462
-0.050	-1.550	0.000	182.74182129
0.050	-1.550	0.000	189.00805664
0.150	-1.550	0.000	193.82142639
0.250	-1.550	0.000	197.41177368
0.350	-1.550	0.000	199.37933350
0.450	-1.550	0.000	200.51138306
0.550	-1.550	0.000	199.59393311
0.650	-1.550	0.000	198.67440796
0.750	-1.550	0.000	197.42269897
0.850	-1.550	0.000	196.71902466
0.950	-1.550	0.000	198.96734619
1.050	-1.550	0.000	203.85844421
1.150	-1.550	0.000	211.83389282
1.250	-1.550	0.000	221.61122131
1.350	-1.550	0.000	229.87551880
1.450	-1.550	0.000	234.11726379
1.550	-1.550	0.000	233.03353882
1.650	-1.550	0.000	229.60369873
1.750	-1.550	0.000	221.28079224
1.850	-1.550	0.000	214.66273499
1.950	-1.550	0.000	202.65664673
2.050	-1.550	0.000	194.03359985
2.150	-1.550	0.000	181.34445190
2.250	-1.550	0.000	171.01455688
2.350	-1.550	0.000	162.22810364
2.450	-1.550	0.000	155.92602539
-2.450	-1.450	0.000	158.40095520
-2.350	-1.450	0.000	154.27276611
-2.250	-1.450	0.000	159.63882446
-2.150	-1.450	0.000	167.25000000
-2.050	-1.450	0.000	187.33348083
-1.950	-1.450	0.000	211.23858643
-1.850	-1.450	0.000	235.01510620
-1.750	-1.450	0.000	251.80041504
-1.650	-1.450	0.000	261.37475586
-1.550	-1.450	0.000	263.48828125
-1.450	-1.450	0.000	257.41186523
-1.350	-1.450	0.000	242.91474915
-1.250	-1.450	0.000	222.10543823
-1.150	-1.450	0.000	199.23025513
-1.050	-1.450	0.000	179.01947021
-0.950	-1.450	0.000	165.34642029
-0.850	-1.450	0.000	158.03800964
-0.750	-1.450	0.000	155.13607788
-0.650	-1.450	0.000	156.28558350
-0.550	-1.450	0.000	158.45211792
-0.450	-1.450	0.000	162.81953430
-0.350	-1.450	0.000	168.37806702
-0.250	-1.450	0.000	173.85559082
-0.150	-1.450	0.000	180.89651489
-0.050	-1.450	0.000	186.40324402
0.050	-1.450	0.000	192.39236450
0.150	-1.450	0.000	196.84419250
0.250	-1.450	0.000	200.31321716
0.350	-1.450	0.000	202.07244873
0.450	-1.450	0.000	202.92498779
0.550	-1.450	0.000	201.81346130
0.650	-1.450	0.000	201.25558472
0.750	-1.450	0.000	199.89700317
0.850	-1.450	0.000	199.19432068
0.950	-1.450	0.000	201.12820435
1.050	-1.450	0.000	205.58120728
1.150	-1.450	0.000	212.80288696
1.250	-1.450	0.000	221.69659424
1.350	-1.450	0.000	229.41461182
1.450	-1.450	0.000	233.41087341
1.550	-1.450	0.000	231.67807007
1.650	-1.450	0.000	226.70738220
1.750	-1.450	0.000	216.82524109
1.850	-1.450	0.000	208.34634399
1.950	-1.450	0.000	194.99346924
2.050	-1.450	0.000	185.75912476
2.150	-1.450	0.000	173.55444336
2.250	-1.450	0.000	164.33235168
2.350	-1.450	0.000	156.59057617
2.450	-1.450	0.000	151.57365417
-2.450	-1.350	0.000	161.57235718
-2.350	-1.350	0.000	157.21612549
-2.250	-1.350	0.000	162.12692261
-2.150	-1.350	0.000	168.70448303
-2.050	-1.350	0.000	187.16000366
-1.950	-1.350	0.000	209.03881836
-1.850	-1.350	0.000	231.58584595
-1.750	-1.350	0.000	248.34884644
-1.650	-1.350	0.000	258.28500366
-1.550	-1.350	0.000	260.74777222
-1.450	-1.350	0.000	255.64694214
-1.350	-1.350	0.000	242.74655151
-1.250	-1.350	0.000	223.65097046
-1.150	-1.350	0.000	203.03842163
-1.050	-1.350	0.000	185.12405396
-0.950	-1.350	0.000	173.27371216
-0.850	-1.350	0.000	166.81089783
-0.750	-1.350	0.000	164.45175171
-0.650	-1.350	0.000	165.85772705
-0.550	-1.350	0.000	168.63201904
-0.450	-1.350	0.000	173.14306641
-0.350	-1.350	0.000	179.19653320
-0.250	-1.350	0.000	184.47393799
-0.150	-1.350	0.000	191.38452148
-0.050	-1.350	0.000	196.19714355
0.050	-1.350	0.000	201.13708496
0.150	-1.350	0.000	204.23533630
0.250	-1.350	0.000	206.30004883
0.350	-1.350	0.000	206.67192078
0.450	-1.350	0.000	205.99446106
0.550	-1.350	0.000	203.54925537
0.650	-1.350	0.000	202.63964844
0.750	-1.350	0.000	200.16090393
0.850	-1.350	0.000	199.00566101
0.950	-1.350	0.000	200.00819397
1.050	-1.350	0.000	203.04013062
1.150	-1.350	0.000	208.33810425
1.250	-1.350	0.000	215.36819458
1.350	-1.350	0.000	221.67263794
1.450	-1.350	0.000	225.12393188
1.550	-1.350	0.000	223.19108582
1.650	-1.350	0.000	217.69464111
1.750	-1.350	0.000	207.15975952
1.850	-1.350	0.000	197.48348999
1.950	-1.350	0.000	183.52642822
2.050	-1.350	0.000	173.66563416
2.150	-1.350	0.000	162.50344849
2.250	-1.350	0.000	154.41148376
2.350	-1.350	0.000	147.79042053
2.450	-1.350	0.000	143.93016052
-2.450	-1.250	0.000	164.68585205
-2.350	-1.250	0.000	160.13417053
-2.250	-1.250	0.000	164.80603027
-2.150	-1.250	0.000	170.39584351
-2.050	-1.250	0.000	187.15884399
-1.950	-1.250	0.000	206.85490417
-1.850	-1.250	0.000	228.01954651
-1.750	-1.250	0.000	244.45892334
-1.650	-1.250	0.000	254.89991760
-1.550	-1.250	0.000	257.94628906
-1.450	-1.250	0.000	253.28082275
-1.350	-1.250	0.000	240.85101318
-1.250	-1.250	0.000	222.89895630
-1.150	-1.250	0.000	204.00753784
-1.050	-1.250	0.000	187.40768433
-0.950	-1.250	0.000	176.49475098
-0.850	-1.250	0.000	170.53729248
-0.750	-1.250	0.000	168.85812378
-0.650	-1.250	0.000	170.77645874
-0.550	-1.250	0.000	174.24838257
-0.450	-1.250	0.000	179.05651855
-0.350	-1.250	0.000	185.46075439
-0.250	-1.250	0.000	190.95573425
-0.150	-1.250	0.000	197.75140381
-0.050	-1.250	0.000	202.14123535
0.050	-1.250	0.000	206.48327637
0.150	-1.250	0.000	208.60533142
0.250	-1.250	0.000	209.57751465
0.350	-1.250	0.000	208.71539307
0.450	-1.250	0.000	207.49230957
0.550	-1.250	0.000	204.47033691
0.650	-1.250	0.000	202.35699463
0.750	-1.250	0.000	199.14755249
0.850	-1.250	0.000	197.53735352
0.950	-1.250	0.000	197.35026550
1.050	-1.250	0.000	198.81015015
1.150	-1.250	0.000	201.97146606
1.250	-1.250	0.000	206.54400635
1.350	-1.250	0.000	210.84701538
1.450	-1.250	0.000	213.06149292
1.550	-1.250	0.000	210.59597778
1.650	-1.250	0.000	204.48559570
1.750	-1.250	0.000	193.64089966
1.850	-1.250	0.000	183.22257996
1.950	-1.250	0.000	169.80941772
2.050	-1.250	0.000	160.26513672
2.150	-1.250	0.000	150.76200867
2.250	-1.250	0.000	144.41932678
2.350	-1.250	0.000	139.14770508
2.450	-1.250	0.000	136.87716675
-2.450	-1.150	0.000	168.53796387
-2.350	-1.150	0.000	163.56385803
-2.250	-1.150	0.000	167.73280334
-2.150	-1.150	0.000	172.17723083
-2.050	-1.150	0.000	187.21215820
-1.950	-1.150	0.000	204.71063232
-1.850	-1.150	0.000	224.13058472
-1.750	-1.150	0.000	239.58389282
-1.650	-1.150	0.000	249.83799744
-1.550	-1.150	0.000	253.15417480
-1.450	-1.150	0.000	249.08654785
-1.350	-1.150	0.000	238.15246582
-1.250	-1.150	0.000	222.14509583
-1.150	-1.150	0.000	205.03398132
-1.050	-1.150	0.000	190.05683899
-0.950	-1.150	0.000	181.38658142
-0.850	-1.150	0.000	176.55267334
-0.750	-1.150	0.000	175.83546448
-0.650	-1.150	0.000	178.01525879
-0.550	-1.150	0.000	182.01620483
-0.450	-1.150	0.000	187.03512573
-0.350	-1.150	0.000	193.86309814
-0.250	-1.150	0.000	199.14929199
-0.150	-1.150	0.000	205.59596252
-0.050	-1.150	0.000	209.37484741
0.050	-1.150	0.000	212.65681458
0.150	-1.150	0.000	213.39547729
0.250	-1.150	0.000	213.11718750
0.350	-1.150	0.000	210.98495483
0.450	-1.150	0.000	208.13385010
0.550	-1.150	0.000	203.80720520
0.650	-1.150	0.000	201.37248230
0.750	-1.150	0.000	196.80700684
0.850	-1.150	0.000	194.07142639
0.950	-1.150	0.000	192.39807129
1.050	-1.150	0.000	192.18829346
1.150	-1.150	0.000	193.38146973
1.250	-1.150	0.000	195.92578125
1.350	-1.150	0.000	198.42242432
1.450	-1.150	0.000	199.36471558
1.550	-1.150	0.000	196.61526489
1.650	-1.150	0.000	190.23448181
1.750	-1.150	0.000	179.63993835
1.850	-1.150	0.000	168.83865356
1.950	-1.150	0.000	157.06652832
2.050	-1.150	0.000	148.84510803
2.150	-1.150	0.000	140.91302490
2.250	-1.150	0.000	135.76437378
2.350	-1.150	0.000	131.25247192
2.450	-1.150	0.000	129.74681091
-2.450	-1.050	0.000	172.12399292
-2.350	-1.050	0.000	166.92605591
-2.250	-1.050	0.000	170.69403076
-2.150	-1.050	0.000	174.21623230
-2.050	-1.050	0.000	187.61805725
-1.950	-1.050	0.000	203.00289917
-1.850	-1.050	0.000	220.76455688
-1.750	-1.050	0.000	235.40036011
-1.650	-1.050	0.000	245.49755859
-1.550	-1.050	0.000	248.36383057
-1.450	-1.050	0.000	244.45281982
-1.350	-1.050	0.000	233.89411926
-1.250	-1.050	0.000	218.29464722
-1.150	-1.050	0.000	202.23681641
-1.050	-1.050	0.000	188.84954834
-0.950	-1.050	0.000	181.56892395
-0.850	-1.050	0.000	177.22113037
-0.750	-1.050	0.000	177.54034424
-0.650	-1.050	0.000	180.44198608
-0.550	-1.050	0.000	185.64379883
-0.450	-1.050	0.000	191.32781982
-0.350	-1.050	0.000	198.44338989
-0.250	-1.050	0.000	203.73382568
-0.150	-1.050	0.000	209.81503296
-0.050	-1.050	0.000	212.98770142
0.050	-1.050	0.000	215.48123169
0.150	-1.050	0.000	215.14944458
0.250	-1.050	0.000	213.67236328
0.350	-1.050	0.000	210.30554199
0.450	-1.050	0.000	206.51583862
0.550	-1.050	0.000	201.41638184
0.650	-1.050	0.000	197.91891479
0.750	-1.050	0.000	193.31434631
0.850	-1.050	0.000	190.75050354
0.950	-1.050	0.000	189.06515503
1.050	-1.050	0.000	188.35165405
1.150	-1.050	0.000	188.56478882
1.250	-1.050	0.000	189.13296509
1.350	-1.050	0.000	189.37213135
1.450	-1.050	0.000	188.90423584
1.550	-1.050	0.000	185.65629578
1.650	-1.050	0.000	179.49682617
1.750	-1.050	0.000	169.66183472
1.850	-1.050	0.000	159.55802917
1.950	-1.050	0.000	148.44363403
2.050	-1.050	0.000	140.33433533
2.150	-1.050	0.000	133.54388428
2.250	-1.050	0.000	129.95147705
2.350	-1.050	0.000	126.57302856
2.450	-1.050	0.000	126.59248352
-2.450	-0.950	0.000	176.97613525
-2.350	-0.950	0.000	171.14291382
-2.250	-0.950	0.000	174.19094849
-2.150	-0.950	0.000	176.36512756
-2.050	-0.950	0.000	188.12591553
-1.950	-0.950	0.000	201.48605347
-1.850	-0.950	0.000	217.42710876
-1.750	-0.950	0.000	230.52252197
-1.650	-0.950	0.000	239.91046143
-1.550	-0.950	0.000	242.71426392
-1.450	-0.950	0.000	238.60353088
-1.350	-0.950	0.000	228.32888794
-1.250	-0.950	0.000	213.97369385
-1.150	-0.950	0.000	198.94201660
-1.050	-0.950	0.000	186.46582031
-0.950	-0.950	0.000	180.26495361
-0.850	-0.950	0.000	176.47703552
-0.750	-0.950	0.000	178.14761353
-0.650	-0.950	0.000	181.44506836
-0.550	-0.950	0.000	187.02774048
-0.450	-0.950	0.000	192.94583130
-0.350	-0.950	0.000	200.34634399
-0.250	-0.950	0.000	206.00830078
-0.150	-0.950	0.000	211.61616516
-0.050	-0.950	0.000	214.09495544
0.050	-0.950	0.000	215.56835938
0.150	-0.950	0.000	214.34745789
0.250	-0.950	0.000	211.90866089
0.350	-0.950	0.000	207.69577026
0.450	-0.950	0.000	203.16333008
0.550	-0.950	0.000	197.68571472
0.650	-0.950	0.000	193.65364075
0.750	-0.950	0.000	188.54150391
0.850	-0.950	0.000	185.36341858
0.950	-0.950	0.000	183.21282959
1.050	-0.950	0.000	181.92675781
1.150	-0.950	0.000	181.25242615
1.250	-0.950	0.000	181.36428833
1.350	-0.950	0.000	181.14889526
1.450	-0.950	0.000	180.00640869
1.550	-0.950	0.000	176.77546692
1.650	-0.950	0.000	171.14572144
1.750	-0.950	0.000	162.76669312
1.850	-0.950	0.000	153.26028442
1.950	-0.950	0.000	143.08322144
2.050	-0.950	0.000	135.63769531
2.150	-0.950	0.000	129.19586182
2.250	-0.950	0.000	126.21534729
2.350	-0.950	0.000	123.36835480
2.450	-0.950	0.000	123.37117004
-2.450	-0.850	0.000	180.26116943
-2.350	-0.850	0.000	174.12170410
-2.250	-0.850	0.000	176.91125488
-2.150	-0.850	0.000	178.73901367
-2.050	-0.850	0.000	189.62454224
-1.950	-0.850	0.000	201.44953918
-1.850	-0.850	0.000	215.98263550
-1.750	-0.850	0.000	228.25244141
-1.650	-0.850	0.000	236.51303101
-1.550	-0.850	0.000	238.13848877
-1.450	-0.850	0.000	233.31881714
-1.350	-0.850	0.000	222.36088562
-1.250	-0.850	0.000	207.90567017
-1.150	-0.850	0.000	193.82095337
-1.050	-0.850	0.000	182.92062378
-0.950	-0.850	0.000	177.57044983
-0.850	-0.850	0.000	174.21475220
-0.750	-0.850	0.000	176.42001343
-0.650	-0.850	0.000	180.11343384
-0.550	-0.850	0.000	186.40734863
-0.450	-0.850	0.000	192.75886536
-0.350	-0.850	0.000	200.08850098
-0.250	-0.850	0.000	205.27583313
-0.150	-0.850	0.000	210.28053284
-0.050	-0.850	0.000	212.11833191
0.050	-0.850	0.000	212.75271606
0.150	-0.850	0.000	210.66038513
0.250	-0.850	0.000	207.49822998
0.350	-0.850	0.000	202.78771973
0.450	-0.850	0.000	197.68695068
0.550	-0.850	0.000	192.45309448
0.650	-0.850	0.000	188.07989502
0.750	-0.850	0.000	184.36709595
0.850	-0.850	0.000	181.96826172
0.950	-0.850	0.000	180.52963257
1.050	-0.850	0.000	179.31900024
1.150	-0.850	0.000	178.58752441
1.250	-0.850	0.000	178.21868896
1.350	-0.850	0.000	177.35154724
1.450	-0.850	0.000	175.78973389
1.550	-0.850	0.000	172.33346558
1.650	-0.850	0.000	166.21258545
1.750	-0.850	0.000	158.03791809
1.850	-0.850	0.000	148.93057251
1.950	-0.850	0.000	140.21745300
2.050	-0.850	0.000	134.12149048
2.150	-0.850	0.000	128.60009766
2.250	-0.850	0.000	127.58520508
2.350	-0.850	0.000	125.32154846
2.450	-0.850	0.000	126.92108154
-2.450	-0.750	0.000	185.77967834
-2.350	-0.750	0.000	179.35589600
-2.250	-0.750	0.000	181.63366699
-2.150	-0.750	0.000	182.34072876
-2.050	-0.750	0.000	191.68383789
-1.950	-0.750	0.000	202.53446960
-1.850	-0.750	0.000	216.28195190
-1.750	-0.750	0.000	227.25923157
-1.650	-0.750	0.000	234.76712036
-1.550	-0.750	0.000	235.62347412
-1.450	-0.750	0.000	229.58312988
-1.350	-0.750	0.000	217.48046875
-1.250	-0.750	0.000	202.05970764
-1.150	-0.750	0.000	187.27066040
-1.050	-0.750	0.000	176.75637817
-0.950	-0.750	0.000	172.20907593
-0.850	-0.750	0.000	169.71583557
-0.750	-0.750	0.000	172.34548950
-0.650	-0.750	0.000	176.31423950
-0.550	-0.750	0.000	182.58615112
-0.450	-0.750	0.000	188.85153198
-0.350	-0.750	0.000	195.87104797
-0.250	-0.750	0.000	200.89801025
-0.150	-0.750	0.000	205.27951050
-0.050	-0.750	0.000	206.54714966
0.050	-0.750	0.000	206.84446716
0.150	-0.750	0.000	204.45080566
0.250	-0.750	0.000	201.02957153
0.350	-0.750	0.000	196.34912109
0.450	-0.750	0.000	191.44036865
0.550	-0.750	0.000	186.62893677
0.650	-0.750	0.000	182.84094238
0.750	-0.750	0.000	179.24218750
0.850	-0.750	0.000	177.10424805
0.950	-0.750	0.000	176.00979614
1.050	-0.750	0.000	175.17630005
1.150	-0.750	0.000	174.92642212
1.250	-0.750	0.000	174.84303284
1.350	-0.750	0.000	174.14869690
1.450	-0.750	0.000	172.84265137
1.550	-0.750	0.000	170.14906311
1.650	-0.750	0.000	165.06198120
1.750	-0.750	0.000	158.47439575
1.850	-0.750	0.000	149.98416138
1.950	-0.750	0.000	141.67782593
2.050	-0.750	0.000	135.70295715
2.150	-0.750	0.000	129.75845337
2.250	-0.750	0.000	129.50939941
2.350	-0.750	0.000	127.33042908
2.450	-0.750	0.000	129.57545471
-2.450	-0.650	0.000	189.19418335
-2.350	-0.650	0.000	182.36239624
-2.250	-0.650	0.000	184.55505371
-2.150	-0.650	0.000	185.61041260
-2.050	-0.650	0.000	195.75119019
-1.950	-0.650	0.000	206.56581116
-1.850	-0.650	0.000	219.62615967
-1.750	-0.650	0.000	230.22052002
-1.650	-0.650	0.000	237.00607300
-1.550	-0.650	0.000	236.42935181
-1.450	-0.650	0.000	228.43775940
-1.350	-0.650	0.000	214.52291870
-1.250	-0.650	0.000	197.90281677
-1.150	-0.650	0.000	182.52603149
-1.050	-0.650	0.000	171.52645874
-0.950	-0.650	0.000	166.27850342
-0.850	-0.650	0.000	163.69657898
-0.750	-0.650	0.000	166.51281738
-0.650	-0.650	0.000	170.84960938
-0.550	-0.650	0.000	177.42828369
-0.450	-0.650	0.000	183.77301025
-0.350	-0.650	0.000	190.47468567
-0.250	-0.650	0.000	195.16427612
-0.150	-0.650	0.000	199.00344849
-0.050	-0.650	0.000	199.83947754
0.050	-0.650	0.000	199.92561340
0.150	-0.650	0.000	197.32022095
0.250	-0.650	0.000	193.77717590
0.350	-0.650	0.000	189.30126953
0.450	-0.650	0.000	184.47744751
0.550	-0.650	0.000	180.16206360
0.650	-0.650	0.000	176.66076660
0.750	-0.650	0.000	174.20053101
0.850	-0.650	0.000	173.01937866
0.950	-0.650	0.000	173.01507568
1.050	-0.650	0.000	173.01196289
1.150	-0.650	0.000	173.66502380
1.250	-0.650	0.000	174.00941467
1.350	-0.650	0.000	173.96276855
1.450	-0.650	0.000	172.35708618
1.550	-0.650	0.000	169.94250488
1.650	-0.650	0.000	164.68478394
1.750	-0.650	0.000	158.88253784
1.850	-0.650	0.000	151.67858887
1.950	-0.650	0.000	144.81813049
2.050	-0.650	0.000	141.05331421
2.150	-0.650	0.000	135.70129395
2.250	-0.650	0.000	136.70001221
2.350	-0.650	0.000	135.26458740
2.450	-0.650	0.000	138.34259033
-2.450	-0.550	0.000	193.74613953
-2.350	-0.550	0.000	187.24874878
-2.250	-0.550	0.000	189.93572998
-2.150	-0.550	0.000	191.15643311
-2.050	-0.550	0.000	200.69628906
-1.950	-0.550	0.000	211.80041504
-1.850	-0.550	0.000	226.10812378
-1.750	-0.550	0.000	237.39251709
-1.650	-0.550	0.000	243.47163391
-1.550	-0.550	0.000	241.98779297
-1.450	-0.550	0.000	232.53445435
-1.350	-0.550	0.000	215.91641235
-1.250	-0.550	0.000	196.38174438
-1.150	-0.550	0.000	178.82617188
-1.050	-0.550	0.000	166.77392578
-0.950	-0.550	0.000	161.00903320
-0.850	-0.550	0.000	158.35745239
-0.750	-0.550	0.000	160.61386108
-0.650	-0.550	0.000	164.52420044
-0.550	-0.550	0.000	170.45791626
-0.450	-0.550	0.000	176.33940125
-0.350	-0.550	0.000	182.54055786
-0.250	-0.550	0.000	187.06857300
-0.150	-0.550	0.000	190.48397827
-0.050	-0.550	0.000	191.29995728
0.050	-0.550	0.000	191.23242188
0.150	-0.550	0.000	188.81173706
0.250	-0.550	0.000	185.51113892
0.350	-0.550	0.000	181.28659058
0.450	-0.550	0.000	177.04293823
0.550	-0.550	0.000	173.22419739
0.650	-0.550	0.000	170.37915039
0.750	-0.550	0.000	168.67271423
0.850	-0.550	0.000	168.18435669
0.950	-0.550	0.000	169.17021179
1.050	-0.550	0.000	170.50476074
1.150	-0.550	0.000	172.15396118
1.250	-0.550	0.000	173.32307434
1.350	-0.550	0.000	174.12950134
1.450	-0.550	0.000	173.60626221
1.550	-0.550	0.000	172.63754272
1.650	-0.550	0.000	168.43429565
1.750	-0.550	0.000	163.96977234
1.850	-0.550	0.000	157.45138550
1.950	-0.550	0.000	150.46746826
2.050	-0.550	0.000	147.47473145
2.150	-0.550	0.000	141.91937256
2.250	-0.550	0.000	145.81367493
2.350	-0.550	0.000	144.75717163
2.450	-0.550	0.000	150.35946655
-2.450	-0.450	0.000	195.81080627
-2.350	-0.450	0.000	189.94799805
-2.250	-0.450	0.000	193.61724854
-2.150	-0.450	0.000	196.18316650
-2.050	-0.450	0.000	208.26168823
-1.950	-0.450	0.000	222.06420898
-1.850	-0.450	0.000	237.71441650
-1.750	-0.450	0.000	250.14178467
-1.650	-0.450	0.000	257.37432861
-1.550	-0.450	0.000	255.75704956
-1.450	-0.450	0.000	243.92843628
-1.350	-0.450	0.000	223.83364868
-1.250	-0.450	0.000	200.53558350
-1.150	-0.450	0.000	179.86068726
-1.050	-0.450	0.000	165.15321350
-0.950	-0.450	0.000	157.15203857
-0.850	-0.450	0.000	153.81414795
-0.750	-0.450	0.000	155.19238281
-0.650	-0.450	0.000	158.57653809
-0.550	-0.450	0.000	164.14532471
-0.450	-0.450	0.000	169.59658813
-0.350	-0.450	0.000	175.36538696
-0.250	-0.450	0.000	179.41952515
-0.150	-0.450	0.000	182.45114136
-0.050	-0.450	0.000	183.13854980
0.050	-0.450	0.000	183.00885010
0.150	-0.450	0.000	180.65875244
0.250	-0.450	0.000	177.45050049
0.350	-0.450	0.000	173.44464111
0.450	-0.450	0.000	169.22180176
0.550	-0.450	0.000	165.89727783
0.650	-0.450	0.000	163.64337158
0.750	-0.450	0.000	163.25234985
0.850	-0.450	0.000	164.27896118
0.950	-0.450	0.000	166.75311279
1.050	-0.450	0.000	169.77893066
1.150	-0.450	0.000	172.77810669
1.250	-0.450	0.000	175.21069336
1.350	-0.450	0.000	176.95776367
1.450	-0.450	0.000	176.53454590
1.550	-0.450	0.000	175.95657349
1.650	-0.450	0.000	171.94427490
1.750	-0.450	0.000	168.89511108
1.850	-0.450	0.000	164.70809937
1.950	-0.450	0.000	158.68846130
2.050	-0.450	0.000	157.04693604
2.150	-0.450	0.000	151.37243652
2.250	-0.450	0.000	157.49081421
2.350	-0.450	0.000	156.38467407
2.450	-0.450	0.000	165.10385132
-2.450	-0.350	0.000	199.75596619
-2.350	-0.350	0.000	194.50332642
-2.250	-0.350	0.000	199.12559509
-2.150	-0.350	0.000	203.12129211
-2.050	-0.350	0.000	216.89263916
-1.950	-0.350	0.000	232.89794922
-1.850	-0.350	0.000	251.12368774
-1.750	-0.350	0.000	266.38827515
-1.650	-0.350	0.000	274.88159180
-1.550	-0.350	0.000	273.87628174
-1.450	-0.350	0.000	262.45446777
-1.350	-0.350	0.000	240.59341431
-1.250	-0.350	0.000	213.16291809
-1.150	-0.350	0.000	187.35603333
-1.050	-0.350	0.000	168.19102478
-0.950	-0.350	0.000	156.70065308
-0.850	-0.350	0.000	152.05636597
-0.750	-0.350	0.000	152.07600403
-0.650	-0.350	0.000	154.32708740
-0.550	-0.350	0.000	159.03787231
-0.450	-0.350	0.000	163.97676086
-0.350	-0.350	0.000	169.10235596
-0.250	-0.350	0.000	172.82727051
-0.150	-0.350	0.000	175.57077026
-0.050	-0.350	0.000	176.04618835
0.050	-0.350	0.000	175.96392822
0.150	-0.350	0.000	173.70953369
0.250	-0.350	0.000	170.76657104
0.350	-0.350	0.000	167.03744507
0.450	-0.350	0.000	163.19648743
0.550	-0.350	0.000	160.57279968
0.650	-0.350	0.000	158.77130127
0.750	-0.350	0.000	159.17266846
0.850	-0.350	0.000	161.25244141
0.950	-0.350	0.000	164.88427734
1.050	-0.350	0.000	169.52099609
1.150	-0.350	0.000	173.68887329
1.250	-0.350	0.000	177.52523804
1.350	-0.350	0.000	180.17535400
1.450	-0.350	0.000	181.14329529
1.550	-0.350	0.000	182.08596802
1.650	-0.350	0.000	178.51863098
1.750	-0.350	0.000	176.37979126
1.850	-0.350	0.000	171.62223816
1.950	-0.350	0.000	166.90185547
2.050	-0.350	0.000	167.77146912
2.150	-0.350	0.000	161.48773193
2.250	-0.350	0.000	170.18077087
2.350	-0.350	0.000	167.75198364
2.450	-0.350	0.000	179.14974976
-2.450	-0.250	0.000	199.87451172
-2.350	-0.250	0.000	196.21261597
-2.250	-0.250	0.000	202.81184387
-2.150	-0.250	0.000	209.84051514
-2.050	-0.250	0.000	226.90954590
-1.950	-0.250	0.000	245.34071350
-1.850	-0.250	0.000	264.65954590
-1.750	-0.250	0.000	280.90536499
-1.650	-0.250	0.000	290.91601562
-1.550	-0.250	0.000	292.47323608
-1.450	-0.250	0.000	283.67108154
-1.350	-0.250	0.000	263.43878174
-1.250	-0.250	0.000	234.26107788
-1.150	-0.250	0.000	203.66386414
-1.050	-0.250	0.000	178.69683838
-0.950	-0.250	0.000	162.59533691
-0.850	-0.250	0.000	154.94596863
-0.750	-0.250	0.000	152.68313599
-0.650	-0.250	0.000	152.74603271
-0.550	-0.250	0.000	156.46310425
-0.450	-0.250	0.000	160.40644836
-0.350	-0.250	0.000	164.78628540
-0.250	-0.250	0.000	167.94177246
-0.150	-0.250	0.000	170.31979370
-0.050	-0.250	0.000	170.53958130
0.050	-0.250	0.000	170.29177856
0.150	-0.250	0.000	168.18148804
0.250	-0.250	0.000	165.13555908
0.350	-0.250	0.000	161.43582153
0.450	-0.250	0.000	157.67900085
0.550	-0.250	0.000	155.64962769
0.650	-0.250	0.000	154.10737610
0.750	-0.250	0.000	155.45243835
0.850	-0.250	0.000	159.15307617
0.950	-0.250	0.000	164.44302368
1.050	-0.250	0.000	171.03225708
1.150	-0.250	0.000	176.91445923
1.250	-0.250	0.000	182.22950745
1.350	-0.250	0.000	186.07206726
1.450	-0.250	0.000	187.04017639
1.550	-0.250	0.000	187.59631348
1.650	-0.250	0.000	184.31491089
1.750	-0.250	0.000	183.87803650
1.850	-0.250	0.000	180.54058838
1.950	-0.250	0.000	175.49053955
2.050	-0.250	0.000	175.70471191
2.150	-0.250	0.000	168.84242249
2.250	-0.250	0.000	179.42013550
2.350	-0.250	0.000	176.38879395
2.450	-0.250	0.000	190.30155945
-2.450	-0.150	0.000	202.33283997
-2.350	-0.150	0.000	199.70550537
-2.250	-0.150	0.000	208.26004028
-2.150	-0.150	0.000	217.33749390
-2.050	-0.150	0.000	236.24966431
-1.950	-0.150	0.000	255.64166260
-1.850	-0.150	0.000	275.31796265
-1.750	-0.150	0.000	291.78015137
-1.650	-0.150	0.000	302.47299194
-1.550	-0.150	0.000	305.58972168
-1.450	-0.150	0.000	299.55261230
-1.350	-0.150	0.000	283.14404297
-1.250	-0.150	0.000	257.72125244
-1.150	-0.150	0.000	227.75498962
-1.050	-0.150	0.000	198.96627808
-0.950	-0.150	0.000	175.99691772
-0.850	-0.150	0.000	163.12101746
-0.750	-0.150	0.000	157.56689453
-0.650	-0.150	0.000	155.64144897
-0.550	-0.150	0.000	157.60845947
-0.450	-0.150	0.000	159.96612549
-0.350	-0.150	0.000	163.21084595
-0.250	-0.150	0.000	165.98629761
-0.150	-0.150	0.000	167.80320740
-0.050	-0.150	0.000	167.65890503
0.050	-0.150	0.000	167.08410645
0.150	-0.150	0.000	164.87678528
0.250	-0.150	0.000	161.85719299
0.350	-0.150	0.000	158.03085327
0.450	-0.150	0.000	154.53135681
0.550	-0.150	0.000	152.85305786
0.650	-0.150	0.000	151.95187378
0.750	-0.150	0.000	154.19976807
0.850	-0.150	0.000	159.32977295
0.950	-0.150	0.000	166.07797241
1.050	-0.150	0.000	174.31127930
1.150	-0.150	0.000	181.11157227
1.250	-0.150	0.000	187.67022705
1.350	-0.150	0.000	191.49075317
1.450	-0.150	0.000	193.05249023
1.550	-0.150	0.000	194.56539917
1.650	-0.150	0.000	191.23417664
1.750	-0.150	0.000	189.48281860
1.850	-0.150	0.000	185.69737244
1.950	-0.150	0.000	180.30648804
2.050	-0.150	0.000	182.22317505
2.150	-0.150	0.000	175.08627319
2.250	-0.150	0.000	186.92019653
2.350	-0.150	0.000	183.70306396
2.450	-0.150	0.000	198.82489014
-2.450	-0.050	0.000	201.43481445
-2.350	-0.050	0.000	200.53799438
-2.250	-0.050	0.000	211.24267578
-2.150	-0.050	0.000	222.79397583
-2.050	-0.050	0.000	242.83245850
-1.950	-0.050	0.000	261.48458862
-1.850	-0.050	0.000	280.28320312
-1.750	-0.050	0.000	296.52655029
-1.650	-0.050	0.000	308.50573730
-1.550	-0.050	0.000	313.04553223
-1.450	-0.050	0.000	308.52868652
-1.350	-0.050	0.000	295.31967163
-1.250	-0.050	0.000	274.96499634
-1.150	-0.050	0.000	250.24929810
-1.050	-0.050	0.000	223.96902466
-0.950	-0.050	0.000	199.16427612
-0.850	-0.050	0.000	181.25827026
-0.750	-0.050	0.000	169.31484985
-0.650	-0.050	0.000	163.74526978
-0.550	-0.050	0.000	162.60583496
-0.450	-0.050	0.000	163.28942871
-0.350	-0.050	0.000	165.86048889
-0.250	-0.050	0.000	167.28997803
-0.150	-0.050	0.000	167.90269470
-0.050	-0.050	0.000	167.30705261
0.050	-0.050	0.000	166.37048340
0.150	-0.050	0.000	163.90791321
0.250	-0.050	0.000	160.96578979
0.350	-0.050	0.000	156.92858887
0.450	-0.050	0.000	153.46057129
0.550	-0.050	0.000	152.03683472
0.650	-0.050	0.000	151.59124756
0.750	-0.050	0.000	154.47918701
0.850	-0.050	0.000	161.01721191
0.950	-0.050	0.000	169.03115845
1.050	-0.050	0.000	178.62016296
1.150	-0.050	0.000	186.47189331
1.250	-0.050	0.000	193.10794067
1.350	-0.050	0.000	197.54110718
1.450	-0.050	0.000	199.23815918
1.550	-0.050	0.000	199.06054688
1.650	-0.050	0.000	195.00970459
1.750	-0.050	0.000	193.50549316
1.850	-0.050	0.000	190.05541992
1.950	-0.050	0.000	183.56028748
2.050	-0.050	0.000	186.21255493
2.150	-0.050	0.000	179.05816650
2.250	-0.050	0.000	190.49804688
2.350	-0.050	0.000	188.21513367
2.450	-0.050	0.000	202.84472656
-2.450	0.050	0.000	201.46057129
-2.350	0.050	0.000	202.88768005
-2.250	0.050	0.000	214.45066833
-2.150	0.050	0.000	226.37057495
-2.050	0.050	0.000	245.29663086
-1.950	0.050	0.000	261.88031006
-1.850	0.050	0.000	279.97802734
-1.750	0.050	0.000	296.51293945
-1.650	0.050	0.000	309.52777100
-1.550	0.050	0.000	315.58499146
-1.450	0.050	0.000	313.10321045
-1.350	0.050	0.000	302.78625488
-1.250	0.050	0.000	286.13775635
-1.150	0.050	0.000	266.01019287
-1.050	0.050	0.000	245.35382080
-0.950	0.050	0.000	224.31541443
-0.850	0.050	0.000	205.42425537
-0.750	0.050	0.000	189.64935303
-0.650	0.050	0.000	180.37225342
-0.550	0.050	0.000	175.53692627
-0.450	0.050	0.000	171.44873047
-0.350	0.050	0.000	171.40054321
-0.250	0.050	0.000	170.98027039
-0.150	0.050	0.000	171.42376709
-0.050	0.050	0.000	170.07461548
0.050	0.050	0.000	168.83790588
0.150	0.050	0.000	165.52961731
0.250	0.050	0.000	162.46340942
0.350	0.050	0.000	158.20620728
0.450	0.050	0.000	155.22155762
0.550	0.050	0.000	153.98658752
0.650	0.050	0.000	154.00549316
0.750	0.050	0.000	157.74777222
0.850	0.050	0.000	165.13107300
0.950	0.050	0.000	174.26844788
1.050	0.050	0.000	184.59390259
1.150	0.050	0.000	192.29747009
1.250	0.050	0.000	199.81985474
1.350	0.050	0.000	203.18521118
1.450	0.050	0.000	204.03750610
1.550	0.050	0.000	203.81649780
1.650	0.050	0.000	199.14096069
1.750	0.050	0.000	196.17974854
1.850	0.050	0.000	191.07577515
1.950	0.050	0.000	183.87330627
2.050	0.050	0.000	185.46109009
2.150	0.050	0.000	179.42214966
2.250	0.050	0.000	189.80918884
2.350	0.050	0.000	188.66729736
2.450	0.050	0.000	202.47195435
-2.450	0.150	0.000	199.48495483
-2.350	0.150	0.000	202.71072388
-2.250	0.150	0.000	213.95187378
-2.150	0.150	0.000	225.26570129
-2.050	0.150	0.000	242.46037292
-1.950	0.150	0.000	257.51446533
-1.850	0.150	0.000	275.51617432
-1.750	0.150	0.000	292.21063232
-1.650	0.150	0.000	306.38064575
-1.550	0.150	0.000	313.63778687
-1.450	0.150	0.000	312.87023926
-1.350	0.150	0.000	304.47088623
-1.250	0.150	0.000	290.06866455
-1.150	0.150	0.000	274.16436768
-1.050	0.150	0.000	258.70291138
-0.950	0.150	0.000	244.41534424
-0.850	0.150	0.000	229.53771973
-0.750	0.150	0.000	214.90203857
-0.650	0.150	0.000	202.93334961
-0.550	0.150	0.000	193.94662476
-0.450	0.150	0.000	186.80673218
-0.350	0.150	0.000	183.63943481
-0.250	0.150	0.000	180.49349976
-0.150	0.150	0.000	178.26379395
-0.050	0.150	0.000	174.96987915
0.050	0.150	0.000	172.86157227
0.150	0.150	0.000	168.98956299
0.250	0.150	0.000	165.96823120
0.350	0.150	0.000	161.55621338
0.450	0.150	0.000	158.80303955
0.550	0.150	0.000	157.45333862
0.650	0.150	0.000	158.35342407
0.750	0.150	0.000	162.61550903
0.850	0.150	0.000	170.45852661
0.950	0.150	0.000	180.17871094
1.050	0.150	0.000	190.38168335
1.150	0.150	0.000	197.92805481
1.250	0.150	0.000	204.00480652
1.350	0.150	0.000	206.87202454
1.450	0.150	0.000	206.99728394
1.550	0.150	0.000	205.27584839
1.650	0.150	0.000	199.63708496
1.750	0.150	0.000	195.69812012
1.850	0.150	0.000	189.07214355
1.950	0.150	0.000	181.65747070
2.050	0.150	0.000	183.01336670
2.150	0.150	0.000	177.36940002
2.250	0.150	0.000	186.39482117
2.350	0.150	0.000	185.93109131
2.450	0.150	0.000	197.67718506
-2.450	0.250	0.000	196.81291199
-2.350	0.250	0.000	201.79733276
-2.250	0.250	0.000	211.74671936
-2.150	0.250	0.000	221.11816406
-2.050	0.250	0.000	235.79943848
-1.950	0.250	0.000	249.22070312
-1.850	0.250	0.000	266.93402100
-1.750	0.250	0.000	283.49917603
-1.650	0.250	0.000	298.60095215
-1.550	0.250	0.000	307.36325073
-1.450	0.250	0.000	308.46221924
-1.350	0.250	0.000	302.12139893
-1.250	0.250	0.000	289.98321533
-1.150	0.250	0.000	276.69100952
-1.050	0.250	0.000	264.33105469
-0.950	0.250	0.000	254.58761597
-0.850	0.250	0.000	246.34449768
-0.750	0.250	0.000	237.07347107
-0.650	0.250	0.000	226.59020996
-0.550	0.250	0.000	215.79148865
-0.450	0.250	0.000	206.57412720
-0.350	0.250	0.000	199.45819092
-0.250	0.250	0.000	192.78433228
-0.150	0.250	0.000	188.42852783
-0.050	0.250	0.000	183.53381348
0.050	0.250	0.000	180.36543274
0.150	0.250	0.000	175.40036011
0.250	0.250	0.000	171.66174316
0.350	0.250	0.000	166.63923645
0.450	0.250	0.000	163.84436035
0.550	0.250	0.000	162.54928589
0.650	0.250	0.000	163.43914795
0.750	0.250	0.000	168.19628906
0.850	0.250	0.000	175.79711914
0.950	0.250	0.000	185.89260864
1.050	0.250	0.000	195.46337891
1.150	0.250	0.000	202.78948975
1.250	0.250	0.000	208.75515747
1.350	0.250	0.000	210.56033325
1.450	0.250	0.000	209.90762329
1.550	0.250	0.000	206.68179321
1.650	0.250	0.000	199.38830566
1.750	0.250	0.000	193.52752686
1.850	0.250	0.000	184.62426758
1.950	0.250	0.000	176.57516479
2.050	0.250	0.000	175.88967896
2.150	0.250	0.000	170.67630005
2.250	0.250	0.000	178.24984741
2.350	0.250	0.000	177.65727234
2.450	0.250	0.000	188.23034668
-2.450	0.350	0.000	194.90553284
-2.350	0.350	0.000	199.26831055
-2.250	0.350	0.000	206.66030884
-2.150	0.350	0.000	212.81268311
-2.050	0.350	0.000	224.47850037
-1.950	0.350	0.000	236.37896729
-1.850	0.350	0.000	254.15582275
-1.750	0.350	0.000	271.24011230
-1.650	0.350	0.000	287.44250488
-1.550	0.350	0.000	296.44732666
-1.450	0.350	0.000	298.45944214
-1.350	0.350	0.000	293.34045410
-1.250	0.350	0.000	283.88745117
-1.150	0.350	0.000	273.60284424
-1.050	0.350	0.000	264.89761353
-0.950	0.350	0.000	258.36724854
-0.850	0.350	0.000	254.21981812
-0.750	0.350	0.000	249.90579224
-0.650	0.350	0.000	244.37185669
-0.550	0.350	0.000	236.40011597
-0.450	0.350	0.000	226.71739197
-0.350	0.350	0.000	217.26344299
-0.250	0.350	0.000	208.20462036
-0.150	0.350	0.000	200.68751526
-0.050	0.350	0.000	193.68609619
0.050	0.350	0.000	188.37725830
0.150	0.350	0.000	182.33105469
0.250	0.350	0.000	177.51623535
0.350	0.350	0.000	172.41108704
0.450	0.350	0.000	169.78421021
0.550	0.350	0.000	168.18856812
0.650	0.350	0.000	169.32516479
0.750	0.350	0.000	174.37860107
0.850	0.350	0.000	181.31059265
0.950	0.350	0.000	191.06738281
1.050	0.350	0.000	199.95004272
1.150	0.350	0.000	206.64926147
1.250	0.350	0.000	211.62557983
1.350	0.350	0.000	212.48860168
1.450	0.350	0.000	210.62957764
1.550	0.350	0.000	205.52044678
1.650	0.350	0.000	197.06304932
1.750	0.350	0.000	188.60856628
1.850	0.350	0.000	178.05572510
1.950	0.350	0.000	169.62860107
2.050	0.350	0.000	167.12962341
2.150	0.350	0.000	161.79582214
2.250	0.350	0.000	167.49395752
2.350	0.350	0.000	166.48793030
2.450	0.350	0.000	175.32131958
-2.450	0.450	0.000	191.72019958
-2.350	0.450	0.000	196.24734497
-2.250	0.450	0.000	201.27246094
-2.150	0.450	0.000	204.56988525
-2.050	0.450	0.000	212.20928955
-1.950	0.450	0.000	221.09408569
-1.850	0.450	0.000	237.86805725
-1.750	0.450	0.000	253.82136536
-1.650	0.450	0.000	271.18768311
-1.550	0.450	0.000	281.32000732
-1.450	0.450	0.000	284.25708008
-1.350	0.450	0.000	278.89520264
-1.250	0.450	0.000	271.16467285
-1.150	0.450	0.000	263.20791626
-1.050	0.450	0.000	258.27551270
-0.950	0.450	0.000	255.87945557
-0.850	0.450	0.000	255.14465332
-0.750	0.450	0.000	254.87954712
-0.650	0.450	0.000	253.30923462
-0.550	0.450	0.000	249.94830322
-0.450	0.450	0.000	242.10911560
-0.350	0.450	0.000	233.94404602
-0.250	0.450	0.000	222.78662109
-0.150	0.450	0.000	213.77478027
-0.050	0.450	0.000	204.43141174
0.050	0.450	0.000	197.55632019
0.150	0.450	0.000	190.05975342
0.250	0.450	0.000	184.40321350
0.350	0.450	0.000	178.85656738
0.450	0.450	0.000	175.79965210
0.550	0.450	0.000	174.19349670
0.650	0.450	0.000	175.16970825
0.750	0.450	0.000	180.19699097
0.850	0.450	0.000	187.27293396
0.950	0.450	0.000	196.36306763
1.050	0.450	0.000	204.46780396
1.150	0.450	0.000	211.20864868
1.250	0.450	0.000	214.46926880
1.350	0.450	0.000	213.82781982
1.450	0.450	0.000	210.52935791
1.550	0.450	0.000	203.41072083
1.650	0.450	0.000	193.06771851
1.750	0.450	0.000	182.38549805
1.850	0.450	0.000	169.81573486
1.950	0.450	0.000	159.99215698
2.050	0.450	0.000	155.50735474
2.150	0.450	0.000	149.92306519
2.250	0.450	0.000	154.12899780
2.350	0.450	0.000	152.50759888
2.450	0.450	0.000	160.48510742
-2.450	0.550	0.000	192.22433472
-2.350	0.550	0.000	194.98455811
-2.250	0.550	0.000	195.91668701
-2.150	0.550	0.000	195.37649536
-2.050	0.550	0.000	199.50384521
-1.950	0.550	0.000	205.38235474
-1.850	0.550	0.000	218.62805176
-1.750	0.550	0.000	231.95193481
-1.650	0.550	0.000	249.05084229
-1.550	0.550	0.000	259.74963379
-1.450	0.550	0.000	263.40267944
-1.350	0.550	0.000	258.32382202
-1.250	0.550	0.000	252.14329529
-1.150	0.550	0.000	247.89892578
-1.050	0.550	0.000	245.09545898
-0.950	0.550	0.000	247.22869873
-0.850	0.550	0.000	250.41159058
-0.750	0.550	0.000	253.83197021
-0.650	0.550	0.000	255.41076660
-0.550	0.550	0.000	255.86990356
-0.450	0.550	0.000	252.03855896
-0.350	0.550	0.000	245.82861328
-0.250	0.550	0.000	236.08325195
-0.150	0.550	0.000	225.89111328
-0.050	0.550	0.000	216.04379272
0.050	0.550	0.000	207.07572937
0.150	0.550	0.000	198.67018127
0.250	0.550	0.000	191.45980835
0.350	0.550	0.000	185.57357788
0.450	0.550	0.000	181.69250488
0.550	0.550	0.000	179.79766846
0.650	0.550	0.000	180.35107422
0.750	0.550	0.000	185.12402344
0.850	0.550	0.000	192.29190063
0.950	0.550	0.000	201.37074280
1.050	0.550	0.000	208.91746521
1.150	0.550	0.000	215.04661560
1.250	0.550	0.000	217.52087402
1.350	0.550	0.000	215.38079834
1.450	0.550	0.000	210.50035095
1.550	0.550	0.000	201.01841736
1.650	0.550	0.000	189.39978027
1.750	0.550	0.000	175.76045227
1.850	0.550	0.000	161.97402954
1.950	0.550	0.000	151.14254761
2.050	0.550	0.000	145.48693848
2.150	0.550	0.000	139.68247986
2.250	0.550	0.000	142.70195007
2.350	0.550	0.000	141.18789673
2.450	0.550	0.000	147.88354492
-2.450	0.650	0.000	193.54745483
-2.350	0.650	0.000	194.72958374
-2.250	0.650	0.000	192.96328735
-2.150	0.650	0.000	191.58581543
-2.050	0.650	0.000	191.56887817
-1.950	0.650	0.000	194.02458191
-1.850	0.650	0.000	200.91180420
-1.750	0.650	0.000	208.37834167
-1.650	0.650	0.000	221.55874634
-1.550	0.650	0.000	229.77372742
-1.450	0.650	0.000	233.15028381
-1.350	0.650	0.000	229.73754883
-1.250	0.650	0.000	227.44763184
-1.150	0.650	0.000	226.52470398
-1.050	0.650	0.000	229.38067627
-0.950	0.650	0.000	233.85446167
-0.850	0.650	0.000	240.55294800
-0.750	0.650	0.000	247.74163818
-0.650	0.650	0.000	253.07215881
-0.550	0.650	0.000	256.47668457
-0.450	0.650	0.000	256.27648926
-0.350	0.650	0.000	252.98255920
-0.250	0.650	0.000	246.13000488
-0.150	0.650	0.000	236.50549316
-0.050	0.650	0.000	226.66812134
0.050	0.650	0.000	216.82177734
0.150	0.650	0.000	207.22689819
0.250	0.650	0.000	199.15757751
0.350	0.650	0.000	192.31936646
0.450	0.650	0.000	187.94598389
0.550	0.650	0.000	185.64064026
0.650	0.650	0.000	185.94824219
0.750	0.650	0.000	190.35888672
0.850	0.650	0.000	197.03631592
0.950	0.650	0.000	205.36361694
1.050	0.650	0.000	212.24310303
1.150	0.650	0.000	217.55041504
1.250	0.650	0.000	218.80688477
1.350	0.650	0.000	216.02246094
1.450	0.650	0.000	209.98402405
1.550	0.650	0.000	199.18081665
1.650	0.650	0.000	185.29113770
1.750	0.650	0.000	169.42504883
1.850	0.650	0.000	153.84808350
1.950	0.650	0.000	141.64976501
2.050	0.650	0.000	134.75073242
2.150	0.650	0.000	129.14013672
2.250	0.650	0.000	130.73995972
2.350	0.650	0.000	129.16239929
2.450	0.650	0.000	135.40010071
-2.450	0.750	0.000	198.45527649
-2.350	0.750	0.000	197.07647705
-2.250	0.750	0.000	193.29272461
-2.150	0.750	0.000	190.54217529
-2.050	0.750	0.000	187.49353027
-1.950	0.750	0.000	187.36827087
-1.850	0.750	0.000	189.93116760
-1.750	0.750	0.000	191.93930054
-1.650	0.750	0.000	198.27780151
-1.550	0.750	0.000	200.35311890
-1.450	0.750	0.000	200.52899170
-1.350	0.750	0.000	199.75811768
-1.250	0.750	0.000	200.84997559
-1.150	0.750	0.000	204.22869873
-1.050	0.750	0.000	211.72459412
-0.950	0.750	0.000	218.91188049
-0.850	0.750	0.000	228.24429321
-0.750	0.750	0.000	237.95251465
-0.650	0.750	0.000	246.78295898
-0.550	0.750	0.000	252.82199097
-0.450	0.750	0.000	256.79107666
-0.350	0.750	0.000	255.86401367
-0.250	0.750	0.000	252.66677856
-0.150	0.750	0.000	245.22155762
-0.050	0.750	0.000	235.94885254
0.050	0.750	0.000	226.61343384
0.150	0.750	0.000	216.29318237
0.250	0.750	0.000	207.20434570
0.350	0.750	0.000	199.65377808
0.450	0.750	0.000	194.19343567
0.550	0.750	0.000	191.35440063
0.650	0.750	0.000	191.45471191
0.750	0.750	0.000	195.37541199
0.850	0.750	0.000	202.17285156
0.950	0.750	0.000	210.50875854
1.050	0.750	0.000	217.09881592
1.150	0.750	0.000	222.00491333
1.250	0.750	0.000	222.24026489
1.350	0.750	0.000	217.34652710
1.450	0.750	0.000	209.52005005
1.550	0.750	0.000	196.33889771
1.650	0.750	0.000	181.27911377
1.750	0.750	0.000	163.82498169
1.850	0.750	0.000	148.16735840
1.950	0.750	0.000	135.36140442
2.050	0.750	0.000	128.22103882
2.150	0.750	0.000	122.50430298
2.250	0.750	0.000	123.45848083
2.350	0.750	0.000	121.68606567
2.450	0.750	0.000	127.62586975
-2.450	0.850	0.000	206.89538574
-2.350	0.850	0.000	201.78178406
-2.250	0.850	0.000	197.74917603
-2.150	0.850	0.000	193.42845154
-2.050	0.850	0.000	188.71316528
-1.950	0.850	0.000	186.04527283
-1.850	0.850	0.000	183.90817261
-1.750	0.850	0.000	179.98556519
-1.650	0.850	0.000	181.26412964
-1.550	0.850	0.000	177.22213745
-1.450	0.850	0.000	175.00094604
-1.350	0.850	0.000	174.76422119
-1.250	0.850	0.000	177.51951599
-1.150	0.850	0.000	184.51516724
-1.050	0.850	0.000	194.00030518
-0.950	0.850	0.000	203.96536255
-0.850	0.850	0.000	215.35694885
-0.750	0.850	0.000	226.67340088
-0.650	0.850	0.000	237.83593750
-0.550	0.850	0.000	246.45661926
-0.450	0.850	0.000	253.02604675
-0.350	0.850	0.000	255.60269165
-0.250	0.850	0.000	255.16447449
-0.150	0.850	0.000	250.65710449
-0.050	0.850	0.000	243.40097046
0.050	0.850	0.000	234.43615723
0.150	0.850	0.000	224.09405518
0.250	0.850	0.000	214.72442627
0.350	0.850	0.000	205.81832886
0.450	0.850	0.000	199.68942261
0.550	0.850	0.000	195.93083191
0.650	0.850	0.000	195.61700439
0.750	0.850	0.000	198.86721802
0.850	0.850	0.000	205.63769531
0.950	0.850	0.000	213.28009033
1.050	0.850	0.000	219.91976929
1.150	0.850	0.000	224.14048767
1.250	0.850	0.000	223.79812622
1.350	0.850	0.000	219.17048645
1.450	0.850	0.000	211.06483459
1.550	0.850	0.000	197.52539062
1.650	0.850	0.000	181.62023926
1.750	0.850	0.000	163.42666626
1.850	0.850	0.000	146.73359680
1.950	0.850	0.000	133.19186401
2.050	0.850	0.000	125.34588623
2.150	0.850	0.000	119.04129028
2.250	0.850	0.000	119.40834045
2.350	0.850	0.000	117.75471497
2.450	0.850	0.000	123.08392334
-2.450	0.950	0.000	217.70950317
-2.350	0.950	0.000	210.88461304
-2.250	0.950	0.000	206.30265808
-2.150	0.950	0.000	200.42605591
-2.050	0.950	0.000	194.80949402
-1.950	0.950	0.000	189.17189026
-1.850	0.950	0.000	185.14471436
-1.750	0.950	0.000	177.01947021
-1.650	0.950	0.000	173.32995605
-1.550	0.950	0.000	163.88824463
-1.450	0.950	0.000	158.72888184
-1.350	0.950	0.000	157.70259094
-1.250	0.950	0.000	161.67373657
-1.150	0.950	0.000	169.07305908
-1.050	0.950	0.000	178.65550232
-0.950	0.950	0.000	190.90768433
-0.850	0.950	0.000	203.00433350
-0.750	0.950	0.000	215.16848755
-0.650	0.950	0.000	227.64898682
-0.550	0.950	0.000	238.05372620
-0.450	0.950	0.000	246.70745850
-0.350	0.950	0.000	251.66622925
-0.250	0.950	0.000	253.80998230
-0.150	0.950	0.000	252.25381470
-0.050	0.950	0.000	246.89288330
0.050	0.950	0.000	239.61515808
0.150	0.950	0.000	229.56454468
0.250	0.950	0.000	220.14505005
0.350	0.950	0.000	210.41729736
0.450	0.950	0.000	203.58226013
0.550	0.950	0.000	198.88137817
0.650	0.950	0.000	198.02278137
0.750	0.950	0.000	200.68203735
0.850	0.950	0.000	207.09561157
0.950	0.950	0.000	214.92948914
1.050	0.950	0.000	221.84381104
1.150	0.950	0.000	225.62744141
1.250	0.950	0.000	225.34342957
1.350	0.950	0.000	219.23083496
1.450	0.950	0.000	210.33325195
1.550	0.950	0.000	196.57197571
1.650	0.950	0.000	181.88836670
1.750	0.950	0.000	164.58010864
1.850	0.950	0.000	148.65640259
1.950	0.950	0.000	134.05061340
2.050	0.950	0.000	125.18919373
2.150	0.950	0.000	117.92405701
2.250	0.950	0.000	117.35143280
2.350	0.950	0.000	115.08666992
2.450	0.950	0.000	119.70237732
-2.450	1.050	0.000	229.88946533
-2.350	1.050	0.000	221.18408203
-2.250	1.050	0.000	217.07730103
-2.150	1.050	0.000	209.46640015
-2.050	1.050	0.000	203.43804932
-1.950	1.050	0.000	195.65927124
-1.850	1.050	0.000	190.12219238
-1.750	1.050	0.000	178.73931885
-1.650	1.050	0.000	171.35186768
-1.550	1.050	0.000	159.31033325
-1.450	1.050	0.000	153.15023804
-1.350	1.050	0.000	150.15377808
-1.250	1.050	0.000	152.82884216
-1.150	1.050	0.000	158.86065674
-1.050	1.050	0.000	168.40075684
-0.950	1.050	0.000	179.51806641
-0.850	1.050	0.000	192.28253174
-0.750	1.050	0.000	204.74882507
-0.650	1.050	0.000	217.07295227
-0.550	1.050	0.000	228.69779968
-0.450	1.050	0.000	238.21340942
-0.350	1.050	0.000	245.04795837
-0.250	1.050	0.000	248.65583801
-0.150	1.050	0.000	249.13894653
-0.050	1.050	0.000	245.69366455
0.050	1.050	0.000	239.02151489
0.150	1.050	0.000	230.72697449
0.250	1.050	0.000	220.77809143
0.350	1.050	0.000	210.89373779
0.450	1.050	0.000	203.45277405
0.550	1.050	0.000	197.98721313
0.650	1.050	0.000	196.62384033
0.750	1.050	0.000	198.54815674
0.850	1.050	0.000	204.84994507
0.950	1.050	0.000	212.24227905
1.050	1.050	0.000	219.21350098
1.150	1.050	0.000	223.62789917
1.250	1.050	0.000	223.72689819
1.350	1.050	0.000	219.45040894
1.450	1.050	0.000	212.33709717
1.550	1.050	0.000	200.26748657
1.650	1.050	0.000	186.82180786
1.750	1.050	0.000	170.28231812
1.850	1.050	0.000	155.25752258
1.950	1.050	0.000	140.57843018
2.050	1.050	0.000	131.09536743
2.150	1.050	0.000	122.19073486
2.250	1.050	0.000	121.11154175
2.350	1.050	0.000	118.09057617
2.450	1.050	0.000	121.93091583
-2.450	1.150	0.000	239.88481140
-2.350	1.150	0.000	233.51657104
-2.250	1.150	0.000	229.08076477
-2.150	1.150	0.000	222.07594299
-2.050	1.150	0.000	214.83831787
-1.950	1.150	0.000	205.87152100
-1.850	1.150	0.000	199.13186646
-1.750	1.150	0.000	184.29031372
-1.650	1.150	0.000	174.67477417
-1.550	1.150	0.000	160.33831787
-1.450	1.150	0.000	152.60256958
-1.350	1.150	0.000	148.53549194
-1.250	1.150	0.000	150.00807190
-1.150	1.150	0.000	154.39218140
-1.050	1.150	0.000	162.20831299
-0.950	1.150	0.000	171.74455261
-0.850	1.150	0.000	183.97158813
-0.750	1.150	0.000	195.56552124
-0.650	1.150	0.000	207.28204346
-0.550	1.150	0.000	219.15629578
-0.450	1.150	0.000	229.00122070
-0.350	1.150	0.000	236.35394287
-0.250	1.150	0.000	240.84184265
-0.150	1.150	0.000	242.07708740
-0.050	1.150	0.000	240.04919434
0.050	1.150	0.000	234.49586487
0.150	1.150	0.000	226.51654053
0.250	1.150	0.000	217.39874268
0.350	1.150	0.000	207.65545654
0.450	1.150	0.000	199.82109070
0.550	1.150	0.000	194.11029053
0.650	1.150	0.000	191.78680420
0.750	1.150	0.000	193.59194946
0.850	1.150	0.000	199.07327271
0.950	1.150	0.000	207.06732178
1.050	1.150	0.000	214.75738525
1.150	1.150	0.000	219.82543945
1.250	1.150	0.000	221.18942261
1.350	1.150	0.000	217.78717041
1.450	1.150	0.000	211.68423462
1.550	1.150	0.000	202.22372437
1.650	1.150	0.000	191.68597412
1.750	1.150	0.000	178.15002441
1.850	1.150	0.000	165.18237305
1.950	1.150	0.000	149.99623108
2.050	1.150	0.000	138.71058655
2.150	1.150	0.000	127.90885925
2.250	1.150	0.000	125.40107727
2.350	1.150	0.000	121.19975281
2.450	1.150	0.000	124.13426208
-2.450	1.250	0.000	248.60183716
-2.350	1.250	0.000	242.76084900
-2.250	1.250	0.000	239.52697754
-2.150	1.250	0.000	232.79870605
-2.050	1.250	0.000	226.49414062
-1.950	1.250	0.000	216.83337402
-1.850	1.250	0.000	210.10943604
-1.750	1.250	0.000	194.97489929
-1.650	1.250	0.000	182.59962463
-1.550	1.250	0.000	167.39932251
-1.450	1.250	0.000	157.48745728
-1.350	1.250	0.000	151.57156372
-1.250	1.250	0.000	151.09550476
-1.150	1.250	0.000	153.12478638
-1.050	1.250	0.000	159.55273438
-0.950	1.250	0.000	167.58981323
-0.850	1.250	0.000	177.10943604
-0.750	1.250	0.000	188.67367554
-0.650	1.250	0.000	199.70407104
-0.550	1.250	0.000	210.00976562
-0.450	1.250	0.000	219.79318237
-0.350	1.250	0.000	227.24610901
-0.250	1.250	0.000	231.87770081
-0.150	1.250	0.000	233.63232422
-0.050	1.250	0.000	231.66264343
0.050	1.250	0.000	227.03900146
0.150	1.250	0.000	219.12677002
0.250	1.250	0.000	211.29107666
0.350	1.250	0.000	201.27526855
0.450	1.250	0.000	193.79104614
0.550	1.250	0.000	187.67037964
0.650	1.250	0.000	184.92820740
0.750	1.250	0.000	186.29159546
0.850	1.250	0.000	190.92710876
0.950	1.250	0.000	198.96292114
1.050	1.250	0.000	207.21244812
1.150	1.250	0.000	213.49111938
1.250	1.250	0.000	216.16758728
1.350	1.250	0.000	215.62722778
1.450	1.250	0.000	212.38883972
1.550	1.250	0.000	205.38803101
1.650	1.250	0.000	197.14675903
1.750	1.250	0.000	186.08380127
1.850	1.250	0.000	176.29360962
1.950	1.250	0.000	162.96133423
2.050	1.250	0.000	152.06146240
2.150	1.250	0.000	139.42065430
2.250	1.250	0.000	135.08277893
2.350	1.250	0.000	129.25729370
2.450	1.250	0.000	130.73968506
-2.450	1.350	0.000	257.10839844
-2.350	1.350	0.000	254.95559692
-2.250	1.350	0.000	250.40847778
-2.150	1.350	0.000	246.23895264
-2.050	1.350	0.000	237.13903809
-1.950	1.350	0.000	229.58076477
-1.850	1.350	0.000	220.66481018
-1.750	1.350	0.000	205.65765381
-1.650	1.350	0.000	193.55642700
-1.550	1.350	0.000	177.72120667
-1.450	1.350	0.000	166.22711182
-1.350	1.350	0.000	158.71124268
-1.250	1.350	0.000	156.00953674
-1.150	1.350	0.000	156.04974365
-1.050	1.350	0.000	160.04849243
-0.950	1.350	0.000	166.27830505
-0.850	1.350	0.000	174.14538574
-0.750	1.350	0.000	183.54861450
-0.650	1.350	0.000	193.71694946
-0.550	1.350	0.000	203.13735962
-0.450	1.350	0.000	212.32931519
-0.350	1.350	0.000	219.24987793
-0.250	1.350	0.000	223.08398438
-0.150	1.350	0.000	224.71257019
-0.050	1.350	0.000	223.38955688
0.050	1.350	0.000	219.45028687
0.150	1.350	0.000	212.78141785
0.250	1.350	0.000	204.93667603
0.350	1.350	0.000	196.03753662
0.450	1.350	0.000	188.50302124
0.550	1.350	0.000	181.83592224
0.650	1.350	0.000	178.93775940
0.750	1.350	0.000	178.89358521
0.850	1.350	0.000	182.85089111
0.950	1.350	0.000	190.88916016
1.050	1.350	0.000	199.78802490
1.150	1.350	0.000	207.12428284
1.250	1.350	0.000	212.30036926
1.350	1.350	0.000	212.81666565
1.450	1.350	0.000	212.20272827
1.550	1.350	0.000	207.99470520
1.650	1.350	0.000	202.73348999
1.750	1.350	0.000	193.89453125
1.850	1.350	0.000	185.42498779
1.950	1.350	0.000	173.36315918
2.050	1.350	0.000	164.41166687
2.150	1.350	0.000	152.12277222
2.250	1.350	0.000	146.75256348
2.350	1.350	0.000	139.95471191
2.450	1.350	0.000	139.81814575
-2.450	1.450	0.000	258.72653198
-2.350	1.450	0.000	260.51190186
-2.250	1.450	0.000	257.33587646
-2.150	1.450	0.000	255.24136353
-2.050	1.450	0.000	247.70040894
-1.950	1.450	0.000	241.11669922
-1.850	1.450	0.000	232.65896606
-1.750	1.450	0.000	217.75709534
-1.650	1.450	0.000	206.58546448
-1.550	1.450	0.000	190.22024536
-1.450	1.450	0.000	177.75799561
-1.350	1.450	0.000	167.71994019
-1.250	1.450	0.000	162.72854614
-1.150	1.450	0.000	160.52688599
-1.050	1.450	0.000	162.35987854
-0.950	1.450	0.000	166.37536621
-0.850	1.450	0.000	172.95550537
-0.750	1.450	0.000	180.25982666
-0.650	1.450	0.000	189.49728394
-0.550	1.450	0.000	197.92454529
-0.450	1.450	0.000	206.07394409
-0.350	1.450	0.000	212.65243530
-0.250	1.450	0.000	217.47300720
-0.150	1.450	0.000	218.93179321
-0.050	1.450	0.000	217.56451416
0.050	1.450	0.000	213.37193298
0.150	1.450	0.000	206.84600830
0.250	1.450	0.000	198.93069458
0.350	1.450	0.000	191.17353821
0.450	1.450	0.000	183.64923096
0.550	1.450	0.000	177.42492676
0.650	1.450	0.000	173.85551453
0.750	1.450	0.000	172.88592529
0.850	1.450	0.000	176.32756042
0.950	1.450	0.000	182.84594727
1.050	1.450	0.000	191.95288086
1.150	1.450	0.000	199.71109009
1.250	1.450	0.000	206.71633911
1.350	1.450	0.000	210.12406921
1.450	1.450	0.000	211.81295776
1.550	1.450	0.000	210.23706055
1.650	1.450	0.000	207.57621765
1.750	1.450	0.000	200.68283081
1.850	1.450	0.000	195.07824707
1.950	1.450	0.000	184.80422974
2.050	1.450	0.000	177.59837341
2.150	1.450	0.000	165.90788269
2.250	1.450	0.000	158.93133545
2.350	1.450	0.000	151.67718506
2.450	1.450	0.000	149.31033325
-2.450	1.550	0.000	264.82058716
-2.350	1.550	0.000	269.42715454
-2.250	1.550	0.000	265.05657959
-2.150	1.550	0.000	265.39923096
-2.050	1.550	0.000	256.06890869
-1.950	1.550	0.000	249.45355225
-1.850	1.550	0.000	241.39025879
-1.750	1.550	0.000	229.65992737
-1.650	1.550	0.000	218.78253174
-1.550	1.550	0.000	202.40020752
-1.450	1.550	0.000	191.06759644
-1.350	1.550	0.000	179.35696411
-1.250	1.550	0.000	172.27735901
-1.150	1.550	0.000	168.09042358
-1.050	1.550	0.000	168.03866577
-0.950	1.550	0.000	169.93020630
-0.850	1.550	0.000	174.77091980
-0.750	1.550	0.000	180.68173218
-0.650	1.550	0.000	187.74185181
-0.550	1.550	0.000	195.62033081
-0.450	1.550	0.000	201.98254395
-0.350	1.550	0.000	208.24787903
-0.250	1.550	0.000	211.58000183
-0.150	1.550	0.000	212.71138000
-0.050	1.550	0.000	211.70742798
0.050	1.550	0.000	208.64700317
0.150	1.550	0.000	204.34194946
0.250	1.550	0.000	197.78347778
0.350	1.550	0.000	190.08459473
0.450	1.550	0.000	182.16281128
0.550	1.550	0.000	175.58596802
0.650	1.550	0.000	170.94839478
0.750	1.550	0.000	169.26611328
0.850	1.550	0.000	171.49981689
0.950	1.550	0.000	176.37258911
1.050	1.550	0.000	185.02677917
1.150	1.550	0.000	193.57514954
1.250	1.550	0.000	201.50546265
1.350	1.550	0.000	206.42027283
1.450	1.550	0.000	210.08786011
1.550	1.550	0.000	210.36174011
1.650	1.550	0.000	210.28550720
1.750	1.550	0.000	205.11694336
1.850	1.550	0.000	201.28845215
1.950	1.550	0.000	193.18307495
2.050	1.550	0.000	187.48233032
2.150	1.550	0.000	179.46801758
2.250	1.550	0.000	171.60781860
2.350	1.550	0.000	165.42156982
2.450	1.550	0.000	159.89833069
-2.450	1.650	0.000	258.09906006
-2.350	1.650	0.000	269.87390137
-2.250	1.650	0.000	267.55535889
-2.150	1.650	0.000	271.50567627
-2.050	1.650	0.000	264.02624512
-1.950	1.650	0.000	258.14926147
-1.850	1.650	0.000	249.68212891
-1.750	1.650	0.000	239.63043213
-1.650	1.650	0.000	230.60429382
-1.550	1.650	0.000	216.19018555
-1.450	1.650	0.000	203.56747437
-1.350	1.650	0.000	189.52651978
-1.250	1.650	0.000	181.30592346
-1.150	1.650	0.000	174.52247620
-1.050	1.650	0.000	172.43087769
-0.950	1.650	0.000	172.65922546
-0.850	1.650	0.000	175.57043457
-0.750	1.650	0.000	180.42614746
-0.650	1.650	0.000	186.17919922
-0.550	1.650	0.000	193.37257385
-0.450	1.650	0.000	199.36019897
-0.350	1.650	0.000	204.94836426
-0.250	1.650	0.000	208.60748291
-0.150	1.650	0.000	210.30252075
-0.050	1.650	0.000	209.27850342
0.050	1.650	0.000	205.59973145
0.150	1.650	0.000	200.56451416
0.250	1.650	0.000	194.25866699
0.350	1.650	0.000	187.23547363
0.450	1.650	0.000	180.52656555
0.550	1.650	0.000	174.53930664
0.650	1.650	0.000	169.42147827
0.750	1.650	0.000	167.10772705
0.850	1.650	0.000	167.44238281
0.950	1.650	0.000	171.16316223
1.050	1.650	0.000	178.58889771
1.150	1.650	0.000	186.74179077
1.250	1.650	0.000	195.22659302
1.350	1.650	0.000	201.43438721
1.450	1.650	0.000	207.12271118
1.550	1.650	0.000	209.45715332
1.650	1.650	0.000	212.19386292
1.750	1.650	0.000	208.81945801
1.850	1.650	0.000	205.92988586
1.950	1.650	0.000	201.21250916
2.050	1.650	0.000	194.75683594
2.150	1.650	0.000	190.63119507
2.250	1.650	0.000	182.65301514
2.350	1.650	0.000	179.08294678
2.450	1.650	0.000	170.96598816
-2.450	1.750	0.000	260.50686646
-2.350	1.750	0.000	277.17486572
-2.250	1.750	0.000	272.04913330
-2.150	1.750	0.000	276.91897583
-2.050	1.750	0.000	267.54907227
-1.950	1.750	0.000	263.14279175
-1.850	1.750	0.000	255.29144287
-1.750	1.750	0.000	247.47138977
-1.650	1.750	0.000	239.81481934
-1.550	1.750	0.000	226.59759521
-1.450	1.750	0.000	215.17686462
-1.350	1.750	0.000	202.50338745
-1.250	1.750	0.000	192.66653442
-1.150	1.750	0.000	185.34318542
-1.050	1.750	0.000	181.69036865
-0.950	1.750	0.000	180.44851685
-0.850	1.750	0.000	181.75546265
-0.750	1.750	0.000	185.24325562
-0.650	1.750	0.000	189.60740662
-0.550	1.750	0.000	194.89939880
-0.450	1.750	0.000	200.24063110
-0.350	1.750	0.000	204.16136169
-0.250	1.750	0.000	206.98873901
-0.150	1.750	0.000	208.44223022
-0.050	1.750	0.000	207.99940491
0.050	1.750	0.000	205.57145691
0.150	1.750	0.000	201.24720764
0.250	1.750	0.000	195.82940674
0.350	1.750	0.000	188.97172546
0.450	1.750	0.000	182.74336243
0.550	1.750	0.000	176.60229492
0.650	1.750	0.000	171.08830261
0.750	1.750	0.000	167.87231445
0.850	1.750	0.000	166.86993408
0.950	1.750	0.000	168.77539062
1.050	1.750	0.000	173.33074951
1.150	1.750	0.000	180.37167358
1.250	1.750	0.000	187.96705627
1.350	1.750	0.000	195.24475098
1.450	1.750	0.000	202.19616699
1.550	1.750	0.000	205.13584900
1.650	1.750	0.000	209.12939453
1.750	1.750	0.000	207.21969604
1.850	1.750	0.000	205.47659302
1.950	1.750	0.000	203.70507812
2.050	1.750	0.000	197.22679138
2.150	1.750	0.000	196.35545349
2.250	1.750	0.000	189.39396667
2.350	1.750	0.000	187.94241333
2.450	1.750	0.000	179.93339539
-2.450	1.850	0.000	254.21954346
-2.350	1.850	0.000	278.27667236
-2.250	1.850	0.000	272.77148438
-2.150	1.850	0.000	281.24826050
-2.050	1.850	0.000	271.97247314
-1.950	1.850	0.000	267.87326050
-1.850	1.850	0.000	263.24041748
-1.750	1.850	0.000	254.42044067
-1.650	1.850	0.000	249.97918701
-1.550	1.850	0.000	237.40127563
-1.450	1.850	0.000	226.87820435
-1.350	1.850	0.000	213.28648376
-1.250	1.850	0.000	203.56130981
-1.150	1.850	0.000	194.38348389
-1.050	1.850	0.000	189.69335938
-0.950	1.850	0.000	186.99954224
-0.850	1.850	0.000	187.15916443
-0.750	1.850	0.000	188.83494568
-0.650	1.850	0.000	192.30078125
-0.550	1.850	0.000	196.23068237
-0.450	1.850	0.000	200.95098877
-0.350	1.850	0.000	204.55010986
-0.250	1.850	0.000	207.40040588
-0.150	1.850	0.000	208.40789795
-0.050	1.850	0.000	207.79541016
0.050	1.850	0.000	205.47778320
0.150	1.850	0.000	201.75488281
0.250	1.850	0.000	196.84268188
0.350	1.850	0.000	190.77917480
0.450	1.850	0.000	184.41284180
0.550	1.850	0.000	178.37901306
0.650	1.850	0.000	172.76641846
0.750	1.850	0.000	168.91189575
0.850	1.850	0.000	166.75338745
0.950	1.850	0.000	166.56237793
1.050	1.850	0.000	168.74201965
1.150	1.850	0.000	173.53210449
1.250	1.850	0.000	180.34243774
1.350	1.850	0.000	186.93743896
1.450	1.850	0.000	194.64241028
1.550	1.850	0.000	199.57237244
1.650	1.850	0.000	204.45561218
1.750	1.850	0.000	205.28326416
1.850	1.850	0.000	203.66159058
1.950	1.850	0.000	204.08279419
2.050	1.850	0.000	197.29217529
2.150	1.850	0.000	197.57168579
2.250	1.850	0.000	192.06680298
2.350	1.850	0.000	192.51812744
2.450	1.850	0.000	185.76354980
-2.450	1.950	0.000	247.89680481
-2.350	1.950	0.000	275.64392090
-2.250	1.950	0.000	271.89340210
-2.150	1.950	0.000	279.29248047
-2.050	1.950	0.000	274.55267334
-1.950	1.950	0.000	272.05126953
-1.850	1.950	0.000	269.38629150
-1.750	1.950	0.000	264.64526367
-1.650	1.950	0.000	259.16513062
-1.550	1.950	0.000	248.73472595
-1.450	1.950	0.000	236.11680603
-1.350	1.950	0.000	223.07836914
-1.250	1.950	0.000	211.38482666
-1.150	1.950	0.000	201.11242676
-1.050	1.950	0.000	195.24772644
-0.950	1.950	0.000	191.13476562
-0.850	1.950	0.000	190.34181213
-0.750	1.950	0.000	191.29788208
-0.650	1.950	0.000	194.17527771
-0.550	1.950	0.000	197.68540955
-0.450	1.950	0.000	201.56144714
-0.350	1.950	0.000	205.03808594
-0.250	1.950	0.000	207.43295288
-0.150	1.950	0.000	208.61401367
-0.050	1.950	0.000	208.47204590
0.050	1.950	0.000	206.33335876
0.150	1.950	0.000	202.71597290
0.250	1.950	0.000	197.93869019
0.350	1.950	0.000	192.00186157
0.450	1.950	0.000	185.85601807
0.550	1.950	0.000	179.94137573
0.650	1.950	0.000	174.19088745
0.750	1.950	0.000	169.06622314
0.850	1.950	0.000	165.49111938
0.950	1.950	0.000	163.69049072
1.050	1.950	0.000	163.99053955
1.150	1.950	0.000	166.12829590
1.250	1.950	0.000	170.58682251
1.350	1.950	0.000	176.17893982
1.450	1.950	0.000	183.68798828
1.550	1.950	0.000	189.41928101
1.650	1.950	0.000	195.43847656
1.750	1.950	0.000	199.02018738
1.850	1.950	0.000	198.20155334
1.950	1.950	0.000	199.59136963
2.050	1.950	0.000	195.34103394
2.150	1.950	0.000	194.90274048
2.250	1.950	0.000	193.11172485
2.350	1.950	0.000	193.27163696
2.450	1.950	0.000	190.69354248
-2.450	2.050	0.000	243.88278198
-2.350	2.050	0.000	274.91107178
-2.250	2.050	0.000	271.23226929
-2.150	2.050	0.000	280.11956787
-2.050	2.050	0.000	277.49694824
-1.950	2.050	0.000	273.96551514
-1.850	2.050	0.000	272.44287109
-1.750	2.050	0.000	267.20007324
-1.650	2.050	0.000	263.60290527
-1.550	2.050	0.000	255.44277954
-1.450	2.050	0.000	244.54803467
-1.350	2.050	0.000	234.59402466
-1.250	2.050	0.000	223.73002625
-1.150	2.050	0.000	215.30758667
-1.050	2.050	0.000	208.67657471
-0.950	2.050	0.000	204.39788818
-0.850	2.050	0.000	203.28395081
-0.750	2.050	0.000	202.66386414
-0.650	2.050	0.000	204.23020935
-0.550	2.050	0.000	206.07321167
-0.450	2.050	0.000	208.42282104
-0.350	2.050	0.000	210.57475281
-0.250	2.050	0.000	211.91619873
-0.150	2.050	0.000	212.15756226
-0.050	2.050	0.000	211.34315491
0.050	2.050	0.000	209.31048584
0.150	2.050	0.000	206.11151123
0.250	2.050	0.000	202.11987305
0.350	2.050	0.000	197.03424072
0.450	2.050	0.000	191.46206665
0.550	2.050	0.000	185.75634766
0.650	2.050	0.000	179.95172119
0.750	2.050	0.000	174.75860596
0.850	2.050	0.000	170.35719299
0.950	2.050	0.000	166.90869141
1.050	2.050	0.000	165.06105042
1.150	2.050	0.000	164.13247681
1.250	2.050	0.000	165.14198303
1.350	2.050	0.000	167.57199097
1.450	2.050	0.000	172.73989868
1.550	2.050	0.000	178.85987854
1.650	2.050	0.000	185.47023010
1.750	2.050	0.000	190.59301758
1.850	2.050	0.000	191.25808716
1.950	2.050	0.000	192.91052246
2.050	2.050	0.000	189.92588806
2.150	2.050	0.000	190.35954285
2.250	2.050	0.000	189.21353149
2.350	2.050	0.000	189.94216919
2.450	2.050	0.000	189.80618286
-2.450	2.150	0.000	229.28442383
-2.350	2.150	0.000	261.94763184
-2.250	2.150	0.000	263.31860352
-2.150	2.150	0.000	275.64880371
-2.050	2.150	0.000	277.23910522
-1.950	2.150	0.000	280.47778320
-1.850	2.150	0.000	283.73034668
-1.750	2.150	0.000	279.72393799
-1.650	2.150	0.000	276.94622803
-1.550	2.150	0.000	266.42321777
-1.450	2.150	0.000	253.86282349
-1.350	2.150	0.000	239.49426270
-1.250	2.150	0.000	227.05859375
-1.150	2.150	0.000	216.14950562
-1.050	2.150	0.000	209.70404053
-0.950	2.150	0.000	204.40972900
-0.850	2.150	0.000	202.55438232
-0.750	2.150	0.000	201.67330933
-0.650	2.150	0.000	203.02908325
-0.550	2.150	0.000	204.94873047
-0.450	2.150	0.000	207.28771973
-0.350	2.150	0.000	209.29742432
-0.250	2.150	0.000	211.16564941
-0.150	2.150	0.000	211.77120972
-0.050	2.150	0.000	211.40173340
0.050	2.150	0.000	209.98635864
0.150	2.150	0.000	207.26127625
0.250	2.150	0.000	203.00759888
0.350	2.150	0.000	197.68292236
0.450	2.150	0.000	191.81903076
0.550	2.150	0.000	185.59455872
0.650	2.150	0.000	179.25790405
0.750	2.150	0.000	173.46160889
0.850	2.150	0.000	168.57032776
0.950	2.150	0.000	164.17404175
1.050	2.150	0.000	161.00016785
1.150	2.150	0.000	158.54446411
1.250	2.150	0.000	157.22908020
1.350	2.150	0.000	157.26116943
1.450	2.150	0.000	160.27703857
1.550	2.150	0.000	165.27542114
1.650	2.150	0.000	171.89279175
1.750	2.150	0.000	179.39558411
1.850	2.150	0.000	182.19210815
1.950	2.150	0.000	185.82981873
2.050	2.150	0.000	183.67736816
2.150	2.150	0.000	185.13107300
2.250	2.150	0.000	184.73410034
2.350	2.150	0.000	185.72517395
2.450	2.150	0.000	186.20748901
-2.450	2.250	0.000	231.41651917
-2.350	2.250	0.000	258.62377930
-2.250	2.250	0.000	261.42694092
-2.150	2.250	0.000	273.69686890
-2.050	2.250	0.000	275.63119507
-1.950	2.250	0.000	278.46752930
-1.850	2.250	0.000	281.18124390
-1.750	2.250	0.000	278.09875488
-1.650	2.250	0.000	275.42221069
-1.550	2.250	0.000	267.68298340
-1.450	2.250	0.000	257.05895996
-1.350	2.250	0.000	246.36709595
-1.250	2.250	0.000	235.25984192
-1.150	2.250	0.000	226.75289917
-1.050	2.250	0.000	220.53903198
-0.950	2.250	0.000	215.46369934
-0.850	2.250	0.000	213.72457886
-0.750	2.250	0.000	212.07060242
-0.650	2.250	0.000	212.62057495
-0.550	2.250	0.000	212.94418335
-0.450	2.250	0.000	214.43695068
-0.350	2.250	0.000	215.66525269
-0.250	2.250	0.000	216.59262085
-0.150	2.250	0.000	216.72579956
-0.050	2.250	0.000	216.01370239
0.050	2.250	0.000	214.30624390
0.150	2.250	0.000	211.92771912
0.250	2.250	0.000	208.31936646
0.350	2.250	0.000	204.03497314
0.450	2.250	0.000	199.30505371
0.550	2.250	0.000	194.37152100
0.650	2.250	0.000	189.03849792
0.750	2.250	0.000	183.74424744
0.850	2.250	0.000	178.38430786
0.950	2.250	0.000	172.74142456
1.050	2.250	0.000	167.57522583
1.150	2.250	0.000	162.69934082
1.250	2.250	0.000	158.90176392
1.350	2.250	0.000	156.46484375
1.450	2.250	0.000	155.66516113
1.550	2.250	0.000	157.17626953
1.650	2.250	0.000	160.73196411
1.750	2.250	0.000	166.61614990
1.850	2.250	0.000	169.32066345
1.950	2.250	0.000	172.85400391
2.050	2.250	0.000	172.16531372
2.150	2.250	0.000	173.62072754
2.250	2.250	0.000	173.46121216
2.350	2.250	0.000	174.77703857
2.450	2.250	0.000	176.15792847
-2.450	2.350	0.000	223.87701416
-2.350	2.350	0.000	247.26170349
-2.250	2.350	0.000	252.03677368
-2.150	2.350	0.000	269.81924438
-2.050	2.350	0.000	275.16381836
-1.950	2.350	0.000	280.44528198
-1.850	2.350	0.000	286.15771484
-1.750	2.350	0.000	284.37377930
-1.650	2.350	0.000	283.35388184
-1.550	2.350	0.000	272.93365479
-1.450	2.350	0.000	262.68743896
-1.350	2.350	0.000	248.89154053
-1.250	2.350	0.000	237.11825562
-1.150	2.350	0.000	226.23355103
-1.050	2.350	0.000	220.48143005
-0.950	2.350	0.000	215.14868164
-0.850	2.350	0.000	214.15075684
-0.750	2.350	0.000	212.99749756
-0.650	2.350	0.000	213.59756470
-0.550	2.350	0.000	213.51435852
-0.450	2.350	0.000	214.43717957
-0.350	2.350	0.000	215.42398071
-0.250	2.350	0.000	216.18124390
-0.150	2.350	0.000	216.21559143
-0.050	2.350	0.000	215.61529541
0.050	2.350	0.000	214.23153687
0.150	2.350	0.000	212.22390747
0.250	2.350	0.000	208.81149292
0.350	2.350	0.000	204.68588257
0.450	2.350	0.000	199.84922791
0.550	2.350	0.000	194.98886108
0.650	2.350	0.000	189.85627747
0.750	2.350	0.000	184.74531555
0.850	2.350	0.000	179.21553040
0.950	2.350	0.000	173.21218872
1.050	2.350	0.000	167.06018066
1.150	2.350	0.000	161.29837036
1.250	2.350	0.000	156.25491333
1.350	2.350	0.000	152.36376953
1.450	2.350	0.000	149.57057190
1.550	2.350	0.000	149.11087036
1.650	2.350	0.000	151.42164612
1.750	2.350	0.000	157.35516357
1.850	2.350	0.000	161.22320557
1.950	2.350	0.000	166.50119019
2.050	2.350	0.000	166.18096924
2.150	2.350	0.000	167.90882874
2.250	2.350	0.000	167.70053101
2.350	2.350	0.000	169.74627686
2.450	2.350	0.000	171.35598755
-2.450	2.450	0.000	229.58105469
-2.350	2.450	0.000	244.90798950
-2.250	2.450	0.000	250.61032104
-2.150	2.450	0.000	262.62902832
-2.050	2.450	0.000	268.70593262
-1.950	2.450	0.000	274.38470459
-1.850	2.450	0.000	279.61032104
-1.750	2.450	0.000	278.76647949
-1.650	2.450	0.000	277.97302246
-1.550	2.450	0.000	270.52056885
-1.450	2.450	0.000	261.18304443
-1.350	2.450	0.000	251.56912231
-1.250	2.450	0.000	241.63391113
-1.150	2.450	0.000	235.00187683
-1.050	2.450	0.000	229.50833130
-0.950	2.450	0.000	226.19253540
-0.850	2.450	0.000	225.30163574
-0.750	2.450	0.000	223.61372375
-0.650	2.450	0.000	223.41638184
-0.550	2.450	0.000	222.75621033
-0.450	2.450	0.000	222.91979980
-0.350	2.450	0.000	222.92530823
-0.250	2.450	0.000	222.90443420
-0.150	2.450	0.000	222.27140808
-0.050	2.450	0.000	221.42218018
0.050	2.450	0.000	219.82803345
0.150	2.450	0.000	218.42430115
0.250	2.450	0.000	215.48797607
0.350	2.450	0.000	212.69213867
0.450	2.450	0.000	209.27236938
0.550	2.450	0.000	205.69531250
0.650	2.450	0.000	201.61196899
0.750	2.450	0.000	197.26113892
0.850	2.450	0.000	191.46783447
0.950	2.450	0.000	184.28515625
1.050	2.450	0.000	176.31790161
1.150	2.450	0.000	168.78677368
1.250	2.450	0.000	161.44552612
1.350	2.450	0.000	155.41078186
1.450	2.450	0.000	150.85427856
1.550	2.450	0.000	148.20108032
1.650	2.450	0.000	146.92639160
1.750	2.450	0.000	148.70935059
1.850	2.450	0.000	148.39337158
1.950	2.450	0.000	150.96684265
2.050	2.450	0.000	149.36453247
2.150	2.450	0.000	150.50405884
2.250	2.450	0.000	150.61138916
2.350	2.450	0.000	152.90042114
2.450	2.450	0.000	154.21476746
