-2.450	-2.450	0.000	5.27666187
-2.350	-2.450	0.000	5.28305244
-2.250	-2.450	0.000	5.29987621
-2.150	-2.450	0.000	5.31023884
-2.050	-2.450	0.000	5.31088686
-1.950	-2.450	0.000	5.30666494
-1.850	-2.450	0.000	5.29487801
-1.750	-2.450	0.000	5.27986002
-1.650	-2.450	0.000	5.26504803
-1.550	-2.450	0.000	5.25271702
-1.450	-2.450	0.000	5.24221134
-1.350	-2.450	0.000	5.23203754
-1.250	-2.450	0.000	5.22096157
-1.150	-2.450	0.000	5.20720387
-1.050	-2.450	0.000	5.19485855
-0.950	-2.450	0.000	5.18491554
-0.850	-2.450	0.000	5.17794418
-0.750	-2.450	0.000	5.17099953
-0.650	-2.450	0.000	5.16550255
-0.550	-2.450	0.000	5.15467262
-0.450	-2.450	0.000	5.14410210
-0.350	-2.450	0.000	5.13454819
-0.250	-2.450	0.000	5.12672138
-0.150	-2.450	0.000	5.12703753
-0.050	-2.450	0.000	5.12897348
0.050	-2.450	0.000	5.13449574
0.150	-2.450	0.000	5.14169979
0.250	-2.450	0.000	5.14934158
0.350	-2.450	0.000	5.15683794
0.450	-2.450	0.000	5.16308308
0.550	-2.450	0.000	5.16783857
0.650	-2.450	0.000	5.16983032
0.750	-2.450	0.000	5.16991711
0.850	-2.450	0.000	5.16565609
0.950	-2.450	0.000	5.15777731
1.050	-2.450	0.000	5.14813948
1.150	-2.450	0.000	5.13638115
1.250	-2.450	0.000	5.12903214
1.350	-2.450	0.000	5.12709761
1.450	-2.450	0.000	5.12974262
1.550	-2.450	0.000	5.13559532
1.650	-2.450	0.000	5.14143467
1.750	-2.450	0.000	5.14341545
1.850	-2.450	0.000	5.14102936
1.950	-2.450	0.000	5.13802910
2.050	-2.450	0.000	5.13382244
2.150	-2.450	0.000	5.13057184
2.250	-2.450	0.000	5.12606478
2.350	-2.450	0.000	5.12375546
2.450	-2.450	0.000	5.11420155
-2.450	-2.350	0.000	5.28112745
-2.350	-2.350	0.000	5.28535748
-2.250	-2.350	0.000	5.30170727
-2.150	-2.350	0.000	5.31361914
-2.050	-2.350	0.000	5.31536388
-1.950	-2.350	0.000	5.31257057
-1.850	-2.350	0.000	5.30233669
-1.750	-2.350	0.000	5.28937674
-1.650	-2.350	0.000	5.27693462
-1.550	-2.350	0.000	5.26784611
-1.450	-2.350	0.000	5.26057768
-1.350	-2.350	0.000	5.25332928
-1.250	-2.350	0.000	5.24319029
-1.150	-2.350	0.000	5.22916746
-1.050	-2.350	0.000	5.21330833
-0.950	-2.350	0.000	5.19830990
-0.850	-2.350	0.000	5.18549490
-0.750	-2.350	0.000	5.17428303
-0.650	-2.350	0.000	5.16528225
-0.550	-2.350	0.000	5.15219116
-0.450	-2.350	0.000	5.14048052
-0.350	-2.350	0.000	5.13096714
-0.250	-2.350	0.000	5.12245941
-0.150	-2.350	0.000	5.11975956
-0.050	-2.350	0.000	5.11874580
0.050	-2.350	0.000	5.12038088
0.150	-2.350	0.000	5.12172985
0.250	-2.350	0.000	5.12331629
0.350	-2.350	0.000	5.12636471
0.450	-2.350	0.000	5.13078213
0.550	-2.350	0.000	5.13584137
0.650	-2.350	0.000	5.13960648
0.750	-2.350	0.000	5.14226389
0.850	-2.350	0.000	5.14145088
0.950	-2.350	0.000	5.13645458
1.050	-2.350	0.000	5.12894821
1.150	-2.350	0.000	5.11994934
1.250	-2.350	0.000	5.11385584
1.350	-2.350	0.000	5.11227655
1.450	-2.350	0.000	5.11528969
1.550	-2.350	0.000	5.12001276
1.650	-2.350	0.000	5.12469769
1.750	-2.350	0.000	5.12679529
1.850	-2.350	0.000	5.12493134
1.950	-2.350	0.000	5.12331390
2.050	-2.350	0.000	5.11974525
2.150	-2.350	0.000	5.11723423
2.250	-2.350	0.000	5.11344814
2.350	-2.350	0.000	5.11236668
2.450	-2.350	0.000	5.10493565
-2.450	-2.250	0.000	5.27964211
-2.350	-2.250	0.000	5.28331757
-2.250	-2.250	0.000	5.30012417
-2.150	-2.250	0.000	5.31389236
-2.050	-2.250	0.000	5.31777477
-1.950	-2.250	0.000	5.31609726
-1.850	-2.250	0.000	5.30742025
-1.750	-2.250	0.000	5.29509449
-1.650	-2.250	0.000	5.28407383
-1.550	-2.250	0.000	5.27560806
-1.450	-2.250	0.000	5.26844025
-1.350	-2.250	0.000	5.26032352
-1.250	-2.250	0.000	5.24833536
-1.150	-2.250	0.000	5.23240089
-1.050	-2.250	0.000	5.21386242
-0.950	-2.250	0.000	5.19668627
-0.850	-2.250	0.000	5.18262863
-0.750	-2.250	0.000	5.17113733
-0.650	-2.250	0.000	5.16218376
-0.550	-2.250	0.000	5.15138149
-0.450	-2.250	0.000	5.14243984
-0.350	-2.250	0.000	5.13440466
-0.250	-2.250	0.000	5.12626934
-0.150	-2.250	0.000	5.12174082
-0.050	-2.250	0.000	5.11913204
0.050	-2.250	0.000	5.11950588
0.150	-2.250	0.000	5.12058449
0.250	-2.250	0.000	5.12294149
0.350	-2.250	0.000	5.12661457
0.450	-2.250	0.000	5.13088512
0.550	-2.250	0.000	5.13557911
0.650	-2.250	0.000	5.13933182
0.750	-2.250	0.000	5.14039660
0.850	-2.250	0.000	5.13804531
0.950	-2.250	0.000	5.13243675
1.050	-2.250	0.000	5.12376022
1.150	-2.250	0.000	5.11370945
1.250	-2.250	0.000	5.10737038
1.350	-2.250	0.000	5.10455513
1.450	-2.250	0.000	5.10590839
1.550	-2.250	0.000	5.11037731
1.650	-2.250	0.000	5.11469460
1.750	-2.250	0.000	5.11651897
1.850	-2.250	0.000	5.11512280
1.950	-2.250	0.000	5.11338377
2.050	-2.250	0.000	5.11126518
2.150	-2.250	0.000	5.11016893
2.250	-2.250	0.000	5.10695505
2.350	-2.250	0.000	5.10713482
2.450	-2.250	0.000	5.10137892
-2.450	-2.150	0.000	5.27816963
-2.350	-2.150	0.000	5.28057194
-2.250	-2.150	0.000	5.29740429
-2.150	-2.150	0.000	5.31221676
-2.050	-2.150	0.000	5.31677341
-1.950	-2.150	0.000	5.31644249
-1.850	-2.150	0.000	5.30992460
-1.750	-2.150	0.000	5.29887867
-1.650	-2.150	0.000	5.28888083
-1.550	-2.150	0.000	5.28047752
-1.450	-2.150	0.000	5.27356339
-1.350	-2.150	0.000	5.26618242
-1.250	-2.150	0.000	5.25365829
-1.150	-2.150	0.000	5.23689651
-1.050	-2.150	0.000	5.21680450
-0.950	-2.150	0.000	5.19802284
-0.850	-2.150	0.000	5.18206596
-0.750	-2.150	0.000	5.16854429
-0.650	-2.150	0.000	5.15761757
-0.550	-2.150	0.000	5.14482880
-0.450	-2.150	0.000	5.13588428
-0.350	-2.150	0.000	5.12708807
-0.250	-2.150	0.000	5.11847591
-0.150	-2.150	0.000	5.11292839
-0.050	-2.150	0.000	5.10639572
0.050	-2.150	0.000	5.10182476
0.150	-2.150	0.000	5.10044193
0.250	-2.150	0.000	5.10154343
0.350	-2.150	0.000	5.10536289
0.450	-2.150	0.000	5.11013126
0.550	-2.150	0.000	5.11449957
0.650	-2.150	0.000	5.11656570
0.750	-2.150	0.000	5.11676979
0.850	-2.150	0.000	5.11403751
0.950	-2.150	0.000	5.10953522
1.050	-2.150	0.000	5.10299635
1.150	-2.150	0.000	5.09501934
1.250	-2.150	0.000	5.08928967
1.350	-2.150	0.000	5.08751011
1.450	-2.150	0.000	5.08812904
1.550	-2.150	0.000	5.09329605
1.650	-2.150	0.000	5.09985733
1.750	-2.150	0.000	5.10368109
1.850	-2.150	0.000	5.10412312
1.950	-2.150	0.000	5.10385132
2.050	-2.150	0.000	5.10215855
2.150	-2.150	0.000	5.10183668
2.250	-2.150	0.000	5.09905243
2.350	-2.150	0.000	5.09933662
2.450	-2.150	0.000	5.09274626
-2.450	-2.050	0.000	5.27631664
-2.350	-2.050	0.000	5.27848101
-2.250	-2.050	0.000	5.29671383
-2.150	-2.050	0.000	5.31418800
-2.050	-2.050	0.000	5.32044506
-1.950	-2.050	0.000	5.32095051
-1.850	-2.050	0.000	5.31565619
-1.750	-2.050	0.000	5.30524063
-1.650	-2.050	0.000	5.29584217
-1.550	-2.050	0.000	5.28766823
-1.450	-2.050	0.000	5.27955723
-1.350	-2.050	0.000	5.26864719
-1.250	-2.050	0.000	5.25376415
-1.150	-2.050	0.000	5.23416138
-1.050	-2.050	0.000	5.21264172
-0.950	-2.050	0.000	5.19359207
-0.850	-2.050	0.000	5.17818069
-0.750	-2.050	0.000	5.16641426
-0.650	-2.050	0.000	5.15653133
-0.550	-2.050	0.000	5.14570808
-0.450	-2.050	0.000	5.13681984
-0.350	-2.050	0.000	5.12725353
-0.250	-2.050	0.000	5.11668396
-0.150	-2.050	0.000	5.11027479
-0.050	-2.050	0.000	5.10236740
0.050	-2.050	0.000	5.09692478
0.150	-2.050	0.000	5.09406519
0.250	-2.050	0.000	5.09449863
0.350	-2.050	0.000	5.09829092
0.450	-2.050	0.000	5.10287428
0.550	-2.050	0.000	5.10830736
0.650	-2.050	0.000	5.11128902
0.750	-2.050	0.000	5.11035299
0.850	-2.050	0.000	5.10747623
0.950	-2.050	0.000	5.10346413
1.050	-2.050	0.000	5.09446049
1.150	-2.050	0.000	5.08752584
1.250	-2.050	0.000	5.08220482
1.350	-2.050	0.000	5.08072281
1.450	-2.050	0.000	5.08182526
1.550	-2.050	0.000	5.08748531
1.650	-2.050	0.000	5.09416580
1.750	-2.050	0.000	5.09751320
1.850	-2.050	0.000	5.09797478
1.950	-2.050	0.000	5.09837818
2.050	-2.050	0.000	5.09691525
2.150	-2.050	0.000	5.09693480
2.250	-2.050	0.000	5.09387875
2.350	-2.050	0.000	5.09446478
2.450	-2.050	0.000	5.08706188
-2.450	-1.950	0.000	5.27352047
-2.350	-1.950	0.000	5.27470589
-2.250	-1.950	0.000	5.29482889
-2.150	-1.950	0.000	5.31332827
-2.050	-1.950	0.000	5.32217264
-1.950	-1.950	0.000	5.32398415
-1.850	-1.950	0.000	5.31972790
-1.750	-1.950	0.000	5.30958748
-1.650	-1.950	0.000	5.29865885
-1.550	-1.950	0.000	5.28870583
-1.450	-1.950	0.000	5.27878284
-1.350	-1.950	0.000	5.26619434
-1.250	-1.950	0.000	5.25186443
-1.150	-1.950	0.000	5.23203087
-1.050	-1.950	0.000	5.21111488
-0.950	-1.950	0.000	5.19276381
-0.850	-1.950	0.000	5.17735338
-0.750	-1.950	0.000	5.16502762
-0.650	-1.950	0.000	5.15479279
-0.550	-1.950	0.000	5.14549494
-0.450	-1.950	0.000	5.13371944
-0.350	-1.950	0.000	5.12209129
-0.250	-1.950	0.000	5.10664177
-0.150	-1.950	0.000	5.10026646
-0.050	-1.950	0.000	5.08938408
0.050	-1.950	0.000	5.08307362
0.150	-1.950	0.000	5.08006573
0.250	-1.950	0.000	5.08061028
0.350	-1.950	0.000	5.08387280
0.450	-1.950	0.000	5.08829212
0.550	-1.950	0.000	5.09284687
0.650	-1.950	0.000	5.09509468
0.750	-1.950	0.000	5.09360456
0.850	-1.950	0.000	5.09216213
0.950	-1.950	0.000	5.08836222
1.050	-1.950	0.000	5.08209467
1.150	-1.950	0.000	5.07733679
1.250	-1.950	0.000	5.07309628
1.350	-1.950	0.000	5.07232857
1.450	-1.950	0.000	5.07404900
1.550	-1.950	0.000	5.07910824
1.650	-1.950	0.000	5.08558512
1.750	-1.950	0.000	5.08945560
1.850	-1.950	0.000	5.08992767
1.950	-1.950	0.000	5.09066582
2.050	-1.950	0.000	5.08976269
2.150	-1.950	0.000	5.09053087
2.250	-1.950	0.000	5.08720493
2.350	-1.950	0.000	5.08770561
2.450	-1.950	0.000	5.07964039
-2.450	-1.850	0.000	5.27073097
-2.350	-1.850	0.000	5.27221966
-2.250	-1.850	0.000	5.29269600
-2.150	-1.850	0.000	5.31150627
-2.050	-1.850	0.000	5.32170725
-1.950	-1.850	0.000	5.32512856
-1.850	-1.850	0.000	5.32196236
-1.750	-1.850	0.000	5.31305122
-1.650	-1.850	0.000	5.30157375
-1.550	-1.850	0.000	5.29011059
-1.450	-1.850	0.000	5.27870798
-1.350	-1.850	0.000	5.26397133
-1.250	-1.850	0.000	5.24705458
-1.150	-1.850	0.000	5.22515392
-1.050	-1.850	0.000	5.20485306
-0.950	-1.850	0.000	5.18855524
-0.850	-1.850	0.000	5.17655563
-0.750	-1.850	0.000	5.16469860
-0.650	-1.850	0.000	5.15817547
-0.550	-1.850	0.000	5.14838314
-0.450	-1.850	0.000	5.13464069
-0.350	-1.850	0.000	5.12185478
-0.250	-1.850	0.000	5.10462236
-0.150	-1.850	0.000	5.09445572
-0.050	-1.850	0.000	5.08355236
0.050	-1.850	0.000	5.07525539
0.150	-1.850	0.000	5.07209778
0.250	-1.850	0.000	5.07268763
0.350	-1.850	0.000	5.07468987
0.450	-1.850	0.000	5.08152151
0.550	-1.850	0.000	5.08426952
0.650	-1.850	0.000	5.08632278
0.750	-1.850	0.000	5.08565903
0.850	-1.850	0.000	5.08670330
0.950	-1.850	0.000	5.08382702
1.050	-1.850	0.000	5.08045101
1.150	-1.850	0.000	5.07739258
1.250	-1.850	0.000	5.07463121
1.350	-1.850	0.000	5.07464695
1.450	-1.850	0.000	5.07735538
1.550	-1.850	0.000	5.08176517
1.650	-1.850	0.000	5.08664560
1.750	-1.850	0.000	5.09120274
1.850	-1.850	0.000	5.09198666
1.950	-1.850	0.000	5.09240627
2.050	-1.850	0.000	5.09154320
2.150	-1.850	0.000	5.09202147
2.250	-1.850	0.000	5.08813095
2.350	-1.850	0.000	5.08892632
2.450	-1.850	0.000	5.07952690
-2.450	-1.750	0.000	5.26878166
-2.350	-1.750	0.000	5.26985836
-2.250	-1.750	0.000	5.28884220
-2.150	-1.750	0.000	5.30674934
-2.050	-1.750	0.000	5.31770849
-1.950	-1.750	0.000	5.32226372
-1.850	-1.750	0.000	5.31975842
-1.750	-1.750	0.000	5.31178379
-1.650	-1.750	0.000	5.30005455
-1.550	-1.750	0.000	5.28715086
-1.450	-1.750	0.000	5.27270842
-1.350	-1.750	0.000	5.25596762
-1.250	-1.750	0.000	5.23797274
-1.150	-1.750	0.000	5.21846819
-1.050	-1.750	0.000	5.20139360
-0.950	-1.750	0.000	5.18733692
-0.850	-1.750	0.000	5.17561054
-0.750	-1.750	0.000	5.16576576
-0.650	-1.750	0.000	5.15892076
-0.550	-1.750	0.000	5.14808655
-0.450	-1.750	0.000	5.13268566
-0.350	-1.750	0.000	5.11772490
-0.250	-1.750	0.000	5.09817362
-0.150	-1.750	0.000	5.08740807
-0.050	-1.750	0.000	5.07431507
0.050	-1.750	0.000	5.06541967
0.150	-1.750	0.000	5.06275368
0.250	-1.750	0.000	5.06364250
0.350	-1.750	0.000	5.06621456
0.450	-1.750	0.000	5.07319641
0.550	-1.750	0.000	5.07610798
0.650	-1.750	0.000	5.07950497
0.750	-1.750	0.000	5.07977772
0.850	-1.750	0.000	5.08104849
0.950	-1.750	0.000	5.07960701
1.050	-1.750	0.000	5.07817364
1.150	-1.750	0.000	5.07659149
1.250	-1.750	0.000	5.07544708
1.350	-1.750	0.000	5.07623577
1.450	-1.750	0.000	5.07900047
1.550	-1.750	0.000	5.08334827
1.650	-1.750	0.000	5.08815718
1.750	-1.750	0.000	5.09161282
1.850	-1.750	0.000	5.09263134
1.950	-1.750	0.000	5.09182930
2.050	-1.750	0.000	5.09050655
2.150	-1.750	0.000	5.09069729
2.250	-1.750	0.000	5.08623648
2.350	-1.750	0.000	5.08687639
2.450	-1.750	0.000	5.07631493
-2.450	-1.650	0.000	5.26844072
-2.350	-1.650	0.000	5.26868153
-2.250	-1.650	0.000	5.28717136
-2.150	-1.650	0.000	5.30411148
-2.050	-1.650	0.000	5.31443167
-1.950	-1.650	0.000	5.31916332
-1.850	-1.650	0.000	5.31708431
-1.750	-1.650	0.000	5.30973911
-1.650	-1.650	0.000	5.29849911
-1.550	-1.650	0.000	5.28550768
-1.450	-1.650	0.000	5.26986313
-1.350	-1.650	0.000	5.25417233
-1.250	-1.650	0.000	5.23538971
-1.150	-1.650	0.000	5.21613503
-1.050	-1.650	0.000	5.20018387
-0.950	-1.650	0.000	5.18775177
-0.850	-1.650	0.000	5.17564392
-0.750	-1.650	0.000	5.16810036
-0.650	-1.650	0.000	5.15949249
-0.550	-1.650	0.000	5.14709854
-0.450	-1.650	0.000	5.13062620
-0.350	-1.650	0.000	5.11382008
-0.250	-1.650	0.000	5.09309864
-0.150	-1.650	0.000	5.08311558
-0.050	-1.650	0.000	5.06984758
0.050	-1.650	0.000	5.06216240
0.150	-1.650	0.000	5.06084824
0.250	-1.650	0.000	5.06226540
0.350	-1.650	0.000	5.06710720
0.450	-1.650	0.000	5.07216454
0.550	-1.650	0.000	5.07634497
0.650	-1.650	0.000	5.08060789
0.750	-1.650	0.000	5.08123970
0.850	-1.650	0.000	5.08143806
0.950	-1.650	0.000	5.08071232
1.050	-1.650	0.000	5.07938242
1.150	-1.650	0.000	5.07811356
1.250	-1.650	0.000	5.07796955
1.350	-1.650	0.000	5.07911921
1.450	-1.650	0.000	5.08185482
1.550	-1.650	0.000	5.08578777
1.650	-1.650	0.000	5.08950138
1.750	-1.650	0.000	5.09277534
1.850	-1.650	0.000	5.09491110
1.950	-1.650	0.000	5.09460592
2.050	-1.650	0.000	5.09204769
2.150	-1.650	0.000	5.09128618
2.250	-1.650	0.000	5.08710957
2.350	-1.650	0.000	5.08797073
2.450	-1.650	0.000	5.07804298
-2.450	-1.550	0.000	5.27098083
-2.350	-1.550	0.000	5.27024174
-2.250	-1.550	0.000	5.28676224
-2.150	-1.550	0.000	5.30169725
-2.050	-1.550	0.000	5.31130409
-1.950	-1.550	0.000	5.31583929
-1.850	-1.550	0.000	5.31378508
-1.750	-1.550	0.000	5.30680370
-1.650	-1.550	0.000	5.29602289
-1.550	-1.550	0.000	5.28316689
-1.450	-1.550	0.000	5.26752663
-1.350	-1.550	0.000	5.25126839
-1.250	-1.550	0.000	5.23183537
-1.150	-1.550	0.000	5.21345139
-1.050	-1.550	0.000	5.19781828
-0.950	-1.550	0.000	5.18631458
-0.850	-1.550	0.000	5.17372894
-0.750	-1.550	0.000	5.16778755
-0.650	-1.550	0.000	5.15759373
-0.550	-1.550	0.000	5.14358425
-0.450	-1.550	0.000	5.12658596
-0.350	-1.550	0.000	5.10906506
-0.250	-1.550	0.000	5.08906507
-0.150	-1.550	0.000	5.07910728
-0.050	-1.550	0.000	5.06735611
0.050	-1.550	0.000	5.06120586
0.150	-1.550	0.000	5.06152916
0.250	-1.550	0.000	5.06383228
0.350	-1.550	0.000	5.06996107
0.450	-1.550	0.000	5.07294369
0.550	-1.550	0.000	5.07840824
0.650	-1.550	0.000	5.08114147
0.750	-1.550	0.000	5.08131313
0.850	-1.550	0.000	5.08281803
0.950	-1.550	0.000	5.08288956
1.050	-1.550	0.000	5.08254433
1.150	-1.550	0.000	5.08235931
1.250	-1.550	0.000	5.08165741
1.350	-1.550	0.000	5.08284664
1.450	-1.550	0.000	5.08557796
1.550	-1.550	0.000	5.08905125
1.650	-1.550	0.000	5.09270191
1.750	-1.550	0.000	5.09530354
1.850	-1.550	0.000	5.09411144
1.950	-1.550	0.000	5.09460926
2.050	-1.550	0.000	5.09192562
2.150	-1.550	0.000	5.08969975
2.250	-1.550	0.000	5.08577061
2.350	-1.550	0.000	5.08586645
2.450	-1.550	0.000	5.07860947
-2.450	-1.450	0.000	5.28175640
-2.350	-1.450	0.000	5.27998590
-2.250	-1.450	0.000	5.29410648
-2.150	-1.450	0.000	5.30585146
-2.050	-1.450	0.000	5.31379223
-1.950	-1.450	0.000	5.31748343
-1.850	-1.450	0.000	5.31504917
-1.750	-1.450	0.000	5.30764675
-1.650	-1.450	0.000	5.29766655
-1.550	-1.450	0.000	5.28465462
-1.450	-1.450	0.000	5.26775932
-1.350	-1.450	0.000	5.24987316
-1.250	-1.450	0.000	5.23011684
-1.150	-1.450	0.000	5.21226215
-1.050	-1.450	0.000	5.19731331
-0.950	-1.450	0.000	5.18716812
-0.850	-1.450	0.000	5.17514133
-0.750	-1.450	0.000	5.16708374
-0.650	-1.450	0.000	5.15591621
-0.550	-1.450	0.000	5.14024830
-0.450	-1.450	0.000	5.12323475
-0.350	-1.450	0.000	5.10635757
-0.250	-1.450	0.000	5.08842039
-0.150	-1.450	0.000	5.07801867
-0.050	-1.450	0.000	5.06931496
0.050	-1.450	0.000	5.06602573
0.150	-1.450	0.000	5.06563950
0.250	-1.450	0.000	5.06512403
0.350	-1.450	0.000	5.07573032
0.450	-1.450	0.000	5.07960892
0.550	-1.450	0.000	5.08645344
0.650	-1.450	0.000	5.09212017
0.750	-1.450	0.000	5.09424114
0.850	-1.450	0.000	5.09323215
0.950	-1.450	0.000	5.09119797
1.050	-1.450	0.000	5.08833313
1.150	-1.450	0.000	5.08712864
1.250	-1.450	0.000	5.08656263
1.350	-1.450	0.000	5.08688831
1.450	-1.450	0.000	5.08914614
1.550	-1.450	0.000	5.09158230
1.650	-1.450	0.000	5.09452200
1.750	-1.450	0.000	5.09710217
1.850	-1.450	0.000	5.09664059
1.950	-1.450	0.000	5.09634113
2.050	-1.450	0.000	5.09146309
2.150	-1.450	0.000	5.08811331
2.250	-1.450	0.000	5.08488369
2.350	-1.450	0.000	5.08479214
2.450	-1.450	0.000	5.07916212
-2.450	-1.350	0.000	5.29574823
-2.350	-1.350	0.000	5.29299831
-2.250	-1.350	0.000	5.30475664
-2.150	-1.350	0.000	5.31317902
-2.050	-1.350	0.000	5.31840706
-1.950	-1.350	0.000	5.31987667
-1.850	-1.350	0.000	5.31740093
-1.750	-1.350	0.000	5.31007957
-1.650	-1.350	0.000	5.30071449
-1.550	-1.350	0.000	5.28791142
-1.450	-1.350	0.000	5.27221584
-1.350	-1.350	0.000	5.25379753
-1.250	-1.350	0.000	5.23417521
-1.150	-1.350	0.000	5.21626806
-1.050	-1.350	0.000	5.20208454
-0.950	-1.350	0.000	5.18906689
-0.850	-1.350	0.000	5.17675686
-0.750	-1.350	0.000	5.16735554
-0.650	-1.350	0.000	5.15526772
-0.550	-1.350	0.000	5.13847351
-0.450	-1.350	0.000	5.12160206
-0.350	-1.350	0.000	5.10593605
-0.250	-1.350	0.000	5.09175301
-0.150	-1.350	0.000	5.08105087
-0.050	-1.350	0.000	5.07415581
0.050	-1.350	0.000	5.07165813
0.150	-1.350	0.000	5.07244968
0.250	-1.350	0.000	5.07813978
0.350	-1.350	0.000	5.08835745
0.450	-1.350	0.000	5.09245872
0.550	-1.350	0.000	5.09737492
0.650	-1.350	0.000	5.10127544
0.750	-1.350	0.000	5.10173130
0.850	-1.350	0.000	5.10288525
0.950	-1.350	0.000	5.09989738
1.050	-1.350	0.000	5.09808159
1.150	-1.350	0.000	5.09536362
1.250	-1.350	0.000	5.09324360
1.350	-1.350	0.000	5.09288597
1.450	-1.350	0.000	5.09373236
1.550	-1.350	0.000	5.09624624
1.650	-1.350	0.000	5.09776688
1.750	-1.350	0.000	5.09970093
1.850	-1.350	0.000	5.09889221
1.950	-1.350	0.000	5.09747124
2.050	-1.350	0.000	5.09386873
2.150	-1.350	0.000	5.09196663
2.250	-1.350	0.000	5.08724403
2.350	-1.350	0.000	5.08559656
2.450	-1.350	0.000	5.08239841
-2.450	-1.250	0.000	5.31292820
-2.350	-1.250	0.000	5.30893993
-2.250	-1.250	0.000	5.31734753
-2.150	-1.250	0.000	5.32126808
-2.050	-1.250	0.000	5.32345963
-1.950	-1.250	0.000	5.32265663
-1.850	-1.250	0.000	5.31906223
-1.750	-1.250	0.000	5.31209469
-1.650	-1.250	0.000	5.30333328
-1.550	-1.250	0.000	5.29189110
-1.450	-1.250	0.000	5.27824211
-1.350	-1.250	0.000	5.26120472
-1.250	-1.250	0.000	5.24263906
-1.150	-1.250	0.000	5.22392988
-1.050	-1.250	0.000	5.20743370
-0.950	-1.250	0.000	5.19364166
-0.850	-1.250	0.000	5.18188190
-0.750	-1.250	0.000	5.17045212
-0.650	-1.250	0.000	5.15838718
-0.550	-1.250	0.000	5.14120770
-0.450	-1.250	0.000	5.12441444
-0.350	-1.250	0.000	5.10943604
-0.250	-1.250	0.000	5.09757042
-0.150	-1.250	0.000	5.08870506
-0.050	-1.250	0.000	5.08299923
0.050	-1.250	0.000	5.08376789
0.150	-1.250	0.000	5.08575535
0.250	-1.250	0.000	5.08801842
0.350	-1.250	0.000	5.09133053
0.450	-1.250	0.000	5.09785509
0.550	-1.250	0.000	5.10394049
0.650	-1.250	0.000	5.10889053
0.750	-1.250	0.000	5.11094856
0.850	-1.250	0.000	5.10903931
0.950	-1.250	0.000	5.10810661
1.050	-1.250	0.000	5.10488701
1.150	-1.250	0.000	5.10249805
1.250	-1.250	0.000	5.10052586
1.350	-1.250	0.000	5.09985399
1.450	-1.250	0.000	5.09910393
1.550	-1.250	0.000	5.10122919
1.650	-1.250	0.000	5.10307693
1.750	-1.250	0.000	5.10454178
1.850	-1.250	0.000	5.10350513
1.950	-1.250	0.000	5.10164165
2.050	-1.250	0.000	5.09835815
2.150	-1.250	0.000	5.09571505
2.250	-1.250	0.000	5.09119701
2.350	-1.250	0.000	5.09247684
2.450	-1.250	0.000	5.09056473
-2.450	-1.150	0.000	5.32644081
-2.350	-1.150	0.000	5.32171249
-2.250	-1.150	0.000	5.32770157
-2.150	-1.150	0.000	5.32747555
-2.050	-1.150	0.000	5.32674313
-1.950	-1.150	0.000	5.32338095
-1.850	-1.150	0.000	5.31787968
-1.750	-1.150	0.000	5.31087494
-1.650	-1.150	0.000	5.30308723
-1.550	-1.150	0.000	5.29366779
-1.450	-1.150	0.000	5.28176880
-1.350	-1.150	0.000	5.26652050
-1.250	-1.150	0.000	5.24911690
-1.150	-1.150	0.000	5.22980022
-1.050	-1.150	0.000	5.21253014
-0.950	-1.150	0.000	5.19802523
-0.850	-1.150	0.000	5.18567276
-0.750	-1.150	0.000	5.17419004
-0.650	-1.150	0.000	5.16191864
-0.550	-1.150	0.000	5.14634180
-0.450	-1.150	0.000	5.12979650
-0.350	-1.150	0.000	5.11580944
-0.250	-1.150	0.000	5.10403538
-0.150	-1.150	0.000	5.09614658
-0.050	-1.150	0.000	5.09184933
0.050	-1.150	0.000	5.09002733
0.150	-1.150	0.000	5.09077740
0.250	-1.150	0.000	5.09773636
0.350	-1.150	0.000	5.10273170
0.450	-1.150	0.000	5.11047745
0.550	-1.150	0.000	5.11654377
0.650	-1.150	0.000	5.12142467
0.750	-1.150	0.000	5.12215900
0.850	-1.150	0.000	5.12090588
0.950	-1.150	0.000	5.11744213
1.050	-1.150	0.000	5.11377907
1.150	-1.150	0.000	5.11047459
1.250	-1.150	0.000	5.10912037
1.350	-1.150	0.000	5.10841751
1.450	-1.150	0.000	5.10899878
1.550	-1.150	0.000	5.10994148
1.650	-1.150	0.000	5.11135864
1.750	-1.150	0.000	5.11271143
1.850	-1.150	0.000	5.11234808
1.950	-1.150	0.000	5.11052608
2.050	-1.150	0.000	5.10685921
2.150	-1.150	0.000	5.10405636
2.250	-1.150	0.000	5.10029888
2.350	-1.150	0.000	5.10241508
2.450	-1.150	0.000	5.10173225
-2.450	-1.050	0.000	5.33754301
-2.350	-1.050	0.000	5.33226395
-2.250	-1.050	0.000	5.33638668
-2.150	-1.050	0.000	5.33320665
-2.050	-1.050	0.000	5.32937288
-1.950	-1.050	0.000	5.32378292
-1.850	-1.050	0.000	5.31673241
-1.750	-1.050	0.000	5.30920172
-1.650	-1.050	0.000	5.30156612
-1.550	-1.050	0.000	5.29301167
-1.450	-1.050	0.000	5.28294373
-1.350	-1.050	0.000	5.26940441
-1.250	-1.050	0.000	5.25302219
-1.150	-1.050	0.000	5.23463631
-1.050	-1.050	0.000	5.21728516
-0.950	-1.050	0.000	5.20221567
-0.850	-1.050	0.000	5.18948698
-0.750	-1.050	0.000	5.17775917
-0.650	-1.050	0.000	5.16528034
-0.550	-1.050	0.000	5.15076923
-0.450	-1.050	0.000	5.13518810
-0.350	-1.050	0.000	5.12072277
-0.250	-1.050	0.000	5.10927868
-0.150	-1.050	0.000	5.10065651
-0.050	-1.050	0.000	5.09774780
0.050	-1.050	0.000	5.09985495
0.150	-1.050	0.000	5.10170841
0.250	-1.050	0.000	5.10873985
0.350	-1.050	0.000	5.11139107
0.450	-1.050	0.000	5.11936474
0.550	-1.050	0.000	5.12567329
0.650	-1.050	0.000	5.13031673
0.750	-1.050	0.000	5.13182163
0.850	-1.050	0.000	5.13130188
0.950	-1.050	0.000	5.12881041
1.050	-1.050	0.000	5.12447548
1.150	-1.050	0.000	5.12117624
1.250	-1.050	0.000	5.11910820
1.350	-1.050	0.000	5.11809635
1.450	-1.050	0.000	5.11852169
1.550	-1.050	0.000	5.12071800
1.650	-1.050	0.000	5.12210560
1.750	-1.050	0.000	5.12307167
1.850	-1.050	0.000	5.12221622
1.950	-1.050	0.000	5.12023544
2.050	-1.050	0.000	5.11713839
2.150	-1.050	0.000	5.11491489
2.250	-1.050	0.000	5.11275434
2.350	-1.050	0.000	5.11325645
2.450	-1.050	0.000	5.11339712
-2.450	-0.950	0.000	5.34657669
-2.350	-0.950	0.000	5.34088993
-2.250	-0.950	0.000	5.34344769
-2.150	-0.950	0.000	5.33858013
-2.050	-0.950	0.000	5.33205509
-1.950	-0.950	0.000	5.32383442
-1.850	-0.950	0.000	5.31467533
-1.750	-0.950	0.000	5.30655909
-1.650	-0.950	0.000	5.29961300
-1.550	-0.950	0.000	5.29314137
-1.450	-0.950	0.000	5.28512096
-1.350	-0.950	0.000	5.27339935
-1.250	-0.950	0.000	5.25728416
-1.150	-0.950	0.000	5.23885345
-1.050	-0.950	0.000	5.22039366
-0.950	-0.950	0.000	5.20447636
-0.850	-0.950	0.000	5.19098377
-0.750	-0.950	0.000	5.17903662
-0.650	-0.950	0.000	5.16637993
-0.550	-0.950	0.000	5.15345860
-0.450	-0.950	0.000	5.13783169
-0.350	-0.950	0.000	5.12396526
-0.250	-0.950	0.000	5.11448097
-0.150	-0.950	0.000	5.10855484
-0.050	-0.950	0.000	5.10810947
0.050	-0.950	0.000	5.10830975
0.150	-0.950	0.000	5.10950375
0.250	-0.950	0.000	5.11641788
0.350	-0.950	0.000	5.12180996
0.450	-0.950	0.000	5.12992239
0.550	-0.950	0.000	5.13672066
0.650	-0.950	0.000	5.14173985
0.750	-0.950	0.000	5.14408112
0.850	-0.950	0.000	5.14311123
0.950	-0.950	0.000	5.14160538
1.050	-0.950	0.000	5.13884926
1.150	-0.950	0.000	5.13506508
1.250	-0.950	0.000	5.13287735
1.350	-0.950	0.000	5.13123035
1.450	-0.950	0.000	5.13040400
1.550	-0.950	0.000	5.13188314
1.650	-0.950	0.000	5.13360834
1.750	-0.950	0.000	5.13434553
1.850	-0.950	0.000	5.13375807
1.950	-0.950	0.000	5.13107967
2.050	-0.950	0.000	5.12695026
2.150	-0.950	0.000	5.12505722
2.250	-0.950	0.000	5.12373257
2.350	-0.950	0.000	5.12508106
2.450	-0.950	0.000	5.12597656
-2.450	-0.850	0.000	5.35297012
-2.350	-0.850	0.000	5.34726572
-2.250	-0.850	0.000	5.34860325
-2.150	-0.850	0.000	5.34211969
-2.050	-0.850	0.000	5.33280945
-1.950	-0.850	0.000	5.32319450
-1.850	-0.850	0.000	5.31239033
-1.750	-0.850	0.000	5.30371094
-1.650	-0.850	0.000	5.29678535
-1.550	-0.850	0.000	5.29098129
-1.450	-0.850	0.000	5.28423500
-1.350	-0.850	0.000	5.27424097
-1.250	-0.850	0.000	5.25948429
-1.150	-0.850	0.000	5.24189901
-1.050	-0.850	0.000	5.22314072
-0.950	-0.850	0.000	5.20665836
-0.850	-0.850	0.000	5.19215155
-0.750	-0.850	0.000	5.17972660
-0.650	-0.850	0.000	5.16685200
-0.550	-0.850	0.000	5.15580940
-0.450	-0.850	0.000	5.14185047
-0.350	-0.850	0.000	5.12689018
-0.250	-0.850	0.000	5.11703968
-0.150	-0.850	0.000	5.11251211
-0.050	-0.850	0.000	5.11197376
0.050	-0.850	0.000	5.11557770
0.150	-0.850	0.000	5.12068653
0.250	-0.850	0.000	5.12742233
0.350	-0.850	0.000	5.13389015
0.450	-0.850	0.000	5.14124584
0.550	-0.850	0.000	5.14818192
0.650	-0.850	0.000	5.15360641
0.750	-0.850	0.000	5.15634918
0.850	-0.850	0.000	5.15681267
0.950	-0.850	0.000	5.15547323
1.050	-0.850	0.000	5.15285587
1.150	-0.850	0.000	5.14984703
1.250	-0.850	0.000	5.14709616
1.350	-0.850	0.000	5.14595795
1.450	-0.850	0.000	5.14410210
1.550	-0.850	0.000	5.14346313
1.650	-0.850	0.000	5.14333153
1.750	-0.850	0.000	5.14331532
1.850	-0.850	0.000	5.14183521
1.950	-0.850	0.000	5.13933182
2.050	-0.850	0.000	5.13461304
2.150	-0.850	0.000	5.13206196
2.250	-0.850	0.000	5.13077164
2.350	-0.850	0.000	5.13194132
2.450	-0.850	0.000	5.13366508
-2.450	-0.750	0.000	5.35904217
-2.350	-0.750	0.000	5.35304594
-2.250	-0.750	0.000	5.35450649
-2.150	-0.750	0.000	5.34829521
-2.050	-0.750	0.000	5.33759546
-1.950	-0.750	0.000	5.32494640
-1.850	-0.750	0.000	5.31120014
-1.750	-0.750	0.000	5.30047655
-1.650	-0.750	0.000	5.29299927
-1.550	-0.750	0.000	5.28799915
-1.450	-0.750	0.000	5.28334379
-1.350	-0.750	0.000	5.27549171
-1.250	-0.750	0.000	5.26224327
-1.150	-0.750	0.000	5.24532557
-1.050	-0.750	0.000	5.22638416
-0.950	-0.750	0.000	5.20926714
-0.850	-0.750	0.000	5.19367504
-0.750	-0.750	0.000	5.18037510
-0.650	-0.750	0.000	5.16712284
-0.550	-0.750	0.000	5.15541649
-0.450	-0.750	0.000	5.14275455
-0.350	-0.750	0.000	5.12988091
-0.250	-0.750	0.000	5.12184048
-0.150	-0.750	0.000	5.11871719
-0.050	-0.750	0.000	5.11921024
0.050	-0.750	0.000	5.12303257
0.150	-0.750	0.000	5.12878132
0.250	-0.750	0.000	5.13555384
0.350	-0.750	0.000	5.14273357
0.450	-0.750	0.000	5.14980412
0.550	-0.750	0.000	5.15655756
0.650	-0.750	0.000	5.16213417
0.750	-0.750	0.000	5.16587257
0.850	-0.750	0.000	5.16691399
0.950	-0.750	0.000	5.16636753
1.050	-0.750	0.000	5.16404724
1.150	-0.750	0.000	5.16074085
1.250	-0.750	0.000	5.15764999
1.350	-0.750	0.000	5.15562248
1.450	-0.750	0.000	5.15393353
1.550	-0.750	0.000	5.15251493
1.650	-0.750	0.000	5.15090799
1.750	-0.750	0.000	5.14952469
1.850	-0.750	0.000	5.14652252
1.950	-0.750	0.000	5.14296532
2.050	-0.750	0.000	5.13827705
2.150	-0.750	0.000	5.13537025
2.250	-0.750	0.000	5.13386297
2.350	-0.750	0.000	5.13494682
2.450	-0.750	0.000	5.13621092
-2.450	-0.650	0.000	5.36452675
-2.350	-0.650	0.000	5.35781384
-2.250	-0.650	0.000	5.35904884
-2.150	-0.650	0.000	5.35240269
-2.050	-0.650	0.000	5.34026289
-1.950	-0.650	0.000	5.32617474
-1.850	-0.650	0.000	5.31048918
-1.750	-0.650	0.000	5.29780722
-1.650	-0.650	0.000	5.28942490
-1.550	-0.650	0.000	5.28457737
-1.450	-0.650	0.000	5.28155899
-1.350	-0.650	0.000	5.27611160
-1.250	-0.650	0.000	5.26526737
-1.150	-0.650	0.000	5.25002766
-1.050	-0.650	0.000	5.23157167
-0.950	-0.650	0.000	5.21419048
-0.850	-0.650	0.000	5.19807482
-0.750	-0.650	0.000	5.18422413
-0.650	-0.650	0.000	5.17102337
-0.550	-0.650	0.000	5.15900755
-0.450	-0.650	0.000	5.14722538
-0.350	-0.650	0.000	5.13553381
-0.250	-0.650	0.000	5.12810707
-0.150	-0.650	0.000	5.12556934
-0.050	-0.650	0.000	5.12636423
0.050	-0.650	0.000	5.13041639
0.150	-0.650	0.000	5.13621807
0.250	-0.650	0.000	5.14339638
0.350	-0.650	0.000	5.15009928
0.450	-0.650	0.000	5.15678406
0.550	-0.650	0.000	5.16304302
0.650	-0.650	0.000	5.16847801
0.750	-0.650	0.000	5.17209911
0.850	-0.650	0.000	5.17331123
0.950	-0.650	0.000	5.17243481
1.050	-0.650	0.000	5.16971397
1.150	-0.650	0.000	5.16604471
1.250	-0.650	0.000	5.16250038
1.350	-0.650	0.000	5.15950489
1.450	-0.650	0.000	5.15706682
1.550	-0.650	0.000	5.15515947
1.650	-0.650	0.000	5.15292501
1.750	-0.650	0.000	5.15110588
1.850	-0.650	0.000	5.14789915
1.950	-0.650	0.000	5.14415264
2.050	-0.650	0.000	5.13929510
2.150	-0.650	0.000	5.13555145
2.250	-0.650	0.000	5.13287640
2.350	-0.650	0.000	5.13434172
2.450	-0.650	0.000	5.13647938
-2.450	-0.550	0.000	5.36958313
-2.350	-0.550	0.000	5.36197901
-2.250	-0.550	0.000	5.36323071
-2.150	-0.550	0.000	5.35726881
-2.050	-0.550	0.000	5.34486675
-1.950	-0.550	0.000	5.32973385
-1.850	-0.550	0.000	5.31252003
-1.750	-0.550	0.000	5.29812193
-1.650	-0.550	0.000	5.28848886
-1.550	-0.550	0.000	5.28331661
-1.450	-0.550	0.000	5.28078413
-1.350	-0.550	0.000	5.27711105
-1.250	-0.550	0.000	5.26839161
-1.150	-0.550	0.000	5.25502586
-1.050	-0.550	0.000	5.23814726
-0.950	-0.550	0.000	5.22095394
-0.850	-0.550	0.000	5.20505142
-0.750	-0.550	0.000	5.19104052
-0.650	-0.550	0.000	5.17836523
-0.550	-0.550	0.000	5.16661358
-0.450	-0.550	0.000	5.15610218
-0.350	-0.550	0.000	5.14535236
-0.250	-0.550	0.000	5.13812351
-0.150	-0.550	0.000	5.13613224
-0.050	-0.550	0.000	5.13685322
0.050	-0.550	0.000	5.14037609
0.150	-0.550	0.000	5.14546776
0.250	-0.550	0.000	5.15156364
0.350	-0.550	0.000	5.15704250
0.450	-0.550	0.000	5.16223335
0.550	-0.550	0.000	5.16741371
0.650	-0.550	0.000	5.17211056
0.750	-0.550	0.000	5.17510414
0.850	-0.550	0.000	5.17588806
0.950	-0.550	0.000	5.17457628
1.050	-0.550	0.000	5.17098999
1.150	-0.550	0.000	5.16678619
1.250	-0.550	0.000	5.16298866
1.350	-0.550	0.000	5.16009998
1.450	-0.550	0.000	5.15785980
1.550	-0.550	0.000	5.15599251
1.650	-0.550	0.000	5.15377617
1.750	-0.550	0.000	5.15154362
1.850	-0.550	0.000	5.14805126
1.950	-0.550	0.000	5.14440155
2.050	-0.550	0.000	5.13992023
2.150	-0.550	0.000	5.13615227
2.250	-0.550	0.000	5.13255882
2.350	-0.550	0.000	5.13414574
2.450	-0.550	0.000	5.13711691
-2.450	-0.450	0.000	5.37674427
-2.350	-0.450	0.000	5.36760187
-2.250	-0.450	0.000	5.36875248
-2.150	-0.450	0.000	5.36369085
-2.050	-0.450	0.000	5.35158634
-1.950	-0.450	0.000	5.33594322
-1.850	-0.450	0.000	5.31781006
-1.750	-0.450	0.000	5.30216026
-1.650	-0.450	0.000	5.29127550
-1.550	-0.450	0.000	5.28539610
-1.450	-0.450	0.000	5.28259993
-1.350	-0.450	0.000	5.27991152
-1.250	-0.450	0.000	5.27296925
-1.150	-0.450	0.000	5.26148415
-1.050	-0.450	0.000	5.24655533
-0.950	-0.450	0.000	5.22992563
-0.850	-0.450	0.000	5.21460438
-0.750	-0.450	0.000	5.20119190
-0.650	-0.450	0.000	5.18922901
-0.550	-0.450	0.000	5.17814636
-0.450	-0.450	0.000	5.16847086
-0.350	-0.450	0.000	5.15932083
-0.250	-0.450	0.000	5.15239573
-0.150	-0.450	0.000	5.14954185
-0.050	-0.450	0.000	5.15003729
0.050	-0.450	0.000	5.15269756
0.150	-0.450	0.000	5.15671635
0.250	-0.450	0.000	5.16129732
0.350	-0.450	0.000	5.16534901
0.450	-0.450	0.000	5.16899586
0.550	-0.450	0.000	5.17251492
0.650	-0.450	0.000	5.17559671
0.750	-0.450	0.000	5.17724800
0.850	-0.450	0.000	5.17690325
0.950	-0.450	0.000	5.17459631
1.050	-0.450	0.000	5.17030716
1.150	-0.450	0.000	5.16564703
1.250	-0.450	0.000	5.16186047
1.350	-0.450	0.000	5.15962982
1.450	-0.450	0.000	5.15839100
1.550	-0.450	0.000	5.15734911
1.650	-0.450	0.000	5.15563107
1.750	-0.450	0.000	5.15339851
1.850	-0.450	0.000	5.14979649
1.950	-0.450	0.000	5.14597893
2.050	-0.450	0.000	5.14154339
2.150	-0.450	0.000	5.13808346
2.250	-0.450	0.000	5.13444805
2.350	-0.450	0.000	5.13638306
2.450	-0.450	0.000	5.14039135
-2.450	-0.350	0.000	5.38617134
-2.350	-0.350	0.000	5.37557888
-2.250	-0.350	0.000	5.37649250
-2.150	-0.350	0.000	5.37261152
-2.050	-0.350	0.000	5.36150360
-1.950	-0.350	0.000	5.34568405
-1.850	-0.350	0.000	5.32711792
-1.750	-0.350	0.000	5.31033707
-1.650	-0.350	0.000	5.29814672
-1.550	-0.350	0.000	5.29121065
-1.450	-0.350	0.000	5.28752232
-1.350	-0.350	0.000	5.28433323
-1.250	-0.350	0.000	5.27825117
-1.150	-0.350	0.000	5.26850796
-1.050	-0.350	0.000	5.25535297
-0.950	-0.350	0.000	5.24026442
-0.850	-0.350	0.000	5.22550106
-0.750	-0.350	0.000	5.21213531
-0.650	-0.350	0.000	5.20081425
-0.550	-0.350	0.000	5.19123554
-0.450	-0.350	0.000	5.18283224
-0.350	-0.350	0.000	5.17473984
-0.250	-0.350	0.000	5.16857719
-0.150	-0.350	0.000	5.16556787
-0.050	-0.350	0.000	5.16544151
0.050	-0.350	0.000	5.16704178
0.150	-0.350	0.000	5.16999865
0.250	-0.350	0.000	5.17314053
0.350	-0.350	0.000	5.17578506
0.450	-0.350	0.000	5.17792177
0.550	-0.350	0.000	5.17973518
0.650	-0.350	0.000	5.18096304
0.750	-0.350	0.000	5.18106318
0.850	-0.350	0.000	5.17933798
0.950	-0.350	0.000	5.17586613
1.050	-0.350	0.000	5.17101669
1.150	-0.350	0.000	5.16598415
1.250	-0.350	0.000	5.16227484
1.350	-0.350	0.000	5.16071033
1.450	-0.350	0.000	5.16035271
1.550	-0.350	0.000	5.16012096
1.650	-0.350	0.000	5.15906334
1.750	-0.350	0.000	5.15697432
1.850	-0.350	0.000	5.15333796
1.950	-0.350	0.000	5.14947605
2.050	-0.350	0.000	5.14533901
2.150	-0.350	0.000	5.14247608
2.250	-0.350	0.000	5.13923025
2.350	-0.350	0.000	5.14148998
2.450	-0.350	0.000	5.14662933
-2.450	-0.250	0.000	5.39820576
-2.350	-0.250	0.000	5.38556671
-2.250	-0.250	0.000	5.38494873
-2.150	-0.250	0.000	5.38193893
-2.050	-0.250	0.000	5.37182617
-1.950	-0.250	0.000	5.35624409
-1.850	-0.250	0.000	5.33765221
-1.750	-0.250	0.000	5.32046652
-1.650	-0.250	0.000	5.30737114
-1.550	-0.250	0.000	5.29922962
-1.450	-0.250	0.000	5.29465866
-1.350	-0.250	0.000	5.29070377
-1.250	-0.250	0.000	5.28468227
-1.150	-0.250	0.000	5.27579260
-1.050	-0.250	0.000	5.26380062
-0.950	-0.250	0.000	5.25033283
-0.850	-0.250	0.000	5.23599911
-0.750	-0.250	0.000	5.22255468
-0.650	-0.250	0.000	5.21134710
-0.550	-0.250	0.000	5.20253611
-0.450	-0.250	0.000	5.19500923
-0.350	-0.250	0.000	5.18839741
-0.250	-0.250	0.000	5.18324137
-0.150	-0.250	0.000	5.18046761
-0.050	-0.250	0.000	5.17992544
0.050	-0.250	0.000	5.18077993
0.150	-0.250	0.000	5.18289852
0.250	-0.250	0.000	5.18511963
0.350	-0.250	0.000	5.18673468
0.450	-0.250	0.000	5.18763351
0.550	-0.250	0.000	5.18812370
0.650	-0.250	0.000	5.18812132
0.750	-0.250	0.000	5.18686056
0.850	-0.250	0.000	5.18399382
0.950	-0.250	0.000	5.17961407
1.050	-0.250	0.000	5.17412853
1.150	-0.250	0.000	5.16860294
1.250	-0.250	0.000	5.16473198
1.350	-0.250	0.000	5.16361475
1.450	-0.250	0.000	5.16367054
1.550	-0.250	0.000	5.16418171
1.650	-0.250	0.000	5.16411877
1.750	-0.250	0.000	5.16271400
1.850	-0.250	0.000	5.15903282
1.950	-0.250	0.000	5.15500927
2.050	-0.250	0.000	5.15110111
2.150	-0.250	0.000	5.14866686
2.250	-0.250	0.000	5.14610577
2.350	-0.250	0.000	5.14874935
2.450	-0.250	0.000	5.15405703
-2.450	-0.150	0.000	5.40737057
-2.350	-0.150	0.000	5.39318275
-2.250	-0.150	0.000	5.39138985
-2.150	-0.150	0.000	5.38918591
-2.050	-0.150	0.000	5.38011360
-1.950	-0.150	0.000	5.36492729
-1.850	-0.150	0.000	5.34650707
-1.750	-0.150	0.000	5.32886696
-1.650	-0.150	0.000	5.31506395
-1.550	-0.150	0.000	5.30611801
-1.450	-0.150	0.000	5.30068398
-1.350	-0.150	0.000	5.29610300
-1.250	-0.150	0.000	5.29038811
-1.150	-0.150	0.000	5.28205824
-1.050	-0.150	0.000	5.27076340
-0.950	-0.150	0.000	5.25851250
-0.850	-0.150	0.000	5.24452019
-0.750	-0.150	0.000	5.23110104
-0.650	-0.150	0.000	5.21990395
-0.550	-0.150	0.000	5.21142054
-0.450	-0.150	0.000	5.20438671
-0.350	-0.150	0.000	5.19811630
-0.250	-0.150	0.000	5.19326401
-0.150	-0.150	0.000	5.19079447
-0.050	-0.150	0.000	5.19028616
0.050	-0.150	0.000	5.19153214
0.150	-0.150	0.000	5.19363070
0.250	-0.150	0.000	5.19544220
0.350	-0.150	0.000	5.19657803
0.450	-0.150	0.000	5.19697380
0.550	-0.150	0.000	5.19671202
0.650	-0.150	0.000	5.19586515
0.750	-0.150	0.000	5.19407368
0.850	-0.150	0.000	5.19067907
0.950	-0.150	0.000	5.18551493
1.050	-0.150	0.000	5.17951012
1.150	-0.150	0.000	5.17366219
1.250	-0.150	0.000	5.16961288
1.350	-0.150	0.000	5.16877747
1.450	-0.150	0.000	5.16915464
1.550	-0.150	0.000	5.16994190
1.650	-0.150	0.000	5.17079830
1.750	-0.150	0.000	5.16980839
1.850	-0.150	0.000	5.16617203
1.950	-0.150	0.000	5.16227245
2.050	-0.150	0.000	5.15844727
2.150	-0.150	0.000	5.15617180
2.250	-0.150	0.000	5.15412998
2.350	-0.150	0.000	5.15711164
2.450	-0.150	0.000	5.16134501
-2.450	-0.050	0.000	5.41232109
-2.350	-0.050	0.000	5.39672565
-2.250	-0.050	0.000	5.39366722
-2.150	-0.050	0.000	5.39163256
-2.050	-0.050	0.000	5.38321066
-1.950	-0.050	0.000	5.36910439
-1.850	-0.050	0.000	5.35158730
-1.750	-0.050	0.000	5.33423615
-1.650	-0.050	0.000	5.32014847
-1.550	-0.050	0.000	5.31046152
-1.450	-0.050	0.000	5.30436516
-1.350	-0.050	0.000	5.29924583
-1.250	-0.050	0.000	5.29392242
-1.150	-0.050	0.000	5.28584719
-1.050	-0.050	0.000	5.27502728
-0.950	-0.050	0.000	5.26383209
-0.850	-0.050	0.000	5.25051594
-0.750	-0.050	0.000	5.23672199
-0.650	-0.050	0.000	5.22519779
-0.550	-0.050	0.000	5.21646404
-0.450	-0.050	0.000	5.20865154
-0.350	-0.050	0.000	5.20238495
-0.250	-0.050	0.000	5.19782257
-0.150	-0.050	0.000	5.19538975
-0.050	-0.050	0.000	5.19541788
0.050	-0.050	0.000	5.19756317
0.150	-0.050	0.000	5.20047092
0.250	-0.050	0.000	5.20261765
0.350	-0.050	0.000	5.20366240
0.450	-0.050	0.000	5.20418549
0.550	-0.050	0.000	5.20375919
0.650	-0.050	0.000	5.20302963
0.750	-0.050	0.000	5.20182228
0.850	-0.050	0.000	5.19828320
0.950	-0.050	0.000	5.19301224
1.050	-0.050	0.000	5.18748236
1.150	-0.050	0.000	5.18202209
1.250	-0.050	0.000	5.17806339
1.350	-0.050	0.000	5.17725372
1.450	-0.050	0.000	5.17803860
1.550	-0.050	0.000	5.17893219
1.650	-0.050	0.000	5.17961121
1.750	-0.050	0.000	5.17956114
1.850	-0.050	0.000	5.17592716
1.950	-0.050	0.000	5.17158413
2.050	-0.050	0.000	5.16742182
2.150	-0.050	0.000	5.16578293
2.250	-0.050	0.000	5.16486311
2.350	-0.050	0.000	5.16810274
2.450	-0.050	0.000	5.16954803
-2.450	0.050	0.000	5.41482401
-2.350	0.050	0.000	5.39822769
-2.250	0.050	0.000	5.39441109
-2.150	0.050	0.000	5.39274216
-2.050	0.050	0.000	5.38481426
-1.950	0.050	0.000	5.37169218
-1.850	0.050	0.000	5.35523748
-1.750	0.050	0.000	5.33837748
-1.650	0.050	0.000	5.32400227
-1.550	0.050	0.000	5.31352091
-1.450	0.050	0.000	5.30645037
-1.350	0.050	0.000	5.30083942
-1.250	0.050	0.000	5.29608107
-1.150	0.050	0.000	5.28888655
-1.050	0.050	0.000	5.27847195
-0.950	0.050	0.000	5.26790762
-0.850	0.050	0.000	5.25532246
-0.750	0.050	0.000	5.24106407
-0.650	0.050	0.000	5.23009491
-0.550	0.050	0.000	5.21958256
-0.450	0.050	0.000	5.21040916
-0.350	0.050	0.000	5.20292187
-0.250	0.050	0.000	5.19774723
-0.150	0.050	0.000	5.19550657
-0.050	0.050	0.000	5.19651365
0.050	0.050	0.000	5.19980431
0.150	0.050	0.000	5.20401955
0.250	0.050	0.000	5.20712709
0.350	0.050	0.000	5.20891380
0.450	0.050	0.000	5.20973635
0.550	0.050	0.000	5.20998669
0.650	0.050	0.000	5.21082211
0.750	0.050	0.000	5.20973587
0.850	0.050	0.000	5.20811272
0.950	0.050	0.000	5.20367146
1.050	0.050	0.000	5.19826508
1.150	0.050	0.000	5.19343948
1.250	0.050	0.000	5.18940306
1.350	0.050	0.000	5.18782568
1.450	0.050	0.000	5.18833733
1.550	0.050	0.000	5.18911934
1.650	0.050	0.000	5.18915176
1.750	0.050	0.000	5.18890953
1.850	0.050	0.000	5.18605709
1.950	0.050	0.000	5.18201685
2.050	0.050	0.000	5.17792463
2.150	0.050	0.000	5.17545223
2.250	0.050	0.000	5.17381573
2.350	0.050	0.000	5.17562342
2.450	0.050	0.000	5.17562771
-2.450	0.150	0.000	5.41925526
-2.350	0.150	0.000	5.40200043
-2.250	0.150	0.000	5.39769650
-2.150	0.150	0.000	5.39606380
-2.050	0.150	0.000	5.38824177
-1.950	0.150	0.000	5.37560749
-1.850	0.150	0.000	5.35965347
-1.750	0.150	0.000	5.34337568
-1.650	0.150	0.000	5.32903767
-1.550	0.150	0.000	5.31791210
-1.450	0.150	0.000	5.31006527
-1.350	0.150	0.000	5.30391026
-1.250	0.150	0.000	5.29885864
-1.150	0.150	0.000	5.29223347
-1.050	0.150	0.000	5.28284073
-0.950	0.150	0.000	5.27345848
-0.850	0.150	0.000	5.26181793
-0.750	0.150	0.000	5.24732780
-0.650	0.150	0.000	5.23581076
-0.550	0.150	0.000	5.22339439
-0.450	0.150	0.000	5.21231413
-0.350	0.150	0.000	5.20286655
-0.250	0.150	0.000	5.19645023
-0.150	0.150	0.000	5.19426823
-0.050	0.150	0.000	5.19616032
0.050	0.150	0.000	5.20058250
0.150	0.150	0.000	5.20622301
0.250	0.150	0.000	5.21074533
0.350	0.150	0.000	5.21352959
0.450	0.150	0.000	5.21454668
0.550	0.150	0.000	5.21734476
0.650	0.150	0.000	5.21848202
0.750	0.150	0.000	5.21829367
0.850	0.150	0.000	5.21827364
0.950	0.150	0.000	5.21511078
1.050	0.150	0.000	5.20921803
1.150	0.150	0.000	5.20468235
1.250	0.150	0.000	5.20062160
1.350	0.150	0.000	5.19860077
1.450	0.150	0.000	5.19863224
1.550	0.150	0.000	5.19939709
1.650	0.150	0.000	5.19916630
1.750	0.150	0.000	5.19894695
1.850	0.150	0.000	5.19743729
1.950	0.150	0.000	5.19379663
2.050	0.150	0.000	5.19007683
2.150	0.150	0.000	5.18722916
2.250	0.150	0.000	5.18466187
2.350	0.150	0.000	5.18398285
2.450	0.150	0.000	5.18083477
-2.450	0.250	0.000	5.42766094
-2.350	0.250	0.000	5.40962172
-2.250	0.250	0.000	5.40453339
-2.150	0.250	0.000	5.40299511
-2.050	0.250	0.000	5.39548111
-1.950	0.250	0.000	5.38371468
-1.850	0.250	0.000	5.36842632
-1.750	0.250	0.000	5.35237694
-1.650	0.250	0.000	5.33784389
-1.550	0.250	0.000	5.32613277
-1.450	0.250	0.000	5.31753063
-1.350	0.250	0.000	5.31080437
-1.250	0.250	0.000	5.30563211
-1.150	0.250	0.000	5.29906464
-1.050	0.250	0.000	5.29052353
-0.950	0.250	0.000	5.28094006
-0.850	0.250	0.000	5.26950836
-0.750	0.250	0.000	5.25483894
-0.650	0.250	0.000	5.24308920
-0.550	0.250	0.000	5.22967434
-0.450	0.250	0.000	5.21731853
-0.350	0.250	0.000	5.20637226
-0.250	0.250	0.000	5.19878960
-0.150	0.250	0.000	5.19562483
-0.050	0.250	0.000	5.19755077
0.050	0.250	0.000	5.20295000
0.150	0.250	0.000	5.20952129
0.250	0.250	0.000	5.21567440
0.350	0.250	0.000	5.21925640
0.450	0.250	0.000	5.22149706
0.550	0.250	0.000	5.22532272
0.650	0.250	0.000	5.22616196
0.750	0.250	0.000	5.22645569
0.850	0.250	0.000	5.22647715
0.950	0.250	0.000	5.22409201
1.050	0.250	0.000	5.21787930
1.150	0.250	0.000	5.21378946
1.250	0.250	0.000	5.21033764
1.350	0.250	0.000	5.20831680
1.450	0.250	0.000	5.20803452
1.550	0.250	0.000	5.20848942
1.650	0.250	0.000	5.20837975
1.750	0.250	0.000	5.20827341
1.850	0.250	0.000	5.20693493
1.950	0.250	0.000	5.20467234
2.050	0.250	0.000	5.20060301
2.150	0.250	0.000	5.19654083
2.250	0.250	0.000	5.19278145
2.350	0.250	0.000	5.19048977
2.450	0.250	0.000	5.18509722
-2.450	0.350	0.000	5.43898487
-2.350	0.350	0.000	5.42015362
-2.250	0.350	0.000	5.41435337
-2.150	0.350	0.000	5.41333485
-2.050	0.350	0.000	5.40656567
-1.950	0.350	0.000	5.39632416
-1.850	0.350	0.000	5.38234425
-1.750	0.350	0.000	5.36711407
-1.650	0.350	0.000	5.35281944
-1.550	0.350	0.000	5.34054947
-1.450	0.350	0.000	5.33083725
-1.350	0.350	0.000	5.32281017
-1.250	0.350	0.000	5.31685877
-1.150	0.350	0.000	5.30951405
-1.050	0.350	0.000	5.30063725
-0.950	0.350	0.000	5.29077244
-0.850	0.350	0.000	5.27953815
-0.750	0.350	0.000	5.26491547
-0.650	0.350	0.000	5.25249100
-0.550	0.350	0.000	5.23836708
-0.450	0.350	0.000	5.22475815
-0.350	0.350	0.000	5.21244049
-0.250	0.350	0.000	5.20378399
-0.150	0.350	0.000	5.20072937
-0.050	0.350	0.000	5.20325089
0.050	0.350	0.000	5.20866585
0.150	0.350	0.000	5.21623802
0.250	0.350	0.000	5.22309303
0.350	0.350	0.000	5.22707462
0.450	0.350	0.000	5.23058891
0.550	0.350	0.000	5.23277283
0.650	0.350	0.000	5.23329926
0.750	0.350	0.000	5.23351383
0.850	0.350	0.000	5.23263836
0.950	0.350	0.000	5.23042917
1.050	0.350	0.000	5.22407627
1.150	0.350	0.000	5.21964359
1.250	0.350	0.000	5.21684265
1.350	0.350	0.000	5.21509790
1.450	0.350	0.000	5.21507454
1.550	0.350	0.000	5.21605301
1.650	0.350	0.000	5.21556664
1.750	0.350	0.000	5.21481133
1.850	0.350	0.000	5.21295929
1.950	0.350	0.000	5.21148586
2.050	0.350	0.000	5.20793009
2.150	0.350	0.000	5.20356417
2.250	0.350	0.000	5.19872952
2.350	0.350	0.000	5.19533157
2.450	0.350	0.000	5.18839359
-2.450	0.450	0.000	5.45558023
-2.350	0.450	0.000	5.43560505
-2.250	0.450	0.000	5.42844582
-2.150	0.450	0.000	5.42761040
-2.050	0.450	0.000	5.42206097
-1.950	0.450	0.000	5.41394043
-1.850	0.450	0.000	5.40209770
-1.750	0.450	0.000	5.38855743
-1.650	0.450	0.000	5.37540817
-1.550	0.450	0.000	5.36347723
-1.450	0.450	0.000	5.35313654
-1.350	0.450	0.000	5.34395027
-1.250	0.450	0.000	5.33554935
-1.150	0.450	0.000	5.32590008
-1.050	0.450	0.000	5.31481123
-0.950	0.450	0.000	5.30318737
-0.850	0.450	0.000	5.29124260
-0.750	0.450	0.000	5.27706718
-0.650	0.450	0.000	5.26538658
-0.550	0.450	0.000	5.25198174
-0.450	0.450	0.000	5.23841000
-0.350	0.450	0.000	5.22579765
-0.250	0.450	0.000	5.21671295
-0.150	0.450	0.000	5.21227217
-0.050	0.450	0.000	5.21366787
0.050	0.450	0.000	5.22014046
0.150	0.450	0.000	5.22728729
0.250	0.450	0.000	5.23334503
0.350	0.450	0.000	5.23853874
0.450	0.450	0.000	5.24071693
0.550	0.450	0.000	5.24151134
0.650	0.450	0.000	5.24138451
0.750	0.450	0.000	5.23887730
0.850	0.450	0.000	5.23565769
0.950	0.450	0.000	5.23318148
1.050	0.450	0.000	5.22744370
1.150	0.450	0.000	5.22234726
1.250	0.450	0.000	5.22031403
1.350	0.450	0.000	5.21905804
1.450	0.450	0.000	5.21936035
1.550	0.450	0.000	5.22060204
1.650	0.450	0.000	5.22059345
1.750	0.450	0.000	5.22019196
1.850	0.450	0.000	5.21852684
1.950	0.450	0.000	5.21817064
2.050	0.450	0.000	5.21387434
2.150	0.450	0.000	5.20828342
2.250	0.450	0.000	5.20326805
2.350	0.450	0.000	5.19921207
2.450	0.450	0.000	5.19160557
-2.450	0.550	0.000	5.47532368
-2.350	0.550	0.000	5.45387077
-2.250	0.550	0.000	5.44490910
-2.150	0.550	0.000	5.44407272
-2.050	0.550	0.000	5.44002438
-1.950	0.550	0.000	5.43439293
-1.850	0.550	0.000	5.42542076
-1.750	0.550	0.000	5.41456127
-1.650	0.550	0.000	5.40343475
-1.550	0.550	0.000	5.39264584
-1.450	0.550	0.000	5.38209009
-1.350	0.550	0.000	5.37150097
-1.250	0.550	0.000	5.36008453
-1.150	0.550	0.000	5.34741783
-1.050	0.550	0.000	5.33283472
-0.950	0.550	0.000	5.31873512
-0.850	0.550	0.000	5.30475807
-0.750	0.550	0.000	5.29063606
-0.650	0.550	0.000	5.27893257
-0.550	0.550	0.000	5.26604891
-0.450	0.550	0.000	5.25317144
-0.350	0.550	0.000	5.24077606
-0.250	0.550	0.000	5.23180389
-0.150	0.550	0.000	5.22744656
-0.050	0.550	0.000	5.22755527
0.050	0.550	0.000	5.23296261
0.150	0.550	0.000	5.23909283
0.250	0.550	0.000	5.24402380
0.350	0.550	0.000	5.24761581
0.450	0.550	0.000	5.24869728
0.550	0.550	0.000	5.24752331
0.650	0.550	0.000	5.24564934
0.750	0.550	0.000	5.24288273
0.850	0.550	0.000	5.23866749
0.950	0.550	0.000	5.23530006
1.050	0.550	0.000	5.23006439
1.150	0.550	0.000	5.22517109
1.250	0.550	0.000	5.22400093
1.350	0.550	0.000	5.22344112
1.450	0.550	0.000	5.22400045
1.550	0.550	0.000	5.22553825
1.650	0.550	0.000	5.22579241
1.750	0.550	0.000	5.22554111
1.850	0.550	0.000	5.22333431
1.950	0.550	0.000	5.22378731
2.050	0.550	0.000	5.22021008
2.150	0.550	0.000	5.21470928
2.250	0.550	0.000	5.20920420
2.350	0.550	0.000	5.20538330
2.450	0.550	0.000	5.19826317
-2.450	0.650	0.000	5.49573708
-2.350	0.650	0.000	5.47306442
-2.250	0.650	0.000	5.46207905
-2.150	0.650	0.000	5.45983219
-2.050	0.650	0.000	5.45662594
-1.950	0.650	0.000	5.45338154
-1.850	0.650	0.000	5.44807768
-1.750	0.650	0.000	5.44073296
-1.650	0.650	0.000	5.43200207
-1.550	0.650	0.000	5.42295265
-1.450	0.650	0.000	5.41286278
-1.350	0.650	0.000	5.40179443
-1.250	0.650	0.000	5.38820219
-1.150	0.650	0.000	5.37247515
-1.050	0.650	0.000	5.35450840
-0.950	0.650	0.000	5.33720255
-0.850	0.650	0.000	5.31993294
-0.750	0.650	0.000	5.30530834
-0.650	0.650	0.000	5.29323006
-0.550	0.650	0.000	5.28128767
-0.450	0.650	0.000	5.26988792
-0.350	0.650	0.000	5.25851679
-0.250	0.650	0.000	5.25029707
-0.150	0.650	0.000	5.24533176
-0.050	0.650	0.000	5.24315262
0.050	0.650	0.000	5.24787140
0.150	0.650	0.000	5.25146484
0.250	0.650	0.000	5.25537348
0.350	0.650	0.000	5.25798464
0.450	0.650	0.000	5.25812292
0.550	0.650	0.000	5.25624704
0.650	0.650	0.000	5.25338411
0.750	0.650	0.000	5.24970531
0.850	0.650	0.000	5.24496651
0.950	0.650	0.000	5.24092102
1.050	0.650	0.000	5.23647165
1.150	0.650	0.000	5.23093605
1.250	0.650	0.000	5.22941685
1.350	0.650	0.000	5.22956848
1.450	0.650	0.000	5.23040676
1.550	0.650	0.000	5.23237896
1.650	0.650	0.000	5.23319817
1.750	0.650	0.000	5.23360538
1.850	0.650	0.000	5.23204947
1.950	0.650	0.000	5.23306465
2.050	0.650	0.000	5.23006344
2.150	0.650	0.000	5.22440004
2.250	0.650	0.000	5.21892548
2.350	0.650	0.000	5.21548367
2.450	0.650	0.000	5.20856571
-2.450	0.750	0.000	5.51425028
-2.350	0.750	0.000	5.49010897
-2.250	0.750	0.000	5.47751617
-2.150	0.750	0.000	5.47525501
-2.050	0.750	0.000	5.47231579
-1.950	0.750	0.000	5.47042561
-1.850	0.750	0.000	5.46734953
-1.750	0.750	0.000	5.46210861
-1.650	0.750	0.000	5.45631361
-1.550	0.750	0.000	5.44954395
-1.450	0.750	0.000	5.44081402
-1.350	0.750	0.000	5.43078804
-1.250	0.750	0.000	5.41557217
-1.150	0.750	0.000	5.39734936
-1.050	0.750	0.000	5.37650776
-0.950	0.750	0.000	5.35543060
-0.850	0.750	0.000	5.33475971
-0.750	0.750	0.000	5.31875229
-0.650	0.750	0.000	5.30532360
-0.550	0.750	0.000	5.29397964
-0.450	0.750	0.000	5.28404808
-0.350	0.750	0.000	5.27474165
-0.250	0.750	0.000	5.26751137
-0.150	0.750	0.000	5.26226902
-0.050	0.750	0.000	5.25858212
0.050	0.750	0.000	5.26113796
0.150	0.750	0.000	5.26325989
0.250	0.750	0.000	5.26501369
0.350	0.750	0.000	5.26646423
0.450	0.750	0.000	5.26601887
0.550	0.750	0.000	5.26405334
0.650	0.750	0.000	5.26124763
0.750	0.750	0.000	5.25774574
0.850	0.750	0.000	5.25353432
0.950	0.750	0.000	5.24903679
1.050	0.750	0.000	5.24501801
1.150	0.750	0.000	5.24065495
1.250	0.750	0.000	5.23793364
1.350	0.750	0.000	5.23871899
1.450	0.750	0.000	5.23996639
1.550	0.750	0.000	5.24244881
1.650	0.750	0.000	5.24428701
1.750	0.750	0.000	5.24538374
1.850	0.750	0.000	5.24419689
1.950	0.750	0.000	5.24452972
2.050	0.750	0.000	5.24168491
2.150	0.750	0.000	5.23647785
2.250	0.750	0.000	5.23069429
2.350	0.750	0.000	5.22709846
2.450	0.750	0.000	5.21975899
-2.450	0.850	0.000	5.52707100
-2.350	0.850	0.000	5.50155544
-2.250	0.850	0.000	5.48771191
-2.150	0.850	0.000	5.48348427
-2.050	0.850	0.000	5.47954607
-1.950	0.850	0.000	5.47848320
-1.850	0.850	0.000	5.47787762
-1.750	0.850	0.000	5.47674513
-1.650	0.850	0.000	5.47396374
-1.550	0.850	0.000	5.46980810
-1.450	0.850	0.000	5.46326971
-1.350	0.850	0.000	5.45378017
-1.250	0.850	0.000	5.43922806
-1.150	0.850	0.000	5.41926861
-1.050	0.850	0.000	5.39663124
-0.950	0.850	0.000	5.37166214
-0.850	0.850	0.000	5.34865618
-0.750	0.850	0.000	5.33034611
-0.650	0.850	0.000	5.31502056
-0.550	0.850	0.000	5.30352259
-0.450	0.850	0.000	5.29426956
-0.350	0.850	0.000	5.28673649
-0.250	0.850	0.000	5.28056049
-0.150	0.850	0.000	5.27566624
-0.050	0.850	0.000	5.27252817
0.050	0.850	0.000	5.27143669
0.150	0.850	0.000	5.27357626
0.250	0.850	0.000	5.27424908
0.350	0.850	0.000	5.27489090
0.450	0.850	0.000	5.27459669
0.550	0.850	0.000	5.27297974
0.650	0.850	0.000	5.27029037
0.750	0.850	0.000	5.26686192
0.850	0.850	0.000	5.26276588
0.950	0.850	0.000	5.25858593
1.050	0.850	0.000	5.25495625
1.150	0.850	0.000	5.25132847
1.250	0.850	0.000	5.24887180
1.350	0.850	0.000	5.24922800
1.450	0.850	0.000	5.25143623
1.550	0.850	0.000	5.25438166
1.650	0.850	0.000	5.25671005
1.750	0.850	0.000	5.25805378
1.850	0.850	0.000	5.25740528
1.950	0.850	0.000	5.25717068
2.050	0.850	0.000	5.25325203
2.150	0.850	0.000	5.24834919
2.250	0.850	0.000	5.24195147
2.350	0.850	0.000	5.23800611
2.450	0.850	0.000	5.22902870
-2.450	0.950	0.000	5.53168488
-2.350	0.950	0.000	5.50456142
-2.250	0.950	0.000	5.49026108
-2.150	0.950	0.000	5.48540926
-2.050	0.950	0.000	5.48080683
-1.950	0.950	0.000	5.48002911
-1.850	0.950	0.000	5.48027515
-1.750	0.950	0.000	5.47992659
-1.650	0.950	0.000	5.47826052
-1.550	0.950	0.000	5.47572041
-1.450	0.950	0.000	5.47126293
-1.350	0.950	0.000	5.46251869
-1.250	0.950	0.000	5.45048809
-1.150	0.950	0.000	5.43132925
-1.050	0.950	0.000	5.40947294
-0.950	0.950	0.000	5.38353014
-0.850	0.950	0.000	5.36029816
-0.750	0.950	0.000	5.34012413
-0.650	0.950	0.000	5.32266808
-0.550	0.950	0.000	5.30935001
-0.450	0.950	0.000	5.29906559
-0.350	0.950	0.000	5.29178905
-0.250	0.950	0.000	5.28641415
-0.150	0.950	0.000	5.28218317
-0.050	0.950	0.000	5.28001785
0.050	0.950	0.000	5.27901411
0.150	0.950	0.000	5.27925110
0.250	0.950	0.000	5.28131771
0.350	0.950	0.000	5.28153086
0.450	0.950	0.000	5.28163242
0.550	0.950	0.000	5.28048229
0.650	0.950	0.000	5.27771759
0.750	0.950	0.000	5.27394104
0.850	0.950	0.000	5.26978111
0.950	0.950	0.000	5.26638222
1.050	0.950	0.000	5.26275063
1.150	0.950	0.000	5.25974274
1.250	0.950	0.000	5.25833130
1.350	0.950	0.000	5.25904751
1.450	0.950	0.000	5.26224613
1.550	0.950	0.000	5.26618576
1.650	0.950	0.000	5.26858044
1.750	0.950	0.000	5.26948547
1.850	0.950	0.000	5.26868820
1.950	0.950	0.000	5.26569748
2.050	0.950	0.000	5.26117516
2.150	0.950	0.000	5.25686550
2.250	0.950	0.000	5.24973536
2.350	0.950	0.000	5.24547577
2.450	0.950	0.000	5.23546505
-2.450	1.050	0.000	5.52613735
-2.350	1.050	0.000	5.49869251
-2.250	1.050	0.000	5.48404360
-2.150	1.050	0.000	5.47818565
-2.050	1.050	0.000	5.47301960
-1.950	1.050	0.000	5.47227383
-1.850	1.050	0.000	5.47309017
-1.750	1.050	0.000	5.47375727
-1.650	1.050	0.000	5.47288609
-1.550	1.050	0.000	5.47138405
-1.450	1.050	0.000	5.46743059
-1.350	1.050	0.000	5.46107292
-1.250	1.050	0.000	5.45073223
-1.150	1.050	0.000	5.43401766
-1.050	1.050	0.000	5.41398954
-0.950	1.050	0.000	5.38966560
-0.850	1.050	0.000	5.36709976
-0.750	1.050	0.000	5.34591579
-0.650	1.050	0.000	5.32679319
-0.550	1.050	0.000	5.31153870
-0.450	1.050	0.000	5.30022240
-0.350	1.050	0.000	5.29226208
-0.250	1.050	0.000	5.28716087
-0.150	1.050	0.000	5.28347015
-0.050	1.050	0.000	5.28182173
0.050	1.050	0.000	5.28111172
0.150	1.050	0.000	5.28111887
0.250	1.050	0.000	5.28290224
0.350	1.050	0.000	5.28273487
0.450	1.050	0.000	5.28300428
0.550	1.050	0.000	5.28280926
0.650	1.050	0.000	5.28161716
0.750	1.050	0.000	5.27932262
0.850	1.050	0.000	5.27591991
0.950	1.050	0.000	5.27178431
1.050	1.050	0.000	5.26792431
1.150	1.050	0.000	5.26508188
1.250	1.050	0.000	5.26407957
1.350	1.050	0.000	5.26594973
1.450	1.050	0.000	5.26947308
1.550	1.050	0.000	5.27325535
1.650	1.050	0.000	5.27540493
1.750	1.050	0.000	5.27551556
1.850	1.050	0.000	5.27300692
1.950	1.050	0.000	5.26923275
2.050	1.050	0.000	5.26378632
2.150	1.050	0.000	5.25967598
2.250	1.050	0.000	5.25211668
2.350	1.050	0.000	5.24749851
2.450	1.050	0.000	5.23550510
-2.450	1.150	0.000	5.51761436
-2.350	1.150	0.000	5.48906326
-2.250	1.150	0.000	5.47306538
-2.150	1.150	0.000	5.46559811
-2.050	1.150	0.000	5.45919371
-1.950	1.150	0.000	5.45802784
-1.850	1.150	0.000	5.45924377
-1.750	1.150	0.000	5.46048164
-1.650	1.150	0.000	5.45971012
-1.550	1.150	0.000	5.45905876
-1.450	1.150	0.000	5.45515490
-1.350	1.150	0.000	5.45064020
-1.250	1.150	0.000	5.44216919
-1.150	1.150	0.000	5.42929316
-1.050	1.150	0.000	5.41262674
-0.950	1.150	0.000	5.39190245
-0.850	1.150	0.000	5.37098312
-0.750	1.150	0.000	5.34881639
-0.650	1.150	0.000	5.32748699
-0.550	1.150	0.000	5.30935955
-0.450	1.150	0.000	5.29615164
-0.350	1.150	0.000	5.28698921
-0.250	1.150	0.000	5.28236103
-0.150	1.150	0.000	5.28076077
-0.050	1.150	0.000	5.28088760
0.050	1.150	0.000	5.28189278
0.150	1.150	0.000	5.28212833
0.250	1.150	0.000	5.28358698
0.350	1.150	0.000	5.28453159
0.450	1.150	0.000	5.28439999
0.550	1.150	0.000	5.28474998
0.650	1.150	0.000	5.28427029
0.750	1.150	0.000	5.28231478
0.850	1.150	0.000	5.27953434
0.950	1.150	0.000	5.27593327
1.050	1.150	0.000	5.27226734
1.150	1.150	0.000	5.26922703
1.250	1.150	0.000	5.26821804
1.350	1.150	0.000	5.26968098
1.450	1.150	0.000	5.27257347
1.550	1.150	0.000	5.27522087
1.650	1.150	0.000	5.27555943
1.750	1.150	0.000	5.27387619
1.850	1.150	0.000	5.26995182
1.950	1.150	0.000	5.26557922
2.050	1.150	0.000	5.25998020
2.150	1.150	0.000	5.25629234
2.250	1.150	0.000	5.24870682
2.350	1.150	0.000	5.24431992
2.450	1.150	0.000	5.23234177
-2.450	1.250	0.000	5.50887871
-2.350	1.250	0.000	5.48103237
-2.250	1.250	0.000	5.46406412
-2.150	1.250	0.000	5.45399761
-2.050	1.250	0.000	5.44527388
-1.950	1.250	0.000	5.44230366
-1.850	1.250	0.000	5.44262791
-1.750	1.250	0.000	5.44363022
-1.650	1.250	0.000	5.44267368
-1.550	1.250	0.000	5.44174767
-1.450	1.250	0.000	5.43754196
-1.350	1.250	0.000	5.43371630
-1.250	1.250	0.000	5.42673588
-1.150	1.250	0.000	5.41709709
-1.050	1.250	0.000	5.40364742
-0.950	1.250	0.000	5.38682461
-0.850	1.250	0.000	5.36790085
-0.750	1.250	0.000	5.34616470
-0.650	1.250	0.000	5.32421875
-0.550	1.250	0.000	5.30459118
-0.450	1.250	0.000	5.29018879
-0.350	1.250	0.000	5.28079987
-0.250	1.250	0.000	5.27638245
-0.150	1.250	0.000	5.27521133
-0.050	1.250	0.000	5.27581024
0.050	1.250	0.000	5.27713633
0.150	1.250	0.000	5.27818489
0.250	1.250	0.000	5.27879810
0.350	1.250	0.000	5.28012609
0.450	1.250	0.000	5.28041601
0.550	1.250	0.000	5.28132534
0.650	1.250	0.000	5.28220654
0.750	1.250	0.000	5.28243732
0.850	1.250	0.000	5.28080034
0.950	1.250	0.000	5.27775955
1.050	1.250	0.000	5.27429819
1.150	1.250	0.000	5.27091408
1.250	1.250	0.000	5.26903248
1.350	1.250	0.000	5.26936150
1.450	1.250	0.000	5.27071095
1.550	1.250	0.000	5.27226305
1.650	1.250	0.000	5.27210999
1.750	1.250	0.000	5.26922369
1.850	1.250	0.000	5.26373863
1.950	1.250	0.000	5.25872946
2.050	1.250	0.000	5.25332546
2.150	1.250	0.000	5.25023174
2.250	1.250	0.000	5.24296093
2.350	1.250	0.000	5.23887634
2.450	1.250	0.000	5.22629070
-2.450	1.350	0.000	5.50442076
-2.350	1.350	0.000	5.47786522
-2.250	1.350	0.000	5.46181774
-2.150	1.350	0.000	5.44978905
-2.050	1.350	0.000	5.43820000
-1.950	1.350	0.000	5.43141413
-1.850	1.350	0.000	5.42916489
-1.750	1.350	0.000	5.42828846
-1.650	1.350	0.000	5.42667484
-1.550	1.350	0.000	5.42505836
-1.450	1.350	0.000	5.42090130
-1.350	1.350	0.000	5.41747761
-1.250	1.350	0.000	5.41167068
-1.150	1.350	0.000	5.40442514
-1.050	1.350	0.000	5.39345455
-0.950	1.350	0.000	5.37869835
-0.850	1.350	0.000	5.36106062
-0.750	1.350	0.000	5.33971596
-0.650	1.350	0.000	5.31779003
-0.550	1.350	0.000	5.29760981
-0.450	1.350	0.000	5.28302956
-0.350	1.350	0.000	5.27357721
-0.250	1.350	0.000	5.26968050
-0.150	1.350	0.000	5.26906967
-0.050	1.350	0.000	5.26992130
0.050	1.350	0.000	5.27126646
0.150	1.350	0.000	5.27235222
0.250	1.350	0.000	5.27324104
0.350	1.350	0.000	5.27483940
0.450	1.350	0.000	5.27598953
0.550	1.350	0.000	5.27795410
0.650	1.350	0.000	5.28035355
0.750	1.350	0.000	5.28172827
0.850	1.350	0.000	5.28195190
0.950	1.350	0.000	5.27885437
1.050	1.350	0.000	5.27541733
1.150	1.350	0.000	5.27202892
1.250	1.350	0.000	5.26960373
1.350	1.350	0.000	5.26862144
1.450	1.350	0.000	5.26858902
1.550	1.350	0.000	5.26770926
1.650	1.350	0.000	5.26491833
1.750	1.350	0.000	5.26030445
1.850	1.350	0.000	5.25427151
1.950	1.350	0.000	5.24980736
2.050	1.350	0.000	5.24562454
2.150	1.350	0.000	5.24370766
2.250	1.350	0.000	5.23714638
2.350	1.350	0.000	5.23361635
2.450	1.350	0.000	5.22193050
-2.450	1.450	0.000	5.50380898
-2.350	1.450	0.000	5.48066854
-2.250	1.450	0.000	5.46487236
-2.150	1.450	0.000	5.45168781
-2.050	1.450	0.000	5.43816423
-1.950	1.450	0.000	5.42859268
-1.850	1.450	0.000	5.42251015
-1.750	1.450	0.000	5.41730833
-1.650	1.450	0.000	5.41350031
-1.550	1.450	0.000	5.41031504
-1.450	1.450	0.000	5.40631247
-1.350	1.450	0.000	5.40288925
-1.250	1.450	0.000	5.39818096
-1.150	1.450	0.000	5.39342403
-1.050	1.450	0.000	5.38397741
-0.950	1.450	0.000	5.37014961
-0.850	1.450	0.000	5.35346985
-0.750	1.450	0.000	5.33308029
-0.650	1.450	0.000	5.31218338
-0.550	1.450	0.000	5.29245663
-0.450	1.450	0.000	5.27815819
-0.350	1.450	0.000	5.26861668
-0.250	1.450	0.000	5.26440048
-0.150	1.450	0.000	5.26320648
-0.050	1.450	0.000	5.26391602
0.050	1.450	0.000	5.26532936
0.150	1.450	0.000	5.26675510
0.250	1.450	0.000	5.26900005
0.350	1.450	0.000	5.27019358
0.450	1.450	0.000	5.27090645
0.550	1.450	0.000	5.27231216
0.650	1.450	0.000	5.27414894
0.750	1.450	0.000	5.27581310
0.850	1.450	0.000	5.27646923
0.950	1.450	0.000	5.27567673
1.050	1.450	0.000	5.27354240
1.150	1.450	0.000	5.27110577
1.250	1.450	0.000	5.26887512
1.350	1.450	0.000	5.26744556
1.450	1.450	0.000	5.26604795
1.550	1.450	0.000	5.26365900
1.650	1.450	0.000	5.25919199
1.750	1.450	0.000	5.25352573
1.850	1.450	0.000	5.24744701
1.950	1.450	0.000	5.24372196
2.050	1.450	0.000	5.24085426
2.150	1.450	0.000	5.24032402
2.250	1.450	0.000	5.23530102
2.350	1.450	0.000	5.23218918
2.450	1.450	0.000	5.21966696
-2.450	1.550	0.000	5.50577545
-2.350	1.550	0.000	5.48696852
-2.250	1.550	0.000	5.47352505
-2.150	1.550	0.000	5.45996284
-2.050	1.550	0.000	5.44386005
-1.950	1.550	0.000	5.43057728
-1.850	1.550	0.000	5.42000103
-1.750	1.550	0.000	5.41216660
-1.650	1.550	0.000	5.40595627
-1.550	1.550	0.000	5.40019226
-1.450	1.550	0.000	5.39556122
-1.350	1.550	0.000	5.39204359
-1.250	1.550	0.000	5.38806057
-1.150	1.550	0.000	5.38336372
-1.050	1.550	0.000	5.37596703
-0.950	1.550	0.000	5.36197901
-0.850	1.550	0.000	5.34717274
-0.750	1.550	0.000	5.32847309
-0.650	1.550	0.000	5.30921936
-0.550	1.550	0.000	5.29021931
-0.450	1.550	0.000	5.27584934
-0.350	1.550	0.000	5.26573944
-0.250	1.550	0.000	5.26042843
-0.150	1.550	0.000	5.25847340
-0.050	1.550	0.000	5.25924587
0.050	1.550	0.000	5.26098251
0.150	1.550	0.000	5.26461411
0.250	1.550	0.000	5.26781464
0.350	1.550	0.000	5.26910114
0.450	1.550	0.000	5.26929808
0.550	1.550	0.000	5.26917982
0.650	1.550	0.000	5.26903629
0.750	1.550	0.000	5.26904917
0.850	1.550	0.000	5.26930714
0.950	1.550	0.000	5.26947975
1.050	1.550	0.000	5.26914406
1.150	1.550	0.000	5.26863337
1.250	1.550	0.000	5.26748753
1.350	1.550	0.000	5.26630878
1.450	1.550	0.000	5.26418781
1.550	1.550	0.000	5.26080036
1.650	1.550	0.000	5.25538254
1.750	1.550	0.000	5.24996471
1.850	1.550	0.000	5.24502373
1.950	1.550	0.000	5.24259853
2.050	1.550	0.000	5.24081278
2.150	1.550	0.000	5.24088955
2.250	1.550	0.000	5.23586130
2.350	1.550	0.000	5.23330307
2.450	1.550	0.000	5.22125721
-2.450	1.650	0.000	5.50769043
-2.350	1.650	0.000	5.49082184
-2.250	1.650	0.000	5.48127937
-2.150	1.650	0.000	5.47023582
-2.050	1.650	0.000	5.45301819
-1.950	1.650	0.000	5.43800211
-1.850	1.650	0.000	5.42427301
-1.750	1.650	0.000	5.41200590
-1.650	1.650	0.000	5.40167427
-1.550	1.650	0.000	5.39250851
-1.450	1.650	0.000	5.38613272
-1.350	1.650	0.000	5.38048935
-1.250	1.650	0.000	5.37676191
-1.150	1.650	0.000	5.37396526
-1.050	1.650	0.000	5.37039852
-0.950	1.650	0.000	5.35991335
-0.850	1.650	0.000	5.34813309
-0.750	1.650	0.000	5.33157635
-0.650	1.650	0.000	5.31344128
-0.550	1.650	0.000	5.29414845
-0.450	1.650	0.000	5.27764416
-0.350	1.650	0.000	5.26555920
-0.250	1.650	0.000	5.25844860
-0.150	1.650	0.000	5.25585270
-0.050	1.650	0.000	5.25660038
0.050	1.650	0.000	5.25891495
0.150	1.650	0.000	5.26434994
0.250	1.650	0.000	5.26883888
0.350	1.650	0.000	5.27074385
0.450	1.650	0.000	5.27049303
0.550	1.650	0.000	5.26859570
0.650	1.650	0.000	5.26615810
0.750	1.650	0.000	5.26452971
0.850	1.650	0.000	5.26344872
0.950	1.650	0.000	5.26333904
1.050	1.650	0.000	5.26314688
1.150	1.650	0.000	5.26318264
1.250	1.650	0.000	5.26319122
1.350	1.650	0.000	5.26287889
1.450	1.650	0.000	5.26126146
1.550	1.650	0.000	5.25835800
1.650	1.650	0.000	5.25419807
1.750	1.650	0.000	5.25061083
1.850	1.650	0.000	5.24690962
1.950	1.650	0.000	5.24517632
2.050	1.650	0.000	5.24448299
2.150	1.650	0.000	5.24479675
2.250	1.650	0.000	5.23995447
2.350	1.650	0.000	5.23710775
2.450	1.650	0.000	5.22317600
-2.450	1.750	0.000	5.50369835
-2.350	1.750	0.000	5.48866701
-2.250	1.750	0.000	5.48457718
-2.150	1.750	0.000	5.47767067
-2.050	1.750	0.000	5.46154499
-1.950	1.750	0.000	5.44525099
-1.850	1.750	0.000	5.42901325
-1.750	1.750	0.000	5.41347313
-1.650	1.750	0.000	5.39998055
-1.550	1.750	0.000	5.38717842
-1.450	1.750	0.000	5.37792015
-1.350	1.750	0.000	5.37022114
-1.250	1.750	0.000	5.36636829
-1.150	1.750	0.000	5.36507225
-1.050	1.750	0.000	5.36464787
-0.950	1.750	0.000	5.35893631
-0.850	1.750	0.000	5.35172510
-0.750	1.750	0.000	5.33844566
-0.650	1.750	0.000	5.32099056
-0.550	1.750	0.000	5.30228901
-0.450	1.750	0.000	5.28363562
-0.350	1.750	0.000	5.26916885
-0.250	1.750	0.000	5.25966072
-0.150	1.750	0.000	5.25544643
-0.050	1.750	0.000	5.25539589
0.050	1.750	0.000	5.25805664
0.150	1.750	0.000	5.26449203
0.250	1.750	0.000	5.26994324
0.350	1.750	0.000	5.27321768
0.450	1.750	0.000	5.27342892
0.550	1.750	0.000	5.27092648
0.650	1.750	0.000	5.26745987
0.750	1.750	0.000	5.26433182
0.850	1.750	0.000	5.26202869
0.950	1.750	0.000	5.26060390
1.050	1.750	0.000	5.25917673
1.150	1.750	0.000	5.25814342
1.250	1.750	0.000	5.25804138
1.350	1.750	0.000	5.25819874
1.450	1.750	0.000	5.25737476
1.550	1.750	0.000	5.25569963
1.650	1.750	0.000	5.25374985
1.750	1.750	0.000	5.25182056
1.850	1.750	0.000	5.24956226
1.950	1.750	0.000	5.24812126
2.050	1.750	0.000	5.24761200
2.150	1.750	0.000	5.24849272
2.250	1.750	0.000	5.24421263
2.350	1.750	0.000	5.24158764
2.450	1.750	0.000	5.22633076
-2.450	1.850	0.000	5.49111223
-2.350	1.850	0.000	5.47545624
-2.250	1.850	0.000	5.47729778
-2.150	1.850	0.000	5.47720194
-2.050	1.850	0.000	5.46591425
-1.950	1.850	0.000	5.45162439
-1.850	1.850	0.000	5.43568659
-1.750	1.850	0.000	5.41790867
-1.650	1.850	0.000	5.40061235
-1.550	1.850	0.000	5.38421631
-1.450	1.850	0.000	5.37092066
-1.350	1.850	0.000	5.36006451
-1.250	1.850	0.000	5.35549736
-1.150	1.850	0.000	5.35567188
-1.050	1.850	0.000	5.35842705
-0.950	1.850	0.000	5.35735989
-0.850	1.850	0.000	5.35607815
-0.750	1.850	0.000	5.34725523
-0.650	1.850	0.000	5.33205605
-0.550	1.850	0.000	5.31581163
-0.450	1.850	0.000	5.29805565
-0.350	1.850	0.000	5.28209496
-0.250	1.850	0.000	5.26888180
-0.150	1.850	0.000	5.26014328
-0.050	1.850	0.000	5.25654745
0.050	1.850	0.000	5.25753546
0.150	1.850	0.000	5.26405525
0.250	1.850	0.000	5.27007294
0.350	1.850	0.000	5.27437305
0.450	1.850	0.000	5.27648163
0.550	1.850	0.000	5.27550983
0.650	1.850	0.000	5.27274513
0.750	1.850	0.000	5.26920033
0.850	1.850	0.000	5.26556587
0.950	1.850	0.000	5.26169014
1.050	1.850	0.000	5.25834942
1.150	1.850	0.000	5.25579453
1.250	1.850	0.000	5.25460911
1.350	1.850	0.000	5.25404358
1.450	1.850	0.000	5.25364017
1.550	1.850	0.000	5.25394773
1.650	1.850	0.000	5.25403976
1.750	1.850	0.000	5.25441647
1.850	1.850	0.000	5.25426388
1.950	1.850	0.000	5.25393295
2.050	1.850	0.000	5.25356436
2.150	1.850	0.000	5.25394011
2.250	1.850	0.000	5.24909401
2.350	1.850	0.000	5.24596405
2.450	1.850	0.000	5.22845078
-2.450	1.950	0.000	5.47236824
-2.350	1.950	0.000	5.45490170
-2.250	1.950	0.000	5.45992470
-2.150	1.950	0.000	5.46435070
-2.050	1.950	0.000	5.45846844
-1.950	1.950	0.000	5.44933796
-1.850	1.950	0.000	5.43722057
-1.750	1.950	0.000	5.42037344
-1.650	1.950	0.000	5.40225983
-1.550	1.950	0.000	5.38440514
-1.450	1.950	0.000	5.36880112
-1.350	1.950	0.000	5.35620356
-1.250	1.950	0.000	5.34861946
-1.150	1.950	0.000	5.34679222
-1.050	1.950	0.000	5.34855413
-0.950	1.950	0.000	5.35143089
-0.850	1.950	0.000	5.35274696
-0.750	1.950	0.000	5.34875870
-0.650	1.950	0.000	5.33858013
-0.550	1.950	0.000	5.32637119
-0.450	1.950	0.000	5.31209135
-0.350	1.950	0.000	5.29734516
-0.250	1.950	0.000	5.28251076
-0.150	1.950	0.000	5.26969433
-0.050	1.950	0.000	5.26183891
0.050	1.950	0.000	5.25928450
0.150	1.950	0.000	5.26383495
0.250	1.950	0.000	5.26919794
0.350	1.950	0.000	5.27406979
0.450	1.950	0.000	5.27811146
0.550	1.950	0.000	5.27959347
0.650	1.950	0.000	5.27868509
0.750	1.950	0.000	5.27582645
0.850	1.950	0.000	5.27205467
0.950	1.950	0.000	5.26690865
1.050	1.950	0.000	5.26179600
1.150	1.950	0.000	5.25710344
1.250	1.950	0.000	5.25375843
1.350	1.950	0.000	5.25177813
1.450	1.950	0.000	5.25140953
1.550	1.950	0.000	5.25282383
1.650	1.950	0.000	5.25476074
1.750	1.950	0.000	5.25708055
1.850	1.950	0.000	5.25821209
1.950	1.950	0.000	5.25878334
2.050	1.950	0.000	5.25831509
2.150	1.950	0.000	5.25829220
2.250	1.950	0.000	5.25277185
2.350	1.950	0.000	5.24895763
2.450	1.950	0.000	5.22885036
-2.450	2.050	0.000	5.45113850
-2.350	2.050	0.000	5.43039799
-2.250	2.050	0.000	5.43573284
-2.150	2.050	0.000	5.44473791
-2.050	2.050	0.000	5.44468975
-1.950	2.050	0.000	5.44056034
-1.850	2.050	0.000	5.43219376
-1.750	2.050	0.000	5.41936779
-1.650	2.050	0.000	5.40370703
-1.550	2.050	0.000	5.38673306
-1.450	2.050	0.000	5.37025261
-1.350	2.050	0.000	5.35634804
-1.250	2.050	0.000	5.34649849
-1.150	2.050	0.000	5.34180737
-1.050	2.050	0.000	5.34210205
-0.950	2.050	0.000	5.34330559
-0.850	2.050	0.000	5.34469843
-0.750	2.050	0.000	5.34427357
-0.650	2.050	0.000	5.33939838
-0.550	2.050	0.000	5.33160067
-0.450	2.050	0.000	5.32038975
-0.350	2.050	0.000	5.30874729
-0.250	2.050	0.000	5.29568768
-0.150	2.050	0.000	5.28169107
-0.050	2.050	0.000	5.27105236
0.050	2.050	0.000	5.26472759
0.150	2.050	0.000	5.26599693
0.250	2.050	0.000	5.26941776
0.350	2.050	0.000	5.27380943
0.450	2.050	0.000	5.27891111
0.550	2.050	0.000	5.28189468
0.650	2.050	0.000	5.28248405
0.750	2.050	0.000	5.28119278
0.850	2.050	0.000	5.27824974
0.950	2.050	0.000	5.27363682
1.050	2.050	0.000	5.26761341
1.150	2.050	0.000	5.26144028
1.250	2.050	0.000	5.25600052
1.350	2.050	0.000	5.25184011
1.450	2.050	0.000	5.25039005
1.550	2.050	0.000	5.25203323
1.650	2.050	0.000	5.25495720
1.750	2.050	0.000	5.25800323
1.850	2.050	0.000	5.26027775
1.950	2.050	0.000	5.26193094
2.050	2.050	0.000	5.26152897
2.150	2.050	0.000	5.26119947
2.250	2.050	0.000	5.25471020
2.350	2.050	0.000	5.25024414
2.450	2.050	0.000	5.22778988
-2.450	2.150	0.000	5.43348646
-2.350	2.150	0.000	5.40835285
-2.250	2.150	0.000	5.41011047
-2.150	2.150	0.000	5.42146540
-2.050	2.150	0.000	5.42528820
-1.950	2.150	0.000	5.42664337
-1.850	2.150	0.000	5.42476463
-1.750	2.150	0.000	5.41627169
-1.650	2.150	0.000	5.40409756
-1.550	2.150	0.000	5.39039135
-1.450	2.150	0.000	5.37614250
-1.350	2.150	0.000	5.36233330
-1.250	2.150	0.000	5.35001564
-1.150	2.150	0.000	5.34042835
-1.050	2.150	0.000	5.33556795
-0.950	2.150	0.000	5.33571100
-0.850	2.150	0.000	5.33517075
-0.750	2.150	0.000	5.33523655
-0.650	2.150	0.000	5.33484936
-0.550	2.150	0.000	5.33139801
-0.450	2.150	0.000	5.32488346
-0.350	2.150	0.000	5.31676531
-0.250	2.150	0.000	5.30398750
-0.150	2.150	0.000	5.28982353
-0.050	2.150	0.000	5.27895927
0.050	2.150	0.000	5.27089214
0.150	2.150	0.000	5.26750565
0.250	2.150	0.000	5.26920509
0.350	2.150	0.000	5.27187300
0.450	2.150	0.000	5.27575350
0.550	2.150	0.000	5.27921391
0.650	2.150	0.000	5.28106260
0.750	2.150	0.000	5.28134489
0.850	2.150	0.000	5.28005028
0.950	2.150	0.000	5.27718163
1.050	2.150	0.000	5.27242756
1.150	2.150	0.000	5.26648712
1.250	2.150	0.000	5.26001310
1.350	2.150	0.000	5.25488758
1.450	2.150	0.000	5.25215769
1.550	2.150	0.000	5.25284100
1.650	2.150	0.000	5.25523186
1.750	2.150	0.000	5.25802231
1.850	2.150	0.000	5.26026964
1.950	2.150	0.000	5.26127100
2.050	2.150	0.000	5.26036596
2.150	2.150	0.000	5.25929451
2.250	2.150	0.000	5.25122833
2.350	2.150	0.000	5.24619246
2.450	2.150	0.000	5.22205782
-2.450	2.250	0.000	5.42192316
-2.350	2.250	0.000	5.39244461
-2.250	2.250	0.000	5.38851786
-2.150	2.250	0.000	5.40083694
-2.050	2.250	0.000	5.40740633
-1.950	2.250	0.000	5.41319656
-1.850	2.250	0.000	5.41348648
-1.750	2.250	0.000	5.40944242
-1.650	2.250	0.000	5.40270615
-1.550	2.250	0.000	5.39329052
-1.450	2.250	0.000	5.38223553
-1.350	2.250	0.000	5.36935759
-1.250	2.250	0.000	5.35544443
-1.150	2.250	0.000	5.34234858
-1.050	2.250	0.000	5.33274555
-0.950	2.250	0.000	5.32791233
-0.850	2.250	0.000	5.32532215
-0.750	2.250	0.000	5.32614136
-0.650	2.250	0.000	5.32655478
-0.550	2.250	0.000	5.32560062
-0.450	2.250	0.000	5.32165432
-0.350	2.250	0.000	5.31578922
-0.250	2.250	0.000	5.30660677
-0.150	2.250	0.000	5.29547596
-0.050	2.250	0.000	5.28576756
0.050	2.250	0.000	5.27866030
0.150	2.250	0.000	5.27379608
0.250	2.250	0.000	5.27371502
0.350	2.250	0.000	5.27388382
0.450	2.250	0.000	5.27537918
0.550	2.250	0.000	5.27686119
0.650	2.250	0.000	5.27830791
0.750	2.250	0.000	5.27993298
0.850	2.250	0.000	5.28107071
0.950	2.250	0.000	5.27969837
1.050	2.250	0.000	5.27624226
1.150	2.250	0.000	5.27108383
1.250	2.250	0.000	5.26479721
1.350	2.250	0.000	5.25881672
1.450	2.250	0.000	5.25456142
1.550	2.250	0.000	5.25360298
1.650	2.250	0.000	5.25499058
1.750	2.250	0.000	5.25731754
1.850	2.250	0.000	5.25865746
1.950	2.250	0.000	5.25910473
2.050	2.250	0.000	5.25745058
2.150	2.250	0.000	5.25532818
2.250	2.250	0.000	5.24561071
2.350	2.250	0.000	5.23987675
2.450	2.250	0.000	5.21496868
-2.450	2.350	0.000	5.41821671
-2.350	2.350	0.000	5.38469982
-2.250	2.350	0.000	5.37519026
-2.150	2.350	0.000	5.38634968
-2.050	2.350	0.000	5.39346886
-1.950	2.350	0.000	5.40219355
-1.850	2.350	0.000	5.40710163
-1.750	2.350	0.000	5.40819359
-1.650	2.350	0.000	5.40593815
-1.550	2.350	0.000	5.40114975
-1.450	2.350	0.000	5.39383030
-1.350	2.350	0.000	5.38318348
-1.250	2.350	0.000	5.37012577
-1.150	2.350	0.000	5.35679054
-1.050	2.350	0.000	5.34440517
-0.950	2.350	0.000	5.33523846
-0.850	2.350	0.000	5.32810640
-0.750	2.350	0.000	5.32307720
-0.650	2.350	0.000	5.31875134
-0.550	2.350	0.000	5.31403017
-0.450	2.350	0.000	5.31026268
-0.350	2.350	0.000	5.30528116
-0.250	2.350	0.000	5.29960775
-0.150	2.350	0.000	5.29177904
-0.050	2.350	0.000	5.28412056
0.050	2.350	0.000	5.27863503
0.150	2.350	0.000	5.27515984
0.250	2.350	0.000	5.27591228
0.350	2.350	0.000	5.27620125
0.450	2.350	0.000	5.27541113
0.550	2.350	0.000	5.27402210
0.650	2.350	0.000	5.27294397
0.750	2.350	0.000	5.27321339
0.850	2.350	0.000	5.27428055
0.950	2.350	0.000	5.27525139
1.050	2.350	0.000	5.27377129
1.150	2.350	0.000	5.27055359
1.250	2.350	0.000	5.26626396
1.350	2.350	0.000	5.26160812
1.450	2.350	0.000	5.25797272
1.550	2.350	0.000	5.25624371
1.650	2.350	0.000	5.25552416
1.750	2.350	0.000	5.25537777
1.850	2.350	0.000	5.25497770
1.950	2.350	0.000	5.25476646
2.050	2.350	0.000	5.25183439
2.150	2.350	0.000	5.24853516
2.250	2.350	0.000	5.23702383
2.350	2.350	0.000	5.23005104
2.450	2.350	0.000	5.20395994
-2.450	2.450	0.000	5.42618084
-2.350	2.450	0.000	5.39004898
-2.250	2.450	0.000	5.37508106
-2.150	2.450	0.000	5.38165951
-2.050	2.450	0.000	5.38491631
-1.950	2.450	0.000	5.39083385
-1.850	2.450	0.000	5.39468002
-1.750	2.450	0.000	5.39721632
-1.650	2.450	0.000	5.39852381
-1.550	2.450	0.000	5.39872742
-1.450	2.450	0.000	5.39821148
-1.350	2.450	0.000	5.39559412
-1.250	2.450	0.000	5.39163923
-1.150	2.450	0.000	5.38425016
-1.050	2.450	0.000	5.37680721
-0.950	2.450	0.000	5.36759186
-0.850	2.450	0.000	5.35679054
-0.750	2.450	0.000	5.34575081
-0.650	2.450	0.000	5.33606195
-0.550	2.450	0.000	5.32707644
-0.450	2.450	0.000	5.31964588
-0.350	2.450	0.000	5.31173706
-0.250	2.450	0.000	5.30414009
-0.150	2.450	0.000	5.29542255
-0.050	2.450	0.000	5.28753757
0.050	2.450	0.000	5.28276062
0.150	2.450	0.000	5.28034401
0.250	2.450	0.000	5.28155899
0.350	2.450	0.000	5.28236008
0.450	2.450	0.000	5.28099585
0.550	2.450	0.000	5.27880573
0.650	2.450	0.000	5.27673149
0.750	2.450	0.000	5.27591705
0.850	2.450	0.000	5.27633858
0.950	2.450	0.000	5.27671909
1.050	2.450	0.000	5.27615166
1.150	2.450	0.000	5.27424622
1.250	2.450	0.000	5.27146339
1.350	2.450	0.000	5.26845455
1.450	2.450	0.000	5.26580334
1.550	2.450	0.000	5.26395512
1.650	2.450	0.000	5.26217842
1.750	2.450	0.000	5.26063728
1.850	2.450	0.000	5.25900412
1.950	2.450	0.000	5.25814199
2.050	2.450	0.000	5.25409985
2.150	2.450	0.000	5.24977779
2.250	2.450	0.000	5.23744583
2.350	2.450	0.000	5.23031139
2.450	2.450	0.000	5.20552540
