-2.450	-2.450	0.000	105.27842712
-2.350	-2.450	0.000	110.91630554
-2.250	-2.450	0.000	107.49508667
-2.150	-2.450	0.000	117.15581512
-2.050	-2.450	0.000	113.25075531
-1.950	-2.450	0.000	113.79777527
-1.850	-2.450	0.000	109.85542297
-1.750	-2.450	0.000	107.41288757
-1.650	-2.450	0.000	104.46083832
-1.550	-2.450	0.000	102.09489441
-1.450	-2.450	0.000	99.96084595
-1.350	-2.450	0.000	98.88558960
-1.250	-2.450	0.000	97.72604370
-1.150	-2.450	0.000	96.73809052
-1.050	-2.450	0.000	97.30856323
-0.950	-2.450	0.000	96.38743591
-0.850	-2.450	0.000	94.27961731
-0.750	-2.450	0.000	92.42578888
-0.650	-2.450	0.000	89.88240051
-0.550	-2.450	0.000	81.20552063
-0.450	-2.450	0.000	69.71136475
-0.350	-2.450	0.000	58.74974823
-0.250	-2.450	0.000	52.30080414
-0.150	-2.450	0.000	48.68749237
-0.050	-2.450	0.000	47.42068481
0.050	-2.450	0.000	46.96192169
0.150	-2.450	0.000	47.92905426
0.250	-2.450	0.000	49.98113251
0.350	-2.450	0.000	52.48325348
0.450	-2.450	0.000	56.42224884
0.550	-2.450	0.000	61.89432907
0.650	-2.450	0.000	68.21038818
0.750	-2.450	0.000	74.91407013
0.850	-2.450	0.000	81.65625000
0.950	-2.450	0.000	87.29027557
1.050	-2.450	0.000	92.36798859
1.150	-2.450	0.000	97.17372894
1.250	-2.450	0.000	101.65719604
1.350	-2.450	0.000	106.26489258
1.450	-2.450	0.000	109.69007874
1.550	-2.450	0.000	112.29727936
1.650	-2.450	0.000	112.06565857
1.750	-2.450	0.000	111.18675232
1.850	-2.450	0.000	107.74520874
1.950	-2.450	0.000	104.95040894
2.050	-2.450	0.000	98.54412079
2.150	-2.450	0.000	95.83920288
2.250	-2.450	0.000	92.22364044
2.350	-2.450	0.000	91.84905243
2.450	-2.450	0.000	90.66409302
-2.450	-2.350	0.000	102.55936432
-2.350	-2.350	0.000	107.70315552
-2.250	-2.350	0.000	104.35455322
-2.150	-2.350	0.000	113.71327209
-2.050	-2.350	0.000	109.71099854
-1.950	-2.350	0.000	110.40905762
-1.850	-2.350	0.000	107.02908325
-1.750	-2.350	0.000	104.91033936
-1.650	-2.350	0.000	101.93024445
-1.550	-2.350	0.000	99.70358276
-1.450	-2.350	0.000	97.83158875
-1.350	-2.350	0.000	96.54042053
-1.250	-2.350	0.000	95.91802979
-1.150	-2.350	0.000	94.90541077
-1.050	-2.350	0.000	95.62407684
-0.950	-2.350	0.000	95.02447510
-0.850	-2.350	0.000	93.81166077
-0.750	-2.350	0.000	92.47563171
-0.650	-2.350	0.000	90.75775909
-0.550	-2.350	0.000	83.34195709
-0.450	-2.350	0.000	72.25041962
-0.350	-2.350	0.000	60.82029343
-0.250	-2.350	0.000	53.90430832
-0.150	-2.350	0.000	50.29383850
-0.050	-2.350	0.000	48.99515533
0.050	-2.350	0.000	48.80425262
0.150	-2.350	0.000	49.81158829
0.250	-2.350	0.000	52.27774048
0.350	-2.350	0.000	55.39154053
0.450	-2.350	0.000	60.00704193
0.550	-2.350	0.000	66.17163086
0.650	-2.350	0.000	72.78056335
0.750	-2.350	0.000	79.30479431
0.850	-2.350	0.000	85.69258118
0.950	-2.350	0.000	90.61663818
1.050	-2.350	0.000	95.00038910
1.150	-2.350	0.000	99.38388062
1.250	-2.350	0.000	103.45303345
1.350	-2.350	0.000	107.60330200
1.450	-2.350	0.000	110.37158203
1.550	-2.350	0.000	112.38817596
1.650	-2.350	0.000	111.74880981
1.750	-2.350	0.000	110.59895325
1.850	-2.350	0.000	107.35639954
1.950	-2.350	0.000	104.93826294
2.050	-2.350	0.000	98.91584778
2.150	-2.350	0.000	95.81427002
2.250	-2.350	0.000	92.21502686
2.350	-2.350	0.000	91.56713867
2.450	-2.350	0.000	90.23215485
-2.450	-2.250	0.000	101.77667236
-2.350	-2.250	0.000	106.89341736
-2.250	-2.250	0.000	103.69621277
-2.150	-2.250	0.000	113.02822113
-2.050	-2.250	0.000	108.84303284
-1.950	-2.250	0.000	109.48582458
-1.850	-2.250	0.000	106.02149200
-1.750	-2.250	0.000	104.03227234
-1.650	-2.250	0.000	100.85315704
-1.550	-2.250	0.000	98.36537933
-1.450	-2.250	0.000	96.35313416
-1.350	-2.250	0.000	94.88623047
-1.250	-2.250	0.000	93.92861938
-1.150	-2.250	0.000	92.98369598
-1.050	-2.250	0.000	93.15757751
-0.950	-2.250	0.000	92.82162476
-0.850	-2.250	0.000	91.47856140
-0.750	-2.250	0.000	90.27238464
-0.650	-2.250	0.000	89.10067749
-0.550	-2.250	0.000	82.65364838
-0.450	-2.250	0.000	72.28655243
-0.350	-2.250	0.000	60.90492249
-0.250	-2.250	0.000	53.89852142
-0.150	-2.250	0.000	50.24567413
-0.050	-2.250	0.000	48.92095184
0.050	-2.250	0.000	48.80611420
0.150	-2.250	0.000	49.79981232
0.250	-2.250	0.000	52.24700165
0.350	-2.250	0.000	55.41348267
0.450	-2.250	0.000	60.33299255
0.550	-2.250	0.000	66.83764648
0.650	-2.250	0.000	73.84477234
0.750	-2.250	0.000	80.62898254
0.850	-2.250	0.000	86.72678375
0.950	-2.250	0.000	91.01968384
1.050	-2.250	0.000	94.73388672
1.150	-2.250	0.000	98.67769623
1.250	-2.250	0.000	102.30776215
1.350	-2.250	0.000	105.96347046
1.450	-2.250	0.000	108.37698364
1.550	-2.250	0.000	110.18182373
1.650	-2.250	0.000	109.54331970
1.750	-2.250	0.000	108.48374176
1.850	-2.250	0.000	105.41328430
1.950	-2.250	0.000	102.83119202
2.050	-2.250	0.000	96.81872559
2.150	-2.250	0.000	93.47932434
2.250	-2.250	0.000	89.91294861
2.350	-2.250	0.000	89.21668243
2.450	-2.250	0.000	87.44247437
-2.450	-2.150	0.000	99.27839661
-2.350	-2.150	0.000	103.76847839
-2.250	-2.150	0.000	100.80319977
-2.150	-2.150	0.000	110.20207977
-2.050	-2.150	0.000	105.98104858
-1.950	-2.150	0.000	106.84645844
-1.850	-2.150	0.000	103.45088196
-1.750	-2.150	0.000	101.71968079
-1.650	-2.150	0.000	98.34564209
-1.550	-2.150	0.000	95.98678589
-1.450	-2.150	0.000	94.21067810
-1.350	-2.150	0.000	92.57231140
-1.250	-2.150	0.000	91.76593781
-1.150	-2.150	0.000	90.63462830
-1.050	-2.150	0.000	90.96231079
-0.950	-2.150	0.000	90.61555481
-0.850	-2.150	0.000	89.74841309
-0.750	-2.150	0.000	88.86533356
-0.650	-2.150	0.000	88.11085510
-0.550	-2.150	0.000	82.56715393
-0.450	-2.150	0.000	72.75748444
-0.350	-2.150	0.000	61.37844086
-0.250	-2.150	0.000	54.24776459
-0.150	-2.150	0.000	50.70462036
-0.050	-2.150	0.000	49.42555237
0.050	-2.150	0.000	49.51721191
0.150	-2.150	0.000	50.58902359
0.250	-2.150	0.000	53.32695770
0.350	-2.150	0.000	56.78066635
0.450	-2.150	0.000	62.06674194
0.550	-2.150	0.000	68.84358215
0.650	-2.150	0.000	75.94772339
0.750	-2.150	0.000	82.49719238
0.850	-2.150	0.000	88.33924103
0.950	-2.150	0.000	92.46398926
1.050	-2.150	0.000	95.88622284
1.150	-2.150	0.000	99.44006348
1.250	-2.150	0.000	102.66821289
1.350	-2.150	0.000	105.93988037
1.450	-2.150	0.000	108.21850586
1.550	-2.150	0.000	110.16849518
1.650	-2.150	0.000	109.38996124
1.750	-2.150	0.000	108.43388367
1.850	-2.150	0.000	105.76835632
1.950	-2.150	0.000	103.42436218
2.050	-2.150	0.000	97.98869324
2.150	-2.150	0.000	94.76852417
2.250	-2.150	0.000	91.37844086
2.350	-2.150	0.000	90.76869965
2.450	-2.150	0.000	88.97337341
-2.450	-2.050	0.000	97.93510437
-2.350	-2.050	0.000	102.25898743
-2.250	-2.050	0.000	99.44532776
-2.150	-2.050	0.000	108.80322266
-2.050	-2.050	0.000	104.54471588
-1.950	-2.050	0.000	105.49754333
-1.850	-2.050	0.000	101.88604736
-1.750	-2.050	0.000	100.03356934
-1.650	-2.050	0.000	96.50177002
-1.550	-2.050	0.000	93.93496704
-1.450	-2.050	0.000	92.05499268
-1.350	-2.050	0.000	90.15686035
-1.250	-2.050	0.000	89.06208801
-1.150	-2.050	0.000	88.02015686
-1.050	-2.050	0.000	88.31333923
-0.950	-2.050	0.000	87.84590149
-0.850	-2.050	0.000	87.05828857
-0.750	-2.050	0.000	86.44864655
-0.650	-2.050	0.000	85.94076538
-0.550	-2.050	0.000	81.05297852
-0.450	-2.050	0.000	71.95001984
-0.350	-2.050	0.000	61.00429535
-0.250	-2.050	0.000	54.14238739
-0.150	-2.050	0.000	50.71439362
-0.050	-2.050	0.000	49.48006439
0.050	-2.050	0.000	49.67114639
0.150	-2.050	0.000	50.71910095
0.250	-2.050	0.000	53.51506042
0.350	-2.050	0.000	57.10665512
0.450	-2.050	0.000	62.51589966
0.550	-2.050	0.000	69.05291748
0.650	-2.050	0.000	76.01260376
0.750	-2.050	0.000	82.14991760
0.850	-2.050	0.000	87.16928101
0.950	-2.050	0.000	90.57052612
1.050	-2.050	0.000	93.55192566
1.150	-2.050	0.000	96.90869141
1.250	-2.050	0.000	99.89187622
1.350	-2.050	0.000	102.68727875
1.450	-2.050	0.000	104.62034607
1.550	-2.050	0.000	106.45449829
1.650	-2.050	0.000	105.81956482
1.750	-2.050	0.000	105.19638062
1.850	-2.050	0.000	102.99639893
1.950	-2.050	0.000	100.95932007
2.050	-2.050	0.000	96.06962585
2.150	-2.050	0.000	92.94169617
2.250	-2.050	0.000	89.50843811
2.350	-2.050	0.000	88.61494446
2.450	-2.050	0.000	86.28511047
-2.450	-1.950	0.000	96.30468750
-2.350	-1.950	0.000	99.94192505
-2.250	-1.950	0.000	97.07271576
-2.150	-1.950	0.000	106.35501862
-2.050	-1.950	0.000	102.06314850
-1.950	-1.950	0.000	103.23915863
-1.850	-1.950	0.000	99.57980347
-1.750	-1.950	0.000	97.82061768
-1.650	-1.950	0.000	94.20748901
-1.550	-1.950	0.000	91.54690552
-1.450	-1.950	0.000	89.55335236
-1.350	-1.950	0.000	87.61648560
-1.250	-1.950	0.000	86.47653961
-1.150	-1.950	0.000	85.45956421
-1.050	-1.950	0.000	85.91659546
-0.950	-1.950	0.000	85.60769653
-0.850	-1.950	0.000	85.15184021
-0.750	-1.950	0.000	84.72390747
-0.650	-1.950	0.000	84.07083130
-0.550	-1.950	0.000	79.30802917
-0.450	-1.950	0.000	70.15232849
-0.350	-1.950	0.000	59.48516846
-0.250	-1.950	0.000	52.86580658
-0.150	-1.950	0.000	49.71333313
-0.050	-1.950	0.000	48.59150696
0.050	-1.950	0.000	48.96366119
0.150	-1.950	0.000	50.08350372
0.250	-1.950	0.000	52.97605896
0.350	-1.950	0.000	56.64364624
0.450	-1.950	0.000	62.12270737
0.550	-1.950	0.000	68.73469543
0.650	-1.950	0.000	75.73806763
0.750	-1.950	0.000	81.82541656
0.850	-1.950	0.000	86.63418579
0.950	-1.950	0.000	89.88999176
1.050	-1.950	0.000	92.69177246
1.150	-1.950	0.000	96.06419373
1.250	-1.950	0.000	99.50462341
1.350	-1.950	0.000	102.62811279
1.450	-1.950	0.000	104.84414673
1.550	-1.950	0.000	107.30471802
1.650	-1.950	0.000	107.25354767
1.750	-1.950	0.000	107.41958618
1.850	-1.950	0.000	105.71244049
1.950	-1.950	0.000	103.89295959
2.050	-1.950	0.000	99.46430969
2.150	-1.950	0.000	96.30620575
2.250	-1.950	0.000	92.63046265
2.350	-1.950	0.000	91.63793945
2.450	-1.950	0.000	88.81407166
-2.450	-1.850	0.000	95.47959900
-2.350	-1.850	0.000	98.93126678
-2.250	-1.850	0.000	95.97625732
-2.150	-1.850	0.000	105.18394470
-2.050	-1.850	0.000	101.01123047
-1.950	-1.850	0.000	102.12138367
-1.850	-1.850	0.000	98.34852600
-1.750	-1.850	0.000	96.36861420
-1.650	-1.850	0.000	92.59280396
-1.550	-1.850	0.000	89.68373108
-1.450	-1.850	0.000	87.59053040
-1.350	-1.850	0.000	85.44834137
-1.250	-1.850	0.000	84.08195496
-1.150	-1.850	0.000	83.07717896
-1.050	-1.850	0.000	83.46836853
-0.950	-1.850	0.000	83.33149719
-0.850	-1.850	0.000	82.97300720
-0.750	-1.850	0.000	82.79722595
-0.650	-1.850	0.000	82.26232910
-0.550	-1.850	0.000	77.68197632
-0.450	-1.850	0.000	68.68007660
-0.350	-1.850	0.000	58.39507294
-0.250	-1.850	0.000	52.12900543
-0.150	-1.850	0.000	49.16559601
-0.050	-1.850	0.000	48.08607101
0.050	-1.850	0.000	48.50049591
0.150	-1.850	0.000	49.54691315
0.250	-1.850	0.000	52.36517715
0.350	-1.850	0.000	55.81208801
0.450	-1.850	0.000	61.10969925
0.550	-1.850	0.000	67.33467102
0.650	-1.850	0.000	73.83366394
0.750	-1.850	0.000	79.38887024
0.850	-1.850	0.000	83.78105164
0.950	-1.850	0.000	87.07342529
1.050	-1.850	0.000	89.85952759
1.150	-1.850	0.000	92.97747803
1.250	-1.850	0.000	96.15719604
1.350	-1.850	0.000	99.03465271
1.450	-1.850	0.000	101.34323120
1.550	-1.850	0.000	103.98217773
1.650	-1.850	0.000	104.30610657
1.750	-1.850	0.000	104.90194702
1.850	-1.850	0.000	103.52602386
1.950	-1.850	0.000	102.05046844
2.050	-1.850	0.000	98.20307922
2.150	-1.850	0.000	95.21894073
2.250	-1.850	0.000	91.82501221
2.350	-1.850	0.000	90.93013000
2.450	-1.850	0.000	87.82032013
-2.450	-1.750	0.000	95.12750244
-2.350	-1.750	0.000	98.26654053
-2.250	-1.750	0.000	94.99986267
-2.150	-1.750	0.000	103.93389893
-2.050	-1.750	0.000	99.75160980
-1.950	-1.750	0.000	100.81796265
-1.850	-1.750	0.000	96.94884491
-1.750	-1.750	0.000	94.66397858
-1.650	-1.750	0.000	90.83589172
-1.550	-1.750	0.000	87.91743469
-1.450	-1.750	0.000	85.71483612
-1.350	-1.750	0.000	83.56155396
-1.250	-1.750	0.000	82.35666656
-1.150	-1.750	0.000	81.30648041
-1.050	-1.750	0.000	81.56140900
-0.950	-1.750	0.000	81.31953430
-0.850	-1.750	0.000	80.99797821
-0.750	-1.750	0.000	80.72525024
-0.650	-1.750	0.000	79.83111572
-0.550	-1.750	0.000	74.88296509
-0.450	-1.750	0.000	65.46419525
-0.350	-1.750	0.000	55.51117706
-0.250	-1.750	0.000	49.67626572
-0.150	-1.750	0.000	46.94299316
-0.050	-1.750	0.000	45.99472809
0.050	-1.750	0.000	46.55425262
0.150	-1.750	0.000	47.69072723
0.250	-1.750	0.000	50.59476471
0.350	-1.750	0.000	54.08804321
0.450	-1.750	0.000	59.21779633
0.550	-1.750	0.000	65.32080841
0.650	-1.750	0.000	71.66322327
0.750	-1.750	0.000	77.04010010
0.850	-1.750	0.000	81.32768250
0.950	-1.750	0.000	84.73531342
1.050	-1.750	0.000	87.78721619
1.150	-1.750	0.000	91.15667725
1.250	-1.750	0.000	94.60742188
1.350	-1.750	0.000	97.84288025
1.450	-1.750	0.000	100.55499268
1.550	-1.750	0.000	103.63490295
1.650	-1.750	0.000	104.48950195
1.750	-1.750	0.000	105.52076721
1.850	-1.750	0.000	104.48522949
1.950	-1.750	0.000	103.51396942
2.050	-1.750	0.000	100.22840118
2.150	-1.750	0.000	97.71748352
2.250	-1.750	0.000	94.33016205
2.350	-1.750	0.000	93.53547668
2.450	-1.750	0.000	90.34356689
-2.450	-1.650	0.000	95.04470825
-2.350	-1.650	0.000	98.43242645
-2.250	-1.650	0.000	94.84188843
-2.150	-1.650	0.000	103.73825073
-2.050	-1.650	0.000	99.65537262
-1.950	-1.650	0.000	100.65046692
-1.850	-1.650	0.000	96.94625854
-1.750	-1.650	0.000	94.73684692
-1.650	-1.650	0.000	90.87670898
-1.550	-1.650	0.000	87.72308350
-1.450	-1.650	0.000	85.18556976
-1.350	-1.650	0.000	82.83903503
-1.250	-1.650	0.000	81.38835907
-1.150	-1.650	0.000	79.98173523
-1.050	-1.650	0.000	79.92436218
-0.950	-1.650	0.000	79.53480530
-0.850	-1.650	0.000	79.16683197
-0.750	-1.650	0.000	78.96737671
-0.650	-1.650	0.000	78.05560303
-0.550	-1.650	0.000	72.84376526
-0.450	-1.650	0.000	63.35888672
-0.350	-1.650	0.000	53.84413147
-0.250	-1.650	0.000	48.51459503
-0.150	-1.650	0.000	45.97495270
-0.050	-1.650	0.000	45.17472839
0.050	-1.650	0.000	45.79293823
0.150	-1.650	0.000	46.92587280
0.250	-1.650	0.000	49.71464539
0.350	-1.650	0.000	53.08670807
0.450	-1.650	0.000	58.01251984
0.550	-1.650	0.000	63.86893845
0.650	-1.650	0.000	69.94398499
0.750	-1.650	0.000	75.18367767
0.850	-1.650	0.000	79.17880249
0.950	-1.650	0.000	82.13078308
1.050	-1.650	0.000	84.63760376
1.150	-1.650	0.000	87.46845245
1.250	-1.650	0.000	90.62961578
1.350	-1.650	0.000	93.70883179
1.450	-1.650	0.000	96.23557281
1.550	-1.650	0.000	99.34877777
1.650	-1.650	0.000	100.60299683
1.750	-1.650	0.000	102.03036499
1.850	-1.650	0.000	101.57613373
1.950	-1.650	0.000	101.20313263
2.050	-1.650	0.000	98.81331635
2.150	-1.650	0.000	96.77680969
2.250	-1.650	0.000	93.75251770
2.350	-1.650	0.000	92.96392822
2.450	-1.650	0.000	89.54524231
-2.450	-1.550	0.000	96.50732422
-2.350	-1.550	0.000	99.87786865
-2.250	-1.550	0.000	95.93910980
-2.150	-1.550	0.000	104.87518311
-2.050	-1.550	0.000	100.61439514
-1.950	-1.550	0.000	101.39375305
-1.850	-1.550	0.000	97.33221436
-1.750	-1.550	0.000	94.77115631
-1.650	-1.550	0.000	90.75254822
-1.550	-1.550	0.000	87.37959290
-1.450	-1.550	0.000	84.61695862
-1.350	-1.550	0.000	82.04156494
-1.250	-1.550	0.000	80.40081787
-1.150	-1.550	0.000	78.74995422
-1.050	-1.550	0.000	78.48286438
-0.950	-1.550	0.000	77.67871094
-0.850	-1.550	0.000	77.18367004
-0.750	-1.550	0.000	76.51818848
-0.650	-1.550	0.000	74.85600281
-0.550	-1.550	0.000	68.82176208
-0.450	-1.550	0.000	59.28487396
-0.350	-1.550	0.000	50.60356903
-0.250	-1.550	0.000	45.96007538
-0.150	-1.550	0.000	43.71376801
-0.050	-1.550	0.000	43.06604004
0.050	-1.550	0.000	43.72447586
0.150	-1.550	0.000	44.82059479
0.250	-1.550	0.000	47.54247284
0.350	-1.550	0.000	50.79715347
0.450	-1.550	0.000	55.53270721
0.550	-1.550	0.000	61.30123138
0.650	-1.550	0.000	67.29956055
0.750	-1.550	0.000	72.72549438
0.850	-1.550	0.000	77.06613159
0.950	-1.550	0.000	80.29972839
1.050	-1.550	0.000	83.00862122
1.150	-1.550	0.000	86.02912903
1.250	-1.550	0.000	89.42716217
1.350	-1.550	0.000	92.80429840
1.450	-1.550	0.000	95.87233734
1.550	-1.550	0.000	99.69937134
1.650	-1.550	0.000	101.66757965
1.750	-1.550	0.000	103.53041840
1.850	-1.550	0.000	103.44458008
1.950	-1.550	0.000	103.62377930
2.050	-1.550	0.000	101.53077698
2.150	-1.550	0.000	99.86843872
2.250	-1.550	0.000	97.15586853
2.350	-1.550	0.000	97.30508423
2.450	-1.550	0.000	94.78888702
-2.450	-1.450	0.000	98.10659027
-2.350	-1.450	0.000	102.32438660
-2.250	-1.450	0.000	97.97007751
-2.150	-1.450	0.000	106.90276337
-2.050	-1.450	0.000	102.77824402
-1.950	-1.450	0.000	103.36436462
-1.850	-1.450	0.000	99.33778381
-1.750	-1.450	0.000	96.80728149
-1.650	-1.450	0.000	92.95491028
-1.550	-1.450	0.000	89.58737183
-1.450	-1.450	0.000	86.59959412
-1.350	-1.450	0.000	84.08622742
-1.250	-1.450	0.000	82.29570007
-1.150	-1.450	0.000	80.03726196
-1.050	-1.450	0.000	78.84107208
-0.950	-1.450	0.000	77.33682251
-0.850	-1.450	0.000	76.69702911
-0.750	-1.450	0.000	75.39366150
-0.650	-1.450	0.000	73.16392517
-0.550	-1.450	0.000	66.16348267
-0.450	-1.450	0.000	56.67823792
-0.350	-1.450	0.000	48.68206787
-0.250	-1.450	0.000	44.58164978
-0.150	-1.450	0.000	42.49437714
-0.050	-1.450	0.000	41.98920822
0.050	-1.450	0.000	42.62779999
0.150	-1.450	0.000	43.69661713
0.250	-1.450	0.000	46.24122620
0.350	-1.450	0.000	49.39836884
0.450	-1.450	0.000	53.84048843
0.550	-1.450	0.000	59.34640503
0.650	-1.450	0.000	65.05461121
0.750	-1.450	0.000	70.33552551
0.850	-1.450	0.000	74.65238953
0.950	-1.450	0.000	77.83293152
1.050	-1.450	0.000	80.52717590
1.150	-1.450	0.000	83.43125153
1.250	-1.450	0.000	86.85391235
1.350	-1.450	0.000	90.62789917
1.450	-1.450	0.000	93.93829346
1.550	-1.450	0.000	97.54791260
1.650	-1.450	0.000	99.70895386
1.750	-1.450	0.000	101.83804321
1.850	-1.450	0.000	102.16830444
1.950	-1.450	0.000	102.87030029
2.050	-1.450	0.000	102.00166321
2.150	-1.450	0.000	101.93906403
2.250	-1.450	0.000	100.51143646
2.350	-1.450	0.000	101.74795532
2.450	-1.450	0.000	99.88145447
-2.450	-1.350	0.000	101.20217896
-2.350	-1.350	0.000	107.22965240
-2.250	-1.350	0.000	102.08636475
-2.150	-1.350	0.000	110.88221741
-2.050	-1.350	0.000	107.11927795
-1.950	-1.350	0.000	107.69145966
-1.850	-1.350	0.000	103.55398560
-1.750	-1.350	0.000	101.10963440
-1.650	-1.350	0.000	97.32921600
-1.550	-1.350	0.000	93.69187927
-1.450	-1.350	0.000	90.33410645
-1.350	-1.350	0.000	87.37048340
-1.250	-1.350	0.000	84.65253448
-1.150	-1.350	0.000	81.31256104
-1.050	-1.350	0.000	79.63151550
-0.950	-1.350	0.000	77.75953674
-0.850	-1.350	0.000	76.34933472
-0.750	-1.350	0.000	73.65089417
-0.650	-1.350	0.000	70.09402466
-0.550	-1.350	0.000	61.72442627
-0.450	-1.350	0.000	52.37006760
-0.350	-1.350	0.000	45.29603958
-0.250	-1.350	0.000	41.82109451
-0.150	-1.350	0.000	39.99136353
-0.050	-1.350	0.000	39.69091797
0.050	-1.350	0.000	40.38842010
0.150	-1.350	0.000	41.56349182
0.250	-1.350	0.000	44.08029938
0.350	-1.350	0.000	47.14404297
0.450	-1.350	0.000	51.41811371
0.550	-1.350	0.000	56.74269104
0.650	-1.350	0.000	62.36383438
0.750	-1.350	0.000	67.85934448
0.850	-1.350	0.000	72.59654236
0.950	-1.350	0.000	76.29234314
1.050	-1.350	0.000	79.38921356
1.150	-1.350	0.000	82.64986420
1.250	-1.350	0.000	86.37689209
1.350	-1.350	0.000	90.05519104
1.450	-1.350	0.000	93.57106018
1.550	-1.350	0.000	97.61603546
1.650	-1.350	0.000	100.46974182
1.750	-1.350	0.000	103.63946533
1.850	-1.350	0.000	105.41400909
1.950	-1.350	0.000	107.60269165
2.050	-1.350	0.000	107.47277832
2.150	-1.350	0.000	107.92541504
2.250	-1.350	0.000	106.68625641
2.350	-1.350	0.000	108.46296692
2.450	-1.350	0.000	107.29866028
-2.450	-1.250	0.000	102.54134369
-2.350	-1.250	0.000	111.07079315
-2.250	-1.250	0.000	106.23622131
-2.150	-1.250	0.000	115.78137970
-2.050	-1.250	0.000	112.59770966
-1.950	-1.250	0.000	112.97317505
-1.850	-1.250	0.000	108.95520020
-1.750	-1.250	0.000	106.32269287
-1.650	-1.250	0.000	102.65657043
-1.550	-1.250	0.000	99.04771423
-1.450	-1.250	0.000	95.61903381
-1.350	-1.250	0.000	92.39715576
-1.250	-1.250	0.000	89.38462067
-1.150	-1.250	0.000	85.30017090
-1.050	-1.250	0.000	82.47489166
-0.950	-1.250	0.000	78.64218903
-0.850	-1.250	0.000	75.53625488
-0.750	-1.250	0.000	71.42573547
-0.650	-1.250	0.000	66.37477875
-0.550	-1.250	0.000	57.81802368
-0.450	-1.250	0.000	49.25231171
-0.350	-1.250	0.000	42.98521423
-0.250	-1.250	0.000	39.98874664
-0.150	-1.250	0.000	38.44798279
-0.050	-1.250	0.000	38.33685303
0.050	-1.250	0.000	39.10674286
0.150	-1.250	0.000	40.32504272
0.250	-1.250	0.000	42.70330811
0.350	-1.250	0.000	45.69405365
0.450	-1.250	0.000	49.77114487
0.550	-1.250	0.000	54.89615631
0.650	-1.250	0.000	60.40082550
0.750	-1.250	0.000	65.80744171
0.850	-1.250	0.000	70.67320251
0.950	-1.250	0.000	74.40640259
1.050	-1.250	0.000	77.71930695
1.150	-1.250	0.000	80.99592590
1.250	-1.250	0.000	84.90167236
1.350	-1.250	0.000	89.25157166
1.450	-1.250	0.000	93.41801453
1.550	-1.250	0.000	97.96432495
1.650	-1.250	0.000	101.39637756
1.750	-1.250	0.000	104.53869629
1.850	-1.250	0.000	106.73229218
1.950	-1.250	0.000	109.17102051
2.050	-1.250	0.000	109.52603912
2.150	-1.250	0.000	110.45089722
2.250	-1.250	0.000	109.63522339
2.350	-1.250	0.000	112.10349274
2.450	-1.250	0.000	111.27744293
-2.450	-1.150	0.000	104.53392029
-2.350	-1.150	0.000	116.25552368
-2.250	-1.150	0.000	111.66149902
-2.150	-1.150	0.000	121.08839417
-2.050	-1.150	0.000	118.81942749
-1.950	-1.150	0.000	119.05157471
-1.850	-1.150	0.000	115.23139954
-1.750	-1.150	0.000	112.81721497
-1.650	-1.150	0.000	109.78865814
-1.550	-1.150	0.000	106.57307434
-1.450	-1.150	0.000	103.49640656
-1.350	-1.150	0.000	100.43795776
-1.250	-1.150	0.000	97.06497192
-1.150	-1.150	0.000	92.49340820
-1.050	-1.150	0.000	88.23905945
-0.950	-1.150	0.000	82.52774048
-0.850	-1.150	0.000	77.44888306
-0.750	-1.150	0.000	70.86142731
-0.650	-1.150	0.000	63.44788742
-0.550	-1.150	0.000	53.91298676
-0.450	-1.150	0.000	45.72307205
-0.350	-1.150	0.000	40.15151215
-0.250	-1.150	0.000	37.57095337
-0.150	-1.150	0.000	36.33063507
-0.050	-1.150	0.000	36.41811371
0.050	-1.150	0.000	37.30459976
0.150	-1.150	0.000	38.64047241
0.250	-1.150	0.000	40.99288177
0.350	-1.150	0.000	43.90326691
0.450	-1.150	0.000	47.86205292
0.550	-1.150	0.000	52.86417389
0.650	-1.150	0.000	58.38120270
0.750	-1.150	0.000	64.15711975
0.850	-1.150	0.000	69.63564301
0.950	-1.150	0.000	73.97994995
1.050	-1.150	0.000	77.67031860
1.150	-1.150	0.000	81.43655396
1.250	-1.150	0.000	85.84774780
1.350	-1.150	0.000	90.40489197
1.450	-1.150	0.000	94.86048889
1.550	-1.150	0.000	99.71370697
1.650	-1.150	0.000	103.28787231
1.750	-1.150	0.000	106.75492096
1.850	-1.150	0.000	109.17779541
1.950	-1.150	0.000	111.96387482
2.050	-1.150	0.000	112.50816345
2.150	-1.150	0.000	114.00317383
2.250	-1.150	0.000	112.72204590
2.350	-1.150	0.000	114.91142273
2.450	-1.150	0.000	113.59124756
-2.450	-1.050	0.000	104.89691162
-2.350	-1.050	0.000	119.85861206
-2.250	-1.050	0.000	115.92292786
-2.150	-1.050	0.000	125.04141235
-2.050	-1.050	0.000	123.30644226
-1.950	-1.050	0.000	123.38349915
-1.850	-1.050	0.000	120.00956726
-1.750	-1.050	0.000	117.78983307
-1.650	-1.050	0.000	115.23395538
-1.550	-1.050	0.000	112.55524445
-1.450	-1.050	0.000	110.48440552
-1.350	-1.050	0.000	107.58414459
-1.250	-1.050	0.000	104.20265198
-1.150	-1.050	0.000	100.31190491
-1.050	-1.050	0.000	95.94306946
-0.950	-1.050	0.000	89.21522522
-0.850	-1.050	0.000	83.01113129
-0.750	-1.050	0.000	74.15478516
-0.650	-1.050	0.000	64.17555237
-0.550	-1.050	0.000	53.35653687
-0.450	-1.050	0.000	44.72564697
-0.350	-1.050	0.000	39.25912476
-0.250	-1.050	0.000	36.71375275
-0.150	-1.050	0.000	35.44260025
-0.050	-1.050	0.000	35.52005768
0.050	-1.050	0.000	36.32283783
0.150	-1.050	0.000	37.72217560
0.250	-1.050	0.000	40.00479889
0.350	-1.050	0.000	42.90006638
0.450	-1.050	0.000	46.78974915
0.550	-1.050	0.000	51.69036865
0.650	-1.050	0.000	57.24282837
0.750	-1.050	0.000	63.15555573
0.850	-1.050	0.000	69.03141022
0.950	-1.050	0.000	73.86561584
1.050	-1.050	0.000	77.99894714
1.150	-1.050	0.000	81.91296387
1.250	-1.050	0.000	86.55444336
1.350	-1.050	0.000	91.45718384
1.450	-1.050	0.000	96.45246887
1.550	-1.050	0.000	101.24942780
1.650	-1.050	0.000	105.21896362
1.750	-1.050	0.000	108.82749176
1.850	-1.050	0.000	110.82588196
1.950	-1.050	0.000	113.38996887
2.050	-1.050	0.000	113.67314148
2.150	-1.050	0.000	115.26789856
2.250	-1.050	0.000	113.45059204
2.350	-1.050	0.000	115.69893646
2.450	-1.050	0.000	113.91204071
-2.450	-0.950	0.000	105.49044800
-2.350	-0.950	0.000	122.89690399
-2.250	-0.950	0.000	119.50759888
-2.150	-0.950	0.000	127.81698608
-2.050	-0.950	0.000	126.62312317
-1.950	-0.950	0.000	126.12898254
-1.850	-0.950	0.000	122.93209076
-1.750	-0.950	0.000	120.47532654
-1.650	-0.950	0.000	118.08345032
-1.550	-0.950	0.000	115.77803802
-1.450	-0.950	0.000	114.19230652
-1.350	-0.950	0.000	111.45426941
-1.250	-0.950	0.000	109.73349762
-1.150	-0.950	0.000	107.04859161
-1.050	-0.950	0.000	103.32017517
-0.950	-0.950	0.000	97.99010468
-0.850	-0.950	0.000	91.24771881
-0.750	-0.950	0.000	80.60350037
-0.650	-0.950	0.000	66.91143036
-0.550	-0.950	0.000	53.14731598
-0.450	-0.950	0.000	43.52827454
-0.350	-0.950	0.000	37.77555084
-0.250	-0.950	0.000	35.18187714
-0.150	-0.950	0.000	34.06740570
-0.050	-0.950	0.000	34.28512573
0.050	-0.950	0.000	35.22491837
0.150	-0.950	0.000	36.80002594
0.250	-0.950	0.000	39.21810150
0.350	-0.950	0.000	42.24493408
0.450	-0.950	0.000	46.26278305
0.550	-0.950	0.000	51.34735107
0.650	-0.950	0.000	57.28643799
0.750	-0.950	0.000	63.87331390
0.850	-0.950	0.000	70.54548645
0.950	-0.950	0.000	76.08599091
1.050	-0.950	0.000	81.01376343
1.150	-0.950	0.000	85.40048218
1.250	-0.950	0.000	90.26151276
1.350	-0.950	0.000	94.92161560
1.450	-0.950	0.000	99.93989563
1.550	-0.950	0.000	104.09562683
1.650	-0.950	0.000	107.07342529
1.750	-0.950	0.000	109.63090515
1.850	-0.950	0.000	111.70129395
1.950	-0.950	0.000	114.39533997
2.050	-0.950	0.000	113.70908356
2.150	-0.950	0.000	115.14614868
2.250	-0.950	0.000	112.44873047
2.350	-0.950	0.000	114.69808960
2.450	-0.950	0.000	112.22209930
-2.450	-0.850	0.000	105.32995605
-2.350	-0.850	0.000	123.39344788
-2.250	-0.850	0.000	120.07151794
-2.150	-0.850	0.000	128.03012085
-2.050	-0.850	0.000	127.32965088
-1.950	-0.850	0.000	126.90274048
-1.850	-0.850	0.000	123.95875549
-1.750	-0.850	0.000	121.85586548
-1.650	-0.850	0.000	119.81309509
-1.550	-0.850	0.000	117.89215088
-1.450	-0.850	0.000	116.80192566
-1.350	-0.850	0.000	114.26098633
-1.250	-0.850	0.000	112.73725891
-1.150	-0.850	0.000	110.20985413
-1.050	-0.850	0.000	107.79592896
-0.950	-0.850	0.000	105.43334961
-0.850	-0.850	0.000	101.75456238
-0.750	-0.850	0.000	92.55415344
-0.650	-0.850	0.000	78.11607361
-0.550	-0.850	0.000	59.72874451
-0.450	-0.850	0.000	46.07170868
-0.350	-0.850	0.000	39.07789230
-0.250	-0.850	0.000	35.95265961
-0.150	-0.850	0.000	34.49082184
-0.050	-0.850	0.000	34.50712585
0.050	-0.850	0.000	35.27902985
0.150	-0.850	0.000	36.91437531
0.250	-0.850	0.000	39.38557434
0.350	-0.850	0.000	42.54811096
0.450	-0.850	0.000	46.77912903
0.550	-0.850	0.000	51.90116119
0.650	-0.850	0.000	57.73159790
0.750	-0.850	0.000	64.27693176
0.850	-0.850	0.000	71.30816650
0.950	-0.850	0.000	77.63391876
1.050	-0.850	0.000	83.38221741
1.150	-0.850	0.000	88.54040527
1.250	-0.850	0.000	93.83312988
1.350	-0.850	0.000	98.19732666
1.450	-0.850	0.000	102.89756012
1.550	-0.850	0.000	105.94293213
1.650	-0.850	0.000	108.39001465
1.750	-0.850	0.000	110.57403564
1.850	-0.850	0.000	111.69108582
1.950	-0.850	0.000	113.66082764
2.050	-0.850	0.000	113.40557098
2.150	-0.850	0.000	115.33412170
2.250	-0.850	0.000	111.89926147
2.350	-0.850	0.000	113.77225494
2.450	-0.850	0.000	109.55615997
-2.450	-0.750	0.000	106.11728668
-2.350	-0.750	0.000	124.20442200
-2.250	-0.750	0.000	121.04467010
-2.150	-0.750	0.000	128.65979004
-2.050	-0.750	0.000	128.02844238
-1.950	-0.750	0.000	127.47146606
-1.850	-0.750	0.000	124.85331726
-1.750	-0.750	0.000	122.73554230
-1.650	-0.750	0.000	121.03172302
-1.550	-0.750	0.000	119.58370972
-1.450	-0.750	0.000	118.75892639
-1.350	-0.750	0.000	116.47150421
-1.250	-0.750	0.000	115.44029236
-1.150	-0.750	0.000	113.19080353
-1.050	-0.750	0.000	110.40765381
-0.950	-0.750	0.000	107.60839844
-0.850	-0.750	0.000	106.74808502
-0.750	-0.750	0.000	102.38314819
-0.650	-0.750	0.000	92.62620544
-0.550	-0.750	0.000	73.80641174
-0.450	-0.750	0.000	54.23878098
-0.350	-0.750	0.000	42.95294952
-0.250	-0.750	0.000	37.92680359
-0.150	-0.750	0.000	35.86128616
-0.050	-0.750	0.000	35.55473328
0.050	-0.750	0.000	36.24974060
0.150	-0.750	0.000	37.91732025
0.250	-0.750	0.000	40.51184845
0.350	-0.750	0.000	43.86017227
0.450	-0.750	0.000	48.32116699
0.550	-0.750	0.000	53.68291473
0.650	-0.750	0.000	59.76899719
0.750	-0.750	0.000	66.53780365
0.850	-0.750	0.000	73.73403931
0.950	-0.750	0.000	80.20156860
1.050	-0.750	0.000	86.35218811
1.150	-0.750	0.000	91.35647583
1.250	-0.750	0.000	96.18472290
1.350	-0.750	0.000	100.07255554
1.450	-0.750	0.000	104.13830566
1.550	-0.750	0.000	106.66548157
1.650	-0.750	0.000	108.57445526
1.750	-0.750	0.000	110.37464142
1.850	-0.750	0.000	110.98905182
1.950	-0.750	0.000	112.51492310
2.050	-0.750	0.000	111.40760803
2.150	-0.750	0.000	112.77688599
2.250	-0.750	0.000	108.14324951
2.350	-0.750	0.000	108.95209503
2.450	-0.750	0.000	102.75003052
-2.450	-0.650	0.000	106.72338867
-2.350	-0.650	0.000	122.47181702
-2.250	-0.650	0.000	119.25273132
-2.150	-0.650	0.000	126.97451782
-2.050	-0.650	0.000	126.43754578
-1.950	-0.650	0.000	126.92002869
-1.850	-0.650	0.000	124.55836487
-1.750	-0.650	0.000	122.61140442
-1.650	-0.650	0.000	121.39492798
-1.550	-0.650	0.000	120.06867981
-1.450	-0.650	0.000	119.18418884
-1.350	-0.650	0.000	117.32056427
-1.250	-0.650	0.000	116.10852051
-1.150	-0.650	0.000	114.13313293
-1.050	-0.650	0.000	112.29273987
-0.950	-0.650	0.000	109.96727753
-0.850	-0.650	0.000	109.41896057
-0.750	-0.650	0.000	107.83381653
-0.650	-0.650	0.000	101.95964050
-0.550	-0.650	0.000	90.16709137
-0.450	-0.650	0.000	68.61260223
-0.350	-0.650	0.000	50.60020447
-0.250	-0.650	0.000	41.80145264
-0.150	-0.650	0.000	38.52189255
-0.050	-0.650	0.000	37.71084976
0.050	-0.650	0.000	38.15324402
0.150	-0.650	0.000	39.86517334
0.250	-0.650	0.000	42.59461975
0.350	-0.650	0.000	46.11027527
0.450	-0.650	0.000	50.81551361
0.550	-0.650	0.000	56.24398804
0.650	-0.650	0.000	62.24687958
0.750	-0.650	0.000	68.49621582
0.850	-0.650	0.000	75.03195190
0.950	-0.650	0.000	81.00332642
1.050	-0.650	0.000	87.19624329
1.150	-0.650	0.000	92.63733673
1.250	-0.650	0.000	98.12389374
1.350	-0.650	0.000	101.58361053
1.450	-0.650	0.000	104.27732849
1.550	-0.650	0.000	105.73224640
1.650	-0.650	0.000	106.73200989
1.750	-0.650	0.000	107.70468140
1.850	-0.650	0.000	107.53930664
1.950	-0.650	0.000	108.55700684
2.050	-0.650	0.000	106.61901855
2.150	-0.650	0.000	107.03790283
2.250	-0.650	0.000	101.17108154
2.350	-0.650	0.000	100.84225464
2.450	-0.650	0.000	92.99525452
-2.450	-0.550	0.000	107.85423279
-2.350	-0.550	0.000	121.65318298
-2.250	-0.550	0.000	118.19519043
-2.150	-0.550	0.000	126.63766479
-2.050	-0.550	0.000	125.95655060
-1.950	-0.550	0.000	127.64004517
-1.850	-0.550	0.000	125.75425720
-1.750	-0.550	0.000	124.33410645
-1.650	-0.550	0.000	123.89830780
-1.550	-0.550	0.000	122.71618652
-1.450	-0.550	0.000	122.32162476
-1.350	-0.550	0.000	120.78725433
-1.250	-0.550	0.000	119.43367004
-1.150	-0.550	0.000	117.01296997
-1.050	-0.550	0.000	115.38960266
-0.950	-0.550	0.000	112.41413879
-0.850	-0.550	0.000	110.22033691
-0.750	-0.550	0.000	110.52195740
-0.650	-0.550	0.000	107.45509338
-0.550	-0.550	0.000	100.18063354
-0.450	-0.550	0.000	86.87168884
-0.350	-0.550	0.000	67.86531830
-0.250	-0.550	0.000	52.94207764
-0.150	-0.550	0.000	45.45919037
-0.050	-0.550	0.000	42.68106079
0.050	-0.550	0.000	42.26481247
0.150	-0.550	0.000	43.63465118
0.250	-0.550	0.000	46.44400787
0.350	-0.550	0.000	50.27743530
0.450	-0.550	0.000	55.21149826
0.550	-0.550	0.000	60.26683807
0.650	-0.550	0.000	65.62409973
0.750	-0.550	0.000	70.96559906
0.850	-0.550	0.000	76.36740112
0.950	-0.550	0.000	81.25617981
1.050	-0.550	0.000	86.71202087
1.150	-0.550	0.000	91.32649231
1.250	-0.550	0.000	95.81593323
1.350	-0.550	0.000	98.51102448
1.450	-0.550	0.000	100.50765991
1.550	-0.550	0.000	102.18373108
1.650	-0.550	0.000	102.94871521
1.750	-0.550	0.000	102.97471619
1.850	-0.550	0.000	101.51065063
1.950	-0.550	0.000	101.65817261
2.050	-0.550	0.000	98.83963776
2.150	-0.550	0.000	98.40432739
2.250	-0.550	0.000	91.76022339
2.350	-0.550	0.000	91.04373169
2.450	-0.550	0.000	83.08934021
-2.450	-0.450	0.000	108.54325867
-2.350	-0.450	0.000	120.40940857
-2.250	-0.450	0.000	117.12172699
-2.150	-0.450	0.000	125.82255554
-2.050	-0.450	0.000	124.96432495
-1.950	-0.450	0.000	127.24723816
-1.850	-0.450	0.000	125.50932312
-1.750	-0.450	0.000	124.74349976
-1.650	-0.450	0.000	124.45802307
-1.550	-0.450	0.000	123.32136536
-1.450	-0.450	0.000	123.62556458
-1.350	-0.450	0.000	122.71781921
-1.250	-0.450	0.000	121.69010925
-1.150	-0.450	0.000	119.38166046
-1.050	-0.450	0.000	118.45527649
-0.950	-0.450	0.000	115.86278534
-0.850	-0.450	0.000	112.42729187
-0.750	-0.450	0.000	109.80618286
-0.650	-0.450	0.000	108.41889954
-0.550	-0.450	0.000	104.03937531
-0.450	-0.450	0.000	96.35224152
-0.350	-0.450	0.000	83.64100647
-0.250	-0.450	0.000	68.49884033
-0.150	-0.450	0.000	56.81711578
-0.050	-0.450	0.000	50.81323624
0.050	-0.450	0.000	48.88481903
0.150	-0.450	0.000	49.42916107
0.250	-0.450	0.000	51.96176529
0.350	-0.450	0.000	55.48652267
0.450	-0.450	0.000	60.23617554
0.550	-0.450	0.000	64.45146942
0.650	-0.450	0.000	68.76107025
0.750	-0.450	0.000	72.43972778
0.850	-0.450	0.000	76.53904724
0.950	-0.450	0.000	80.48042297
1.050	-0.450	0.000	84.93142700
1.150	-0.450	0.000	89.05734253
1.250	-0.450	0.000	93.29730225
1.350	-0.450	0.000	95.60081482
1.450	-0.450	0.000	96.61643982
1.550	-0.450	0.000	97.84086609
1.650	-0.450	0.000	97.36943054
1.750	-0.450	0.000	96.19284058
1.850	-0.450	0.000	93.85861206
1.950	-0.450	0.000	93.05250549
2.050	-0.450	0.000	90.40632629
2.150	-0.450	0.000	90.41114807
2.250	-0.450	0.000	84.29933929
2.350	-0.450	0.000	84.11408997
2.450	-0.450	0.000	76.02748108
-2.450	-0.350	0.000	109.75440979
-2.350	-0.350	0.000	119.85001373
-2.250	-0.350	0.000	116.85250854
-2.150	-0.350	0.000	124.99354553
-2.050	-0.350	0.000	124.52090454
-1.950	-0.350	0.000	127.43841553
-1.850	-0.350	0.000	126.27684021
-1.750	-0.350	0.000	126.01077271
-1.650	-0.350	0.000	126.20641327
-1.550	-0.350	0.000	125.61980438
-1.450	-0.350	0.000	125.84655762
-1.350	-0.350	0.000	124.52302551
-1.250	-0.350	0.000	124.07382202
-1.150	-0.350	0.000	121.36119080
-1.050	-0.350	0.000	120.43820190
-0.950	-0.350	0.000	118.22544861
-0.850	-0.350	0.000	116.36870575
-0.750	-0.350	0.000	113.17837524
-0.650	-0.350	0.000	109.39546967
-0.550	-0.350	0.000	104.15464783
-0.450	-0.350	0.000	99.47299194
-0.350	-0.350	0.000	91.61332703
-0.250	-0.350	0.000	81.67976379
-0.150	-0.350	0.000	71.99621582
-0.050	-0.350	0.000	63.93389893
0.050	-0.350	0.000	59.49911499
0.150	-0.350	0.000	58.31846237
0.250	-0.350	0.000	59.81879807
0.350	-0.350	0.000	62.58411407
0.450	-0.350	0.000	66.25102234
0.550	-0.350	0.000	68.79727173
0.650	-0.350	0.000	71.71192169
0.750	-0.350	0.000	74.09657288
0.850	-0.350	0.000	77.29463959
0.950	-0.350	0.000	79.86384583
1.050	-0.350	0.000	83.46546936
1.150	-0.350	0.000	86.71655273
1.250	-0.350	0.000	89.46998596
1.350	-0.350	0.000	90.88452148
1.450	-0.350	0.000	90.96500397
1.550	-0.350	0.000	91.58042145
1.650	-0.350	0.000	90.88251495
1.750	-0.350	0.000	89.14005280
1.850	-0.350	0.000	86.79121399
1.950	-0.350	0.000	86.13229370
2.050	-0.350	0.000	83.43603516
2.150	-0.350	0.000	83.39630890
2.250	-0.350	0.000	77.66728210
2.350	-0.350	0.000	77.37766266
2.450	-0.350	0.000	68.99787903
-2.450	-0.250	0.000	111.06272888
-2.350	-0.250	0.000	119.97660065
-2.250	-0.250	0.000	116.75599670
-2.150	-0.250	0.000	124.17915344
-2.050	-0.250	0.000	123.44488525
-1.950	-0.250	0.000	126.80728149
-1.850	-0.250	0.000	126.28520203
-1.750	-0.250	0.000	126.84304810
-1.650	-0.250	0.000	127.24261475
-1.550	-0.250	0.000	126.55496216
-1.450	-0.250	0.000	126.80337524
-1.350	-0.250	0.000	125.96492004
-1.250	-0.250	0.000	125.23964691
-1.150	-0.250	0.000	122.13186646
-1.050	-0.250	0.000	121.01638794
-0.950	-0.250	0.000	119.08352661
-0.850	-0.250	0.000	117.73287964
-0.750	-0.250	0.000	116.21647644
-0.650	-0.250	0.000	112.30761719
-0.550	-0.250	0.000	105.89626312
-0.450	-0.250	0.000	99.77573395
-0.350	-0.250	0.000	94.16455078
-0.250	-0.250	0.000	88.31726074
-0.150	-0.250	0.000	82.35301208
-0.050	-0.250	0.000	76.96178436
0.050	-0.250	0.000	72.45548248
0.150	-0.250	0.000	69.91245270
0.250	-0.250	0.000	69.73896790
0.350	-0.250	0.000	70.90503693
0.450	-0.250	0.000	72.55495453
0.550	-0.250	0.000	73.49597168
0.650	-0.250	0.000	74.69974518
0.750	-0.250	0.000	76.06114960
0.850	-0.250	0.000	78.34412384
0.950	-0.250	0.000	80.03407288
1.050	-0.250	0.000	82.52510071
1.150	-0.250	0.000	84.88397217
1.250	-0.250	0.000	87.29042053
1.350	-0.250	0.000	88.25971985
1.450	-0.250	0.000	88.19253540
1.550	-0.250	0.000	87.96884155
1.650	-0.250	0.000	86.55488586
1.750	-0.250	0.000	84.46319580
1.850	-0.250	0.000	81.81041718
1.950	-0.250	0.000	80.94635010
2.050	-0.250	0.000	78.65991211
2.150	-0.250	0.000	78.29568481
2.250	-0.250	0.000	72.50109863
2.350	-0.250	0.000	72.76277161
2.450	-0.250	0.000	64.92300415
-2.450	-0.150	0.000	113.03538513
-2.350	-0.150	0.000	120.21697998
-2.250	-0.150	0.000	117.04814148
-2.150	-0.150	0.000	123.82937622
-2.050	-0.150	0.000	123.37606049
-1.950	-0.150	0.000	127.08440399
-1.850	-0.150	0.000	126.55120850
-1.750	-0.150	0.000	127.44561005
-1.650	-0.150	0.000	128.20323181
-1.550	-0.150	0.000	128.64866638
-1.450	-0.150	0.000	128.86874390
-1.350	-0.150	0.000	127.88855743
-1.250	-0.150	0.000	126.82829285
-1.150	-0.150	0.000	123.17280579
-1.050	-0.150	0.000	122.43611145
-0.950	-0.150	0.000	119.43104553
-0.850	-0.150	0.000	117.66266632
-0.750	-0.150	0.000	116.83452606
-0.650	-0.150	0.000	114.99079895
-0.550	-0.150	0.000	109.31536865
-0.450	-0.150	0.000	102.93731689
-0.350	-0.150	0.000	95.89295197
-0.250	-0.150	0.000	90.78867340
-0.150	-0.150	0.000	87.92727661
-0.050	-0.150	0.000	85.52401733
0.050	-0.150	0.000	83.86039734
0.150	-0.150	0.000	82.32995605
0.250	-0.150	0.000	80.83345032
0.350	-0.150	0.000	80.47016907
0.450	-0.150	0.000	79.45690918
0.550	-0.150	0.000	78.91719818
0.650	-0.150	0.000	78.22369385
0.750	-0.150	0.000	78.68486786
0.850	-0.150	0.000	79.98554230
0.950	-0.150	0.000	80.24700928
1.050	-0.150	0.000	82.44284821
1.150	-0.150	0.000	83.98849487
1.250	-0.150	0.000	85.51263428
1.350	-0.150	0.000	85.58236694
1.450	-0.150	0.000	85.17800903
1.550	-0.150	0.000	84.61711121
1.650	-0.150	0.000	83.01255798
1.750	-0.150	0.000	80.92361450
1.850	-0.150	0.000	78.59198761
1.950	-0.150	0.000	77.72055054
2.050	-0.150	0.000	75.54296112
2.150	-0.150	0.000	75.48733521
2.250	-0.150	0.000	70.39078522
2.350	-0.150	0.000	70.78933716
2.450	-0.150	0.000	62.60797882
-2.450	-0.050	0.000	115.36304474
-2.350	-0.050	0.000	122.08551025
-2.250	-0.050	0.000	118.81173706
-2.150	-0.050	0.000	124.18124390
-2.050	-0.050	0.000	123.34539032
-1.950	-0.050	0.000	127.26824188
-1.850	-0.050	0.000	127.58016205
-1.750	-0.050	0.000	128.95497131
-1.650	-0.050	0.000	129.96563721
-1.550	-0.050	0.000	130.22755432
-1.450	-0.050	0.000	129.82415771
-1.350	-0.050	0.000	129.25775146
-1.250	-0.050	0.000	127.57999420
-1.150	-0.050	0.000	124.70030212
-1.050	-0.050	0.000	123.36776733
-0.950	-0.050	0.000	120.43203735
-0.850	-0.050	0.000	118.81359863
-0.750	-0.050	0.000	116.43990326
-0.650	-0.050	0.000	115.01707458
-0.550	-0.050	0.000	110.82591248
-0.450	-0.050	0.000	106.05625916
-0.350	-0.050	0.000	99.74261475
-0.250	-0.050	0.000	94.36912537
-0.150	-0.050	0.000	91.47027588
-0.050	-0.050	0.000	90.87496948
0.050	-0.050	0.000	91.73442078
0.150	-0.050	0.000	92.60252380
0.250	-0.050	0.000	92.14033508
0.350	-0.050	0.000	90.79823303
0.450	-0.050	0.000	88.43772125
0.550	-0.050	0.000	85.59684753
0.650	-0.050	0.000	83.63002014
0.750	-0.050	0.000	82.85341644
0.850	-0.050	0.000	82.99800110
0.950	-0.050	0.000	82.60902405
1.050	-0.050	0.000	83.41416931
1.150	-0.050	0.000	84.36418152
1.250	-0.050	0.000	85.73542786
1.350	-0.050	0.000	85.76193237
1.450	-0.050	0.000	85.39984131
1.550	-0.050	0.000	84.44218445
1.650	-0.050	0.000	82.47241211
1.750	-0.050	0.000	80.23589325
1.850	-0.050	0.000	77.96359253
1.950	-0.050	0.000	77.10207367
2.050	-0.050	0.000	75.04885864
2.150	-0.050	0.000	74.60154724
2.250	-0.050	0.000	69.14633179
2.350	-0.050	0.000	69.53265381
2.450	-0.050	0.000	61.14690018
-2.450	0.050	0.000	118.01745605
-2.350	0.050	0.000	123.80619812
-2.250	0.050	0.000	121.23234558
-2.150	0.050	0.000	126.22757721
-2.050	0.050	0.000	125.24076843
-1.950	0.050	0.000	128.01205444
-1.850	0.050	0.000	127.94477844
-1.750	0.050	0.000	129.39013672
-1.650	0.050	0.000	130.48022461
-1.550	0.050	0.000	130.72563171
-1.450	0.050	0.000	131.44155884
-1.350	0.050	0.000	130.23400879
-1.250	0.050	0.000	127.99902344
-1.150	0.050	0.000	124.46897888
-1.050	0.050	0.000	123.48419189
-0.950	0.050	0.000	120.57125854
-0.850	0.050	0.000	119.15756226
-0.750	0.050	0.000	116.67042542
-0.650	0.050	0.000	114.78215790
-0.550	0.050	0.000	110.78142548
-0.450	0.050	0.000	106.72085571
-0.350	0.050	0.000	101.94825745
-0.250	0.050	0.000	97.80310059
-0.150	0.050	0.000	95.28482056
-0.050	0.050	0.000	95.13481140
0.050	0.050	0.000	96.85857391
0.150	0.050	0.000	99.52719116
0.250	0.050	0.000	101.06108093
0.350	0.050	0.000	100.47286224
0.450	0.050	0.000	97.05725098
0.550	0.050	0.000	93.46603394
0.650	0.050	0.000	89.96152496
0.750	0.050	0.000	87.59895325
0.850	0.050	0.000	86.52671814
0.950	0.050	0.000	85.03348541
1.050	0.050	0.000	85.78166199
1.150	0.050	0.000	86.02973175
1.250	0.050	0.000	86.99095154
1.350	0.050	0.000	86.44116211
1.450	0.050	0.000	85.55023193
1.550	0.050	0.000	83.82792664
1.650	0.050	0.000	81.55139923
1.750	0.050	0.000	79.28825378
1.850	0.050	0.000	77.25901794
1.950	0.050	0.000	76.28909302
2.050	0.050	0.000	74.16177368
2.150	0.050	0.000	73.67446899
2.250	0.050	0.000	68.52352905
2.350	0.050	0.000	68.91244507
2.450	0.050	0.000	60.33734131
-2.450	0.150	0.000	121.78145599
-2.350	0.150	0.000	126.94496918
-2.250	0.150	0.000	123.92266846
-2.150	0.150	0.000	127.90737915
-2.050	0.150	0.000	127.06179047
-1.950	0.150	0.000	129.79449463
-1.850	0.150	0.000	130.15704346
-1.750	0.150	0.000	131.24951172
-1.650	0.150	0.000	132.30084229
-1.550	0.150	0.000	132.21472168
-1.450	0.150	0.000	132.54052734
-1.350	0.150	0.000	130.66119385
-1.250	0.150	0.000	127.87132263
-1.150	0.150	0.000	124.07375336
-1.050	0.150	0.000	122.72639465
-0.950	0.150	0.000	119.57850647
-0.850	0.150	0.000	118.69977570
-0.750	0.150	0.000	117.12386322
-0.650	0.150	0.000	114.83486938
-0.550	0.150	0.000	110.60649109
-0.450	0.150	0.000	105.86505127
-0.350	0.150	0.000	101.89146423
-0.250	0.150	0.000	99.02470398
-0.150	0.150	0.000	97.55511475
-0.050	0.150	0.000	98.63040161
0.050	0.150	0.000	100.69725037
0.150	0.150	0.000	104.23440552
0.250	0.150	0.000	107.14042664
0.350	0.150	0.000	108.03303528
0.450	0.150	0.000	104.87986755
0.550	0.150	0.000	101.50749207
0.650	0.150	0.000	96.97634888
0.750	0.150	0.000	93.32907104
0.850	0.150	0.000	90.89921570
0.950	0.150	0.000	88.70967102
1.050	0.150	0.000	88.91027832
1.150	0.150	0.000	88.18697357
1.250	0.150	0.000	88.58851624
1.350	0.150	0.000	87.49279022
1.450	0.150	0.000	86.43307495
1.550	0.150	0.000	84.94335938
1.650	0.150	0.000	83.38500214
1.750	0.150	0.000	81.17858887
1.850	0.150	0.000	79.82410431
1.950	0.150	0.000	78.65946960
2.050	0.150	0.000	76.75303650
2.150	0.150	0.000	75.89576721
2.250	0.150	0.000	70.38778687
2.350	0.150	0.000	70.36019135
2.450	0.150	0.000	60.93104935
-2.450	0.250	0.000	123.37600708
-2.350	0.250	0.000	129.35211182
-2.250	0.250	0.000	127.66947937
-2.150	0.250	0.000	130.70394897
-2.050	0.250	0.000	130.61120605
-1.950	0.250	0.000	132.30203247
-1.850	0.250	0.000	132.50619507
-1.750	0.250	0.000	133.58523560
-1.650	0.250	0.000	134.57125854
-1.550	0.250	0.000	134.11843872
-1.450	0.250	0.000	134.54318237
-1.350	0.250	0.000	132.05523682
-1.250	0.250	0.000	129.27816772
-1.150	0.250	0.000	124.95554352
-1.050	0.250	0.000	122.24436951
-0.950	0.250	0.000	118.51488495
-0.850	0.250	0.000	116.83654785
-0.750	0.250	0.000	114.95277405
-0.650	0.250	0.000	113.64450073
-0.550	0.250	0.000	109.43339539
-0.450	0.250	0.000	104.74414062
-0.350	0.250	0.000	100.45172119
-0.250	0.250	0.000	97.88206482
-0.150	0.250	0.000	97.32469177
-0.050	0.250	0.000	98.58864594
0.050	0.250	0.000	102.07524109
0.150	0.250	0.000	106.24419403
0.250	0.250	0.000	110.00514221
0.350	0.250	0.000	111.59078217
0.450	0.250	0.000	110.08684540
0.550	0.250	0.000	107.57456970
0.650	0.250	0.000	102.84373474
0.750	0.250	0.000	98.91767883
0.850	0.250	0.000	95.77297974
0.950	0.250	0.000	92.62503052
1.050	0.250	0.000	91.85355377
1.150	0.250	0.000	90.54118347
1.250	0.250	0.000	90.78172302
1.350	0.250	0.000	89.60362244
1.450	0.250	0.000	88.38758850
1.550	0.250	0.000	86.58787537
1.650	0.250	0.000	84.39433289
1.750	0.250	0.000	82.20634460
1.850	0.250	0.000	81.09481812
1.950	0.250	0.000	80.39076233
2.050	0.250	0.000	78.73931885
2.150	0.250	0.000	78.40672302
2.250	0.250	0.000	72.92850494
2.350	0.250	0.000	72.66871643
2.450	0.250	0.000	62.49206543
-2.450	0.350	0.000	123.78486633
-2.350	0.350	0.000	130.24752808
-2.250	0.350	0.000	129.33949280
-2.150	0.350	0.000	133.63357544
-2.050	0.350	0.000	133.51303101
-1.950	0.350	0.000	135.15298462
-1.850	0.350	0.000	135.37805176
-1.750	0.350	0.000	135.36221313
-1.650	0.350	0.000	135.39962769
-1.550	0.350	0.000	135.35098267
-1.450	0.350	0.000	135.47796631
-1.350	0.350	0.000	133.06181335
-1.250	0.350	0.000	129.32263184
-1.150	0.350	0.000	124.56793213
-1.050	0.350	0.000	122.06430054
-0.950	0.350	0.000	118.60904694
-0.850	0.350	0.000	116.51162720
-0.750	0.350	0.000	113.45011902
-0.650	0.350	0.000	111.13160706
-0.550	0.350	0.000	106.52166748
-0.450	0.350	0.000	102.39772034
-0.350	0.350	0.000	98.32075500
-0.250	0.350	0.000	95.96714783
-0.150	0.350	0.000	95.40451050
-0.050	0.350	0.000	97.34516144
0.050	0.350	0.000	101.02324677
0.150	0.350	0.000	106.28536987
0.250	0.350	0.000	110.69362640
0.350	0.350	0.000	113.30441284
0.450	0.350	0.000	112.98754883
0.550	0.350	0.000	110.33763123
0.650	0.350	0.000	107.58094788
0.750	0.350	0.000	103.55471802
0.850	0.350	0.000	99.87769318
0.950	0.350	0.000	96.55308533
1.050	0.350	0.000	95.05931091
1.150	0.350	0.000	93.65876770
1.250	0.350	0.000	92.80950928
1.350	0.350	0.000	91.11047363
1.450	0.350	0.000	89.97276306
1.550	0.350	0.000	87.80290222
1.650	0.350	0.000	86.16934204
1.750	0.350	0.000	84.58382416
1.850	0.350	0.000	84.02348328
1.950	0.350	0.000	83.58397675
2.050	0.350	0.000	81.98334503
2.150	0.350	0.000	81.63214874
2.250	0.350	0.000	76.75770569
2.350	0.350	0.000	76.14123535
2.450	0.350	0.000	64.88085938
-2.450	0.450	0.000	123.99075317
-2.350	0.450	0.000	131.32225037
-2.250	0.450	0.000	130.64614868
-2.150	0.450	0.000	134.34167480
-2.050	0.450	0.000	133.97863770
-1.950	0.450	0.000	135.39390564
-1.850	0.450	0.000	136.05654907
-1.750	0.450	0.000	136.14776611
-1.650	0.450	0.000	137.46437073
-1.550	0.450	0.000	137.46765137
-1.450	0.450	0.000	137.19717407
-1.350	0.450	0.000	134.94253540
-1.250	0.450	0.000	130.77769470
-1.150	0.450	0.000	126.02064514
-1.050	0.450	0.000	122.40979004
-0.950	0.450	0.000	117.94173431
-0.850	0.450	0.000	115.38436890
-0.750	0.450	0.000	113.05238342
-0.650	0.450	0.000	108.96501160
-0.550	0.450	0.000	104.16026306
-0.450	0.450	0.000	99.19258118
-0.350	0.450	0.000	94.99581909
-0.250	0.450	0.000	93.09201050
-0.150	0.450	0.000	92.48007965
-0.050	0.450	0.000	95.09523010
0.050	0.450	0.000	98.69192505
0.150	0.450	0.000	104.71306610
0.250	0.450	0.000	109.79302216
0.350	0.450	0.000	113.34466553
0.450	0.450	0.000	113.98005676
0.550	0.450	0.000	112.38826752
0.650	0.450	0.000	110.16766357
0.750	0.450	0.000	106.61123657
0.850	0.450	0.000	103.02226257
0.950	0.450	0.000	99.71864319
1.050	0.450	0.000	97.38713837
1.150	0.450	0.000	95.06094360
1.250	0.450	0.000	94.07739258
1.350	0.450	0.000	92.13575745
1.450	0.450	0.000	90.74527740
1.550	0.450	0.000	88.71520996
1.650	0.450	0.000	87.27516174
1.750	0.450	0.000	86.33654785
1.850	0.450	0.000	86.05480957
1.950	0.450	0.000	86.59165955
2.050	0.450	0.000	85.89467621
2.150	0.450	0.000	86.39489746
2.250	0.450	0.000	81.59547424
2.350	0.450	0.000	81.33799744
2.450	0.450	0.000	69.28012085
-2.450	0.550	0.000	122.34701538
-2.350	0.550	0.000	130.83506775
-2.250	0.550	0.000	130.85238647
-2.150	0.550	0.000	134.68627930
-2.050	0.550	0.000	134.19857788
-1.950	0.550	0.000	135.69429016
-1.850	0.550	0.000	135.40507507
-1.750	0.550	0.000	135.80093384
-1.650	0.550	0.000	136.31842041
-1.550	0.550	0.000	136.30616760
-1.450	0.550	0.000	136.97183228
-1.350	0.550	0.000	135.33126831
-1.250	0.550	0.000	132.81608582
-1.150	0.550	0.000	128.11659241
-1.050	0.550	0.000	124.61698914
-0.950	0.550	0.000	119.96766663
-0.850	0.550	0.000	116.32379150
-0.750	0.550	0.000	112.60617065
-0.650	0.550	0.000	107.32582092
-0.550	0.550	0.000	101.66802216
-0.450	0.550	0.000	96.12698364
-0.350	0.550	0.000	92.01618958
-0.250	0.550	0.000	89.67867279
-0.150	0.550	0.000	89.57678986
-0.050	0.550	0.000	91.36476898
0.050	0.550	0.000	95.72389221
0.150	0.550	0.000	101.57384491
0.250	0.550	0.000	107.77017212
0.350	0.550	0.000	112.14300537
0.450	0.550	0.000	113.81217957
0.550	0.550	0.000	113.31620789
0.650	0.550	0.000	111.48496246
0.750	0.550	0.000	108.91036224
0.850	0.550	0.000	105.60746002
0.950	0.550	0.000	102.11132812
1.050	0.550	0.000	100.16230011
1.150	0.550	0.000	97.18435669
1.250	0.550	0.000	95.28132629
1.350	0.550	0.000	92.76199341
1.450	0.550	0.000	91.10408020
1.550	0.550	0.000	89.05207825
1.650	0.550	0.000	88.29118347
1.750	0.550	0.000	87.81606293
1.850	0.550	0.000	87.92964172
1.950	0.550	0.000	88.90617371
2.050	0.550	0.000	88.55419922
2.150	0.550	0.000	89.61593628
2.250	0.550	0.000	85.68162537
2.350	0.550	0.000	86.61449432
2.450	0.550	0.000	74.30500793
-2.450	0.650	0.000	121.41854095
-2.350	0.650	0.000	129.92182922
-2.250	0.650	0.000	130.56323242
-2.150	0.650	0.000	134.70510864
-2.050	0.650	0.000	134.41764832
-1.950	0.650	0.000	135.52265930
-1.850	0.650	0.000	135.01190186
-1.750	0.650	0.000	134.65834045
-1.650	0.650	0.000	135.35641479
-1.550	0.650	0.000	135.63101196
-1.450	0.650	0.000	136.23544312
-1.350	0.650	0.000	135.02825928
-1.250	0.650	0.000	133.19912720
-1.150	0.650	0.000	129.72048950
-1.050	0.650	0.000	126.68612671
-0.950	0.650	0.000	122.08711243
-0.850	0.650	0.000	118.52411652
-0.750	0.650	0.000	112.81558228
-0.650	0.650	0.000	106.90325928
-0.550	0.650	0.000	99.04040527
-0.450	0.650	0.000	93.86312866
-0.350	0.650	0.000	88.91056824
-0.250	0.650	0.000	86.86914062
-0.150	0.650	0.000	87.11830139
-0.050	0.650	0.000	88.76775360
0.050	0.650	0.000	93.38507080
0.150	0.650	0.000	98.46179962
0.250	0.650	0.000	105.30593872
0.350	0.650	0.000	110.00634003
0.450	0.650	0.000	112.59205627
0.550	0.650	0.000	112.93818665
0.650	0.650	0.000	111.97874451
0.750	0.650	0.000	110.60305786
0.850	0.650	0.000	107.57510376
0.950	0.650	0.000	104.34776306
1.050	0.650	0.000	101.48175812
1.150	0.650	0.000	98.65509033
1.250	0.650	0.000	96.34971619
1.350	0.650	0.000	93.95289612
1.450	0.650	0.000	92.07505035
1.550	0.650	0.000	89.83950043
1.650	0.650	0.000	89.27291870
1.750	0.650	0.000	88.94314575
1.850	0.650	0.000	89.27691650
1.950	0.650	0.000	90.97981262
2.050	0.650	0.000	90.94908142
2.150	0.650	0.000	92.94509888
2.250	0.650	0.000	89.24089050
2.350	0.650	0.000	91.80288696
2.450	0.650	0.000	80.20220947
-2.450	0.750	0.000	119.59559631
-2.350	0.750	0.000	129.32568359
-2.250	0.750	0.000	129.33349609
-2.150	0.750	0.000	132.25396729
-2.050	0.750	0.000	131.83676147
-1.950	0.750	0.000	132.65898132
-1.850	0.750	0.000	133.12762451
-1.750	0.750	0.000	133.26145935
-1.650	0.750	0.000	133.37280273
-1.550	0.750	0.000	134.25778198
-1.450	0.750	0.000	134.56884766
-1.350	0.750	0.000	133.76879883
-1.250	0.750	0.000	133.88400269
-1.150	0.750	0.000	131.88354492
-1.050	0.750	0.000	129.58123779
-0.950	0.750	0.000	125.91397095
-0.850	0.750	0.000	121.01411438
-0.750	0.750	0.000	114.06961060
-0.650	0.750	0.000	107.44863129
-0.550	0.750	0.000	98.02424622
-0.450	0.750	0.000	91.63168335
-0.350	0.750	0.000	87.31185913
-0.250	0.750	0.000	84.69277954
-0.150	0.750	0.000	84.92504883
-0.050	0.750	0.000	86.90821838
0.050	0.750	0.000	91.44889832
0.150	0.750	0.000	96.73204041
0.250	0.750	0.000	103.64611816
0.350	0.750	0.000	108.81185913
0.450	0.750	0.000	111.78874969
0.550	0.750	0.000	112.58767700
0.650	0.750	0.000	111.91682434
0.750	0.750	0.000	110.78692627
0.850	0.750	0.000	108.66592407
0.950	0.750	0.000	105.87944794
1.050	0.750	0.000	103.68608093
1.150	0.750	0.000	100.68419647
1.250	0.750	0.000	97.71300507
1.350	0.750	0.000	94.88690948
1.450	0.750	0.000	92.89431763
1.550	0.750	0.000	91.06188965
1.650	0.750	0.000	90.59045410
1.750	0.750	0.000	90.59246826
1.850	0.750	0.000	90.75770569
1.950	0.750	0.000	92.68908691
2.050	0.750	0.000	92.46043396
2.150	0.750	0.000	94.60710907
2.250	0.750	0.000	90.20660400
2.350	0.750	0.000	94.05682373
2.450	0.750	0.000	84.53211975
-2.450	0.850	0.000	117.40251160
-2.350	0.850	0.000	127.64305878
-2.250	0.850	0.000	129.05944824
-2.150	0.850	0.000	131.53631592
-2.050	0.850	0.000	130.55313110
-1.950	0.850	0.000	128.86959839
-1.850	0.850	0.000	129.32861328
-1.750	0.850	0.000	130.46728516
-1.650	0.850	0.000	131.36843872
-1.550	0.850	0.000	132.10961914
-1.450	0.850	0.000	132.78826904
-1.350	0.850	0.000	133.63629150
-1.250	0.850	0.000	132.85125732
-1.150	0.850	0.000	133.25714111
-1.050	0.850	0.000	132.36116028
-0.950	0.850	0.000	130.09417725
-0.850	0.850	0.000	126.60119629
-0.750	0.850	0.000	117.34416962
-0.650	0.850	0.000	108.25502014
-0.550	0.850	0.000	97.71470642
-0.450	0.850	0.000	90.43559265
-0.350	0.850	0.000	85.57107544
-0.250	0.850	0.000	83.22299957
-0.150	0.850	0.000	83.50303650
-0.050	0.850	0.000	85.23793793
0.050	0.850	0.000	89.46189880
0.150	0.850	0.000	95.28465271
0.250	0.850	0.000	101.99155426
0.350	0.850	0.000	107.91307831
0.450	0.850	0.000	111.54577637
0.550	0.850	0.000	112.98213196
0.650	0.850	0.000	113.08140564
0.750	0.850	0.000	112.26342010
0.850	0.850	0.000	110.54363251
0.950	0.850	0.000	108.08283997
1.050	0.850	0.000	105.56279755
1.150	0.850	0.000	102.62347412
1.250	0.850	0.000	99.67340088
1.350	0.850	0.000	96.50286865
1.450	0.850	0.000	93.71615601
1.550	0.850	0.000	91.30734253
1.650	0.850	0.000	90.89975739
1.750	0.850	0.000	91.48608398
1.850	0.850	0.000	92.07366943
1.950	0.850	0.000	94.21437073
2.050	0.850	0.000	93.70475769
2.150	0.850	0.000	96.22985840
2.250	0.850	0.000	90.74607849
2.350	0.850	0.000	94.59306335
2.450	0.850	0.000	87.30596924
-2.450	0.950	0.000	113.00446320
-2.350	0.950	0.000	122.04501343
-2.250	0.950	0.000	124.98157501
-2.150	0.950	0.000	128.89224243
-2.050	0.950	0.000	129.66383362
-1.950	0.950	0.000	128.54840088
-1.850	0.950	0.000	126.74403381
-1.750	0.950	0.000	127.79545593
-1.650	0.950	0.000	128.41516113
-1.550	0.950	0.000	129.43594360
-1.450	0.950	0.000	130.57112122
-1.350	0.950	0.000	131.96286011
-1.250	0.950	0.000	132.03414917
-1.150	0.950	0.000	133.63424683
-1.050	0.950	0.000	133.31221008
-0.950	0.950	0.000	133.11552429
-0.850	0.950	0.000	130.37399292
-0.750	0.950	0.000	120.76132202
-0.650	0.950	0.000	109.91186523
-0.550	0.950	0.000	97.74324799
-0.450	0.950	0.000	90.26663208
-0.350	0.950	0.000	85.76257324
-0.250	0.950	0.000	82.80467987
-0.150	0.950	0.000	82.95948792
-0.050	0.950	0.000	84.95159912
0.050	0.950	0.000	88.76959991
0.150	0.950	0.000	94.56011200
0.250	0.950	0.000	100.96870422
0.350	0.950	0.000	107.42881012
0.450	0.950	0.000	111.25520325
0.550	0.950	0.000	113.02021790
0.650	0.950	0.000	113.59129333
0.750	0.950	0.000	112.77440643
0.850	0.950	0.000	111.63404846
0.950	0.950	0.000	109.41937256
1.050	0.950	0.000	106.89987946
1.150	0.950	0.000	104.13413239
1.250	0.950	0.000	101.03919220
1.350	0.950	0.000	97.57408142
1.450	0.950	0.000	95.12322998
1.550	0.950	0.000	93.36537170
1.650	0.950	0.000	92.41612244
1.750	0.950	0.000	92.83471680
1.850	0.950	0.000	92.88102722
1.950	0.950	0.000	95.05327606
2.050	0.950	0.000	94.50389099
2.150	0.950	0.000	97.20730591
2.250	0.950	0.000	91.87776947
2.350	0.950	0.000	94.98975372
2.450	0.950	0.000	88.37522888
-2.450	1.050	0.000	108.89360809
-2.350	1.050	0.000	114.10108948
-2.250	1.050	0.000	119.65863800
-2.150	1.050	0.000	124.81431580
-2.050	1.050	0.000	127.40249634
-1.950	1.050	0.000	127.23930359
-1.850	1.050	0.000	127.09364319
-1.750	1.050	0.000	127.31628418
-1.650	1.050	0.000	127.43669128
-1.550	1.050	0.000	127.57507324
-1.450	1.050	0.000	129.51660156
-1.350	1.050	0.000	131.99951172
-1.250	1.050	0.000	132.12554932
-1.150	1.050	0.000	134.20651245
-1.050	1.050	0.000	135.67486572
-0.950	1.050	0.000	136.26269531
-0.850	1.050	0.000	134.08158875
-0.750	1.050	0.000	123.22605896
-0.650	1.050	0.000	110.45002747
-0.550	1.050	0.000	98.31245422
-0.450	1.050	0.000	90.31063080
-0.350	1.050	0.000	85.35762024
-0.250	1.050	0.000	83.45755005
-0.150	1.050	0.000	83.41247559
-0.050	1.050	0.000	85.42169952
0.050	1.050	0.000	89.48950958
0.150	1.050	0.000	95.27688599
0.250	1.050	0.000	101.61051941
0.350	1.050	0.000	108.34181213
0.450	1.050	0.000	112.53796387
0.550	1.050	0.000	114.30284119
0.650	1.050	0.000	115.36796570
0.750	1.050	0.000	114.82269287
0.850	1.050	0.000	113.84084320
0.950	1.050	0.000	112.26544952
1.050	1.050	0.000	109.38717651
1.150	1.050	0.000	106.95802307
1.250	1.050	0.000	103.85389709
1.350	1.050	0.000	100.48294067
1.450	1.050	0.000	97.36754608
1.550	1.050	0.000	94.93619537
1.650	1.050	0.000	93.45468140
1.750	1.050	0.000	93.66146088
1.850	1.050	0.000	93.10372162
1.950	1.050	0.000	95.04474640
2.050	1.050	0.000	93.75909424
2.150	1.050	0.000	95.96143341
2.250	1.050	0.000	91.24948883
2.350	1.050	0.000	93.78945160
2.450	1.050	0.000	88.13778687
-2.450	1.150	0.000	102.48801422
-2.350	1.150	0.000	103.97251892
-2.250	1.150	0.000	109.07981110
-2.150	1.150	0.000	113.87564850
-2.050	1.150	0.000	120.43626404
-1.950	1.150	0.000	124.63897705
-1.850	1.150	0.000	126.18309021
-1.750	1.150	0.000	127.03291321
-1.650	1.150	0.000	127.03292847
-1.550	1.150	0.000	128.34399414
-1.450	1.150	0.000	129.30122375
-1.350	1.150	0.000	132.08122253
-1.250	1.150	0.000	132.37794495
-1.150	1.150	0.000	135.55096436
-1.050	1.150	0.000	137.43530273
-0.950	1.150	0.000	138.37519836
-0.850	1.150	0.000	134.93797302
-0.750	1.150	0.000	123.85662079
-0.650	1.150	0.000	110.15086365
-0.550	1.150	0.000	98.49237061
-0.450	1.150	0.000	91.23550415
-0.350	1.150	0.000	86.46348572
-0.250	1.150	0.000	83.92192078
-0.150	1.150	0.000	83.87344360
-0.050	1.150	0.000	85.77838135
0.050	1.150	0.000	90.17524719
0.150	1.150	0.000	95.85968018
0.250	1.150	0.000	102.54135132
0.350	1.150	0.000	109.61054993
0.450	1.150	0.000	113.91851807
0.550	1.150	0.000	115.52977753
0.650	1.150	0.000	116.40968323
0.750	1.150	0.000	115.55649567
0.850	1.150	0.000	114.61761475
0.950	1.150	0.000	113.22923279
1.050	1.150	0.000	110.33234406
1.150	1.150	0.000	108.24307251
1.250	1.150	0.000	104.98648834
1.350	1.150	0.000	101.96611023
1.450	1.150	0.000	98.74786377
1.550	1.150	0.000	96.62899780
1.650	1.150	0.000	94.77816772
1.750	1.150	0.000	94.86709595
1.850	1.150	0.000	94.17210388
1.950	1.150	0.000	96.06300354
2.050	1.150	0.000	94.10923004
2.150	1.150	0.000	95.71482849
2.250	1.150	0.000	91.57656860
2.350	1.150	0.000	92.50563049
2.450	1.150	0.000	86.49685669
-2.450	1.250	0.000	98.13480377
-2.350	1.250	0.000	97.18525696
-2.250	1.250	0.000	100.29252625
-2.150	1.250	0.000	102.24792480
-2.050	1.250	0.000	108.71009827
-1.950	1.250	0.000	113.66906738
-1.850	1.250	0.000	120.52677917
-1.750	1.250	0.000	124.25320435
-1.650	1.250	0.000	126.52502441
-1.550	1.250	0.000	128.35552979
-1.450	1.250	0.000	129.93045044
-1.350	1.250	0.000	132.35272217
-1.250	1.250	0.000	132.86550903
-1.150	1.250	0.000	135.39880371
-1.050	1.250	0.000	137.59957886
-0.950	1.250	0.000	136.52108765
-0.850	1.250	0.000	131.83027649
-0.750	1.250	0.000	120.44721985
-0.650	1.250	0.000	108.00687408
-0.550	1.250	0.000	97.78767395
-0.450	1.250	0.000	91.88150787
-0.350	1.250	0.000	87.10571289
-0.250	1.250	0.000	85.90142822
-0.150	1.250	0.000	85.88127136
-0.050	1.250	0.000	87.69887543
0.050	1.250	0.000	91.88613892
0.150	1.250	0.000	97.33766174
0.250	1.250	0.000	103.82699585
0.350	1.250	0.000	110.88894653
0.450	1.250	0.000	115.77539062
0.550	1.250	0.000	117.60427856
0.650	1.250	0.000	118.79200745
0.750	1.250	0.000	118.24415588
0.850	1.250	0.000	117.28401184
0.950	1.250	0.000	115.47302246
1.050	1.250	0.000	112.79564667
1.150	1.250	0.000	110.07179260
1.250	1.250	0.000	107.23336792
1.350	1.250	0.000	104.24129486
1.450	1.250	0.000	100.70944214
1.550	1.250	0.000	98.35348511
1.650	1.250	0.000	95.52835083
1.750	1.250	0.000	95.00315857
1.850	1.250	0.000	93.26435852
1.950	1.250	0.000	93.81745911
2.050	1.250	0.000	91.21733093
2.150	1.250	0.000	91.98452759
2.250	1.250	0.000	88.80737305
2.350	1.250	0.000	89.00053406
2.450	1.250	0.000	83.58856201
-2.450	1.350	0.000	94.59056854
-2.350	1.350	0.000	92.25392151
-2.250	1.350	0.000	93.57299042
-2.150	1.350	0.000	92.93582153
-2.050	1.350	0.000	96.66812897
-1.950	1.350	0.000	99.80886841
-1.850	1.350	0.000	106.11611938
-1.750	1.350	0.000	112.18749237
-1.650	1.350	0.000	117.80806732
-1.550	1.350	0.000	123.00167847
-1.450	1.350	0.000	126.27540588
-1.350	1.350	0.000	130.37179565
-1.250	1.350	0.000	130.91458130
-1.150	1.350	0.000	132.78723145
-1.050	1.350	0.000	133.82730103
-0.950	1.350	0.000	130.18200684
-0.850	1.350	0.000	124.06024933
-0.750	1.350	0.000	114.38526917
-0.650	1.350	0.000	104.15047455
-0.550	1.350	0.000	96.48869324
-0.450	1.350	0.000	91.46656036
-0.350	1.350	0.000	87.40437317
-0.250	1.350	0.000	86.02938843
-0.150	1.350	0.000	86.32601929
-0.050	1.350	0.000	88.01525879
0.050	1.350	0.000	92.91444397
0.150	1.350	0.000	98.54261780
0.250	1.350	0.000	105.36927795
0.350	1.350	0.000	112.24250793
0.450	1.350	0.000	117.32943726
0.550	1.350	0.000	118.87821960
0.650	1.350	0.000	119.68296051
0.750	1.350	0.000	119.06462097
0.850	1.350	0.000	118.08673096
0.950	1.350	0.000	116.18159485
1.050	1.350	0.000	113.69982910
1.150	1.350	0.000	110.90322876
1.250	1.350	0.000	108.26690674
1.350	1.350	0.000	105.82687378
1.450	1.350	0.000	102.83096313
1.550	1.350	0.000	100.72204590
1.650	1.350	0.000	97.47397614
1.750	1.350	0.000	96.37312317
1.850	1.350	0.000	93.85208893
1.950	1.350	0.000	93.94628143
2.050	1.350	0.000	91.10775757
2.150	1.350	0.000	90.66915894
2.250	1.350	0.000	86.83029175
2.350	1.350	0.000	85.19689941
2.450	1.350	0.000	79.15048218
-2.450	1.450	0.000	93.67791748
-2.350	1.450	0.000	89.92385864
-2.250	1.450	0.000	90.15284729
-2.150	1.450	0.000	88.01236725
-2.050	1.450	0.000	89.72715759
-1.950	1.450	0.000	89.96302795
-1.850	1.450	0.000	93.79133606
-1.750	1.450	0.000	98.46892548
-1.650	1.450	0.000	104.09130859
-1.550	1.450	0.000	110.17749023
-1.450	1.450	0.000	114.98240662
-1.350	1.450	0.000	119.53941345
-1.250	1.450	0.000	121.52845764
-1.150	1.450	0.000	122.55831909
-1.050	1.450	0.000	122.41128540
-0.950	1.450	0.000	118.78121948
-0.850	1.450	0.000	113.80029297
-0.750	1.450	0.000	107.30319214
-0.650	1.450	0.000	100.09530640
-0.550	1.450	0.000	94.55084229
-0.450	1.450	0.000	90.75605011
-0.350	1.450	0.000	87.50157166
-0.250	1.450	0.000	86.86849976
-0.150	1.450	0.000	87.40654755
-0.050	1.450	0.000	89.29237366
0.050	1.450	0.000	93.74971771
0.150	1.450	0.000	99.22830200
0.250	1.450	0.000	106.64244843
0.350	1.450	0.000	114.07063293
0.450	1.450	0.000	119.72363281
0.550	1.450	0.000	121.38200378
0.650	1.450	0.000	121.98303223
0.750	1.450	0.000	121.48610687
0.850	1.450	0.000	119.97272491
0.950	1.450	0.000	118.24589539
1.050	1.450	0.000	115.34600830
1.150	1.450	0.000	112.57816315
1.250	1.450	0.000	109.61114502
1.350	1.450	0.000	106.92938232
1.450	1.450	0.000	103.79605103
1.550	1.450	0.000	101.02390289
1.650	1.450	0.000	97.32234955
1.750	1.450	0.000	96.02528381
1.850	1.450	0.000	92.63046265
1.950	1.450	0.000	91.25349426
2.050	1.450	0.000	87.77061462
2.150	1.450	0.000	85.95458984
2.250	1.450	0.000	80.66450500
2.350	1.450	0.000	79.26168823
2.450	1.450	0.000	73.85615540
-2.450	1.550	0.000	94.89907074
-2.350	1.550	0.000	90.14498901
-2.250	1.550	0.000	89.41027832
-2.150	1.550	0.000	86.43104553
-2.050	1.550	0.000	86.78009033
-1.950	1.550	0.000	84.67768860
-1.850	1.550	0.000	86.16444397
-1.750	1.550	0.000	88.45271301
-1.650	1.550	0.000	92.02014923
-1.550	1.550	0.000	97.06910706
-1.450	1.550	0.000	101.55662537
-1.350	1.550	0.000	106.20747375
-1.250	1.550	0.000	108.37400818
-1.150	1.550	0.000	109.28121948
-1.050	1.550	0.000	109.17346191
-0.950	1.550	0.000	106.71403503
-0.850	1.550	0.000	103.75375366
-0.750	1.550	0.000	100.27697754
-0.650	1.550	0.000	95.75242615
-0.550	1.550	0.000	92.12686157
-0.450	1.550	0.000	89.63375854
-0.350	1.550	0.000	87.17111206
-0.250	1.550	0.000	86.92913818
-0.150	1.550	0.000	87.38887024
-0.050	1.550	0.000	89.44227600
0.050	1.550	0.000	93.82933044
0.150	1.550	0.000	99.02784729
0.250	1.550	0.000	106.53766632
0.350	1.550	0.000	114.10684967
0.450	1.550	0.000	119.99323273
0.550	1.550	0.000	122.26808167
0.650	1.550	0.000	122.53777313
0.750	1.550	0.000	122.07560730
0.850	1.550	0.000	120.56234741
0.950	1.550	0.000	118.98022461
1.050	1.550	0.000	116.31410980
1.150	1.550	0.000	113.70833588
1.250	1.550	0.000	111.12138367
1.350	1.550	0.000	108.83663940
1.450	1.550	0.000	105.32920837
1.550	1.550	0.000	102.38087463
1.650	1.550	0.000	98.44696045
1.750	1.550	0.000	96.39913177
1.850	1.550	0.000	92.32768250
1.950	1.550	0.000	90.29852295
2.050	1.550	0.000	85.91010284
2.150	1.550	0.000	83.65596771
2.250	1.550	0.000	78.42965698
2.350	1.550	0.000	76.33965302
2.450	1.550	0.000	71.34465027
-2.450	1.650	0.000	94.57536316
-2.350	1.650	0.000	90.58220673
-2.250	1.650	0.000	89.94694519
-2.150	1.650	0.000	86.02227020
-2.050	1.650	0.000	86.05859375
-1.950	1.650	0.000	82.59391022
-1.850	1.650	0.000	83.12889099
-1.750	1.650	0.000	83.53678894
-1.650	1.650	0.000	85.19657898
-1.550	1.650	0.000	88.13124847
-1.450	1.650	0.000	90.93045044
-1.350	1.650	0.000	94.53082275
-1.250	1.650	0.000	95.80979919
-1.150	1.650	0.000	96.77595520
-1.050	1.650	0.000	97.02424622
-0.950	1.650	0.000	96.18312836
-0.850	1.650	0.000	95.10952759
-0.750	1.650	0.000	93.91134644
-0.650	1.650	0.000	91.35842896
-0.550	1.650	0.000	89.11070251
-0.450	1.650	0.000	87.44035339
-0.350	1.650	0.000	85.83656311
-0.250	1.650	0.000	85.97727966
-0.150	1.650	0.000	86.77592468
-0.050	1.650	0.000	88.98076630
0.050	1.650	0.000	93.12847137
0.150	1.650	0.000	98.48847961
0.250	1.650	0.000	105.80010223
0.350	1.650	0.000	113.33576965
0.450	1.650	0.000	119.72053528
0.550	1.650	0.000	123.12591553
0.650	1.650	0.000	123.67007446
0.750	1.650	0.000	123.07432556
0.850	1.650	0.000	121.36859131
0.950	1.650	0.000	119.70581055
1.050	1.650	0.000	116.74058533
1.150	1.650	0.000	113.86882019
1.250	1.650	0.000	110.38339996
1.350	1.650	0.000	107.82177734
1.450	1.650	0.000	104.74563599
1.550	1.650	0.000	101.64012146
1.650	1.650	0.000	97.32378387
1.750	1.650	0.000	94.02583313
1.850	1.650	0.000	89.34384155
1.950	1.650	0.000	85.93404388
2.050	1.650	0.000	80.92301941
2.150	1.650	0.000	78.86935425
2.250	1.650	0.000	74.08863831
2.350	1.650	0.000	73.41477203
2.450	1.650	0.000	69.80589294
-2.450	1.750	0.000	98.85189056
-2.350	1.750	0.000	92.33329773
-2.250	1.750	0.000	91.11757660
-2.150	1.750	0.000	85.99380493
-2.050	1.750	0.000	86.10299683
-1.950	1.750	0.000	82.21742249
-1.850	1.750	0.000	82.28211975
-1.750	1.750	0.000	81.60458374
-1.650	1.750	0.000	82.20975494
-1.550	1.750	0.000	83.50752258
-1.450	1.750	0.000	84.78684998
-1.350	1.750	0.000	87.31639862
-1.250	1.750	0.000	87.47008514
-1.150	1.750	0.000	88.08983612
-1.050	1.750	0.000	88.36494446
-0.950	1.750	0.000	88.43566895
-0.850	1.750	0.000	88.43482971
-0.750	1.750	0.000	88.29051208
-0.650	1.750	0.000	86.95367432
-0.550	1.750	0.000	85.51800537
-0.450	1.750	0.000	84.33947754
-0.350	1.750	0.000	83.47241211
-0.250	1.750	0.000	83.89146423
-0.150	1.750	0.000	84.74671173
-0.050	1.750	0.000	87.03999329
0.050	1.750	0.000	90.41876984
0.150	1.750	0.000	95.42517853
0.250	1.750	0.000	102.62863159
0.350	1.750	0.000	110.07144165
0.450	1.750	0.000	117.74394226
0.550	1.750	0.000	122.00437164
0.650	1.750	0.000	122.66865540
0.750	1.750	0.000	122.01869965
0.850	1.750	0.000	120.43108368
0.950	1.750	0.000	119.09074402
1.050	1.750	0.000	116.45939636
1.150	1.750	0.000	114.17806244
1.250	1.750	0.000	111.08095551
1.350	1.750	0.000	108.54246521
1.450	1.750	0.000	105.38063049
1.550	1.750	0.000	101.95042419
1.650	1.750	0.000	97.08800507
1.750	1.750	0.000	93.29257202
1.850	1.750	0.000	88.44717407
1.950	1.750	0.000	85.14909363
2.050	1.750	0.000	79.88423157
2.150	1.750	0.000	77.43066406
2.250	1.750	0.000	72.72673035
2.350	1.750	0.000	71.34423065
2.450	1.750	0.000	67.61280060
-2.450	1.850	0.000	99.92695618
-2.350	1.850	0.000	93.96131897
-2.250	1.850	0.000	93.42078400
-2.150	1.850	0.000	88.22268677
-2.050	1.850	0.000	88.41464996
-1.950	1.850	0.000	83.74591064
-1.850	1.850	0.000	83.47300720
-1.750	1.850	0.000	82.01537323
-1.650	1.850	0.000	82.11741638
-1.550	1.850	0.000	82.63816071
-1.450	1.850	0.000	82.77355957
-1.350	1.850	0.000	83.96411896
-1.250	1.850	0.000	82.99912262
-1.150	1.850	0.000	82.96116638
-1.050	1.850	0.000	83.02841187
-0.950	1.850	0.000	83.53184509
-0.850	1.850	0.000	83.79728699
-0.750	1.850	0.000	84.15704346
-0.650	1.850	0.000	83.31237793
-0.550	1.850	0.000	82.19235229
-0.450	1.850	0.000	81.32489014
-0.350	1.850	0.000	80.65869141
-0.250	1.850	0.000	80.95054626
-0.150	1.850	0.000	81.75656128
-0.050	1.850	0.000	83.73410797
0.050	1.850	0.000	86.49925232
0.150	1.850	0.000	90.81730652
0.250	1.850	0.000	96.78795624
0.350	1.850	0.000	103.69456482
0.450	1.850	0.000	111.70449066
0.550	1.850	0.000	117.32910919
0.650	1.850	0.000	119.65292358
0.750	1.850	0.000	119.62933350
0.850	1.850	0.000	118.26944733
0.950	1.850	0.000	117.00030518
1.050	1.850	0.000	114.15576172
1.150	1.850	0.000	111.68432617
1.250	1.850	0.000	108.81675720
1.350	1.850	0.000	105.99301147
1.450	1.850	0.000	102.63246918
1.550	1.850	0.000	99.16270447
1.650	1.850	0.000	94.46672058
1.750	1.850	0.000	90.55789185
1.850	1.850	0.000	86.12236023
1.950	1.850	0.000	83.24153137
2.050	1.850	0.000	78.92984009
2.150	1.850	0.000	77.34667969
2.250	1.850	0.000	73.31889343
2.350	1.850	0.000	72.30131531
2.450	1.850	0.000	69.36174011
-2.450	1.950	0.000	104.09091187
-2.350	1.950	0.000	96.22431946
-2.250	1.950	0.000	96.67312622
-2.150	1.950	0.000	90.26422119
-2.050	1.950	0.000	90.18421936
-1.950	1.950	0.000	84.73766327
-1.850	1.950	0.000	84.42703247
-1.750	1.950	0.000	82.49025726
-1.650	1.950	0.000	82.06472778
-1.550	1.950	0.000	82.02321625
-1.450	1.950	0.000	81.28562927
-1.350	1.950	0.000	81.75347900
-1.250	1.950	0.000	80.15605164
-1.150	1.950	0.000	80.22711945
-1.050	1.950	0.000	80.23737335
-0.950	1.950	0.000	80.95802307
-0.850	1.950	0.000	81.27442932
-0.750	1.950	0.000	81.57969666
-0.650	1.950	0.000	80.84465790
-0.550	1.950	0.000	79.73115540
-0.450	1.950	0.000	78.69547272
-0.350	1.950	0.000	77.87278748
-0.250	1.950	0.000	77.68893433
-0.150	1.950	0.000	78.09123230
-0.050	1.950	0.000	79.50303650
0.050	1.950	0.000	81.47747040
0.150	1.950	0.000	84.70509338
0.250	1.950	0.000	88.98368835
0.350	1.950	0.000	94.82614136
0.450	1.950	0.000	101.76126862
0.550	1.950	0.000	108.80867004
0.650	1.950	0.000	113.57839966
0.750	1.950	0.000	115.57527161
0.850	1.950	0.000	115.50840759
0.950	1.950	0.000	115.53700256
1.050	1.950	0.000	114.32614136
1.150	1.950	0.000	112.29804993
1.250	1.950	0.000	109.54534912
1.350	1.950	0.000	106.16334534
1.450	1.950	0.000	102.74526978
1.550	1.950	0.000	99.17826080
1.650	1.950	0.000	94.73217010
1.750	1.950	0.000	90.55883789
1.850	1.950	0.000	86.24786377
1.950	1.950	0.000	83.19037628
2.050	1.950	0.000	78.53901672
2.150	1.950	0.000	76.53198242
2.250	1.950	0.000	72.55913544
2.350	1.950	0.000	71.95384216
2.450	1.950	0.000	69.00120544
-2.450	2.050	0.000	106.38977051
-2.350	2.050	0.000	99.61231995
-2.250	2.050	0.000	99.98199463
-2.150	2.050	0.000	94.23635101
-2.050	2.050	0.000	94.37285614
-1.950	2.050	0.000	88.31274414
-1.850	2.050	0.000	87.69731903
-1.750	2.050	0.000	85.27598572
-1.650	2.050	0.000	84.16040039
-1.550	2.050	0.000	83.80986786
-1.450	2.050	0.000	82.48282623
-1.350	2.050	0.000	82.19807434
-1.250	2.050	0.000	80.20861816
-1.150	2.050	0.000	80.29505920
-1.050	2.050	0.000	80.10207367
-0.950	2.050	0.000	80.89217377
-0.850	2.050	0.000	81.38912964
-0.750	2.050	0.000	81.56800842
-0.650	2.050	0.000	80.78227234
-0.550	2.050	0.000	79.32591248
-0.450	2.050	0.000	77.75306702
-0.350	2.050	0.000	76.65461731
-0.250	2.050	0.000	75.85270691
-0.150	2.050	0.000	75.83222961
-0.050	2.050	0.000	76.55529785
0.050	2.050	0.000	77.80848694
0.150	2.050	0.000	79.92806244
0.250	2.050	0.000	82.73154449
0.350	2.050	0.000	86.82875824
0.450	2.050	0.000	92.53010559
0.550	2.050	0.000	99.19808960
0.650	2.050	0.000	105.68977356
0.750	2.050	0.000	110.18557739
0.850	2.050	0.000	111.63559723
0.950	2.050	0.000	111.91635132
1.050	2.050	0.000	110.61856079
1.150	2.050	0.000	108.21704865
1.250	2.050	0.000	105.12120056
1.350	2.050	0.000	101.30023956
1.450	2.050	0.000	98.81747437
1.550	2.050	0.000	96.52429199
1.650	2.050	0.000	93.08879089
1.750	2.050	0.000	89.69575500
1.850	2.050	0.000	86.19522858
1.950	2.050	0.000	83.89012146
2.050	2.050	0.000	79.75370789
2.150	2.050	0.000	77.90336609
2.250	2.050	0.000	74.31445312
2.350	2.050	0.000	73.48213959
2.450	2.050	0.000	70.85001373
-2.450	2.150	0.000	108.71842957
-2.350	2.150	0.000	101.13072968
-2.250	2.150	0.000	102.23951721
-2.150	2.150	0.000	95.29553223
-2.050	2.150	0.000	95.51445007
-1.950	2.150	0.000	89.40014648
-1.850	2.150	0.000	88.56190491
-1.750	2.150	0.000	86.47805023
-1.650	2.150	0.000	85.29747772
-1.550	2.150	0.000	84.63554382
-1.450	2.150	0.000	82.73558044
-1.350	2.150	0.000	82.36083221
-1.250	2.150	0.000	79.94998169
-1.150	2.150	0.000	80.33502197
-1.050	2.150	0.000	79.97875977
-0.950	2.150	0.000	81.04869080
-0.850	2.150	0.000	81.58670044
-0.750	2.150	0.000	81.68901062
-0.650	2.150	0.000	80.82864380
-0.550	2.150	0.000	79.32997131
-0.450	2.150	0.000	77.24693298
-0.350	2.150	0.000	75.93470764
-0.250	2.150	0.000	74.62074280
-0.150	2.150	0.000	74.20764160
-0.050	2.150	0.000	74.41059113
0.050	2.150	0.000	75.13999939
0.150	2.150	0.000	76.47926331
0.250	2.150	0.000	78.21922302
0.350	2.150	0.000	80.84790039
0.450	2.150	0.000	84.59955597
0.550	2.150	0.000	90.47000122
0.650	2.150	0.000	97.16180420
0.750	2.150	0.000	104.31354523
0.850	2.150	0.000	108.99441528
0.950	2.150	0.000	111.65751648
1.050	2.150	0.000	111.22602844
1.150	2.150	0.000	109.75866699
1.250	2.150	0.000	107.41162872
1.350	2.150	0.000	103.41412354
1.450	2.150	0.000	99.91258240
1.550	2.150	0.000	97.01815796
1.650	2.150	0.000	94.00959778
1.750	2.150	0.000	90.96485901
1.850	2.150	0.000	87.33042908
1.950	2.150	0.000	84.57167816
2.050	2.150	0.000	80.55104065
2.150	2.150	0.000	79.14757538
2.250	2.150	0.000	75.93807983
2.350	2.150	0.000	75.13000488
2.450	2.150	0.000	72.20335388
-2.450	2.250	0.000	112.57777405
-2.350	2.250	0.000	106.45713806
-2.250	2.250	0.000	106.01920319
-2.150	2.250	0.000	99.34896851
-2.050	2.250	0.000	98.58308411
-1.950	2.250	0.000	92.92646790
-1.850	2.250	0.000	91.36854553
-1.750	2.250	0.000	89.89497375
-1.650	2.250	0.000	88.43966675
-1.550	2.250	0.000	87.56520081
-1.450	2.250	0.000	85.15953064
-1.350	2.250	0.000	84.68255615
-1.250	2.250	0.000	82.19429779
-1.150	2.250	0.000	82.50250244
-1.050	2.250	0.000	82.12530518
-0.950	2.250	0.000	83.18380737
-0.850	2.250	0.000	83.61705780
-0.750	2.250	0.000	83.21060944
-0.650	2.250	0.000	82.19179535
-0.550	2.250	0.000	80.66683960
-0.450	2.250	0.000	78.33819580
-0.350	2.250	0.000	76.82783508
-0.250	2.250	0.000	75.19694519
-0.150	2.250	0.000	74.51858521
-0.050	2.250	0.000	74.33279419
0.050	2.250	0.000	74.65612793
0.150	2.250	0.000	75.47035980
0.250	2.250	0.000	76.45951843
0.350	2.250	0.000	77.98307800
0.450	2.250	0.000	80.24887848
0.550	2.250	0.000	83.98336029
0.650	2.250	0.000	89.87805176
0.750	2.250	0.000	96.76468658
0.850	2.250	0.000	102.89833832
0.950	2.250	0.000	106.18328857
1.050	2.250	0.000	105.87148285
1.150	2.250	0.000	103.92555237
1.250	2.250	0.000	101.79290771
1.350	2.250	0.000	99.59765625
1.450	2.250	0.000	97.87904358
1.550	2.250	0.000	96.38000488
1.650	2.250	0.000	94.44515991
1.750	2.250	0.000	92.55874634
1.850	2.250	0.000	89.88085938
1.950	2.250	0.000	87.79241943
2.050	2.250	0.000	84.48532104
2.150	2.250	0.000	83.09255219
2.250	2.250	0.000	80.20698547
2.350	2.250	0.000	79.55735779
2.450	2.250	0.000	76.78395081
-2.450	2.350	0.000	112.31352234
-2.350	2.350	0.000	105.82653809
-2.250	2.350	0.000	106.79160309
-2.150	2.350	0.000	100.23358154
-2.050	2.350	0.000	99.13784790
-1.950	2.350	0.000	94.48664856
-1.850	2.350	0.000	92.88406372
-1.750	2.350	0.000	91.97067261
-1.650	2.350	0.000	89.68386841
-1.550	2.350	0.000	88.73246765
-1.450	2.350	0.000	85.76966858
-1.350	2.350	0.000	85.52091980
-1.250	2.350	0.000	83.03785706
-1.150	2.350	0.000	83.35237122
-1.050	2.350	0.000	83.15994263
-0.950	2.350	0.000	84.43832397
-0.850	2.350	0.000	85.03026581
-0.750	2.350	0.000	84.56085205
-0.650	2.350	0.000	83.35969543
-0.550	2.350	0.000	81.68943024
-0.450	2.350	0.000	79.03008270
-0.350	2.350	0.000	77.15980530
-0.250	2.350	0.000	75.25198364
-0.150	2.350	0.000	74.29992676
-0.050	2.350	0.000	73.81053162
0.050	2.350	0.000	73.84303284
0.150	2.350	0.000	74.28318787
0.250	2.350	0.000	74.78067017
0.350	2.350	0.000	75.72947693
0.450	2.350	0.000	77.09703064
0.550	2.350	0.000	79.75841522
0.650	2.350	0.000	84.08859253
0.750	2.350	0.000	90.54924011
0.850	2.350	0.000	98.91073608
0.950	2.350	0.000	106.51193237
1.050	2.350	0.000	109.27049255
1.150	2.350	0.000	107.84051514
1.250	2.350	0.000	104.90356445
1.350	2.350	0.000	101.42587280
1.450	2.350	0.000	99.73950958
1.550	2.350	0.000	98.53227997
1.650	2.350	0.000	96.25894165
1.750	2.350	0.000	93.93958282
1.850	2.350	0.000	90.92422485
1.950	2.350	0.000	88.59256744
2.050	2.350	0.000	85.30957031
2.150	2.350	0.000	83.83888245
2.250	2.350	0.000	81.14535522
2.350	2.350	0.000	80.75823212
2.450	2.350	0.000	77.84303284
-2.450	2.450	0.000	117.89939880
-2.350	2.450	0.000	111.12565613
-2.250	2.450	0.000	110.53605652
-2.150	2.450	0.000	104.49589539
-2.050	2.450	0.000	102.77682495
-1.950	2.450	0.000	99.71970367
-1.850	2.450	0.000	97.61564636
-1.750	2.450	0.000	97.55074310
-1.650	2.450	0.000	94.41345215
-1.550	2.450	0.000	93.67016602
-1.450	2.450	0.000	90.49755859
-1.350	2.450	0.000	90.63230896
-1.250	2.450	0.000	87.82998657
-1.150	2.450	0.000	88.08212280
-1.050	2.450	0.000	88.00713348
-0.950	2.450	0.000	89.06767273
-0.850	2.450	0.000	89.17874146
-0.750	2.450	0.000	88.10183716
-0.650	2.450	0.000	86.58682251
-0.550	2.450	0.000	84.29662323
-0.450	2.450	0.000	81.47937012
-0.350	2.450	0.000	79.15659332
-0.250	2.450	0.000	77.07464600
-0.150	2.450	0.000	75.97311401
-0.050	2.450	0.000	75.24188232
0.050	2.450	0.000	75.15042114
0.150	2.450	0.000	75.40052032
0.250	2.450	0.000	75.66519928
0.350	2.450	0.000	76.23471832
0.450	2.450	0.000	76.98168945
0.550	2.450	0.000	78.03850555
0.650	2.450	0.000	79.75624084
0.750	2.450	0.000	82.27684021
0.850	2.450	0.000	86.56256104
0.950	2.450	0.000	92.11563110
1.050	2.450	0.000	97.74047852
1.150	2.450	0.000	101.89912415
1.250	2.450	0.000	103.77424622
1.350	2.450	0.000	102.78735352
1.450	2.450	0.000	101.19635010
1.550	2.450	0.000	99.79528809
1.650	2.450	0.000	98.75486755
1.750	2.450	0.000	97.57946777
1.850	2.450	0.000	95.64335632
1.950	2.450	0.000	93.97192383
2.050	2.450	0.000	91.14728546
2.150	2.450	0.000	89.80604553
2.250	2.450	0.000	87.47995758
2.350	2.450	0.000	86.96697998
2.450	2.450	0.000	84.29013062
