-2.450	-2.450	0.000	50.60710907
-2.350	-2.450	0.000	48.00847626
-2.250	-2.450	0.000	48.62549210
-2.150	-2.450	0.000	45.94361877
-2.050	-2.450	0.000	46.73039246
-1.950	-2.450	0.000	44.94443893
-1.850	-2.450	0.000	44.89348221
-1.750	-2.450	0.000	43.22068787
-1.650	-2.450	0.000	45.12027740
-1.550	-2.450	0.000	43.43736267
-1.450	-2.450	0.000	44.86841583
-1.350	-2.450	0.000	45.11938477
-1.250	-2.450	0.000	44.66886902
-1.150	-2.450	0.000	44.66165924
-1.050	-2.450	0.000	43.48175812
-0.950	-2.450	0.000	42.44898224
-0.850	-2.450	0.000	41.26191711
-0.750	-2.450	0.000	40.81587982
-0.650	-2.450	0.000	40.16963577
-0.550	-2.450	0.000	40.05858231
-0.450	-2.450	0.000	40.81686401
-0.350	-2.450	0.000	42.90806580
-0.250	-2.450	0.000	45.40367889
-0.150	-2.450	0.000	48.75802994
-0.050	-2.450	0.000	49.67691803
0.050	-2.450	0.000	51.03952789
0.150	-2.450	0.000	52.62124252
0.250	-2.450	0.000	51.64982605
0.350	-2.450	0.000	46.06681061
0.450	-2.450	0.000	37.95392609
0.550	-2.450	0.000	33.17604065
0.650	-2.450	0.000	31.59058380
0.750	-2.450	0.000	31.18140793
0.850	-2.450	0.000	31.92046356
0.950	-2.450	0.000	32.43697739
1.050	-2.450	0.000	33.63082123
1.150	-2.450	0.000	34.63489914
1.250	-2.450	0.000	35.57884216
1.350	-2.450	0.000	36.83721924
1.450	-2.450	0.000	37.80056763
1.550	-2.450	0.000	39.15601349
1.650	-2.450	0.000	40.72316360
1.750	-2.450	0.000	42.82225800
1.850	-2.450	0.000	44.76087189
1.950	-2.450	0.000	47.12245941
2.050	-2.450	0.000	48.81325150
2.150	-2.450	0.000	50.74192810
2.250	-2.450	0.000	52.44189072
2.350	-2.450	0.000	54.40793228
2.450	-2.450	0.000	57.43341827
-2.450	-2.350	0.000	51.55900955
-2.350	-2.350	0.000	48.77690887
-2.250	-2.350	0.000	49.49599075
-2.150	-2.350	0.000	46.73948669
-2.050	-2.350	0.000	47.55745697
-1.950	-2.350	0.000	45.69969177
-1.850	-2.350	0.000	45.60466003
-1.750	-2.350	0.000	43.68492889
-1.650	-2.350	0.000	45.46821594
-1.550	-2.350	0.000	43.67408752
-1.450	-2.350	0.000	44.76388550
-1.350	-2.350	0.000	44.86083221
-1.250	-2.350	0.000	44.21463394
-1.150	-2.350	0.000	44.02635956
-1.050	-2.350	0.000	42.71266556
-0.950	-2.350	0.000	41.55371094
-0.850	-2.350	0.000	40.14561844
-0.750	-2.350	0.000	39.57144928
-0.650	-2.350	0.000	38.75344849
-0.550	-2.350	0.000	38.49682617
-0.450	-2.350	0.000	39.14613342
-0.350	-2.350	0.000	40.97063446
-0.250	-2.350	0.000	43.19886780
-0.150	-2.350	0.000	45.88292694
-0.050	-2.350	0.000	46.11890411
0.050	-2.350	0.000	46.84772110
0.150	-2.350	0.000	48.00290680
0.250	-2.350	0.000	47.25623322
0.350	-2.350	0.000	42.50724792
0.450	-2.350	0.000	35.20874786
0.550	-2.350	0.000	30.81763840
0.650	-2.350	0.000	29.37692261
0.750	-2.350	0.000	29.08611107
0.850	-2.350	0.000	29.73386002
0.950	-2.350	0.000	30.16716194
1.050	-2.350	0.000	31.39666748
1.150	-2.350	0.000	32.37418365
1.250	-2.350	0.000	33.40682983
1.350	-2.350	0.000	34.72733688
1.450	-2.350	0.000	35.85670471
1.550	-2.350	0.000	37.36500549
1.650	-2.350	0.000	39.04232025
1.750	-2.350	0.000	41.28140640
1.850	-2.350	0.000	43.29900360
1.950	-2.350	0.000	45.77587891
2.050	-2.350	0.000	47.75816345
2.150	-2.350	0.000	49.95851898
2.250	-2.350	0.000	52.36685944
2.350	-2.350	0.000	54.65058899
2.450	-2.350	0.000	58.91155243
-2.450	-2.250	0.000	53.44663620
-2.350	-2.250	0.000	50.73782730
-2.250	-2.250	0.000	51.52756500
-2.150	-2.250	0.000	48.88656616
-2.050	-2.250	0.000	49.83853912
-1.950	-2.250	0.000	48.11846161
-1.850	-2.250	0.000	48.26025391
-1.750	-2.250	0.000	46.32546234
-1.650	-2.250	0.000	48.25078583
-1.550	-2.250	0.000	46.46780014
-1.450	-2.250	0.000	47.56856537
-1.350	-2.250	0.000	47.64859390
-1.250	-2.250	0.000	46.79582596
-1.150	-2.250	0.000	46.34363937
-1.050	-2.250	0.000	44.70070267
-0.950	-2.250	0.000	43.17826080
-0.850	-2.250	0.000	41.43858337
-0.750	-2.250	0.000	40.38307953
-0.650	-2.250	0.000	39.29548645
-0.550	-2.250	0.000	38.67461395
-0.450	-2.250	0.000	39.18501663
-0.350	-2.250	0.000	40.73177338
-0.250	-2.250	0.000	42.83688354
-0.150	-2.250	0.000	45.40558624
-0.050	-2.250	0.000	45.69588470
0.050	-2.250	0.000	46.63737488
0.150	-2.250	0.000	47.89628983
0.250	-2.250	0.000	47.31900024
0.350	-2.250	0.000	42.57135391
0.450	-2.250	0.000	35.28153992
0.550	-2.250	0.000	30.87244606
0.650	-2.250	0.000	29.43537140
0.750	-2.250	0.000	29.26203156
0.850	-2.250	0.000	29.87847900
0.950	-2.250	0.000	30.47065735
1.050	-2.250	0.000	31.82117462
1.150	-2.250	0.000	32.92544556
1.250	-2.250	0.000	34.09600067
1.350	-2.250	0.000	35.48048401
1.450	-2.250	0.000	36.69588470
1.550	-2.250	0.000	38.28069305
1.650	-2.250	0.000	40.01205444
1.750	-2.250	0.000	42.38157654
1.850	-2.250	0.000	44.65256500
1.950	-2.250	0.000	47.38692093
2.050	-2.250	0.000	49.86723328
2.150	-2.250	0.000	52.44617844
2.250	-2.250	0.000	55.09970093
2.350	-2.250	0.000	57.22316742
2.450	-2.250	0.000	61.51606750
-2.450	-2.150	0.000	55.04986572
-2.350	-2.150	0.000	52.27188873
-2.250	-2.150	0.000	53.11551285
-2.150	-2.150	0.000	50.55676270
-2.050	-2.150	0.000	51.62338257
-1.950	-2.150	0.000	49.99655151
-1.850	-2.150	0.000	50.15267181
-1.750	-2.150	0.000	48.08471680
-1.650	-2.150	0.000	50.05997086
-1.550	-2.150	0.000	48.29541016
-1.450	-2.150	0.000	49.15892029
-1.350	-2.150	0.000	49.17158508
-1.250	-2.150	0.000	48.02639771
-1.150	-2.150	0.000	47.17959213
-1.050	-2.150	0.000	45.18509293
-0.950	-2.150	0.000	43.26313019
-0.850	-2.150	0.000	41.16240311
-0.750	-2.150	0.000	39.66099930
-0.650	-2.150	0.000	38.46668243
-0.550	-2.150	0.000	37.82451630
-0.450	-2.150	0.000	38.26633453
-0.350	-2.150	0.000	39.66717529
-0.250	-2.150	0.000	41.47050095
-0.150	-2.150	0.000	43.22869110
-0.050	-2.150	0.000	42.51362610
0.050	-2.150	0.000	42.59819031
0.150	-2.150	0.000	43.58190918
0.250	-2.150	0.000	43.03777313
0.350	-2.150	0.000	39.10700989
0.450	-2.150	0.000	32.58720779
0.550	-2.150	0.000	28.60555267
0.650	-2.150	0.000	27.29455185
0.750	-2.150	0.000	27.14301300
0.850	-2.150	0.000	27.81267548
0.950	-2.150	0.000	28.50204086
1.050	-2.150	0.000	30.02177620
1.150	-2.150	0.000	31.26333618
1.250	-2.150	0.000	32.63402939
1.350	-2.150	0.000	34.21178818
1.450	-2.150	0.000	35.67369080
1.550	-2.150	0.000	37.54344940
1.650	-2.150	0.000	39.42193604
1.750	-2.150	0.000	41.97901917
1.850	-2.150	0.000	44.55031586
1.950	-2.150	0.000	47.57026291
2.050	-2.150	0.000	50.54445267
2.150	-2.150	0.000	53.47153854
2.250	-2.150	0.000	56.75253296
2.350	-2.150	0.000	58.82794952
2.450	-2.150	0.000	63.46658325
-2.450	-2.050	0.000	57.16981506
-2.350	-2.050	0.000	54.37336731
-2.250	-2.050	0.000	55.16919327
-2.150	-2.050	0.000	52.72882080
-2.050	-2.050	0.000	53.94361115
-1.950	-2.050	0.000	52.43598557
-1.850	-2.050	0.000	52.72939301
-1.750	-2.050	0.000	50.83084106
-1.650	-2.050	0.000	52.87663269
-1.550	-2.050	0.000	51.37987518
-1.450	-2.050	0.000	52.33135986
-1.350	-2.050	0.000	52.66289520
-1.250	-2.050	0.000	51.65453339
-1.150	-2.050	0.000	51.16836548
-1.050	-2.050	0.000	49.45885468
-0.950	-2.050	0.000	47.56331635
-0.850	-2.050	0.000	45.30495834
-0.750	-2.050	0.000	43.18584824
-0.650	-2.050	0.000	41.33951187
-0.550	-2.050	0.000	39.99519348
-0.450	-2.050	0.000	39.73032379
-0.350	-2.050	0.000	40.38549805
-0.250	-2.050	0.000	41.71425629
-0.150	-2.050	0.000	43.26277161
-0.050	-2.050	0.000	42.47269058
0.050	-2.050	0.000	42.66719055
0.150	-2.050	0.000	43.45829010
0.250	-2.050	0.000	43.10295105
0.350	-2.050	0.000	39.19897461
0.450	-2.050	0.000	32.82621765
0.550	-2.050	0.000	29.11123085
0.650	-2.050	0.000	27.92261314
0.750	-2.050	0.000	28.10709572
0.850	-2.050	0.000	28.83998871
0.950	-2.050	0.000	29.70012474
1.050	-2.050	0.000	31.16068649
1.150	-2.050	0.000	32.40039825
1.250	-2.050	0.000	33.73662567
1.350	-2.050	0.000	35.31029510
1.450	-2.050	0.000	36.78939819
1.550	-2.050	0.000	38.84384537
1.650	-2.050	0.000	41.01892471
1.750	-2.050	0.000	43.82901001
1.850	-2.050	0.000	46.65310669
1.950	-2.050	0.000	49.66899490
2.050	-2.050	0.000	52.58034515
2.150	-2.050	0.000	55.09078979
2.250	-2.050	0.000	58.11183167
2.350	-2.050	0.000	59.75198746
2.450	-2.050	0.000	63.86180115
-2.450	-1.950	0.000	58.56021118
-2.350	-1.950	0.000	55.62703705
-2.250	-1.950	0.000	56.33129883
-2.150	-1.950	0.000	53.72768402
-2.050	-1.950	0.000	54.95556259
-1.950	-1.950	0.000	53.40131760
-1.850	-1.950	0.000	53.59365845
-1.750	-1.950	0.000	51.85550308
-1.650	-1.950	0.000	53.87820435
-1.550	-1.950	0.000	52.58201599
-1.450	-1.950	0.000	53.55568695
-1.350	-1.950	0.000	54.20745087
-1.250	-1.950	0.000	53.40615082
-1.150	-1.950	0.000	53.34240723
-1.050	-1.950	0.000	51.90182495
-0.950	-1.950	0.000	50.37778091
-0.850	-1.950	0.000	48.05493546
-0.750	-1.950	0.000	45.72803879
-0.650	-1.950	0.000	43.33137894
-0.550	-1.950	0.000	41.08578491
-0.450	-1.950	0.000	39.90763855
-0.350	-1.950	0.000	40.00800323
-0.250	-1.950	0.000	41.02653503
-0.150	-1.950	0.000	42.12165070
-0.050	-1.950	0.000	40.81415939
0.050	-1.950	0.000	40.57321548
0.150	-1.950	0.000	41.13667679
0.250	-1.950	0.000	40.58491516
0.350	-1.950	0.000	36.72583008
0.450	-1.950	0.000	30.72752762
0.550	-1.950	0.000	27.28725815
0.650	-1.950	0.000	26.32288361
0.750	-1.950	0.000	26.51007843
0.850	-1.950	0.000	27.42375565
0.950	-1.950	0.000	28.50876427
1.050	-1.950	0.000	30.14117432
1.150	-1.950	0.000	31.58253098
1.250	-1.950	0.000	33.10638428
1.350	-1.950	0.000	34.94994354
1.450	-1.950	0.000	36.77906036
1.550	-1.950	0.000	39.15673065
1.650	-1.950	0.000	41.52740479
1.750	-1.950	0.000	44.43890381
1.850	-1.950	0.000	47.43356323
1.950	-1.950	0.000	50.25704193
2.050	-1.950	0.000	52.90617371
2.150	-1.950	0.000	55.04289246
2.250	-1.950	0.000	57.88806534
2.350	-1.950	0.000	59.31977844
2.450	-1.950	0.000	63.18080902
-2.450	-1.850	0.000	59.56311798
-2.350	-1.850	0.000	56.38394547
-2.250	-1.850	0.000	56.95807266
-2.150	-1.850	0.000	53.97895813
-2.050	-1.850	0.000	55.17852020
-1.950	-1.850	0.000	53.51020050
-1.850	-1.850	0.000	53.64560699
-1.750	-1.850	0.000	51.89385605
-1.650	-1.850	0.000	53.92879486
-1.550	-1.850	0.000	52.71382141
-1.450	-1.850	0.000	53.64304352
-1.350	-1.850	0.000	54.46412659
-1.250	-1.850	0.000	53.82398987
-1.150	-1.850	0.000	54.10855865
-1.050	-1.850	0.000	53.32148361
-0.950	-1.850	0.000	52.31781006
-0.850	-1.850	0.000	51.24044418
-0.750	-1.850	0.000	49.92392349
-0.650	-1.850	0.000	48.22126770
-0.550	-1.850	0.000	46.63905334
-0.450	-1.850	0.000	45.43336487
-0.350	-1.850	0.000	44.57579041
-0.250	-1.850	0.000	44.07768250
-0.150	-1.850	0.000	43.90525818
-0.050	-1.850	0.000	41.47244263
0.050	-1.850	0.000	40.98453522
0.150	-1.850	0.000	41.13555527
0.250	-1.850	0.000	40.73329163
0.350	-1.850	0.000	36.87577820
0.450	-1.850	0.000	31.04367447
0.550	-1.850	0.000	27.86809921
0.650	-1.850	0.000	27.01056290
0.750	-1.850	0.000	27.37191010
0.850	-1.850	0.000	28.32544708
0.950	-1.850	0.000	29.53180313
1.050	-1.850	0.000	31.26881599
1.150	-1.850	0.000	33.02665710
1.250	-1.850	0.000	34.82860184
1.350	-1.850	0.000	36.84743881
1.450	-1.850	0.000	38.61258316
1.550	-1.850	0.000	40.89546967
1.650	-1.850	0.000	43.01955414
1.750	-1.850	0.000	45.55648041
1.850	-1.850	0.000	48.32223129
1.950	-1.850	0.000	50.95190048
2.050	-1.850	0.000	53.52265167
2.150	-1.850	0.000	55.49555588
2.250	-1.850	0.000	58.07049179
2.350	-1.850	0.000	59.13869476
2.450	-1.850	0.000	62.27706909
-2.450	-1.750	0.000	59.57543182
-2.350	-1.750	0.000	56.39333725
-2.250	-1.750	0.000	56.91470718
-2.150	-1.750	0.000	53.58186340
-2.050	-1.750	0.000	54.78118134
-1.950	-1.750	0.000	53.01290512
-1.850	-1.750	0.000	53.03982544
-1.750	-1.750	0.000	51.21559143
-1.650	-1.750	0.000	53.21701050
-1.550	-1.750	0.000	52.04723740
-1.450	-1.750	0.000	52.88906860
-1.350	-1.750	0.000	53.78931046
-1.250	-1.750	0.000	53.23085022
-1.150	-1.750	0.000	53.65486145
-1.050	-1.750	0.000	53.07706070
-0.950	-1.750	0.000	52.43095398
-0.850	-1.750	0.000	51.75189209
-0.750	-1.750	0.000	51.43639374
-0.650	-1.750	0.000	50.85669327
-0.550	-1.750	0.000	50.39664459
-0.450	-1.750	0.000	50.27642822
-0.350	-1.750	0.000	49.85504913
-0.250	-1.750	0.000	48.63790894
-0.150	-1.750	0.000	46.81857300
-0.050	-1.750	0.000	42.97966766
0.050	-1.750	0.000	42.14759827
0.150	-1.750	0.000	41.65921402
0.250	-1.750	0.000	40.86712646
0.350	-1.750	0.000	36.50302505
0.450	-1.750	0.000	30.73560333
0.550	-1.750	0.000	27.69677353
0.650	-1.750	0.000	26.95010185
0.750	-1.750	0.000	27.42871666
0.850	-1.750	0.000	28.54216576
0.950	-1.750	0.000	29.87065887
1.050	-1.750	0.000	31.68888092
1.150	-1.750	0.000	33.47430801
1.250	-1.750	0.000	35.31917953
1.350	-1.750	0.000	37.42797852
1.450	-1.750	0.000	39.30754852
1.550	-1.750	0.000	41.44332123
1.650	-1.750	0.000	43.38342667
1.750	-1.750	0.000	45.57996368
1.850	-1.750	0.000	47.99768829
1.950	-1.750	0.000	50.17929077
2.050	-1.750	0.000	52.39171600
2.150	-1.750	0.000	53.98860931
2.250	-1.750	0.000	56.14580536
2.350	-1.750	0.000	56.83496094
2.450	-1.750	0.000	59.59096527
-2.450	-1.650	0.000	59.44286346
-2.350	-1.650	0.000	56.21658325
-2.250	-1.650	0.000	56.67440796
-2.150	-1.650	0.000	53.09160233
-2.050	-1.650	0.000	54.29742813
-1.950	-1.650	0.000	52.37406540
-1.850	-1.650	0.000	52.51609802
-1.750	-1.650	0.000	50.45724487
-1.650	-1.650	0.000	52.56683350
-1.550	-1.650	0.000	51.54293060
-1.450	-1.650	0.000	52.35343170
-1.350	-1.650	0.000	53.38247299
-1.250	-1.650	0.000	52.91722488
-1.150	-1.650	0.000	53.37797546
-1.050	-1.650	0.000	52.86463165
-0.950	-1.650	0.000	52.36114120
-0.850	-1.650	0.000	51.81689453
-0.750	-1.650	0.000	51.55472565
-0.650	-1.650	0.000	51.51561737
-0.550	-1.650	0.000	52.12422180
-0.450	-1.650	0.000	53.61286163
-0.350	-1.650	0.000	55.88297272
-0.250	-1.650	0.000	57.23812103
-0.150	-1.650	0.000	55.76264191
-0.050	-1.650	0.000	49.36382294
0.050	-1.650	0.000	44.72113800
0.150	-1.650	0.000	42.87785721
0.250	-1.650	0.000	41.59982300
0.350	-1.650	0.000	36.41081238
0.450	-1.650	0.000	30.66646767
0.550	-1.650	0.000	27.95336533
0.650	-1.650	0.000	27.54170990
0.750	-1.650	0.000	28.37402725
0.850	-1.650	0.000	29.89499855
0.950	-1.650	0.000	31.54352570
1.050	-1.650	0.000	33.53198242
1.150	-1.650	0.000	35.34486389
1.250	-1.650	0.000	36.94498444
1.350	-1.650	0.000	38.66570282
1.450	-1.650	0.000	40.14492035
1.550	-1.650	0.000	42.04005814
1.650	-1.650	0.000	43.82000732
1.750	-1.650	0.000	45.63847733
1.850	-1.650	0.000	47.63921356
1.950	-1.650	0.000	49.36831665
2.050	-1.650	0.000	51.10155487
2.150	-1.650	0.000	52.30509949
2.250	-1.650	0.000	54.25208282
2.350	-1.650	0.000	54.97586823
2.450	-1.650	0.000	57.46537399
-2.450	-1.550	0.000	58.61708832
-2.350	-1.550	0.000	55.37265015
-2.250	-1.550	0.000	55.76991653
-2.150	-1.550	0.000	52.16645050
-2.050	-1.550	0.000	53.29970551
-1.950	-1.550	0.000	51.17868042
-1.850	-1.550	0.000	51.54112244
-1.750	-1.550	0.000	49.09200668
-1.650	-1.550	0.000	51.28922272
-1.550	-1.550	0.000	50.46658707
-1.450	-1.550	0.000	51.18393707
-1.350	-1.550	0.000	52.32073212
-1.250	-1.550	0.000	51.85817719
-1.150	-1.550	0.000	52.37167358
-1.050	-1.550	0.000	51.93255615
-0.950	-1.550	0.000	51.52363586
-0.850	-1.550	0.000	51.05582428
-0.750	-1.550	0.000	50.91405487
-0.650	-1.550	0.000	50.96212387
-0.550	-1.550	0.000	51.57654572
-0.450	-1.550	0.000	53.58997345
-0.350	-1.550	0.000	56.63501358
-0.250	-1.550	0.000	61.08219910
-0.150	-1.550	0.000	64.71788025
-0.050	-1.550	0.000	62.10202026
0.050	-1.550	0.000	55.98309326
0.150	-1.550	0.000	50.23822021
0.250	-1.550	0.000	45.06693268
0.350	-1.550	0.000	38.12020111
0.450	-1.550	0.000	31.96852112
0.550	-1.550	0.000	29.31983948
0.650	-1.550	0.000	28.87993050
0.750	-1.550	0.000	29.59672928
0.850	-1.550	0.000	30.87915993
0.950	-1.550	0.000	32.13817215
1.050	-1.550	0.000	33.90101624
1.150	-1.550	0.000	35.47310638
1.250	-1.550	0.000	36.93998337
1.350	-1.550	0.000	38.57058716
1.450	-1.550	0.000	39.76643753
1.550	-1.550	0.000	41.20502472
1.650	-1.550	0.000	42.57422256
1.750	-1.550	0.000	44.08567810
1.850	-1.550	0.000	45.95414352
1.950	-1.550	0.000	47.63101196
2.050	-1.550	0.000	49.40251923
2.150	-1.550	0.000	50.62385559
2.250	-1.550	0.000	52.48439789
2.350	-1.550	0.000	53.10594940
2.450	-1.550	0.000	55.46284485
-2.450	-1.450	0.000	57.99604034
-2.350	-1.450	0.000	54.79039764
-2.250	-1.450	0.000	55.24244690
-2.150	-1.450	0.000	51.78573608
-2.050	-1.450	0.000	52.67468643
-1.950	-1.450	0.000	50.51357269
-1.850	-1.450	0.000	51.03302002
-1.750	-1.450	0.000	48.11938858
-1.650	-1.450	0.000	50.42375565
-1.550	-1.450	0.000	49.86933517
-1.450	-1.450	0.000	50.51809692
-1.350	-1.450	0.000	51.80802155
-1.250	-1.450	0.000	51.37747574
-1.150	-1.450	0.000	51.90762329
-1.050	-1.450	0.000	51.53166962
-0.950	-1.450	0.000	51.17937851
-0.850	-1.450	0.000	50.71138763
-0.750	-1.450	0.000	50.50230408
-0.650	-1.450	0.000	50.53625488
-0.550	-1.450	0.000	51.08975220
-0.450	-1.450	0.000	52.85707855
-0.350	-1.450	0.000	55.98188400
-0.250	-1.450	0.000	60.81522369
-0.150	-1.450	0.000	66.76181030
-0.050	-1.450	0.000	70.74706268
0.050	-1.450	0.000	70.74139404
0.150	-1.450	0.000	65.41947937
0.250	-1.450	0.000	53.99176788
0.350	-1.450	0.000	41.08867645
0.450	-1.450	0.000	33.37350464
0.550	-1.450	0.000	30.67387772
0.650	-1.450	0.000	30.30458832
0.750	-1.450	0.000	31.01859665
0.850	-1.450	0.000	32.27820206
0.950	-1.450	0.000	33.27602005
1.050	-1.450	0.000	34.69699097
1.150	-1.450	0.000	36.07865143
1.250	-1.450	0.000	37.25929260
1.350	-1.450	0.000	38.55302811
1.450	-1.450	0.000	39.61903381
1.550	-1.450	0.000	40.96714020
1.650	-1.450	0.000	42.41274261
1.750	-1.450	0.000	43.98501968
1.850	-1.450	0.000	45.90013123
1.950	-1.450	0.000	47.57448578
2.050	-1.450	0.000	49.11333847
2.150	-1.450	0.000	50.00538635
2.250	-1.450	0.000	51.45001984
2.350	-1.450	0.000	51.96048737
2.450	-1.450	0.000	54.26627350
-2.450	-1.350	0.000	57.41490173
-2.350	-1.350	0.000	54.38893890
-2.250	-1.350	0.000	54.95461273
-2.150	-1.350	0.000	51.73252106
-2.050	-1.350	0.000	52.17938995
-1.950	-1.350	0.000	50.08027649
-1.850	-1.350	0.000	50.58383560
-1.750	-1.350	0.000	47.27590179
-1.650	-1.350	0.000	49.51300430
-1.550	-1.350	0.000	49.22204971
-1.450	-1.350	0.000	49.67077637
-1.350	-1.350	0.000	51.05630875
-1.250	-1.350	0.000	50.57904053
-1.150	-1.350	0.000	51.01511383
-1.050	-1.350	0.000	50.62176132
-0.950	-1.350	0.000	50.33054733
-0.850	-1.350	0.000	49.94517517
-0.750	-1.350	0.000	49.69918060
-0.650	-1.350	0.000	49.83376312
-0.550	-1.350	0.000	50.68915558
-0.450	-1.350	0.000	52.52947617
-0.350	-1.350	0.000	55.42404175
-0.250	-1.350	0.000	60.25141144
-0.150	-1.350	0.000	66.52978516
-0.050	-1.350	0.000	72.23966980
0.050	-1.350	0.000	78.62523651
0.150	-1.350	0.000	82.14520264
0.250	-1.350	0.000	74.41470337
0.350	-1.350	0.000	52.50898743
0.450	-1.350	0.000	36.95518494
0.550	-1.350	0.000	32.61930847
0.650	-1.350	0.000	31.71952820
0.750	-1.350	0.000	32.15390015
0.850	-1.350	0.000	33.04769897
0.950	-1.350	0.000	34.08873749
1.050	-1.350	0.000	35.39517593
1.150	-1.350	0.000	36.44098663
1.250	-1.350	0.000	37.31013489
1.350	-1.350	0.000	38.59688950
1.450	-1.350	0.000	39.56117249
1.550	-1.350	0.000	40.78840637
1.650	-1.350	0.000	42.00744629
1.750	-1.350	0.000	43.22817230
1.850	-1.350	0.000	44.62744141
1.950	-1.350	0.000	45.93586731
2.050	-1.350	0.000	47.28924179
2.150	-1.350	0.000	48.33702087
2.250	-1.350	0.000	49.95942688
2.350	-1.350	0.000	50.67181778
2.450	-1.350	0.000	52.96809006
-2.450	-1.250	0.000	57.16495514
-2.350	-1.250	0.000	54.19716644
-2.250	-1.250	0.000	54.94513702
-2.150	-1.250	0.000	51.84034729
-2.050	-1.250	0.000	51.94561768
-1.950	-1.250	0.000	49.89008331
-1.850	-1.250	0.000	50.42916107
-1.750	-1.250	0.000	46.77995682
-1.650	-1.250	0.000	48.83149719
-1.550	-1.250	0.000	48.76221466
-1.450	-1.250	0.000	48.99301910
-1.350	-1.250	0.000	50.41232300
-1.250	-1.250	0.000	49.83354187
-1.150	-1.250	0.000	50.21885300
-1.050	-1.250	0.000	49.78553009
-0.950	-1.250	0.000	49.43751907
-0.850	-1.250	0.000	49.01130676
-0.750	-1.250	0.000	48.70468903
-0.650	-1.250	0.000	48.89355469
-0.550	-1.250	0.000	49.91878510
-0.450	-1.250	0.000	52.20128632
-0.350	-1.250	0.000	55.42316437
-0.250	-1.250	0.000	59.79747009
-0.150	-1.250	0.000	65.48738861
-0.050	-1.250	0.000	71.41436768
0.050	-1.250	0.000	77.83421326
0.150	-1.250	0.000	85.85915375
0.250	-1.250	0.000	85.94117737
0.350	-1.250	0.000	70.54331970
0.450	-1.250	0.000	44.92244339
0.550	-1.250	0.000	35.22359467
0.650	-1.250	0.000	33.15950012
0.750	-1.250	0.000	33.10978699
0.850	-1.250	0.000	33.51230621
0.950	-1.250	0.000	34.36351776
1.050	-1.250	0.000	35.48407745
1.150	-1.250	0.000	36.77811432
1.250	-1.250	0.000	37.80353546
1.350	-1.250	0.000	39.05612564
1.450	-1.250	0.000	39.89512634
1.550	-1.250	0.000	40.98092651
1.650	-1.250	0.000	42.12661743
1.750	-1.250	0.000	43.27109528
1.850	-1.250	0.000	44.74853516
1.950	-1.250	0.000	46.15104294
2.050	-1.250	0.000	47.52745819
2.150	-1.250	0.000	48.60159683
2.250	-1.250	0.000	49.96208954
2.350	-1.250	0.000	50.52375793
2.450	-1.250	0.000	52.35059357
-2.450	-1.150	0.000	56.99028015
-2.350	-1.150	0.000	54.15393448
-2.250	-1.150	0.000	54.90398026
-2.150	-1.150	0.000	52.04005432
-2.050	-1.150	0.000	51.81346130
-1.950	-1.150	0.000	49.62371445
-1.850	-1.150	0.000	50.27711868
-1.750	-1.150	0.000	46.27588654
-1.650	-1.150	0.000	47.99667358
-1.550	-1.150	0.000	48.10955048
-1.450	-1.150	0.000	48.04280090
-1.350	-1.150	0.000	49.48632812
-1.250	-1.150	0.000	48.80514526
-1.150	-1.150	0.000	49.22047424
-1.050	-1.150	0.000	48.84761429
-0.950	-1.150	0.000	48.46831512
-0.850	-1.150	0.000	48.02109528
-0.750	-1.150	0.000	47.74615479
-0.650	-1.150	0.000	48.02831268
-0.550	-1.150	0.000	49.06066132
-0.450	-1.150	0.000	51.72723770
-0.350	-1.150	0.000	55.39601135
-0.250	-1.150	0.000	60.23205566
-0.150	-1.150	0.000	65.43288422
-0.050	-1.150	0.000	71.29135132
0.050	-1.150	0.000	76.15844727
0.150	-1.150	0.000	83.65580750
0.250	-1.150	0.000	86.86903381
0.350	-1.150	0.000	81.81795502
0.450	-1.150	0.000	59.11112976
0.550	-1.150	0.000	41.10110855
0.650	-1.150	0.000	35.90736389
0.750	-1.150	0.000	34.93019485
0.850	-1.150	0.000	35.09118652
0.950	-1.150	0.000	35.49673080
1.050	-1.150	0.000	36.43403625
1.150	-1.150	0.000	37.51995087
1.250	-1.150	0.000	38.36562347
1.350	-1.150	0.000	39.44390106
1.450	-1.150	0.000	39.94369507
1.550	-1.150	0.000	40.75270081
1.650	-1.150	0.000	41.70284271
1.750	-1.150	0.000	42.67928314
1.850	-1.150	0.000	43.85685730
1.950	-1.150	0.000	45.11768723
2.050	-1.150	0.000	46.30574799
2.150	-1.150	0.000	47.32748413
2.250	-1.150	0.000	48.62505341
2.350	-1.150	0.000	49.41752243
2.450	-1.150	0.000	51.34061050
-2.450	-1.050	0.000	57.17364502
-2.350	-1.050	0.000	54.26047134
-2.250	-1.050	0.000	54.96220398
-2.150	-1.050	0.000	52.47018433
-2.050	-1.050	0.000	51.99658966
-1.950	-1.050	0.000	49.63470459
-1.850	-1.050	0.000	50.26253891
-1.750	-1.050	0.000	46.05728149
-1.650	-1.050	0.000	47.38632965
-1.550	-1.050	0.000	47.61246490
-1.450	-1.050	0.000	47.18906784
-1.350	-1.050	0.000	48.57730865
-1.250	-1.050	0.000	47.77296448
-1.150	-1.050	0.000	48.19974518
-1.050	-1.050	0.000	47.83418274
-0.950	-1.050	0.000	47.44781494
-0.850	-1.050	0.000	47.10820007
-0.750	-1.050	0.000	46.99848938
-0.650	-1.050	0.000	47.51173019
-0.550	-1.050	0.000	48.55873108
-0.450	-1.050	0.000	51.28037262
-0.350	-1.050	0.000	55.27182007
-0.250	-1.050	0.000	60.67382050
-0.150	-1.050	0.000	65.90525818
-0.050	-1.050	0.000	71.43353271
0.050	-1.050	0.000	75.44933319
0.150	-1.050	0.000	79.31699371
0.250	-1.050	0.000	83.24222565
0.350	-1.050	0.000	82.50030518
0.450	-1.050	0.000	70.48533630
0.550	-1.050	0.000	51.11983109
0.650	-1.050	0.000	40.48295975
0.750	-1.050	0.000	37.32483292
0.850	-1.050	0.000	36.57896423
0.950	-1.050	0.000	36.50251007
1.050	-1.050	0.000	37.19541931
1.150	-1.050	0.000	38.17662048
1.250	-1.050	0.000	38.75516510
1.350	-1.050	0.000	39.81227112
1.450	-1.050	0.000	40.43759155
1.550	-1.050	0.000	41.37204742
1.650	-1.050	0.000	42.40834808
1.750	-1.050	0.000	43.35147476
1.850	-1.050	0.000	44.58282471
1.950	-1.050	0.000	45.75170898
2.050	-1.050	0.000	46.80455017
2.150	-1.050	0.000	47.88855743
2.250	-1.050	0.000	48.97470093
2.350	-1.050	0.000	49.67134094
2.450	-1.050	0.000	50.85642242
-2.450	-0.950	0.000	57.77117920
-2.350	-0.950	0.000	54.90976334
-2.250	-0.950	0.000	55.53104401
-2.150	-0.950	0.000	53.39560318
-2.050	-0.950	0.000	52.79816437
-1.950	-0.950	0.000	50.13254166
-1.850	-0.950	0.000	50.71096039
-1.750	-0.950	0.000	46.39067078
-1.650	-0.950	0.000	47.17025757
-1.550	-0.950	0.000	47.39858246
-1.450	-0.950	0.000	46.58503342
-1.350	-0.950	0.000	47.91254044
-1.250	-0.950	0.000	47.01432419
-1.150	-0.950	0.000	47.44403839
-1.050	-0.950	0.000	47.01239014
-0.950	-0.950	0.000	46.62426758
-0.850	-0.950	0.000	46.35477448
-0.750	-0.950	0.000	46.49460602
-0.650	-0.950	0.000	47.35661316
-0.550	-0.950	0.000	48.67455292
-0.450	-0.950	0.000	51.39911652
-0.350	-0.950	0.000	55.72567368
-0.250	-0.950	0.000	61.32748413
-0.150	-0.950	0.000	66.38958740
-0.050	-0.950	0.000	71.52174377
0.050	-0.950	0.000	75.08514404
0.150	-0.950	0.000	76.96110535
0.250	-0.950	0.000	78.68031311
0.350	-0.950	0.000	78.86575317
0.450	-0.950	0.000	73.71930695
0.550	-0.950	0.000	61.04294586
0.650	-0.950	0.000	48.64554596
0.750	-0.950	0.000	42.28332520
0.850	-0.950	0.000	39.80687714
0.950	-0.950	0.000	39.02049255
1.050	-0.950	0.000	38.99153137
1.150	-0.950	0.000	39.50043106
1.250	-0.950	0.000	39.64043045
1.350	-0.950	0.000	40.43079758
1.450	-0.950	0.000	40.71624756
1.550	-0.950	0.000	41.32017517
1.650	-0.950	0.000	42.04726410
1.750	-0.950	0.000	42.88320923
1.850	-0.950	0.000	44.21373749
1.950	-0.950	0.000	45.50960922
2.050	-0.950	0.000	46.64364624
2.150	-0.950	0.000	47.69273376
2.250	-0.950	0.000	48.48322296
2.350	-0.950	0.000	48.88737488
2.450	-0.950	0.000	49.88389587
-2.450	-0.850	0.000	59.08032990
-2.350	-0.850	0.000	56.34644318
-2.250	-0.850	0.000	56.94335938
-2.150	-0.850	0.000	54.90361023
-2.050	-0.850	0.000	54.25942230
-1.950	-0.850	0.000	51.30094147
-1.850	-0.850	0.000	51.70160294
-1.750	-0.850	0.000	47.33243942
-1.650	-0.850	0.000	47.61915207
-1.550	-0.850	0.000	47.79846954
-1.450	-0.850	0.000	46.57762146
-1.350	-0.850	0.000	47.79397583
-1.250	-0.850	0.000	46.70828247
-1.150	-0.850	0.000	47.09471893
-1.050	-0.850	0.000	46.59418106
-0.950	-0.850	0.000	46.27861786
-0.850	-0.850	0.000	46.15689850
-0.750	-0.850	0.000	46.44966125
-0.650	-0.850	0.000	47.68109894
-0.550	-0.850	0.000	49.33709717
-0.450	-0.850	0.000	52.25694275
-0.350	-0.850	0.000	56.72562408
-0.250	-0.850	0.000	61.63908386
-0.150	-0.850	0.000	66.32673645
-0.050	-0.850	0.000	70.79578400
0.050	-0.850	0.000	74.09339905
0.150	-0.850	0.000	75.74894714
0.250	-0.850	0.000	75.99562073
0.350	-0.850	0.000	75.43981171
0.450	-0.850	0.000	72.29681396
0.550	-0.850	0.000	64.75671387
0.650	-0.850	0.000	56.28000641
0.750	-0.850	0.000	49.18891907
0.850	-0.850	0.000	44.54895401
0.950	-0.850	0.000	42.52860260
1.050	-0.850	0.000	41.42256927
1.150	-0.850	0.000	41.36466599
1.250	-0.850	0.000	40.97960281
1.350	-0.850	0.000	41.42989349
1.450	-0.850	0.000	41.60680008
1.550	-0.850	0.000	42.20980072
1.650	-0.850	0.000	42.93416595
1.750	-0.850	0.000	43.70973969
1.850	-0.850	0.000	44.71373749
1.950	-0.850	0.000	45.79514694
2.050	-0.850	0.000	46.75436783
2.150	-0.850	0.000	47.89035034
2.250	-0.850	0.000	48.70661926
2.350	-0.850	0.000	49.35762024
2.450	-0.850	0.000	50.11362457
-2.450	-0.750	0.000	60.99428558
-2.350	-0.750	0.000	58.36177826
-2.250	-0.750	0.000	58.87699890
-2.150	-0.750	0.000	56.72492218
-2.050	-0.750	0.000	56.03327942
-1.950	-0.750	0.000	52.85054779
-1.850	-0.750	0.000	52.96709442
-1.750	-0.750	0.000	48.63621140
-1.650	-0.750	0.000	48.33756256
-1.550	-0.750	0.000	48.46501160
-1.450	-0.750	0.000	46.84287262
-1.350	-0.750	0.000	47.96554565
-1.250	-0.750	0.000	46.71882629
-1.150	-0.750	0.000	47.05187988
-1.050	-0.750	0.000	46.57064056
-0.950	-0.750	0.000	46.37117004
-0.850	-0.750	0.000	46.26543427
-0.750	-0.750	0.000	46.71520996
-0.650	-0.750	0.000	48.11532593
-0.550	-0.750	0.000	50.26803970
-0.450	-0.750	0.000	53.40973663
-0.350	-0.750	0.000	57.70473480
-0.250	-0.750	0.000	61.30743027
-0.150	-0.750	0.000	65.55776978
-0.050	-0.750	0.000	69.24374390
0.050	-0.750	0.000	72.30819702
0.150	-0.750	0.000	73.94272614
0.250	-0.750	0.000	74.40509033
0.350	-0.750	0.000	73.52606964
0.450	-0.750	0.000	69.80679321
0.550	-0.750	0.000	64.92564392
0.650	-0.750	0.000	59.62888336
0.750	-0.750	0.000	55.10753632
0.850	-0.750	0.000	50.66791153
0.950	-0.750	0.000	47.47953033
1.050	-0.750	0.000	45.19065094
1.150	-0.750	0.000	44.24349976
1.250	-0.750	0.000	43.30310822
1.350	-0.750	0.000	43.62735748
1.450	-0.750	0.000	43.47847366
1.550	-0.750	0.000	43.75147247
1.650	-0.750	0.000	44.15164948
1.750	-0.750	0.000	44.60574341
1.850	-0.750	0.000	45.65281677
1.950	-0.750	0.000	46.59586334
2.050	-0.750	0.000	47.40895081
2.150	-0.750	0.000	48.47614288
2.250	-0.750	0.000	48.93427277
2.350	-0.750	0.000	49.59386826
2.450	-0.750	0.000	49.71080780
-2.450	-0.650	0.000	63.21995544
-2.350	-0.650	0.000	60.63285828
-2.250	-0.650	0.000	61.13037491
-2.150	-0.650	0.000	58.92656708
-2.050	-0.650	0.000	58.13364410
-1.950	-0.650	0.000	54.87771988
-1.850	-0.650	0.000	54.70108795
-1.750	-0.650	0.000	50.47263336
-1.650	-0.650	0.000	49.63978195
-1.550	-0.650	0.000	49.69762421
-1.450	-0.650	0.000	47.64081573
-1.350	-0.650	0.000	48.58584595
-1.250	-0.650	0.000	47.12039185
-1.150	-0.650	0.000	47.33911133
-1.050	-0.650	0.000	46.82013321
-0.950	-0.650	0.000	46.68499756
-0.850	-0.650	0.000	46.66847610
-0.750	-0.650	0.000	47.41132355
-0.650	-0.650	0.000	48.86973953
-0.550	-0.650	0.000	51.03370667
-0.450	-0.650	0.000	54.51723480
-0.350	-0.650	0.000	58.50242233
-0.250	-0.650	0.000	60.71338654
-0.150	-0.650	0.000	63.56311035
-0.050	-0.650	0.000	65.83375549
0.050	-0.650	0.000	68.73486328
0.150	-0.650	0.000	70.72548676
0.250	-0.650	0.000	71.93283844
0.350	-0.650	0.000	71.39225769
0.450	-0.650	0.000	67.86283875
0.550	-0.650	0.000	63.38711548
0.650	-0.650	0.000	59.96599960
0.750	-0.650	0.000	57.00069046
0.850	-0.650	0.000	54.50658417
0.950	-0.650	0.000	52.33981705
1.050	-0.650	0.000	49.53147125
1.150	-0.650	0.000	47.73583984
1.250	-0.650	0.000	46.04270554
1.350	-0.650	0.000	45.56773758
1.450	-0.650	0.000	45.19337463
1.550	-0.650	0.000	45.05409241
1.650	-0.650	0.000	45.12615204
1.750	-0.650	0.000	45.38514709
1.850	-0.650	0.000	46.26857376
1.950	-0.650	0.000	47.17550659
2.050	-0.650	0.000	48.02834320
2.150	-0.650	0.000	48.97758484
2.250	-0.650	0.000	49.15837860
2.350	-0.650	0.000	50.03872681
2.450	-0.650	0.000	49.94191742
-2.450	-0.550	0.000	65.08631897
-2.350	-0.550	0.000	62.50369263
-2.250	-0.550	0.000	62.89726257
-2.150	-0.550	0.000	60.66676712
-2.050	-0.550	0.000	59.69403076
-1.950	-0.550	0.000	56.54080200
-1.850	-0.550	0.000	56.31488800
-1.750	-0.550	0.000	52.47919464
-1.650	-0.550	0.000	51.13864899
-1.550	-0.550	0.000	51.25792694
-1.450	-0.550	0.000	48.75656891
-1.350	-0.550	0.000	49.55216980
-1.250	-0.550	0.000	47.87861252
-1.150	-0.550	0.000	47.89235306
-1.050	-0.550	0.000	47.24128723
-0.950	-0.550	0.000	47.03796387
-0.850	-0.550	0.000	46.94976044
-0.750	-0.550	0.000	47.57616425
-0.650	-0.550	0.000	49.10787201
-0.550	-0.550	0.000	51.26911163
-0.450	-0.550	0.000	54.33885193
-0.350	-0.550	0.000	57.86633301
-0.250	-0.550	0.000	59.30802917
-0.150	-0.550	0.000	60.88797760
-0.050	-0.550	0.000	61.78999329
0.050	-0.550	0.000	64.12918091
0.150	-0.550	0.000	66.41708374
0.250	-0.550	0.000	68.31210327
0.350	-0.550	0.000	68.47888184
0.450	-0.550	0.000	65.91067505
0.550	-0.550	0.000	62.01992035
0.650	-0.550	0.000	59.01091003
0.750	-0.550	0.000	56.96133041
0.850	-0.550	0.000	55.36521912
0.950	-0.550	0.000	54.69355774
1.050	-0.550	0.000	52.86582184
1.150	-0.550	0.000	51.48254776
1.250	-0.550	0.000	49.63217926
1.350	-0.550	0.000	48.42594147
1.450	-0.550	0.000	47.69665909
1.550	-0.550	0.000	47.18340302
1.650	-0.550	0.000	46.78680038
1.750	-0.550	0.000	46.95640564
1.850	-0.550	0.000	47.90129089
1.950	-0.550	0.000	48.96825409
2.050	-0.550	0.000	49.97903442
2.150	-0.550	0.000	51.01549530
2.250	-0.550	0.000	51.11642456
2.350	-0.550	0.000	51.81901169
2.450	-0.550	0.000	51.27559662
-2.450	-0.450	0.000	66.31625366
-2.350	-0.450	0.000	64.17445374
-2.250	-0.450	0.000	64.32987213
-2.150	-0.450	0.000	62.21402740
-2.050	-0.450	0.000	61.09320831
-1.950	-0.450	0.000	57.87879944
-1.850	-0.450	0.000	57.25503540
-1.750	-0.450	0.000	54.11291504
-1.650	-0.450	0.000	52.11823273
-1.550	-0.450	0.000	52.49606323
-1.450	-0.450	0.000	49.77286530
-1.350	-0.450	0.000	50.45368195
-1.250	-0.450	0.000	48.70372009
-1.150	-0.450	0.000	48.65775299
-1.050	-0.450	0.000	48.01822662
-0.950	-0.450	0.000	47.73110580
-0.850	-0.450	0.000	47.54170227
-0.750	-0.450	0.000	47.95028687
-0.650	-0.450	0.000	49.27316284
-0.550	-0.450	0.000	51.27770233
-0.450	-0.450	0.000	53.63548279
-0.350	-0.450	0.000	56.15479279
-0.250	-0.450	0.000	56.81446838
-0.150	-0.450	0.000	57.90080261
-0.050	-0.450	0.000	58.31121826
0.050	-0.450	0.000	60.22114563
0.150	-0.450	0.000	62.20266724
0.250	-0.450	0.000	64.32218933
0.350	-0.450	0.000	65.20751190
0.450	-0.450	0.000	63.74720764
0.550	-0.450	0.000	60.62449646
0.650	-0.450	0.000	57.72303009
0.750	-0.450	0.000	56.00665283
0.850	-0.450	0.000	55.13316345
0.950	-0.450	0.000	55.17141724
1.050	-0.450	0.000	54.07232285
1.150	-0.450	0.000	53.49378204
1.250	-0.450	0.000	52.24130249
1.350	-0.450	0.000	50.90349960
1.450	-0.450	0.000	49.88515472
1.550	-0.450	0.000	49.01486588
1.650	-0.450	0.000	48.43766785
1.750	-0.450	0.000	48.20819473
1.850	-0.450	0.000	48.57135010
1.950	-0.450	0.000	49.44428253
2.050	-0.450	0.000	50.42613983
2.150	-0.450	0.000	51.52242279
2.250	-0.450	0.000	51.77735519
2.350	-0.450	0.000	52.81555939
2.450	-0.450	0.000	52.39299774
-2.450	-0.350	0.000	66.74180603
-2.350	-0.350	0.000	64.90257263
-2.250	-0.350	0.000	64.55339050
-2.150	-0.350	0.000	62.96936035
-2.050	-0.350	0.000	61.69872284
-1.950	-0.350	0.000	58.86938477
-1.850	-0.350	0.000	57.93770981
-1.750	-0.350	0.000	55.72625732
-1.650	-0.350	0.000	53.25540924
-1.550	-0.350	0.000	53.69618225
-1.450	-0.350	0.000	50.67354202
-1.350	-0.350	0.000	51.19570923
-1.250	-0.350	0.000	49.41197968
-1.150	-0.350	0.000	49.32190704
-1.050	-0.350	0.000	48.71400452
-0.950	-0.350	0.000	48.35315704
-0.850	-0.350	0.000	48.24457550
-0.750	-0.350	0.000	48.70602417
-0.650	-0.350	0.000	49.82570648
-0.550	-0.350	0.000	51.44831467
-0.450	-0.350	0.000	53.22133636
-0.350	-0.350	0.000	54.66114044
-0.250	-0.350	0.000	54.37232971
-0.150	-0.350	0.000	54.87338638
-0.050	-0.350	0.000	55.12560272
0.050	-0.350	0.000	56.99306870
0.150	-0.350	0.000	58.71286011
0.250	-0.350	0.000	60.86254883
0.350	-0.350	0.000	62.12443542
0.450	-0.350	0.000	61.52857590
0.550	-0.350	0.000	59.20048141
0.650	-0.350	0.000	56.79757690
0.750	-0.350	0.000	55.06423569
0.850	-0.350	0.000	54.19972229
0.950	-0.350	0.000	54.79677963
1.050	-0.350	0.000	54.72934723
1.150	-0.350	0.000	54.38310623
1.250	-0.350	0.000	53.32038879
1.350	-0.350	0.000	52.52637482
1.450	-0.350	0.000	51.64969635
1.550	-0.350	0.000	50.50399780
1.650	-0.350	0.000	49.45708084
1.750	-0.350	0.000	48.93669510
1.850	-0.350	0.000	49.21850204
1.950	-0.350	0.000	50.23166656
2.050	-0.350	0.000	51.13509369
2.150	-0.350	0.000	52.53627777
2.250	-0.350	0.000	53.09687042
2.350	-0.350	0.000	54.34911728
2.450	-0.350	0.000	54.24420166
-2.450	-0.250	0.000	66.60272217
-2.350	-0.250	0.000	64.98066711
-2.250	-0.250	0.000	64.27074432
-2.150	-0.250	0.000	62.84488678
-2.050	-0.250	0.000	61.27400208
-1.950	-0.250	0.000	58.96348572
-1.850	-0.250	0.000	57.49014282
-1.750	-0.250	0.000	56.08269501
-1.650	-0.250	0.000	53.48117447
-1.550	-0.250	0.000	54.11985397
-1.450	-0.250	0.000	51.32703400
-1.350	-0.250	0.000	51.88802338
-1.250	-0.250	0.000	50.18404007
-1.150	-0.250	0.000	49.90592194
-1.050	-0.250	0.000	49.18318176
-0.950	-0.250	0.000	48.78071594
-0.850	-0.250	0.000	48.86648560
-0.750	-0.250	0.000	49.32348633
-0.650	-0.250	0.000	50.40954590
-0.550	-0.250	0.000	51.84043884
-0.450	-0.250	0.000	53.17256546
-0.350	-0.250	0.000	54.00975037
-0.250	-0.250	0.000	52.84109879
-0.150	-0.250	0.000	52.62947083
-0.050	-0.250	0.000	52.22170639
0.050	-0.250	0.000	53.81875229
0.150	-0.250	0.000	55.61634827
0.250	-0.250	0.000	57.79866791
0.350	-0.250	0.000	59.32299423
0.450	-0.250	0.000	59.42274475
0.550	-0.250	0.000	58.01905823
0.650	-0.250	0.000	56.17893219
0.750	-0.250	0.000	54.82970428
0.850	-0.250	0.000	54.10098648
0.950	-0.250	0.000	54.24608612
1.050	-0.250	0.000	54.40990448
1.150	-0.250	0.000	55.24337387
1.250	-0.250	0.000	54.93813324
1.350	-0.250	0.000	54.37165070
1.450	-0.250	0.000	53.38069534
1.550	-0.250	0.000	52.15611267
1.650	-0.250	0.000	50.92083740
1.750	-0.250	0.000	50.22492218
1.850	-0.250	0.000	50.08805847
1.950	-0.250	0.000	50.93743134
2.050	-0.250	0.000	51.89248657
2.150	-0.250	0.000	53.51835632
2.250	-0.250	0.000	54.48016739
2.350	-0.250	0.000	55.66430664
2.450	-0.250	0.000	55.75636673
-2.450	-0.150	0.000	67.06033325
-2.350	-0.150	0.000	65.51524353
-2.250	-0.150	0.000	64.98278809
-2.150	-0.150	0.000	63.74907684
-2.050	-0.150	0.000	61.46722412
-1.950	-0.150	0.000	59.55600739
-1.850	-0.150	0.000	57.60906219
-1.750	-0.150	0.000	56.35620117
-1.650	-0.150	0.000	53.47853851
-1.550	-0.150	0.000	54.23084259
-1.450	-0.150	0.000	51.26486206
-1.350	-0.150	0.000	51.69400024
-1.250	-0.150	0.000	50.25780106
-1.150	-0.150	0.000	50.32185364
-1.050	-0.150	0.000	49.88668060
-0.950	-0.150	0.000	49.45947266
-0.850	-0.150	0.000	49.51579285
-0.750	-0.150	0.000	49.95173645
-0.650	-0.150	0.000	51.07325745
-0.550	-0.150	0.000	52.57143402
-0.450	-0.150	0.000	53.65182495
-0.350	-0.150	0.000	54.21459961
-0.250	-0.150	0.000	52.66694641
-0.150	-0.150	0.000	51.81601715
-0.050	-0.150	0.000	50.91714859
0.050	-0.150	0.000	51.73454285
0.150	-0.150	0.000	53.25775146
0.250	-0.150	0.000	55.09365082
0.350	-0.150	0.000	56.72063446
0.450	-0.150	0.000	57.14143372
0.550	-0.150	0.000	56.63338089
0.650	-0.150	0.000	55.61792374
0.750	-0.150	0.000	54.42134094
0.850	-0.150	0.000	54.36093140
0.950	-0.150	0.000	54.68152618
1.050	-0.150	0.000	54.94097519
1.150	-0.150	0.000	55.64418411
1.250	-0.150	0.000	55.67912292
1.350	-0.150	0.000	56.11512756
1.450	-0.150	0.000	55.69467163
1.550	-0.150	0.000	54.77553940
1.650	-0.150	0.000	53.14972687
1.750	-0.150	0.000	51.89662170
1.850	-0.150	0.000	51.35837936
1.950	-0.150	0.000	51.81251907
2.050	-0.150	0.000	52.72155380
2.150	-0.150	0.000	54.40175629
2.250	-0.150	0.000	55.53070831
2.350	-0.150	0.000	56.61684799
2.450	-0.150	0.000	57.05050659
-2.450	-0.050	0.000	67.27113342
-2.350	-0.050	0.000	65.87638855
-2.250	-0.050	0.000	65.23601532
-2.150	-0.050	0.000	64.50163269
-2.050	-0.050	0.000	62.09255981
-1.950	-0.050	0.000	60.45188141
-1.850	-0.050	0.000	58.37178802
-1.750	-0.050	0.000	57.19870758
-1.650	-0.050	0.000	54.08365631
-1.550	-0.050	0.000	54.81840515
-1.450	-0.050	0.000	51.68832397
-1.350	-0.050	0.000	52.22433472
-1.250	-0.050	0.000	50.62871933
-1.150	-0.050	0.000	50.49123383
-1.050	-0.050	0.000	49.94586945
-0.950	-0.050	0.000	49.40158844
-0.850	-0.050	0.000	50.00243759
-0.750	-0.050	0.000	50.71069336
-0.650	-0.050	0.000	52.18568039
-0.550	-0.050	0.000	53.78236771
-0.450	-0.050	0.000	54.63860321
-0.350	-0.050	0.000	54.82035065
-0.250	-0.050	0.000	52.90991211
-0.150	-0.050	0.000	51.75122833
-0.050	-0.050	0.000	50.58370590
0.050	-0.050	0.000	50.91350555
0.150	-0.050	0.000	51.80587769
0.250	-0.050	0.000	53.13388824
0.350	-0.050	0.000	54.52751923
0.450	-0.050	0.000	55.06891632
0.550	-0.050	0.000	54.96633911
0.650	-0.050	0.000	54.67824554
0.750	-0.050	0.000	54.22008896
0.850	-0.050	0.000	54.50699615
0.950	-0.050	0.000	54.93790817
1.050	-0.050	0.000	55.58633423
1.150	-0.050	0.000	56.60825348
1.250	-0.050	0.000	57.12993622
1.350	-0.050	0.000	57.62825012
1.450	-0.050	0.000	57.27405930
1.550	-0.050	0.000	56.58221436
1.650	-0.050	0.000	54.99900818
1.750	-0.050	0.000	53.70423889
1.850	-0.050	0.000	52.85114288
1.950	-0.050	0.000	53.13180542
2.050	-0.050	0.000	53.54447937
2.150	-0.050	0.000	55.22655106
2.250	-0.050	0.000	56.53171539
2.350	-0.050	0.000	57.67042160
2.450	-0.050	0.000	58.02598572
-2.450	0.050	0.000	67.65441895
-2.350	0.050	0.000	66.43500519
-2.250	0.050	0.000	65.83068085
-2.150	0.050	0.000	65.18441010
-2.050	0.050	0.000	62.83577728
-1.950	0.050	0.000	61.02114868
-1.850	0.050	0.000	59.18027496
-1.750	0.050	0.000	58.11669922
-1.650	0.050	0.000	55.07778931
-1.550	0.050	0.000	55.77224731
-1.450	0.050	0.000	52.73932648
-1.350	0.050	0.000	53.15708923
-1.250	0.050	0.000	51.50738907
-1.150	0.050	0.000	51.21760559
-1.050	0.050	0.000	50.60125732
-0.950	0.050	0.000	50.19425964
-0.850	0.050	0.000	50.64564514
-0.750	0.050	0.000	51.47794342
-0.650	0.050	0.000	53.11123657
-0.550	0.050	0.000	55.16928101
-0.450	0.050	0.000	56.21748352
-0.350	0.050	0.000	56.40665436
-0.250	0.050	0.000	54.43186951
-0.150	0.050	0.000	52.58828735
-0.050	0.050	0.000	51.11210632
0.050	0.050	0.000	51.09131622
0.150	0.050	0.000	51.32179260
0.250	0.050	0.000	52.05490875
0.350	0.050	0.000	52.98859406
0.450	0.050	0.000	53.34040833
0.550	0.050	0.000	53.46085739
0.650	0.050	0.000	53.23744202
0.750	0.050	0.000	53.46953964
0.850	0.050	0.000	54.35844421
0.950	0.050	0.000	55.14812088
1.050	0.050	0.000	56.06297684
1.150	0.050	0.000	57.44795990
1.250	0.050	0.000	58.37107849
1.350	0.050	0.000	59.38490295
1.450	0.050	0.000	59.36211395
1.550	0.050	0.000	59.15152359
1.650	0.050	0.000	57.79745483
1.750	0.050	0.000	56.14431000
1.850	0.050	0.000	55.08454514
1.950	0.050	0.000	54.63505936
2.050	0.050	0.000	55.03009796
2.150	0.050	0.000	56.35803223
2.250	0.050	0.000	57.13071060
2.350	0.050	0.000	57.90135574
2.450	0.050	0.000	57.78280640
-2.450	0.150	0.000	68.10047150
-2.350	0.150	0.000	67.52363586
-2.250	0.150	0.000	66.56541443
-2.150	0.150	0.000	66.13754272
-2.050	0.150	0.000	63.96883392
-1.950	0.150	0.000	62.36141968
-1.850	0.150	0.000	60.10888672
-1.750	0.150	0.000	59.47609711
-1.650	0.150	0.000	56.17008972
-1.550	0.150	0.000	56.85764694
-1.450	0.150	0.000	53.58195496
-1.350	0.150	0.000	53.97290039
-1.250	0.150	0.000	52.31418610
-1.150	0.150	0.000	52.14273071
-1.050	0.150	0.000	51.50828552
-0.950	0.150	0.000	51.21168518
-0.850	0.150	0.000	51.35701752
-0.750	0.150	0.000	52.43231964
-0.650	0.150	0.000	54.25569916
-0.550	0.150	0.000	56.61966705
-0.450	0.150	0.000	57.95255280
-0.350	0.150	0.000	58.22781372
-0.250	0.150	0.000	56.34098434
-0.150	0.150	0.000	54.28231430
-0.050	0.150	0.000	52.59410477
0.050	0.150	0.000	52.06909943
0.150	0.150	0.000	51.85463715
0.250	0.150	0.000	51.97020340
0.350	0.150	0.000	52.27057648
0.450	0.150	0.000	52.00820160
0.550	0.150	0.000	52.08759308
0.650	0.150	0.000	51.99095917
0.750	0.150	0.000	52.30663681
0.850	0.150	0.000	53.32872772
0.950	0.150	0.000	54.72110748
1.050	0.150	0.000	56.17158127
1.150	0.150	0.000	57.81467438
1.250	0.150	0.000	59.06178284
1.350	0.150	0.000	60.32669067
1.450	0.150	0.000	60.60958862
1.550	0.150	0.000	60.87899017
1.650	0.150	0.000	59.78596497
1.750	0.150	0.000	58.32302094
1.850	0.150	0.000	57.25093079
1.950	0.150	0.000	56.24096680
2.050	0.150	0.000	56.13343811
2.150	0.150	0.000	56.62758636
2.250	0.150	0.000	56.70167542
2.350	0.150	0.000	56.89900208
2.450	0.150	0.000	55.70533371
-2.450	0.250	0.000	69.20538330
-2.350	0.250	0.000	68.87118530
-2.250	0.250	0.000	68.19723511
-2.150	0.250	0.000	67.72219849
-2.050	0.250	0.000	65.96766663
-1.950	0.250	0.000	63.86686707
-1.850	0.250	0.000	61.96916199
-1.750	0.250	0.000	61.04400635
-1.650	0.250	0.000	57.88490295
-1.550	0.250	0.000	58.55857086
-1.450	0.250	0.000	55.32128906
-1.350	0.250	0.000	55.60610199
-1.250	0.250	0.000	53.76784134
-1.150	0.250	0.000	53.39567566
-1.050	0.250	0.000	52.55806732
-0.950	0.250	0.000	52.30371857
-0.850	0.250	0.000	52.37222290
-0.750	0.250	0.000	53.47780609
-0.650	0.250	0.000	55.42697906
-0.550	0.250	0.000	57.97679138
-0.450	0.250	0.000	59.78390121
-0.350	0.250	0.000	60.47207642
-0.250	0.250	0.000	58.96085358
-0.150	0.250	0.000	56.80522156
-0.050	0.250	0.000	54.94466400
0.050	0.250	0.000	53.87741089
0.150	0.250	0.000	53.22074890
0.250	0.250	0.000	52.73410797
0.350	0.250	0.000	52.45840073
0.450	0.250	0.000	51.61212921
0.550	0.250	0.000	51.07689667
0.650	0.250	0.000	50.93910217
0.750	0.250	0.000	51.38186646
0.850	0.250	0.000	52.31258011
0.950	0.250	0.000	53.71643066
1.050	0.250	0.000	55.26870346
1.150	0.250	0.000	57.10376358
1.250	0.250	0.000	58.41036224
1.350	0.250	0.000	59.87577057
1.450	0.250	0.000	60.40936279
1.550	0.250	0.000	60.60655212
1.650	0.250	0.000	59.66099930
1.750	0.250	0.000	58.26805496
1.850	0.250	0.000	57.29367447
1.950	0.250	0.000	55.99582672
2.050	0.250	0.000	55.56816101
2.150	0.250	0.000	55.45906448
2.250	0.250	0.000	54.45738220
2.350	0.250	0.000	53.93933105
2.450	0.250	0.000	51.64479065
-2.450	0.350	0.000	69.39149475
-2.350	0.350	0.000	69.66149139
-2.250	0.350	0.000	68.41616058
-2.150	0.350	0.000	68.97602844
-2.050	0.350	0.000	67.83662415
-1.950	0.350	0.000	65.87019348
-1.850	0.350	0.000	63.85510254
-1.750	0.350	0.000	63.33960724
-1.650	0.350	0.000	59.84746170
-1.550	0.350	0.000	60.39425278
-1.450	0.350	0.000	57.10873413
-1.350	0.350	0.000	57.22103882
-1.250	0.350	0.000	55.28742981
-1.150	0.350	0.000	54.96028900
-1.050	0.350	0.000	54.11177444
-0.950	0.350	0.000	53.77397919
-0.850	0.350	0.000	53.99044800
-0.750	0.350	0.000	55.03974152
-0.650	0.350	0.000	57.01618195
-0.550	0.350	0.000	59.47087097
-0.450	0.350	0.000	61.32128906
-0.350	0.350	0.000	62.25875854
-0.250	0.350	0.000	61.24118042
-0.150	0.350	0.000	59.39366913
-0.050	0.350	0.000	57.58771896
0.050	0.350	0.000	56.11748123
0.150	0.350	0.000	55.08980560
0.250	0.350	0.000	53.94347382
0.350	0.350	0.000	52.86840057
0.450	0.350	0.000	51.47499847
0.550	0.350	0.000	50.56889725
0.650	0.350	0.000	49.86412048
0.750	0.350	0.000	50.41131210
0.850	0.350	0.000	51.05455017
0.950	0.350	0.000	52.25717926
1.050	0.350	0.000	53.80290222
1.150	0.350	0.000	55.84067917
1.250	0.350	0.000	57.23063660
1.350	0.350	0.000	58.58716202
1.450	0.350	0.000	59.06247330
1.550	0.350	0.000	59.31061554
1.650	0.350	0.000	58.43581009
1.750	0.350	0.000	57.28668213
1.850	0.350	0.000	56.45135117
1.950	0.350	0.000	55.44040680
2.050	0.350	0.000	54.54080200
2.150	0.350	0.000	53.92188644
2.250	0.350	0.000	52.15925598
2.350	0.350	0.000	50.87339020
2.450	0.350	0.000	47.84186554
-2.450	0.450	0.000	70.92855835
-2.350	0.450	0.000	72.32839966
-2.250	0.450	0.000	71.24975586
-2.150	0.450	0.000	71.40297699
-2.050	0.450	0.000	69.94609070
-1.950	0.450	0.000	68.32334900
-1.850	0.450	0.000	66.15328217
-1.750	0.450	0.000	65.53153992
-1.650	0.450	0.000	62.28221893
-1.550	0.450	0.000	62.63487244
-1.450	0.450	0.000	59.39785767
-1.350	0.450	0.000	59.36254501
-1.250	0.450	0.000	57.31669617
-1.150	0.450	0.000	56.62075806
-1.050	0.450	0.000	55.59175873
-0.950	0.450	0.000	55.25496674
-0.850	0.450	0.000	55.38812637
-0.750	0.450	0.000	56.53607941
-0.650	0.450	0.000	58.68670654
-0.550	0.450	0.000	61.35161591
-0.450	0.450	0.000	63.45945740
-0.350	0.450	0.000	64.38525391
-0.250	0.450	0.000	63.75564575
-0.150	0.450	0.000	62.13703918
-0.050	0.450	0.000	60.84617233
0.050	0.450	0.000	59.19699860
0.150	0.450	0.000	57.72734070
0.250	0.450	0.000	55.75228119
0.350	0.450	0.000	53.82392883
0.450	0.450	0.000	51.85483932
0.550	0.450	0.000	50.64832306
0.650	0.450	0.000	49.67143250
0.750	0.450	0.000	49.86865997
0.850	0.450	0.000	50.16711426
0.950	0.450	0.000	51.23919296
1.050	0.450	0.000	52.45716858
1.150	0.450	0.000	54.19957733
1.250	0.450	0.000	55.45726776
1.350	0.450	0.000	56.72703552
1.450	0.450	0.000	57.13073730
1.550	0.450	0.000	57.14776611
1.650	0.450	0.000	56.31729126
1.750	0.450	0.000	55.42416000
1.850	0.450	0.000	54.60744858
1.950	0.450	0.000	53.70338058
2.050	0.450	0.000	52.77304840
2.150	0.450	0.000	51.71533203
2.250	0.450	0.000	49.34968567
2.350	0.450	0.000	47.49668121
2.450	0.450	0.000	44.53676605
-2.450	0.550	0.000	70.60420227
-2.350	0.550	0.000	71.93102264
-2.250	0.550	0.000	72.12881470
-2.150	0.550	0.000	73.00696564
-2.050	0.550	0.000	72.00228882
-1.950	0.550	0.000	70.60237122
-1.850	0.550	0.000	68.42734528
-1.750	0.550	0.000	67.52285767
-1.650	0.550	0.000	64.18739319
-1.550	0.550	0.000	64.28160095
-1.450	0.550	0.000	61.08789825
-1.350	0.550	0.000	60.87630081
-1.250	0.550	0.000	58.85646820
-1.150	0.550	0.000	58.38277435
-1.050	0.550	0.000	57.28559875
-0.950	0.550	0.000	56.98486328
-0.850	0.550	0.000	56.92017746
-0.750	0.550	0.000	58.16594315
-0.650	0.550	0.000	60.28420639
-0.550	0.550	0.000	62.83913422
-0.450	0.550	0.000	64.95103455
-0.350	0.550	0.000	65.90203857
-0.250	0.550	0.000	65.55280304
-0.150	0.550	0.000	64.39244080
-0.050	0.550	0.000	63.53390503
0.050	0.550	0.000	61.74137497
0.150	0.550	0.000	60.28271866
0.250	0.550	0.000	57.80427933
0.350	0.550	0.000	54.96294403
0.450	0.550	0.000	52.39576721
0.550	0.550	0.000	50.70349884
0.650	0.550	0.000	49.49446487
0.750	0.550	0.000	49.60372162
0.850	0.550	0.000	49.80744934
0.950	0.550	0.000	50.57607269
1.050	0.550	0.000	51.65171814
1.150	0.550	0.000	53.25803375
1.250	0.550	0.000	54.10856628
1.350	0.550	0.000	54.88037109
1.450	0.550	0.000	55.15775299
1.550	0.550	0.000	55.17502594
1.650	0.550	0.000	54.50070953
1.750	0.550	0.000	53.73984909
1.850	0.550	0.000	53.16881561
1.950	0.550	0.000	52.45196533
2.050	0.550	0.000	51.83419800
2.150	0.550	0.000	50.68599319
2.250	0.550	0.000	48.26091003
2.350	0.550	0.000	46.41798401
2.450	0.550	0.000	43.05336380
-2.450	0.650	0.000	71.81391144
-2.350	0.650	0.000	73.05907440
-2.250	0.650	0.000	73.10084534
-2.150	0.650	0.000	73.87646484
-2.050	0.650	0.000	73.71896362
-1.950	0.650	0.000	73.02046967
-1.850	0.650	0.000	70.66918945
-1.750	0.650	0.000	69.94041443
-1.650	0.650	0.000	66.69697571
-1.550	0.650	0.000	66.53988647
-1.450	0.650	0.000	63.39875031
-1.350	0.650	0.000	62.86872864
-1.250	0.650	0.000	60.85438919
-1.150	0.650	0.000	60.12769318
-1.050	0.650	0.000	58.89272308
-0.950	0.650	0.000	58.75288773
-0.850	0.650	0.000	58.82582474
-0.750	0.650	0.000	60.04087830
-0.650	0.650	0.000	62.48854446
-0.550	0.650	0.000	65.23806763
-0.450	0.650	0.000	67.42498779
-0.350	0.650	0.000	68.08951569
-0.250	0.650	0.000	67.49552917
-0.150	0.650	0.000	66.22795105
-0.050	0.650	0.000	65.67399597
0.050	0.650	0.000	64.36946869
0.150	0.650	0.000	62.72489166
0.250	0.650	0.000	59.74104309
0.350	0.650	0.000	55.93051910
0.450	0.650	0.000	52.89746094
0.550	0.650	0.000	50.90504074
0.650	0.650	0.000	49.50148010
0.750	0.650	0.000	49.41589355
0.850	0.650	0.000	49.44507599
0.950	0.650	0.000	50.08774185
1.050	0.650	0.000	50.83321381
1.150	0.650	0.000	52.20130920
1.250	0.650	0.000	52.87309265
1.350	0.650	0.000	53.51473618
1.450	0.650	0.000	53.65409851
1.550	0.650	0.000	53.44735336
1.650	0.650	0.000	52.78447723
1.750	0.650	0.000	52.30869293
1.850	0.650	0.000	52.06343079
1.950	0.650	0.000	51.71812057
2.050	0.650	0.000	51.45781326
2.150	0.650	0.000	50.51709366
2.250	0.650	0.000	47.89123535
2.350	0.650	0.000	45.96371460
2.450	0.650	0.000	42.37574005
-2.450	0.750	0.000	71.82582092
-2.350	0.750	0.000	73.58193970
-2.250	0.750	0.000	73.87612915
-2.150	0.750	0.000	74.29962158
-2.050	0.750	0.000	74.22293854
-1.950	0.750	0.000	73.76028442
-1.850	0.750	0.000	71.53401184
-1.750	0.750	0.000	71.00328064
-1.650	0.750	0.000	67.71113586
-1.550	0.750	0.000	67.70321655
-1.450	0.750	0.000	64.85868835
-1.350	0.750	0.000	64.25300598
-1.250	0.750	0.000	62.26276398
-1.150	0.750	0.000	61.59317017
-1.050	0.750	0.000	60.28260040
-0.950	0.750	0.000	59.98841476
-0.850	0.750	0.000	60.25237274
-0.750	0.750	0.000	61.37673187
-0.650	0.750	0.000	63.83456421
-0.550	0.750	0.000	66.93324280
-0.450	0.750	0.000	69.16476440
-0.350	0.750	0.000	69.68571472
-0.250	0.750	0.000	69.11312866
-0.150	0.750	0.000	67.95384216
-0.050	0.750	0.000	67.55751801
0.050	0.750	0.000	66.41779327
0.150	0.750	0.000	64.68667603
0.250	0.750	0.000	61.27073669
0.350	0.750	0.000	56.80963898
0.450	0.750	0.000	53.37234116
0.550	0.750	0.000	51.08706284
0.650	0.750	0.000	49.56691742
0.750	0.750	0.000	49.45059204
0.850	0.750	0.000	49.44853973
0.950	0.750	0.000	50.12402344
1.050	0.750	0.000	50.77487183
1.150	0.750	0.000	51.95143127
1.250	0.750	0.000	52.63086700
1.350	0.750	0.000	53.10033798
1.450	0.750	0.000	53.10704041
1.550	0.750	0.000	52.86117554
1.650	0.750	0.000	52.36623383
1.750	0.750	0.000	51.97485352
1.850	0.750	0.000	51.99017334
1.950	0.750	0.000	51.66949463
2.050	0.750	0.000	51.64046860
2.150	0.750	0.000	50.74082565
2.250	0.750	0.000	48.19613647
2.350	0.750	0.000	46.36627579
2.450	0.750	0.000	42.89101410
-2.450	0.850	0.000	73.07142639
-2.350	0.850	0.000	74.77124023
-2.250	0.850	0.000	74.84552002
-2.150	0.850	0.000	75.46650696
-2.050	0.850	0.000	75.31533051
-1.950	0.850	0.000	74.49186707
-1.850	0.850	0.000	72.33534241
-1.750	0.850	0.000	72.33325195
-1.650	0.850	0.000	69.22728729
-1.550	0.850	0.000	69.08934784
-1.450	0.850	0.000	66.46202087
-1.350	0.850	0.000	65.56408691
-1.250	0.850	0.000	63.84139252
-1.150	0.850	0.000	62.95803070
-1.050	0.850	0.000	61.67174530
-0.950	0.850	0.000	61.85367203
-0.850	0.850	0.000	62.06843948
-0.750	0.850	0.000	63.27449799
-0.650	0.850	0.000	65.94088745
-0.550	0.850	0.000	68.84597015
-0.450	0.850	0.000	70.91235352
-0.350	0.850	0.000	71.41193390
-0.250	0.850	0.000	71.07413483
-0.150	0.850	0.000	69.79341125
-0.050	0.850	0.000	69.50401306
0.050	0.850	0.000	68.53985596
0.150	0.850	0.000	66.51916504
0.250	0.850	0.000	62.54347229
0.350	0.850	0.000	57.33186340
0.450	0.850	0.000	53.44488144
0.550	0.850	0.000	50.99005127
0.650	0.850	0.000	49.42887878
0.750	0.850	0.000	49.21945953
0.850	0.850	0.000	49.07396317
0.950	0.850	0.000	49.65579224
1.050	0.850	0.000	50.24841309
1.150	0.850	0.000	51.34670258
1.250	0.850	0.000	52.02976990
1.350	0.850	0.000	52.44027710
1.450	0.850	0.000	52.59081268
1.550	0.850	0.000	52.60800934
1.650	0.850	0.000	52.26000214
1.750	0.850	0.000	52.28162003
1.850	0.850	0.000	52.22581482
1.950	0.850	0.000	51.97888947
2.050	0.850	0.000	51.80154419
2.150	0.850	0.000	50.99097443
2.250	0.850	0.000	48.44755554
2.350	0.850	0.000	46.73302841
2.450	0.850	0.000	42.90877533
-2.450	0.950	0.000	72.45100403
-2.350	0.950	0.000	73.39015198
-2.250	0.950	0.000	74.27093506
-2.150	0.950	0.000	74.85998535
-2.050	0.950	0.000	75.20163727
-1.950	0.950	0.000	75.08415222
-1.850	0.950	0.000	72.86890411
-1.750	0.950	0.000	72.86129761
-1.650	0.950	0.000	70.24295807
-1.550	0.950	0.000	69.90892029
-1.450	0.950	0.000	67.27050018
-1.350	0.950	0.000	66.34300232
-1.250	0.950	0.000	64.75872803
-1.150	0.950	0.000	63.76255798
-1.050	0.950	0.000	62.53913116
-0.950	0.950	0.000	62.52949524
-0.850	0.950	0.000	62.87293243
-0.750	0.950	0.000	64.07423401
-0.650	0.950	0.000	66.61444092
-0.550	0.950	0.000	69.98206329
-0.450	0.950	0.000	72.29815674
-0.350	0.950	0.000	72.62963867
-0.250	0.950	0.000	71.83589172
-0.150	0.950	0.000	70.73093414
-0.050	0.950	0.000	70.50932312
0.050	0.950	0.000	69.58224487
0.150	0.950	0.000	67.50326538
0.250	0.950	0.000	63.28955841
0.350	0.950	0.000	57.71268845
0.450	0.950	0.000	53.46936798
0.550	0.950	0.000	51.05236816
0.650	0.950	0.000	49.64090347
0.750	0.950	0.000	49.62141418
0.850	0.950	0.000	49.66425705
0.950	0.950	0.000	50.31503296
1.050	0.950	0.000	50.82177734
1.150	0.950	0.000	51.60172272
1.250	0.950	0.000	52.19991302
1.350	0.950	0.000	52.57703400
1.450	0.950	0.000	52.64724731
1.550	0.950	0.000	52.67671585
1.650	0.950	0.000	52.39341354
1.750	0.950	0.000	52.34453583
1.850	0.950	0.000	52.39559174
1.950	0.950	0.000	51.97371292
2.050	0.950	0.000	51.62247467
2.150	0.950	0.000	50.85812378
2.250	0.950	0.000	48.62903595
2.350	0.950	0.000	47.17411804
2.450	0.950	0.000	43.47838211
-2.450	1.050	0.000	72.84892273
-2.350	1.050	0.000	73.92243958
-2.250	1.050	0.000	74.51719666
-2.150	1.050	0.000	74.90080261
-2.050	1.050	0.000	75.42079926
-1.950	1.050	0.000	75.93974304
-1.850	1.050	0.000	73.43411255
-1.750	1.050	0.000	73.50596619
-1.650	1.050	0.000	71.10382843
-1.550	1.050	0.000	70.89012146
-1.450	1.050	0.000	68.30510712
-1.350	1.050	0.000	67.07054138
-1.250	1.050	0.000	65.62239075
-1.150	1.050	0.000	64.34971619
-1.050	1.050	0.000	63.19200897
-0.950	1.050	0.000	63.32723999
-0.850	1.050	0.000	63.60138702
-0.750	1.050	0.000	64.90844727
-0.650	1.050	0.000	67.59674072
-0.550	1.050	0.000	70.67475891
-0.450	1.050	0.000	72.58181000
-0.350	1.050	0.000	73.04930115
-0.250	1.050	0.000	72.82106781
-0.150	1.050	0.000	71.41937256
-0.050	1.050	0.000	71.38415527
0.050	1.050	0.000	70.26097107
0.150	1.050	0.000	67.88761902
0.250	1.050	0.000	63.15229797
0.350	1.050	0.000	57.22648621
0.450	1.050	0.000	52.97081757
0.550	1.050	0.000	50.61589813
0.650	1.050	0.000	49.15786362
0.750	1.050	0.000	49.02120972
0.850	1.050	0.000	49.03859711
0.950	1.050	0.000	49.70273590
1.050	1.050	0.000	50.29734802
1.150	1.050	0.000	51.05239487
1.250	1.050	0.000	51.66789627
1.350	1.050	0.000	51.95046616
1.450	1.050	0.000	51.95757294
1.550	1.050	0.000	52.05288696
1.650	1.050	0.000	51.92762756
1.750	1.050	0.000	52.14944839
1.850	1.050	0.000	52.32685852
1.950	1.050	0.000	52.13825226
2.050	1.050	0.000	51.95134735
2.150	1.050	0.000	51.38481903
2.250	1.050	0.000	49.35726929
2.350	1.050	0.000	47.93823624
2.450	1.050	0.000	44.21293259
-2.450	1.150	0.000	72.29010010
-2.350	1.150	0.000	73.41195679
-2.250	1.150	0.000	74.37963867
-2.150	1.150	0.000	74.16065216
-2.050	1.150	0.000	74.29104614
-1.950	1.150	0.000	74.94882202
-1.850	1.150	0.000	73.04852295
-1.750	1.150	0.000	73.45497131
-1.650	1.150	0.000	70.87924957
-1.550	1.150	0.000	70.77912140
-1.450	1.150	0.000	68.53717804
-1.350	1.150	0.000	67.46571350
-1.250	1.150	0.000	66.02871704
-1.150	1.150	0.000	64.69385529
-1.050	1.150	0.000	63.44425964
-0.950	1.150	0.000	63.44075012
-0.850	1.150	0.000	63.42384338
-0.750	1.150	0.000	64.27206421
-0.650	1.150	0.000	66.65216064
-0.550	1.150	0.000	69.82862091
-0.450	1.150	0.000	71.93960571
-0.350	1.150	0.000	72.88548279
-0.250	1.150	0.000	72.57193756
-0.150	1.150	0.000	71.61326599
-0.050	1.150	0.000	71.78475952
0.050	1.150	0.000	70.27917480
0.150	1.150	0.000	67.81941223
0.250	1.150	0.000	62.84417725
0.350	1.150	0.000	56.97933960
0.450	1.150	0.000	52.86556625
0.550	1.150	0.000	50.77713776
0.650	1.150	0.000	49.72026825
0.750	1.150	0.000	49.73889923
0.850	1.150	0.000	49.94240570
0.950	1.150	0.000	50.53020477
1.050	1.150	0.000	51.07523346
1.150	1.150	0.000	51.87393188
1.250	1.150	0.000	52.47714996
1.350	1.150	0.000	52.89029694
1.450	1.150	0.000	52.85780334
1.550	1.150	0.000	52.74455643
1.650	1.150	0.000	52.35475922
1.750	1.150	0.000	52.34204102
1.850	1.150	0.000	52.46107483
1.950	1.150	0.000	52.13534546
2.050	1.150	0.000	51.87717819
2.150	1.150	0.000	51.38124847
2.250	1.150	0.000	49.54004669
2.350	1.150	0.000	48.42130280
2.450	1.150	0.000	44.87014771
-2.450	1.250	0.000	73.31257629
-2.350	1.250	0.000	74.66059875
-2.250	1.250	0.000	75.48073578
-2.150	1.250	0.000	75.18390656
-2.050	1.250	0.000	74.59072876
-1.950	1.250	0.000	75.35327148
-1.850	1.250	0.000	73.18809509
-1.750	1.250	0.000	73.51995087
-1.650	1.250	0.000	71.04870605
-1.550	1.250	0.000	70.89933777
-1.450	1.250	0.000	68.97017670
-1.350	1.250	0.000	67.38307190
-1.250	1.250	0.000	65.95924377
-1.150	1.250	0.000	64.56865692
-1.050	1.250	0.000	63.56271362
-0.950	1.250	0.000	63.54692841
-0.850	1.250	0.000	63.56796265
-0.750	1.250	0.000	64.41739655
-0.650	1.250	0.000	66.69068909
-0.550	1.250	0.000	69.57545471
-0.450	1.250	0.000	71.28834534
-0.350	1.250	0.000	72.29733276
-0.250	1.250	0.000	72.31596375
-0.150	1.250	0.000	71.39781952
-0.050	1.250	0.000	71.71182251
0.050	1.250	0.000	69.97265625
0.150	1.250	0.000	67.17834473
0.250	1.250	0.000	61.85282898
0.350	1.250	0.000	55.90561295
0.450	1.250	0.000	52.21100998
0.550	1.250	0.000	50.38309860
0.650	1.250	0.000	49.29986572
0.750	1.250	0.000	49.23228455
0.850	1.250	0.000	49.43833160
0.950	1.250	0.000	49.99902344
1.050	1.250	0.000	50.59051514
1.150	1.250	0.000	51.35633087
1.250	1.250	0.000	51.98302460
1.350	1.250	0.000	52.47749710
1.450	1.250	0.000	52.64170837
1.550	1.250	0.000	52.75682068
1.650	1.250	0.000	52.63405609
1.750	1.250	0.000	52.87354279
1.850	1.250	0.000	53.06574249
1.950	1.250	0.000	52.74462128
2.050	1.250	0.000	52.46682358
2.150	1.250	0.000	51.97513962
2.250	1.250	0.000	50.32698822
2.350	1.250	0.000	49.44201279
2.450	1.250	0.000	46.20629120
-2.450	1.350	0.000	72.08280945
-2.350	1.350	0.000	73.01206207
-2.250	1.350	0.000	74.13858032
-2.150	1.350	0.000	74.91236877
-2.050	1.350	0.000	74.15441895
-1.950	1.350	0.000	75.49873352
-1.850	1.350	0.000	73.30796051
-1.750	1.350	0.000	73.63379669
-1.650	1.350	0.000	71.29611206
-1.550	1.350	0.000	71.05717468
-1.450	1.350	0.000	69.24320221
-1.350	1.350	0.000	67.55101013
-1.250	1.350	0.000	66.18050385
-1.150	1.350	0.000	64.74584198
-1.050	1.350	0.000	63.59543610
-0.950	1.350	0.000	63.47592926
-0.850	1.350	0.000	63.28893280
-0.750	1.350	0.000	64.13690186
-0.650	1.350	0.000	66.26670837
-0.550	1.350	0.000	69.31733704
-0.450	1.350	0.000	71.02099609
-0.350	1.350	0.000	72.08222961
-0.250	1.350	0.000	72.00211334
-0.150	1.350	0.000	71.37496948
-0.050	1.350	0.000	71.58178711
0.050	1.350	0.000	69.34188080
0.150	1.350	0.000	65.97616577
0.250	1.350	0.000	60.89676666
0.350	1.350	0.000	55.46673203
0.450	1.350	0.000	52.27779007
0.550	1.350	0.000	50.83679962
0.650	1.350	0.000	50.02243805
0.750	1.350	0.000	50.07939148
0.850	1.350	0.000	50.22362518
0.950	1.350	0.000	50.73496246
1.050	1.350	0.000	51.24707794
1.150	1.350	0.000	51.85805130
1.250	1.350	0.000	52.26012039
1.350	1.350	0.000	52.63994598
1.450	1.350	0.000	52.75220871
1.550	1.350	0.000	52.84042358
1.650	1.350	0.000	52.63774490
1.750	1.350	0.000	52.87821198
1.850	1.350	0.000	53.04618073
1.950	1.350	0.000	52.77008057
2.050	1.350	0.000	52.51703262
2.150	1.350	0.000	52.15419388
2.250	1.350	0.000	50.76624298
2.350	1.350	0.000	50.00898743
2.450	1.350	0.000	47.03419495
-2.450	1.450	0.000	71.69375610
-2.350	1.450	0.000	72.66093445
-2.250	1.450	0.000	73.82966614
-2.150	1.450	0.000	75.26935577
-2.050	1.450	0.000	74.29010773
-1.950	1.450	0.000	75.94781494
-1.850	1.450	0.000	73.91314697
-1.750	1.450	0.000	73.93528748
-1.650	1.450	0.000	71.95527649
-1.550	1.450	0.000	71.56413269
-1.450	1.450	0.000	70.12416840
-1.350	1.450	0.000	68.21255493
-1.250	1.450	0.000	66.96638489
-1.150	1.450	0.000	65.65375519
-1.050	1.450	0.000	64.55476379
-0.950	1.450	0.000	63.93748474
-0.850	1.450	0.000	63.83091736
-0.750	1.450	0.000	64.43670654
-0.650	1.450	0.000	66.37821198
-0.550	1.450	0.000	68.61062622
-0.450	1.450	0.000	70.18198395
-0.350	1.450	0.000	71.78693390
-0.250	1.450	0.000	71.97463226
-0.150	1.450	0.000	71.74671936
-0.050	1.450	0.000	71.53536987
0.050	1.450	0.000	68.78534698
0.150	1.450	0.000	64.85186768
0.250	1.450	0.000	59.85884857
0.350	1.450	0.000	54.67082977
0.450	1.450	0.000	51.63151169
0.550	1.450	0.000	50.28654480
0.650	1.450	0.000	49.26486206
0.750	1.450	0.000	49.24067307
0.850	1.450	0.000	49.35802841
0.950	1.450	0.000	49.82116699
1.050	1.450	0.000	50.43151855
1.150	1.450	0.000	51.30601883
1.250	1.450	0.000	52.13770294
1.350	1.450	0.000	52.97835541
1.450	1.450	0.000	53.46152496
1.550	1.450	0.000	53.82278061
1.650	1.450	0.000	53.93383026
1.750	1.450	0.000	54.13705444
1.850	1.450	0.000	54.31660461
1.950	1.450	0.000	53.96459198
2.050	1.450	0.000	53.63257599
2.150	1.450	0.000	53.29446793
2.250	1.450	0.000	52.08322144
2.350	1.450	0.000	51.28152466
2.450	1.450	0.000	48.76129913
-2.450	1.550	0.000	72.55001831
-2.350	1.550	0.000	70.90557861
-2.250	1.550	0.000	70.60888672
-2.150	1.550	0.000	73.14247131
-2.050	1.550	0.000	72.92628479
-1.950	1.550	0.000	75.08489990
-1.850	1.550	0.000	73.39228821
-1.750	1.550	0.000	74.06086731
-1.650	1.550	0.000	72.51911926
-1.550	1.550	0.000	71.84039307
-1.450	1.550	0.000	70.51875305
-1.350	1.550	0.000	68.68638611
-1.250	1.550	0.000	67.57463074
-1.150	1.550	0.000	66.37690735
-1.050	1.550	0.000	65.23171234
-0.950	1.550	0.000	64.35772705
-0.850	1.550	0.000	63.92540741
-0.750	1.550	0.000	64.64370728
-0.650	1.550	0.000	66.28475952
-0.550	1.550	0.000	68.11265564
-0.450	1.550	0.000	70.02862549
-0.350	1.550	0.000	71.86836243
-0.250	1.550	0.000	72.43067932
-0.150	1.550	0.000	72.67132568
-0.050	1.550	0.000	71.46744537
0.050	1.550	0.000	68.52999878
0.150	1.550	0.000	63.99967957
0.250	1.550	0.000	59.59683990
0.350	1.550	0.000	55.12300491
0.450	1.550	0.000	52.39803314
0.550	1.550	0.000	51.22267914
0.650	1.550	0.000	50.17473602
0.750	1.550	0.000	50.10064316
0.850	1.550	0.000	50.15340424
0.950	1.550	0.000	50.52574158
1.050	1.550	0.000	50.95076370
1.150	1.550	0.000	51.61578369
1.250	1.550	0.000	52.20759964
1.350	1.550	0.000	52.90820312
1.450	1.550	0.000	53.41092682
1.550	1.550	0.000	53.76261902
1.650	1.550	0.000	53.80489349
1.750	1.550	0.000	54.06037140
1.850	1.550	0.000	54.31921387
1.950	1.550	0.000	54.08459473
2.050	1.550	0.000	53.85814285
2.150	1.550	0.000	53.64506149
2.250	1.550	0.000	52.66915131
2.350	1.550	0.000	52.10364532
2.450	1.550	0.000	49.93511963
-2.450	1.650	0.000	76.29992676
-2.350	1.650	0.000	76.22413635
-2.250	1.650	0.000	72.59035492
-2.150	1.650	0.000	73.75204468
-2.050	1.650	0.000	71.95265198
-1.950	1.650	0.000	73.73907471
-1.850	1.650	0.000	72.86578369
-1.750	1.650	0.000	73.53498840
-1.650	1.650	0.000	72.82379150
-1.550	1.650	0.000	72.03633118
-1.450	1.650	0.000	71.11285400
-1.350	1.650	0.000	69.45838928
-1.250	1.650	0.000	68.21552277
-1.150	1.650	0.000	66.70869446
-1.050	1.650	0.000	65.55371094
-0.950	1.650	0.000	64.29877472
-0.850	1.650	0.000	64.00720215
-0.750	1.650	0.000	64.83056641
-0.650	1.650	0.000	66.09918213
-0.550	1.650	0.000	67.86267853
-0.450	1.650	0.000	70.36447144
-0.350	1.650	0.000	72.71109009
-0.250	1.650	0.000	73.89035034
-0.150	1.650	0.000	73.48586273
-0.050	1.650	0.000	70.97803497
0.050	1.650	0.000	67.28902435
0.150	1.650	0.000	62.40982819
0.250	1.650	0.000	58.43009186
0.350	1.650	0.000	54.49867249
0.450	1.650	0.000	51.64828873
0.550	1.650	0.000	50.41859436
0.650	1.650	0.000	49.21160126
0.750	1.650	0.000	48.96507263
0.850	1.650	0.000	49.06698608
0.950	1.650	0.000	49.59727478
1.050	1.650	0.000	50.49040222
1.150	1.650	0.000	51.75341034
1.250	1.650	0.000	52.97777176
1.350	1.650	0.000	54.14258957
1.450	1.650	0.000	54.95172501
1.550	1.650	0.000	55.48575211
1.650	1.650	0.000	55.65953827
1.750	1.650	0.000	55.90338898
1.850	1.650	0.000	55.92692566
1.950	1.650	0.000	55.91573334
2.050	1.650	0.000	55.53414917
2.150	1.650	0.000	55.14319992
2.250	1.650	0.000	54.10974503
2.350	1.650	0.000	53.59156036
2.450	1.650	0.000	51.67585373
-2.450	1.750	0.000	72.81893158
-2.350	1.750	0.000	77.98562622
-2.250	1.750	0.000	75.08424377
-2.150	1.750	0.000	76.28264618
-2.050	1.750	0.000	73.99792480
-1.950	1.750	0.000	73.91632080
-1.850	1.750	0.000	73.21180725
-1.750	1.750	0.000	72.91007233
-1.650	1.750	0.000	72.79091644
-1.550	1.750	0.000	71.89230347
-1.450	1.750	0.000	71.27481079
-1.350	1.750	0.000	69.70061493
-1.250	1.750	0.000	68.57228088
-1.150	1.750	0.000	67.13627625
-1.050	1.750	0.000	66.08792877
-0.950	1.750	0.000	64.61273193
-0.850	1.750	0.000	64.59041595
-0.750	1.750	0.000	65.31259155
-0.650	1.750	0.000	65.96003723
-0.550	1.750	0.000	68.42265320
-0.450	1.750	0.000	71.42798615
-0.350	1.750	0.000	74.17576599
-0.250	1.750	0.000	75.33811951
-0.150	1.750	0.000	73.83639526
-0.050	1.750	0.000	70.15528870
0.050	1.750	0.000	66.08247375
0.150	1.750	0.000	61.95171356
0.250	1.750	0.000	58.80742645
0.350	1.750	0.000	55.62345886
0.450	1.750	0.000	53.06882477
0.550	1.750	0.000	51.61580276
0.650	1.750	0.000	50.33963776
0.750	1.750	0.000	49.89137268
0.850	1.750	0.000	49.69425583
0.950	1.750	0.000	49.97940826
1.050	1.750	0.000	50.64361954
1.150	1.750	0.000	51.80707550
1.250	1.750	0.000	52.97680664
1.350	1.750	0.000	54.17759705
1.450	1.750	0.000	55.07297516
1.550	1.750	0.000	55.75283432
1.650	1.750	0.000	56.04211426
1.750	1.750	0.000	56.45808029
1.850	1.750	0.000	56.64543152
1.950	1.750	0.000	56.76113129
2.050	1.750	0.000	56.43930435
2.150	1.750	0.000	56.19145966
2.250	1.750	0.000	55.37458038
2.350	1.750	0.000	54.93817902
2.450	1.750	0.000	53.24677658
-2.450	1.850	0.000	71.25640869
-2.350	1.850	0.000	78.19804382
-2.250	1.850	0.000	78.05761719
-2.150	1.850	0.000	78.99266052
-2.050	1.850	0.000	77.72494507
-1.950	1.850	0.000	76.44081116
-1.850	1.850	0.000	75.28522491
-1.750	1.850	0.000	73.83757019
-1.650	1.850	0.000	73.05790710
-1.550	1.850	0.000	72.00217438
-1.450	1.850	0.000	71.39918518
-1.350	1.850	0.000	70.18295288
-1.250	1.850	0.000	69.33177185
-1.150	1.850	0.000	68.04798126
-1.050	1.850	0.000	67.16506958
-0.950	1.850	0.000	66.09510803
-0.850	1.850	0.000	66.30684662
-0.750	1.850	0.000	66.69686890
-0.650	1.850	0.000	67.96640015
-0.550	1.850	0.000	70.27009583
-0.450	1.850	0.000	73.22998810
-0.350	1.850	0.000	75.46119690
-0.250	1.850	0.000	75.63316345
-0.150	1.850	0.000	72.87239075
-0.050	1.850	0.000	68.77424622
0.050	1.850	0.000	64.50650024
0.150	1.850	0.000	60.66003036
0.250	1.850	0.000	57.52103424
0.350	1.850	0.000	54.76706696
0.450	1.850	0.000	51.99446869
0.550	1.850	0.000	50.41567230
0.650	1.850	0.000	49.51550293
0.750	1.850	0.000	49.38224030
0.850	1.850	0.000	49.84574127
0.950	1.850	0.000	50.65754318
1.050	1.850	0.000	51.66654968
1.150	1.850	0.000	52.77489471
1.250	1.850	0.000	53.89137268
1.350	1.850	0.000	55.05809021
1.450	1.850	0.000	55.95904541
1.550	1.850	0.000	56.73378754
1.650	1.850	0.000	57.17398834
1.750	1.850	0.000	57.73578644
1.850	1.850	0.000	58.01751709
1.950	1.850	0.000	58.29962158
2.050	1.850	0.000	57.98349762
2.150	1.850	0.000	57.89044189
2.250	1.850	0.000	57.38302612
2.350	1.850	0.000	57.33321381
2.450	1.850	0.000	55.94208527
-2.450	1.950	0.000	61.50999451
-2.350	1.950	0.000	67.40843964
-2.250	1.950	0.000	70.95783997
-2.150	1.950	0.000	75.78426361
-2.050	1.950	0.000	76.90899658
-1.950	1.950	0.000	77.63507080
-1.850	1.950	0.000	77.48750305
-1.750	1.950	0.000	76.30834198
-1.650	1.950	0.000	75.89378357
-1.550	1.950	0.000	74.61425018
-1.450	1.950	0.000	73.64759827
-1.350	1.950	0.000	71.88914490
-1.250	1.950	0.000	70.84878540
-1.150	1.950	0.000	69.27880859
-1.050	1.950	0.000	68.17455292
-0.950	1.950	0.000	67.29103851
-0.850	1.950	0.000	67.27769470
-0.750	1.950	0.000	67.61186981
-0.650	1.950	0.000	69.55490875
-0.550	1.950	0.000	71.40338135
-0.450	1.950	0.000	73.76530457
-0.350	1.950	0.000	75.05423737
-0.250	1.950	0.000	74.58976746
-0.150	1.950	0.000	71.81047821
-0.050	1.950	0.000	68.14225769
0.050	1.950	0.000	64.63299561
0.150	1.950	0.000	62.27932358
0.250	1.950	0.000	59.73469925
0.350	1.950	0.000	57.22049713
0.450	1.950	0.000	54.13391113
0.550	1.950	0.000	52.26760864
0.650	1.950	0.000	50.91532898
0.750	1.950	0.000	50.39812469
0.850	1.950	0.000	50.71633148
0.950	1.950	0.000	51.65689087
1.050	1.950	0.000	52.79950333
1.150	1.950	0.000	53.94492340
1.250	1.950	0.000	54.84912109
1.350	1.950	0.000	55.75151443
1.450	1.950	0.000	56.51084900
1.550	1.950	0.000	57.30145264
1.650	1.950	0.000	57.81852722
1.750	1.950	0.000	58.44493866
1.850	1.950	0.000	58.67012787
1.950	1.950	0.000	59.03890991
2.050	1.950	0.000	58.69765091
2.150	1.950	0.000	58.45207214
2.250	1.950	0.000	57.93156052
2.350	1.950	0.000	57.98059464
2.450	1.950	0.000	56.82625580
-2.450	2.050	0.000	56.21070099
-2.350	2.050	0.000	58.16012573
-2.250	2.050	0.000	62.04877472
-2.150	2.050	0.000	65.41973114
-2.050	2.050	0.000	70.77180481
-1.950	2.050	0.000	74.23239136
-1.850	2.050	0.000	77.17265320
-1.750	2.050	0.000	77.09930420
-1.650	2.050	0.000	77.49601746
-1.550	2.050	0.000	75.99488831
-1.450	2.050	0.000	75.37281799
-1.350	2.050	0.000	73.58735657
-1.250	2.050	0.000	72.91973114
-1.150	2.050	0.000	71.39605713
-1.050	2.050	0.000	70.59083557
-0.950	2.050	0.000	69.62822723
-0.850	2.050	0.000	69.10706329
-0.750	2.050	0.000	69.49303436
-0.650	2.050	0.000	70.23947144
-0.550	2.050	0.000	71.00744629
-0.450	2.050	0.000	72.07392883
-0.350	2.050	0.000	72.18989563
-0.250	2.050	0.000	71.16195679
-0.150	2.050	0.000	68.78544617
-0.050	2.050	0.000	66.19766235
0.050	2.050	0.000	62.53033447
0.150	2.050	0.000	60.18524551
0.250	2.050	0.000	57.09582138
0.350	2.050	0.000	55.06478882
0.450	2.050	0.000	52.87496948
0.550	2.050	0.000	51.59464264
0.650	2.050	0.000	51.00719452
0.750	2.050	0.000	50.95323944
0.850	2.050	0.000	51.55400467
0.950	2.050	0.000	52.40878296
1.050	2.050	0.000	53.24663162
1.150	2.050	0.000	54.11183929
1.250	2.050	0.000	54.98899841
1.350	2.050	0.000	55.94589996
1.450	2.050	0.000	56.77254105
1.550	2.050	0.000	57.66004944
1.650	2.050	0.000	58.29640961
1.750	2.050	0.000	59.04129791
1.850	2.050	0.000	59.37186050
1.950	2.050	0.000	59.85631561
2.050	2.050	0.000	59.49506760
2.150	2.050	0.000	59.22804260
2.250	2.050	0.000	58.55495834
2.350	2.050	0.000	58.64977264
2.450	2.050	0.000	57.70399475
-2.450	2.150	0.000	51.32808685
-2.350	2.150	0.000	51.78377533
-2.250	2.150	0.000	54.10688019
-2.150	2.150	0.000	55.75103378
-2.050	2.150	0.000	59.87937927
-1.950	2.150	0.000	63.49350739
-1.850	2.150	0.000	67.47387695
-1.750	2.150	0.000	70.39000702
-1.650	2.150	0.000	73.08132935
-1.550	2.150	0.000	73.65942383
-1.450	2.150	0.000	74.59399414
-1.350	2.150	0.000	73.68788910
-1.250	2.150	0.000	73.57949829
-1.150	2.150	0.000	72.40699768
-1.050	2.150	0.000	71.85308838
-0.950	2.150	0.000	71.12619781
-0.850	2.150	0.000	70.30572510
-0.750	2.150	0.000	70.66104126
-0.650	2.150	0.000	70.27139282
-0.550	2.150	0.000	69.84469604
-0.450	2.150	0.000	69.14288330
-0.350	2.150	0.000	68.71046448
-0.250	2.150	0.000	68.19073486
-0.150	2.150	0.000	67.23551941
-0.050	2.150	0.000	65.68054199
0.050	2.150	0.000	64.03140259
0.150	2.150	0.000	62.09885406
0.250	2.150	0.000	59.90765381
0.350	2.150	0.000	57.47774887
0.450	2.150	0.000	55.33207703
0.550	2.150	0.000	52.93085480
0.650	2.150	0.000	52.26438141
0.750	2.150	0.000	52.30471039
0.850	2.150	0.000	52.92929077
0.950	2.150	0.000	53.65107727
1.050	2.150	0.000	54.17976761
1.150	2.150	0.000	54.80524063
1.250	2.150	0.000	55.62227249
1.350	2.150	0.000	56.62032318
1.450	2.150	0.000	57.51548004
1.550	2.150	0.000	58.28189087
1.650	2.150	0.000	58.68471527
1.750	2.150	0.000	59.26887131
1.850	2.150	0.000	59.61270142
1.950	2.150	0.000	60.12714386
2.050	2.150	0.000	59.77389526
2.150	2.150	0.000	59.54756165
2.250	2.150	0.000	58.81379700
2.350	2.150	0.000	58.96135330
2.450	2.150	0.000	58.19285583
-2.450	2.250	0.000	50.79828644
-2.350	2.250	0.000	50.24385834
-2.250	2.250	0.000	51.30664062
-2.150	2.250	0.000	51.53231812
-2.050	2.250	0.000	53.76844406
-1.950	2.250	0.000	55.26233673
-1.850	2.250	0.000	58.42623138
-1.750	2.250	0.000	60.57470322
-1.650	2.250	0.000	63.72884369
-1.550	2.250	0.000	65.12184143
-1.450	2.250	0.000	67.45018768
-1.350	2.250	0.000	67.13088989
-1.250	2.250	0.000	67.98126984
-1.150	2.250	0.000	67.14181519
-1.050	2.250	0.000	67.06702423
-0.950	2.250	0.000	66.56730652
-0.850	2.250	0.000	66.02796936
-0.750	2.250	0.000	65.98893738
-0.650	2.250	0.000	65.04257965
-0.550	2.250	0.000	64.18798828
-0.450	2.250	0.000	63.19229126
-0.350	2.250	0.000	63.14277649
-0.250	2.250	0.000	63.26732635
-0.150	2.250	0.000	63.95800018
-0.050	2.250	0.000	63.25980377
0.050	2.250	0.000	61.21968079
0.150	2.250	0.000	58.60637665
0.250	2.250	0.000	56.77870178
0.350	2.250	0.000	55.73965454
0.450	2.250	0.000	54.99423981
0.550	2.250	0.000	53.88668823
0.650	2.250	0.000	53.11364746
0.750	2.250	0.000	52.88963699
0.850	2.250	0.000	53.09278107
0.950	2.250	0.000	53.53759766
1.050	2.250	0.000	54.13207245
1.150	2.250	0.000	54.92282867
1.250	2.250	0.000	55.74618530
1.350	2.250	0.000	56.59374237
1.450	2.250	0.000	57.33049393
1.550	2.250	0.000	58.02918625
1.650	2.250	0.000	58.39593506
1.750	2.250	0.000	58.89088058
1.850	2.250	0.000	59.21686554
1.950	2.250	0.000	59.69159317
2.050	2.250	0.000	59.27796173
2.150	2.250	0.000	58.86176300
2.250	2.250	0.000	57.91669464
2.350	2.250	0.000	57.75651932
2.450	2.250	0.000	56.53318024
-2.450	2.350	0.000	49.51088333
-2.350	2.350	0.000	48.80101776
-2.250	2.350	0.000	49.50612640
-2.150	2.350	0.000	49.32134247
-2.050	2.350	0.000	50.51131439
-1.950	2.350	0.000	50.74329376
-1.850	2.350	0.000	52.46166992
-1.750	2.350	0.000	53.41576385
-1.650	2.350	0.000	55.42995453
-1.550	2.350	0.000	56.55839157
-1.450	2.350	0.000	58.49670410
-1.350	2.350	0.000	58.38276672
-1.250	2.350	0.000	59.23673248
-1.150	2.350	0.000	58.75933075
-1.050	2.350	0.000	59.09139252
-0.950	2.350	0.000	59.19027710
-0.850	2.350	0.000	59.31101990
-0.750	2.350	0.000	59.28481293
-0.650	2.350	0.000	58.85535431
-0.550	2.350	0.000	58.38687897
-0.450	2.350	0.000	57.98400116
-0.350	2.350	0.000	58.79592514
-0.250	2.350	0.000	60.42026520
-0.150	2.350	0.000	63.39942932
-0.050	2.350	0.000	65.79589844
0.050	2.350	0.000	66.03805542
0.150	2.350	0.000	63.87355804
0.250	2.350	0.000	60.95086670
0.350	2.350	0.000	57.94815826
0.450	2.350	0.000	56.25632477
0.550	2.350	0.000	55.70418549
0.650	2.350	0.000	54.93372345
0.750	2.350	0.000	54.37358856
0.850	2.350	0.000	54.37403870
0.950	2.350	0.000	54.80985260
1.050	2.350	0.000	55.68152618
1.150	2.350	0.000	56.64045715
1.250	2.350	0.000	57.26313782
1.350	2.350	0.000	57.69650269
1.450	2.350	0.000	58.04407883
1.550	2.350	0.000	58.51728058
1.650	2.350	0.000	58.72277832
1.750	2.350	0.000	59.03350067
1.850	2.350	0.000	59.27106476
1.950	2.350	0.000	59.69476318
2.050	2.350	0.000	59.44235611
2.150	2.350	0.000	59.00830078
2.250	2.350	0.000	57.87466812
2.350	2.350	0.000	57.15335083
2.450	2.350	0.000	55.12707901
-2.450	2.450	0.000	51.08050156
-2.350	2.450	0.000	50.05490112
-2.250	2.450	0.000	50.43000793
-2.150	2.450	0.000	49.87281036
-2.050	2.450	0.000	50.53668213
-1.950	2.450	0.000	49.78297424
-1.850	2.450	0.000	50.42417908
-1.750	2.450	0.000	49.99342346
-1.650	2.450	0.000	50.64228821
-1.550	2.450	0.000	50.38692474
-1.450	2.450	0.000	50.87952042
-1.350	2.450	0.000	49.96660614
-1.250	2.450	0.000	49.97288513
-1.150	2.450	0.000	49.14212418
-1.050	2.450	0.000	49.21408081
-0.950	2.450	0.000	49.25896835
-0.850	2.450	0.000	49.38520813
-0.750	2.450	0.000	49.41281128
-0.650	2.450	0.000	49.44731903
-0.550	2.450	0.000	49.33079529
-0.450	2.450	0.000	49.01573181
-0.350	2.450	0.000	49.54894257
-0.250	2.450	0.000	50.41212082
-0.150	2.450	0.000	53.20619965
-0.050	2.450	0.000	56.62749481
0.050	2.450	0.000	60.21283340
0.150	2.450	0.000	62.38136292
0.250	2.450	0.000	62.35869980
0.350	2.450	0.000	61.28088379
0.450	2.450	0.000	59.44251251
0.550	2.450	0.000	58.20787811
0.650	2.450	0.000	56.87036133
0.750	2.450	0.000	56.14754486
0.850	2.450	0.000	55.80498505
0.950	2.450	0.000	55.89720154
1.050	2.450	0.000	56.41143799
1.150	2.450	0.000	57.09729004
1.250	2.450	0.000	57.48213577
1.350	2.450	0.000	57.66319275
1.450	2.450	0.000	57.68532562
1.550	2.450	0.000	57.79607010
1.650	2.450	0.000	57.80411911
1.750	2.450	0.000	57.80294800
1.850	2.450	0.000	57.57095337
1.950	2.450	0.000	57.71074677
2.050	2.450	0.000	57.19750214
2.150	2.450	0.000	56.45188904
2.250	2.450	0.000	55.18728256
2.350	2.450	0.000	54.33399963
2.450	2.450	0.000	52.31250381
