-2.450	-2.450	0.000	28.20087242
-2.350	-2.450	0.000	26.79644012
-2.250	-2.450	0.000	26.38532639
-2.150	-2.450	0.000	25.65680313
-2.050	-2.450	0.000	25.17406654
-1.950	-2.450	0.000	24.43978310
-1.850	-2.450	0.000	24.12006378
-1.750	-2.450	0.000	24.02890968
-1.650	-2.450	0.000	24.37070274
-1.550	-2.450	0.000	25.22661018
-1.450	-2.450	0.000	26.62395287
-1.350	-2.450	0.000	28.27680779
-1.250	-2.450	0.000	28.65606880
-1.150	-2.450	0.000	28.18478966
-1.050	-2.450	0.000	27.99322319
-0.950	-2.450	0.000	27.52431297
-0.850	-2.450	0.000	27.86158562
-0.750	-2.450	0.000	28.27325058
-0.650	-2.450	0.000	28.72029114
-0.550	-2.450	0.000	28.68188095
-0.450	-2.450	0.000	28.98445892
-0.350	-2.450	0.000	28.92426300
-0.250	-2.450	0.000	29.22057724
-0.150	-2.450	0.000	29.30470276
-0.050	-2.450	0.000	29.70455170
0.050	-2.450	0.000	30.06959534
0.150	-2.450	0.000	30.61101532
0.250	-2.450	0.000	31.12012863
0.350	-2.450	0.000	31.54148865
0.450	-2.450	0.000	31.98777390
0.550	-2.450	0.000	32.55943680
0.650	-2.450	0.000	33.13957977
0.750	-2.450	0.000	33.31594849
0.850	-2.450	0.000	33.33976746
0.950	-2.450	0.000	33.89941788
1.050	-2.450	0.000	35.62812805
1.150	-2.450	0.000	36.90483093
1.250	-2.450	0.000	37.08784485
1.350	-2.450	0.000	36.92454529
1.450	-2.450	0.000	36.75831985
1.550	-2.450	0.000	35.30123520
1.650	-2.450	0.000	30.48509598
1.750	-2.450	0.000	23.48834610
1.850	-2.450	0.000	18.79112053
1.950	-2.450	0.000	16.51644135
2.050	-2.450	0.000	16.60778427
2.150	-2.450	0.000	16.13294601
2.250	-2.450	0.000	16.72244644
2.350	-2.450	0.000	16.60976028
2.450	-2.450	0.000	17.47158623
-2.450	-2.350	0.000	29.28350449
-2.350	-2.350	0.000	27.80319595
-2.250	-2.350	0.000	27.34324646
-2.150	-2.350	0.000	26.59004211
-2.050	-2.350	0.000	26.11718369
-1.950	-2.350	0.000	25.31636810
-1.850	-2.350	0.000	24.98554420
-1.750	-2.350	0.000	24.92688560
-1.650	-2.350	0.000	25.27253342
-1.550	-2.350	0.000	26.10800552
-1.450	-2.350	0.000	27.59157562
-1.350	-2.350	0.000	29.33578110
-1.250	-2.350	0.000	30.07547569
-1.150	-2.350	0.000	29.78323174
-1.050	-2.350	0.000	29.74548340
-0.950	-2.350	0.000	29.34625435
-0.850	-2.350	0.000	29.63269043
-0.750	-2.350	0.000	29.54835510
-0.650	-2.350	0.000	29.53385544
-0.550	-2.350	0.000	29.14985275
-0.450	-2.350	0.000	29.19111252
-0.350	-2.350	0.000	28.79579926
-0.250	-2.350	0.000	29.01845169
-0.150	-2.350	0.000	28.74765778
-0.050	-2.350	0.000	29.16188049
0.050	-2.350	0.000	29.47726059
0.150	-2.350	0.000	29.98459244
0.250	-2.350	0.000	30.44640923
0.350	-2.350	0.000	30.83054352
0.450	-2.350	0.000	31.18716431
0.550	-2.350	0.000	31.63534546
0.650	-2.350	0.000	32.11643600
0.750	-2.350	0.000	32.02035522
0.850	-2.350	0.000	31.76990509
0.950	-2.350	0.000	31.76134491
1.050	-2.350	0.000	32.63950348
1.150	-2.350	0.000	34.20957184
1.250	-2.350	0.000	36.20761108
1.350	-2.350	0.000	38.36538315
1.450	-2.350	0.000	42.02215576
1.550	-2.350	0.000	43.93569946
1.650	-2.350	0.000	40.01358414
1.750	-2.350	0.000	27.14052010
1.850	-2.350	0.000	18.57830048
1.950	-2.350	0.000	15.99786758
2.050	-2.350	0.000	16.06602859
2.150	-2.350	0.000	15.64795113
2.250	-2.350	0.000	16.14931488
2.350	-2.350	0.000	16.05264664
2.450	-2.350	0.000	16.82480431
-2.450	-2.250	0.000	29.47903442
-2.350	-2.250	0.000	27.98868179
-2.250	-2.250	0.000	27.52537346
-2.150	-2.250	0.000	26.76137543
-2.050	-2.250	0.000	26.30035019
-1.950	-2.250	0.000	25.50367355
-1.850	-2.250	0.000	25.23799515
-1.750	-2.250	0.000	25.21299362
-1.650	-2.250	0.000	25.65045166
-1.550	-2.250	0.000	26.59046173
-1.450	-2.250	0.000	28.27195740
-1.350	-2.250	0.000	30.25771713
-1.250	-2.250	0.000	31.28651428
-1.150	-2.250	0.000	31.18637848
-1.050	-2.250	0.000	31.01402283
-0.950	-2.250	0.000	30.50241089
-0.850	-2.250	0.000	30.32882118
-0.750	-2.250	0.000	29.93304062
-0.650	-2.250	0.000	29.78058052
-0.550	-2.250	0.000	29.19973946
-0.450	-2.250	0.000	29.02618790
-0.350	-2.250	0.000	28.58955765
-0.250	-2.250	0.000	28.96153069
-0.150	-2.250	0.000	28.78047371
-0.050	-2.250	0.000	29.29336929
0.050	-2.250	0.000	29.61075974
0.150	-2.250	0.000	30.10591888
0.250	-2.250	0.000	30.56516266
0.350	-2.250	0.000	30.93317795
0.450	-2.250	0.000	31.29228210
0.550	-2.250	0.000	31.86878967
0.650	-2.250	0.000	32.46016312
0.750	-2.250	0.000	32.63995361
0.850	-2.250	0.000	32.56910324
0.950	-2.250	0.000	32.68492889
1.050	-2.250	0.000	33.27330017
1.150	-2.250	0.000	33.24586868
1.250	-2.250	0.000	33.35493851
1.350	-2.250	0.000	34.30181122
1.450	-2.250	0.000	38.52085876
1.550	-2.250	0.000	44.03944397
1.650	-2.250	0.000	44.08540344
1.750	-2.250	0.000	34.91385269
1.850	-2.250	0.000	21.47066498
1.950	-2.250	0.000	16.70032120
2.050	-2.250	0.000	16.49321175
2.150	-2.250	0.000	15.95232964
2.250	-2.250	0.000	16.44284439
2.350	-2.250	0.000	16.30378723
2.450	-2.250	0.000	17.08763504
-2.450	-2.150	0.000	29.61642456
-2.350	-2.150	0.000	28.13513184
-2.250	-2.150	0.000	27.68095970
-2.150	-2.150	0.000	26.90115356
-2.050	-2.150	0.000	26.44009781
-1.950	-2.150	0.000	25.68007660
-1.850	-2.150	0.000	25.46404266
-1.750	-2.150	0.000	25.44132805
-1.650	-2.150	0.000	25.97549438
-1.550	-2.150	0.000	27.05945587
-1.450	-2.150	0.000	28.97052765
-1.350	-2.150	0.000	31.26518631
-1.250	-2.150	0.000	32.63732147
-1.150	-2.150	0.000	32.70312500
-1.050	-2.150	0.000	32.42744446
-0.950	-2.150	0.000	31.74922943
-0.850	-2.150	0.000	31.26240540
-0.750	-2.150	0.000	30.63342667
-0.650	-2.150	0.000	30.45034790
-0.550	-2.150	0.000	29.81395340
-0.450	-2.150	0.000	29.36104965
-0.350	-2.150	0.000	28.99846649
-0.250	-2.150	0.000	29.24024963
-0.150	-2.150	0.000	28.87388039
-0.050	-2.150	0.000	29.19460678
0.050	-2.150	0.000	29.32171440
0.150	-2.150	0.000	29.64588547
0.250	-2.150	0.000	29.91394424
0.350	-2.150	0.000	30.07443619
0.450	-2.150	0.000	30.15591812
0.550	-2.150	0.000	30.53380585
0.650	-2.150	0.000	31.07661057
0.750	-2.150	0.000	31.41373062
0.850	-2.150	0.000	31.79944611
0.950	-2.150	0.000	32.54045868
1.050	-2.150	0.000	33.68376541
1.150	-2.150	0.000	33.94921875
1.250	-2.150	0.000	33.73316956
1.350	-2.150	0.000	33.75396729
1.450	-2.150	0.000	36.10263824
1.550	-2.150	0.000	41.95092010
1.650	-2.150	0.000	44.14841080
1.750	-2.150	0.000	40.86108398
1.850	-2.150	0.000	26.74187851
1.950	-2.150	0.000	17.39615631
2.050	-2.150	0.000	16.39977264
2.150	-2.150	0.000	15.68340302
2.250	-2.150	0.000	16.08713531
2.350	-2.150	0.000	15.93272591
2.450	-2.150	0.000	16.63379669
-2.450	-2.050	0.000	29.39714813
-2.350	-2.050	0.000	27.96057320
-2.250	-2.050	0.000	27.53613663
-2.150	-2.050	0.000	26.73716736
-2.050	-2.050	0.000	26.26203537
-1.950	-2.050	0.000	25.55591011
-1.850	-2.050	0.000	25.35776711
-1.750	-2.050	0.000	25.34861565
-1.650	-2.050	0.000	25.93784714
-1.550	-2.050	0.000	27.17344284
-1.450	-2.050	0.000	29.34558868
-1.350	-2.050	0.000	31.90061951
-1.250	-2.050	0.000	33.34908295
-1.150	-2.050	0.000	33.27046967
-1.050	-2.050	0.000	32.74948883
-0.950	-2.050	0.000	32.04639435
-0.850	-2.050	0.000	31.46908188
-0.750	-2.050	0.000	30.92586136
-0.650	-2.050	0.000	30.74656487
-0.550	-2.050	0.000	30.25074768
-0.450	-2.050	0.000	29.63438034
-0.350	-2.050	0.000	29.34567642
-0.250	-2.050	0.000	29.36866379
-0.150	-2.050	0.000	28.97280693
-0.050	-2.050	0.000	29.30249786
0.050	-2.050	0.000	29.47754097
0.150	-2.050	0.000	29.90194702
0.250	-2.050	0.000	30.27922249
0.350	-2.050	0.000	30.58346176
0.450	-2.050	0.000	30.76073074
0.550	-2.050	0.000	31.05434418
0.650	-2.050	0.000	31.39917755
0.750	-2.050	0.000	31.37827682
0.850	-2.050	0.000	31.22097015
0.950	-2.050	0.000	31.50143433
1.050	-2.050	0.000	32.52685928
1.150	-2.050	0.000	33.24340820
1.250	-2.050	0.000	33.10094452
1.350	-2.050	0.000	32.83060837
1.450	-2.050	0.000	33.60337448
1.550	-2.050	0.000	38.34036255
1.650	-2.050	0.000	42.87999725
1.750	-2.050	0.000	42.55885696
1.850	-2.050	0.000	33.90526581
1.950	-2.050	0.000	20.73691940
2.050	-2.050	0.000	17.67570496
2.150	-2.050	0.000	16.51442146
2.250	-2.050	0.000	16.87973976
2.350	-2.050	0.000	16.67851067
2.450	-2.050	0.000	17.34685135
-2.450	-1.950	0.000	29.01724243
-2.350	-1.950	0.000	27.66024017
-2.250	-1.950	0.000	27.31153488
-2.150	-1.950	0.000	26.51293182
-2.050	-1.950	0.000	26.05306625
-1.950	-1.950	0.000	25.45253372
-1.850	-1.950	0.000	25.26483154
-1.750	-1.950	0.000	25.29040146
-1.650	-1.950	0.000	25.90614700
-1.550	-1.950	0.000	27.24395752
-1.450	-1.950	0.000	29.59223938
-1.350	-1.950	0.000	32.21606827
-1.250	-1.950	0.000	33.49257278
-1.150	-1.950	0.000	33.29380798
-1.050	-1.950	0.000	32.51232147
-0.950	-1.950	0.000	31.99321747
-0.850	-1.950	0.000	31.41249084
-0.750	-1.950	0.000	31.18033600
-0.650	-1.950	0.000	31.11295319
-0.550	-1.950	0.000	30.76181412
-0.450	-1.950	0.000	30.05461884
-0.350	-1.950	0.000	29.76827240
-0.250	-1.950	0.000	29.65620804
-0.150	-1.950	0.000	29.40641594
-0.050	-1.950	0.000	29.61769867
0.050	-1.950	0.000	29.66814041
0.150	-1.950	0.000	30.01424408
0.250	-1.950	0.000	30.31636047
0.350	-1.950	0.000	30.61548615
0.450	-1.950	0.000	30.80855560
0.550	-1.950	0.000	31.07187653
0.650	-1.950	0.000	31.48447418
0.750	-1.950	0.000	31.51235199
0.850	-1.950	0.000	31.25848389
0.950	-1.950	0.000	31.42707825
1.050	-1.950	0.000	32.36265564
1.150	-1.950	0.000	33.04914856
1.250	-1.950	0.000	32.82415771
1.350	-1.950	0.000	32.42285156
1.450	-1.950	0.000	32.41390228
1.550	-1.950	0.000	34.72717667
1.650	-1.950	0.000	39.56915283
1.750	-1.950	0.000	41.26732254
1.850	-1.950	0.000	37.80696869
1.950	-1.950	0.000	25.52070236
2.050	-1.950	0.000	19.06794167
2.150	-1.950	0.000	16.92396164
2.250	-1.950	0.000	17.14304161
2.350	-1.950	0.000	16.80708694
2.450	-1.950	0.000	17.36575317
-2.450	-1.850	0.000	28.57944489
-2.350	-1.850	0.000	27.25280762
-2.250	-1.850	0.000	26.91706848
-2.150	-1.850	0.000	26.11919785
-2.050	-1.850	0.000	25.67580032
-1.950	-1.850	0.000	25.19040680
-1.850	-1.850	0.000	25.04333878
-1.750	-1.850	0.000	25.15160370
-1.650	-1.850	0.000	25.86597061
-1.550	-1.850	0.000	27.41604996
-1.450	-1.850	0.000	29.91725159
-1.350	-1.850	0.000	32.49740601
-1.250	-1.850	0.000	33.54573822
-1.150	-1.850	0.000	33.20854187
-1.050	-1.850	0.000	32.05235291
-0.950	-1.850	0.000	31.67490387
-0.850	-1.850	0.000	31.34344864
-0.750	-1.850	0.000	31.43588257
-0.650	-1.850	0.000	31.49325562
-0.550	-1.850	0.000	31.23767471
-0.450	-1.850	0.000	30.51051331
-0.350	-1.850	0.000	30.08911133
-0.250	-1.850	0.000	29.82587242
-0.150	-1.850	0.000	29.75461006
-0.050	-1.850	0.000	30.01116943
0.050	-1.850	0.000	30.04190636
0.150	-1.850	0.000	30.33063507
0.250	-1.850	0.000	30.57243156
0.350	-1.850	0.000	30.75232506
0.450	-1.850	0.000	30.81891251
0.550	-1.850	0.000	30.94796371
0.650	-1.850	0.000	31.21486664
0.750	-1.850	0.000	31.16971970
0.850	-1.850	0.000	30.80418396
0.950	-1.850	0.000	30.59070206
1.050	-1.850	0.000	31.02090836
1.150	-1.850	0.000	31.85592651
1.250	-1.850	0.000	32.03758240
1.350	-1.850	0.000	31.95831299
1.450	-1.850	0.000	32.02484894
1.550	-1.850	0.000	33.19210815
1.650	-1.850	0.000	36.90007019
1.750	-1.850	0.000	39.47752380
1.850	-1.850	0.000	38.86890411
1.950	-1.850	0.000	30.64808655
2.050	-1.850	0.000	22.38853645
2.150	-1.850	0.000	18.66288185
2.250	-1.850	0.000	18.74736023
2.350	-1.850	0.000	18.16657639
2.450	-1.850	0.000	18.75035667
-2.450	-1.750	0.000	28.37392235
-2.350	-1.750	0.000	27.05706406
-2.250	-1.750	0.000	26.70028877
-2.150	-1.750	0.000	25.92445564
-2.050	-1.750	0.000	25.49764633
-1.950	-1.750	0.000	25.06841087
-1.850	-1.750	0.000	24.93198395
-1.750	-1.750	0.000	25.06496429
-1.650	-1.750	0.000	25.85264969
-1.550	-1.750	0.000	27.45353127
-1.450	-1.750	0.000	30.07590103
-1.350	-1.750	0.000	32.63933563
-1.250	-1.750	0.000	33.21009064
-1.150	-1.750	0.000	32.66031265
-1.050	-1.750	0.000	31.38155365
-0.950	-1.750	0.000	31.05342484
-0.850	-1.750	0.000	30.92201996
-0.750	-1.750	0.000	31.34595871
-0.650	-1.750	0.000	31.58053589
-0.550	-1.750	0.000	31.38153839
-0.450	-1.750	0.000	30.72215652
-0.350	-1.750	0.000	30.35354614
-0.250	-1.750	0.000	30.00675774
-0.150	-1.750	0.000	30.02341080
-0.050	-1.750	0.000	30.25914383
0.050	-1.750	0.000	30.30786705
0.150	-1.750	0.000	30.51886368
0.250	-1.750	0.000	30.64732933
0.350	-1.750	0.000	30.70066452
0.450	-1.750	0.000	30.67611694
0.550	-1.750	0.000	30.73416328
0.650	-1.750	0.000	30.93403244
0.750	-1.750	0.000	30.95333099
0.850	-1.750	0.000	30.68094254
0.950	-1.750	0.000	30.42759895
1.050	-1.750	0.000	30.55997467
1.150	-1.750	0.000	31.12299728
1.250	-1.750	0.000	31.37068176
1.350	-1.750	0.000	31.38842773
1.450	-1.750	0.000	31.51315308
1.550	-1.750	0.000	32.23228455
1.650	-1.750	0.000	34.90674973
1.750	-1.750	0.000	37.28850555
1.850	-1.750	0.000	37.58033371
1.950	-1.750	0.000	32.97579193
2.050	-1.750	0.000	25.44869995
2.150	-1.750	0.000	20.07720184
2.250	-1.750	0.000	19.65354919
2.350	-1.750	0.000	18.63291931
2.450	-1.750	0.000	18.99807739
-2.450	-1.650	0.000	28.27807999
-2.350	-1.650	0.000	26.97093391
-2.250	-1.650	0.000	26.57718277
-2.150	-1.650	0.000	25.86520004
-2.050	-1.650	0.000	25.48159409
-1.950	-1.650	0.000	25.11736870
-1.850	-1.650	0.000	25.02254486
-1.750	-1.650	0.000	25.23007584
-1.650	-1.650	0.000	26.13128281
-1.550	-1.650	0.000	27.84854889
-1.450	-1.650	0.000	30.37627411
-1.350	-1.650	0.000	32.61791229
-1.250	-1.650	0.000	32.80612564
-1.150	-1.650	0.000	32.16476440
-1.050	-1.650	0.000	30.96511459
-0.950	-1.650	0.000	30.55657196
-0.850	-1.650	0.000	30.67607880
-0.750	-1.650	0.000	31.25926208
-0.650	-1.650	0.000	31.54199219
-0.550	-1.650	0.000	31.41648483
-0.450	-1.650	0.000	30.83316040
-0.350	-1.650	0.000	30.54854584
-0.250	-1.650	0.000	30.10025024
-0.150	-1.650	0.000	30.11403847
-0.050	-1.650	0.000	30.29466629
0.050	-1.650	0.000	30.37062836
0.150	-1.650	0.000	30.51913071
0.250	-1.650	0.000	30.56147385
0.350	-1.650	0.000	30.52026749
0.450	-1.650	0.000	30.42979622
0.550	-1.650	0.000	30.42872429
0.650	-1.650	0.000	30.51736259
0.750	-1.650	0.000	30.46263123
0.850	-1.650	0.000	30.19481277
0.950	-1.650	0.000	30.02418518
1.050	-1.650	0.000	30.11582184
1.150	-1.650	0.000	30.45183563
1.250	-1.650	0.000	30.69964981
1.350	-1.650	0.000	30.87403870
1.450	-1.650	0.000	31.13029480
1.550	-1.650	0.000	31.84979248
1.650	-1.650	0.000	34.17632294
1.750	-1.650	0.000	36.16195679
1.850	-1.650	0.000	36.58697128
1.950	-1.650	0.000	34.02532578
2.050	-1.650	0.000	27.89910126
2.150	-1.650	0.000	22.41600990
2.250	-1.650	0.000	21.41461945
2.350	-1.650	0.000	20.01093674
2.450	-1.650	0.000	20.25827408
-2.450	-1.550	0.000	28.21229553
-2.350	-1.550	0.000	26.93304443
-2.250	-1.550	0.000	26.51496124
-2.150	-1.550	0.000	25.82554245
-2.050	-1.550	0.000	25.50412941
-1.950	-1.550	0.000	25.19193649
-1.850	-1.550	0.000	25.14745331
-1.750	-1.550	0.000	25.43782043
-1.650	-1.550	0.000	26.46338844
-1.550	-1.550	0.000	28.29414940
-1.450	-1.550	0.000	30.67837143
-1.350	-1.550	0.000	32.65975189
-1.250	-1.550	0.000	32.42088699
-1.150	-1.550	0.000	31.61006546
-1.050	-1.550	0.000	30.52980804
-0.950	-1.550	0.000	30.01307487
-0.850	-1.550	0.000	30.22390747
-0.750	-1.550	0.000	30.84828568
-0.650	-1.550	0.000	31.22776031
-0.550	-1.550	0.000	31.21537781
-0.450	-1.550	0.000	30.73581314
-0.350	-1.550	0.000	30.58204651
-0.250	-1.550	0.000	30.15559387
-0.150	-1.550	0.000	30.22632217
-0.050	-1.550	0.000	30.37527084
0.050	-1.550	0.000	30.47768211
0.150	-1.550	0.000	30.69328690
0.250	-1.550	0.000	30.78897095
0.350	-1.550	0.000	30.75709152
0.450	-1.550	0.000	30.65384674
0.550	-1.550	0.000	30.53815842
0.650	-1.550	0.000	30.43386078
0.750	-1.550	0.000	30.21655083
0.850	-1.550	0.000	29.93119431
0.950	-1.550	0.000	29.77037430
1.050	-1.550	0.000	29.82069588
1.150	-1.550	0.000	30.00281143
1.250	-1.550	0.000	30.04445648
1.350	-1.550	0.000	30.07624054
1.450	-1.550	0.000	30.30972290
1.550	-1.550	0.000	31.10569763
1.650	-1.550	0.000	33.36261368
1.750	-1.550	0.000	35.11896133
1.850	-1.550	0.000	35.52882385
1.950	-1.550	0.000	33.59952545
2.050	-1.550	0.000	28.81365204
2.150	-1.550	0.000	23.96650696
2.250	-1.550	0.000	22.45523071
2.350	-1.550	0.000	20.82914734
2.450	-1.550	0.000	20.75370407
-2.450	-1.450	0.000	28.24897385
-2.350	-1.450	0.000	27.00870895
-2.250	-1.450	0.000	26.59054947
-2.150	-1.450	0.000	25.91452408
-2.050	-1.450	0.000	25.64403915
-1.950	-1.450	0.000	25.40213013
-1.850	-1.450	0.000	25.40294075
-1.750	-1.450	0.000	25.76296997
-1.650	-1.450	0.000	26.86933708
-1.550	-1.450	0.000	28.75539207
-1.450	-1.450	0.000	30.96954346
-1.350	-1.450	0.000	32.67352295
-1.250	-1.450	0.000	32.12966919
-1.150	-1.450	0.000	31.20457840
-1.050	-1.450	0.000	30.31584930
-0.950	-1.450	0.000	29.62733269
-0.850	-1.450	0.000	29.82859993
-0.750	-1.450	0.000	30.42365646
-0.650	-1.450	0.000	30.80596161
-0.550	-1.450	0.000	30.86633301
-0.450	-1.450	0.000	30.54969025
-0.350	-1.450	0.000	30.37307358
-0.250	-1.450	0.000	29.97275162
-0.150	-1.450	0.000	30.08736801
-0.050	-1.450	0.000	30.19519424
0.050	-1.450	0.000	30.36859512
0.150	-1.450	0.000	30.63672066
0.250	-1.450	0.000	30.84122849
0.350	-1.450	0.000	30.86621857
0.450	-1.450	0.000	30.80828857
0.550	-1.450	0.000	30.57805634
0.650	-1.450	0.000	30.35902405
0.750	-1.450	0.000	29.99980354
0.850	-1.450	0.000	29.63336945
0.950	-1.450	0.000	29.35483742
1.050	-1.450	0.000	29.28162766
1.150	-1.450	0.000	29.37554169
1.250	-1.450	0.000	29.45827484
1.350	-1.450	0.000	29.41512108
1.450	-1.450	0.000	29.63516617
1.550	-1.450	0.000	30.50677109
1.650	-1.450	0.000	32.79974365
1.750	-1.450	0.000	34.58786011
1.850	-1.450	0.000	35.10749817
1.950	-1.450	0.000	33.42596817
2.050	-1.450	0.000	29.21257782
2.150	-1.450	0.000	25.03519630
2.250	-1.450	0.000	23.46978951
2.350	-1.450	0.000	22.04999924
2.450	-1.450	0.000	21.63907051
-2.450	-1.350	0.000	28.20352745
-2.350	-1.350	0.000	27.02248764
-2.250	-1.350	0.000	26.62911224
-2.150	-1.350	0.000	25.96834183
-2.050	-1.350	0.000	25.74951553
-1.950	-1.350	0.000	25.59820747
-1.850	-1.350	0.000	25.65221786
-1.750	-1.350	0.000	26.06857300
-1.650	-1.350	0.000	27.21990776
-1.550	-1.350	0.000	29.16006851
-1.450	-1.350	0.000	31.14045334
-1.350	-1.350	0.000	32.56317902
-1.250	-1.350	0.000	31.90772629
-1.150	-1.350	0.000	30.95162201
-1.050	-1.350	0.000	30.35533714
-0.950	-1.350	0.000	29.48950577
-0.850	-1.350	0.000	29.54957199
-0.750	-1.350	0.000	30.00881386
-0.650	-1.350	0.000	30.48121643
-0.550	-1.350	0.000	30.59022522
-0.450	-1.350	0.000	30.46505928
-0.350	-1.350	0.000	30.26059532
-0.250	-1.350	0.000	29.89102173
-0.150	-1.350	0.000	30.01192093
-0.050	-1.350	0.000	30.08309937
0.050	-1.350	0.000	30.30638885
0.150	-1.350	0.000	30.57429695
0.250	-1.350	0.000	30.84931374
0.350	-1.350	0.000	30.97281647
0.450	-1.350	0.000	31.11065292
0.550	-1.350	0.000	31.07830429
0.650	-1.350	0.000	30.70836639
0.750	-1.350	0.000	30.23258400
0.850	-1.350	0.000	29.63006592
0.950	-1.350	0.000	29.17874908
1.050	-1.350	0.000	29.01455688
1.150	-1.350	0.000	28.93660355
1.250	-1.350	0.000	28.95296097
1.350	-1.350	0.000	28.81933212
1.450	-1.350	0.000	29.00158501
1.550	-1.350	0.000	29.85240555
1.650	-1.350	0.000	32.04862213
1.750	-1.350	0.000	33.79586029
1.850	-1.350	0.000	34.33349609
1.950	-1.350	0.000	32.89830017
2.050	-1.350	0.000	28.98367500
2.150	-1.350	0.000	25.42994690
2.250	-1.350	0.000	23.83794403
2.350	-1.350	0.000	22.86808777
2.450	-1.350	0.000	22.33881760
-2.450	-1.250	0.000	28.10923386
-2.350	-1.250	0.000	27.01788712
-2.250	-1.250	0.000	26.67381668
-2.150	-1.250	0.000	26.02692223
-2.050	-1.250	0.000	25.85246849
-1.950	-1.250	0.000	25.78022385
-1.850	-1.250	0.000	25.89372253
-1.750	-1.250	0.000	26.38642883
-1.650	-1.250	0.000	27.56775665
-1.550	-1.250	0.000	29.47813416
-1.450	-1.250	0.000	31.23433304
-1.350	-1.250	0.000	32.39342117
-1.250	-1.250	0.000	31.74649048
-1.150	-1.250	0.000	30.84503174
-1.050	-1.250	0.000	30.50019836
-0.950	-1.250	0.000	29.59994698
-0.850	-1.250	0.000	29.48254585
-0.750	-1.250	0.000	29.75326920
-0.650	-1.250	0.000	30.27047348
-0.550	-1.250	0.000	30.32612228
-0.450	-1.250	0.000	30.33768272
-0.350	-1.250	0.000	30.13945770
-0.250	-1.250	0.000	29.77997589
-0.150	-1.250	0.000	29.87194061
-0.050	-1.250	0.000	29.92897797
0.050	-1.250	0.000	30.14559555
0.150	-1.250	0.000	30.40888596
0.250	-1.250	0.000	30.71734619
0.350	-1.250	0.000	30.84899521
0.450	-1.250	0.000	31.03483200
0.550	-1.250	0.000	31.17395020
0.650	-1.250	0.000	30.86474609
0.750	-1.250	0.000	30.42565918
0.850	-1.250	0.000	29.77766609
0.950	-1.250	0.000	29.07300568
1.050	-1.250	0.000	28.74169922
1.150	-1.250	0.000	28.52660751
1.250	-1.250	0.000	28.43115616
1.350	-1.250	0.000	28.18470192
1.450	-1.250	0.000	28.38589478
1.550	-1.250	0.000	29.20069885
1.650	-1.250	0.000	31.23664856
1.750	-1.250	0.000	32.92739868
1.850	-1.250	0.000	33.44560242
1.950	-1.250	0.000	32.27580261
2.050	-1.250	0.000	28.65466499
2.150	-1.250	0.000	25.53508568
2.250	-1.250	0.000	24.11059570
2.350	-1.250	0.000	23.56193924
2.450	-1.250	0.000	23.17476654
-2.450	-1.150	0.000	28.00522804
-2.350	-1.150	0.000	27.01302338
-2.250	-1.150	0.000	26.73552895
-2.150	-1.150	0.000	26.10707855
-2.050	-1.150	0.000	25.96318436
-1.950	-1.150	0.000	25.96197128
-1.850	-1.150	0.000	26.14912796
-1.750	-1.150	0.000	26.66616440
-1.650	-1.150	0.000	27.85606003
-1.550	-1.150	0.000	29.71558762
-1.450	-1.150	0.000	31.23330688
-1.350	-1.150	0.000	32.19937515
-1.250	-1.150	0.000	31.62072754
-1.150	-1.150	0.000	30.83884430
-1.050	-1.150	0.000	30.60197258
-0.950	-1.150	0.000	29.79473495
-0.850	-1.150	0.000	29.55711174
-0.750	-1.150	0.000	29.71669769
-0.650	-1.150	0.000	30.17362785
-0.550	-1.150	0.000	30.16062546
-0.450	-1.150	0.000	30.17848396
-0.350	-1.150	0.000	29.97021484
-0.250	-1.150	0.000	29.63617706
-0.150	-1.150	0.000	29.70883179
-0.050	-1.150	0.000	29.74075317
0.050	-1.150	0.000	29.92426109
0.150	-1.150	0.000	30.15691376
0.250	-1.150	0.000	30.46575546
0.350	-1.150	0.000	30.65730286
0.450	-1.150	0.000	30.83042145
0.550	-1.150	0.000	30.98249054
0.650	-1.150	0.000	30.91665268
0.750	-1.150	0.000	30.54559708
0.850	-1.150	0.000	29.97829819
0.950	-1.150	0.000	29.29675865
1.050	-1.150	0.000	28.74207878
1.150	-1.150	0.000	28.26610947
1.250	-1.150	0.000	28.04223251
1.350	-1.150	0.000	27.79327965
1.450	-1.150	0.000	28.03439331
1.550	-1.150	0.000	28.79661942
1.650	-1.150	0.000	30.59526825
1.750	-1.150	0.000	32.08206177
1.850	-1.150	0.000	32.51769257
1.950	-1.150	0.000	31.55794525
2.050	-1.150	0.000	28.21485901
2.150	-1.150	0.000	25.40465546
2.250	-1.150	0.000	24.10514069
2.350	-1.150	0.000	23.75320816
2.450	-1.150	0.000	23.78990555
-2.450	-1.050	0.000	27.87498093
-2.350	-1.050	0.000	26.98915482
-2.250	-1.050	0.000	26.77998734
-2.150	-1.050	0.000	26.17972946
-2.050	-1.050	0.000	26.07976532
-1.950	-1.050	0.000	26.04532814
-1.850	-1.050	0.000	26.34156227
-1.750	-1.050	0.000	26.88618088
-1.650	-1.050	0.000	28.09467888
-1.550	-1.050	0.000	29.87242508
-1.450	-1.050	0.000	31.17517090
-1.350	-1.050	0.000	31.97053528
-1.250	-1.050	0.000	31.47593689
-1.150	-1.050	0.000	30.88451195
-1.050	-1.050	0.000	30.66770935
-0.950	-1.050	0.000	29.95293808
-0.850	-1.050	0.000	29.66069412
-0.750	-1.050	0.000	29.72505188
-0.650	-1.050	0.000	30.08110046
-0.550	-1.050	0.000	30.02446747
-0.450	-1.050	0.000	30.06448936
-0.350	-1.050	0.000	29.80158234
-0.250	-1.050	0.000	29.42834091
-0.150	-1.050	0.000	29.46436310
-0.050	-1.050	0.000	29.44256973
0.050	-1.050	0.000	29.55392838
0.150	-1.050	0.000	29.67653084
0.250	-1.050	0.000	29.91062164
0.350	-1.050	0.000	30.16391373
0.450	-1.050	0.000	30.39429283
0.550	-1.050	0.000	30.53802109
0.650	-1.050	0.000	30.62653351
0.750	-1.050	0.000	30.42380905
0.850	-1.050	0.000	29.99985886
0.950	-1.050	0.000	29.39408875
1.050	-1.050	0.000	28.76544189
1.150	-1.050	0.000	28.12269974
1.250	-1.050	0.000	27.71845627
1.350	-1.050	0.000	27.42877960
1.450	-1.050	0.000	27.69590759
1.550	-1.050	0.000	28.43058586
1.650	-1.050	0.000	29.99358368
1.750	-1.050	0.000	31.19586945
1.850	-1.050	0.000	31.51872253
1.950	-1.050	0.000	30.73860168
2.050	-1.050	0.000	27.83499527
2.150	-1.050	0.000	25.20629501
2.250	-1.050	0.000	24.11502457
2.350	-1.050	0.000	23.79078102
2.450	-1.050	0.000	24.24321747
-2.450	-0.950	0.000	27.73385429
-2.350	-0.950	0.000	26.94651794
-2.250	-0.950	0.000	26.78647041
-2.150	-0.950	0.000	26.21488190
-2.050	-0.950	0.000	26.10768890
-1.950	-0.950	0.000	26.07365799
-1.850	-0.950	0.000	26.43542290
-1.750	-0.950	0.000	27.03651810
-1.650	-0.950	0.000	28.26304054
-1.550	-0.950	0.000	29.92654991
-1.450	-0.950	0.000	31.07787704
-1.350	-0.950	0.000	31.72962189
-1.250	-0.950	0.000	31.30470276
-1.150	-0.950	0.000	30.95162582
-1.050	-0.950	0.000	30.75870514
-0.950	-0.950	0.000	30.12923050
-0.850	-0.950	0.000	29.80696487
-0.750	-0.950	0.000	29.79621124
-0.650	-0.950	0.000	29.99885178
-0.550	-0.950	0.000	29.91016769
-0.450	-0.950	0.000	29.87623024
-0.350	-0.950	0.000	29.65153885
-0.250	-0.950	0.000	29.22032547
-0.150	-0.950	0.000	29.17969322
-0.050	-0.950	0.000	29.09615326
0.050	-0.950	0.000	29.23451424
0.150	-0.950	0.000	29.29204178
0.250	-0.950	0.000	29.37974358
0.350	-0.950	0.000	29.54327393
0.450	-0.950	0.000	29.75602150
0.550	-0.950	0.000	29.85163689
0.650	-0.950	0.000	29.98397064
0.750	-0.950	0.000	30.01523399
0.850	-0.950	0.000	29.80330658
0.950	-0.950	0.000	29.48033714
1.050	-0.950	0.000	28.95969009
1.150	-0.950	0.000	28.25064850
1.250	-0.950	0.000	27.72546768
1.350	-0.950	0.000	27.30623627
1.450	-0.950	0.000	27.54995346
1.550	-0.950	0.000	28.24897766
1.650	-0.950	0.000	29.60033035
1.750	-0.950	0.000	30.52614975
1.850	-0.950	0.000	30.70153427
1.950	-0.950	0.000	29.94990730
2.050	-0.950	0.000	27.41899109
2.150	-0.950	0.000	24.98744583
2.250	-0.950	0.000	24.10544586
2.350	-0.950	0.000	23.67439842
2.450	-0.950	0.000	24.44310379
-2.450	-0.850	0.000	27.45962906
-2.350	-0.850	0.000	26.76781464
-2.250	-0.850	0.000	26.63964653
-2.150	-0.850	0.000	26.15226364
-2.050	-0.850	0.000	25.99397469
-1.950	-0.850	0.000	25.98028946
-1.850	-0.850	0.000	26.41437531
-1.750	-0.850	0.000	27.07756233
-1.650	-0.850	0.000	28.29735184
-1.550	-0.850	0.000	29.84234238
-1.450	-0.850	0.000	30.86190605
-1.350	-0.850	0.000	31.40403748
-1.250	-0.850	0.000	31.08057022
-1.150	-0.850	0.000	30.97585678
-1.050	-0.850	0.000	30.78948975
-0.950	-0.850	0.000	30.29832840
-0.850	-0.850	0.000	29.95557785
-0.750	-0.850	0.000	29.87227440
-0.650	-0.850	0.000	29.92228699
-0.550	-0.850	0.000	29.80877304
-0.450	-0.850	0.000	29.70407486
-0.350	-0.850	0.000	29.48798370
-0.250	-0.850	0.000	29.04600143
-0.150	-0.850	0.000	28.89351082
-0.050	-0.850	0.000	28.78161240
0.050	-0.850	0.000	28.87287521
0.150	-0.850	0.000	28.96316147
0.250	-0.850	0.000	29.00677872
0.350	-0.850	0.000	29.01590729
0.450	-0.850	0.000	29.09117889
0.550	-0.850	0.000	29.09752655
0.650	-0.850	0.000	29.08842468
0.750	-0.850	0.000	29.33530235
0.850	-0.850	0.000	29.45879936
0.950	-0.850	0.000	29.32571793
1.050	-0.850	0.000	29.09011841
1.150	-0.850	0.000	28.49185944
1.250	-0.850	0.000	27.90717697
1.350	-0.850	0.000	27.40319824
1.450	-0.850	0.000	27.59211349
1.550	-0.850	0.000	28.14877510
1.650	-0.850	0.000	29.24020767
1.750	-0.850	0.000	29.93516541
1.850	-0.850	0.000	30.03645706
1.950	-0.850	0.000	29.18319321
2.050	-0.850	0.000	27.09636688
2.150	-0.850	0.000	24.78671265
2.250	-0.850	0.000	24.37028694
2.350	-0.850	0.000	23.68829155
2.450	-0.850	0.000	24.54528046
-2.450	-0.750	0.000	27.14153290
-2.350	-0.750	0.000	26.46802711
-2.250	-0.750	0.000	26.36615181
-2.150	-0.750	0.000	25.94450188
-2.050	-0.750	0.000	25.79720688
-1.950	-0.750	0.000	25.76852036
-1.850	-0.750	0.000	26.26527405
-1.750	-0.750	0.000	26.98763275
-1.650	-0.750	0.000	28.22025108
-1.550	-0.750	0.000	29.63667297
-1.450	-0.750	0.000	30.54021072
-1.350	-0.750	0.000	30.96298218
-1.250	-0.750	0.000	30.83491707
-1.150	-0.750	0.000	30.87721634
-1.050	-0.750	0.000	30.79423523
-0.950	-0.750	0.000	30.45198059
-0.850	-0.750	0.000	30.12614822
-0.750	-0.750	0.000	29.98887634
-0.650	-0.750	0.000	29.90412712
-0.550	-0.750	0.000	29.75817108
-0.450	-0.750	0.000	29.53950310
-0.350	-0.750	0.000	29.39650154
-0.250	-0.750	0.000	28.92916107
-0.150	-0.750	0.000	28.74246788
-0.050	-0.750	0.000	28.57941818
0.050	-0.750	0.000	28.64136505
0.150	-0.750	0.000	28.68544388
0.250	-0.750	0.000	28.68688774
0.350	-0.750	0.000	28.63058472
0.450	-0.750	0.000	28.59528732
0.550	-0.750	0.000	28.53998566
0.650	-0.750	0.000	28.37751389
0.750	-0.750	0.000	28.45950317
0.850	-0.750	0.000	28.95368576
0.950	-0.750	0.000	29.13632965
1.050	-0.750	0.000	29.07806778
1.150	-0.750	0.000	28.76179886
1.250	-0.750	0.000	28.24513626
1.350	-0.750	0.000	27.71551514
1.450	-0.750	0.000	27.85164642
1.550	-0.750	0.000	28.24620247
1.650	-0.750	0.000	29.03792191
1.750	-0.750	0.000	29.48616409
1.850	-0.750	0.000	29.53215981
1.950	-0.750	0.000	28.53734016
2.050	-0.750	0.000	26.82352448
2.150	-0.750	0.000	24.67441177
2.250	-0.750	0.000	24.62331772
2.350	-0.750	0.000	23.88530350
2.450	-0.750	0.000	24.60901833
-2.450	-0.650	0.000	26.81563187
-2.350	-0.650	0.000	26.14693832
-2.250	-0.650	0.000	26.06053734
-2.150	-0.650	0.000	25.69502831
-2.050	-0.650	0.000	25.60976028
-1.950	-0.650	0.000	25.63916206
-1.850	-0.650	0.000	26.15222931
-1.750	-0.650	0.000	26.94762802
-1.650	-0.650	0.000	28.19618225
-1.550	-0.650	0.000	29.47408676
-1.450	-0.650	0.000	30.22788620
-1.350	-0.650	0.000	30.53384209
-1.250	-0.650	0.000	30.53971863
-1.150	-0.650	0.000	30.71248627
-1.050	-0.650	0.000	30.76420021
-0.950	-0.650	0.000	30.55524826
-0.850	-0.650	0.000	30.30052567
-0.750	-0.650	0.000	30.08472443
-0.650	-0.650	0.000	29.92825317
-0.550	-0.650	0.000	29.74893570
-0.450	-0.650	0.000	29.46308899
-0.350	-0.650	0.000	29.36524200
-0.250	-0.650	0.000	28.94828796
-0.150	-0.650	0.000	28.71379280
-0.050	-0.650	0.000	28.54264450
0.050	-0.650	0.000	28.59908867
0.150	-0.650	0.000	28.60074615
0.250	-0.650	0.000	28.52007103
0.350	-0.650	0.000	28.35963058
0.450	-0.650	0.000	28.20017624
0.550	-0.650	0.000	28.05818558
0.650	-0.650	0.000	27.93537140
0.750	-0.650	0.000	27.88711929
0.850	-0.650	0.000	28.26534271
0.950	-0.650	0.000	28.75263023
1.050	-0.650	0.000	28.94807053
1.150	-0.650	0.000	28.93684769
1.250	-0.650	0.000	28.62997627
1.350	-0.650	0.000	28.13814926
1.450	-0.650	0.000	28.22628784
1.550	-0.650	0.000	28.45667267
1.650	-0.650	0.000	28.88238907
1.750	-0.650	0.000	29.02494431
1.850	-0.650	0.000	28.98979187
1.950	-0.650	0.000	27.85580826
2.050	-0.650	0.000	26.39405823
2.150	-0.650	0.000	24.35602570
2.250	-0.650	0.000	24.50952911
2.350	-0.650	0.000	23.78036880
2.450	-0.650	0.000	24.47776413
-2.450	-0.550	0.000	26.54250717
-2.350	-0.550	0.000	25.85229301
-2.250	-0.550	0.000	25.76854706
-2.150	-0.550	0.000	25.46900177
-2.050	-0.550	0.000	25.47128296
-1.950	-0.550	0.000	25.58578491
-1.850	-0.550	0.000	26.15248489
-1.750	-0.550	0.000	27.03351021
-1.650	-0.550	0.000	28.29188728
-1.550	-0.550	0.000	29.44996262
-1.450	-0.550	0.000	30.05733109
-1.350	-0.550	0.000	30.24347687
-1.250	-0.550	0.000	30.29283142
-1.150	-0.550	0.000	30.55858231
-1.050	-0.550	0.000	30.73679733
-0.950	-0.550	0.000	30.69299316
-0.850	-0.550	0.000	30.52171326
-0.750	-0.550	0.000	30.26021576
-0.650	-0.550	0.000	29.97083282
-0.550	-0.550	0.000	29.77122879
-0.450	-0.550	0.000	29.44200897
-0.350	-0.550	0.000	29.35351944
-0.250	-0.550	0.000	28.98258972
-0.150	-0.550	0.000	28.75434494
-0.050	-0.550	0.000	28.60419273
0.050	-0.550	0.000	28.62903023
0.150	-0.550	0.000	28.59240532
0.250	-0.550	0.000	28.46953583
0.350	-0.550	0.000	28.25800896
0.450	-0.550	0.000	27.98593903
0.550	-0.550	0.000	27.65874863
0.650	-0.550	0.000	27.52851486
0.750	-0.550	0.000	27.50656891
0.850	-0.550	0.000	27.71268463
0.950	-0.550	0.000	28.22546959
1.050	-0.550	0.000	28.67856026
1.150	-0.550	0.000	28.93332291
1.250	-0.550	0.000	28.86373138
1.350	-0.550	0.000	28.52347755
1.450	-0.550	0.000	28.54753304
1.550	-0.550	0.000	28.61888313
1.650	-0.550	0.000	28.67732811
1.750	-0.550	0.000	28.69717789
1.850	-0.550	0.000	28.47064590
1.950	-0.550	0.000	27.18993759
2.050	-0.550	0.000	25.91416740
2.150	-0.550	0.000	24.00151825
2.250	-0.550	0.000	24.12113571
2.350	-0.550	0.000	23.52891159
2.450	-0.550	0.000	24.11317825
-2.450	-0.450	0.000	26.27415276
-2.350	-0.450	0.000	25.54022598
-2.250	-0.450	0.000	25.46506500
-2.150	-0.450	0.000	25.19533157
-2.050	-0.450	0.000	25.28281593
-1.950	-0.450	0.000	25.47665596
-1.850	-0.450	0.000	26.11100578
-1.750	-0.450	0.000	27.09823990
-1.650	-0.450	0.000	28.41728592
-1.550	-0.450	0.000	29.50888824
-1.450	-0.450	0.000	29.93829727
-1.350	-0.450	0.000	30.03856277
-1.250	-0.450	0.000	30.03420258
-1.150	-0.450	0.000	30.37570763
-1.050	-0.450	0.000	30.66343498
-0.950	-0.450	0.000	30.85319138
-0.850	-0.450	0.000	30.72233582
-0.750	-0.450	0.000	30.46921921
-0.650	-0.450	0.000	30.12261963
-0.550	-0.450	0.000	29.86968803
-0.450	-0.450	0.000	29.53986549
-0.350	-0.450	0.000	29.42522430
-0.250	-0.450	0.000	29.12601471
-0.150	-0.450	0.000	28.91586685
-0.050	-0.450	0.000	28.77641296
0.050	-0.450	0.000	28.77285385
0.150	-0.450	0.000	28.70791245
0.250	-0.450	0.000	28.52533340
0.350	-0.450	0.000	28.26940918
0.450	-0.450	0.000	27.97465134
0.550	-0.450	0.000	27.52868080
0.650	-0.450	0.000	27.25024605
0.750	-0.450	0.000	27.27819633
0.850	-0.450	0.000	27.40515900
0.950	-0.450	0.000	27.88623619
1.050	-0.450	0.000	28.48268890
1.150	-0.450	0.000	28.80724716
1.250	-0.450	0.000	28.96825027
1.350	-0.450	0.000	28.95233536
1.450	-0.450	0.000	28.85081863
1.550	-0.450	0.000	28.63002968
1.650	-0.450	0.000	28.53846359
1.750	-0.450	0.000	28.34277725
1.850	-0.450	0.000	27.88876343
1.950	-0.450	0.000	26.50341034
2.050	-0.450	0.000	25.32421875
2.150	-0.450	0.000	23.60122871
2.250	-0.450	0.000	23.63098335
2.350	-0.450	0.000	23.07969284
2.450	-0.450	0.000	23.64216614
-2.450	-0.350	0.000	25.99721146
-2.350	-0.350	0.000	25.23783112
-2.250	-0.350	0.000	25.16383362
-2.150	-0.350	0.000	24.91625595
-2.050	-0.350	0.000	25.06798935
-1.950	-0.350	0.000	25.32053375
-1.850	-0.350	0.000	26.03407669
-1.750	-0.350	0.000	27.12735558
-1.650	-0.350	0.000	28.51378250
-1.550	-0.350	0.000	29.61242676
-1.450	-0.350	0.000	29.86777115
-1.350	-0.350	0.000	29.85706329
-1.250	-0.350	0.000	29.80734634
-1.150	-0.350	0.000	30.09701920
-1.050	-0.350	0.000	30.47081184
-0.950	-0.350	0.000	30.89794540
-0.850	-0.350	0.000	30.89510345
-0.750	-0.350	0.000	30.74917793
-0.650	-0.350	0.000	30.43669891
-0.550	-0.350	0.000	30.01446533
-0.450	-0.350	0.000	29.68788338
-0.350	-0.350	0.000	29.54249763
-0.250	-0.350	0.000	29.28397369
-0.150	-0.350	0.000	29.13144112
-0.050	-0.350	0.000	28.98878479
0.050	-0.350	0.000	28.94477463
0.150	-0.350	0.000	28.85318756
0.250	-0.350	0.000	28.63239670
0.350	-0.350	0.000	28.29279709
0.450	-0.350	0.000	27.93370438
0.550	-0.350	0.000	27.49831390
0.650	-0.350	0.000	27.13513947
0.750	-0.350	0.000	27.12171364
0.850	-0.350	0.000	27.16797256
0.950	-0.350	0.000	27.61252403
1.050	-0.350	0.000	28.33869743
1.150	-0.350	0.000	28.81680870
1.250	-0.350	0.000	29.05128098
1.350	-0.350	0.000	29.08873749
1.450	-0.350	0.000	28.96771240
1.550	-0.350	0.000	28.57923317
1.650	-0.350	0.000	28.35363007
1.750	-0.350	0.000	27.92294693
1.850	-0.350	0.000	27.32600403
1.950	-0.350	0.000	25.89757156
2.050	-0.350	0.000	24.72859001
2.150	-0.350	0.000	23.06399345
2.250	-0.350	0.000	23.16424561
2.350	-0.350	0.000	22.59024239
2.450	-0.350	0.000	23.09212112
-2.450	-0.250	0.000	25.74892998
-2.350	-0.250	0.000	24.95162201
-2.250	-0.250	0.000	24.87273026
-2.150	-0.250	0.000	24.63222504
-2.050	-0.250	0.000	24.83337402
-1.950	-0.250	0.000	25.13936615
-1.850	-0.250	0.000	25.91221619
-1.750	-0.250	0.000	27.12052727
-1.650	-0.250	0.000	28.56053162
-1.550	-0.250	0.000	29.66723442
-1.450	-0.250	0.000	29.75402069
-1.350	-0.250	0.000	29.64287186
-1.250	-0.250	0.000	29.59477043
-1.150	-0.250	0.000	29.70425034
-1.050	-0.250	0.000	30.08307648
-0.950	-0.250	0.000	30.69224930
-0.850	-0.250	0.000	30.88592148
-0.750	-0.250	0.000	30.95292282
-0.650	-0.250	0.000	30.64669228
-0.550	-0.250	0.000	30.17684174
-0.450	-0.250	0.000	29.81217575
-0.350	-0.250	0.000	29.64930725
-0.250	-0.250	0.000	29.42200089
-0.150	-0.250	0.000	29.30892181
-0.050	-0.250	0.000	29.17969513
0.050	-0.250	0.000	29.11353302
0.150	-0.250	0.000	28.98501778
0.250	-0.250	0.000	28.74689865
0.350	-0.250	0.000	28.36805344
0.450	-0.250	0.000	27.92792892
0.550	-0.250	0.000	27.50540161
0.650	-0.250	0.000	27.13174057
0.750	-0.250	0.000	27.11907196
0.850	-0.250	0.000	27.12300682
0.950	-0.250	0.000	27.53239059
1.050	-0.250	0.000	28.27988815
1.150	-0.250	0.000	28.84720421
1.250	-0.250	0.000	29.16086769
1.350	-0.250	0.000	29.14125061
1.450	-0.250	0.000	28.92283630
1.550	-0.250	0.000	28.46472549
1.650	-0.250	0.000	28.12744713
1.750	-0.250	0.000	27.50260162
1.850	-0.250	0.000	26.81834030
1.950	-0.250	0.000	25.39863014
2.050	-0.250	0.000	24.34423447
2.150	-0.250	0.000	22.74698830
2.250	-0.250	0.000	22.83255768
2.350	-0.250	0.000	22.27521515
2.450	-0.250	0.000	22.71956444
-2.450	-0.150	0.000	25.49152756
-2.350	-0.150	0.000	24.67008018
-2.250	-0.150	0.000	24.57407761
-2.150	-0.150	0.000	24.32161903
-2.050	-0.150	0.000	24.53878784
-1.950	-0.150	0.000	24.87921906
-1.850	-0.150	0.000	25.70964813
-1.750	-0.150	0.000	26.99983025
-1.650	-0.150	0.000	28.47989655
-1.550	-0.150	0.000	29.54379272
-1.450	-0.150	0.000	29.59537125
-1.350	-0.150	0.000	29.33916473
-1.250	-0.150	0.000	29.24089241
-1.150	-0.150	0.000	29.26067352
-1.050	-0.150	0.000	29.63959885
-0.950	-0.150	0.000	30.28418159
-0.850	-0.150	0.000	30.69350052
-0.750	-0.150	0.000	30.93706512
-0.650	-0.150	0.000	30.64754105
-0.550	-0.150	0.000	30.25029373
-0.450	-0.150	0.000	29.87405586
-0.350	-0.150	0.000	29.69681931
-0.250	-0.150	0.000	29.53075790
-0.150	-0.150	0.000	29.42980194
-0.050	-0.150	0.000	29.29699135
0.050	-0.150	0.000	29.20442009
0.150	-0.150	0.000	29.04387283
0.250	-0.150	0.000	28.77390480
0.350	-0.150	0.000	28.36450577
0.450	-0.150	0.000	27.86992836
0.550	-0.150	0.000	27.42858505
0.650	-0.150	0.000	27.08877182
0.750	-0.150	0.000	27.07987785
0.850	-0.150	0.000	27.18180466
0.950	-0.150	0.000	27.61108017
1.050	-0.150	0.000	28.37683105
1.150	-0.150	0.000	28.94220352
1.250	-0.150	0.000	29.24177933
1.350	-0.150	0.000	29.15438080
1.450	-0.150	0.000	28.84666824
1.550	-0.150	0.000	28.39834213
1.650	-0.150	0.000	28.04759979
1.750	-0.150	0.000	27.34420013
1.850	-0.150	0.000	26.58097267
1.950	-0.150	0.000	25.17042351
2.050	-0.150	0.000	24.12639236
2.150	-0.150	0.000	22.60454369
2.250	-0.150	0.000	22.66135025
2.350	-0.150	0.000	22.12281990
2.450	-0.150	0.000	22.57831764
-2.450	-0.050	0.000	25.15046310
-2.350	-0.050	0.000	24.32924271
-2.250	-0.050	0.000	24.22950172
-2.150	-0.050	0.000	23.95888519
-2.050	-0.050	0.000	24.19066048
-1.950	-0.050	0.000	24.58466530
-1.850	-0.050	0.000	25.45214844
-1.750	-0.050	0.000	26.77659607
-1.650	-0.050	0.000	28.25102997
-1.550	-0.050	0.000	29.30585670
-1.450	-0.050	0.000	29.34212494
-1.350	-0.050	0.000	29.03865623
-1.250	-0.050	0.000	28.80393219
-1.150	-0.050	0.000	28.76384354
-1.050	-0.050	0.000	29.11308289
-0.950	-0.050	0.000	29.70786285
-0.850	-0.050	0.000	30.33356476
-0.750	-0.050	0.000	30.73254395
-0.650	-0.050	0.000	30.55874252
-0.550	-0.050	0.000	30.24575043
-0.450	-0.050	0.000	29.81951332
-0.350	-0.050	0.000	29.65740967
-0.250	-0.050	0.000	29.58127785
-0.150	-0.050	0.000	29.52602768
-0.050	-0.050	0.000	29.43318558
0.050	-0.050	0.000	29.31233215
0.150	-0.050	0.000	29.11734009
0.250	-0.050	0.000	28.80467224
0.350	-0.050	0.000	28.37256432
0.450	-0.050	0.000	27.86105919
0.550	-0.050	0.000	27.39585495
0.650	-0.050	0.000	27.08614731
0.750	-0.050	0.000	27.04256439
0.850	-0.050	0.000	27.24726486
0.950	-0.050	0.000	27.75396538
1.050	-0.050	0.000	28.46250534
1.150	-0.050	0.000	28.94678497
1.250	-0.050	0.000	29.15439415
1.350	-0.050	0.000	28.98361206
1.450	-0.050	0.000	28.61628723
1.550	-0.050	0.000	28.25391388
1.650	-0.050	0.000	27.97924423
1.750	-0.050	0.000	27.28559303
1.850	-0.050	0.000	26.48784256
1.950	-0.050	0.000	25.08105278
2.050	-0.050	0.000	24.06782913
2.150	-0.050	0.000	22.53002739
2.250	-0.050	0.000	22.60711670
2.350	-0.050	0.000	22.07855606
2.450	-0.050	0.000	22.54771423
-2.450	0.050	0.000	24.87297630
-2.350	0.050	0.000	24.04082489
-2.250	0.050	0.000	23.95426559
-2.150	0.050	0.000	23.67020035
-2.050	0.050	0.000	23.92755508
-1.950	0.050	0.000	24.34363365
-1.850	0.050	0.000	25.25078583
-1.750	0.050	0.000	26.56252098
-1.650	0.050	0.000	28.00674057
-1.550	0.050	0.000	28.97122955
-1.450	0.050	0.000	29.02271271
-1.350	0.050	0.000	28.65555191
-1.250	0.050	0.000	28.33095551
-1.150	0.050	0.000	28.26626778
-1.050	0.050	0.000	28.53178406
-0.950	0.050	0.000	29.07284164
-0.850	0.050	0.000	29.87640953
-0.750	0.050	0.000	30.37709808
-0.650	0.050	0.000	30.46130180
-0.550	0.050	0.000	30.21480179
-0.450	0.050	0.000	29.79919434
-0.350	0.050	0.000	29.58071327
-0.250	0.050	0.000	29.54331207
-0.150	0.050	0.000	29.52882385
-0.050	0.050	0.000	29.51997757
0.050	0.050	0.000	29.41711044
0.150	0.050	0.000	29.18594742
0.250	0.050	0.000	28.82794762
0.350	0.050	0.000	28.34809494
0.450	0.050	0.000	27.82070160
0.550	0.050	0.000	27.35440445
0.650	0.050	0.000	27.08374023
0.750	0.050	0.000	27.02507782
0.850	0.050	0.000	27.23195267
0.950	0.050	0.000	27.85175705
1.050	0.050	0.000	28.46179962
1.150	0.050	0.000	28.88419533
1.250	0.050	0.000	28.99347687
1.350	0.050	0.000	28.78350449
1.450	0.050	0.000	28.45475769
1.550	0.050	0.000	28.20130920
1.650	0.050	0.000	28.03175354
1.750	0.050	0.000	27.45847321
1.850	0.050	0.000	26.62709808
1.950	0.050	0.000	25.14968491
2.050	0.050	0.000	24.09115982
2.150	0.050	0.000	22.58582306
2.250	0.050	0.000	22.70946121
2.350	0.050	0.000	22.18998337
2.450	0.050	0.000	22.62834549
-2.450	0.150	0.000	24.78796005
-2.350	0.150	0.000	23.95017242
-2.250	0.150	0.000	23.87540436
-2.150	0.150	0.000	23.56107521
-2.050	0.150	0.000	23.85634995
-1.950	0.150	0.000	24.23036575
-1.850	0.150	0.000	25.15264893
-1.750	0.150	0.000	26.45659637
-1.650	0.150	0.000	27.85802460
-1.550	0.150	0.000	28.68426132
-1.450	0.150	0.000	28.65816498
-1.350	0.150	0.000	28.23017311
-1.250	0.150	0.000	27.78968620
-1.150	0.150	0.000	27.71308136
-1.050	0.150	0.000	27.88418579
-0.950	0.150	0.000	28.44443703
-0.850	0.150	0.000	29.27557373
-0.750	0.150	0.000	29.95669937
-0.650	0.150	0.000	30.31831741
-0.550	0.150	0.000	30.24732590
-0.450	0.150	0.000	29.94955444
-0.350	0.150	0.000	29.64886093
-0.250	0.150	0.000	29.52474403
-0.150	0.150	0.000	29.52144241
-0.050	0.150	0.000	29.57131386
0.050	0.150	0.000	29.53483963
0.150	0.150	0.000	29.34857178
0.250	0.150	0.000	28.98629951
0.350	0.150	0.000	28.48667908
0.450	0.150	0.000	27.95967102
0.550	0.150	0.000	27.49155235
0.650	0.150	0.000	27.25591660
0.750	0.150	0.000	27.22526550
0.850	0.150	0.000	27.45034409
0.950	0.150	0.000	27.93966293
1.050	0.150	0.000	28.44548416
1.150	0.150	0.000	28.68400192
1.250	0.150	0.000	28.75491905
1.350	0.150	0.000	28.46962738
1.450	0.150	0.000	28.20880318
1.550	0.150	0.000	28.02882004
1.650	0.150	0.000	27.97422409
1.750	0.150	0.000	27.65231895
1.850	0.150	0.000	26.92733002
1.950	0.150	0.000	25.47340012
2.050	0.150	0.000	24.40288162
2.150	0.150	0.000	22.88944244
2.250	0.150	0.000	23.01047897
2.350	0.150	0.000	22.50205612
2.450	0.150	0.000	22.90787697
-2.450	0.250	0.000	24.91991425
-2.350	0.250	0.000	24.08667755
-2.250	0.250	0.000	24.02425766
-2.150	0.250	0.000	23.68587494
-2.050	0.250	0.000	24.04272842
-1.950	0.250	0.000	24.35847092
-1.850	0.250	0.000	25.28264618
-1.750	0.250	0.000	26.55289650
-1.650	0.250	0.000	27.87166977
-1.550	0.250	0.000	28.46830368
-1.450	0.250	0.000	28.37395668
-1.350	0.250	0.000	27.83401108
-1.250	0.250	0.000	27.30088043
-1.150	0.250	0.000	27.12887955
-1.050	0.250	0.000	27.27534103
-0.950	0.250	0.000	27.80652428
-0.850	0.250	0.000	28.59156799
-0.750	0.250	0.000	29.42795372
-0.650	0.250	0.000	30.10869598
-0.550	0.250	0.000	30.32780266
-0.450	0.250	0.000	30.19331741
-0.350	0.250	0.000	29.90364838
-0.250	0.250	0.000	29.66028214
-0.150	0.250	0.000	29.57054901
-0.050	0.250	0.000	29.55908203
0.050	0.250	0.000	29.53842545
0.150	0.250	0.000	29.41400528
0.250	0.250	0.000	29.11910820
0.350	0.250	0.000	28.66136932
0.450	0.250	0.000	28.16516113
0.550	0.250	0.000	27.71077919
0.650	0.250	0.000	27.44056511
0.750	0.250	0.000	27.39826202
0.850	0.250	0.000	27.66967392
0.950	0.250	0.000	28.01690483
1.050	0.250	0.000	28.46760750
1.150	0.250	0.000	28.61674118
1.250	0.250	0.000	28.56935310
1.350	0.250	0.000	28.21098328
1.450	0.250	0.000	28.00373840
1.550	0.250	0.000	27.90178299
1.650	0.250	0.000	27.81906509
1.750	0.250	0.000	27.67329597
1.850	0.250	0.000	27.01489449
1.950	0.250	0.000	25.54433441
2.050	0.250	0.000	24.45231438
2.150	0.250	0.000	22.99151611
2.250	0.250	0.000	23.20088387
2.350	0.250	0.000	22.75625610
2.450	0.250	0.000	23.22156525
-2.450	0.350	0.000	25.21201324
-2.350	0.350	0.000	24.40183640
-2.250	0.350	0.000	24.38806343
-2.150	0.350	0.000	24.05753136
-2.050	0.350	0.000	24.42095184
-1.950	0.350	0.000	24.67742920
-1.850	0.350	0.000	25.57720184
-1.750	0.350	0.000	26.75172806
-1.650	0.350	0.000	27.94059563
-1.550	0.350	0.000	28.28125191
-1.450	0.350	0.000	28.08331680
-1.350	0.350	0.000	27.38526535
-1.250	0.350	0.000	26.79697800
-1.150	0.350	0.000	26.52429581
-1.050	0.350	0.000	26.64029884
-0.950	0.350	0.000	27.08894348
-0.850	0.350	0.000	27.81880760
-0.750	0.350	0.000	28.84351540
-0.650	0.350	0.000	29.84235954
-0.550	0.350	0.000	30.34518433
-0.450	0.350	0.000	30.50086212
-0.350	0.350	0.000	30.32515335
-0.250	0.350	0.000	30.00881004
-0.150	0.350	0.000	29.80829239
-0.050	0.350	0.000	29.68958092
0.050	0.350	0.000	29.62086678
0.150	0.350	0.000	29.51016426
0.250	0.350	0.000	29.27816391
0.350	0.350	0.000	28.88936615
0.450	0.350	0.000	28.45023727
0.550	0.350	0.000	28.02661514
0.650	0.350	0.000	27.74941254
0.750	0.350	0.000	27.69256973
0.850	0.350	0.000	27.86454391
0.950	0.350	0.000	28.07200432
1.050	0.350	0.000	28.43983650
1.150	0.350	0.000	28.43438721
1.250	0.350	0.000	28.38019562
1.350	0.350	0.000	28.14611435
1.450	0.350	0.000	28.02006531
1.550	0.350	0.000	28.10383797
1.650	0.350	0.000	28.11495972
1.750	0.350	0.000	28.09308243
1.850	0.350	0.000	27.52330017
1.950	0.350	0.000	25.99567604
2.050	0.350	0.000	24.83274841
2.150	0.350	0.000	23.28173447
2.250	0.350	0.000	23.38661957
2.350	0.350	0.000	22.97106552
2.450	0.350	0.000	23.49748230
-2.450	0.450	0.000	25.72115326
-2.350	0.450	0.000	24.91245270
-2.250	0.450	0.000	24.94305229
-2.150	0.450	0.000	24.63415718
-2.050	0.450	0.000	24.93667984
-1.950	0.450	0.000	25.15684128
-1.850	0.450	0.000	26.04044724
-1.750	0.450	0.000	27.09432602
-1.650	0.450	0.000	28.13647079
-1.550	0.450	0.000	28.22404480
-1.450	0.450	0.000	27.91540146
-1.350	0.450	0.000	27.03382111
-1.250	0.450	0.000	26.35367203
-1.150	0.450	0.000	26.00093842
-1.050	0.450	0.000	26.04880524
-0.950	0.450	0.000	26.34213638
-0.850	0.450	0.000	26.99538422
-0.750	0.450	0.000	27.93592453
-0.650	0.450	0.000	29.04084778
-0.550	0.450	0.000	29.99111938
-0.450	0.450	0.000	30.58707809
-0.350	0.450	0.000	30.74798965
-0.250	0.450	0.000	30.41235733
-0.150	0.450	0.000	30.01275253
-0.050	0.450	0.000	29.71534729
0.050	0.450	0.000	29.53328705
0.150	0.450	0.000	29.36297989
0.250	0.450	0.000	29.13523293
0.350	0.450	0.000	28.79254532
0.450	0.450	0.000	28.40892029
0.550	0.450	0.000	28.05810547
0.650	0.450	0.000	27.77810669
0.750	0.450	0.000	27.71315002
0.850	0.450	0.000	27.81703568
0.950	0.450	0.000	27.98511124
1.050	0.450	0.000	28.28852081
1.150	0.450	0.000	28.23104095
1.250	0.450	0.000	28.10288620
1.350	0.450	0.000	27.87326813
1.450	0.450	0.000	27.76322174
1.550	0.450	0.000	27.93549156
1.650	0.450	0.000	28.02751160
1.750	0.450	0.000	28.11390877
1.850	0.450	0.000	27.75935364
1.950	0.450	0.000	26.36058807
2.050	0.450	0.000	25.21675491
2.150	0.450	0.000	23.58810806
2.250	0.450	0.000	23.73771286
2.350	0.450	0.000	23.31191635
2.450	0.450	0.000	23.77005005
-2.450	0.550	0.000	26.28107071
-2.350	0.550	0.000	25.45251465
-2.250	0.550	0.000	25.47040939
-2.150	0.550	0.000	25.19778824
-2.050	0.550	0.000	25.47333145
-1.950	0.550	0.000	25.67253876
-1.850	0.550	0.000	26.53494263
-1.750	0.550	0.000	27.44642258
-1.650	0.550	0.000	28.34516907
-1.550	0.550	0.000	28.16701889
-1.450	0.550	0.000	27.77622032
-1.350	0.550	0.000	26.77110291
-1.250	0.550	0.000	26.02830124
-1.150	0.550	0.000	25.61767578
-1.050	0.550	0.000	25.52310181
-0.950	0.550	0.000	25.71541214
-0.850	0.550	0.000	26.21977615
-0.750	0.550	0.000	27.04997635
-0.650	0.550	0.000	28.12903595
-0.550	0.550	0.000	29.24169540
-0.450	0.550	0.000	30.10982704
-0.350	0.550	0.000	30.65686035
-0.250	0.550	0.000	30.61826324
-0.150	0.550	0.000	30.20074272
-0.050	0.550	0.000	29.81325150
0.050	0.550	0.000	29.47780418
0.150	0.550	0.000	29.19823837
0.250	0.550	0.000	28.94040680
0.350	0.550	0.000	28.63712692
0.450	0.550	0.000	28.26515961
0.550	0.550	0.000	27.87434387
0.650	0.550	0.000	27.62006378
0.750	0.550	0.000	27.56959915
0.850	0.550	0.000	27.71060181
0.950	0.550	0.000	27.85605240
1.050	0.550	0.000	28.08233643
1.150	0.550	0.000	28.05705261
1.250	0.550	0.000	28.01188660
1.350	0.550	0.000	27.91209793
1.450	0.550	0.000	27.89955139
1.550	0.550	0.000	28.14537239
1.650	0.550	0.000	28.29821777
1.750	0.550	0.000	28.39364624
1.850	0.550	0.000	28.15044403
1.950	0.550	0.000	26.81000328
2.050	0.550	0.000	25.70382309
2.150	0.550	0.000	24.11247253
2.250	0.550	0.000	24.26572609
2.350	0.550	0.000	23.86512375
2.450	0.550	0.000	24.31347656
-2.450	0.650	0.000	26.79905319
-2.350	0.650	0.000	25.99735641
-2.250	0.650	0.000	25.95682716
-2.150	0.650	0.000	25.61313248
-2.050	0.650	0.000	25.90323639
-1.950	0.650	0.000	26.15801620
-1.850	0.650	0.000	27.01413727
-1.750	0.650	0.000	27.81444168
-1.650	0.650	0.000	28.58831787
-1.550	0.650	0.000	28.18427277
-1.450	0.650	0.000	27.70765686
-1.350	0.650	0.000	26.62502670
-1.250	0.650	0.000	25.83448792
-1.150	0.650	0.000	25.36607170
-1.050	0.650	0.000	25.17427826
-0.950	0.650	0.000	25.26219559
-0.850	0.650	0.000	25.60286713
-0.750	0.650	0.000	26.17854691
-0.650	0.650	0.000	26.95005798
-0.550	0.650	0.000	27.91221237
-0.450	0.650	0.000	28.94607353
-0.350	0.650	0.000	29.73771477
-0.250	0.650	0.000	30.13327980
-0.150	0.650	0.000	29.95405579
-0.050	0.650	0.000	29.57365036
0.050	0.650	0.000	29.16429329
0.150	0.650	0.000	28.81309700
0.250	0.650	0.000	28.52930832
0.350	0.650	0.000	28.18787003
0.450	0.650	0.000	27.82163239
0.550	0.650	0.000	27.55136490
0.650	0.650	0.000	27.37749863
0.750	0.650	0.000	27.35643959
0.850	0.650	0.000	27.49983978
0.950	0.650	0.000	27.53064728
1.050	0.650	0.000	27.67559052
1.150	0.650	0.000	27.60125542
1.250	0.650	0.000	27.59238434
1.350	0.650	0.000	27.56297874
1.450	0.650	0.000	27.71863174
1.550	0.650	0.000	28.11351204
1.650	0.650	0.000	28.42800713
1.750	0.650	0.000	28.54624176
1.850	0.650	0.000	28.33395195
1.950	0.650	0.000	27.01860428
2.050	0.650	0.000	25.89219284
2.150	0.650	0.000	24.26116562
2.250	0.650	0.000	24.42677307
2.350	0.650	0.000	24.08274460
2.450	0.650	0.000	24.66700745
-2.450	0.750	0.000	27.08554459
-2.350	0.750	0.000	26.28928375
-2.250	0.750	0.000	26.30031204
-2.150	0.750	0.000	25.88013840
-2.050	0.750	0.000	26.16179466
-1.950	0.750	0.000	26.50291824
-1.850	0.750	0.000	27.38220978
-1.750	0.750	0.000	28.05538750
-1.650	0.750	0.000	28.69965553
-1.550	0.750	0.000	28.18857956
-1.450	0.750	0.000	27.59874725
-1.350	0.750	0.000	26.48196602
-1.250	0.750	0.000	25.66259575
-1.150	0.750	0.000	25.18832016
-1.050	0.750	0.000	24.92992020
-0.950	0.750	0.000	24.92133713
-0.850	0.750	0.000	25.09517670
-0.750	0.750	0.000	25.47824478
-0.650	0.750	0.000	25.96047211
-0.550	0.750	0.000	26.64839935
-0.450	0.750	0.000	27.52040100
-0.350	0.750	0.000	28.36133575
-0.250	0.750	0.000	29.00216484
-0.150	0.750	0.000	29.22227669
-0.050	0.750	0.000	29.17082214
0.050	0.750	0.000	28.96856308
0.150	0.750	0.000	28.65108871
0.250	0.750	0.000	28.27908516
0.350	0.750	0.000	27.86660004
0.450	0.750	0.000	27.46239662
0.550	0.750	0.000	27.09084511
0.650	0.750	0.000	26.89148712
0.750	0.750	0.000	26.82450676
0.850	0.750	0.000	26.98660660
0.950	0.750	0.000	27.03526115
1.050	0.750	0.000	27.14344406
1.150	0.750	0.000	27.08269119
1.250	0.750	0.000	27.06045532
1.350	0.750	0.000	27.08045578
1.450	0.750	0.000	27.32958984
1.550	0.750	0.000	27.88257980
1.650	0.750	0.000	28.36513901
1.750	0.750	0.000	28.52972031
1.850	0.750	0.000	28.37907791
1.950	0.750	0.000	27.08126068
2.050	0.750	0.000	25.89389420
2.150	0.750	0.000	24.29800415
2.250	0.750	0.000	24.52136993
2.350	0.750	0.000	24.27433777
2.450	0.750	0.000	24.90714645
-2.450	0.850	0.000	27.31339073
-2.350	0.850	0.000	26.51594543
-2.250	0.850	0.000	26.62329483
-2.150	0.850	0.000	26.24037933
-2.050	0.850	0.000	26.47657776
-1.950	0.850	0.000	26.73247910
-1.850	0.850	0.000	27.55063438
-1.750	0.850	0.000	28.16130638
-1.650	0.850	0.000	28.71741486
-1.550	0.850	0.000	28.16617203
-1.450	0.850	0.000	27.47506332
-1.350	0.850	0.000	26.36511803
-1.250	0.850	0.000	25.50918961
-1.150	0.850	0.000	24.98357391
-1.050	0.850	0.000	24.64275932
-0.950	0.850	0.000	24.54090500
-0.850	0.850	0.000	24.59210968
-0.750	0.850	0.000	24.76662827
-0.650	0.850	0.000	25.10065460
-0.550	0.850	0.000	25.51837349
-0.450	0.850	0.000	26.04826546
-0.350	0.850	0.000	26.66232300
-0.250	0.850	0.000	27.30853653
-0.150	0.850	0.000	27.79940605
-0.050	0.850	0.000	28.08757782
0.050	0.850	0.000	28.20666122
0.150	0.850	0.000	28.17888260
0.250	0.850	0.000	28.04564285
0.350	0.850	0.000	27.82278442
0.450	0.850	0.000	27.48034477
0.550	0.850	0.000	27.11202621
0.650	0.850	0.000	26.86881065
0.750	0.850	0.000	26.71705437
0.850	0.850	0.000	26.77835846
0.950	0.850	0.000	26.79258347
1.050	0.850	0.000	26.84136963
1.150	0.850	0.000	26.77654648
1.250	0.850	0.000	26.74381638
1.350	0.850	0.000	26.76546288
1.450	0.850	0.000	27.08316612
1.550	0.850	0.000	27.71410751
1.650	0.850	0.000	28.31075859
1.750	0.850	0.000	28.52006340
1.850	0.850	0.000	28.44110870
1.950	0.850	0.000	27.16233444
2.050	0.850	0.000	26.03066254
2.150	0.850	0.000	24.41842270
2.250	0.850	0.000	24.60687256
2.350	0.850	0.000	24.28019714
2.450	0.850	0.000	24.85320282
-2.450	0.950	0.000	27.93609810
-2.350	0.950	0.000	27.07377243
-2.250	0.950	0.000	27.15640259
-2.150	0.950	0.000	26.74475479
-2.050	0.950	0.000	26.98582458
-1.950	0.950	0.000	27.11850739
-1.850	0.950	0.000	27.82752228
-1.750	0.950	0.000	28.29727364
-1.650	0.950	0.000	28.72234726
-1.550	0.950	0.000	28.21612167
-1.450	0.950	0.000	27.52111816
-1.350	0.950	0.000	26.41563416
-1.250	0.950	0.000	25.54239273
-1.150	0.950	0.000	25.00041580
-1.050	0.950	0.000	24.63408661
-0.950	0.950	0.000	24.46415329
-0.850	0.950	0.000	24.41422653
-0.750	0.950	0.000	24.41230583
-0.650	0.950	0.000	24.46070671
-0.550	0.950	0.000	24.60984612
-0.450	0.950	0.000	24.96129227
-0.350	0.950	0.000	25.48434067
-0.250	0.950	0.000	26.06001282
-0.150	0.950	0.000	26.57279205
-0.050	0.950	0.000	27.01800919
0.050	0.950	0.000	27.35918808
0.150	0.950	0.000	27.57061005
0.250	0.950	0.000	27.61502457
0.350	0.950	0.000	27.49668121
0.450	0.950	0.000	27.20976830
0.550	0.950	0.000	26.83013153
0.650	0.950	0.000	26.53997803
0.750	0.950	0.000	26.32308769
0.850	0.950	0.000	26.30102539
0.950	0.950	0.000	26.36852264
1.050	0.950	0.000	26.39536285
1.150	0.950	0.000	26.32398987
1.250	0.950	0.000	26.28317642
1.350	0.950	0.000	26.25907898
1.450	0.950	0.000	26.56753159
1.550	0.950	0.000	27.29752922
1.650	0.950	0.000	28.02253342
1.750	0.950	0.000	28.35603333
1.850	0.950	0.000	28.37043762
1.950	0.950	0.000	27.16183090
2.050	0.950	0.000	25.95579147
2.150	0.950	0.000	24.36363602
2.250	0.950	0.000	24.55575562
2.350	0.950	0.000	24.36520958
2.450	0.950	0.000	24.99357986
-2.450	1.050	0.000	28.06843758
-2.350	1.050	0.000	27.22243118
-2.250	1.050	0.000	27.26864052
-2.150	1.050	0.000	26.88751602
-2.050	1.050	0.000	27.15056610
-1.950	1.050	0.000	27.19688797
-1.850	1.050	0.000	27.84302902
-1.750	1.050	0.000	28.20389175
-1.650	1.050	0.000	28.44610214
-1.550	1.050	0.000	27.97335815
-1.450	1.050	0.000	27.25243378
-1.350	1.050	0.000	26.16720963
-1.250	1.050	0.000	25.26290894
-1.150	1.050	0.000	24.67809868
-1.050	1.050	0.000	24.26280212
-0.950	1.050	0.000	24.02712059
-0.850	1.050	0.000	23.87577820
-0.750	1.050	0.000	23.76938248
-0.650	1.050	0.000	23.69544792
-0.550	1.050	0.000	23.70561218
-0.450	1.050	0.000	23.90884781
-0.350	1.050	0.000	24.26986122
-0.250	1.050	0.000	24.70104980
-0.150	1.050	0.000	25.19402885
-0.050	1.050	0.000	25.81519699
0.050	1.050	0.000	26.51855087
0.150	1.050	0.000	27.14700127
0.250	1.050	0.000	27.58172035
0.350	1.050	0.000	27.71701431
0.450	1.050	0.000	27.56520462
0.550	1.050	0.000	27.18915749
0.650	1.050	0.000	26.89868927
0.750	1.050	0.000	26.75959778
0.850	1.050	0.000	26.79246140
0.950	1.050	0.000	26.89623642
1.050	1.050	0.000	26.87318420
1.150	1.050	0.000	26.69606018
1.250	1.050	0.000	26.50906754
1.350	1.050	0.000	26.38019180
1.450	1.050	0.000	26.62461090
1.550	1.050	0.000	27.32311630
1.650	1.050	0.000	28.02456665
1.750	1.050	0.000	28.33611107
1.850	1.050	0.000	28.34731293
1.950	1.050	0.000	27.15523148
2.050	1.050	0.000	26.05784607
2.150	1.050	0.000	24.47089195
2.250	1.050	0.000	24.71719360
2.350	1.050	0.000	24.48150635
2.450	1.050	0.000	25.16796494
-2.450	1.150	0.000	29.07275200
-2.350	1.150	0.000	28.08411407
-2.250	1.150	0.000	27.92635727
-2.150	1.150	0.000	27.36764526
-2.050	1.150	0.000	27.59804344
-1.950	1.150	0.000	27.49661255
-1.850	1.150	0.000	28.15553284
-1.750	1.150	0.000	28.52408791
-1.650	1.150	0.000	28.78401184
-1.550	1.150	0.000	28.36194992
-1.450	1.150	0.000	27.62846756
-1.350	1.150	0.000	26.51319122
-1.250	1.150	0.000	25.55950546
-1.150	1.150	0.000	24.91098022
-1.050	1.150	0.000	24.43981934
-0.950	1.150	0.000	24.14538574
-0.850	1.150	0.000	23.92538261
-0.750	1.150	0.000	23.74483490
-0.650	1.150	0.000	23.56265831
-0.550	1.150	0.000	23.38516998
-0.450	1.150	0.000	23.30255127
-0.350	1.150	0.000	23.39125443
-0.250	1.150	0.000	23.67984009
-0.150	1.150	0.000	24.20766258
-0.050	1.150	0.000	24.94501877
0.050	1.150	0.000	25.76868629
0.150	1.150	0.000	26.51457596
0.250	1.150	0.000	27.05434799
0.350	1.150	0.000	27.26878166
0.450	1.150	0.000	27.16823578
0.550	1.150	0.000	26.90055466
0.650	1.150	0.000	26.72718048
0.750	1.150	0.000	26.65510559
0.850	1.150	0.000	26.74124908
0.950	1.150	0.000	26.81817245
1.050	1.150	0.000	26.75770187
1.150	1.150	0.000	26.58522034
1.250	1.150	0.000	26.39978409
1.350	1.150	0.000	26.24448013
1.450	1.150	0.000	26.45492172
1.550	1.150	0.000	27.12101746
1.650	1.150	0.000	27.83485031
1.750	1.150	0.000	28.17983627
1.850	1.150	0.000	28.18643761
1.950	1.150	0.000	26.96990204
2.050	1.150	0.000	25.82315063
2.150	1.150	0.000	24.29512024
2.250	1.150	0.000	24.40634537
2.350	1.150	0.000	24.14148712
2.450	1.150	0.000	24.69798851
-2.450	1.250	0.000	28.94944382
-2.350	1.250	0.000	27.96213150
-2.250	1.250	0.000	27.74575806
-2.150	1.250	0.000	27.10086060
-2.050	1.250	0.000	27.22163773
-1.950	1.250	0.000	26.95819283
-1.850	1.250	0.000	27.49735069
-1.750	1.250	0.000	27.82507896
-1.650	1.250	0.000	28.12772751
-1.550	1.250	0.000	27.78458786
-1.450	1.250	0.000	27.09920692
-1.350	1.250	0.000	26.05620956
-1.250	1.250	0.000	25.09841728
-1.150	1.250	0.000	24.41499329
-1.050	1.250	0.000	23.91042709
-0.950	1.250	0.000	23.57685852
-0.850	1.250	0.000	23.31329346
-0.750	1.250	0.000	23.10391426
-0.650	1.250	0.000	22.92858315
-0.550	1.250	0.000	22.83628082
-0.450	1.250	0.000	22.91444778
-0.350	1.250	0.000	23.23331070
-0.250	1.250	0.000	23.75995445
-0.150	1.250	0.000	24.40560341
-0.050	1.250	0.000	25.08559990
0.050	1.250	0.000	25.77552795
0.150	1.250	0.000	26.37850189
0.250	1.250	0.000	26.81832504
0.350	1.250	0.000	27.07170486
0.450	1.250	0.000	27.16380692
0.550	1.250	0.000	27.19108200
0.650	1.250	0.000	27.29184914
0.750	1.250	0.000	27.44977760
0.850	1.250	0.000	27.62916183
0.950	1.250	0.000	27.76373291
1.050	1.250	0.000	27.68854523
1.150	1.250	0.000	27.47672272
1.250	1.250	0.000	27.21302414
1.350	1.250	0.000	27.04968834
1.450	1.250	0.000	27.31593513
1.550	1.250	0.000	27.99381256
1.650	1.250	0.000	28.57628059
1.750	1.250	0.000	28.81274033
1.850	1.250	0.000	28.75945473
1.950	1.250	0.000	27.56417465
2.050	1.250	0.000	26.53050232
2.150	1.250	0.000	25.12450218
2.250	1.250	0.000	25.37668800
2.350	1.250	0.000	25.17354202
2.450	1.250	0.000	25.81460953
-2.450	1.350	0.000	29.99327087
-2.350	1.350	0.000	28.86953735
-2.250	1.350	0.000	28.73434448
-2.150	1.350	0.000	28.01782608
-2.050	1.350	0.000	28.04985809
-1.950	1.350	0.000	27.65891647
-1.850	1.350	0.000	28.02331161
-1.750	1.350	0.000	28.22235107
-1.650	1.350	0.000	28.48599243
-1.550	1.350	0.000	28.10012245
-1.450	1.350	0.000	27.35911560
-1.350	1.350	0.000	26.22888184
-1.250	1.350	0.000	25.19707680
-1.150	1.350	0.000	24.47303009
-1.050	1.350	0.000	23.94255257
-0.950	1.350	0.000	23.55505371
-0.850	1.350	0.000	23.19134140
-0.750	1.350	0.000	22.83577156
-0.650	1.350	0.000	22.49991989
-0.550	1.350	0.000	22.26012421
-0.450	1.350	0.000	22.22176361
-0.350	1.350	0.000	22.47680855
-0.250	1.350	0.000	22.99413872
-0.150	1.350	0.000	23.72994614
-0.050	1.350	0.000	24.51586151
0.050	1.350	0.000	25.30420685
0.150	1.350	0.000	25.99984169
0.250	1.350	0.000	26.50648880
0.350	1.350	0.000	26.82167625
0.450	1.350	0.000	26.96590233
0.550	1.350	0.000	27.06397057
0.650	1.350	0.000	27.28090668
0.750	1.350	0.000	27.57396889
0.850	1.350	0.000	27.89467621
0.950	1.350	0.000	28.11414337
1.050	1.350	0.000	28.12054634
1.150	1.350	0.000	27.99100113
1.250	1.350	0.000	27.78117752
1.350	1.350	0.000	27.63044357
1.450	1.350	0.000	27.88249969
1.550	1.350	0.000	28.48201180
1.650	1.350	0.000	29.00674438
1.750	1.350	0.000	29.18489838
1.850	1.350	0.000	29.06453323
1.950	1.350	0.000	27.80526161
2.050	1.350	0.000	26.75984764
2.150	1.350	0.000	25.41684341
2.250	1.350	0.000	25.65009689
2.350	1.350	0.000	25.40082550
2.450	1.350	0.000	25.95748138
-2.450	1.450	0.000	29.52489090
-2.350	1.450	0.000	28.38723373
-2.250	1.450	0.000	28.22929573
-2.150	1.450	0.000	27.43240166
-2.050	1.450	0.000	27.45550919
-1.950	1.450	0.000	27.15984726
-1.850	1.450	0.000	27.48548889
-1.750	1.450	0.000	27.67205429
-1.650	1.450	0.000	28.06969833
-1.550	1.450	0.000	27.86906052
-1.450	1.450	0.000	27.36788940
-1.350	1.450	0.000	26.46079254
-1.250	1.450	0.000	25.51467896
-1.150	1.450	0.000	24.80731964
-1.050	1.450	0.000	24.31773567
-0.950	1.450	0.000	23.99154854
-0.850	1.450	0.000	23.76134872
-0.750	1.450	0.000	23.60384369
-0.650	1.450	0.000	23.51964569
-0.550	1.450	0.000	23.52880096
-0.450	1.450	0.000	23.67629623
-0.350	1.450	0.000	24.02204895
-0.250	1.450	0.000	24.41715431
-0.150	1.450	0.000	24.75217819
-0.050	1.450	0.000	25.14987946
0.050	1.450	0.000	25.57036400
0.150	1.450	0.000	25.96653938
0.250	1.450	0.000	26.30765533
0.350	1.450	0.000	26.59808540
0.450	1.450	0.000	26.77520752
0.550	1.450	0.000	26.92549133
0.650	1.450	0.000	27.13582993
0.750	1.450	0.000	27.41225052
0.850	1.450	0.000	27.71890259
0.950	1.450	0.000	28.04990387
1.050	1.450	0.000	28.23983574
1.150	1.450	0.000	28.26645660
1.250	1.450	0.000	28.19552231
1.350	1.450	0.000	28.23587799
1.450	1.450	0.000	28.74061966
1.550	1.450	0.000	29.50346756
1.650	1.450	0.000	30.00924301
1.750	1.450	0.000	30.16054535
1.850	1.450	0.000	29.89122391
1.950	1.450	0.000	28.50315857
2.050	1.450	0.000	27.44043350
2.150	1.450	0.000	26.25456429
2.250	1.450	0.000	26.61544228
2.350	1.450	0.000	26.55066681
2.450	1.450	0.000	27.20998764
-2.450	1.550	0.000	30.84950638
-2.350	1.550	0.000	29.20784760
-2.250	1.550	0.000	28.79032707
-2.150	1.550	0.000	27.63484955
-2.050	1.550	0.000	27.39748573
-1.950	1.550	0.000	26.91433334
-1.850	1.550	0.000	27.21527481
-1.750	1.550	0.000	27.33174515
-1.650	1.550	0.000	27.55257988
-1.550	1.550	0.000	27.19813538
-1.450	1.550	0.000	26.65768814
-1.350	1.550	0.000	25.82030106
-1.250	1.550	0.000	24.95816803
-1.150	1.550	0.000	24.33286095
-1.050	1.550	0.000	23.89678001
-0.950	1.550	0.000	23.54849815
-0.850	1.550	0.000	23.24428368
-0.750	1.550	0.000	23.00382614
-0.650	1.550	0.000	22.82971573
-0.550	1.550	0.000	22.78892708
-0.450	1.550	0.000	22.94844055
-0.350	1.550	0.000	23.44643402
-0.250	1.550	0.000	24.11255455
-0.150	1.550	0.000	24.69905281
-0.050	1.550	0.000	25.15636444
0.050	1.550	0.000	25.44696617
0.150	1.550	0.000	25.67994118
0.250	1.550	0.000	26.03676033
0.350	1.550	0.000	26.43447495
0.450	1.550	0.000	26.76306915
0.550	1.550	0.000	27.04508400
0.650	1.550	0.000	27.34465981
0.750	1.550	0.000	27.64888763
0.850	1.550	0.000	27.91249466
0.950	1.550	0.000	28.12997055
1.050	1.550	0.000	28.19433975
1.150	1.550	0.000	28.24234390
1.250	1.550	0.000	28.25815201
1.350	1.550	0.000	28.44893265
1.450	1.550	0.000	28.96781731
1.550	1.550	0.000	29.65224838
1.650	1.550	0.000	30.07744217
1.750	1.550	0.000	30.15615845
1.850	1.550	0.000	29.76082611
1.950	1.550	0.000	28.31798744
2.050	1.550	0.000	27.19922256
2.150	1.550	0.000	26.04740143
2.250	1.550	0.000	26.38328934
2.350	1.550	0.000	26.37736702
2.450	1.550	0.000	27.10381699
-2.450	1.650	0.000	30.26716995
-2.350	1.650	0.000	28.94466400
-2.250	1.650	0.000	28.59505463
-2.150	1.650	0.000	27.69030380
-2.050	1.650	0.000	27.79263306
-1.950	1.650	0.000	27.40542603
-1.850	1.650	0.000	27.95720100
-1.750	1.650	0.000	28.31156158
-1.650	1.650	0.000	28.98855209
-1.550	1.650	0.000	28.80284691
-1.450	1.650	0.000	28.37327194
-1.350	1.650	0.000	27.46244812
-1.250	1.650	0.000	26.47707558
-1.150	1.650	0.000	25.73328400
-1.050	1.650	0.000	25.24120712
-0.950	1.650	0.000	24.91084671
-0.850	1.650	0.000	24.70862198
-0.750	1.650	0.000	24.60193253
-0.650	1.650	0.000	24.51336670
-0.550	1.650	0.000	24.43301201
-0.450	1.650	0.000	24.46397781
-0.350	1.650	0.000	24.69962120
-0.250	1.650	0.000	25.13846779
-0.150	1.650	0.000	25.66613388
-0.050	1.650	0.000	26.09145164
0.050	1.650	0.000	26.37576485
0.150	1.650	0.000	26.60784721
0.250	1.650	0.000	26.77471924
0.350	1.650	0.000	26.86489487
0.450	1.650	0.000	26.91011429
0.550	1.650	0.000	26.97545433
0.650	1.650	0.000	27.11831665
0.750	1.650	0.000	27.31014442
0.850	1.650	0.000	27.51982307
0.950	1.650	0.000	27.73406410
1.050	1.650	0.000	27.82701683
1.150	1.650	0.000	27.85264397
1.250	1.650	0.000	27.89745331
1.350	1.650	0.000	28.25314903
1.450	1.650	0.000	29.01447487
1.550	1.650	0.000	29.81569672
1.650	1.650	0.000	30.11772919
1.750	1.650	0.000	30.09401321
1.850	1.650	0.000	29.41203117
1.950	1.650	0.000	27.87298393
2.050	1.650	0.000	26.79466629
2.150	1.650	0.000	25.79637527
2.250	1.650	0.000	26.11675262
2.350	1.650	0.000	26.12675858
2.450	1.650	0.000	26.80034637
-2.450	1.750	0.000	30.67323303
-2.350	1.750	0.000	29.17076874
-2.250	1.750	0.000	28.71776199
-2.150	1.750	0.000	27.86090088
-2.050	1.750	0.000	27.93915939
-1.950	1.750	0.000	27.22540283
-1.850	1.750	0.000	27.61026573
-1.750	1.750	0.000	27.96814346
-1.650	1.750	0.000	28.68959808
-1.550	1.750	0.000	28.87025452
-1.450	1.750	0.000	28.77703094
-1.350	1.750	0.000	28.05551910
-1.250	1.750	0.000	27.21936798
-1.150	1.750	0.000	26.55819702
-1.050	1.750	0.000	26.08603668
-0.950	1.750	0.000	25.71503830
-0.850	1.750	0.000	25.44453049
-0.750	1.750	0.000	25.25926208
-0.650	1.750	0.000	25.14595032
-0.550	1.750	0.000	25.16327858
-0.450	1.750	0.000	25.35834885
-0.350	1.750	0.000	25.74444389
-0.250	1.750	0.000	26.05178261
-0.150	1.750	0.000	26.16359329
-0.050	1.750	0.000	26.15446091
0.050	1.750	0.000	26.23268127
0.150	1.750	0.000	26.33488274
0.250	1.750	0.000	26.45759583
0.350	1.750	0.000	26.55797958
0.450	1.750	0.000	26.60141563
0.550	1.750	0.000	26.66634560
0.650	1.750	0.000	26.89273834
0.750	1.750	0.000	27.25207520
0.850	1.750	0.000	27.64365768
0.950	1.750	0.000	27.90782547
1.050	1.750	0.000	28.00916290
1.150	1.750	0.000	27.97620392
1.250	1.750	0.000	27.98711586
1.350	1.750	0.000	28.28502655
1.450	1.750	0.000	28.86835480
1.550	1.750	0.000	29.46285439
1.650	1.750	0.000	29.57146454
1.750	1.750	0.000	29.38368988
1.850	1.750	0.000	28.45654297
1.950	1.750	0.000	26.85070801
2.050	1.750	0.000	25.71873093
2.150	1.750	0.000	24.74855042
2.250	1.750	0.000	24.89983749
2.350	1.750	0.000	24.80494499
2.450	1.750	0.000	25.25966644
-2.450	1.850	0.000	31.97882080
-2.350	1.850	0.000	30.79361725
-2.250	1.850	0.000	30.66944504
-2.150	1.850	0.000	29.76248741
-2.050	1.850	0.000	29.71637726
-1.950	1.850	0.000	29.00681877
-1.850	1.850	0.000	28.92831230
-1.750	1.850	0.000	28.98184967
-1.650	1.850	0.000	29.49852371
-1.550	1.850	0.000	29.54560852
-1.450	1.850	0.000	29.45176888
-1.350	1.850	0.000	28.76673126
-1.250	1.850	0.000	28.01266479
-1.150	1.850	0.000	27.36202621
-1.050	1.850	0.000	26.94091606
-0.950	1.850	0.000	26.69805336
-0.850	1.850	0.000	26.59566498
-0.750	1.850	0.000	26.58011627
-0.650	1.850	0.000	26.59049225
-0.550	1.850	0.000	26.59394455
-0.450	1.850	0.000	26.68513489
-0.350	1.850	0.000	26.92895889
-0.250	1.850	0.000	27.20977783
-0.150	1.850	0.000	27.40207291
-0.050	1.850	0.000	27.45883179
0.050	1.850	0.000	27.44070053
0.150	1.850	0.000	27.53329849
0.250	1.850	0.000	27.69729614
0.350	1.850	0.000	27.75908661
0.450	1.850	0.000	27.62311935
0.550	1.850	0.000	27.39483261
0.650	1.850	0.000	27.24605942
0.750	1.850	0.000	27.24900055
0.850	1.850	0.000	27.37102509
0.950	1.850	0.000	27.46960449
1.050	1.850	0.000	27.47552872
1.150	1.850	0.000	27.52352524
1.250	1.850	0.000	27.80895233
1.350	1.850	0.000	28.36109924
1.450	1.850	0.000	29.03190422
1.550	1.850	0.000	29.44142723
1.650	1.850	0.000	29.31453323
1.750	1.850	0.000	28.86338234
1.850	1.850	0.000	27.72240829
1.950	1.850	0.000	26.20764732
2.050	1.850	0.000	25.20103455
2.150	1.850	0.000	24.32126999
2.250	1.850	0.000	24.38910294
2.350	1.850	0.000	24.20182610
2.450	1.850	0.000	24.55166245
-2.450	1.950	0.000	31.98909760
-2.350	1.950	0.000	30.74346924
-2.250	1.950	0.000	30.91140747
-2.150	1.950	0.000	30.02084351
-2.050	1.950	0.000	29.95991325
-1.950	1.950	0.000	29.74171638
-1.850	1.950	0.000	30.19004440
-1.750	1.950	0.000	30.49727058
-1.650	1.950	0.000	31.30960655
-1.550	1.950	0.000	31.42714310
-1.450	1.950	0.000	31.28866196
-1.350	1.950	0.000	30.63927078
-1.250	1.950	0.000	29.88537788
-1.150	1.950	0.000	29.11860085
-1.050	1.950	0.000	28.55446625
-0.950	1.950	0.000	28.15542984
-0.850	1.950	0.000	27.94628525
-0.750	1.950	0.000	27.90366936
-0.650	1.950	0.000	27.84568024
-0.550	1.950	0.000	27.71535492
-0.450	1.950	0.000	27.56279373
-0.350	1.950	0.000	27.54923630
-0.250	1.950	0.000	27.57405853
-0.150	1.950	0.000	27.64099503
-0.050	1.950	0.000	27.74374199
0.050	1.950	0.000	27.88318443
0.150	1.950	0.000	27.96604919
0.250	1.950	0.000	27.94784737
0.350	1.950	0.000	27.78209496
0.450	1.950	0.000	27.51898384
0.550	1.950	0.000	27.30382156
0.650	1.950	0.000	27.23365784
0.750	1.950	0.000	27.30740356
0.850	1.950	0.000	27.46580696
0.950	1.950	0.000	27.65062332
1.050	1.950	0.000	27.70464325
1.150	1.950	0.000	27.73799515
1.250	1.950	0.000	27.98151016
1.350	1.950	0.000	28.40446854
1.450	1.950	0.000	28.83259201
1.550	1.950	0.000	28.84635162
1.650	1.950	0.000	28.58531570
1.750	1.950	0.000	27.74617195
1.850	1.950	0.000	26.35156059
1.950	1.950	0.000	24.84200287
2.050	1.950	0.000	23.89722824
2.150	1.950	0.000	23.06746483
2.250	1.950	0.000	23.05120850
2.350	1.950	0.000	22.85100174
2.450	1.950	0.000	23.10412979
-2.450	2.050	0.000	34.84997559
-2.350	2.050	0.000	33.09884262
-2.250	2.050	0.000	32.51420593
-2.150	2.050	0.000	31.41128540
-2.050	2.050	0.000	31.03110123
-1.950	2.050	0.000	30.60203743
-1.850	2.050	0.000	31.00849152
-1.750	2.050	0.000	31.17959976
-1.650	2.050	0.000	31.89445496
-1.550	2.050	0.000	32.21055984
-1.450	2.050	0.000	32.16666412
-1.350	2.050	0.000	31.76986694
-1.250	2.050	0.000	31.15359497
-1.150	2.050	0.000	30.46274567
-1.050	2.050	0.000	30.01110840
-0.950	2.050	0.000	29.75529099
-0.850	2.050	0.000	29.66620636
-0.750	2.050	0.000	29.62789154
-0.650	2.050	0.000	29.42971420
-0.550	2.050	0.000	29.18330002
-0.450	2.050	0.000	28.99127197
-0.350	2.050	0.000	28.89214325
-0.250	2.050	0.000	28.80701065
-0.150	2.050	0.000	28.76519012
-0.050	2.050	0.000	28.90162086
0.050	2.050	0.000	28.98957253
0.150	2.050	0.000	28.95432281
0.250	2.050	0.000	28.79945183
0.350	2.050	0.000	28.56997299
0.450	2.050	0.000	28.35834885
0.550	2.050	0.000	28.24087906
0.650	2.050	0.000	28.23761749
0.750	2.050	0.000	28.13360214
0.850	2.050	0.000	27.89130402
0.950	2.050	0.000	27.65808868
1.050	2.050	0.000	27.53171730
1.150	2.050	0.000	27.54658318
1.250	2.050	0.000	27.84507370
1.350	2.050	0.000	28.33373260
1.450	2.050	0.000	28.79451752
1.550	2.050	0.000	28.71979141
1.650	2.050	0.000	28.35446167
1.750	2.050	0.000	27.38781929
1.850	2.050	0.000	26.18750381
1.950	2.050	0.000	24.96578217
2.050	2.050	0.000	24.22703552
2.150	2.050	0.000	23.51049423
2.250	2.050	0.000	23.50710297
2.350	2.050	0.000	23.29794312
2.450	2.050	0.000	23.52750015
-2.450	2.150	0.000	35.21145630
-2.350	2.150	0.000	34.39066315
-2.250	2.150	0.000	34.09585571
-2.150	2.150	0.000	33.44189453
-2.050	2.150	0.000	33.11211395
-1.950	2.150	0.000	32.32518768
-1.850	2.150	0.000	32.53989792
-1.750	2.150	0.000	32.34852219
-1.650	2.150	0.000	32.69754410
-1.550	2.150	0.000	32.86243439
-1.450	2.150	0.000	32.88062286
-1.350	2.150	0.000	32.48756409
-1.250	2.150	0.000	31.78137589
-1.150	2.150	0.000	30.94845963
-1.050	2.150	0.000	30.36714363
-0.950	2.150	0.000	30.02389908
-0.850	2.150	0.000	29.87874222
-0.750	2.150	0.000	29.87773895
-0.650	2.150	0.000	29.72593689
-0.550	2.150	0.000	29.59259415
-0.450	2.150	0.000	29.63728333
-0.350	2.150	0.000	29.86020470
-0.250	2.150	0.000	30.14490891
-0.150	2.150	0.000	30.43925667
-0.050	2.150	0.000	30.53881073
0.050	2.150	0.000	30.38994217
0.150	2.150	0.000	30.16472435
0.250	2.150	0.000	29.93710899
0.350	2.150	0.000	29.60077667
0.450	2.150	0.000	29.13720703
0.550	2.150	0.000	28.64142990
0.650	2.150	0.000	28.17853928
0.750	2.150	0.000	27.89535522
0.850	2.150	0.000	27.73976898
0.950	2.150	0.000	27.60120773
1.050	2.150	0.000	27.55475616
1.150	2.150	0.000	27.82541847
1.250	2.150	0.000	28.38296509
1.350	2.150	0.000	28.91256714
1.450	2.150	0.000	28.92074203
1.550	2.150	0.000	28.60031509
1.650	2.150	0.000	27.82177353
1.750	2.150	0.000	26.56192589
1.850	2.150	0.000	25.39571381
1.950	2.150	0.000	24.37527847
2.050	2.150	0.000	23.77176285
2.150	2.150	0.000	23.13919449
2.250	2.150	0.000	23.11920166
2.350	2.150	0.000	22.89427948
2.450	2.150	0.000	23.10030365
-2.450	2.250	0.000	33.91278458
-2.350	2.250	0.000	33.10527039
-2.250	2.250	0.000	33.50320435
-2.150	2.250	0.000	33.35388947
-2.050	2.250	0.000	33.67181778
-1.950	2.250	0.000	33.02564240
-1.850	2.250	0.000	33.06018066
-1.750	2.250	0.000	33.17447662
-1.650	2.250	0.000	33.49243927
-1.550	2.250	0.000	33.87793732
-1.450	2.250	0.000	34.16390228
-1.350	2.250	0.000	33.79821777
-1.250	2.250	0.000	33.27589417
-1.150	2.250	0.000	32.43015289
-1.050	2.250	0.000	31.84620667
-0.950	2.250	0.000	31.38470078
-0.850	2.250	0.000	31.13151741
-0.750	2.250	0.000	30.99782944
-0.650	2.250	0.000	30.84338379
-0.550	2.250	0.000	30.72736359
-0.450	2.250	0.000	30.68759727
-0.350	2.250	0.000	30.73386955
-0.250	2.250	0.000	30.88613892
-0.150	2.250	0.000	31.08073425
-0.050	2.250	0.000	31.15728378
0.050	2.250	0.000	31.03929901
0.150	2.250	0.000	30.73205566
0.250	2.250	0.000	30.38205147
0.350	2.250	0.000	30.04698563
0.450	2.250	0.000	29.72841072
0.550	2.250	0.000	29.48630714
0.650	2.250	0.000	29.34936142
0.750	2.250	0.000	29.19670677
0.850	2.250	0.000	28.93977165
0.950	2.250	0.000	28.59962845
1.050	2.250	0.000	28.28339386
1.150	2.250	0.000	28.14936638
1.250	2.250	0.000	28.25731659
1.350	2.250	0.000	28.46152496
1.450	2.250	0.000	28.39871979
1.550	2.250	0.000	28.08586311
1.650	2.250	0.000	27.43142128
1.750	2.250	0.000	26.49107742
1.850	2.250	0.000	25.62870216
1.950	2.250	0.000	24.80752563
2.050	2.250	0.000	24.29567146
2.150	2.250	0.000	23.68818283
2.250	2.250	0.000	23.66768265
2.350	2.250	0.000	23.46872711
2.450	2.250	0.000	23.69401550
-2.450	2.350	0.000	34.60956192
-2.350	2.350	0.000	33.22103119
-2.250	2.350	0.000	33.08097839
-2.150	2.350	0.000	32.38089371
-2.050	2.350	0.000	32.64540863
-1.950	2.350	0.000	32.53909302
-1.850	2.350	0.000	32.67909241
-1.750	2.350	0.000	33.07726669
-1.650	2.350	0.000	33.59223938
-1.550	2.350	0.000	34.06165314
-1.450	2.350	0.000	34.44668579
-1.350	2.350	0.000	33.90589142
-1.250	2.350	0.000	33.50930786
-1.150	2.350	0.000	32.58365631
-1.050	2.350	0.000	31.98526001
-0.950	2.350	0.000	31.70409012
-0.850	2.350	0.000	31.53511047
-0.750	2.350	0.000	31.53758621
-0.650	2.350	0.000	31.47406769
-0.550	2.350	0.000	31.44509888
-0.450	2.350	0.000	31.39331436
-0.350	2.350	0.000	31.28650284
-0.250	2.350	0.000	31.20659637
-0.150	2.350	0.000	31.13254166
-0.050	2.350	0.000	30.97328568
0.050	2.350	0.000	30.75050735
0.150	2.350	0.000	30.59381866
0.250	2.350	0.000	30.27946091
0.350	2.350	0.000	29.97697067
0.450	2.350	0.000	29.87260818
0.550	2.350	0.000	29.92333412
0.650	2.350	0.000	29.74757957
0.750	2.350	0.000	29.21064758
0.850	2.350	0.000	28.68556595
0.950	2.350	0.000	28.30431747
1.050	2.350	0.000	28.15558624
1.150	2.350	0.000	28.32686424
1.250	2.350	0.000	28.73408699
1.350	2.350	0.000	28.81455612
1.450	2.350	0.000	28.52127075
1.550	2.350	0.000	27.82310295
1.650	2.350	0.000	26.85569000
1.750	2.350	0.000	25.91782379
1.850	2.350	0.000	25.27804184
1.950	2.350	0.000	24.66128349
2.050	2.350	0.000	24.27684784
2.150	2.350	0.000	23.74258804
2.250	2.350	0.000	23.67942238
2.350	2.350	0.000	23.41423035
2.450	2.350	0.000	23.57616043
-2.450	2.450	0.000	35.85638428
-2.350	2.450	0.000	34.56203079
-2.250	2.450	0.000	34.29359055
-2.150	2.450	0.000	33.25944519
-2.050	2.450	0.000	33.36966705
-1.950	2.450	0.000	33.13588715
-1.850	2.450	0.000	33.10517502
-1.750	2.450	0.000	33.07846069
-1.650	2.450	0.000	33.38450623
-1.550	2.450	0.000	33.61892319
-1.450	2.450	0.000	34.01706314
-1.350	2.450	0.000	34.12671661
-1.250	2.450	0.000	33.85329437
-1.150	2.450	0.000	33.40391541
-1.050	2.450	0.000	32.65502167
-0.950	2.450	0.000	32.26396179
-0.850	2.450	0.000	32.10893250
-0.750	2.450	0.000	32.09404755
-0.650	2.450	0.000	32.10192108
-0.550	2.450	0.000	32.09853745
-0.450	2.450	0.000	31.95474243
-0.350	2.450	0.000	31.73334885
-0.250	2.450	0.000	31.63294983
-0.150	2.450	0.000	31.69074249
-0.050	2.450	0.000	31.61060333
0.050	2.450	0.000	31.25736618
0.150	2.450	0.000	30.80257034
0.250	2.450	0.000	30.30389977
0.350	2.450	0.000	29.80147362
0.450	2.450	0.000	29.46947289
0.550	2.450	0.000	29.33954239
0.650	2.450	0.000	29.37361526
0.750	2.450	0.000	29.56457520
0.850	2.450	0.000	29.80397606
0.950	2.450	0.000	29.94125748
1.050	2.450	0.000	29.88932991
1.150	2.450	0.000	29.53703690
1.250	2.450	0.000	28.96378136
1.350	2.450	0.000	28.21509933
1.450	2.450	0.000	27.53778458
1.550	2.450	0.000	26.93959999
1.650	2.450	0.000	26.48364639
1.750	2.450	0.000	26.04896545
1.850	2.450	0.000	25.70585632
1.950	2.450	0.000	25.28254318
2.050	2.450	0.000	25.02458763
2.150	2.450	0.000	24.57286453
2.250	2.450	0.000	24.55900002
2.350	2.450	0.000	24.33946037
2.450	2.450	0.000	24.52200699
