-2.450	-2.450	0.000	21.91165543
-2.350	-2.450	0.000	21.41385269
-2.250	-2.450	0.000	21.61404419
-2.150	-2.450	0.000	21.79421616
-2.050	-2.450	0.000	22.87432289
-1.950	-2.450	0.000	24.56668472
-1.850	-2.450	0.000	26.66892624
-1.750	-2.450	0.000	28.10139465
-1.650	-2.450	0.000	28.51876259
-1.550	-2.450	0.000	27.98482513
-1.450	-2.450	0.000	27.44416809
-1.350	-2.450	0.000	27.18429184
-1.250	-2.450	0.000	27.09386063
-1.150	-2.450	0.000	27.06316185
-1.050	-2.450	0.000	27.05743790
-0.950	-2.450	0.000	27.07085800
-0.850	-2.450	0.000	26.78802109
-0.750	-2.450	0.000	26.44358826
-0.650	-2.450	0.000	25.96708679
-0.550	-2.450	0.000	25.45289421
-0.450	-2.450	0.000	24.80372238
-0.350	-2.450	0.000	24.23044586
-0.250	-2.450	0.000	23.52440262
-0.150	-2.450	0.000	22.87841034
-0.050	-2.450	0.000	22.14463806
0.050	-2.450	0.000	21.66636467
0.150	-2.450	0.000	21.30046082
0.250	-2.450	0.000	20.89826202
0.350	-2.450	0.000	20.87869072
0.450	-2.450	0.000	20.71527672
0.550	-2.450	0.000	20.95931053
0.650	-2.450	0.000	21.33541489
0.750	-2.450	0.000	21.97443390
0.850	-2.450	0.000	22.50929832
0.950	-2.450	0.000	22.98898315
1.050	-2.450	0.000	23.61652374
1.150	-2.450	0.000	24.25078201
1.250	-2.450	0.000	24.67979622
1.350	-2.450	0.000	24.87644958
1.450	-2.450	0.000	25.10931778
1.550	-2.450	0.000	25.70466995
1.650	-2.450	0.000	26.34646606
1.750	-2.450	0.000	26.53264046
1.850	-2.450	0.000	26.29640770
1.950	-2.450	0.000	26.25400162
2.050	-2.450	0.000	28.29505730
2.150	-2.450	0.000	33.11999893
2.250	-2.450	0.000	35.13383865
2.350	-2.450	0.000	33.23793793
2.450	-2.450	0.000	19.39906693
-2.450	-2.350	0.000	21.37351036
-2.350	-2.350	0.000	20.93339920
-2.250	-2.350	0.000	21.16233826
-2.150	-2.350	0.000	21.41018486
-2.050	-2.350	0.000	22.54583740
-1.950	-2.350	0.000	24.43313408
-1.850	-2.350	0.000	26.68844032
-1.750	-2.350	0.000	28.35095787
-1.650	-2.350	0.000	28.43338013
-1.550	-2.350	0.000	27.68366623
-1.450	-2.350	0.000	26.68617058
-1.350	-2.350	0.000	26.22821045
-1.250	-2.350	0.000	25.98918724
-1.150	-2.350	0.000	25.93912697
-1.050	-2.350	0.000	26.10627365
-0.950	-2.350	0.000	26.26161766
-0.850	-2.350	0.000	25.95790482
-0.750	-2.350	0.000	25.72924423
-0.650	-2.350	0.000	25.40877342
-0.550	-2.350	0.000	25.09144783
-0.450	-2.350	0.000	24.54920197
-0.350	-2.350	0.000	24.21763229
-0.250	-2.350	0.000	23.65771294
-0.150	-2.350	0.000	22.96435928
-0.050	-2.350	0.000	22.21907425
0.050	-2.350	0.000	21.70572662
0.150	-2.350	0.000	21.20849609
0.250	-2.350	0.000	20.82958984
0.350	-2.350	0.000	20.74668121
0.450	-2.350	0.000	20.55450058
0.550	-2.350	0.000	20.71760368
0.650	-2.350	0.000	21.01847458
0.750	-2.350	0.000	21.54874611
0.850	-2.350	0.000	22.02034187
0.950	-2.350	0.000	22.40071487
1.050	-2.350	0.000	22.87905121
1.150	-2.350	0.000	23.40135193
1.250	-2.350	0.000	23.66956139
1.350	-2.350	0.000	23.71754074
1.450	-2.350	0.000	23.79846573
1.550	-2.350	0.000	24.47252274
1.650	-2.350	0.000	25.65280151
1.750	-2.350	0.000	26.06095505
1.850	-2.350	0.000	25.75949669
1.950	-2.350	0.000	25.37277985
2.050	-2.350	0.000	25.93461609
2.150	-2.350	0.000	30.30442047
2.250	-2.350	0.000	35.28878784
2.350	-2.350	0.000	36.37971115
2.450	-2.350	0.000	25.36602592
-2.450	-2.250	0.000	21.34099579
-2.350	-2.250	0.000	20.91961098
-2.250	-2.250	0.000	21.16762161
-2.150	-2.250	0.000	21.47982979
-2.050	-2.250	0.000	22.64925575
-1.950	-2.250	0.000	24.65592003
-1.850	-2.250	0.000	26.91816521
-1.750	-2.250	0.000	28.43750381
-1.650	-2.250	0.000	28.11104202
-1.550	-2.250	0.000	27.01498604
-1.450	-2.250	0.000	26.15332031
-1.350	-2.250	0.000	25.75448608
-1.250	-2.250	0.000	25.80639839
-1.150	-2.250	0.000	25.74827576
-1.050	-2.250	0.000	25.89551544
-0.950	-2.250	0.000	25.93808746
-0.850	-2.250	0.000	25.52279854
-0.750	-2.250	0.000	25.16312790
-0.650	-2.250	0.000	24.77011871
-0.550	-2.250	0.000	24.46070862
-0.450	-2.250	0.000	24.06604004
-0.350	-2.250	0.000	23.86224747
-0.250	-2.250	0.000	23.49229240
-0.150	-2.250	0.000	22.89780807
-0.050	-2.250	0.000	22.27620888
0.050	-2.250	0.000	21.76511383
0.150	-2.250	0.000	21.26992798
0.250	-2.250	0.000	20.93874741
0.350	-2.250	0.000	20.86990929
0.450	-2.250	0.000	20.74808502
0.550	-2.250	0.000	20.88922119
0.650	-2.250	0.000	21.17519379
0.750	-2.250	0.000	21.67245483
0.850	-2.250	0.000	22.14524078
0.950	-2.250	0.000	22.50844193
1.050	-2.250	0.000	22.95823097
1.150	-2.250	0.000	23.43431473
1.250	-2.250	0.000	23.67387772
1.350	-2.250	0.000	23.63024521
1.450	-2.250	0.000	23.58723450
1.550	-2.250	0.000	24.03877449
1.650	-2.250	0.000	25.14355850
1.750	-2.250	0.000	26.08847618
1.850	-2.250	0.000	26.28380585
1.950	-2.250	0.000	26.25101089
2.050	-2.250	0.000	26.42177200
2.150	-2.250	0.000	28.49207115
2.250	-2.250	0.000	31.68895721
2.350	-2.250	0.000	34.70033646
2.450	-2.250	0.000	26.86843872
-2.450	-2.150	0.000	21.18356705
-2.350	-2.150	0.000	20.80628204
-2.250	-2.150	0.000	21.08958244
-2.150	-2.150	0.000	21.49991226
-2.050	-2.150	0.000	22.75305557
-1.950	-2.150	0.000	24.90181351
-1.850	-2.150	0.000	27.18058395
-1.750	-2.150	0.000	28.68570328
-1.650	-2.150	0.000	28.19753265
-1.550	-2.150	0.000	27.03690147
-1.450	-2.150	0.000	26.11820221
-1.350	-2.150	0.000	25.72352600
-1.250	-2.150	0.000	25.78915405
-1.150	-2.150	0.000	25.73979950
-1.050	-2.150	0.000	25.75777435
-0.950	-2.150	0.000	25.75088501
-0.850	-2.150	0.000	25.31352234
-0.750	-2.150	0.000	24.98943329
-0.650	-2.150	0.000	24.61909866
-0.550	-2.150	0.000	24.38071442
-0.450	-2.150	0.000	24.02613258
-0.350	-2.150	0.000	23.80998993
-0.250	-2.150	0.000	23.34788895
-0.150	-2.150	0.000	22.84535217
-0.050	-2.150	0.000	22.17740631
0.050	-2.150	0.000	21.68055344
0.150	-2.150	0.000	21.16279793
0.250	-2.150	0.000	20.80784607
0.350	-2.150	0.000	20.70844841
0.450	-2.150	0.000	20.59726143
0.550	-2.150	0.000	20.70884132
0.650	-2.150	0.000	20.93917847
0.750	-2.150	0.000	21.34131622
0.850	-2.150	0.000	21.73383331
0.950	-2.150	0.000	22.02206039
1.050	-2.150	0.000	22.38864517
1.150	-2.150	0.000	22.80859375
1.250	-2.150	0.000	23.13642883
1.350	-2.150	0.000	23.29243088
1.450	-2.150	0.000	23.39761353
1.550	-2.150	0.000	23.76963425
1.650	-2.150	0.000	24.41570282
1.750	-2.150	0.000	25.08857346
1.850	-2.150	0.000	25.63923264
1.950	-2.150	0.000	26.01581573
2.050	-2.150	0.000	26.45843506
2.150	-2.150	0.000	28.36415482
2.250	-2.150	0.000	30.96613312
2.350	-2.150	0.000	34.39270401
2.450	-2.150	0.000	27.90006065
-2.450	-2.050	0.000	21.22660828
-2.350	-2.050	0.000	20.88039970
-2.250	-2.050	0.000	21.19612122
-2.150	-2.050	0.000	21.68855095
-2.050	-2.050	0.000	23.01827812
-1.950	-2.050	0.000	25.25966072
-1.850	-2.050	0.000	27.43008041
-1.750	-2.050	0.000	28.66923332
-1.650	-2.050	0.000	28.03573799
-1.550	-2.050	0.000	26.63525009
-1.450	-2.050	0.000	26.01817322
-1.350	-2.050	0.000	25.61982155
-1.250	-2.050	0.000	25.86242294
-1.150	-2.050	0.000	25.86032867
-1.050	-2.050	0.000	25.75672340
-0.950	-2.050	0.000	25.59657288
-0.850	-2.050	0.000	25.20806122
-0.750	-2.050	0.000	24.81209564
-0.650	-2.050	0.000	24.44466019
-0.550	-2.050	0.000	24.13136673
-0.450	-2.050	0.000	23.74872971
-0.350	-2.050	0.000	23.51904678
-0.250	-2.050	0.000	23.07564163
-0.150	-2.050	0.000	22.65827560
-0.050	-2.050	0.000	22.12294769
0.050	-2.050	0.000	21.70049667
0.150	-2.050	0.000	21.18610001
0.250	-2.050	0.000	20.85465240
0.350	-2.050	0.000	20.73587036
0.450	-2.050	0.000	20.67217445
0.550	-2.050	0.000	20.81717300
0.650	-2.050	0.000	21.10447311
0.750	-2.050	0.000	21.51639557
0.850	-2.050	0.000	21.91675949
0.950	-2.050	0.000	22.24049187
1.050	-2.050	0.000	22.53932190
1.150	-2.050	0.000	22.91175270
1.250	-2.050	0.000	23.25410843
1.350	-2.050	0.000	23.44352722
1.450	-2.050	0.000	23.56704330
1.550	-2.050	0.000	23.91509247
1.650	-2.050	0.000	24.60647392
1.750	-2.050	0.000	25.30988693
1.850	-2.050	0.000	25.65066719
1.950	-2.050	0.000	25.84340668
2.050	-2.050	0.000	26.10494614
2.150	-2.050	0.000	27.54438019
2.250	-2.050	0.000	28.84978485
2.350	-2.050	0.000	32.05464172
2.450	-2.050	0.000	27.36549950
-2.450	-1.950	0.000	21.31392479
-2.350	-1.950	0.000	20.99040604
-2.250	-1.950	0.000	21.32122040
-2.150	-1.950	0.000	21.89552307
-2.050	-1.950	0.000	23.35965538
-1.950	-1.950	0.000	25.70819855
-1.850	-1.950	0.000	27.68372154
-1.750	-1.950	0.000	28.69162369
-1.650	-1.950	0.000	27.92607307
-1.550	-1.950	0.000	26.43524933
-1.450	-1.950	0.000	25.99075127
-1.350	-1.950	0.000	25.69000244
-1.250	-1.950	0.000	25.99322891
-1.150	-1.950	0.000	26.07369614
-1.050	-1.950	0.000	25.88396454
-0.950	-1.950	0.000	25.63738251
-0.850	-1.950	0.000	25.32028961
-0.750	-1.950	0.000	24.86182594
-0.650	-1.950	0.000	24.46778297
-0.550	-1.950	0.000	24.07926750
-0.450	-1.950	0.000	23.66837692
-0.350	-1.950	0.000	23.38856888
-0.250	-1.950	0.000	22.96723175
-0.150	-1.950	0.000	22.54249954
-0.050	-1.950	0.000	22.05372238
0.050	-1.950	0.000	21.61200142
0.150	-1.950	0.000	21.07479477
0.250	-1.950	0.000	20.74756050
0.350	-1.950	0.000	20.58218002
0.450	-1.950	0.000	20.55840302
0.550	-1.950	0.000	20.70068741
0.650	-1.950	0.000	20.99561310
0.750	-1.950	0.000	21.41720200
0.850	-1.950	0.000	21.85606766
0.950	-1.950	0.000	22.23395920
1.050	-1.950	0.000	22.56961823
1.150	-1.950	0.000	22.90667343
1.250	-1.950	0.000	23.26421547
1.350	-1.950	0.000	23.42146301
1.450	-1.950	0.000	23.53772736
1.550	-1.950	0.000	23.72466278
1.650	-1.950	0.000	24.27117157
1.750	-1.950	0.000	24.94123077
1.850	-1.950	0.000	25.44546700
1.950	-1.950	0.000	25.91579819
2.050	-1.950	0.000	26.27054024
2.150	-1.950	0.000	27.42639160
2.250	-1.950	0.000	27.96737099
2.350	-1.950	0.000	30.56238937
2.450	-1.950	0.000	26.94716644
-2.450	-1.850	0.000	21.35405922
-2.350	-1.850	0.000	21.06118011
-2.250	-1.850	0.000	21.41043854
-2.150	-1.850	0.000	22.05410767
-2.050	-1.850	0.000	23.59299088
-1.950	-1.850	0.000	25.94306755
-1.850	-1.850	0.000	27.71971512
-1.750	-1.850	0.000	28.41694260
-1.650	-1.850	0.000	27.61167145
-1.550	-1.850	0.000	26.08234787
-1.450	-1.850	0.000	25.83687210
-1.350	-1.850	0.000	25.64219284
-1.250	-1.850	0.000	25.96020889
-1.150	-1.850	0.000	26.10943985
-1.050	-1.850	0.000	25.96293640
-0.950	-1.850	0.000	25.68917465
-0.850	-1.850	0.000	25.40535736
-0.750	-1.850	0.000	24.90446091
-0.650	-1.850	0.000	24.50690079
-0.550	-1.850	0.000	24.05540848
-0.450	-1.850	0.000	23.59322739
-0.350	-1.850	0.000	23.22880173
-0.250	-1.850	0.000	22.80012703
-0.150	-1.850	0.000	22.42326736
-0.050	-1.850	0.000	21.98972893
0.050	-1.850	0.000	21.53531647
0.150	-1.850	0.000	21.03915787
0.250	-1.850	0.000	20.72184753
0.350	-1.850	0.000	20.49647141
0.450	-1.850	0.000	20.48618698
0.550	-1.850	0.000	20.66262054
0.650	-1.850	0.000	20.97147179
0.750	-1.850	0.000	21.41321945
0.850	-1.850	0.000	21.94099426
0.950	-1.850	0.000	22.46360397
1.050	-1.850	0.000	22.86134148
1.150	-1.850	0.000	23.25219727
1.250	-1.850	0.000	23.63059998
1.350	-1.850	0.000	23.81606102
1.450	-1.850	0.000	23.97769547
1.550	-1.850	0.000	24.22209549
1.650	-1.850	0.000	24.66833115
1.750	-1.850	0.000	25.04663277
1.850	-1.850	0.000	25.20356369
1.950	-1.850	0.000	25.35896301
2.050	-1.850	0.000	25.44500732
2.150	-1.850	0.000	26.40589142
2.250	-1.850	0.000	26.70807266
2.350	-1.850	0.000	29.06668854
2.450	-1.850	0.000	26.25375366
-2.450	-1.750	0.000	21.34667206
-2.350	-1.750	0.000	21.10241699
-2.250	-1.750	0.000	21.50240707
-2.150	-1.750	0.000	22.22211838
-2.050	-1.750	0.000	23.79408264
-1.950	-1.750	0.000	26.10381317
-1.850	-1.750	0.000	27.68293953
-1.750	-1.750	0.000	28.15450478
-1.650	-1.750	0.000	27.30993271
-1.550	-1.750	0.000	25.86265564
-1.450	-1.750	0.000	25.68068695
-1.350	-1.750	0.000	25.61490250
-1.250	-1.750	0.000	25.89743233
-1.150	-1.750	0.000	26.13024139
-1.050	-1.750	0.000	26.03108978
-0.950	-1.750	0.000	25.76200485
-0.850	-1.750	0.000	25.49423409
-0.750	-1.750	0.000	24.98291779
-0.650	-1.750	0.000	24.60532761
-0.550	-1.750	0.000	24.09713745
-0.450	-1.750	0.000	23.59526634
-0.350	-1.750	0.000	23.18248367
-0.250	-1.750	0.000	22.68497849
-0.150	-1.750	0.000	22.33678436
-0.050	-1.750	0.000	21.94430733
0.050	-1.750	0.000	21.50385284
0.150	-1.750	0.000	21.06440735
0.250	-1.750	0.000	20.76928329
0.350	-1.750	0.000	20.54047775
0.450	-1.750	0.000	20.48096848
0.550	-1.750	0.000	20.58813477
0.650	-1.750	0.000	20.93338013
0.750	-1.750	0.000	21.51875687
0.850	-1.750	0.000	22.14439392
0.950	-1.750	0.000	22.69038010
1.050	-1.750	0.000	23.25788116
1.150	-1.750	0.000	23.69117355
1.250	-1.750	0.000	23.93285751
1.350	-1.750	0.000	24.02361488
1.450	-1.750	0.000	24.01418877
1.550	-1.750	0.000	24.25471306
1.650	-1.750	0.000	24.63125992
1.750	-1.750	0.000	24.97274017
1.850	-1.750	0.000	25.01750183
1.950	-1.750	0.000	25.11449242
2.050	-1.750	0.000	25.08176804
2.150	-1.750	0.000	25.84525108
2.250	-1.750	0.000	25.97830772
2.350	-1.750	0.000	28.07863998
2.450	-1.750	0.000	25.76358414
-2.450	-1.650	0.000	21.31843567
-2.350	-1.650	0.000	21.11062050
-2.250	-1.650	0.000	21.54475784
-2.150	-1.650	0.000	22.31693077
-2.050	-1.650	0.000	23.90056992
-1.950	-1.650	0.000	26.10708237
-1.850	-1.650	0.000	27.49619675
-1.750	-1.650	0.000	27.73684311
-1.650	-1.650	0.000	26.93660355
-1.550	-1.650	0.000	25.58513641
-1.450	-1.650	0.000	25.48020744
-1.350	-1.650	0.000	25.53020859
-1.250	-1.650	0.000	25.73913956
-1.150	-1.650	0.000	25.99844360
-1.050	-1.650	0.000	26.00376511
-0.950	-1.650	0.000	25.78497696
-0.850	-1.650	0.000	25.46453476
-0.750	-1.650	0.000	24.99739265
-0.650	-1.650	0.000	24.65361404
-0.550	-1.650	0.000	24.15651703
-0.450	-1.650	0.000	23.63202667
-0.350	-1.650	0.000	23.23379898
-0.250	-1.650	0.000	22.73690224
-0.150	-1.650	0.000	22.44058228
-0.050	-1.650	0.000	22.08470154
0.050	-1.650	0.000	21.65132713
0.150	-1.650	0.000	21.24822235
0.250	-1.650	0.000	20.99502563
0.350	-1.650	0.000	20.75209236
0.450	-1.650	0.000	20.72693634
0.550	-1.650	0.000	20.86472321
0.650	-1.650	0.000	21.19980621
0.750	-1.650	0.000	21.70467758
0.850	-1.650	0.000	22.37648582
0.950	-1.650	0.000	23.11671448
1.050	-1.650	0.000	23.86154556
1.150	-1.650	0.000	24.32773590
1.250	-1.650	0.000	24.57950592
1.350	-1.650	0.000	24.67807388
1.450	-1.650	0.000	24.45505142
1.550	-1.650	0.000	24.45167160
1.650	-1.650	0.000	24.53921127
1.750	-1.650	0.000	24.60886383
1.850	-1.650	0.000	24.57159424
1.950	-1.650	0.000	24.58055878
2.050	-1.650	0.000	24.48007393
2.150	-1.650	0.000	25.20615578
2.250	-1.650	0.000	25.30317879
2.350	-1.650	0.000	27.35570145
2.450	-1.650	0.000	25.39087868
-2.450	-1.550	0.000	21.31817055
-2.350	-1.550	0.000	21.14299965
-2.250	-1.550	0.000	21.61284256
-2.150	-1.550	0.000	22.42979240
-2.050	-1.550	0.000	23.99852753
-1.950	-1.550	0.000	26.08349228
-1.850	-1.550	0.000	27.28962898
-1.750	-1.550	0.000	27.34787941
-1.650	-1.550	0.000	26.62430573
-1.550	-1.550	0.000	25.38230133
-1.450	-1.550	0.000	25.30927277
-1.350	-1.550	0.000	25.41189194
-1.250	-1.550	0.000	25.62983894
-1.150	-1.550	0.000	25.93480301
-1.050	-1.550	0.000	26.02385139
-0.950	-1.550	0.000	25.89913750
-0.850	-1.550	0.000	25.44319916
-0.750	-1.550	0.000	25.04717636
-0.650	-1.550	0.000	24.65656281
-0.550	-1.550	0.000	24.19176674
-0.450	-1.550	0.000	23.66129303
-0.350	-1.550	0.000	23.27220154
-0.250	-1.550	0.000	22.78703690
-0.150	-1.550	0.000	22.45749664
-0.050	-1.550	0.000	22.21347427
0.050	-1.550	0.000	21.78459549
0.150	-1.550	0.000	21.42339325
0.250	-1.550	0.000	21.20052528
0.350	-1.550	0.000	20.98806572
0.450	-1.550	0.000	20.96430588
0.550	-1.550	0.000	21.09047318
0.650	-1.550	0.000	21.42012978
0.750	-1.550	0.000	21.95632362
0.850	-1.550	0.000	22.48428726
0.950	-1.550	0.000	23.11224747
1.050	-1.550	0.000	23.99243927
1.150	-1.550	0.000	24.70363617
1.250	-1.550	0.000	25.04336166
1.350	-1.550	0.000	25.11167526
1.450	-1.550	0.000	24.83663750
1.550	-1.550	0.000	24.56685638
1.650	-1.550	0.000	24.48460960
1.750	-1.550	0.000	24.45366669
1.850	-1.550	0.000	24.36751175
1.950	-1.550	0.000	24.32084274
2.050	-1.550	0.000	24.14891243
2.150	-1.550	0.000	24.75959778
2.250	-1.550	0.000	24.76144028
2.350	-1.550	0.000	26.69444275
2.450	-1.550	0.000	24.97816086
-2.450	-1.450	0.000	21.31481171
-2.350	-1.450	0.000	21.17266083
-2.250	-1.450	0.000	21.68982697
-2.150	-1.450	0.000	22.57042122
-2.050	-1.450	0.000	24.10022545
-1.950	-1.450	0.000	26.00583267
-1.850	-1.450	0.000	27.02210999
-1.750	-1.450	0.000	27.01656342
-1.650	-1.450	0.000	26.36895752
-1.550	-1.450	0.000	25.24327660
-1.450	-1.450	0.000	25.18497086
-1.350	-1.450	0.000	25.26851654
-1.250	-1.450	0.000	25.45919037
-1.150	-1.450	0.000	25.85753822
-1.050	-1.450	0.000	26.04703903
-0.950	-1.450	0.000	25.99300194
-0.850	-1.450	0.000	25.53916740
-0.750	-1.450	0.000	25.12871933
-0.650	-1.450	0.000	24.64282990
-0.550	-1.450	0.000	24.22843361
-0.450	-1.450	0.000	23.70106125
-0.350	-1.450	0.000	23.34065247
-0.250	-1.450	0.000	22.87684631
-0.150	-1.450	0.000	22.56506729
-0.050	-1.450	0.000	22.35680771
0.050	-1.450	0.000	21.99362183
0.150	-1.450	0.000	21.65166664
0.250	-1.450	0.000	21.44641113
0.350	-1.450	0.000	21.27223587
0.450	-1.450	0.000	21.26987076
0.550	-1.450	0.000	21.38671494
0.650	-1.450	0.000	21.71065140
0.750	-1.450	0.000	22.21835136
0.850	-1.450	0.000	22.77145004
0.950	-1.450	0.000	23.39347839
1.050	-1.450	0.000	24.20685577
1.150	-1.450	0.000	24.97428703
1.250	-1.450	0.000	25.40914154
1.350	-1.450	0.000	25.49321365
1.450	-1.450	0.000	25.27351379
1.550	-1.450	0.000	24.87245560
1.650	-1.450	0.000	24.55671501
1.750	-1.450	0.000	24.38831711
1.850	-1.450	0.000	24.17819595
1.950	-1.450	0.000	24.07416534
2.050	-1.450	0.000	23.87351418
2.150	-1.450	0.000	24.44258499
2.250	-1.450	0.000	24.35962486
2.350	-1.450	0.000	26.19059753
2.450	-1.450	0.000	24.65257645
-2.450	-1.350	0.000	21.34452438
-2.350	-1.350	0.000	21.22585678
-2.250	-1.350	0.000	21.76040649
-2.150	-1.350	0.000	22.63948822
-2.050	-1.350	0.000	24.10697746
-1.950	-1.350	0.000	25.91678619
-1.850	-1.350	0.000	26.83374023
-1.750	-1.350	0.000	26.79122925
-1.650	-1.350	0.000	26.24195671
-1.550	-1.350	0.000	25.25037384
-1.450	-1.350	0.000	25.19283295
-1.350	-1.350	0.000	25.22822952
-1.250	-1.350	0.000	25.43012238
-1.150	-1.350	0.000	25.87134171
-1.050	-1.350	0.000	26.16687393
-0.950	-1.350	0.000	26.19626045
-0.850	-1.350	0.000	25.77151871
-0.750	-1.350	0.000	25.34477997
-0.650	-1.350	0.000	24.84724808
-0.550	-1.350	0.000	24.36817551
-0.450	-1.350	0.000	23.86220169
-0.350	-1.350	0.000	23.46289825
-0.250	-1.350	0.000	22.99271965
-0.150	-1.350	0.000	22.66470146
-0.050	-1.350	0.000	22.44524002
0.050	-1.350	0.000	22.09630966
0.150	-1.350	0.000	21.73970413
0.250	-1.350	0.000	21.52215385
0.350	-1.350	0.000	21.35536766
0.450	-1.350	0.000	21.35804367
0.550	-1.350	0.000	21.46613884
0.650	-1.350	0.000	21.75937653
0.750	-1.350	0.000	22.20062828
0.850	-1.350	0.000	22.75540543
0.950	-1.350	0.000	23.39016724
1.050	-1.350	0.000	24.22833633
1.150	-1.350	0.000	25.01602936
1.250	-1.350	0.000	25.49946594
1.350	-1.350	0.000	25.75569534
1.450	-1.350	0.000	25.67690659
1.550	-1.350	0.000	25.32357407
1.650	-1.350	0.000	24.98867416
1.750	-1.350	0.000	24.66095352
1.850	-1.350	0.000	24.26015854
1.950	-1.350	0.000	24.00580215
2.050	-1.350	0.000	23.67448997
2.150	-1.350	0.000	24.14252281
2.250	-1.350	0.000	23.95026398
2.350	-1.350	0.000	25.61094666
2.450	-1.350	0.000	24.21631241
-2.450	-1.250	0.000	21.39451599
-2.350	-1.250	0.000	21.29743576
-2.250	-1.250	0.000	21.87230301
-2.150	-1.250	0.000	22.80334854
-2.050	-1.250	0.000	24.22723579
-1.950	-1.250	0.000	25.91975021
-1.850	-1.250	0.000	26.72410011
-1.750	-1.250	0.000	26.67309570
-1.650	-1.250	0.000	26.21859741
-1.550	-1.250	0.000	25.36194229
-1.450	-1.250	0.000	25.29515648
-1.350	-1.250	0.000	25.26661491
-1.250	-1.250	0.000	25.43910980
-1.150	-1.250	0.000	25.88070297
-1.050	-1.250	0.000	26.22834015
-0.950	-1.250	0.000	26.34424210
-0.850	-1.250	0.000	25.95015335
-0.750	-1.250	0.000	25.53070259
-0.650	-1.250	0.000	25.01905060
-0.550	-1.250	0.000	24.51683426
-0.450	-1.250	0.000	24.01026726
-0.350	-1.250	0.000	23.58736038
-0.250	-1.250	0.000	23.10227203
-0.150	-1.250	0.000	22.75075912
-0.050	-1.250	0.000	22.49742889
0.050	-1.250	0.000	22.16575241
0.150	-1.250	0.000	21.82735252
0.250	-1.250	0.000	21.59059143
0.350	-1.250	0.000	21.42502403
0.450	-1.250	0.000	21.43312836
0.550	-1.250	0.000	21.55088425
0.650	-1.250	0.000	21.80231094
0.750	-1.250	0.000	22.20755768
0.850	-1.250	0.000	22.76674080
0.950	-1.250	0.000	23.39131927
1.050	-1.250	0.000	24.12615585
1.150	-1.250	0.000	24.89986229
1.250	-1.250	0.000	25.47515106
1.350	-1.250	0.000	25.75839996
1.450	-1.250	0.000	25.80008507
1.550	-1.250	0.000	25.68215561
1.650	-1.250	0.000	25.44419098
1.750	-1.250	0.000	25.01680374
1.850	-1.250	0.000	24.43793488
1.950	-1.250	0.000	24.05190849
2.050	-1.250	0.000	23.62334251
2.150	-1.250	0.000	23.99403000
2.250	-1.250	0.000	23.69141960
2.350	-1.250	0.000	25.17528725
2.450	-1.250	0.000	23.86397362
-2.450	-1.150	0.000	21.47865295
-2.350	-1.150	0.000	21.40289688
-2.250	-1.150	0.000	22.01729584
-2.150	-1.150	0.000	22.98406982
-2.050	-1.150	0.000	24.35158920
-1.950	-1.150	0.000	25.94152260
-1.850	-1.150	0.000	26.66612244
-1.750	-1.150	0.000	26.65644836
-1.650	-1.150	0.000	26.28560257
-1.550	-1.150	0.000	25.58787918
-1.450	-1.150	0.000	25.49865341
-1.350	-1.150	0.000	25.39823532
-1.250	-1.150	0.000	25.51027489
-1.150	-1.150	0.000	25.89487076
-1.050	-1.150	0.000	26.21982384
-0.950	-1.150	0.000	26.39105606
-0.850	-1.150	0.000	26.05495644
-0.750	-1.150	0.000	25.67650604
-0.650	-1.150	0.000	25.19919586
-0.550	-1.150	0.000	24.67568588
-0.450	-1.150	0.000	24.16381264
-0.350	-1.150	0.000	23.71738434
-0.250	-1.150	0.000	23.22645187
-0.150	-1.150	0.000	22.83058548
-0.050	-1.150	0.000	22.51555252
0.050	-1.150	0.000	22.14846802
0.150	-1.150	0.000	21.79563141
0.250	-1.150	0.000	21.52289391
0.350	-1.150	0.000	21.33491135
0.450	-1.150	0.000	21.34061241
0.550	-1.150	0.000	21.51140404
0.650	-1.150	0.000	21.77494812
0.750	-1.150	0.000	22.15473747
0.850	-1.150	0.000	22.72473907
0.950	-1.150	0.000	23.37121201
1.050	-1.150	0.000	24.01122665
1.150	-1.150	0.000	24.65077972
1.250	-1.150	0.000	25.29037666
1.350	-1.150	0.000	25.70221329
1.450	-1.150	0.000	25.81149292
1.550	-1.150	0.000	25.80609512
1.650	-1.150	0.000	25.73786163
1.750	-1.150	0.000	25.41464996
1.850	-1.150	0.000	24.71662903
1.950	-1.150	0.000	24.13652039
2.050	-1.150	0.000	23.60024261
2.150	-1.150	0.000	23.88543129
2.250	-1.150	0.000	23.50553322
2.350	-1.150	0.000	24.79491043
2.450	-1.150	0.000	23.48106766
-2.450	-1.050	0.000	21.54365540
-2.350	-1.050	0.000	21.49750328
-2.250	-1.050	0.000	22.14619827
-2.150	-1.050	0.000	23.15357971
-2.050	-1.050	0.000	24.46767235
-1.950	-1.050	0.000	25.95009995
-1.850	-1.050	0.000	26.58262444
-1.750	-1.050	0.000	26.64671707
-1.650	-1.050	0.000	26.35681915
-1.550	-1.050	0.000	25.83866119
-1.450	-1.050	0.000	25.74341965
-1.350	-1.050	0.000	25.57159424
-1.250	-1.050	0.000	25.59606934
-1.150	-1.050	0.000	25.85877228
-1.050	-1.050	0.000	26.13584518
-0.950	-1.050	0.000	26.30922890
-0.850	-1.050	0.000	26.01924324
-0.750	-1.050	0.000	25.68117523
-0.650	-1.050	0.000	25.27642441
-0.550	-1.050	0.000	24.76648140
-0.450	-1.050	0.000	24.25947189
-0.350	-1.050	0.000	23.82118225
-0.250	-1.050	0.000	23.33935928
-0.150	-1.050	0.000	22.91055870
-0.050	-1.050	0.000	22.53734970
0.050	-1.050	0.000	22.12909317
0.150	-1.050	0.000	21.75075912
0.250	-1.050	0.000	21.46403122
0.350	-1.050	0.000	21.27577591
0.450	-1.050	0.000	21.26734543
0.550	-1.050	0.000	21.44879913
0.650	-1.050	0.000	21.75099564
0.750	-1.050	0.000	22.14561272
0.850	-1.050	0.000	22.67744637
0.950	-1.050	0.000	23.33153725
1.050	-1.050	0.000	23.94751740
1.150	-1.050	0.000	24.42901230
1.250	-1.050	0.000	24.89841270
1.350	-1.050	0.000	25.30980682
1.450	-1.050	0.000	25.58605576
1.550	-1.050	0.000	25.75844383
1.650	-1.050	0.000	25.76841927
1.750	-1.050	0.000	25.62892151
1.850	-1.050	0.000	24.99687195
1.950	-1.050	0.000	24.29452515
2.050	-1.050	0.000	23.63718033
2.150	-1.050	0.000	23.81968689
2.250	-1.050	0.000	23.39392471
2.350	-1.050	0.000	24.49384499
2.450	-1.050	0.000	23.13504982
-2.450	-0.950	0.000	21.58772659
-2.350	-0.950	0.000	21.58144379
-2.250	-0.950	0.000	22.24906540
-2.150	-0.950	0.000	23.29081726
-2.050	-0.950	0.000	24.56101608
-1.950	-0.950	0.000	25.93977165
-1.850	-0.950	0.000	26.46312332
-1.750	-0.950	0.000	26.57734680
-1.650	-0.950	0.000	26.35002136
-1.550	-0.950	0.000	25.99274826
-1.450	-0.950	0.000	25.92649460
-1.350	-0.950	0.000	25.70773506
-1.250	-0.950	0.000	25.61614227
-1.150	-0.950	0.000	25.75313568
-1.050	-0.950	0.000	25.98375893
-0.950	-0.950	0.000	26.11643982
-0.850	-0.950	0.000	25.87380791
-0.750	-0.950	0.000	25.59259796
-0.650	-0.950	0.000	25.24621964
-0.550	-0.950	0.000	24.77841187
-0.450	-0.950	0.000	24.29374695
-0.350	-0.950	0.000	23.87871742
-0.250	-0.950	0.000	23.43897247
-0.150	-0.950	0.000	22.99319839
-0.050	-0.950	0.000	22.57832336
0.050	-0.950	0.000	22.13597488
0.150	-0.950	0.000	21.72913170
0.250	-0.950	0.000	21.42050171
0.350	-0.950	0.000	21.23042297
0.450	-0.950	0.000	21.22810173
0.550	-0.950	0.000	21.40058136
0.650	-0.950	0.000	21.72788429
0.750	-0.950	0.000	22.13668442
0.850	-0.950	0.000	22.64318085
0.950	-0.950	0.000	23.25018120
1.050	-0.950	0.000	23.83098984
1.150	-0.950	0.000	24.22555161
1.250	-0.950	0.000	24.53166771
1.350	-0.950	0.000	24.80693054
1.450	-0.950	0.000	25.10519028
1.550	-0.950	0.000	25.42535019
1.650	-0.950	0.000	25.56201172
1.750	-0.950	0.000	25.53469086
1.850	-0.950	0.000	25.03305626
1.950	-0.950	0.000	24.35713005
2.050	-0.950	0.000	23.67510223
2.150	-0.950	0.000	23.76101303
2.250	-0.950	0.000	23.30520630
2.350	-0.950	0.000	24.22138023
2.450	-0.950	0.000	22.84553909
-2.450	-0.850	0.000	21.60375977
-2.350	-0.850	0.000	21.64940262
-2.250	-0.850	0.000	22.32400131
-2.150	-0.850	0.000	23.39233780
-2.050	-0.850	0.000	24.62999535
-1.950	-0.850	0.000	25.89618683
-1.850	-0.850	0.000	26.31734848
-1.750	-0.850	0.000	26.43962860
-1.650	-0.850	0.000	26.27476883
-1.550	-0.850	0.000	26.04401398
-1.450	-0.850	0.000	25.99756050
-1.350	-0.850	0.000	25.76680756
-1.250	-0.850	0.000	25.57006073
-1.150	-0.850	0.000	25.60718536
-1.050	-0.850	0.000	25.75929832
-0.950	-0.850	0.000	25.85797119
-0.850	-0.850	0.000	25.66185760
-0.750	-0.850	0.000	25.38977814
-0.650	-0.850	0.000	25.10169601
-0.550	-0.850	0.000	24.69121552
-0.450	-0.850	0.000	24.25019073
-0.350	-0.850	0.000	23.86759377
-0.250	-0.850	0.000	23.48188400
-0.150	-0.850	0.000	23.02882004
-0.050	-0.850	0.000	22.59653473
0.050	-0.850	0.000	22.12957382
0.150	-0.850	0.000	21.68558884
0.250	-0.850	0.000	21.36062241
0.350	-0.850	0.000	21.17016220
0.450	-0.850	0.000	21.18885040
0.550	-0.850	0.000	21.35873604
0.650	-0.850	0.000	21.68907547
0.750	-0.850	0.000	22.10315895
0.850	-0.850	0.000	22.57553101
0.950	-0.850	0.000	23.09669876
1.050	-0.850	0.000	23.62307358
1.150	-0.850	0.000	23.98661804
1.250	-0.850	0.000	24.20159912
1.350	-0.850	0.000	24.34593964
1.450	-0.850	0.000	24.57089233
1.550	-0.850	0.000	24.90275955
1.650	-0.850	0.000	25.15862274
1.750	-0.850	0.000	25.27317810
1.850	-0.850	0.000	24.99617767
1.950	-0.850	0.000	24.41848755
2.050	-0.850	0.000	23.82020950
2.150	-0.850	0.000	23.88525772
2.250	-0.850	0.000	23.39828491
2.350	-0.850	0.000	24.12887955
2.450	-0.850	0.000	22.68867874
-2.450	-0.750	0.000	21.59529495
-2.350	-0.750	0.000	21.71775818
-2.250	-0.750	0.000	22.39443779
-2.150	-0.750	0.000	23.48236084
-2.050	-0.750	0.000	24.70664215
-1.950	-0.750	0.000	25.85170174
-1.850	-0.750	0.000	26.16518784
-1.750	-0.750	0.000	26.26086807
-1.650	-0.750	0.000	26.16104126
-1.550	-0.750	0.000	26.02214432
-1.450	-0.750	0.000	25.95283890
-1.350	-0.750	0.000	25.74273682
-1.250	-0.750	0.000	25.48456955
-1.150	-0.750	0.000	25.44184494
-1.050	-0.750	0.000	25.48714828
-0.950	-0.750	0.000	25.54682159
-0.850	-0.750	0.000	25.38571930
-0.750	-0.750	0.000	25.12247467
-0.650	-0.750	0.000	24.86597824
-0.550	-0.750	0.000	24.49807358
-0.450	-0.750	0.000	24.11547089
-0.350	-0.750	0.000	23.79146957
-0.250	-0.750	0.000	23.47457886
-0.150	-0.750	0.000	23.01396179
-0.050	-0.750	0.000	22.54913712
0.050	-0.750	0.000	22.04422379
0.150	-0.750	0.000	21.60462570
0.250	-0.750	0.000	21.28248024
0.350	-0.750	0.000	21.10602570
0.450	-0.750	0.000	21.13808441
0.550	-0.750	0.000	21.31952286
0.650	-0.750	0.000	21.64421844
0.750	-0.750	0.000	22.04166794
0.850	-0.750	0.000	22.47660065
0.950	-0.750	0.000	22.92825890
1.050	-0.750	0.000	23.35648346
1.150	-0.750	0.000	23.64741898
1.250	-0.750	0.000	23.81579208
1.350	-0.750	0.000	23.87662125
1.450	-0.750	0.000	24.02857971
1.550	-0.750	0.000	24.34144020
1.650	-0.750	0.000	24.63638687
1.750	-0.750	0.000	24.78116608
1.850	-0.750	0.000	24.68991089
1.950	-0.750	0.000	24.31421280
2.050	-0.750	0.000	23.84709167
2.150	-0.750	0.000	24.02251625
2.250	-0.750	0.000	23.54813194
2.350	-0.750	0.000	24.06856155
2.450	-0.750	0.000	22.54335213
-2.450	-0.650	0.000	21.55429268
-2.350	-0.650	0.000	21.76445389
-2.250	-0.650	0.000	22.46650696
-2.150	-0.650	0.000	23.58225250
-2.050	-0.650	0.000	24.78874969
-1.950	-0.650	0.000	25.81252670
-1.850	-0.650	0.000	26.00659180
-1.750	-0.650	0.000	26.03419113
-1.650	-0.650	0.000	26.01303673
-1.550	-0.650	0.000	25.95774269
-1.450	-0.650	0.000	25.85063553
-1.350	-0.650	0.000	25.64946175
-1.250	-0.650	0.000	25.38140297
-1.150	-0.650	0.000	25.27572250
-1.050	-0.650	0.000	25.21112442
-0.950	-0.650	0.000	25.21394539
-0.850	-0.650	0.000	25.09262085
-0.750	-0.650	0.000	24.84661865
-0.650	-0.650	0.000	24.60525894
-0.550	-0.650	0.000	24.26683807
-0.450	-0.650	0.000	23.89658546
-0.350	-0.650	0.000	23.60439682
-0.250	-0.650	0.000	23.33762741
-0.150	-0.650	0.000	22.88505173
-0.050	-0.650	0.000	22.41382027
0.050	-0.650	0.000	21.90998268
0.150	-0.650	0.000	21.46893120
0.250	-0.650	0.000	21.15113068
0.350	-0.650	0.000	20.96992302
0.450	-0.650	0.000	21.02681351
0.550	-0.650	0.000	21.23278427
0.650	-0.650	0.000	21.55150414
0.750	-0.650	0.000	21.91504288
0.850	-0.650	0.000	22.29571724
0.950	-0.650	0.000	22.66632843
1.050	-0.650	0.000	22.98754501
1.150	-0.650	0.000	23.18960190
1.250	-0.650	0.000	23.32202530
1.350	-0.650	0.000	23.39888000
1.450	-0.650	0.000	23.54008865
1.550	-0.650	0.000	23.83592796
1.650	-0.650	0.000	24.16812134
1.750	-0.650	0.000	24.34912872
1.850	-0.650	0.000	24.34506607
1.950	-0.650	0.000	24.18496704
2.050	-0.650	0.000	23.95426559
2.150	-0.650	0.000	24.11277390
2.250	-0.650	0.000	23.64545059
2.350	-0.650	0.000	24.01865196
2.450	-0.650	0.000	22.40369034
-2.450	-0.550	0.000	21.48100662
-2.350	-0.550	0.000	21.80326843
-2.250	-0.550	0.000	22.56765938
-2.150	-0.550	0.000	23.70000839
-2.050	-0.550	0.000	24.87355423
-1.950	-0.550	0.000	25.74291992
-1.850	-0.550	0.000	25.82229042
-1.750	-0.550	0.000	25.74278450
-1.650	-0.550	0.000	25.79430771
-1.550	-0.550	0.000	25.81738472
-1.450	-0.550	0.000	25.74216843
-1.350	-0.550	0.000	25.51693726
-1.250	-0.550	0.000	25.26649666
-1.150	-0.550	0.000	25.09867477
-1.050	-0.550	0.000	24.93859482
-0.950	-0.550	0.000	24.85402489
-0.850	-0.550	0.000	24.78271866
-0.750	-0.550	0.000	24.58652496
-0.650	-0.550	0.000	24.35842323
-0.550	-0.550	0.000	24.02259827
-0.450	-0.550	0.000	23.67505074
-0.350	-0.550	0.000	23.37334442
-0.250	-0.550	0.000	23.12075424
-0.150	-0.550	0.000	22.68745041
-0.050	-0.550	0.000	22.20563126
0.050	-0.550	0.000	21.70681763
0.150	-0.550	0.000	21.26914406
0.250	-0.550	0.000	20.96792984
0.350	-0.550	0.000	20.79806137
0.450	-0.550	0.000	20.86273384
0.550	-0.550	0.000	21.10820961
0.650	-0.550	0.000	21.44673538
0.750	-0.550	0.000	21.77456665
0.850	-0.550	0.000	22.09113884
0.950	-0.550	0.000	22.35732651
1.050	-0.550	0.000	22.59514618
1.150	-0.550	0.000	22.75651550
1.250	-0.550	0.000	22.88499641
1.350	-0.550	0.000	22.97169304
1.450	-0.550	0.000	23.11497116
1.550	-0.550	0.000	23.39176178
1.650	-0.550	0.000	23.77536201
1.750	-0.550	0.000	24.00250816
1.850	-0.550	0.000	24.02616119
1.950	-0.550	0.000	24.06498718
2.050	-0.550	0.000	24.02350426
2.150	-0.550	0.000	24.16878319
2.250	-0.550	0.000	23.70672226
2.350	-0.550	0.000	23.95639420
2.450	-0.550	0.000	22.22396469
-2.450	-0.450	0.000	21.36075211
-2.350	-0.450	0.000	21.79791832
-2.250	-0.450	0.000	22.64401054
-2.150	-0.450	0.000	23.80615234
-2.050	-0.450	0.000	24.96027756
-1.950	-0.450	0.000	25.69163132
-1.850	-0.450	0.000	25.63705254
-1.750	-0.450	0.000	25.44713593
-1.650	-0.450	0.000	25.50494194
-1.550	-0.450	0.000	25.61235809
-1.450	-0.450	0.000	25.63425064
-1.350	-0.450	0.000	25.40335274
-1.250	-0.450	0.000	25.15322304
-1.150	-0.450	0.000	24.90561676
-1.050	-0.450	0.000	24.66162109
-0.950	-0.450	0.000	24.51046371
-0.850	-0.450	0.000	24.45049477
-0.750	-0.450	0.000	24.32021904
-0.650	-0.450	0.000	24.12799072
-0.550	-0.450	0.000	23.80552292
-0.450	-0.450	0.000	23.47411919
-0.350	-0.450	0.000	23.14837456
-0.250	-0.450	0.000	22.86571503
-0.150	-0.450	0.000	22.42969513
-0.050	-0.450	0.000	21.93844223
0.050	-0.450	0.000	21.45479965
0.150	-0.450	0.000	21.02732849
0.250	-0.450	0.000	20.73275185
0.350	-0.450	0.000	20.59177399
0.450	-0.450	0.000	20.68389130
0.550	-0.450	0.000	20.94739151
0.650	-0.450	0.000	21.30935669
0.750	-0.450	0.000	21.63917923
0.850	-0.450	0.000	21.90518951
0.950	-0.450	0.000	22.06598282
1.050	-0.450	0.000	22.21390152
1.150	-0.450	0.000	22.36565590
1.250	-0.450	0.000	22.55338287
1.350	-0.450	0.000	22.66717529
1.450	-0.450	0.000	22.80857849
1.550	-0.450	0.000	23.02589798
1.650	-0.450	0.000	23.35100937
1.750	-0.450	0.000	23.65444756
1.850	-0.450	0.000	23.84644699
1.950	-0.450	0.000	24.05563354
2.050	-0.450	0.000	24.08788490
2.150	-0.450	0.000	24.23674583
2.250	-0.450	0.000	23.79354858
2.350	-0.450	0.000	23.98515129
2.450	-0.450	0.000	22.15421677
-2.450	-0.350	0.000	21.33771515
-2.350	-0.350	0.000	21.88760185
-2.250	-0.350	0.000	22.82560730
-2.150	-0.350	0.000	24.01869965
-2.050	-0.350	0.000	25.09321594
-1.950	-0.350	0.000	25.68257523
-1.850	-0.350	0.000	25.47604752
-1.750	-0.350	0.000	25.17597389
-1.650	-0.350	0.000	25.17930412
-1.550	-0.350	0.000	25.34142685
-1.450	-0.350	0.000	25.50626373
-1.350	-0.350	0.000	25.30380440
-1.250	-0.350	0.000	25.05650330
-1.150	-0.350	0.000	24.75272369
-1.050	-0.350	0.000	24.41630173
-0.950	-0.350	0.000	24.20288849
-0.850	-0.350	0.000	24.12742233
-0.750	-0.350	0.000	24.04052544
-0.650	-0.350	0.000	23.88222122
-0.550	-0.350	0.000	23.59548569
-0.450	-0.350	0.000	23.25647354
-0.350	-0.350	0.000	22.90481567
-0.250	-0.350	0.000	22.58560562
-0.150	-0.350	0.000	22.15327072
-0.050	-0.350	0.000	21.63182831
0.050	-0.350	0.000	21.13872528
0.150	-0.350	0.000	20.72763062
0.250	-0.350	0.000	20.49469376
0.350	-0.350	0.000	20.41753006
0.450	-0.350	0.000	20.54145241
0.550	-0.350	0.000	20.81040764
0.650	-0.350	0.000	21.15888214
0.750	-0.350	0.000	21.49433136
0.850	-0.350	0.000	21.74802017
0.950	-0.350	0.000	21.85677910
1.050	-0.350	0.000	21.95718193
1.150	-0.350	0.000	22.11292076
1.250	-0.350	0.000	22.32124329
1.350	-0.350	0.000	22.48918533
1.450	-0.350	0.000	22.65005493
1.550	-0.350	0.000	22.82205582
1.650	-0.350	0.000	23.06022644
1.750	-0.350	0.000	23.33446503
1.850	-0.350	0.000	23.64091873
1.950	-0.350	0.000	24.00178337
2.050	-0.350	0.000	24.06959534
2.150	-0.350	0.000	24.29155159
2.250	-0.350	0.000	23.90759659
2.350	-0.350	0.000	24.06485367
2.450	-0.350	0.000	22.17899323
-2.450	-0.250	0.000	21.36665535
-2.350	-0.250	0.000	22.02592087
-2.250	-0.250	0.000	23.05358505
-2.150	-0.250	0.000	24.26553726
-2.050	-0.250	0.000	25.27186966
-1.950	-0.250	0.000	25.68159103
-1.850	-0.250	0.000	25.32479668
-1.750	-0.250	0.000	24.93495178
-1.650	-0.250	0.000	24.82141876
-1.550	-0.250	0.000	25.03831673
-1.450	-0.250	0.000	25.30925369
-1.350	-0.250	0.000	25.20195770
-1.250	-0.250	0.000	25.03403854
-1.150	-0.250	0.000	24.67858124
-1.050	-0.250	0.000	24.24787521
-0.950	-0.250	0.000	23.98600769
-0.850	-0.250	0.000	23.85240936
-0.750	-0.250	0.000	23.76095581
-0.650	-0.250	0.000	23.65169525
-0.550	-0.250	0.000	23.40342140
-0.450	-0.250	0.000	23.04242897
-0.350	-0.250	0.000	22.67217636
-0.250	-0.250	0.000	22.31858635
-0.150	-0.250	0.000	21.88125038
-0.050	-0.250	0.000	21.35960388
0.050	-0.250	0.000	20.85529709
0.150	-0.250	0.000	20.43990707
0.250	-0.250	0.000	20.20465279
0.350	-0.250	0.000	20.16132736
0.450	-0.250	0.000	20.33749008
0.550	-0.250	0.000	20.65888405
0.650	-0.250	0.000	21.03799820
0.750	-0.250	0.000	21.36684990
0.850	-0.250	0.000	21.59510040
0.950	-0.250	0.000	21.68110275
1.050	-0.250	0.000	21.77196121
1.150	-0.250	0.000	21.94090652
1.250	-0.250	0.000	22.16874313
1.350	-0.250	0.000	22.38033295
1.450	-0.250	0.000	22.57772827
1.550	-0.250	0.000	22.73300934
1.650	-0.250	0.000	22.93819809
1.750	-0.250	0.000	23.23255730
1.850	-0.250	0.000	23.59226036
1.950	-0.250	0.000	24.00735474
2.050	-0.250	0.000	24.12507629
2.150	-0.250	0.000	24.43523788
2.250	-0.250	0.000	24.11284637
2.350	-0.250	0.000	24.23922157
2.450	-0.250	0.000	22.24621201
-2.450	-0.150	0.000	21.41432190
-2.350	-0.150	0.000	22.17038918
-2.250	-0.150	0.000	23.26809692
-2.150	-0.150	0.000	24.46688461
-2.050	-0.150	0.000	25.39325333
-1.950	-0.150	0.000	25.62728119
-1.850	-0.150	0.000	25.22678375
-1.750	-0.150	0.000	24.68768692
-1.650	-0.150	0.000	24.49581528
-1.550	-0.150	0.000	24.69349670
-1.450	-0.150	0.000	25.00894547
-1.350	-0.150	0.000	25.12047768
-1.250	-0.150	0.000	25.04410934
-1.150	-0.150	0.000	24.68187714
-1.050	-0.150	0.000	24.21303177
-0.950	-0.150	0.000	23.86961937
-0.850	-0.150	0.000	23.65124321
-0.750	-0.150	0.000	23.55707932
-0.650	-0.150	0.000	23.45516968
-0.550	-0.150	0.000	23.22413635
-0.450	-0.150	0.000	22.86602020
-0.350	-0.150	0.000	22.48780060
-0.250	-0.150	0.000	22.10223198
-0.150	-0.150	0.000	21.64633942
-0.050	-0.150	0.000	21.12322235
0.050	-0.150	0.000	20.62961578
0.150	-0.150	0.000	20.23317337
0.250	-0.150	0.000	20.02396011
0.350	-0.150	0.000	20.01184845
0.450	-0.150	0.000	20.22089577
0.550	-0.150	0.000	20.55012512
0.650	-0.150	0.000	20.97483635
0.750	-0.150	0.000	21.32093048
0.850	-0.150	0.000	21.52666473
0.950	-0.150	0.000	21.57998848
1.050	-0.150	0.000	21.65407562
1.150	-0.150	0.000	21.81522179
1.250	-0.150	0.000	22.04242516
1.350	-0.150	0.000	22.26550674
1.450	-0.150	0.000	22.46928406
1.550	-0.150	0.000	22.62201309
1.650	-0.150	0.000	22.80810928
1.750	-0.150	0.000	23.11669540
1.850	-0.150	0.000	23.49789810
1.950	-0.150	0.000	23.94109726
2.050	-0.150	0.000	24.10209656
2.150	-0.150	0.000	24.43088150
2.250	-0.150	0.000	24.16200829
2.350	-0.150	0.000	24.29028320
2.450	-0.150	0.000	22.33084869
-2.450	-0.050	0.000	21.37560654
-2.350	-0.050	0.000	22.19522858
-2.250	-0.050	0.000	23.33837128
-2.150	-0.050	0.000	24.52880859
-2.050	-0.050	0.000	25.42411232
-1.950	-0.050	0.000	25.49992561
-1.850	-0.050	0.000	25.07851982
-1.750	-0.050	0.000	24.42852211
-1.650	-0.050	0.000	24.20854568
-1.550	-0.050	0.000	24.32753372
-1.450	-0.050	0.000	24.65895271
-1.350	-0.050	0.000	24.98994446
-1.250	-0.050	0.000	25.01238251
-1.150	-0.050	0.000	24.69775391
-1.050	-0.050	0.000	24.31127930
-0.950	-0.050	0.000	23.85136414
-0.850	-0.050	0.000	23.57578659
-0.750	-0.050	0.000	23.45446777
-0.650	-0.050	0.000	23.32194710
-0.550	-0.050	0.000	23.07600021
-0.450	-0.050	0.000	22.71872139
-0.350	-0.050	0.000	22.32608032
-0.250	-0.050	0.000	21.92686653
-0.150	-0.050	0.000	21.46829224
-0.050	-0.050	0.000	20.96289825
0.050	-0.050	0.000	20.49047089
0.150	-0.050	0.000	20.12048340
0.250	-0.050	0.000	19.94022751
0.350	-0.050	0.000	19.94440460
0.450	-0.050	0.000	20.17496872
0.550	-0.050	0.000	20.50835800
0.650	-0.050	0.000	20.92108536
0.750	-0.050	0.000	21.26630592
0.850	-0.050	0.000	21.45598984
0.950	-0.050	0.000	21.48344612
1.050	-0.050	0.000	21.52966309
1.150	-0.050	0.000	21.66943741
1.250	-0.050	0.000	21.90982819
1.350	-0.050	0.000	22.16929245
1.450	-0.050	0.000	22.42325211
1.550	-0.050	0.000	22.62900162
1.650	-0.050	0.000	22.84487915
1.750	-0.050	0.000	23.13427734
1.850	-0.050	0.000	23.47189713
1.950	-0.050	0.000	23.83919334
2.050	-0.050	0.000	23.97260284
2.150	-0.050	0.000	24.26529312
2.250	-0.050	0.000	24.01673126
2.350	-0.050	0.000	24.16907120
2.450	-0.050	0.000	22.29932404
-2.450	0.050	0.000	21.31846237
-2.350	0.050	0.000	22.18171883
-2.250	0.050	0.000	23.35069656
-2.150	0.050	0.000	24.48500633
-2.050	0.050	0.000	25.32601166
-1.950	0.050	0.000	25.25045395
-1.850	0.050	0.000	24.78942108
-1.750	0.050	0.000	24.14025497
-1.650	0.050	0.000	23.93782997
-1.550	0.050	0.000	23.93395042
-1.450	0.050	0.000	24.29640388
-1.350	0.050	0.000	24.74795914
-1.250	0.050	0.000	24.89406586
-1.150	0.050	0.000	24.73001099
-1.050	0.050	0.000	24.39112473
-0.950	0.050	0.000	23.89603806
-0.850	0.050	0.000	23.55854416
-0.750	0.050	0.000	23.40733337
-0.650	0.050	0.000	23.21759415
-0.550	0.050	0.000	22.94078827
-0.450	0.050	0.000	22.56876945
-0.350	0.050	0.000	22.14841080
-0.250	0.050	0.000	21.73558426
-0.150	0.050	0.000	21.29706573
-0.050	0.050	0.000	20.82453918
0.050	0.050	0.000	20.39562988
0.150	0.050	0.000	20.07521057
0.250	0.050	0.000	19.94052505
0.350	0.050	0.000	19.97041702
0.450	0.050	0.000	20.21366119
0.550	0.050	0.000	20.56891632
0.650	0.050	0.000	20.98644257
0.750	0.050	0.000	21.31746101
0.850	0.050	0.000	21.47766876
0.950	0.050	0.000	21.46719360
1.050	0.050	0.000	21.46220398
1.150	0.050	0.000	21.53459930
1.250	0.050	0.000	21.72708893
1.350	0.050	0.000	21.98361588
1.450	0.050	0.000	22.29325485
1.550	0.050	0.000	22.60298920
1.650	0.050	0.000	22.90467453
1.750	0.050	0.000	23.18162155
1.850	0.050	0.000	23.44994545
1.950	0.050	0.000	23.73835182
2.050	0.050	0.000	23.86277390
2.150	0.050	0.000	24.16475868
2.250	0.050	0.000	23.91094589
2.350	0.050	0.000	24.05349350
2.450	0.050	0.000	22.24020004
-2.450	0.150	0.000	21.20736313
-2.350	0.150	0.000	22.09951401
-2.250	0.150	0.000	23.25757217
-2.150	0.150	0.000	24.31849289
-2.050	0.150	0.000	25.07473373
-1.950	0.150	0.000	24.98396301
-1.850	0.150	0.000	24.44096947
-1.750	0.150	0.000	23.78629684
-1.650	0.150	0.000	23.51374817
-1.550	0.150	0.000	23.49339676
-1.450	0.150	0.000	23.85771751
-1.350	0.150	0.000	24.36381531
-1.250	0.150	0.000	24.66058350
-1.150	0.150	0.000	24.68306541
-1.050	0.150	0.000	24.36326599
-0.950	0.150	0.000	23.91471291
-0.850	0.150	0.000	23.53016281
-0.750	0.150	0.000	23.29505157
-0.650	0.150	0.000	23.06151009
-0.550	0.150	0.000	22.77149200
-0.450	0.150	0.000	22.40922546
-0.350	0.150	0.000	21.98541260
-0.250	0.150	0.000	21.56498528
-0.150	0.150	0.000	21.15201187
-0.050	0.150	0.000	20.72164154
0.050	0.150	0.000	20.34235382
0.150	0.150	0.000	20.07630157
0.250	0.150	0.000	19.97740746
0.350	0.150	0.000	20.03624725
0.450	0.150	0.000	20.27252197
0.550	0.150	0.000	20.62254143
0.650	0.150	0.000	21.03346062
0.750	0.150	0.000	21.34054184
0.850	0.150	0.000	21.47510529
0.950	0.150	0.000	21.42881393
1.050	0.150	0.000	21.40323830
1.150	0.150	0.000	21.43533516
1.250	0.150	0.000	21.57806015
1.350	0.150	0.000	21.83119202
1.450	0.150	0.000	22.13663864
1.550	0.150	0.000	22.47891045
1.650	0.150	0.000	22.84072113
1.750	0.150	0.000	23.11615753
1.850	0.150	0.000	23.33767509
1.950	0.150	0.000	23.51488113
2.050	0.150	0.000	23.55756378
2.150	0.150	0.000	23.77544403
2.250	0.150	0.000	23.51605225
2.350	0.150	0.000	23.72320938
2.450	0.150	0.000	22.10396767
-2.450	0.250	0.000	21.04183006
-2.350	0.250	0.000	21.93863678
-2.250	0.250	0.000	23.05400848
-2.150	0.250	0.000	24.03929329
-2.050	0.250	0.000	24.66219902
-1.950	0.250	0.000	24.61376953
-1.850	0.250	0.000	24.02057266
-1.750	0.250	0.000	23.39749146
-1.650	0.250	0.000	23.06072617
-1.550	0.250	0.000	23.00556755
-1.450	0.250	0.000	23.30800819
-1.350	0.250	0.000	23.79505920
-1.250	0.250	0.000	24.21901321
-1.150	0.250	0.000	24.41798019
-1.050	0.250	0.000	24.19045067
-0.950	0.250	0.000	23.82943535
-0.850	0.250	0.000	23.40333176
-0.750	0.250	0.000	23.03187752
-0.650	0.250	0.000	22.74755859
-0.550	0.250	0.000	22.48879623
-0.450	0.250	0.000	22.15637970
-0.350	0.250	0.000	21.77433586
-0.250	0.250	0.000	21.36746025
-0.150	0.250	0.000	20.97041702
-0.050	0.250	0.000	20.57839584
0.050	0.250	0.000	20.24986267
0.150	0.250	0.000	20.05284691
0.250	0.250	0.000	20.01624107
0.350	0.250	0.000	20.11825180
0.450	0.250	0.000	20.37038803
0.550	0.250	0.000	20.73099136
0.650	0.250	0.000	21.12579727
0.750	0.250	0.000	21.40600204
0.850	0.250	0.000	21.51700020
0.950	0.250	0.000	21.46133804
1.050	0.250	0.000	21.41950226
1.150	0.250	0.000	21.45263290
1.250	0.250	0.000	21.63514137
1.350	0.250	0.000	21.93841362
1.450	0.250	0.000	22.30139542
1.550	0.250	0.000	22.67420197
1.650	0.250	0.000	23.01849174
1.750	0.250	0.000	23.15564728
1.850	0.250	0.000	23.21706390
1.950	0.250	0.000	23.25623703
2.050	0.250	0.000	23.28591919
2.150	0.250	0.000	23.49689484
2.250	0.250	0.000	23.24661446
2.350	0.250	0.000	23.50169373
2.450	0.250	0.000	22.02322006
-2.450	0.350	0.000	20.84756851
-2.350	0.350	0.000	21.73320961
-2.250	0.350	0.000	22.77539444
-2.150	0.350	0.000	23.67099953
-2.050	0.350	0.000	24.15933418
-1.950	0.350	0.000	24.08448792
-1.850	0.350	0.000	23.49307251
-1.750	0.350	0.000	22.86358452
-1.650	0.350	0.000	22.47561836
-1.550	0.350	0.000	22.43585587
-1.450	0.350	0.000	22.66079712
-1.350	0.350	0.000	23.10674286
-1.250	0.350	0.000	23.61616898
-1.150	0.350	0.000	23.91312027
-1.050	0.350	0.000	23.87752533
-0.950	0.350	0.000	23.55943298
-0.850	0.350	0.000	23.09283447
-0.750	0.350	0.000	22.66120529
-0.650	0.350	0.000	22.34234619
-0.550	0.350	0.000	22.10851288
-0.450	0.350	0.000	21.83132553
-0.350	0.350	0.000	21.53921127
-0.250	0.350	0.000	21.19395638
-0.150	0.350	0.000	20.82398987
-0.050	0.350	0.000	20.45855522
0.050	0.350	0.000	20.15229988
0.150	0.350	0.000	19.97173691
0.250	0.350	0.000	19.94487572
0.350	0.350	0.000	20.05381012
0.450	0.350	0.000	20.28512573
0.550	0.350	0.000	20.63040352
0.650	0.350	0.000	20.99312401
0.750	0.350	0.000	21.26909065
0.850	0.350	0.000	21.42097473
0.950	0.350	0.000	21.39881325
1.050	0.350	0.000	21.31586838
1.150	0.350	0.000	21.32016373
1.250	0.350	0.000	21.48081589
1.350	0.350	0.000	21.80733871
1.450	0.350	0.000	22.25679588
1.550	0.350	0.000	22.65168381
1.650	0.350	0.000	22.92496872
1.750	0.350	0.000	23.01782036
1.850	0.350	0.000	22.94488907
1.950	0.350	0.000	22.93016434
2.050	0.350	0.000	22.90706635
2.150	0.350	0.000	23.09595108
2.250	0.350	0.000	22.87952042
2.350	0.350	0.000	23.18920898
2.450	0.350	0.000	21.84553909
-2.450	0.450	0.000	20.69082642
-2.350	0.450	0.000	21.55339050
-2.250	0.450	0.000	22.46846008
-2.150	0.450	0.000	23.26888275
-2.050	0.450	0.000	23.60748100
-1.950	0.450	0.000	23.48023415
-1.850	0.450	0.000	22.86303711
-1.750	0.450	0.000	22.20883179
-1.650	0.450	0.000	21.84735107
-1.550	0.450	0.000	21.78437042
-1.450	0.450	0.000	21.95321083
-1.350	0.450	0.000	22.32304192
-1.250	0.450	0.000	22.83329964
-1.150	0.450	0.000	23.21783447
-1.050	0.450	0.000	23.40609360
-0.950	0.450	0.000	23.12128830
-0.850	0.450	0.000	22.70409775
-0.750	0.450	0.000	22.23490143
-0.650	0.450	0.000	21.81959534
-0.550	0.450	0.000	21.53797913
-0.450	0.450	0.000	21.31463051
-0.350	0.450	0.000	21.13956070
-0.250	0.450	0.000	20.93186760
-0.150	0.450	0.000	20.66912460
-0.050	0.450	0.000	20.40274429
0.050	0.450	0.000	20.17741966
0.150	0.450	0.000	20.03046799
0.250	0.450	0.000	20.00534248
0.350	0.450	0.000	20.09148598
0.450	0.450	0.000	20.27941132
0.550	0.450	0.000	20.58737946
0.650	0.450	0.000	20.93358231
0.750	0.450	0.000	21.23975372
0.850	0.450	0.000	21.46823311
0.950	0.450	0.000	21.54352188
1.050	0.450	0.000	21.52808762
1.150	0.450	0.000	21.57908821
1.250	0.450	0.000	21.74090576
1.350	0.450	0.000	22.08749580
1.450	0.450	0.000	22.56706429
1.550	0.450	0.000	22.94734573
1.650	0.450	0.000	23.17215919
1.750	0.450	0.000	23.22655678
1.850	0.450	0.000	23.08229828
1.950	0.450	0.000	22.98240280
2.050	0.450	0.000	22.93221855
2.150	0.450	0.000	23.15107346
2.250	0.450	0.000	22.97122955
2.350	0.450	0.000	23.33468437
2.450	0.450	0.000	22.04211426
-2.450	0.550	0.000	20.59738541
-2.350	0.550	0.000	21.39637375
-2.250	0.550	0.000	22.18426514
-2.150	0.550	0.000	22.83201599
-2.050	0.550	0.000	23.06841278
-1.950	0.550	0.000	22.79248810
-1.850	0.550	0.000	22.22240448
-1.750	0.550	0.000	21.56837082
-1.650	0.550	0.000	21.20889664
-1.550	0.550	0.000	21.12134933
-1.450	0.550	0.000	21.25091553
-1.350	0.550	0.000	21.55265999
-1.250	0.550	0.000	22.01494980
-1.150	0.550	0.000	22.45389557
-1.050	0.550	0.000	22.79842758
-0.950	0.550	0.000	22.69762039
-0.850	0.550	0.000	22.38056183
-0.750	0.550	0.000	21.87087250
-0.650	0.550	0.000	21.37881470
-0.550	0.550	0.000	21.03496552
-0.450	0.550	0.000	20.82951355
-0.350	0.550	0.000	20.70443726
-0.250	0.550	0.000	20.59882355
-0.150	0.550	0.000	20.44171524
-0.050	0.550	0.000	20.26313019
0.050	0.550	0.000	20.09883118
0.150	0.550	0.000	19.97412491
0.250	0.550	0.000	19.92825699
0.350	0.550	0.000	19.98143005
0.450	0.550	0.000	20.13658905
0.550	0.550	0.000	20.41769028
0.650	0.550	0.000	20.76552582
0.750	0.550	0.000	21.10390854
0.850	0.550	0.000	21.39513397
0.950	0.550	0.000	21.53571892
1.050	0.550	0.000	21.59088898
1.150	0.550	0.000	21.65946960
1.250	0.550	0.000	21.77495003
1.350	0.550	0.000	22.10068703
1.450	0.550	0.000	22.53709793
1.550	0.550	0.000	22.82446480
1.650	0.550	0.000	23.01306534
1.750	0.550	0.000	23.00510025
1.850	0.550	0.000	22.77301407
1.950	0.550	0.000	22.63938904
2.050	0.550	0.000	22.62460327
2.150	0.550	0.000	22.87947464
2.250	0.550	0.000	22.73732185
2.350	0.550	0.000	23.20874214
2.450	0.550	0.000	22.09445190
-2.450	0.650	0.000	20.37083054
-2.350	0.650	0.000	21.10570335
-2.250	0.650	0.000	21.79052353
-2.150	0.650	0.000	22.33949661
-2.050	0.650	0.000	22.48154449
-1.950	0.650	0.000	22.11800003
-1.850	0.650	0.000	21.54784393
-1.750	0.650	0.000	20.88413048
-1.650	0.650	0.000	20.49044800
-1.550	0.650	0.000	20.33924484
-1.450	0.650	0.000	20.45309830
-1.350	0.650	0.000	20.67703629
-1.250	0.650	0.000	21.04938507
-1.150	0.650	0.000	21.47913361
-1.050	0.650	0.000	21.92948532
-0.950	0.650	0.000	22.09839249
-0.850	0.650	0.000	21.93194580
-0.750	0.650	0.000	21.56248474
-0.650	0.650	0.000	21.07560158
-0.550	0.650	0.000	20.70175743
-0.450	0.650	0.000	20.52384567
-0.350	0.650	0.000	20.51477051
-0.250	0.650	0.000	20.58318710
-0.150	0.650	0.000	20.60027885
-0.050	0.650	0.000	20.50623131
0.050	0.650	0.000	20.36688614
0.150	0.650	0.000	20.21108055
0.250	0.650	0.000	20.10597992
0.350	0.650	0.000	20.09542465
0.450	0.650	0.000	20.22761726
0.550	0.650	0.000	20.49772263
0.650	0.650	0.000	20.85110664
0.750	0.650	0.000	21.22655487
0.850	0.650	0.000	21.54953003
0.950	0.650	0.000	21.71769333
1.050	0.650	0.000	21.78964233
1.150	0.650	0.000	21.85237122
1.250	0.650	0.000	21.96130180
1.350	0.650	0.000	22.32716370
1.450	0.650	0.000	22.77644730
1.550	0.650	0.000	23.04509354
1.650	0.650	0.000	23.21319199
1.750	0.650	0.000	23.15463257
1.850	0.650	0.000	22.87638283
1.950	0.650	0.000	22.74103928
2.050	0.650	0.000	22.75590897
2.150	0.650	0.000	23.04540634
2.250	0.650	0.000	22.91929626
2.350	0.650	0.000	23.45131111
2.450	0.650	0.000	22.34250641
-2.450	0.750	0.000	20.33832359
-2.350	0.750	0.000	20.99283791
-2.250	0.750	0.000	21.60218811
-2.150	0.750	0.000	22.04742813
-2.050	0.750	0.000	22.13044739
-1.950	0.750	0.000	21.69294357
-1.850	0.750	0.000	21.05253410
-1.750	0.750	0.000	20.32856369
-1.650	0.750	0.000	19.88154984
-1.550	0.750	0.000	19.63778305
-1.450	0.750	0.000	19.73625565
-1.350	0.750	0.000	19.87114334
-1.250	0.750	0.000	20.14992523
-1.150	0.750	0.000	20.48112869
-1.050	0.750	0.000	20.90665054
-0.950	0.750	0.000	21.24945831
-0.850	0.750	0.000	21.37775040
-0.750	0.750	0.000	21.26932144
-0.650	0.750	0.000	20.92472076
-0.550	0.750	0.000	20.47620964
-0.450	0.750	0.000	20.22792435
-0.350	0.750	0.000	20.23157501
-0.250	0.750	0.000	20.37056351
-0.150	0.750	0.000	20.48907280
-0.050	0.750	0.000	20.49043846
0.050	0.750	0.000	20.42174149
0.150	0.750	0.000	20.30994225
0.250	0.750	0.000	20.22406006
0.350	0.750	0.000	20.24058151
0.450	0.750	0.000	20.40912628
0.550	0.750	0.000	20.70760345
0.650	0.750	0.000	21.08586121
0.750	0.750	0.000	21.48626709
0.850	0.750	0.000	21.85066986
0.950	0.750	0.000	22.09530640
1.050	0.750	0.000	22.23277664
1.150	0.750	0.000	22.26490784
1.250	0.750	0.000	22.26869774
1.350	0.750	0.000	22.51085663
1.450	0.750	0.000	22.74637985
1.550	0.750	0.000	22.92644501
1.650	0.750	0.000	23.05402946
1.750	0.750	0.000	22.94983673
1.850	0.750	0.000	22.65517235
1.950	0.750	0.000	22.48960876
2.050	0.750	0.000	22.48257828
2.150	0.750	0.000	22.78067398
2.250	0.750	0.000	22.64672089
2.350	0.750	0.000	23.14508629
2.450	0.750	0.000	22.03069305
-2.450	0.850	0.000	20.17987061
-2.350	0.850	0.000	20.73155975
-2.250	0.850	0.000	21.26968384
-2.150	0.850	0.000	21.63705444
-2.050	0.850	0.000	21.69775009
-1.950	0.850	0.000	21.22001648
-1.850	0.850	0.000	20.59053802
-1.750	0.850	0.000	19.84979630
-1.650	0.850	0.000	19.33785439
-1.550	0.850	0.000	19.02191544
-1.450	0.850	0.000	19.04913712
-1.350	0.850	0.000	19.09905624
-1.250	0.850	0.000	19.30703545
-1.150	0.850	0.000	19.55453491
-1.050	0.850	0.000	19.92986298
-0.950	0.850	0.000	20.38790512
-0.850	0.850	0.000	20.86538887
-0.750	0.850	0.000	21.20517349
-0.650	0.850	0.000	21.34833908
-0.550	0.850	0.000	21.14717102
-0.450	0.850	0.000	20.87605858
-0.350	0.850	0.000	20.78020477
-0.250	0.850	0.000	20.81110764
-0.150	0.850	0.000	20.83008957
-0.050	0.850	0.000	20.76628304
0.050	0.850	0.000	20.65024185
0.150	0.850	0.000	20.53039169
0.250	0.850	0.000	20.47394943
0.350	0.850	0.000	20.52114677
0.450	0.850	0.000	20.69335365
0.550	0.850	0.000	20.98069000
0.650	0.850	0.000	21.34093094
0.750	0.850	0.000	21.71537209
0.850	0.850	0.000	22.04611397
0.950	0.850	0.000	22.22999191
1.050	0.850	0.000	22.31873322
1.150	0.850	0.000	22.35919380
1.250	0.850	0.000	22.34123993
1.350	0.850	0.000	22.52069664
1.450	0.850	0.000	22.74696732
1.550	0.850	0.000	22.94328117
1.650	0.850	0.000	23.12334633
1.750	0.850	0.000	23.07744217
1.850	0.850	0.000	22.82913589
1.950	0.850	0.000	22.71894455
2.050	0.850	0.000	22.72009277
2.150	0.850	0.000	23.07188797
2.250	0.850	0.000	22.98520660
2.350	0.850	0.000	23.61897278
2.450	0.850	0.000	22.63631439
-2.450	0.950	0.000	20.26331329
-2.350	0.950	0.000	20.71329880
-2.250	0.950	0.000	21.16380692
-2.150	0.950	0.000	21.44751167
-2.050	0.950	0.000	21.46599388
-1.950	0.950	0.000	20.90079308
-1.850	0.950	0.000	20.23348999
-1.750	0.950	0.000	19.47566986
-1.650	0.950	0.000	18.92746925
-1.550	0.950	0.000	18.57363510
-1.450	0.950	0.000	18.49481201
-1.350	0.950	0.000	18.45952606
-1.250	0.950	0.000	18.56184769
-1.150	0.950	0.000	18.67843246
-1.050	0.950	0.000	18.93160629
-0.950	0.950	0.000	19.33271408
-0.850	0.950	0.000	19.91118240
-0.750	0.950	0.000	20.48210907
-0.650	0.950	0.000	20.87755203
-0.550	0.950	0.000	21.12039948
-0.450	0.950	0.000	21.17746544
-0.350	0.950	0.000	21.14488983
-0.250	0.950	0.000	21.08337784
-0.150	0.950	0.000	20.99154282
-0.050	0.950	0.000	20.83066368
0.050	0.950	0.000	20.66296768
0.150	0.950	0.000	20.55352211
0.250	0.950	0.000	20.52608109
0.350	0.950	0.000	20.61412811
0.450	0.950	0.000	20.86232758
0.550	0.950	0.000	21.18170547
0.650	0.950	0.000	21.51198959
0.750	0.950	0.000	21.83623505
0.850	0.950	0.000	22.12962914
0.950	0.950	0.000	22.32040405
1.050	0.950	0.000	22.43812943
1.150	0.950	0.000	22.48210907
1.250	0.950	0.000	22.46924210
1.350	0.950	0.000	22.64286423
1.450	0.950	0.000	22.81110001
1.550	0.950	0.000	22.95279312
1.650	0.950	0.000	23.08906937
1.750	0.950	0.000	23.03907204
1.850	0.950	0.000	22.82290649
1.950	0.950	0.000	22.70125961
2.050	0.950	0.000	22.69748306
2.150	0.950	0.000	23.05271339
2.250	0.950	0.000	22.96678543
2.350	0.950	0.000	23.61804581
2.450	0.950	0.000	22.61659622
-2.450	1.050	0.000	20.15054703
-2.350	1.050	0.000	20.51338196
-2.250	1.050	0.000	20.94806671
-2.150	1.050	0.000	21.27448463
-2.050	1.050	0.000	21.36785507
-1.950	1.050	0.000	20.86521912
-1.850	1.050	0.000	20.28889465
-1.750	1.050	0.000	19.59408569
-1.650	1.050	0.000	19.07873154
-1.550	1.050	0.000	18.71066284
-1.450	1.050	0.000	18.59977722
-1.350	1.050	0.000	18.45706749
-1.250	1.050	0.000	18.42147064
-1.150	1.050	0.000	18.40125465
-1.050	1.050	0.000	18.53592110
-0.950	1.050	0.000	18.88075066
-0.850	1.050	0.000	19.53959274
-0.750	1.050	0.000	20.39125443
-0.650	1.050	0.000	21.17624474
-0.550	1.050	0.000	21.76530647
-0.450	1.050	0.000	21.94308853
-0.350	1.050	0.000	21.88192749
-0.250	1.050	0.000	21.74195862
-0.150	1.050	0.000	21.53014183
-0.050	1.050	0.000	21.25328827
0.050	1.050	0.000	20.99348068
0.150	1.050	0.000	20.82009888
0.250	1.050	0.000	20.78510475
0.350	1.050	0.000	20.84286118
0.450	1.050	0.000	20.95309639
0.550	1.050	0.000	21.11324692
0.650	1.050	0.000	21.32411194
0.750	1.050	0.000	21.56580162
0.850	1.050	0.000	21.80923462
0.950	1.050	0.000	22.00197220
1.050	1.050	0.000	22.12471962
1.150	1.050	0.000	22.21734238
1.250	1.050	0.000	22.22622299
1.350	1.050	0.000	22.35301781
1.450	1.050	0.000	22.59456825
1.550	1.050	0.000	22.78878784
1.650	1.050	0.000	22.98239136
1.750	1.050	0.000	23.03382683
1.850	1.050	0.000	22.93166733
1.950	1.050	0.000	22.96848679
2.050	1.050	0.000	23.05023384
2.150	1.050	0.000	23.51626015
2.250	1.050	0.000	23.45628548
2.350	1.050	0.000	24.12516975
2.450	1.050	0.000	23.12513542
-2.450	1.150	0.000	20.13473892
-2.350	1.150	0.000	20.41965866
-2.250	1.150	0.000	20.83865356
-2.150	1.150	0.000	21.16210747
-2.050	1.150	0.000	21.21020889
-1.950	1.150	0.000	20.67195511
-1.850	1.150	0.000	20.03705978
-1.750	1.150	0.000	19.31075668
-1.650	1.150	0.000	18.74615479
-1.550	1.150	0.000	18.39559937
-1.450	1.150	0.000	18.25297165
-1.350	1.150	0.000	18.10658073
-1.250	1.150	0.000	18.01868820
-1.150	1.150	0.000	17.94500732
-1.050	1.150	0.000	18.03007889
-0.950	1.150	0.000	18.29208374
-0.850	1.150	0.000	18.87888718
-0.750	1.150	0.000	19.74191093
-0.650	1.150	0.000	20.70911407
-0.550	1.150	0.000	21.51901245
-0.450	1.150	0.000	22.05713272
-0.350	1.150	0.000	22.18374252
-0.250	1.150	0.000	22.03264618
-0.150	1.150	0.000	21.70339012
-0.050	1.150	0.000	21.33980560
0.050	1.150	0.000	21.04640198
0.150	1.150	0.000	20.83774948
0.250	1.150	0.000	20.70805931
0.350	1.150	0.000	20.64305878
0.450	1.150	0.000	20.66709900
0.550	1.150	0.000	20.77503586
0.650	1.150	0.000	20.93557930
0.750	1.150	0.000	21.12482071
0.850	1.150	0.000	21.33060646
0.950	1.150	0.000	21.49444962
1.050	1.150	0.000	21.64302635
1.150	1.150	0.000	21.81336594
1.250	1.150	0.000	21.95891953
1.350	1.150	0.000	22.19349480
1.450	1.150	0.000	22.52770996
1.550	1.150	0.000	22.76020432
1.650	1.150	0.000	22.93625832
1.750	1.150	0.000	22.94568253
1.850	1.150	0.000	22.82667923
1.950	1.150	0.000	22.83270264
2.050	1.150	0.000	22.92490959
2.150	1.150	0.000	23.42160606
2.250	1.150	0.000	23.40428925
2.350	1.150	0.000	24.11314583
2.450	1.150	0.000	23.15034485
-2.450	1.250	0.000	20.70291138
-2.350	1.250	0.000	21.04354286
-2.250	1.250	0.000	21.53664398
-2.150	1.250	0.000	21.94368362
-2.050	1.250	0.000	22.04751587
-1.950	1.250	0.000	21.52197838
-1.850	1.250	0.000	20.82335663
-1.750	1.250	0.000	19.98199463
-1.650	1.250	0.000	19.28940392
-1.550	1.250	0.000	18.84376907
-1.450	1.250	0.000	18.56086159
-1.350	1.250	0.000	18.32227898
-1.250	1.250	0.000	18.14336777
-1.150	1.250	0.000	17.98176765
-1.050	1.250	0.000	17.99557114
-0.950	1.250	0.000	18.19206047
-0.850	1.250	0.000	18.64778137
-0.750	1.250	0.000	19.34137726
-0.650	1.250	0.000	20.10271072
-0.550	1.250	0.000	20.85207939
-0.450	1.250	0.000	21.42033386
-0.350	1.250	0.000	21.78577805
-0.250	1.250	0.000	21.97229767
-0.150	1.250	0.000	21.95154572
-0.050	1.250	0.000	21.76715469
0.050	1.250	0.000	21.49671936
0.150	1.250	0.000	21.22728729
0.250	1.250	0.000	20.97436905
0.350	1.250	0.000	20.78766632
0.450	1.250	0.000	20.70925331
0.550	1.250	0.000	20.70645142
0.650	1.250	0.000	20.75288200
0.750	1.250	0.000	20.82296753
0.850	1.250	0.000	20.90880013
0.950	1.250	0.000	21.00703430
1.050	1.250	0.000	21.11595535
1.150	1.250	0.000	21.29395676
1.250	1.250	0.000	21.51695251
1.350	1.250	0.000	21.83129311
1.450	1.250	0.000	22.27851486
1.550	1.250	0.000	22.63246346
1.650	1.250	0.000	22.92238617
1.750	1.250	0.000	23.02253914
1.850	1.250	0.000	23.00259399
1.950	1.250	0.000	23.07873344
2.050	1.250	0.000	23.21497726
2.150	1.250	0.000	23.84319305
2.250	1.250	0.000	23.89305115
2.350	1.250	0.000	24.68422890
2.450	1.250	0.000	23.75587845
-2.450	1.350	0.000	20.69158936
-2.350	1.350	0.000	20.97414398
-2.250	1.350	0.000	21.43702698
-2.150	1.350	0.000	21.84549713
-2.050	1.350	0.000	22.07047844
-1.950	1.350	0.000	21.76114655
-1.850	1.350	0.000	21.30982208
-1.750	1.350	0.000	20.55183411
-1.650	1.350	0.000	19.84957504
-1.550	1.350	0.000	19.36618805
-1.450	1.350	0.000	19.01197815
-1.350	1.350	0.000	18.73548508
-1.250	1.350	0.000	18.54924583
-1.150	1.350	0.000	18.41150475
-1.050	1.350	0.000	18.42694092
-0.950	1.350	0.000	18.58044815
-0.850	1.350	0.000	18.96342850
-0.750	1.350	0.000	19.55387115
-0.650	1.350	0.000	20.23486137
-0.550	1.350	0.000	20.88426208
-0.450	1.350	0.000	21.36228561
-0.350	1.350	0.000	21.66552734
-0.250	1.350	0.000	21.82598114
-0.150	1.350	0.000	21.85294342
-0.050	1.350	0.000	21.75018501
0.050	1.350	0.000	21.52991486
0.150	1.350	0.000	21.24257278
0.250	1.350	0.000	20.97793770
0.350	1.350	0.000	20.74431038
0.450	1.350	0.000	20.56661034
0.550	1.350	0.000	20.48507309
0.650	1.350	0.000	20.50314713
0.750	1.350	0.000	20.54824448
0.850	1.350	0.000	20.58745956
0.950	1.350	0.000	20.62536430
1.050	1.350	0.000	20.66469002
1.150	1.350	0.000	20.80834961
1.250	1.350	0.000	21.07411575
1.350	1.350	0.000	21.46027184
1.450	1.350	0.000	21.99452209
1.550	1.350	0.000	22.47251129
1.650	1.350	0.000	22.79355812
1.750	1.350	0.000	22.88664246
1.850	1.350	0.000	22.88662148
1.950	1.350	0.000	22.95316124
2.050	1.350	0.000	23.11898613
2.150	1.350	0.000	23.78096008
2.250	1.350	0.000	23.93741798
2.350	1.350	0.000	24.77496338
2.450	1.350	0.000	23.87951088
-2.450	1.450	0.000	21.83757973
-2.350	1.450	0.000	22.10134506
-2.250	1.450	0.000	22.49843979
-2.150	1.450	0.000	22.72099686
-2.050	1.450	0.000	22.77819633
-1.950	1.450	0.000	22.28780746
-1.850	1.450	0.000	21.63249207
-1.750	1.450	0.000	20.83626938
-1.650	1.450	0.000	20.17919731
-1.550	1.450	0.000	19.68988800
-1.450	1.450	0.000	19.30015945
-1.350	1.450	0.000	18.96800804
-1.250	1.450	0.000	18.73083687
-1.150	1.450	0.000	18.55853271
-1.050	1.450	0.000	18.55952454
-0.950	1.450	0.000	18.67124557
-0.850	1.450	0.000	18.93204498
-0.750	1.450	0.000	19.32537460
-0.650	1.450	0.000	19.78398514
-0.550	1.450	0.000	20.26638222
-0.450	1.450	0.000	20.70619583
-0.350	1.450	0.000	21.05721474
-0.250	1.450	0.000	21.33413124
-0.150	1.450	0.000	21.50685883
-0.050	1.450	0.000	21.53792572
0.050	1.450	0.000	21.42670059
0.150	1.450	0.000	21.21999168
0.250	1.450	0.000	20.99446487
0.350	1.450	0.000	20.81711006
0.450	1.450	0.000	20.69505310
0.550	1.450	0.000	20.61268997
0.650	1.450	0.000	20.57433701
0.750	1.450	0.000	20.61193085
0.850	1.450	0.000	20.63970947
0.950	1.450	0.000	20.63930702
1.050	1.450	0.000	20.64040184
1.150	1.450	0.000	20.69250107
1.250	1.450	0.000	20.87958336
1.350	1.450	0.000	21.16200447
1.450	1.450	0.000	21.67027664
1.550	1.450	0.000	22.18535042
1.650	1.450	0.000	22.61437035
1.750	1.450	0.000	22.86291313
1.850	1.450	0.000	22.97695732
1.950	1.450	0.000	23.12004471
2.050	1.450	0.000	23.35203743
2.150	1.450	0.000	24.10921288
2.250	1.450	0.000	24.26056480
2.350	1.450	0.000	25.08567238
2.450	1.450	0.000	24.12245560
-2.450	1.550	0.000	22.06638336
-2.350	1.550	0.000	22.31647873
-2.250	1.550	0.000	22.84559822
-2.150	1.550	0.000	23.30351257
-2.050	1.550	0.000	23.51344872
-1.950	1.550	0.000	23.23530769
-1.850	1.550	0.000	22.62257767
-1.750	1.550	0.000	21.81120300
-1.650	1.550	0.000	21.06944466
-1.550	1.550	0.000	20.51116562
-1.450	1.550	0.000	19.99386215
-1.350	1.550	0.000	19.50876808
-1.250	1.550	0.000	19.16754913
-1.150	1.550	0.000	18.91449165
-1.050	1.550	0.000	18.85763550
-0.950	1.550	0.000	18.90520859
-0.850	1.550	0.000	19.08394432
-0.750	1.550	0.000	19.35004234
-0.650	1.550	0.000	19.62389374
-0.550	1.550	0.000	19.88093185
-0.450	1.550	0.000	20.07837868
-0.350	1.550	0.000	20.36784744
-0.250	1.550	0.000	20.82275009
-0.150	1.550	0.000	21.25172997
-0.050	1.550	0.000	21.45001411
0.050	1.550	0.000	21.45097733
0.150	1.550	0.000	21.30701637
0.250	1.550	0.000	21.13240433
0.350	1.550	0.000	21.02323341
0.450	1.550	0.000	20.99069214
0.550	1.550	0.000	20.96609116
0.650	1.550	0.000	20.90095901
0.750	1.550	0.000	20.80140686
0.850	1.550	0.000	20.68035889
0.950	1.550	0.000	20.53961182
1.050	1.550	0.000	20.41125870
1.150	1.550	0.000	20.32347870
1.250	1.550	0.000	20.42426682
1.350	1.550	0.000	20.76764679
1.450	1.550	0.000	21.31860924
1.550	1.550	0.000	21.98735237
1.650	1.550	0.000	22.58656693
1.750	1.550	0.000	22.91684723
1.850	1.550	0.000	23.13050079
1.950	1.550	0.000	23.28074265
2.050	1.550	0.000	23.49681473
2.150	1.550	0.000	24.19115829
2.250	1.550	0.000	24.23120117
2.350	1.550	0.000	24.95207977
2.450	1.550	0.000	24.04043198
-2.450	1.650	0.000	22.34857750
-2.350	1.650	0.000	22.51445007
-2.250	1.650	0.000	23.11727905
-2.150	1.650	0.000	23.60446548
-2.050	1.650	0.000	23.93056488
-1.950	1.650	0.000	23.73098373
-1.850	1.650	0.000	23.22491074
-1.750	1.650	0.000	22.42192078
-1.650	1.650	0.000	21.68585587
-1.550	1.650	0.000	21.11972427
-1.450	1.650	0.000	20.62119293
-1.350	1.650	0.000	20.18186378
-1.250	1.650	0.000	19.84358788
-1.150	1.650	0.000	19.53342438
-1.050	1.650	0.000	19.34473038
-0.950	1.650	0.000	19.24627304
-0.850	1.650	0.000	19.25010681
-0.750	1.650	0.000	19.32540321
-0.650	1.650	0.000	19.47547150
-0.550	1.650	0.000	19.66727448
-0.450	1.650	0.000	19.88515472
-0.350	1.650	0.000	20.18143845
-0.250	1.650	0.000	20.49301910
-0.150	1.650	0.000	20.74487495
-0.050	1.650	0.000	20.94719505
0.050	1.650	0.000	21.03658676
0.150	1.650	0.000	21.04174805
0.250	1.650	0.000	21.01407242
0.350	1.650	0.000	21.01413727
0.450	1.650	0.000	21.03322792
0.550	1.650	0.000	21.06326675
0.650	1.650	0.000	21.09115219
0.750	1.650	0.000	21.08157349
0.850	1.650	0.000	21.06070709
0.950	1.650	0.000	21.02404022
1.050	1.650	0.000	20.98175049
1.150	1.650	0.000	20.95646667
1.250	1.650	0.000	21.00782013
1.350	1.650	0.000	21.13747025
1.450	1.650	0.000	21.42883873
1.550	1.650	0.000	21.80895805
1.650	1.650	0.000	22.21655273
1.750	1.650	0.000	22.55143929
1.850	1.650	0.000	22.82627487
1.950	1.650	0.000	23.08710861
2.050	1.650	0.000	23.38217926
2.150	1.650	0.000	24.08798027
2.250	1.650	0.000	24.17497253
2.350	1.650	0.000	24.95572281
2.450	1.650	0.000	24.08953476
-2.450	1.750	0.000	22.53830338
-2.350	1.750	0.000	22.69914246
-2.250	1.750	0.000	23.12239075
-2.150	1.750	0.000	23.50932884
-2.050	1.750	0.000	23.75602722
-1.950	1.750	0.000	23.55433273
-1.850	1.750	0.000	23.18158531
-1.750	1.750	0.000	22.44187927
-1.650	1.750	0.000	21.66336441
-1.550	1.750	0.000	21.12931442
-1.450	1.750	0.000	20.72130966
-1.350	1.750	0.000	20.36728668
-1.250	1.750	0.000	20.06721878
-1.150	1.750	0.000	19.73477554
-1.050	1.750	0.000	19.47611237
-0.950	1.750	0.000	19.26748085
-0.850	1.750	0.000	19.17795563
-0.750	1.750	0.000	19.20324516
-0.650	1.750	0.000	19.37228012
-0.550	1.750	0.000	19.63560486
-0.450	1.750	0.000	19.89331055
-0.350	1.750	0.000	20.14060974
-0.250	1.750	0.000	20.32554626
-0.150	1.750	0.000	20.50342941
-0.050	1.750	0.000	20.57742691
0.050	1.750	0.000	20.62696457
0.150	1.750	0.000	20.67342949
0.250	1.750	0.000	20.74716949
0.350	1.750	0.000	20.85295677
0.450	1.750	0.000	20.97007370
0.550	1.750	0.000	21.06495476
0.650	1.750	0.000	21.19461441
0.750	1.750	0.000	21.35155678
0.850	1.750	0.000	21.45979691
0.950	1.750	0.000	21.45785522
1.050	1.750	0.000	21.33924103
1.150	1.750	0.000	21.16965866
1.250	1.750	0.000	21.08158875
1.350	1.750	0.000	21.10519218
1.450	1.750	0.000	21.34582138
1.550	1.750	0.000	21.77136803
1.650	1.750	0.000	22.30515099
1.750	1.750	0.000	22.84933090
1.850	1.750	0.000	23.32778168
1.950	1.750	0.000	23.76249123
2.050	1.750	0.000	24.20319557
2.150	1.750	0.000	24.97164536
2.250	1.750	0.000	24.92763138
2.350	1.750	0.000	25.40565491
2.450	1.750	0.000	24.32098579
-2.450	1.850	0.000	23.00311852
-2.350	1.850	0.000	23.17956543
-2.250	1.850	0.000	23.68449783
-2.150	1.850	0.000	24.06688690
-2.050	1.850	0.000	24.38964844
-1.950	1.850	0.000	24.18631554
-1.850	1.850	0.000	23.79894257
-1.750	1.850	0.000	23.03214645
-1.650	1.850	0.000	22.32753754
-1.550	1.850	0.000	21.78125763
-1.450	1.850	0.000	21.31418610
-1.350	1.850	0.000	20.87111664
-1.250	1.850	0.000	20.49747276
-1.150	1.850	0.000	20.14352036
-1.050	1.850	0.000	19.88264465
-0.950	1.850	0.000	19.70633125
-0.850	1.850	0.000	19.63959694
-0.750	1.850	0.000	19.67438507
-0.650	1.850	0.000	19.83226585
-0.550	1.850	0.000	20.04793739
-0.450	1.850	0.000	20.23804855
-0.350	1.850	0.000	20.37271690
-0.250	1.850	0.000	20.41380119
-0.150	1.850	0.000	20.35079002
-0.050	1.850	0.000	20.31407928
0.050	1.850	0.000	20.30012131
0.150	1.850	0.000	20.33295059
0.250	1.850	0.000	20.44085312
0.350	1.850	0.000	20.60874939
0.450	1.850	0.000	20.81729507
0.550	1.850	0.000	21.06209564
0.650	1.850	0.000	21.29981613
0.750	1.850	0.000	21.50816154
0.850	1.850	0.000	21.67048264
0.950	1.850	0.000	21.75984955
1.050	1.850	0.000	21.81419373
1.150	1.850	0.000	21.89083481
1.250	1.850	0.000	22.03705978
1.350	1.850	0.000	22.21247292
1.450	1.850	0.000	22.52879906
1.550	1.850	0.000	22.72434044
1.650	1.850	0.000	22.87806702
1.750	1.850	0.000	23.05317307
1.850	1.850	0.000	23.35535812
1.950	1.850	0.000	23.81870842
2.050	1.850	0.000	24.58524513
2.150	1.850	0.000	25.73470306
2.250	1.850	0.000	26.01916885
2.350	1.850	0.000	26.63197708
2.450	1.850	0.000	25.48499870
-2.450	1.950	0.000	22.64005852
-2.350	1.950	0.000	22.74555969
-2.250	1.950	0.000	23.39570618
-2.150	1.950	0.000	23.89424896
-2.050	1.950	0.000	24.23719788
-1.950	1.950	0.000	24.14995575
-1.850	1.950	0.000	23.75437546
-1.750	1.950	0.000	23.19134903
-1.650	1.950	0.000	22.75054932
-1.550	1.950	0.000	22.37014771
-1.450	1.950	0.000	21.87673187
-1.350	1.950	0.000	21.49620438
-1.250	1.950	0.000	21.11916924
-1.150	1.950	0.000	20.77087784
-1.050	1.950	0.000	20.50488853
-0.950	1.950	0.000	20.29576874
-0.850	1.950	0.000	20.18301582
-0.750	1.950	0.000	20.13829422
-0.650	1.950	0.000	20.16354561
-0.550	1.950	0.000	20.17264938
-0.450	1.950	0.000	20.12560463
-0.350	1.950	0.000	20.06111526
-0.250	1.950	0.000	20.02029800
-0.150	1.950	0.000	20.00745010
-0.050	1.950	0.000	19.99369812
0.050	1.950	0.000	19.98246384
0.150	1.950	0.000	19.99331093
0.250	1.950	0.000	20.07260323
0.350	1.950	0.000	20.23605919
0.450	1.950	0.000	20.46264267
0.550	1.950	0.000	20.68626595
0.650	1.950	0.000	20.91954041
0.750	1.950	0.000	21.19894028
0.850	1.950	0.000	21.47006989
0.950	1.950	0.000	21.71522903
1.050	1.950	0.000	21.96085548
1.150	1.950	0.000	22.13271141
1.250	1.950	0.000	22.23914719
1.350	1.950	0.000	22.33435249
1.450	1.950	0.000	22.47484589
1.550	1.950	0.000	22.67081070
1.650	1.950	0.000	22.99532318
1.750	1.950	0.000	23.42079544
1.850	1.950	0.000	23.97640228
1.950	1.950	0.000	24.72391129
2.050	1.950	0.000	25.49003220
2.150	1.950	0.000	26.43619156
2.250	1.950	0.000	26.53802109
2.350	1.950	0.000	26.94215393
2.450	1.950	0.000	25.79788589
-2.450	2.050	0.000	24.46166229
-2.350	2.050	0.000	24.29037285
-2.250	2.050	0.000	24.54476929
-2.150	2.050	0.000	24.71250153
-2.050	2.050	0.000	24.98990250
-1.950	2.050	0.000	24.73239899
-1.850	2.050	0.000	24.45519066
-1.750	2.050	0.000	23.84830475
-1.650	2.050	0.000	23.47241402
-1.550	2.050	0.000	23.17533112
-1.450	2.050	0.000	22.81322098
-1.350	2.050	0.000	22.46504402
-1.250	2.050	0.000	22.13544846
-1.150	2.050	0.000	21.78955841
-1.050	2.050	0.000	21.52342987
-0.950	2.050	0.000	21.32801437
-0.850	2.050	0.000	21.18106079
-0.750	2.050	0.000	21.11287117
-0.650	2.050	0.000	21.12798309
-0.550	2.050	0.000	21.13935852
-0.450	2.050	0.000	21.08547020
-0.350	2.050	0.000	20.95582581
-0.250	2.050	0.000	20.83562469
-0.150	2.050	0.000	20.75526810
-0.050	2.050	0.000	20.69746780
0.050	2.050	0.000	20.64459229
0.150	2.050	0.000	20.60869980
0.250	2.050	0.000	20.63602066
0.350	2.050	0.000	20.74625397
0.450	2.050	0.000	20.88661194
0.550	2.050	0.000	21.03235626
0.650	2.050	0.000	21.12748528
0.750	2.050	0.000	21.20027924
0.850	2.050	0.000	21.36840439
0.950	2.050	0.000	21.63777542
1.050	2.050	0.000	21.90004349
1.150	2.050	0.000	22.15255547
1.250	2.050	0.000	22.43892288
1.350	2.050	0.000	22.78583145
1.450	2.050	0.000	23.19965553
1.550	2.050	0.000	23.39634323
1.650	2.050	0.000	23.52972412
1.750	2.050	0.000	23.63251114
1.850	2.050	0.000	23.96458817
1.950	2.050	0.000	24.55244827
2.050	2.050	0.000	25.39384079
2.150	2.050	0.000	26.54166794
2.250	2.050	0.000	26.86023331
2.350	2.050	0.000	27.30731583
2.450	2.050	0.000	26.18157578
-2.450	2.150	0.000	24.44569206
-2.350	2.150	0.000	24.48465729
-2.250	2.150	0.000	24.88681030
-2.150	2.150	0.000	25.21894073
-2.050	2.150	0.000	25.62427521
-1.950	2.150	0.000	25.48900414
-1.850	2.150	0.000	25.20565033
-1.750	2.150	0.000	24.42734528
-1.650	2.150	0.000	23.73904228
-1.550	2.150	0.000	23.20433807
-1.450	2.150	0.000	22.77185822
-1.350	2.150	0.000	22.42683411
-1.250	2.150	0.000	22.22937012
-1.150	2.150	0.000	22.03041840
-1.050	2.150	0.000	21.80600929
-0.950	2.150	0.000	21.57398796
-0.850	2.150	0.000	21.37302399
-0.750	2.150	0.000	21.22975540
-0.650	2.150	0.000	21.16670227
-0.550	2.150	0.000	21.09199524
-0.450	2.150	0.000	21.00286484
-0.350	2.150	0.000	20.93102646
-0.250	2.150	0.000	20.89348793
-0.150	2.150	0.000	20.87626076
-0.050	2.150	0.000	20.81452942
0.050	2.150	0.000	20.71995544
0.150	2.150	0.000	20.66681671
0.250	2.150	0.000	20.67547607
0.350	2.150	0.000	20.73409653
0.450	2.150	0.000	20.81378937
0.550	2.150	0.000	20.91553497
0.650	2.150	0.000	21.04877472
0.750	2.150	0.000	21.18775177
0.850	2.150	0.000	21.28653717
0.950	2.150	0.000	21.37468338
1.050	2.150	0.000	21.59955597
1.150	2.150	0.000	21.98257065
1.250	2.150	0.000	22.39502335
1.350	2.150	0.000	22.80443764
1.450	2.150	0.000	23.16553879
1.550	2.150	0.000	23.31752014
1.650	2.150	0.000	23.43952942
1.750	2.150	0.000	23.65560150
1.850	2.150	0.000	24.05328178
1.950	2.150	0.000	24.86149406
2.050	2.150	0.000	25.85566330
2.150	2.150	0.000	26.99913597
2.250	2.150	0.000	27.32754326
2.350	2.150	0.000	27.69767570
2.450	2.150	0.000	26.51731110
-2.450	2.250	0.000	24.66289139
-2.350	2.250	0.000	24.57512474
-2.250	2.250	0.000	25.19181824
-2.150	2.250	0.000	25.71795654
-2.050	2.250	0.000	26.34568214
-1.950	2.250	0.000	26.64609909
-1.850	2.250	0.000	26.61176300
-1.750	2.250	0.000	26.23748016
-1.650	2.250	0.000	25.58525085
-1.550	2.250	0.000	25.05241394
-1.450	2.250	0.000	24.57111740
-1.350	2.250	0.000	24.32241058
-1.250	2.250	0.000	24.08942795
-1.150	2.250	0.000	23.82171249
-1.050	2.250	0.000	23.45721054
-0.950	2.250	0.000	23.05765533
-0.850	2.250	0.000	22.71951103
-0.750	2.250	0.000	22.51346207
-0.650	2.250	0.000	22.38818550
-0.550	2.250	0.000	22.27015686
-0.450	2.250	0.000	22.16116333
-0.350	2.250	0.000	22.07171249
-0.250	2.250	0.000	21.98592567
-0.150	2.250	0.000	21.89537811
-0.050	2.250	0.000	21.80050278
0.050	2.250	0.000	21.71451950
0.150	2.250	0.000	21.66227341
0.250	2.250	0.000	21.68716049
0.350	2.250	0.000	21.77910233
0.450	2.250	0.000	21.88698578
0.550	2.250	0.000	21.97209167
0.650	2.250	0.000	22.01063156
0.750	2.250	0.000	21.98583221
0.850	2.250	0.000	21.90589905
0.950	2.250	0.000	21.79821014
1.050	2.250	0.000	21.76797867
1.150	2.250	0.000	21.90944290
1.250	2.250	0.000	22.22718811
1.350	2.250	0.000	22.65682983
1.450	2.250	0.000	23.10773468
1.550	2.250	0.000	23.48065186
1.650	2.250	0.000	23.61918640
1.750	2.250	0.000	23.75496864
1.850	2.250	0.000	23.98603630
1.950	2.250	0.000	24.37287521
2.050	2.250	0.000	24.87920761
2.150	2.250	0.000	25.50924683
2.250	2.250	0.000	25.61947632
2.350	2.250	0.000	25.76650238
2.450	2.250	0.000	24.70026398
-2.450	2.350	0.000	24.72414017
-2.350	2.350	0.000	24.58969116
-2.250	2.350	0.000	25.09944344
-2.150	2.350	0.000	25.52793121
-2.050	2.350	0.000	26.16406631
-1.950	2.350	0.000	26.42139053
-1.850	2.350	0.000	26.42456055
-1.750	2.350	0.000	26.10054398
-1.650	2.350	0.000	25.57618141
-1.550	2.350	0.000	24.99557114
-1.450	2.350	0.000	24.64649200
-1.350	2.350	0.000	24.32512665
-1.250	2.350	0.000	24.06260300
-1.150	2.350	0.000	23.67580414
-1.050	2.350	0.000	23.31469536
-0.950	2.350	0.000	23.00605011
-0.850	2.350	0.000	22.76902199
-0.750	2.350	0.000	22.63533020
-0.650	2.350	0.000	22.53657913
-0.550	2.350	0.000	22.41039467
-0.450	2.350	0.000	22.30831528
-0.350	2.350	0.000	22.17498016
-0.250	2.350	0.000	22.00146866
-0.150	2.350	0.000	21.82730103
-0.050	2.350	0.000	21.68822861
0.050	2.350	0.000	21.57977486
0.150	2.350	0.000	21.53308105
0.250	2.350	0.000	21.59334564
0.350	2.350	0.000	21.71854973
0.450	2.350	0.000	21.82208252
0.550	2.350	0.000	21.88182068
0.650	2.350	0.000	21.89278030
0.750	2.350	0.000	21.86630630
0.850	2.350	0.000	21.81365967
0.950	2.350	0.000	21.74268341
1.050	2.350	0.000	21.72787094
1.150	2.350	0.000	21.80500984
1.250	2.350	0.000	22.12000656
1.350	2.350	0.000	22.57353973
1.450	2.350	0.000	23.04719925
1.550	2.350	0.000	23.33777046
1.650	2.350	0.000	23.39780426
1.750	2.350	0.000	23.44166946
1.850	2.350	0.000	23.64300919
1.950	2.350	0.000	24.22730255
2.050	2.350	0.000	24.87588882
2.150	2.350	0.000	25.45926285
2.250	2.350	0.000	25.44861031
2.350	2.350	0.000	25.32068062
2.450	2.350	0.000	23.91879272
-2.450	2.450	0.000	26.63862228
-2.350	2.450	0.000	26.48871231
-2.250	2.450	0.000	26.81430435
-2.150	2.450	0.000	26.97011948
-2.050	2.450	0.000	27.51255608
-1.950	2.450	0.000	27.99444962
-1.850	2.450	0.000	28.12348366
-1.750	2.450	0.000	27.95219421
-1.650	2.450	0.000	27.52684212
-1.550	2.450	0.000	26.94197464
-1.450	2.450	0.000	26.49310684
-1.350	2.450	0.000	26.17876816
-1.250	2.450	0.000	25.84415817
-1.150	2.450	0.000	25.56190872
-1.050	2.450	0.000	25.21263504
-0.950	2.450	0.000	24.81549454
-0.850	2.450	0.000	24.45443344
-0.750	2.450	0.000	24.15034103
-0.650	2.450	0.000	23.92289162
-0.550	2.450	0.000	23.73824310
-0.450	2.450	0.000	23.59135628
-0.350	2.450	0.000	23.41655731
-0.250	2.450	0.000	23.20374680
-0.150	2.450	0.000	23.01309967
-0.050	2.450	0.000	22.91411591
0.050	2.450	0.000	22.87954330
0.150	2.450	0.000	22.87127304
0.250	2.450	0.000	22.90316200
0.350	2.450	0.000	22.98036957
0.450	2.450	0.000	23.04321671
0.550	2.450	0.000	23.03814888
0.650	2.450	0.000	22.90517807
0.750	2.450	0.000	22.72805786
0.850	2.450	0.000	22.49153900
0.950	2.450	0.000	22.32163239
1.050	2.450	0.000	22.23888397
1.150	2.450	0.000	22.23522568
1.250	2.450	0.000	22.36856842
1.350	2.450	0.000	22.62328720
1.450	2.450	0.000	22.89817810
1.550	2.450	0.000	23.18599510
1.650	2.450	0.000	23.46759796
1.750	2.450	0.000	23.59100151
1.850	2.450	0.000	23.58707428
1.950	2.450	0.000	23.58675385
2.050	2.450	0.000	23.45481491
2.150	2.450	0.000	23.30958176
2.250	2.450	0.000	22.85316086
2.350	2.450	0.000	22.59235001
2.450	2.450	0.000	21.71410370
