-2.450	-2.450	0.000	19.46312714
-2.350	-2.450	0.000	22.93614197
-2.250	-2.450	0.000	24.60699081
-2.150	-2.450	0.000	24.70265961
-2.050	-2.450	0.000	23.84859085
-1.950	-2.450	0.000	22.61198425
-1.850	-2.450	0.000	22.52772331
-1.750	-2.450	0.000	22.53018951
-1.650	-2.450	0.000	22.84246445
-1.550	-2.450	0.000	22.98163605
-1.450	-2.450	0.000	22.93819427
-1.350	-2.450	0.000	22.60340118
-1.250	-2.450	0.000	22.33141899
-1.150	-2.450	0.000	21.95300102
-1.050	-2.450	0.000	21.69646835
-0.950	-2.450	0.000	21.31966400
-0.850	-2.450	0.000	20.93200874
-0.750	-2.450	0.000	20.35200500
-0.650	-2.450	0.000	19.95718575
-0.550	-2.450	0.000	19.54552841
-0.450	-2.450	0.000	19.32331467
-0.350	-2.450	0.000	19.11567688
-0.250	-2.450	0.000	18.89649963
-0.150	-2.450	0.000	18.66032791
-0.050	-2.450	0.000	18.44515038
0.050	-2.450	0.000	18.35591125
0.150	-2.450	0.000	18.37210846
0.250	-2.450	0.000	18.35937500
0.350	-2.450	0.000	18.39705276
0.450	-2.450	0.000	18.37137032
0.550	-2.450	0.000	18.19547462
0.650	-2.450	0.000	18.03097534
0.750	-2.450	0.000	17.88825607
0.850	-2.450	0.000	17.81692505
0.950	-2.450	0.000	17.88592911
1.050	-2.450	0.000	17.92336273
1.150	-2.450	0.000	18.18984222
1.250	-2.450	0.000	18.51647186
1.350	-2.450	0.000	18.75678253
1.450	-2.450	0.000	18.86092567
1.550	-2.450	0.000	19.07577515
1.650	-2.450	0.000	19.34389496
1.750	-2.450	0.000	19.75093460
1.850	-2.450	0.000	19.71031380
1.950	-2.450	0.000	19.19703293
2.050	-2.450	0.000	18.90028000
2.150	-2.450	0.000	18.09985924
2.250	-2.450	0.000	18.91236115
2.350	-2.450	0.000	18.65208626
2.450	-2.450	0.000	18.89216232
-2.450	-2.350	0.000	19.57606888
-2.350	-2.350	0.000	23.23240280
-2.250	-2.350	0.000	24.55745125
-2.150	-2.350	0.000	24.44088745
-2.050	-2.350	0.000	23.48081589
-1.950	-2.350	0.000	22.11349106
-1.850	-2.350	0.000	22.27254486
-1.750	-2.350	0.000	22.44920540
-1.650	-2.350	0.000	22.79394531
-1.550	-2.350	0.000	22.86240578
-1.450	-2.350	0.000	22.83577347
-1.350	-2.350	0.000	22.45410538
-1.250	-2.350	0.000	22.24861145
-1.150	-2.350	0.000	21.90842056
-1.050	-2.350	0.000	21.67017174
-0.950	-2.350	0.000	21.30545044
-0.850	-2.350	0.000	20.94989586
-0.750	-2.350	0.000	20.41198921
-0.650	-2.350	0.000	19.98920441
-0.550	-2.350	0.000	19.52177811
-0.450	-2.350	0.000	19.33811951
-0.350	-2.350	0.000	19.07898712
-0.250	-2.350	0.000	18.83904648
-0.150	-2.350	0.000	18.54399109
-0.050	-2.350	0.000	18.27611160
0.050	-2.350	0.000	18.12255096
0.150	-2.350	0.000	18.09987259
0.250	-2.350	0.000	18.04725647
0.350	-2.350	0.000	18.08174133
0.450	-2.350	0.000	18.10914230
0.550	-2.350	0.000	18.02349472
0.650	-2.350	0.000	17.91569519
0.750	-2.350	0.000	17.81512070
0.850	-2.350	0.000	17.82806206
0.950	-2.350	0.000	17.96700668
1.050	-2.350	0.000	18.08412552
1.150	-2.350	0.000	18.40745544
1.250	-2.350	0.000	18.80207062
1.350	-2.350	0.000	19.14712524
1.450	-2.350	0.000	19.28736877
1.550	-2.350	0.000	19.37633133
1.650	-2.350	0.000	19.47716522
1.750	-2.350	0.000	19.67854691
1.850	-2.350	0.000	19.58540726
1.950	-2.350	0.000	18.99329376
2.050	-2.350	0.000	18.58889389
2.150	-2.350	0.000	17.82720566
2.250	-2.350	0.000	18.32105255
2.350	-2.350	0.000	18.21258354
2.450	-2.350	0.000	18.58372879
-2.450	-2.250	0.000	19.65439224
-2.350	-2.250	0.000	23.30974388
-2.250	-2.250	0.000	24.37864113
-2.150	-2.250	0.000	24.07201385
-2.050	-2.250	0.000	23.24332809
-1.950	-2.250	0.000	21.94247437
-1.850	-2.250	0.000	22.14838409
-1.750	-2.250	0.000	22.42987823
-1.650	-2.250	0.000	22.79928207
-1.550	-2.250	0.000	22.81954575
-1.450	-2.250	0.000	22.79280090
-1.350	-2.250	0.000	22.41733170
-1.250	-2.250	0.000	22.25435066
-1.150	-2.250	0.000	21.95207977
-1.050	-2.250	0.000	21.70582962
-0.950	-2.250	0.000	21.31261253
-0.850	-2.250	0.000	20.92389870
-0.750	-2.250	0.000	20.42882919
-0.650	-2.250	0.000	20.03243256
-0.550	-2.250	0.000	19.56653595
-0.450	-2.250	0.000	19.36475945
-0.350	-2.250	0.000	19.11867523
-0.250	-2.250	0.000	18.86886597
-0.150	-2.250	0.000	18.55846405
-0.050	-2.250	0.000	18.26486778
0.050	-2.250	0.000	18.05582047
0.150	-2.250	0.000	18.02069473
0.250	-2.250	0.000	17.95083618
0.350	-2.250	0.000	18.00371552
0.450	-2.250	0.000	18.01495743
0.550	-2.250	0.000	17.92592239
0.650	-2.250	0.000	17.79789352
0.750	-2.250	0.000	17.64310455
0.850	-2.250	0.000	17.59730339
0.950	-2.250	0.000	17.74863434
1.050	-2.250	0.000	17.90668297
1.150	-2.250	0.000	18.24634552
1.250	-2.250	0.000	18.64688492
1.350	-2.250	0.000	19.05863190
1.450	-2.250	0.000	19.31949615
1.550	-2.250	0.000	19.57939911
1.650	-2.250	0.000	19.76564407
1.750	-2.250	0.000	19.92057037
1.850	-2.250	0.000	19.72501755
1.950	-2.250	0.000	19.12754440
2.050	-2.250	0.000	18.73462868
2.150	-2.250	0.000	18.12978554
2.250	-2.250	0.000	18.47281837
2.350	-2.250	0.000	18.31227112
2.450	-2.250	0.000	18.75054169
-2.450	-2.150	0.000	19.70503998
-2.350	-2.150	0.000	23.35172653
-2.250	-2.150	0.000	24.22280121
-2.150	-2.150	0.000	23.76669312
-2.050	-2.150	0.000	22.96066475
-1.950	-2.150	0.000	21.67147827
-1.850	-2.150	0.000	21.92015839
-1.750	-2.150	0.000	22.23798370
-1.650	-2.150	0.000	22.66330338
-1.550	-2.150	0.000	22.64560699
-1.450	-2.150	0.000	22.65319443
-1.350	-2.150	0.000	22.29677963
-1.250	-2.150	0.000	22.14473152
-1.150	-2.150	0.000	21.83508682
-1.050	-2.150	0.000	21.60034943
-0.950	-2.150	0.000	21.20728683
-0.850	-2.150	0.000	20.80419540
-0.750	-2.150	0.000	20.32978630
-0.650	-2.150	0.000	19.94550705
-0.550	-2.150	0.000	19.48903656
-0.450	-2.150	0.000	19.24723434
-0.350	-2.150	0.000	18.98245239
-0.250	-2.150	0.000	18.72400284
-0.150	-2.150	0.000	18.39834595
-0.050	-2.150	0.000	18.10663223
0.050	-2.150	0.000	17.86412048
0.150	-2.150	0.000	17.79001236
0.250	-2.150	0.000	17.74244881
0.350	-2.150	0.000	17.83332443
0.450	-2.150	0.000	17.88735580
0.550	-2.150	0.000	17.85726547
0.650	-2.150	0.000	17.76074600
0.750	-2.150	0.000	17.60219574
0.850	-2.150	0.000	17.56352997
0.950	-2.150	0.000	17.68029976
1.050	-2.150	0.000	17.83016586
1.150	-2.150	0.000	18.17585564
1.250	-2.150	0.000	18.60376740
1.350	-2.150	0.000	19.09227753
1.450	-2.150	0.000	19.43926620
1.550	-2.150	0.000	19.79720306
1.650	-2.150	0.000	20.02458191
1.750	-2.150	0.000	20.14439583
1.850	-2.150	0.000	19.78048325
1.950	-2.150	0.000	19.08509445
2.050	-2.150	0.000	18.61773682
2.150	-2.150	0.000	18.00779533
2.250	-2.150	0.000	18.24496841
2.350	-2.150	0.000	18.22229576
2.450	-2.150	0.000	18.53283691
-2.450	-2.050	0.000	19.73920822
-2.350	-2.050	0.000	23.20265007
-2.250	-2.050	0.000	23.91612434
-2.150	-2.050	0.000	23.36692047
-2.050	-2.050	0.000	22.69576836
-1.950	-2.050	0.000	21.53335571
-1.850	-2.050	0.000	21.77886391
-1.750	-2.050	0.000	22.09158134
-1.650	-2.050	0.000	22.57749557
-1.550	-2.050	0.000	22.48593521
-1.450	-2.050	0.000	22.49674034
-1.350	-2.050	0.000	22.20062637
-1.250	-2.050	0.000	22.05339050
-1.150	-2.050	0.000	21.73548508
-1.050	-2.050	0.000	21.52043152
-0.950	-2.050	0.000	21.14161301
-0.850	-2.050	0.000	20.72874069
-0.750	-2.050	0.000	20.26049042
-0.650	-2.050	0.000	19.89040756
-0.550	-2.050	0.000	19.46358681
-0.450	-2.050	0.000	19.18629074
-0.350	-2.050	0.000	18.92880249
-0.250	-2.050	0.000	18.66041946
-0.150	-2.050	0.000	18.33436584
-0.050	-2.050	0.000	18.05852509
0.050	-2.050	0.000	17.81330681
0.150	-2.050	0.000	17.71903801
0.250	-2.050	0.000	17.65211868
0.350	-2.050	0.000	17.71801758
0.450	-2.050	0.000	17.76057053
0.550	-2.050	0.000	17.75868607
0.650	-2.050	0.000	17.68417740
0.750	-2.050	0.000	17.51863480
0.850	-2.050	0.000	17.46939087
0.950	-2.050	0.000	17.53612137
1.050	-2.050	0.000	17.67791367
1.150	-2.050	0.000	18.02280045
1.250	-2.050	0.000	18.44434738
1.350	-2.050	0.000	18.96404266
1.450	-2.050	0.000	19.37117958
1.550	-2.050	0.000	19.79892349
1.650	-2.050	0.000	20.11396408
1.750	-2.050	0.000	20.36355209
1.850	-2.050	0.000	20.12335968
1.950	-2.050	0.000	19.45726585
2.050	-2.050	0.000	18.92487717
2.150	-2.050	0.000	18.29695511
2.250	-2.050	0.000	18.43412590
2.350	-2.050	0.000	18.40019989
2.450	-2.050	0.000	18.70426559
-2.450	-1.950	0.000	19.65302658
-2.350	-1.950	0.000	22.91743469
-2.250	-1.950	0.000	23.52342987
-2.150	-1.950	0.000	22.98924255
-2.050	-1.950	0.000	22.43827057
-1.950	-1.950	0.000	21.40386963
-1.850	-1.950	0.000	21.64594269
-1.750	-1.950	0.000	21.93608093
-1.650	-1.950	0.000	22.44364166
-1.550	-1.950	0.000	22.33115578
-1.450	-1.950	0.000	22.30703354
-1.350	-1.950	0.000	22.08574295
-1.250	-1.950	0.000	21.91413879
-1.150	-1.950	0.000	21.54489899
-1.050	-1.950	0.000	21.32637024
-0.950	-1.950	0.000	20.95885086
-0.850	-1.950	0.000	20.54309082
-0.750	-1.950	0.000	20.07154465
-0.650	-1.950	0.000	19.74908829
-0.550	-1.950	0.000	19.36672211
-0.450	-1.950	0.000	19.06646347
-0.350	-1.950	0.000	18.80553055
-0.250	-1.950	0.000	18.51604843
-0.150	-1.950	0.000	18.18884659
-0.050	-1.950	0.000	17.92523575
0.050	-1.950	0.000	17.70327377
0.150	-1.950	0.000	17.57566643
0.250	-1.950	0.000	17.54409027
0.350	-1.950	0.000	17.60209274
0.450	-1.950	0.000	17.66942596
0.550	-1.950	0.000	17.69783401
0.650	-1.950	0.000	17.66011047
0.750	-1.950	0.000	17.54182053
0.850	-1.950	0.000	17.45101929
0.950	-1.950	0.000	17.47296906
1.050	-1.950	0.000	17.56052780
1.150	-1.950	0.000	17.81205750
1.250	-1.950	0.000	18.13874626
1.350	-1.950	0.000	18.64936066
1.450	-1.950	0.000	19.09103394
1.550	-1.950	0.000	19.65824127
1.650	-1.950	0.000	20.11229897
1.750	-1.950	0.000	20.45416641
1.850	-1.950	0.000	20.26134872
1.950	-1.950	0.000	19.61766434
2.050	-1.950	0.000	19.06917763
2.150	-1.950	0.000	18.47413254
2.250	-1.950	0.000	18.54207993
2.350	-1.950	0.000	18.40135384
2.450	-1.950	0.000	18.48821068
-2.450	-1.850	0.000	19.60196304
-2.350	-1.850	0.000	22.69199371
-2.250	-1.850	0.000	23.19602585
-2.150	-1.850	0.000	22.65062332
-2.050	-1.850	0.000	22.23333168
-1.950	-1.850	0.000	21.38504028
-1.850	-1.850	0.000	21.65081787
-1.750	-1.850	0.000	21.97526550
-1.650	-1.850	0.000	22.49868393
-1.550	-1.850	0.000	22.38075447
-1.450	-1.850	0.000	22.34330368
-1.350	-1.850	0.000	22.11337662
-1.250	-1.850	0.000	21.91943550
-1.150	-1.850	0.000	21.52110863
-1.050	-1.850	0.000	21.25799561
-0.950	-1.850	0.000	20.89746094
-0.850	-1.850	0.000	20.51153183
-0.750	-1.850	0.000	20.05941010
-0.650	-1.850	0.000	19.74568176
-0.550	-1.850	0.000	19.40082359
-0.450	-1.850	0.000	19.12519455
-0.350	-1.850	0.000	18.85391998
-0.250	-1.850	0.000	18.53515625
-0.150	-1.850	0.000	18.20082855
-0.050	-1.850	0.000	17.92822266
0.050	-1.850	0.000	17.69824219
0.150	-1.850	0.000	17.50516891
0.250	-1.850	0.000	17.45873070
0.350	-1.850	0.000	17.49213219
0.450	-1.850	0.000	17.56986237
0.550	-1.850	0.000	17.61372566
0.650	-1.850	0.000	17.60942650
0.750	-1.850	0.000	17.53181839
0.850	-1.850	0.000	17.43867493
0.950	-1.850	0.000	17.44877625
1.050	-1.850	0.000	17.48970795
1.150	-1.850	0.000	17.68112564
1.250	-1.850	0.000	17.93531418
1.350	-1.850	0.000	18.36749458
1.450	-1.850	0.000	18.76886177
1.550	-1.850	0.000	19.40273285
1.650	-1.850	0.000	20.01628113
1.750	-1.850	0.000	20.48659706
1.850	-1.850	0.000	20.46746063
1.950	-1.850	0.000	19.90635490
2.050	-1.850	0.000	19.34782219
2.150	-1.850	0.000	18.72762299
2.250	-1.850	0.000	18.76168823
2.350	-1.850	0.000	18.69775772
2.450	-1.850	0.000	18.77311897
-2.450	-1.750	0.000	19.57069206
-2.350	-1.750	0.000	22.50740623
-2.250	-1.750	0.000	22.92528152
-2.150	-1.750	0.000	22.43144417
-2.050	-1.750	0.000	22.12639999
-1.950	-1.750	0.000	21.40361023
-1.850	-1.750	0.000	21.67206955
-1.750	-1.750	0.000	21.96952248
-1.650	-1.750	0.000	22.48818207
-1.550	-1.750	0.000	22.38039017
-1.450	-1.750	0.000	22.33835602
-1.350	-1.750	0.000	22.08449173
-1.250	-1.750	0.000	21.87203598
-1.150	-1.750	0.000	21.47315979
-1.050	-1.750	0.000	21.14934921
-0.950	-1.750	0.000	20.76420403
-0.850	-1.750	0.000	20.38732910
-0.750	-1.750	0.000	19.94588470
-0.650	-1.750	0.000	19.62247467
-0.550	-1.750	0.000	19.31977272
-0.450	-1.750	0.000	19.11823654
-0.350	-1.750	0.000	18.86444473
-0.250	-1.750	0.000	18.54849243
-0.150	-1.750	0.000	18.20908737
-0.050	-1.750	0.000	17.93207169
0.050	-1.750	0.000	17.68632507
0.150	-1.750	0.000	17.44016647
0.250	-1.750	0.000	17.34842300
0.350	-1.750	0.000	17.33881760
0.450	-1.750	0.000	17.42791367
0.550	-1.750	0.000	17.51033783
0.650	-1.750	0.000	17.52577591
0.750	-1.750	0.000	17.51519203
0.850	-1.750	0.000	17.39498901
0.950	-1.750	0.000	17.40899658
1.050	-1.750	0.000	17.40258217
1.150	-1.750	0.000	17.56115723
1.250	-1.750	0.000	17.79130936
1.350	-1.750	0.000	18.14077759
1.450	-1.750	0.000	18.46633911
1.550	-1.750	0.000	18.96760559
1.650	-1.750	0.000	19.50090027
1.750	-1.750	0.000	20.10585976
1.850	-1.750	0.000	20.36167526
1.950	-1.750	0.000	20.00635910
2.050	-1.750	0.000	19.57838821
2.150	-1.750	0.000	19.00067902
2.250	-1.750	0.000	18.92769241
2.350	-1.750	0.000	18.85310745
2.450	-1.750	0.000	18.85514832
-2.450	-1.650	0.000	19.60314178
-2.350	-1.650	0.000	22.38904190
-2.250	-1.650	0.000	22.75525284
-2.150	-1.650	0.000	22.34051514
-2.050	-1.650	0.000	22.10031319
-1.950	-1.650	0.000	21.47495651
-1.850	-1.650	0.000	21.73612595
-1.750	-1.650	0.000	22.04952621
-1.650	-1.650	0.000	22.57783127
-1.550	-1.650	0.000	22.53216934
-1.450	-1.650	0.000	22.49467850
-1.350	-1.650	0.000	22.20359802
-1.250	-1.650	0.000	21.96835709
-1.150	-1.650	0.000	21.54999924
-1.050	-1.650	0.000	21.18360519
-0.950	-1.650	0.000	20.78153419
-0.850	-1.650	0.000	20.39170074
-0.750	-1.650	0.000	19.94493866
-0.650	-1.650	0.000	19.60225487
-0.550	-1.650	0.000	19.31875992
-0.450	-1.650	0.000	19.14530182
-0.350	-1.650	0.000	18.90982437
-0.250	-1.650	0.000	18.59915543
-0.150	-1.650	0.000	18.25783730
-0.050	-1.650	0.000	17.95938110
0.050	-1.650	0.000	17.68548393
0.150	-1.650	0.000	17.41034698
0.250	-1.650	0.000	17.27118683
0.350	-1.650	0.000	17.24615097
0.450	-1.650	0.000	17.31477356
0.550	-1.650	0.000	17.38718796
0.650	-1.650	0.000	17.40482330
0.750	-1.650	0.000	17.39237404
0.850	-1.650	0.000	17.32571411
0.950	-1.650	0.000	17.28354263
1.050	-1.650	0.000	17.29265213
1.150	-1.650	0.000	17.42336845
1.250	-1.650	0.000	17.66795349
1.350	-1.650	0.000	18.01995087
1.450	-1.650	0.000	18.37013245
1.550	-1.650	0.000	18.87743378
1.650	-1.650	0.000	19.34305763
1.750	-1.650	0.000	19.83371735
1.850	-1.650	0.000	20.11049271
1.950	-1.650	0.000	19.85470200
2.050	-1.650	0.000	19.72397041
2.150	-1.650	0.000	19.32636642
2.250	-1.650	0.000	19.25613022
2.350	-1.650	0.000	19.38368988
2.450	-1.650	0.000	19.11388016
-2.450	-1.550	0.000	19.60087204
-2.350	-1.550	0.000	22.26935577
-2.250	-1.550	0.000	22.59265327
-2.150	-1.550	0.000	22.24328232
-2.050	-1.550	0.000	22.05408096
-1.950	-1.550	0.000	21.51722717
-1.850	-1.550	0.000	21.74124908
-1.750	-1.550	0.000	22.04616928
-1.650	-1.550	0.000	22.55077171
-1.550	-1.550	0.000	22.56505585
-1.450	-1.550	0.000	22.52797318
-1.350	-1.550	0.000	22.17858887
-1.250	-1.550	0.000	21.92141533
-1.150	-1.550	0.000	21.50765419
-1.050	-1.550	0.000	21.12880898
-0.950	-1.550	0.000	20.71968651
-0.850	-1.550	0.000	20.32627296
-0.750	-1.550	0.000	19.89604568
-0.650	-1.550	0.000	19.54256058
-0.550	-1.550	0.000	19.25956726
-0.450	-1.550	0.000	19.08029366
-0.350	-1.550	0.000	18.85697556
-0.250	-1.550	0.000	18.57195282
-0.150	-1.550	0.000	18.24696541
-0.050	-1.550	0.000	17.95265579
0.050	-1.550	0.000	17.66951752
0.150	-1.550	0.000	17.37144470
0.250	-1.550	0.000	17.18738556
0.350	-1.550	0.000	17.12940216
0.450	-1.550	0.000	17.17591476
0.550	-1.550	0.000	17.24605179
0.650	-1.550	0.000	17.26269722
0.750	-1.550	0.000	17.22245789
0.850	-1.550	0.000	17.14245224
0.950	-1.550	0.000	17.07745171
1.050	-1.550	0.000	17.09460831
1.150	-1.550	0.000	17.20271492
1.250	-1.550	0.000	17.43806458
1.350	-1.550	0.000	17.81972504
1.450	-1.550	0.000	18.19146919
1.550	-1.550	0.000	18.70720100
1.650	-1.550	0.000	19.16366959
1.750	-1.550	0.000	19.59226418
1.850	-1.550	0.000	19.82902145
1.950	-1.550	0.000	19.65372658
2.050	-1.550	0.000	19.57688904
2.150	-1.550	0.000	19.39868927
2.250	-1.550	0.000	19.44435120
2.350	-1.550	0.000	19.64827538
2.450	-1.550	0.000	19.23833847
-2.450	-1.450	0.000	19.59430122
-2.350	-1.450	0.000	22.13403320
-2.250	-1.450	0.000	22.41569138
-2.150	-1.450	0.000	22.12362289
-2.050	-1.450	0.000	21.98749352
-1.950	-1.450	0.000	21.52671814
-1.850	-1.450	0.000	21.67705917
-1.750	-1.450	0.000	21.94935226
-1.650	-1.450	0.000	22.41848755
-1.550	-1.450	0.000	22.51604271
-1.450	-1.450	0.000	22.47186661
-1.350	-1.450	0.000	22.09920502
-1.250	-1.450	0.000	21.82465363
-1.150	-1.450	0.000	21.40591812
-1.050	-1.450	0.000	21.04117203
-0.950	-1.450	0.000	20.64471817
-0.850	-1.450	0.000	20.24750900
-0.750	-1.450	0.000	19.84070206
-0.650	-1.450	0.000	19.48810196
-0.550	-1.450	0.000	19.19977951
-0.450	-1.450	0.000	18.99908066
-0.350	-1.450	0.000	18.78800201
-0.250	-1.450	0.000	18.51602554
-0.150	-1.450	0.000	18.21637726
-0.050	-1.450	0.000	17.93012619
0.050	-1.450	0.000	17.66273117
0.150	-1.450	0.000	17.36928558
0.250	-1.450	0.000	17.17317581
0.350	-1.450	0.000	17.09296036
0.450	-1.450	0.000	17.12246704
0.550	-1.450	0.000	17.17840576
0.650	-1.450	0.000	17.19655228
0.750	-1.450	0.000	17.15198135
0.850	-1.450	0.000	17.00765228
0.950	-1.450	0.000	16.98645401
1.050	-1.450	0.000	17.02049637
1.150	-1.450	0.000	17.17396164
1.250	-1.450	0.000	17.44586563
1.350	-1.450	0.000	17.85615921
1.450	-1.450	0.000	18.22790909
1.550	-1.450	0.000	18.71359634
1.650	-1.450	0.000	19.10910797
1.750	-1.450	0.000	19.45328140
1.850	-1.450	0.000	19.69271660
1.950	-1.450	0.000	19.62460709
2.050	-1.450	0.000	19.56266594
2.150	-1.450	0.000	19.61031723
2.250	-1.450	0.000	19.64053726
2.350	-1.450	0.000	19.86418152
2.450	-1.450	0.000	19.28849030
-2.450	-1.350	0.000	19.51329422
-2.350	-1.350	0.000	21.94436264
-2.250	-1.350	0.000	22.20576096
-2.150	-1.350	0.000	21.96362305
-2.050	-1.350	0.000	21.89188004
-1.950	-1.350	0.000	21.46843719
-1.850	-1.350	0.000	21.55140686
-1.750	-1.350	0.000	21.77950096
-1.650	-1.350	0.000	22.18491364
-1.550	-1.350	0.000	22.33115005
-1.450	-1.350	0.000	22.26706314
-1.350	-1.350	0.000	21.92396545
-1.250	-1.350	0.000	21.62036514
-1.150	-1.350	0.000	21.18579483
-1.050	-1.350	0.000	20.83046341
-0.950	-1.350	0.000	20.46254730
-0.850	-1.350	0.000	20.08110046
-0.750	-1.350	0.000	19.70323372
-0.650	-1.350	0.000	19.36903381
-0.550	-1.350	0.000	19.08653259
-0.450	-1.350	0.000	18.88350296
-0.350	-1.350	0.000	18.68693161
-0.250	-1.350	0.000	18.43001556
-0.150	-1.350	0.000	18.15563965
-0.050	-1.350	0.000	17.89885712
0.050	-1.350	0.000	17.65012932
0.150	-1.350	0.000	17.39408302
0.250	-1.350	0.000	17.21889496
0.350	-1.350	0.000	17.12707329
0.450	-1.350	0.000	17.13269806
0.550	-1.350	0.000	17.14142227
0.650	-1.350	0.000	17.13193130
0.750	-1.350	0.000	17.03935623
0.850	-1.350	0.000	16.83790398
0.950	-1.350	0.000	16.80019760
1.050	-1.350	0.000	16.83628654
1.150	-1.350	0.000	17.01873398
1.250	-1.350	0.000	17.34345055
1.350	-1.350	0.000	17.81839561
1.450	-1.350	0.000	18.24912643
1.550	-1.350	0.000	18.75375366
1.650	-1.350	0.000	19.11807251
1.750	-1.350	0.000	19.36291122
1.850	-1.350	0.000	19.52522659
1.950	-1.350	0.000	19.48050690
2.050	-1.350	0.000	19.43930817
2.150	-1.350	0.000	19.52911758
2.250	-1.350	0.000	19.63161850
2.350	-1.350	0.000	19.92757797
2.450	-1.350	0.000	19.29703331
-2.450	-1.250	0.000	19.44561386
-2.350	-1.250	0.000	21.76341057
-2.250	-1.250	0.000	22.01330757
-2.150	-1.250	0.000	21.81514359
-2.050	-1.250	0.000	21.78084564
-1.950	-1.250	0.000	21.40016747
-1.850	-1.250	0.000	21.41663551
-1.750	-1.250	0.000	21.59465599
-1.650	-1.250	0.000	21.92909622
-1.550	-1.250	0.000	22.09233093
-1.450	-1.250	0.000	22.03275299
-1.350	-1.250	0.000	21.74304390
-1.250	-1.250	0.000	21.40419769
-1.150	-1.250	0.000	20.94235992
-1.050	-1.250	0.000	20.55945969
-0.950	-1.250	0.000	20.21280670
-0.850	-1.250	0.000	19.85368729
-0.750	-1.250	0.000	19.50369263
-0.650	-1.250	0.000	19.20170593
-0.550	-1.250	0.000	18.93990707
-0.450	-1.250	0.000	18.74196243
-0.350	-1.250	0.000	18.55518341
-0.250	-1.250	0.000	18.32155609
-0.150	-1.250	0.000	18.08382797
-0.050	-1.250	0.000	17.88434601
0.050	-1.250	0.000	17.69170761
0.150	-1.250	0.000	17.49835968
0.250	-1.250	0.000	17.38371277
0.350	-1.250	0.000	17.32844162
0.450	-1.250	0.000	17.34414291
0.550	-1.250	0.000	17.33460808
0.650	-1.250	0.000	17.31317139
0.750	-1.250	0.000	17.19594383
0.850	-1.250	0.000	16.97106934
0.950	-1.250	0.000	16.91163254
1.050	-1.250	0.000	16.92628098
1.150	-1.250	0.000	17.08989716
1.250	-1.250	0.000	17.35264969
1.350	-1.250	0.000	17.78860092
1.450	-1.250	0.000	18.25224686
1.550	-1.250	0.000	18.79571915
1.650	-1.250	0.000	19.17091751
1.750	-1.250	0.000	19.38243866
1.850	-1.250	0.000	19.48347473
1.950	-1.250	0.000	19.40262222
2.050	-1.250	0.000	19.33758736
2.150	-1.250	0.000	19.43284988
2.250	-1.250	0.000	19.56833076
2.350	-1.250	0.000	19.90566254
2.450	-1.250	0.000	19.25464630
-2.450	-1.150	0.000	19.41382217
-2.350	-1.150	0.000	21.63692856
-2.250	-1.150	0.000	21.85214996
-2.150	-1.150	0.000	21.68972015
-2.050	-1.150	0.000	21.68402863
-1.950	-1.150	0.000	21.36092949
-1.850	-1.150	0.000	21.31864166
-1.750	-1.150	0.000	21.42747879
-1.650	-1.150	0.000	21.68151855
-1.550	-1.150	0.000	21.83360291
-1.450	-1.150	0.000	21.79593086
-1.350	-1.150	0.000	21.56365204
-1.250	-1.150	0.000	21.21261978
-1.150	-1.150	0.000	20.72476959
-1.050	-1.150	0.000	20.30994797
-0.950	-1.150	0.000	19.97619629
-0.850	-1.150	0.000	19.63829422
-0.750	-1.150	0.000	19.30964279
-0.650	-1.150	0.000	19.03652573
-0.550	-1.150	0.000	18.80032730
-0.450	-1.150	0.000	18.60685349
-0.350	-1.150	0.000	18.42324066
-0.250	-1.150	0.000	18.21696854
-0.150	-1.150	0.000	18.02532959
-0.050	-1.150	0.000	17.89520264
0.050	-1.150	0.000	17.76196861
0.150	-1.150	0.000	17.64668846
0.250	-1.150	0.000	17.59292221
0.350	-1.150	0.000	17.58606339
0.450	-1.150	0.000	17.62781906
0.550	-1.150	0.000	17.62270927
0.650	-1.150	0.000	17.58338928
0.750	-1.150	0.000	17.43676376
0.850	-1.150	0.000	17.18805695
0.950	-1.150	0.000	17.08673859
1.050	-1.150	0.000	17.07444763
1.150	-1.150	0.000	17.21845436
1.250	-1.150	0.000	17.45703888
1.350	-1.150	0.000	17.84477615
1.450	-1.150	0.000	18.25965500
1.550	-1.150	0.000	18.77182007
1.650	-1.150	0.000	19.12710762
1.750	-1.150	0.000	19.30903625
1.850	-1.150	0.000	19.37160110
1.950	-1.150	0.000	19.26229095
2.050	-1.150	0.000	19.18503952
2.150	-1.150	0.000	19.27098083
2.250	-1.150	0.000	19.45892525
2.350	-1.150	0.000	19.84344864
2.450	-1.150	0.000	19.24219513
-2.450	-1.050	0.000	19.47477341
-2.350	-1.050	0.000	21.58816338
-2.250	-1.050	0.000	21.76425934
-2.150	-1.050	0.000	21.64174843
-2.050	-1.050	0.000	21.63772202
-1.950	-1.050	0.000	21.38008118
-1.850	-1.050	0.000	21.29512405
-1.750	-1.050	0.000	21.32218552
-1.650	-1.050	0.000	21.46804428
-1.550	-1.050	0.000	21.60036278
-1.450	-1.050	0.000	21.58955765
-1.350	-1.050	0.000	21.40665817
-1.250	-1.050	0.000	21.08374786
-1.150	-1.050	0.000	20.59832382
-1.050	-1.050	0.000	20.16442490
-0.950	-1.050	0.000	19.83285713
-0.850	-1.050	0.000	19.50393867
-0.750	-1.050	0.000	19.17580986
-0.650	-1.050	0.000	18.90914536
-0.550	-1.050	0.000	18.68098831
-0.450	-1.050	0.000	18.47362900
-0.350	-1.050	0.000	18.28969955
-0.250	-1.050	0.000	18.11072159
-0.150	-1.050	0.000	17.96499252
-0.050	-1.050	0.000	17.89636230
0.050	-1.050	0.000	17.81818390
0.150	-1.050	0.000	17.79177856
0.250	-1.050	0.000	17.80588150
0.350	-1.050	0.000	17.84994125
0.450	-1.050	0.000	17.91732597
0.550	-1.050	0.000	17.93190765
0.650	-1.050	0.000	17.89046097
0.750	-1.050	0.000	17.73807144
0.850	-1.050	0.000	17.49805832
0.950	-1.050	0.000	17.37858582
1.050	-1.050	0.000	17.33840179
1.150	-1.050	0.000	17.42848778
1.250	-1.050	0.000	17.63064957
1.350	-1.050	0.000	17.97942352
1.450	-1.050	0.000	18.34317589
1.550	-1.050	0.000	18.79140091
1.650	-1.050	0.000	19.13169098
1.750	-1.050	0.000	19.31457329
1.850	-1.050	0.000	19.33291817
1.950	-1.050	0.000	19.17615509
2.050	-1.050	0.000	19.03834915
2.150	-1.050	0.000	19.09043121
2.250	-1.050	0.000	19.28190422
2.350	-1.050	0.000	19.64302444
2.450	-1.050	0.000	19.11777496
-2.450	-0.950	0.000	19.66394424
-2.350	-0.950	0.000	21.64618492
-2.250	-0.950	0.000	21.74725723
-2.150	-0.950	0.000	21.68053627
-2.050	-0.950	0.000	21.67427254
-1.950	-0.950	0.000	21.48767853
-1.850	-0.950	0.000	21.39097214
-1.750	-0.950	0.000	21.31682587
-1.650	-0.950	0.000	21.35561752
-1.550	-0.950	0.000	21.45552635
-1.450	-0.950	0.000	21.46582031
-1.350	-0.950	0.000	21.30181694
-1.250	-0.950	0.000	21.01756096
-1.150	-0.950	0.000	20.58593750
-1.050	-0.950	0.000	20.16164017
-0.950	-0.950	0.000	19.82298088
-0.850	-0.950	0.000	19.48606873
-0.750	-0.950	0.000	19.13954926
-0.650	-0.950	0.000	18.85155106
-0.550	-0.950	0.000	18.60374451
-0.450	-0.950	0.000	18.35305023
-0.350	-0.950	0.000	18.14919472
-0.250	-0.950	0.000	17.98509216
-0.150	-0.950	0.000	17.88324738
-0.050	-0.950	0.000	17.85901260
0.050	-0.950	0.000	17.83100510
0.150	-0.950	0.000	17.86181259
0.250	-0.950	0.000	17.92878914
0.350	-0.950	0.000	18.02238846
0.450	-0.950	0.000	18.11200523
0.550	-0.950	0.000	18.15174103
0.650	-0.950	0.000	18.13169861
0.750	-0.950	0.000	17.99976158
0.850	-0.950	0.000	17.78899002
0.950	-0.950	0.000	17.67852020
1.050	-0.950	0.000	17.64510155
1.150	-0.950	0.000	17.69569397
1.250	-0.950	0.000	17.84812164
1.350	-0.950	0.000	18.13684464
1.450	-0.950	0.000	18.43698502
1.550	-0.950	0.000	18.81282997
1.650	-0.950	0.000	19.09713364
1.750	-0.950	0.000	19.27219963
1.850	-0.950	0.000	19.28067398
1.950	-0.950	0.000	19.13761902
2.050	-0.950	0.000	18.96652985
2.150	-0.950	0.000	18.97380447
2.250	-0.950	0.000	19.15453911
2.350	-0.950	0.000	19.45878601
2.450	-0.950	0.000	19.01981735
-2.450	-0.850	0.000	19.94191360
-2.350	-0.850	0.000	21.77636528
-2.250	-0.850	0.000	21.76182175
-2.150	-0.850	0.000	21.75044250
-2.050	-0.850	0.000	21.75114822
-1.950	-0.850	0.000	21.63525772
-1.850	-0.850	0.000	21.54101753
-1.750	-0.850	0.000	21.37353325
-1.650	-0.850	0.000	21.30331802
-1.550	-0.850	0.000	21.36154175
-1.450	-0.850	0.000	21.36532974
-1.350	-0.850	0.000	21.24280548
-1.250	-0.850	0.000	20.97727585
-1.150	-0.850	0.000	20.64245796
-1.050	-0.850	0.000	20.25535011
-0.950	-0.850	0.000	19.91324997
-0.850	-0.850	0.000	19.55941772
-0.750	-0.850	0.000	19.18363953
-0.650	-0.850	0.000	18.85689735
-0.550	-0.850	0.000	18.56165695
-0.450	-0.850	0.000	18.25312042
-0.350	-0.850	0.000	18.00966454
-0.250	-0.850	0.000	17.84012222
-0.150	-0.850	0.000	17.76946449
-0.050	-0.850	0.000	17.75517654
0.050	-0.850	0.000	17.77320290
0.150	-0.850	0.000	17.83678818
0.250	-0.850	0.000	17.95027161
0.350	-0.850	0.000	18.08058548
0.450	-0.850	0.000	18.18856812
0.550	-0.850	0.000	18.24850655
0.650	-0.850	0.000	18.25060272
0.750	-0.850	0.000	18.15283966
0.850	-0.850	0.000	18.01021194
0.950	-0.850	0.000	17.93981171
1.050	-0.850	0.000	17.95273590
1.150	-0.850	0.000	18.02038193
1.250	-0.850	0.000	18.17078400
1.350	-0.850	0.000	18.42516708
1.450	-0.850	0.000	18.67147827
1.550	-0.850	0.000	18.99330521
1.650	-0.850	0.000	19.23797226
1.750	-0.850	0.000	19.39422607
1.850	-0.850	0.000	19.33519363
1.950	-0.850	0.000	19.15980721
2.050	-0.850	0.000	18.97543526
2.150	-0.850	0.000	18.94265366
2.250	-0.850	0.000	19.08979607
2.350	-0.850	0.000	19.30150223
2.450	-0.850	0.000	18.96782684
-2.450	-0.750	0.000	20.23770905
-2.350	-0.750	0.000	21.91003418
-2.250	-0.750	0.000	21.76383591
-2.150	-0.750	0.000	21.78176117
-2.050	-0.750	0.000	21.82243919
-1.950	-0.750	0.000	21.76308250
-1.850	-0.750	0.000	21.68915176
-1.750	-0.750	0.000	21.47192955
-1.650	-0.750	0.000	21.30834198
-1.550	-0.750	0.000	21.30537033
-1.450	-0.750	0.000	21.28389359
-1.350	-0.750	0.000	21.20545197
-1.250	-0.750	0.000	20.97849083
-1.150	-0.750	0.000	20.71928215
-1.050	-0.750	0.000	20.39167023
-0.950	-0.750	0.000	20.05558777
-0.850	-0.750	0.000	19.68073654
-0.750	-0.750	0.000	19.27133942
-0.650	-0.750	0.000	18.89362335
-0.550	-0.750	0.000	18.54115105
-0.450	-0.750	0.000	18.16192245
-0.350	-0.750	0.000	17.86129761
-0.250	-0.750	0.000	17.66269302
-0.150	-0.750	0.000	17.61574554
-0.050	-0.750	0.000	17.59846497
0.050	-0.750	0.000	17.65607834
0.150	-0.750	0.000	17.73989677
0.250	-0.750	0.000	17.88923073
0.350	-0.750	0.000	18.04272461
0.450	-0.750	0.000	18.15903282
0.550	-0.750	0.000	18.22261620
0.650	-0.750	0.000	18.24815369
0.750	-0.750	0.000	18.18600845
0.850	-0.750	0.000	18.11300278
0.950	-0.750	0.000	18.08887100
1.050	-0.750	0.000	18.14443970
1.150	-0.750	0.000	18.24346161
1.250	-0.750	0.000	18.40277481
1.350	-0.750	0.000	18.64135361
1.450	-0.750	0.000	18.85538864
1.550	-0.750	0.000	19.13109589
1.650	-0.750	0.000	19.35004997
1.750	-0.750	0.000	19.51537704
1.850	-0.750	0.000	19.42745972
1.950	-0.750	0.000	19.22543907
2.050	-0.750	0.000	19.02201462
2.150	-0.750	0.000	18.93592834
2.250	-0.750	0.000	19.06216049
2.350	-0.750	0.000	19.18429947
2.450	-0.750	0.000	18.94690323
-2.450	-0.650	0.000	20.47591019
-2.350	-0.650	0.000	21.92876053
-2.250	-0.650	0.000	21.65307236
-2.150	-0.650	0.000	21.69023895
-2.050	-0.650	0.000	21.79704094
-1.950	-0.650	0.000	21.78249741
-1.850	-0.650	0.000	21.75288391
-1.750	-0.650	0.000	21.52838898
-1.650	-0.650	0.000	21.30595016
-1.550	-0.650	0.000	21.23267746
-1.450	-0.650	0.000	21.18205261
-1.350	-0.650	0.000	21.12780762
-1.250	-0.650	0.000	20.95893860
-1.150	-0.650	0.000	20.74831009
-1.050	-0.650	0.000	20.47316742
-0.950	-0.650	0.000	20.14354897
-0.850	-0.650	0.000	19.76165771
-0.750	-0.650	0.000	19.33668900
-0.650	-0.650	0.000	18.92230034
-0.550	-0.650	0.000	18.52171707
-0.450	-0.650	0.000	18.08007050
-0.350	-0.650	0.000	17.71883965
-0.250	-0.650	0.000	17.48774338
-0.150	-0.650	0.000	17.43935776
-0.050	-0.650	0.000	17.44094849
0.050	-0.650	0.000	17.51982117
0.150	-0.650	0.000	17.63439178
0.250	-0.650	0.000	17.80801392
0.350	-0.650	0.000	17.97129440
0.450	-0.650	0.000	18.08179474
0.550	-0.650	0.000	18.14565277
0.650	-0.650	0.000	18.17674065
0.750	-0.650	0.000	18.16161919
0.850	-0.650	0.000	18.15513229
0.950	-0.650	0.000	18.17436218
1.050	-0.650	0.000	18.25948334
1.150	-0.650	0.000	18.38048553
1.250	-0.650	0.000	18.56570816
1.350	-0.650	0.000	18.82656097
1.450	-0.650	0.000	19.04887390
1.550	-0.650	0.000	19.31339836
1.650	-0.650	0.000	19.50177765
1.750	-0.650	0.000	19.64509964
1.850	-0.650	0.000	19.56322098
1.950	-0.650	0.000	19.38525391
2.050	-0.650	0.000	19.14820099
2.150	-0.650	0.000	18.96464539
2.250	-0.650	0.000	19.05539703
2.350	-0.650	0.000	19.08163452
2.450	-0.650	0.000	18.95267296
-2.450	-0.550	0.000	20.56401825
-2.350	-0.550	0.000	21.80105591
-2.250	-0.550	0.000	21.40903091
-2.150	-0.550	0.000	21.46919441
-2.050	-0.550	0.000	21.63864899
-1.950	-0.550	0.000	21.68805313
-1.850	-0.550	0.000	21.74239349
-1.750	-0.550	0.000	21.52368927
-1.650	-0.550	0.000	21.26314926
-1.550	-0.550	0.000	21.12710190
-1.450	-0.550	0.000	21.05353165
-1.350	-0.550	0.000	21.00356102
-1.250	-0.550	0.000	20.88624954
-1.150	-0.550	0.000	20.72274780
-1.050	-0.550	0.000	20.47082901
-0.950	-0.550	0.000	20.13098145
-0.850	-0.550	0.000	19.74486542
-0.750	-0.550	0.000	19.32202911
-0.650	-0.550	0.000	18.88721848
-0.550	-0.550	0.000	18.45531082
-0.450	-0.550	0.000	17.98003006
-0.350	-0.550	0.000	17.57677841
-0.250	-0.550	0.000	17.32156372
-0.150	-0.550	0.000	17.26245308
-0.050	-0.550	0.000	17.28262520
0.050	-0.550	0.000	17.37570572
0.150	-0.550	0.000	17.52237701
0.250	-0.550	0.000	17.71630096
0.350	-0.550	0.000	17.88755226
0.450	-0.550	0.000	17.97600174
0.550	-0.550	0.000	18.04595566
0.650	-0.550	0.000	18.05046463
0.750	-0.550	0.000	18.06073761
0.850	-0.550	0.000	18.10518265
0.950	-0.550	0.000	18.17376328
1.050	-0.550	0.000	18.29458618
1.150	-0.550	0.000	18.43900299
1.250	-0.550	0.000	18.63775635
1.350	-0.550	0.000	18.90867615
1.450	-0.550	0.000	19.15438080
1.550	-0.550	0.000	19.42991257
1.650	-0.550	0.000	19.61944771
1.750	-0.550	0.000	19.76824951
1.850	-0.550	0.000	19.70156860
1.950	-0.550	0.000	19.53335571
2.050	-0.550	0.000	19.29436493
2.150	-0.550	0.000	19.06035995
2.250	-0.550	0.000	19.08689690
2.350	-0.550	0.000	19.02501678
2.450	-0.550	0.000	18.99102402
-2.450	-0.450	0.000	20.62098503
-2.350	-0.450	0.000	21.65311050
-2.250	-0.450	0.000	21.12863922
-2.150	-0.450	0.000	21.20415115
-2.050	-0.450	0.000	21.39816856
-1.950	-0.450	0.000	21.50061798
-1.850	-0.450	0.000	21.64776230
-1.750	-0.450	0.000	21.46189308
-1.650	-0.450	0.000	21.16506767
-1.550	-0.450	0.000	20.97773552
-1.450	-0.450	0.000	20.87623978
-1.350	-0.450	0.000	20.80711365
-1.250	-0.450	0.000	20.73471832
-1.150	-0.450	0.000	20.59935379
-1.050	-0.450	0.000	20.35461998
-0.950	-0.450	0.000	19.99509048
-0.850	-0.450	0.000	19.59399033
-0.750	-0.450	0.000	19.17616272
-0.650	-0.450	0.000	18.73761749
-0.550	-0.450	0.000	18.29233932
-0.450	-0.450	0.000	17.81688690
-0.350	-0.450	0.000	17.40666962
-0.250	-0.450	0.000	17.14826202
-0.150	-0.450	0.000	17.08391190
-0.050	-0.450	0.000	17.12200165
0.050	-0.450	0.000	17.24387360
0.150	-0.450	0.000	17.42951965
0.250	-0.450	0.000	17.63931847
0.350	-0.450	0.000	17.81195450
0.450	-0.450	0.000	17.87407303
0.550	-0.450	0.000	17.93399811
0.650	-0.450	0.000	17.92904663
0.750	-0.450	0.000	17.95086479
0.850	-0.450	0.000	18.02078629
0.950	-0.450	0.000	18.11399460
1.050	-0.450	0.000	18.24378967
1.150	-0.450	0.000	18.40181541
1.250	-0.450	0.000	18.61612701
1.350	-0.450	0.000	18.88455582
1.450	-0.450	0.000	19.13747406
1.550	-0.450	0.000	19.41058731
1.650	-0.450	0.000	19.57430840
1.750	-0.450	0.000	19.70178795
1.850	-0.450	0.000	19.65921402
1.950	-0.450	0.000	19.54460144
2.050	-0.450	0.000	19.33754539
2.150	-0.450	0.000	19.10321808
2.250	-0.450	0.000	19.10129738
2.350	-0.450	0.000	18.98673248
2.450	-0.450	0.000	19.06070518
-2.450	-0.350	0.000	20.66983986
-2.350	-0.350	0.000	21.50241852
-2.250	-0.350	0.000	20.79015732
-2.150	-0.350	0.000	20.90447235
-2.050	-0.350	0.000	21.10783195
-1.950	-0.350	0.000	21.31301117
-1.850	-0.350	0.000	21.51122665
-1.750	-0.350	0.000	21.35133362
-1.650	-0.350	0.000	21.01537704
-1.550	-0.350	0.000	20.79895020
-1.450	-0.350	0.000	20.63427353
-1.350	-0.350	0.000	20.54644394
-1.250	-0.350	0.000	20.49633598
-1.150	-0.350	0.000	20.37227249
-1.050	-0.350	0.000	20.12404633
-0.950	-0.350	0.000	19.74414062
-0.850	-0.350	0.000	19.31568718
-0.750	-0.350	0.000	18.89782906
-0.650	-0.350	0.000	18.47061348
-0.550	-0.350	0.000	18.02709770
-0.450	-0.350	0.000	17.57381821
-0.350	-0.350	0.000	17.18558121
-0.250	-0.350	0.000	16.94766235
-0.150	-0.350	0.000	16.88591766
-0.050	-0.350	0.000	16.95082855
0.050	-0.350	0.000	17.10160255
0.150	-0.350	0.000	17.31606865
0.250	-0.350	0.000	17.52946854
0.350	-0.350	0.000	17.70285416
0.450	-0.350	0.000	17.74809265
0.550	-0.350	0.000	17.75471497
0.650	-0.350	0.000	17.76090240
0.750	-0.350	0.000	17.77657700
0.850	-0.350	0.000	17.85973358
0.950	-0.350	0.000	17.98034668
1.050	-0.350	0.000	18.13362885
1.150	-0.350	0.000	18.32774353
1.250	-0.350	0.000	18.57577896
1.350	-0.350	0.000	18.86865044
1.450	-0.350	0.000	19.12192154
1.550	-0.350	0.000	19.36502457
1.650	-0.350	0.000	19.49514008
1.750	-0.350	0.000	19.61667252
1.850	-0.350	0.000	19.59383774
1.950	-0.350	0.000	19.51371193
2.050	-0.350	0.000	19.33471298
2.150	-0.350	0.000	19.10998917
2.250	-0.350	0.000	19.13255501
2.350	-0.350	0.000	19.02136803
2.450	-0.350	0.000	19.16046524
-2.450	-0.250	0.000	20.64022827
-2.350	-0.250	0.000	21.28662872
-2.250	-0.250	0.000	20.44773674
-2.150	-0.250	0.000	20.55237961
-2.050	-0.250	0.000	20.75266457
-1.950	-0.250	0.000	21.02920151
-1.850	-0.250	0.000	21.31091309
-1.750	-0.250	0.000	21.17609787
-1.650	-0.250	0.000	20.85485840
-1.550	-0.250	0.000	20.57615662
-1.450	-0.250	0.000	20.35828400
-1.350	-0.250	0.000	20.22178078
-1.250	-0.250	0.000	20.15896225
-1.150	-0.250	0.000	20.03557205
-1.050	-0.250	0.000	19.79042816
-0.950	-0.250	0.000	19.39956474
-0.850	-0.250	0.000	18.95141602
-0.750	-0.250	0.000	18.53282547
-0.650	-0.250	0.000	18.12194061
-0.550	-0.250	0.000	17.69181061
-0.450	-0.250	0.000	17.27549362
-0.350	-0.250	0.000	16.92255974
-0.250	-0.250	0.000	16.71780014
-0.150	-0.250	0.000	16.67396927
-0.050	-0.250	0.000	16.76796722
0.050	-0.250	0.000	16.93996429
0.150	-0.250	0.000	17.16804123
0.250	-0.250	0.000	17.36986542
0.350	-0.250	0.000	17.53001022
0.450	-0.250	0.000	17.55704498
0.550	-0.250	0.000	17.51032066
0.650	-0.250	0.000	17.48826599
0.750	-0.250	0.000	17.52993774
0.850	-0.250	0.000	17.63708496
0.950	-0.250	0.000	17.79335022
1.050	-0.250	0.000	17.95354271
1.150	-0.250	0.000	18.15063286
1.250	-0.250	0.000	18.40420914
1.350	-0.250	0.000	18.70421219
1.450	-0.250	0.000	18.95695496
1.550	-0.250	0.000	19.17691040
1.650	-0.250	0.000	19.26786995
1.750	-0.250	0.000	19.34741211
1.850	-0.250	0.000	19.33632469
1.950	-0.250	0.000	19.29997635
2.050	-0.250	0.000	19.17704391
2.150	-0.250	0.000	18.97003555
2.250	-0.250	0.000	19.01805878
2.350	-0.250	0.000	18.94743347
2.450	-0.250	0.000	19.15485954
-2.450	-0.150	0.000	20.52677155
-2.350	-0.150	0.000	21.00631332
-2.250	-0.150	0.000	20.04780960
-2.150	-0.150	0.000	20.14528847
-2.050	-0.150	0.000	20.31292152
-1.950	-0.150	0.000	20.64898682
-1.850	-0.150	0.000	21.00492859
-1.750	-0.150	0.000	20.91332626
-1.650	-0.150	0.000	20.65236282
-1.550	-0.150	0.000	20.32650566
-1.450	-0.150	0.000	20.04528618
-1.350	-0.150	0.000	19.84609985
-1.250	-0.150	0.000	19.73245621
-1.150	-0.150	0.000	19.60983658
-1.050	-0.150	0.000	19.37602425
-0.950	-0.150	0.000	18.98714828
-0.850	-0.150	0.000	18.54511070
-0.750	-0.150	0.000	18.12924576
-0.650	-0.150	0.000	17.72957611
-0.550	-0.150	0.000	17.32240677
-0.450	-0.150	0.000	16.94321060
-0.350	-0.150	0.000	16.63026810
-0.250	-0.150	0.000	16.46501923
-0.150	-0.150	0.000	16.45226288
-0.050	-0.150	0.000	16.58622360
0.050	-0.150	0.000	16.76681519
0.150	-0.150	0.000	17.00202179
0.250	-0.150	0.000	17.18802071
0.350	-0.150	0.000	17.33170319
0.450	-0.150	0.000	17.34319305
0.550	-0.150	0.000	17.25914383
0.650	-0.150	0.000	17.21618271
0.750	-0.150	0.000	17.25653267
0.850	-0.150	0.000	17.39119720
0.950	-0.150	0.000	17.59746170
1.050	-0.150	0.000	17.80302429
1.150	-0.150	0.000	18.01140213
1.250	-0.150	0.000	18.24950790
1.350	-0.150	0.000	18.52755737
1.450	-0.150	0.000	18.76852798
1.550	-0.150	0.000	18.98595810
1.650	-0.150	0.000	19.09841156
1.750	-0.150	0.000	19.18187332
1.850	-0.150	0.000	19.17363167
1.950	-0.150	0.000	19.15997696
2.050	-0.150	0.000	19.09056473
2.150	-0.150	0.000	18.90815735
2.250	-0.150	0.000	18.99190903
2.350	-0.150	0.000	18.92761993
2.450	-0.150	0.000	19.15386963
-2.450	-0.050	0.000	20.31415939
-2.350	-0.050	0.000	20.62433624
-2.250	-0.050	0.000	19.59436417
-2.150	-0.050	0.000	19.66874504
-2.050	-0.050	0.000	19.77938461
-1.950	-0.050	0.000	20.15925980
-1.850	-0.050	0.000	20.58129120
-1.750	-0.050	0.000	20.58093643
-1.650	-0.050	0.000	20.38187408
-1.550	-0.050	0.000	20.04316711
-1.450	-0.050	0.000	19.67866516
-1.350	-0.050	0.000	19.43423653
-1.250	-0.050	0.000	19.26700211
-1.150	-0.050	0.000	19.13259697
-1.050	-0.050	0.000	18.90642929
-0.950	-0.050	0.000	18.54851151
-0.850	-0.050	0.000	18.13725853
-0.750	-0.050	0.000	17.73655891
-0.650	-0.050	0.000	17.34996796
-0.550	-0.050	0.000	16.95954132
-0.450	-0.050	0.000	16.60316277
-0.350	-0.050	0.000	16.31597900
-0.250	-0.050	0.000	16.17603493
-0.150	-0.050	0.000	16.19945145
-0.050	-0.050	0.000	16.34667969
0.050	-0.050	0.000	16.53921127
0.150	-0.050	0.000	16.76932907
0.250	-0.050	0.000	16.94619942
0.350	-0.050	0.000	17.06540871
0.450	-0.050	0.000	17.05219650
0.550	-0.050	0.000	16.96640396
0.650	-0.050	0.000	16.92567825
0.750	-0.050	0.000	16.98131943
0.850	-0.050	0.000	17.13697052
0.950	-0.050	0.000	17.36400986
1.050	-0.050	0.000	17.59336853
1.150	-0.050	0.000	17.82736778
1.250	-0.050	0.000	18.06737518
1.350	-0.050	0.000	18.32444572
1.450	-0.050	0.000	18.53392029
1.550	-0.050	0.000	18.73164558
1.650	-0.050	0.000	18.84717941
1.750	-0.050	0.000	18.94383430
1.850	-0.050	0.000	18.93709946
1.950	-0.050	0.000	18.90829659
2.050	-0.050	0.000	18.85650635
2.150	-0.050	0.000	18.69656944
2.250	-0.050	0.000	18.81223679
2.350	-0.050	0.000	18.76466560
2.450	-0.050	0.000	19.00674629
-2.450	0.050	0.000	19.98518372
-2.350	0.050	0.000	20.12693787
-2.250	0.050	0.000	19.07116508
-2.150	0.050	0.000	19.12893677
-2.050	0.050	0.000	19.17472076
-1.950	0.050	0.000	19.56309319
-1.850	0.050	0.000	20.02876282
-1.750	0.050	0.000	20.14479065
-1.650	0.050	0.000	20.04030228
-1.550	0.050	0.000	19.70624161
-1.450	0.050	0.000	19.27676201
-1.350	0.050	0.000	18.98628998
-1.250	0.050	0.000	18.78900528
-1.150	0.050	0.000	18.62415314
-1.050	0.050	0.000	18.41963196
-0.950	0.050	0.000	18.11315727
-0.850	0.050	0.000	17.74278259
-0.750	0.050	0.000	17.37871361
-0.650	0.050	0.000	17.03092575
-0.550	0.050	0.000	16.68200874
-0.450	0.050	0.000	16.36226845
-0.350	0.050	0.000	16.11473846
-0.250	0.050	0.000	15.99635696
-0.150	0.050	0.000	16.03790665
-0.050	0.050	0.000	16.16824722
0.050	0.050	0.000	16.35398102
0.150	0.050	0.000	16.56731224
0.250	0.050	0.000	16.73372650
0.350	0.050	0.000	16.84869957
0.450	0.050	0.000	16.82409286
0.550	0.050	0.000	16.75245285
0.650	0.050	0.000	16.71743202
0.750	0.050	0.000	16.78384781
0.850	0.050	0.000	16.96546936
0.950	0.050	0.000	17.22012711
1.050	0.050	0.000	17.47241402
1.150	0.050	0.000	17.71263885
1.250	0.050	0.000	17.93181992
1.350	0.050	0.000	18.16487503
1.450	0.050	0.000	18.37038612
1.550	0.050	0.000	18.58288193
1.650	0.050	0.000	18.72756195
1.750	0.050	0.000	18.86590958
1.850	0.050	0.000	18.89893723
1.950	0.050	0.000	18.87918091
2.050	0.050	0.000	18.86517334
2.150	0.050	0.000	18.73550224
2.250	0.050	0.000	18.91127396
2.350	0.050	0.000	18.92131424
2.450	0.050	0.000	19.14989090
-2.450	0.150	0.000	19.56171227
-2.350	0.150	0.000	19.56900406
-2.250	0.150	0.000	18.52220535
-2.150	0.150	0.000	18.56194687
-2.050	0.150	0.000	18.55071831
-1.950	0.150	0.000	18.92569160
-1.850	0.150	0.000	19.39614487
-1.750	0.150	0.000	19.63668251
-1.650	0.150	0.000	19.65245628
-1.550	0.150	0.000	19.34067154
-1.450	0.150	0.000	18.89975166
-1.350	0.150	0.000	18.55637550
-1.250	0.150	0.000	18.30808830
-1.150	0.150	0.000	18.12447357
-1.050	0.150	0.000	17.94546509
-0.950	0.150	0.000	17.68036842
-0.850	0.150	0.000	17.35433388
-0.750	0.150	0.000	17.01938438
-0.650	0.150	0.000	16.71289825
-0.550	0.150	0.000	16.40647125
-0.450	0.150	0.000	16.12021637
-0.350	0.150	0.000	15.89376831
-0.250	0.150	0.000	15.77737808
-0.150	0.150	0.000	15.81516266
-0.050	0.150	0.000	15.91414642
0.050	0.150	0.000	16.08576965
0.150	0.150	0.000	16.29164505
0.250	0.150	0.000	16.46348572
0.350	0.150	0.000	16.60633850
0.450	0.150	0.000	16.60455322
0.550	0.150	0.000	16.55298233
0.650	0.150	0.000	16.52605629
0.750	0.150	0.000	16.59113312
0.850	0.150	0.000	16.78198242
0.950	0.150	0.000	17.06221771
1.050	0.150	0.000	17.35415268
1.150	0.150	0.000	17.62437439
1.250	0.150	0.000	17.85931015
1.350	0.150	0.000	18.08961296
1.450	0.150	0.000	18.28322220
1.550	0.150	0.000	18.48019409
1.650	0.150	0.000	18.61579132
1.750	0.150	0.000	18.74870110
1.850	0.150	0.000	18.76303291
1.950	0.150	0.000	18.73047256
2.050	0.150	0.000	18.73136520
2.150	0.150	0.000	18.63438797
2.250	0.150	0.000	18.81459045
2.350	0.150	0.000	18.81874466
2.450	0.150	0.000	19.00065613
-2.450	0.250	0.000	19.09266663
-2.350	0.250	0.000	19.01102257
-2.250	0.250	0.000	18.00374603
-2.150	0.250	0.000	18.00524902
-2.050	0.250	0.000	17.91315651
-1.950	0.250	0.000	18.28274918
-1.850	0.250	0.000	18.72210312
-1.750	0.250	0.000	19.07198143
-1.650	0.250	0.000	19.20123863
-1.550	0.250	0.000	18.97311020
-1.450	0.250	0.000	18.58140564
-1.350	0.250	0.000	18.20453262
-1.250	0.250	0.000	17.91293335
-1.150	0.250	0.000	17.72233582
-1.050	0.250	0.000	17.59069633
-0.950	0.250	0.000	17.41913223
-0.850	0.250	0.000	17.22332573
-0.750	0.250	0.000	17.01594925
-0.650	0.250	0.000	16.79793167
-0.550	0.250	0.000	16.55014801
-0.450	0.250	0.000	16.29163742
-0.350	0.250	0.000	16.07202721
-0.250	0.250	0.000	15.90905380
-0.150	0.250	0.000	15.85371399
-0.050	0.250	0.000	15.85371590
0.050	0.250	0.000	15.95155716
0.150	0.250	0.000	16.12079239
0.250	0.250	0.000	16.30149078
0.350	0.250	0.000	16.46401215
0.450	0.250	0.000	16.48378754
0.550	0.250	0.000	16.44332504
0.650	0.250	0.000	16.41702461
0.750	0.250	0.000	16.46780777
0.850	0.250	0.000	16.64189911
0.950	0.250	0.000	16.90994263
1.050	0.250	0.000	17.21272087
1.150	0.250	0.000	17.50938034
1.250	0.250	0.000	17.76048660
1.350	0.250	0.000	17.99618912
1.450	0.250	0.000	18.18420792
1.550	0.250	0.000	18.37918091
1.650	0.250	0.000	18.50645828
1.750	0.250	0.000	18.63793945
1.850	0.250	0.000	18.67496681
1.950	0.250	0.000	18.64649963
2.050	0.250	0.000	18.67881012
2.150	0.250	0.000	18.64169121
2.250	0.250	0.000	18.86623764
2.350	0.250	0.000	18.93312836
2.450	0.250	0.000	19.18595505
-2.450	0.350	0.000	18.64734077
-2.350	0.350	0.000	18.51070786
-2.250	0.350	0.000	17.55637741
-2.150	0.350	0.000	17.54532623
-2.050	0.350	0.000	17.36105919
-1.950	0.350	0.000	17.73088455
-1.850	0.350	0.000	18.11904907
-1.750	0.350	0.000	18.54163742
-1.650	0.350	0.000	18.76147461
-1.550	0.350	0.000	18.65521240
-1.450	0.350	0.000	18.36433792
-1.350	0.350	0.000	17.96011353
-1.250	0.350	0.000	17.62361336
-1.150	0.350	0.000	17.39941025
-1.050	0.350	0.000	17.25834274
-0.950	0.350	0.000	17.13829422
-0.850	0.350	0.000	17.01000214
-0.750	0.350	0.000	16.84867668
-0.650	0.350	0.000	16.66134644
-0.550	0.350	0.000	16.44871902
-0.450	0.350	0.000	16.23003578
-0.350	0.350	0.000	16.01461792
-0.250	0.350	0.000	15.84014130
-0.150	0.350	0.000	15.75557327
-0.050	0.350	0.000	15.74853134
0.050	0.350	0.000	15.82883453
0.150	0.350	0.000	15.99760056
0.250	0.350	0.000	16.17401886
0.350	0.350	0.000	16.35260582
0.450	0.350	0.000	16.39572144
0.550	0.350	0.000	16.35472488
0.650	0.350	0.000	16.31143951
0.750	0.350	0.000	16.34177780
0.850	0.350	0.000	16.50123978
0.950	0.350	0.000	16.76892090
1.050	0.350	0.000	17.08346939
1.150	0.350	0.000	17.39645576
1.250	0.350	0.000	17.66093063
1.350	0.350	0.000	17.91268539
1.450	0.350	0.000	18.12408447
1.550	0.350	0.000	18.33670235
1.650	0.350	0.000	18.46258926
1.750	0.350	0.000	18.58477020
1.850	0.350	0.000	18.61703491
1.950	0.350	0.000	18.58596420
2.050	0.350	0.000	18.63322067
2.150	0.350	0.000	18.64329910
2.250	0.350	0.000	18.87556076
2.350	0.350	0.000	18.93855286
2.450	0.350	0.000	19.06443596
-2.450	0.450	0.000	18.25151825
-2.350	0.450	0.000	18.08914185
-2.250	0.450	0.000	17.23059464
-2.150	0.450	0.000	17.18628693
-2.050	0.450	0.000	16.95984650
-1.950	0.450	0.000	17.32683945
-1.850	0.450	0.000	17.66256332
-1.750	0.450	0.000	18.11209106
-1.650	0.450	0.000	18.44378090
-1.550	0.450	0.000	18.51133537
-1.450	0.450	0.000	18.36943626
-1.350	0.450	0.000	18.03396034
-1.250	0.450	0.000	17.74273682
-1.150	0.450	0.000	17.52011871
-1.050	0.450	0.000	17.41814041
-0.950	0.450	0.000	17.39402771
-0.850	0.450	0.000	17.34414291
-0.750	0.450	0.000	17.23066711
-0.650	0.450	0.000	17.05178833
-0.550	0.450	0.000	16.79578400
-0.450	0.450	0.000	16.51313782
-0.350	0.450	0.000	16.22434235
-0.250	0.450	0.000	15.99110413
-0.150	0.450	0.000	15.86781311
-0.050	0.450	0.000	15.85136032
0.050	0.450	0.000	15.92820740
0.150	0.450	0.000	16.09223747
0.250	0.450	0.000	16.25933838
0.350	0.450	0.000	16.40715408
0.450	0.450	0.000	16.42368317
0.550	0.450	0.000	16.35666656
0.650	0.450	0.000	16.28587723
0.750	0.450	0.000	16.27449799
0.850	0.450	0.000	16.39142990
0.950	0.450	0.000	16.63649178
1.050	0.450	0.000	16.94263840
1.150	0.450	0.000	17.25927734
1.250	0.450	0.000	17.53162766
1.350	0.450	0.000	17.79043770
1.450	0.450	0.000	18.01025391
1.550	0.450	0.000	18.23939133
1.650	0.450	0.000	18.38085175
1.750	0.450	0.000	18.51330185
1.850	0.450	0.000	18.54877090
1.950	0.450	0.000	18.55060387
2.050	0.450	0.000	18.64882660
2.150	0.450	0.000	18.75519753
2.250	0.450	0.000	19.04858398
2.350	0.450	0.000	19.14815521
2.450	0.450	0.000	19.18889618
-2.450	0.550	0.000	18.00291443
-2.350	0.550	0.000	17.83406448
-2.250	0.550	0.000	17.06597710
-2.150	0.550	0.000	16.98955917
-2.050	0.550	0.000	16.75801086
-1.950	0.550	0.000	17.03429031
-1.850	0.550	0.000	17.31563568
-1.750	0.550	0.000	17.75113678
-1.650	0.550	0.000	18.12326241
-1.550	0.550	0.000	18.30479050
-1.450	0.550	0.000	18.29266739
-1.350	0.550	0.000	18.08162498
-1.250	0.550	0.000	17.80972290
-1.150	0.550	0.000	17.57364845
-1.050	0.550	0.000	17.48615074
-0.950	0.550	0.000	17.50989914
-0.850	0.550	0.000	17.57036400
-0.750	0.550	0.000	17.58509064
-0.650	0.550	0.000	17.48530388
-0.550	0.550	0.000	17.22305679
-0.450	0.550	0.000	16.85666466
-0.350	0.550	0.000	16.47943115
-0.250	0.550	0.000	16.18161011
-0.150	0.550	0.000	16.00321198
-0.050	0.550	0.000	15.95822906
0.050	0.550	0.000	16.01338959
0.150	0.550	0.000	16.14905167
0.250	0.550	0.000	16.29408264
0.350	0.550	0.000	16.41240692
0.450	0.550	0.000	16.40851974
0.550	0.550	0.000	16.32271957
0.650	0.550	0.000	16.22364044
0.750	0.550	0.000	16.17745972
0.850	0.550	0.000	16.25242424
0.950	0.550	0.000	16.45783234
1.050	0.550	0.000	16.73990631
1.150	0.550	0.000	17.04642105
1.250	0.550	0.000	17.31210136
1.350	0.550	0.000	17.56787682
1.450	0.550	0.000	17.80385780
1.550	0.550	0.000	18.06263924
1.650	0.550	0.000	18.23219681
1.750	0.550	0.000	18.37875366
1.850	0.550	0.000	18.44389153
1.950	0.550	0.000	18.47701645
2.050	0.550	0.000	18.61398315
2.150	0.550	0.000	18.78683853
2.250	0.550	0.000	19.05862808
2.350	0.550	0.000	19.16024017
2.450	0.550	0.000	19.12397766
-2.450	0.650	0.000	17.80207062
-2.350	0.650	0.000	17.63343811
-2.250	0.650	0.000	16.96540260
-2.150	0.650	0.000	16.86489105
-2.050	0.650	0.000	16.68345642
-1.950	0.650	0.000	16.93710518
-1.850	0.650	0.000	17.26171112
-1.750	0.650	0.000	17.65262032
-1.650	0.650	0.000	18.04968834
-1.550	0.650	0.000	18.36612320
-1.450	0.650	0.000	18.43914604
-1.350	0.650	0.000	18.39992523
-1.250	0.650	0.000	18.20939636
-1.150	0.650	0.000	18.02989578
-1.050	0.650	0.000	17.95146179
-0.950	0.650	0.000	17.95980644
-0.850	0.650	0.000	17.99468613
-0.750	0.650	0.000	18.01045036
-0.650	0.650	0.000	17.86656952
-0.550	0.650	0.000	17.55986023
-0.450	0.650	0.000	17.14159584
-0.350	0.650	0.000	16.74454498
-0.250	0.650	0.000	16.45064735
-0.150	0.650	0.000	16.27920151
-0.050	0.650	0.000	16.21847153
0.050	0.650	0.000	16.24695206
0.150	0.650	0.000	16.33166122
0.250	0.650	0.000	16.46146774
0.350	0.650	0.000	16.55025864
0.450	0.650	0.000	16.54918861
0.550	0.650	0.000	16.48533249
0.650	0.650	0.000	16.40139771
0.750	0.650	0.000	16.34831238
0.850	0.650	0.000	16.38451385
0.950	0.650	0.000	16.52092552
1.050	0.650	0.000	16.74481010
1.150	0.650	0.000	17.02861786
1.250	0.650	0.000	17.29698181
1.350	0.650	0.000	17.55596161
1.450	0.650	0.000	17.79041290
1.550	0.650	0.000	18.03989601
1.650	0.650	0.000	18.19879150
1.750	0.650	0.000	18.32444382
1.850	0.650	0.000	18.40169525
1.950	0.650	0.000	18.47258186
2.050	0.650	0.000	18.62150955
2.150	0.650	0.000	18.78859329
2.250	0.650	0.000	19.02948380
2.350	0.650	0.000	19.12816620
2.450	0.650	0.000	19.01811600
-2.450	0.750	0.000	17.82097244
-2.350	0.750	0.000	17.63296127
-2.250	0.750	0.000	17.01109314
-2.150	0.750	0.000	16.91267395
-2.050	0.750	0.000	16.74478912
-1.950	0.750	0.000	16.93397903
-1.850	0.750	0.000	17.23190689
-1.750	0.750	0.000	17.60305595
-1.650	0.750	0.000	18.05187607
-1.550	0.750	0.000	18.47257996
-1.450	0.750	0.000	18.74567413
-1.350	0.750	0.000	18.82319260
-1.250	0.750	0.000	18.75419998
-1.150	0.750	0.000	18.59054184
-1.050	0.750	0.000	18.48945045
-0.950	0.750	0.000	18.47427559
-0.850	0.750	0.000	18.50019073
-0.750	0.750	0.000	18.47813416
-0.650	0.750	0.000	18.25955009
-0.550	0.750	0.000	17.87542915
-0.450	0.750	0.000	17.40950394
-0.350	0.750	0.000	16.98409462
-0.250	0.750	0.000	16.68071365
-0.150	0.750	0.000	16.51667023
-0.050	0.750	0.000	16.47327423
0.050	0.750	0.000	16.48032761
0.150	0.750	0.000	16.51337814
0.250	0.750	0.000	16.57247925
0.350	0.750	0.000	16.58794785
0.450	0.750	0.000	16.56275558
0.550	0.750	0.000	16.50931549
0.650	0.750	0.000	16.43111229
0.750	0.750	0.000	16.36465836
0.850	0.750	0.000	16.38101578
0.950	0.750	0.000	16.48911285
1.050	0.750	0.000	16.67708778
1.150	0.750	0.000	16.92617416
1.250	0.750	0.000	17.16380692
1.350	0.750	0.000	17.39352989
1.450	0.750	0.000	17.62606430
1.550	0.750	0.000	17.90559387
1.650	0.750	0.000	18.10704041
1.750	0.750	0.000	18.28265953
1.850	0.750	0.000	18.42880440
1.950	0.750	0.000	18.52718353
2.050	0.750	0.000	18.68587875
2.150	0.750	0.000	18.84264374
2.250	0.750	0.000	18.98818970
2.350	0.750	0.000	19.05225754
2.450	0.750	0.000	18.84363365
-2.450	0.850	0.000	17.89346695
-2.350	0.850	0.000	17.67765045
-2.250	0.850	0.000	17.06464005
-2.150	0.850	0.000	16.93631554
-2.050	0.850	0.000	16.76460648
-1.950	0.850	0.000	16.89616203
-1.850	0.850	0.000	17.15996933
-1.750	0.850	0.000	17.47222519
-1.650	0.850	0.000	17.90682220
-1.550	0.850	0.000	18.38517380
-1.450	0.850	0.000	18.84612656
-1.350	0.850	0.000	19.18830490
-1.250	0.850	0.000	19.24776459
-1.150	0.850	0.000	19.12375450
-1.050	0.850	0.000	18.93512344
-0.950	0.850	0.000	18.70857620
-0.850	0.850	0.000	18.57067490
-0.750	0.850	0.000	18.46562195
-0.650	0.850	0.000	18.32898331
-0.550	0.850	0.000	18.00176239
-0.450	0.850	0.000	17.59293365
-0.350	0.850	0.000	17.19343948
-0.250	0.850	0.000	16.89000320
-0.150	0.850	0.000	16.70354843
-0.050	0.850	0.000	16.60831451
0.050	0.850	0.000	16.57690048
0.150	0.850	0.000	16.58472061
0.250	0.850	0.000	16.61759949
0.350	0.850	0.000	16.67527390
0.450	0.850	0.000	16.69227600
0.550	0.850	0.000	16.66072464
0.650	0.850	0.000	16.60030937
0.750	0.850	0.000	16.54812241
0.850	0.850	0.000	16.56797791
0.950	0.850	0.000	16.67834854
1.050	0.850	0.000	16.86703110
1.150	0.850	0.000	17.11496925
1.250	0.850	0.000	17.33887863
1.350	0.850	0.000	17.55462646
1.450	0.850	0.000	17.78252411
1.550	0.850	0.000	18.06927109
1.650	0.850	0.000	18.28581238
1.750	0.850	0.000	18.46970367
1.850	0.850	0.000	18.60336685
1.950	0.850	0.000	18.65232658
2.050	0.850	0.000	18.77255249
2.150	0.850	0.000	18.88907623
2.250	0.850	0.000	18.99354362
2.350	0.850	0.000	19.03771591
2.450	0.850	0.000	18.85380554
-2.450	0.950	0.000	17.72727585
-2.350	0.950	0.000	17.49505424
-2.250	0.950	0.000	16.91891861
-2.150	0.950	0.000	16.80744171
-2.050	0.950	0.000	16.65095520
-1.950	0.950	0.000	16.79663849
-1.850	0.950	0.000	17.04744720
-1.750	0.950	0.000	17.35311127
-1.650	0.950	0.000	17.76635361
-1.550	0.950	0.000	18.28254318
-1.450	0.950	0.000	18.88663101
-1.350	0.950	0.000	19.45446777
-1.250	0.950	0.000	19.78361511
-1.150	0.950	0.000	19.72297859
-1.050	0.950	0.000	19.44898987
-0.950	0.950	0.000	19.10578537
-0.850	0.950	0.000	18.76128769
-0.750	0.950	0.000	18.50284576
-0.650	0.950	0.000	18.28087425
-0.550	0.950	0.000	18.02346230
-0.450	0.950	0.000	17.67601776
-0.350	0.950	0.000	17.34477615
-0.250	0.950	0.000	17.07548523
-0.150	0.950	0.000	16.87924385
-0.050	0.950	0.000	16.73918915
0.050	0.950	0.000	16.65440941
0.150	0.950	0.000	16.63516617
0.250	0.950	0.000	16.67953873
0.350	0.950	0.000	16.74033737
0.450	0.950	0.000	16.78576279
0.550	0.950	0.000	16.79918289
0.650	0.950	0.000	16.77326584
0.750	0.950	0.000	16.72671509
0.850	0.950	0.000	16.71966553
0.950	0.950	0.000	16.77418327
1.050	0.950	0.000	16.90555763
1.150	0.950	0.000	17.11484909
1.250	0.950	0.000	17.33533478
1.350	0.950	0.000	17.54295731
1.450	0.950	0.000	17.73662567
1.550	0.950	0.000	17.99708939
1.650	0.950	0.000	18.23332596
1.750	0.950	0.000	18.47745132
1.850	0.950	0.000	18.69637680
1.950	0.950	0.000	18.80614090
2.050	0.950	0.000	18.96907806
2.150	0.950	0.000	19.04214478
2.250	0.950	0.000	19.09011078
2.350	0.950	0.000	19.10008812
2.450	0.950	0.000	18.90295410
-2.450	1.050	0.000	17.61792183
-2.350	1.050	0.000	17.36275482
-2.250	1.050	0.000	16.76946259
-2.150	1.050	0.000	16.60102081
-2.050	1.050	0.000	16.40673447
-1.950	1.050	0.000	16.50675011
-1.850	1.050	0.000	16.68209648
-1.750	1.050	0.000	16.96080017
-1.650	1.050	0.000	17.33458710
-1.550	1.050	0.000	17.81326103
-1.450	1.050	0.000	18.47675896
-1.350	1.050	0.000	19.22605896
-1.250	1.050	0.000	19.85919189
-1.150	1.050	0.000	20.10711479
-1.050	1.050	0.000	19.89693069
-0.950	1.050	0.000	19.42108345
-0.850	1.050	0.000	18.90882111
-0.750	1.050	0.000	18.51445770
-0.650	1.050	0.000	18.24174881
-0.550	1.050	0.000	17.94422150
-0.450	1.050	0.000	17.64887619
-0.350	1.050	0.000	17.34572601
-0.250	1.050	0.000	17.09036446
-0.150	1.050	0.000	16.90216064
-0.050	1.050	0.000	16.77758789
0.050	1.050	0.000	16.70888138
0.150	1.050	0.000	16.68730927
0.250	1.050	0.000	16.71290016
0.350	1.050	0.000	16.76547241
0.450	1.050	0.000	16.80526352
0.550	1.050	0.000	16.82428360
0.650	1.050	0.000	16.83215714
0.750	1.050	0.000	16.84261322
0.850	1.050	0.000	16.88813400
0.950	1.050	0.000	16.98743629
1.050	1.050	0.000	17.14807320
1.150	1.050	0.000	17.37477112
1.250	1.050	0.000	17.62077522
1.350	1.050	0.000	17.87739372
1.450	1.050	0.000	18.09650040
1.550	1.050	0.000	18.32410049
1.650	1.050	0.000	18.49500656
1.750	1.050	0.000	18.65585899
1.850	1.050	0.000	18.79268646
1.950	1.050	0.000	18.81968307
2.050	1.050	0.000	18.96992302
2.150	1.050	0.000	19.02124786
2.250	1.050	0.000	19.07281494
2.350	1.050	0.000	19.02217102
2.450	1.050	0.000	18.83022308
-2.450	1.150	0.000	17.47464561
-2.350	1.150	0.000	17.27269745
-2.250	1.150	0.000	16.69649506
-2.150	1.150	0.000	16.48858833
-2.050	1.150	0.000	16.26449203
-1.950	1.150	0.000	16.31795120
-1.850	1.150	0.000	16.41979980
-1.750	1.150	0.000	16.66279221
-1.650	1.150	0.000	16.95817566
-1.550	1.150	0.000	17.36442184
-1.450	1.150	0.000	17.99000168
-1.350	1.150	0.000	18.75201035
-1.250	1.150	0.000	19.51945114
-1.150	1.150	0.000	20.03316689
-1.050	1.150	0.000	20.04262543
-0.950	1.150	0.000	19.64387894
-0.850	1.150	0.000	19.05904007
-0.750	1.150	0.000	18.56867981
-0.650	1.150	0.000	18.05544853
-0.550	1.150	0.000	17.73456573
-0.450	1.150	0.000	17.49542236
-0.350	1.150	0.000	17.25915718
-0.250	1.150	0.000	16.98902702
-0.150	1.150	0.000	16.80481148
-0.050	1.150	0.000	16.70295334
0.050	1.150	0.000	16.66568565
0.150	1.150	0.000	16.68373108
0.250	1.150	0.000	16.74672318
0.350	1.150	0.000	16.81792068
0.450	1.150	0.000	16.87740326
0.550	1.150	0.000	16.91510773
0.650	1.150	0.000	16.93745232
0.750	1.150	0.000	16.95799065
0.850	1.150	0.000	17.01059723
0.950	1.150	0.000	17.11938095
1.050	1.150	0.000	17.29623413
1.150	1.150	0.000	17.54013824
1.250	1.150	0.000	17.80478287
1.350	1.150	0.000	18.07121086
1.450	1.150	0.000	18.28998184
1.550	1.150	0.000	18.48851585
1.650	1.150	0.000	18.61488152
1.750	1.150	0.000	18.69848633
1.850	1.150	0.000	18.74991608
1.950	1.150	0.000	18.72475433
2.050	1.150	0.000	18.83401108
2.150	1.150	0.000	18.87846756
2.250	1.150	0.000	19.01350403
2.350	1.150	0.000	18.99193192
2.450	1.150	0.000	18.85784912
-2.450	1.250	0.000	17.29960632
-2.350	1.250	0.000	17.09057808
-2.250	1.250	0.000	16.48329735
-2.150	1.250	0.000	16.25428009
-2.050	1.250	0.000	16.04753304
-1.950	1.250	0.000	16.08599854
-1.850	1.250	0.000	16.18203354
-1.750	1.250	0.000	16.38866615
-1.650	1.250	0.000	16.66082573
-1.550	1.250	0.000	17.02648926
-1.450	1.250	0.000	17.56548309
-1.350	1.250	0.000	18.26609421
-1.250	1.250	0.000	19.04849625
-1.150	1.250	0.000	19.74987793
-1.050	1.250	0.000	20.15826035
-0.950	1.250	0.000	20.11989212
-0.850	1.250	0.000	19.75099945
-0.750	1.250	0.000	19.11970901
-0.650	1.250	0.000	18.54957962
-0.550	1.250	0.000	17.99934578
-0.450	1.250	0.000	17.57242584
-0.350	1.250	0.000	17.20798492
-0.250	1.250	0.000	16.93943214
-0.150	1.250	0.000	16.78147125
-0.050	1.250	0.000	16.71117020
0.050	1.250	0.000	16.69277573
0.150	1.250	0.000	16.71755981
0.250	1.250	0.000	16.78289413
0.350	1.250	0.000	16.87556839
0.450	1.250	0.000	16.97036743
0.550	1.250	0.000	17.04888344
0.650	1.250	0.000	17.11562538
0.750	1.250	0.000	17.18667603
0.850	1.250	0.000	17.29225159
0.950	1.250	0.000	17.43443871
1.050	1.250	0.000	17.61805534
1.150	1.250	0.000	17.85847092
1.250	1.250	0.000	18.13346100
1.350	1.250	0.000	18.44704437
1.450	1.250	0.000	18.71912384
1.550	1.250	0.000	18.92216873
1.650	1.250	0.000	19.01862526
1.750	1.250	0.000	19.04190826
1.850	1.250	0.000	18.98951340
1.950	1.250	0.000	18.81221962
2.050	1.250	0.000	18.80568314
2.150	1.250	0.000	18.76146698
2.250	1.250	0.000	18.89143944
2.350	1.250	0.000	18.86375046
2.450	1.250	0.000	18.80967712
-2.450	1.350	0.000	17.47411346
-2.350	1.350	0.000	17.24621773
-2.250	1.350	0.000	16.60346985
-2.150	1.350	0.000	16.29146004
-2.050	1.350	0.000	15.97456360
-1.950	1.350	0.000	15.90322495
-1.850	1.350	0.000	15.92918777
-1.750	1.350	0.000	16.05090332
-1.650	1.350	0.000	16.29982376
-1.550	1.350	0.000	16.61493683
-1.450	1.350	0.000	17.03328133
-1.350	1.350	0.000	17.66293335
-1.250	1.350	0.000	18.44200516
-1.150	1.350	0.000	19.28299904
-1.050	1.350	0.000	19.94783401
-0.950	1.350	0.000	20.19588089
-0.850	1.350	0.000	19.99981308
-0.750	1.350	0.000	19.63961601
-0.650	1.350	0.000	19.17832184
-0.550	1.350	0.000	18.55137825
-0.450	1.350	0.000	17.98858452
-0.350	1.350	0.000	17.45436859
-0.250	1.350	0.000	17.06899452
-0.150	1.350	0.000	16.83802414
-0.050	1.350	0.000	16.71424866
0.050	1.350	0.000	16.67079163
0.150	1.350	0.000	16.68398094
0.250	1.350	0.000	16.74697113
0.350	1.350	0.000	16.81818390
0.450	1.350	0.000	16.90697670
0.550	1.350	0.000	17.01562309
0.650	1.350	0.000	17.14571571
0.750	1.350	0.000	17.30128479
0.850	1.350	0.000	17.48367310
0.950	1.350	0.000	17.67760086
1.050	1.350	0.000	17.89665794
1.150	1.350	0.000	18.14834595
1.250	1.350	0.000	18.40410233
1.350	1.350	0.000	18.67304611
1.450	1.350	0.000	18.92092705
1.550	1.350	0.000	19.08431816
1.650	1.350	0.000	19.10575104
1.750	1.350	0.000	19.03940964
1.850	1.350	0.000	18.88071251
1.950	1.350	0.000	18.66152573
2.050	1.350	0.000	18.65131950
2.150	1.350	0.000	18.64020157
2.250	1.350	0.000	18.91626930
2.350	1.350	0.000	18.92609024
2.450	1.350	0.000	19.00709534
-2.450	1.450	0.000	17.96455383
-2.350	1.450	0.000	17.75160980
-2.250	1.450	0.000	17.09297562
-2.150	1.450	0.000	16.75537109
-2.050	1.450	0.000	16.39789200
-1.950	1.450	0.000	16.26271057
-1.850	1.450	0.000	16.25363541
-1.750	1.450	0.000	16.29765320
-1.650	1.450	0.000	16.40996933
-1.550	1.450	0.000	16.57464600
-1.450	1.450	0.000	16.84242249
-1.350	1.450	0.000	17.31270981
-1.250	1.450	0.000	17.93191147
-1.150	1.450	0.000	18.71084595
-1.050	1.450	0.000	19.50969315
-0.950	1.450	0.000	20.15625572
-0.850	1.450	0.000	20.44889832
-0.750	1.450	0.000	20.22444153
-0.650	1.450	0.000	19.74683571
-0.550	1.450	0.000	19.07194901
-0.450	1.450	0.000	18.44543457
-0.350	1.450	0.000	17.87158394
-0.250	1.450	0.000	17.40847778
-0.150	1.450	0.000	17.11807442
-0.050	1.450	0.000	16.97562027
0.050	1.450	0.000	16.92930222
0.150	1.450	0.000	16.94643021
0.250	1.450	0.000	17.00983810
0.350	1.450	0.000	17.09827042
0.450	1.450	0.000	17.19912720
0.550	1.450	0.000	17.29288483
0.650	1.450	0.000	17.38824654
0.750	1.450	0.000	17.50334549
0.850	1.450	0.000	17.66100311
0.950	1.450	0.000	17.88240623
1.050	1.450	0.000	18.15874481
1.150	1.450	0.000	18.44792938
1.250	1.450	0.000	18.68328667
1.350	1.450	0.000	18.87216187
1.450	1.450	0.000	19.03739166
1.550	1.450	0.000	19.20326614
1.650	1.450	0.000	19.29784012
1.750	1.450	0.000	19.29834366
1.850	1.450	0.000	19.17545509
1.950	1.450	0.000	18.93656921
2.050	1.450	0.000	18.93325043
2.150	1.450	0.000	18.83837128
2.250	1.450	0.000	18.94994736
2.350	1.450	0.000	18.88556671
2.450	1.450	0.000	18.93802834
-2.450	1.550	0.000	18.04689026
-2.350	1.550	0.000	17.83149338
-2.250	1.550	0.000	17.20442200
-2.150	1.550	0.000	16.90921783
-2.050	1.550	0.000	16.61594582
-1.950	1.550	0.000	16.54206467
-1.850	1.550	0.000	16.57945061
-1.750	1.550	0.000	16.60226059
-1.650	1.550	0.000	16.64585686
-1.550	1.550	0.000	16.71651649
-1.450	1.550	0.000	16.86730003
-1.350	1.550	0.000	17.14735031
-1.250	1.550	0.000	17.61493301
-1.150	1.550	0.000	18.21065903
-1.050	1.550	0.000	18.88449478
-0.950	1.550	0.000	19.52923584
-0.850	1.550	0.000	19.89988708
-0.750	1.550	0.000	19.88889313
-0.650	1.550	0.000	19.57214737
-0.550	1.550	0.000	19.03249741
-0.450	1.550	0.000	18.47340012
-0.350	1.550	0.000	17.97893524
-0.250	1.550	0.000	17.62928963
-0.150	1.550	0.000	17.39671135
-0.050	1.550	0.000	17.24388885
0.050	1.550	0.000	17.16468048
0.150	1.550	0.000	17.14142990
0.250	1.550	0.000	17.16388321
0.350	1.550	0.000	17.22205544
0.450	1.550	0.000	17.27663422
0.550	1.550	0.000	17.32729340
0.650	1.550	0.000	17.38169861
0.750	1.550	0.000	17.45237732
0.850	1.550	0.000	17.57650566
0.950	1.550	0.000	17.74319077
1.050	1.550	0.000	17.96628952
1.150	1.550	0.000	18.22690201
1.250	1.550	0.000	18.50300980
1.350	1.550	0.000	18.79175186
1.450	1.550	0.000	19.04866409
1.550	1.550	0.000	19.27718353
1.650	1.550	0.000	19.38891983
1.750	1.550	0.000	19.40357971
1.850	1.550	0.000	19.30627632
1.950	1.550	0.000	19.05305481
2.050	1.550	0.000	18.89663506
2.150	1.550	0.000	18.72206116
2.250	1.550	0.000	18.88134575
2.350	1.550	0.000	18.89637375
2.450	1.550	0.000	19.06839752
-2.450	1.650	0.000	18.23240662
-2.350	1.650	0.000	18.06447792
-2.250	1.650	0.000	17.47669220
-2.150	1.650	0.000	17.21272659
-2.050	1.650	0.000	16.94226074
-1.950	1.650	0.000	16.83650589
-1.850	1.650	0.000	16.81211281
-1.750	1.650	0.000	16.84107971
-1.650	1.650	0.000	16.89956665
-1.550	1.650	0.000	16.97784042
-1.450	1.650	0.000	17.09431648
-1.350	1.650	0.000	17.22659302
-1.250	1.650	0.000	17.52234268
-1.150	1.650	0.000	17.92708206
-1.050	1.650	0.000	18.42840004
-0.950	1.650	0.000	18.93561554
-0.850	1.650	0.000	19.33173370
-0.750	1.650	0.000	19.46675682
-0.650	1.650	0.000	19.45158386
-0.550	1.650	0.000	19.21163177
-0.450	1.650	0.000	18.86073303
-0.350	1.650	0.000	18.49294662
-0.250	1.650	0.000	18.18218613
-0.150	1.650	0.000	17.91971397
-0.050	1.650	0.000	17.75638962
0.050	1.650	0.000	17.66856003
0.150	1.650	0.000	17.63554955
0.250	1.650	0.000	17.63790894
0.350	1.650	0.000	17.66212082
0.450	1.650	0.000	17.69391632
0.550	1.650	0.000	17.69842720
0.650	1.650	0.000	17.66876602
0.750	1.650	0.000	17.65288544
0.850	1.650	0.000	17.70990372
0.950	1.650	0.000	17.86363029
1.050	1.650	0.000	18.05442810
1.150	1.650	0.000	18.25748444
1.250	1.650	0.000	18.48194885
1.350	1.650	0.000	18.72690582
1.450	1.650	0.000	18.95015144
1.550	1.650	0.000	19.08928108
1.650	1.650	0.000	19.15741348
1.750	1.650	0.000	19.18121338
1.850	1.650	0.000	19.20174026
1.950	1.650	0.000	19.09949875
2.050	1.650	0.000	19.15485001
2.150	1.650	0.000	19.03498650
2.250	1.650	0.000	19.05180359
2.350	1.650	0.000	18.87207222
2.450	1.650	0.000	18.88315201
-2.450	1.750	0.000	18.48979378
-2.350	1.750	0.000	18.47448349
-2.250	1.750	0.000	17.88816452
-2.150	1.750	0.000	17.56924438
-2.050	1.750	0.000	17.20637131
-1.950	1.750	0.000	17.05313492
-1.850	1.750	0.000	17.03567886
-1.750	1.750	0.000	17.00818062
-1.650	1.750	0.000	17.02815628
-1.550	1.750	0.000	17.04383087
-1.450	1.750	0.000	17.04227257
-1.350	1.750	0.000	17.07280350
-1.250	1.750	0.000	17.20667267
-1.150	1.750	0.000	17.48597527
-1.050	1.750	0.000	17.81322098
-0.950	1.750	0.000	18.15567780
-0.850	1.750	0.000	18.45720673
-0.750	1.750	0.000	18.62847519
-0.650	1.750	0.000	18.73532295
-0.550	1.750	0.000	18.79833412
-0.450	1.750	0.000	18.74098587
-0.350	1.750	0.000	18.58989716
-0.250	1.750	0.000	18.34229279
-0.150	1.750	0.000	18.08829117
-0.050	1.750	0.000	17.85625458
0.050	1.750	0.000	17.68621826
0.150	1.750	0.000	17.59342194
0.250	1.750	0.000	17.54802322
0.350	1.750	0.000	17.50253677
0.450	1.750	0.000	17.45250702
0.550	1.750	0.000	17.40790939
0.650	1.750	0.000	17.40544319
0.750	1.750	0.000	17.45261383
0.850	1.750	0.000	17.54386139
0.950	1.750	0.000	17.68658447
1.050	1.750	0.000	17.92282104
1.150	1.750	0.000	18.19513321
1.250	1.750	0.000	18.45133972
1.350	1.750	0.000	18.66304398
1.450	1.750	0.000	18.82242203
1.550	1.750	0.000	18.97615433
1.650	1.750	0.000	19.10787964
1.750	1.750	0.000	19.21274948
1.850	1.750	0.000	19.28562164
1.950	1.750	0.000	19.22765160
2.050	1.750	0.000	19.29005432
2.150	1.750	0.000	19.12915039
2.250	1.750	0.000	19.23667717
2.350	1.750	0.000	19.13206100
2.450	1.750	0.000	19.28437042
-2.450	1.850	0.000	18.88012695
-2.350	1.850	0.000	18.98217773
-2.250	1.850	0.000	18.45699310
-2.150	1.850	0.000	18.19203758
-2.050	1.850	0.000	17.87407303
-1.950	1.850	0.000	17.71390343
-1.850	1.850	0.000	17.61020660
-1.750	1.850	0.000	17.57132721
-1.650	1.850	0.000	17.54228783
-1.550	1.850	0.000	17.51074600
-1.450	1.850	0.000	17.47449875
-1.350	1.850	0.000	17.46547318
-1.250	1.850	0.000	17.51828766
-1.150	1.850	0.000	17.67417145
-1.050	1.850	0.000	17.87585449
-0.950	1.850	0.000	18.08428764
-0.850	1.850	0.000	18.26776123
-0.750	1.850	0.000	18.34947205
-0.650	1.850	0.000	18.39786148
-0.550	1.850	0.000	18.41210556
-0.450	1.850	0.000	18.38595390
-0.350	1.850	0.000	18.34235382
-0.250	1.850	0.000	18.24509048
-0.150	1.850	0.000	18.11270714
-0.050	1.850	0.000	17.99810219
0.050	1.850	0.000	17.90956497
0.150	1.850	0.000	17.83722687
0.250	1.850	0.000	17.78366852
0.350	1.850	0.000	17.73974991
0.450	1.850	0.000	17.68997383
0.550	1.850	0.000	17.64334679
0.650	1.850	0.000	17.59447861
0.750	1.850	0.000	17.55430222
0.850	1.850	0.000	17.57169724
0.950	1.850	0.000	17.68170166
1.050	1.850	0.000	17.90077972
1.150	1.850	0.000	18.16039467
1.250	1.850	0.000	18.40262985
1.350	1.850	0.000	18.59269333
1.450	1.850	0.000	18.75543213
1.550	1.850	0.000	18.89319801
1.650	1.850	0.000	18.95777512
1.750	1.850	0.000	18.99645615
1.850	1.850	0.000	19.06362915
1.950	1.850	0.000	19.06286621
2.050	1.850	0.000	19.25984955
2.150	1.850	0.000	19.25476456
2.250	1.850	0.000	19.38259888
2.350	1.850	0.000	19.24409866
2.450	1.850	0.000	19.27502060
-2.450	1.950	0.000	19.11201286
-2.350	1.950	0.000	19.18889618
-2.250	1.950	0.000	18.60681534
-2.150	1.950	0.000	18.35496521
-2.050	1.950	0.000	18.05914688
-1.950	1.950	0.000	17.81895256
-1.850	1.950	0.000	17.65803909
-1.750	1.950	0.000	17.57080078
-1.650	1.950	0.000	17.52293777
-1.550	1.950	0.000	17.50751877
-1.450	1.950	0.000	17.56388474
-1.350	1.950	0.000	17.59199142
-1.250	1.950	0.000	17.58723450
-1.150	1.950	0.000	17.60934448
-1.050	1.950	0.000	17.68001938
-0.950	1.950	0.000	17.77536774
-0.850	1.950	0.000	17.86641312
-0.750	1.950	0.000	17.89646530
-0.650	1.950	0.000	17.91297340
-0.550	1.950	0.000	17.92313004
-0.450	1.950	0.000	17.90208626
-0.350	1.950	0.000	17.88153839
-0.250	1.950	0.000	17.86080933
-0.150	1.950	0.000	17.84193993
-0.050	1.950	0.000	17.82305527
0.050	1.950	0.000	17.81007957
0.150	1.950	0.000	17.79205132
0.250	1.950	0.000	17.76583099
0.350	1.950	0.000	17.72831917
0.450	1.950	0.000	17.66946793
0.550	1.950	0.000	17.55911636
0.650	1.950	0.000	17.41578674
0.750	1.950	0.000	17.32518387
0.850	1.950	0.000	17.31739426
0.950	1.950	0.000	17.39969063
1.050	1.950	0.000	17.52244949
1.150	1.950	0.000	17.77841187
1.250	1.950	0.000	18.07405472
1.350	1.950	0.000	18.39341736
1.450	1.950	0.000	18.62412262
1.550	1.950	0.000	18.76542664
1.650	1.950	0.000	18.79299927
1.750	1.950	0.000	18.83296967
1.850	1.950	0.000	18.97506332
1.950	1.950	0.000	19.09126282
2.050	1.950	0.000	19.32167816
2.150	1.950	0.000	19.22396469
2.250	1.950	0.000	19.30866623
2.350	1.950	0.000	19.10970688
2.450	1.950	0.000	19.22224808
-2.450	2.050	0.000	20.08512115
-2.350	2.050	0.000	20.24070740
-2.250	2.050	0.000	19.57434654
-2.150	2.050	0.000	19.25951004
-2.050	2.050	0.000	18.84793472
-1.950	2.050	0.000	18.54146957
-1.850	2.050	0.000	18.31871033
-1.750	2.050	0.000	18.15494156
-1.650	2.050	0.000	18.05293655
-1.550	2.050	0.000	18.00201416
-1.450	2.050	0.000	17.99446106
-1.350	2.050	0.000	17.92640686
-1.250	2.050	0.000	17.85092735
-1.150	2.050	0.000	17.85017014
-1.050	2.050	0.000	17.90916061
-0.950	2.050	0.000	17.98185539
-0.850	2.050	0.000	18.01959991
-0.750	2.050	0.000	17.99014664
-0.650	2.050	0.000	17.92550659
-0.550	2.050	0.000	17.82417488
-0.450	2.050	0.000	17.72272491
-0.350	2.050	0.000	17.68124390
-0.250	2.050	0.000	17.69076538
-0.150	2.050	0.000	17.72546387
-0.050	2.050	0.000	17.79279709
0.050	2.050	0.000	17.85981369
0.150	2.050	0.000	17.90254211
0.250	2.050	0.000	17.91287994
0.350	2.050	0.000	17.88972282
0.450	2.050	0.000	17.84025764
0.550	2.050	0.000	17.74898911
0.650	2.050	0.000	17.64053726
0.750	2.050	0.000	17.55931473
0.850	2.050	0.000	17.52971268
0.950	2.050	0.000	17.57158661
1.050	2.050	0.000	17.68421936
1.150	2.050	0.000	17.89085770
1.250	2.050	0.000	18.12385178
1.350	2.050	0.000	18.29755020
1.450	2.050	0.000	18.43729401
1.550	2.050	0.000	18.54437828
1.650	2.050	0.000	18.65334702
1.750	2.050	0.000	18.65861130
1.850	2.050	0.000	18.62268829
1.950	2.050	0.000	18.63698769
2.050	2.050	0.000	18.86396027
2.150	2.050	0.000	18.87774658
2.250	2.050	0.000	18.90702438
2.350	2.050	0.000	18.73069572
2.450	2.050	0.000	18.63611603
-2.450	2.150	0.000	20.07149887
-2.350	2.150	0.000	20.33290863
-2.250	2.150	0.000	19.83233643
-2.150	2.150	0.000	19.57974243
-2.050	2.150	0.000	19.11669922
-1.950	2.150	0.000	18.79585266
-1.850	2.150	0.000	18.59139633
-1.750	2.150	0.000	18.43189621
-1.650	2.150	0.000	18.29757690
-1.550	2.150	0.000	18.18685913
-1.450	2.150	0.000	18.05449295
-1.350	2.150	0.000	17.90031433
-1.250	2.150	0.000	17.80179977
-1.150	2.150	0.000	17.80651283
-1.050	2.150	0.000	17.88070107
-0.950	2.150	0.000	17.94887161
-0.850	2.150	0.000	17.91704559
-0.750	2.150	0.000	17.79508591
-0.650	2.150	0.000	17.63112068
-0.550	2.150	0.000	17.44807434
-0.450	2.150	0.000	17.31594467
-0.350	2.150	0.000	17.25613785
-0.250	2.150	0.000	17.25983620
-0.150	2.150	0.000	17.31800461
-0.050	2.150	0.000	17.42969894
0.050	2.150	0.000	17.54677010
0.150	2.150	0.000	17.62172699
0.250	2.150	0.000	17.64894104
0.350	2.150	0.000	17.65059280
0.450	2.150	0.000	17.64847946
0.550	2.150	0.000	17.65305328
0.650	2.150	0.000	17.65678596
0.750	2.150	0.000	17.67005920
0.850	2.150	0.000	17.71370316
0.950	2.150	0.000	17.81404495
1.050	2.150	0.000	17.91234970
1.150	2.150	0.000	18.00001907
1.250	2.150	0.000	18.15637207
1.350	2.150	0.000	18.32293701
1.450	2.150	0.000	18.51181793
1.550	2.150	0.000	18.63966370
1.650	2.150	0.000	18.71323967
1.750	2.150	0.000	18.70948029
1.850	2.150	0.000	18.69605255
1.950	2.150	0.000	18.75934219
2.050	2.150	0.000	18.98025513
2.150	2.150	0.000	18.97827721
2.250	2.150	0.000	18.96832466
2.350	2.150	0.000	18.65296936
2.450	2.150	0.000	18.58711052
-2.450	2.250	0.000	20.41345978
-2.350	2.250	0.000	20.75958252
-2.250	2.250	0.000	20.43481827
-2.150	2.250	0.000	20.25662804
-2.050	2.250	0.000	19.84748077
-1.950	2.250	0.000	19.49581146
-1.850	2.250	0.000	19.25495529
-1.750	2.250	0.000	19.04997635
-1.650	2.250	0.000	18.87755966
-1.550	2.250	0.000	18.73440170
-1.450	2.250	0.000	18.57802200
-1.350	2.250	0.000	18.39393997
-1.250	2.250	0.000	18.26793861
-1.150	2.250	0.000	18.22716904
-1.050	2.250	0.000	18.21211624
-0.950	2.250	0.000	18.18149567
-0.850	2.250	0.000	18.10178375
-0.750	2.250	0.000	17.96556473
-0.650	2.250	0.000	17.82821274
-0.550	2.250	0.000	17.67839813
-0.450	2.250	0.000	17.54293442
-0.350	2.250	0.000	17.43870163
-0.250	2.250	0.000	17.39757919
-0.150	2.250	0.000	17.41765404
-0.050	2.250	0.000	17.47067642
0.050	2.250	0.000	17.53606224
0.150	2.250	0.000	17.58370972
0.250	2.250	0.000	17.60955048
0.350	2.250	0.000	17.62419128
0.450	2.250	0.000	17.64584732
0.550	2.250	0.000	17.69299126
0.650	2.250	0.000	17.75705719
0.750	2.250	0.000	17.83868980
0.850	2.250	0.000	17.94584656
0.950	2.250	0.000	18.04836273
1.050	2.250	0.000	18.17247963
1.150	2.250	0.000	18.28384972
1.250	2.250	0.000	18.36706543
1.350	2.250	0.000	18.40513611
1.450	2.250	0.000	18.46926498
1.550	2.250	0.000	18.53787613
1.650	2.250	0.000	18.58917999
1.750	2.250	0.000	18.67088509
1.850	2.250	0.000	18.69420052
1.950	2.250	0.000	18.73254776
2.050	2.250	0.000	18.92216301
2.150	2.250	0.000	19.07023239
2.250	2.250	0.000	19.19816208
2.350	2.250	0.000	19.01608658
2.450	2.250	0.000	18.84143448
-2.450	2.350	0.000	20.70041847
-2.350	2.350	0.000	21.06811142
-2.250	2.350	0.000	20.73833847
-2.150	2.350	0.000	20.47491074
-2.050	2.350	0.000	20.02602768
-1.950	2.350	0.000	19.64461327
-1.850	2.350	0.000	19.35305786
-1.750	2.350	0.000	19.10451698
-1.650	2.350	0.000	18.94389534
-1.550	2.350	0.000	18.80100060
-1.450	2.350	0.000	18.64247513
-1.350	2.350	0.000	18.45960617
-1.250	2.350	0.000	18.32123184
-1.150	2.350	0.000	18.19636154
-1.050	2.350	0.000	18.11060715
-0.950	2.350	0.000	18.07301331
-0.850	2.350	0.000	18.03152084
-0.750	2.350	0.000	17.94450760
-0.650	2.350	0.000	17.83119965
-0.550	2.350	0.000	17.68379211
-0.450	2.350	0.000	17.51252365
-0.350	2.350	0.000	17.36475372
-0.250	2.350	0.000	17.28683662
-0.150	2.350	0.000	17.25929260
-0.050	2.350	0.000	17.25915909
0.050	2.350	0.000	17.28379440
0.150	2.350	0.000	17.30555344
0.250	2.350	0.000	17.33760071
0.350	2.350	0.000	17.38526917
0.450	2.350	0.000	17.49670410
0.550	2.350	0.000	17.61949539
0.650	2.350	0.000	17.74309921
0.750	2.350	0.000	17.86672211
0.850	2.350	0.000	17.99464798
0.950	2.350	0.000	18.17430115
1.050	2.350	0.000	18.30683899
1.150	2.350	0.000	18.47478867
1.250	2.350	0.000	18.64084625
1.350	2.350	0.000	18.72289658
1.450	2.350	0.000	18.81335640
1.550	2.350	0.000	18.87083626
1.650	2.350	0.000	18.91468430
1.750	2.350	0.000	18.93644714
1.850	2.350	0.000	18.90106392
1.950	2.350	0.000	18.88806152
2.050	2.350	0.000	18.91210938
2.150	2.350	0.000	18.86791611
2.250	2.350	0.000	18.88548088
2.350	2.350	0.000	18.67419243
2.450	2.350	0.000	18.47237015
-2.450	2.450	0.000	21.63030243
-2.350	2.450	0.000	22.11557770
-2.250	2.450	0.000	21.87425423
-2.150	2.450	0.000	21.58688545
-2.050	2.450	0.000	21.07851982
-1.950	2.450	0.000	20.59775734
-1.850	2.450	0.000	20.20080757
-1.750	2.450	0.000	19.91584778
-1.650	2.450	0.000	19.75354385
-1.550	2.450	0.000	19.58190918
-1.450	2.450	0.000	19.39686203
-1.350	2.450	0.000	19.19852829
-1.250	2.450	0.000	19.01640892
-1.150	2.450	0.000	18.83986282
-1.050	2.450	0.000	18.71974945
-0.950	2.450	0.000	18.68011475
-0.850	2.450	0.000	18.67420387
-0.750	2.450	0.000	18.60896111
-0.650	2.450	0.000	18.47209358
-0.550	2.450	0.000	18.27172852
-0.450	2.450	0.000	18.05335617
-0.350	2.450	0.000	17.86475754
-0.250	2.450	0.000	17.75288391
-0.150	2.450	0.000	17.68278694
-0.050	2.450	0.000	17.60054207
0.050	2.450	0.000	17.55470657
0.150	2.450	0.000	17.49665451
0.250	2.450	0.000	17.45651436
0.350	2.450	0.000	17.42747116
0.450	2.450	0.000	17.44593811
0.550	2.450	0.000	17.52742004
0.650	2.450	0.000	17.64719963
0.750	2.450	0.000	17.80924988
0.850	2.450	0.000	18.00337029
0.950	2.450	0.000	18.20444107
1.050	2.450	0.000	18.41397476
1.150	2.450	0.000	18.63129425
1.250	2.450	0.000	18.84428596
1.350	2.450	0.000	18.93997383
1.450	2.450	0.000	18.99489212
1.550	2.450	0.000	19.04172325
1.650	2.450	0.000	19.07011604
1.750	2.450	0.000	19.15347672
1.850	2.450	0.000	19.23782349
1.950	2.450	0.000	19.39053154
2.050	2.450	0.000	19.57104683
2.150	2.450	0.000	19.80565643
2.250	2.450	0.000	20.05242538
2.350	2.450	0.000	20.20458031
2.450	2.450	0.000	20.25315666
