-2.450	-2.450	0.000	1.01722836
-2.350	-2.450	0.000	1.01825309
-2.250	-2.450	0.000	1.01829588
-2.150	-2.450	0.000	1.01838732
-2.050	-2.450	0.000	1.01811194
-1.950	-2.450	0.000	1.01754320
-1.850	-2.450	0.000	1.01673329
-1.750	-2.450	0.000	1.01594114
-1.650	-2.450	0.000	1.01532233
-1.550	-2.450	0.000	1.01478016
-1.450	-2.450	0.000	1.01455832
-1.350	-2.450	0.000	1.01435554
-1.250	-2.450	0.000	1.01421368
-1.150	-2.450	0.000	1.01433873
-1.050	-2.450	0.000	1.01444244
-0.950	-2.450	0.000	1.01430368
-0.850	-2.450	0.000	1.01374793
-0.750	-2.450	0.000	1.01310396
-0.650	-2.450	0.000	1.01290011
-0.550	-2.450	0.000	1.01328015
-0.450	-2.450	0.000	1.01420295
-0.350	-2.450	0.000	1.01557052
-0.250	-2.450	0.000	1.01712680
-0.150	-2.450	0.000	1.01804531
-0.050	-2.450	0.000	1.01839578
0.050	-2.450	0.000	1.01824033
0.150	-2.450	0.000	1.01776767
0.250	-2.450	0.000	1.01715314
0.350	-2.450	0.000	1.01660955
0.450	-2.450	0.000	1.01634383
0.550	-2.450	0.000	1.01659036
0.650	-2.450	0.000	1.01739347
0.750	-2.450	0.000	1.01853311
0.850	-2.450	0.000	1.01977432
0.950	-2.450	0.000	1.02093124
1.050	-2.450	0.000	1.02186620
1.150	-2.450	0.000	1.02252495
1.250	-2.450	0.000	1.02301323
1.350	-2.450	0.000	1.02348065
1.450	-2.450	0.000	1.02399778
1.550	-2.450	0.000	1.02449977
1.650	-2.450	0.000	1.02477646
1.750	-2.450	0.000	1.02493870
1.850	-2.450	0.000	1.02500761
1.950	-2.450	0.000	1.02509284
2.050	-2.450	0.000	1.02514684
2.150	-2.450	0.000	1.02520967
2.250	-2.450	0.000	1.02497518
2.350	-2.450	0.000	1.02476084
2.450	-2.450	0.000	1.02429307
-2.450	-2.350	0.000	1.01823580
-2.350	-2.350	0.000	1.01929665
-2.250	-2.350	0.000	1.01937330
-2.150	-2.350	0.000	1.01940191
-2.050	-2.350	0.000	1.01909363
-1.950	-2.350	0.000	1.01851726
-1.850	-2.350	0.000	1.01763344
-1.750	-2.350	0.000	1.01679277
-1.650	-2.350	0.000	1.01621521
-1.550	-2.350	0.000	1.01583350
-1.450	-2.350	0.000	1.01583982
-1.350	-2.350	0.000	1.01581180
-1.250	-2.350	0.000	1.01572394
-1.150	-2.350	0.000	1.01585412
-1.050	-2.350	0.000	1.01594663
-0.950	-2.350	0.000	1.01579535
-0.850	-2.350	0.000	1.01527369
-0.750	-2.350	0.000	1.01465344
-0.650	-2.350	0.000	1.01442838
-0.550	-2.350	0.000	1.01469350
-0.450	-2.350	0.000	1.01551116
-0.350	-2.350	0.000	1.01669347
-0.250	-2.350	0.000	1.01810777
-0.150	-2.350	0.000	1.01895285
-0.050	-2.350	0.000	1.01924825
0.050	-2.350	0.000	1.01905751
0.150	-2.350	0.000	1.01855910
0.250	-2.350	0.000	1.01790750
0.350	-2.350	0.000	1.01726294
0.450	-2.350	0.000	1.01693237
0.550	-2.350	0.000	1.01705825
0.650	-2.350	0.000	1.01774991
0.750	-2.350	0.000	1.01879680
0.850	-2.350	0.000	1.01995933
0.950	-2.350	0.000	1.02106321
1.050	-2.350	0.000	1.02197838
1.150	-2.350	0.000	1.02268112
1.250	-2.350	0.000	1.02327573
1.350	-2.350	0.000	1.02386975
1.450	-2.350	0.000	1.02447939
1.550	-2.350	0.000	1.02499032
1.650	-2.350	0.000	1.02523613
1.750	-2.350	0.000	1.02530777
1.850	-2.350	0.000	1.02529883
1.950	-2.350	0.000	1.02526534
2.050	-2.350	0.000	1.02509534
2.150	-2.350	0.000	1.02482700
2.250	-2.350	0.000	1.02430677
2.350	-2.350	0.000	1.02394009
2.450	-2.350	0.000	1.02326775
-2.450	-2.250	0.000	1.01953137
-2.350	-2.250	0.000	1.02052605
-2.250	-2.250	0.000	1.02058101
-2.150	-2.250	0.000	1.02054882
-2.050	-2.250	0.000	1.02016437
-1.950	-2.250	0.000	1.01957929
-1.850	-2.250	0.000	1.01871681
-1.750	-2.250	0.000	1.01789570
-1.650	-2.250	0.000	1.01737428
-1.550	-2.250	0.000	1.01701522
-1.450	-2.250	0.000	1.01704943
-1.350	-2.250	0.000	1.01697898
-1.250	-2.250	0.000	1.01682615
-1.150	-2.250	0.000	1.01688099
-1.050	-2.250	0.000	1.01684427
-0.950	-2.250	0.000	1.01659548
-0.850	-2.250	0.000	1.01600075
-0.750	-2.250	0.000	1.01532817
-0.650	-2.250	0.000	1.01508427
-0.550	-2.250	0.000	1.01531303
-0.450	-2.250	0.000	1.01606441
-0.350	-2.250	0.000	1.01720035
-0.250	-2.250	0.000	1.01856887
-0.150	-2.250	0.000	1.01935458
-0.050	-2.250	0.000	1.01960862
0.050	-2.250	0.000	1.01939046
0.150	-2.250	0.000	1.01886904
0.250	-2.250	0.000	1.01821077
0.350	-2.250	0.000	1.01756036
0.450	-2.250	0.000	1.01722872
0.550	-2.250	0.000	1.01731288
0.650	-2.250	0.000	1.01797783
0.750	-2.250	0.000	1.01902449
0.850	-2.250	0.000	1.02021122
0.950	-2.250	0.000	1.02135456
1.050	-2.250	0.000	1.02233291
1.150	-2.250	0.000	1.02312684
1.250	-2.250	0.000	1.02382433
1.350	-2.250	0.000	1.02445054
1.450	-2.250	0.000	1.02501190
1.550	-2.250	0.000	1.02539670
1.650	-2.250	0.000	1.02547765
1.750	-2.250	0.000	1.02535713
1.850	-2.250	0.000	1.02508616
1.950	-2.250	0.000	1.02482331
2.050	-2.250	0.000	1.02443898
2.150	-2.250	0.000	1.02408862
2.250	-2.250	0.000	1.02359259
2.350	-2.250	0.000	1.02329028
2.450	-2.250	0.000	1.02271378
-2.450	-2.150	0.000	1.02062821
-2.350	-2.150	0.000	1.02161109
-2.250	-2.150	0.000	1.02167869
-2.150	-2.150	0.000	1.02162254
-2.050	-2.150	0.000	1.02118790
-1.950	-2.150	0.000	1.02053750
-1.850	-2.150	0.000	1.01961470
-1.750	-2.150	0.000	1.01870668
-1.650	-2.150	0.000	1.01813078
-1.550	-2.150	0.000	1.01773822
-1.450	-2.150	0.000	1.01781869
-1.350	-2.150	0.000	1.01777887
-1.250	-2.150	0.000	1.01761305
-1.150	-2.150	0.000	1.01759863
-1.050	-2.150	0.000	1.01744819
-0.950	-2.150	0.000	1.01715875
-0.850	-2.150	0.000	1.01657808
-0.750	-2.150	0.000	1.01593804
-0.650	-2.150	0.000	1.01571083
-0.550	-2.150	0.000	1.01593542
-0.450	-2.150	0.000	1.01662672
-0.350	-2.150	0.000	1.01768351
-0.250	-2.150	0.000	1.01901722
-0.150	-2.150	0.000	1.01978588
-0.050	-2.150	0.000	1.02002108
0.050	-2.150	0.000	1.01979649
0.150	-2.150	0.000	1.01928508
0.250	-2.150	0.000	1.01865339
0.350	-2.150	0.000	1.01802695
0.450	-2.150	0.000	1.01768720
0.550	-2.150	0.000	1.01769972
0.650	-2.150	0.000	1.01828206
0.750	-2.150	0.000	1.01926434
0.850	-2.150	0.000	1.02040386
0.950	-2.150	0.000	1.02152467
1.050	-2.150	0.000	1.02251172
1.150	-2.150	0.000	1.02334416
1.250	-2.150	0.000	1.02405179
1.350	-2.150	0.000	1.02461767
1.450	-2.150	0.000	1.02509665
1.550	-2.150	0.000	1.02522182
1.650	-2.150	0.000	1.02516687
1.750	-2.150	0.000	1.02492261
1.850	-2.150	0.000	1.02452755
1.950	-2.150	0.000	1.02415991
2.050	-2.150	0.000	1.02374482
2.150	-2.150	0.000	1.02340055
2.250	-2.150	0.000	1.02291036
2.350	-2.150	0.000	1.02264535
2.450	-2.150	0.000	1.02205586
-2.450	-2.050	0.000	1.02208829
-2.350	-2.050	0.000	1.02293026
-2.250	-2.050	0.000	1.02294958
-2.150	-2.050	0.000	1.02288139
-2.050	-2.050	0.000	1.02243268
-1.950	-2.050	0.000	1.02174640
-1.850	-2.050	0.000	1.02085018
-1.750	-2.050	0.000	1.01995957
-1.650	-2.050	0.000	1.01937079
-1.550	-2.050	0.000	1.01894021
-1.450	-2.050	0.000	1.01894319
-1.350	-2.050	0.000	1.01884365
-1.250	-2.050	0.000	1.01855958
-1.150	-2.050	0.000	1.01840246
-1.050	-2.050	0.000	1.01811028
-0.950	-2.050	0.000	1.01770163
-0.850	-2.050	0.000	1.01709509
-0.750	-2.050	0.000	1.01646411
-0.650	-2.050	0.000	1.01627207
-0.550	-2.050	0.000	1.01652288
-0.450	-2.050	0.000	1.01718473
-0.350	-2.050	0.000	1.01819468
-0.250	-2.050	0.000	1.01946950
-0.150	-2.050	0.000	1.02020764
-0.050	-2.050	0.000	1.02043653
0.050	-2.050	0.000	1.02021635
0.150	-2.050	0.000	1.01972175
0.250	-2.050	0.000	1.01912475
0.350	-2.050	0.000	1.01854396
0.450	-2.050	0.000	1.01826060
0.550	-2.050	0.000	1.01825941
0.650	-2.050	0.000	1.01878965
0.750	-2.050	0.000	1.01970720
0.850	-2.050	0.000	1.02083075
0.950	-2.050	0.000	1.02195847
1.050	-2.050	0.000	1.02294374
1.150	-2.050	0.000	1.02376819
1.250	-2.050	0.000	1.02434766
1.350	-2.050	0.000	1.02482474
1.450	-2.050	0.000	1.02494335
1.550	-2.050	0.000	1.02494097
1.650	-2.050	0.000	1.02473187
1.750	-2.050	0.000	1.02441800
1.850	-2.050	0.000	1.02403820
1.950	-2.050	0.000	1.02371061
2.050	-2.050	0.000	1.02333105
2.150	-2.050	0.000	1.02299142
2.250	-2.050	0.000	1.02250087
2.350	-2.050	0.000	1.02225304
2.450	-2.050	0.000	1.02169359
-2.450	-1.950	0.000	1.02302980
-2.350	-1.950	0.000	1.02373695
-2.250	-1.950	0.000	1.02370203
-2.150	-1.950	0.000	1.02357519
-2.050	-1.950	0.000	1.02301896
-1.950	-1.950	0.000	1.02222431
-1.850	-1.950	0.000	1.02128792
-1.750	-1.950	0.000	1.02037716
-1.650	-1.950	0.000	1.01974714
-1.550	-1.950	0.000	1.01935172
-1.450	-1.950	0.000	1.01926231
-1.350	-1.950	0.000	1.01920056
-1.250	-1.950	0.000	1.01890159
-1.150	-1.950	0.000	1.01864374
-1.050	-1.950	0.000	1.01831627
-0.950	-1.950	0.000	1.01783299
-0.850	-1.950	0.000	1.01723742
-0.750	-1.950	0.000	1.01659513
-0.650	-1.950	0.000	1.01642358
-0.550	-1.950	0.000	1.01669860
-0.450	-1.950	0.000	1.01735544
-0.350	-1.950	0.000	1.01833856
-0.250	-1.950	0.000	1.01961958
-0.150	-1.950	0.000	1.02041066
-0.050	-1.950	0.000	1.02065217
0.050	-1.950	0.000	1.02045512
0.150	-1.950	0.000	1.01997864
0.250	-1.950	0.000	1.01940989
0.350	-1.950	0.000	1.01888239
0.450	-1.950	0.000	1.01864088
0.550	-1.950	0.000	1.01862609
0.650	-1.950	0.000	1.01908565
0.750	-1.950	0.000	1.01992583
0.850	-1.950	0.000	1.02097857
0.950	-1.950	0.000	1.02201176
1.050	-1.950	0.000	1.02291608
1.150	-1.950	0.000	1.02360582
1.250	-1.950	0.000	1.02410138
1.350	-1.950	0.000	1.02441049
1.450	-1.950	0.000	1.02446043
1.550	-1.950	0.000	1.02439523
1.650	-1.950	0.000	1.02417791
1.750	-1.950	0.000	1.02396464
1.850	-1.950	0.000	1.02372241
1.950	-1.950	0.000	1.02353179
2.050	-1.950	0.000	1.02325153
2.150	-1.950	0.000	1.02295756
2.250	-1.950	0.000	1.02245247
2.350	-1.950	0.000	1.02219248
2.450	-1.950	0.000	1.02154994
-2.450	-1.850	0.000	1.02412939
-2.350	-1.850	0.000	1.02470767
-2.250	-1.850	0.000	1.02459979
-2.150	-1.850	0.000	1.02446043
-2.050	-1.850	0.000	1.02392304
-1.950	-1.850	0.000	1.02313733
-1.850	-1.850	0.000	1.02218866
-1.750	-1.850	0.000	1.02124846
-1.650	-1.850	0.000	1.02050054
-1.550	-1.850	0.000	1.02004623
-1.450	-1.850	0.000	1.01978230
-1.350	-1.850	0.000	1.01964688
-1.250	-1.850	0.000	1.01931119
-1.150	-1.850	0.000	1.01891506
-1.050	-1.850	0.000	1.01845777
-0.950	-1.850	0.000	1.01790643
-0.850	-1.850	0.000	1.01730549
-0.750	-1.850	0.000	1.01664233
-0.650	-1.850	0.000	1.01647675
-0.550	-1.850	0.000	1.01679468
-0.450	-1.850	0.000	1.01746738
-0.350	-1.850	0.000	1.01843703
-0.250	-1.850	0.000	1.01971424
-0.150	-1.850	0.000	1.02055800
-0.050	-1.850	0.000	1.02085412
0.050	-1.850	0.000	1.02073348
0.150	-1.850	0.000	1.02033305
0.250	-1.850	0.000	1.01984239
0.350	-1.850	0.000	1.01941860
0.450	-1.850	0.000	1.01923478
0.550	-1.850	0.000	1.01925123
0.650	-1.850	0.000	1.01964927
0.750	-1.850	0.000	1.02040410
0.850	-1.850	0.000	1.02134955
0.950	-1.850	0.000	1.02222371
1.050	-1.850	0.000	1.02297449
1.150	-1.850	0.000	1.02349591
1.250	-1.850	0.000	1.02383137
1.350	-1.850	0.000	1.02403247
1.450	-1.850	0.000	1.02402329
1.550	-1.850	0.000	1.02391469
1.650	-1.850	0.000	1.02371693
1.750	-1.850	0.000	1.02357876
1.850	-1.850	0.000	1.02344942
1.950	-1.850	0.000	1.02337646
2.050	-1.850	0.000	1.02321839
2.150	-1.850	0.000	1.02303290
2.250	-1.850	0.000	1.02256954
2.350	-1.850	0.000	1.02235556
2.450	-1.850	0.000	1.02166188
-2.450	-1.750	0.000	1.02506900
-2.350	-1.750	0.000	1.02550769
-2.250	-1.750	0.000	1.02534080
-2.150	-1.750	0.000	1.02517009
-2.050	-1.750	0.000	1.02464759
-1.950	-1.750	0.000	1.02389312
-1.850	-1.750	0.000	1.02302146
-1.750	-1.750	0.000	1.02216744
-1.650	-1.750	0.000	1.02141738
-1.550	-1.750	0.000	1.02087963
-1.450	-1.750	0.000	1.02048349
-1.350	-1.750	0.000	1.02021134
-1.250	-1.750	0.000	1.01977062
-1.150	-1.750	0.000	1.01925659
-1.050	-1.750	0.000	1.01866603
-0.950	-1.750	0.000	1.01803768
-0.850	-1.750	0.000	1.01744413
-0.750	-1.750	0.000	1.01678014
-0.650	-1.750	0.000	1.01659477
-0.550	-1.750	0.000	1.01689589
-0.450	-1.750	0.000	1.01753128
-0.350	-1.750	0.000	1.01844239
-0.250	-1.750	0.000	1.01967335
-0.150	-1.750	0.000	1.02065086
-0.050	-1.750	0.000	1.02104139
0.050	-1.750	0.000	1.02100706
0.150	-1.750	0.000	1.02064776
0.250	-1.750	0.000	1.02018356
0.350	-1.750	0.000	1.01979733
0.450	-1.750	0.000	1.01963210
0.550	-1.750	0.000	1.01965213
0.650	-1.750	0.000	1.01998448
0.750	-1.750	0.000	1.02063906
0.850	-1.750	0.000	1.02145910
0.950	-1.750	0.000	1.02219105
1.050	-1.750	0.000	1.02280855
1.150	-1.750	0.000	1.02323079
1.250	-1.750	0.000	1.02346992
1.350	-1.750	0.000	1.02357769
1.450	-1.750	0.000	1.02354264
1.550	-1.750	0.000	1.02345300
1.650	-1.750	0.000	1.02329850
1.750	-1.750	0.000	1.02322745
1.850	-1.750	0.000	1.02318954
1.950	-1.750	0.000	1.02320945
2.050	-1.750	0.000	1.02314556
2.150	-1.750	0.000	1.02304804
2.250	-1.750	0.000	1.02264833
2.350	-1.750	0.000	1.02249074
2.450	-1.750	0.000	1.02182126
-2.450	-1.650	0.000	1.02610815
-2.350	-1.650	0.000	1.02639198
-2.250	-1.650	0.000	1.02616870
-2.150	-1.650	0.000	1.02598834
-2.050	-1.650	0.000	1.02552879
-1.950	-1.650	0.000	1.02490449
-1.850	-1.650	0.000	1.02406228
-1.750	-1.650	0.000	1.02329803
-1.650	-1.650	0.000	1.02261639
-1.550	-1.650	0.000	1.02206063
-1.450	-1.650	0.000	1.02159989
-1.350	-1.650	0.000	1.02123046
-1.250	-1.650	0.000	1.02071214
-1.150	-1.650	0.000	1.02013004
-1.050	-1.650	0.000	1.01945806
-0.950	-1.650	0.000	1.01868355
-0.850	-1.650	0.000	1.01797783
-0.750	-1.650	0.000	1.01724577
-0.650	-1.650	0.000	1.01696527
-0.550	-1.650	0.000	1.01720703
-0.450	-1.650	0.000	1.01778221
-0.350	-1.650	0.000	1.01860690
-0.250	-1.650	0.000	1.01972210
-0.150	-1.650	0.000	1.02074170
-0.050	-1.650	0.000	1.02119386
0.050	-1.650	0.000	1.02125466
0.150	-1.650	0.000	1.02096462
0.250	-1.650	0.000	1.02055812
0.350	-1.650	0.000	1.02022469
0.450	-1.650	0.000	1.02007496
0.550	-1.650	0.000	1.02010751
0.650	-1.650	0.000	1.02038443
0.750	-1.650	0.000	1.02093995
0.850	-1.650	0.000	1.02162039
0.950	-1.650	0.000	1.02218306
1.050	-1.650	0.000	1.02263665
1.150	-1.650	0.000	1.02299929
1.250	-1.650	0.000	1.02318525
1.350	-1.650	0.000	1.02327526
1.450	-1.650	0.000	1.02321959
1.550	-1.650	0.000	1.02313387
1.650	-1.650	0.000	1.02299333
1.750	-1.650	0.000	1.02296019
1.850	-1.650	0.000	1.02297795
1.950	-1.650	0.000	1.02306139
2.050	-1.650	0.000	1.02306151
2.150	-1.650	0.000	1.02301753
2.250	-1.650	0.000	1.02265632
2.350	-1.650	0.000	1.02251947
2.450	-1.650	0.000	1.02192342
-2.450	-1.550	0.000	1.02719581
-2.350	-1.550	0.000	1.02736461
-2.250	-1.550	0.000	1.02708316
-2.150	-1.550	0.000	1.02688456
-2.050	-1.550	0.000	1.02647066
-1.950	-1.550	0.000	1.02601433
-1.850	-1.550	0.000	1.02532709
-1.750	-1.550	0.000	1.02458632
-1.650	-1.550	0.000	1.02387333
-1.550	-1.550	0.000	1.02325177
-1.450	-1.550	0.000	1.02269328
-1.350	-1.550	0.000	1.02219927
-1.250	-1.550	0.000	1.02161634
-1.150	-1.550	0.000	1.02098465
-1.050	-1.550	0.000	1.02027774
-0.950	-1.550	0.000	1.01943302
-0.850	-1.550	0.000	1.01867521
-0.750	-1.550	0.000	1.01790833
-0.650	-1.550	0.000	1.01746583
-0.550	-1.550	0.000	1.01760912
-0.450	-1.550	0.000	1.01810050
-0.350	-1.550	0.000	1.01884151
-0.250	-1.550	0.000	1.01986170
-0.150	-1.550	0.000	1.02087426
-0.050	-1.550	0.000	1.02133644
0.050	-1.550	0.000	1.02144623
0.150	-1.550	0.000	1.02120256
0.250	-1.550	0.000	1.02083659
0.350	-1.550	0.000	1.02054715
0.450	-1.550	0.000	1.02043927
0.550	-1.550	0.000	1.02050900
0.650	-1.550	0.000	1.02079558
0.750	-1.550	0.000	1.02129114
0.850	-1.550	0.000	1.02190340
0.950	-1.550	0.000	1.02232456
1.050	-1.550	0.000	1.02263725
1.150	-1.550	0.000	1.02288330
1.250	-1.550	0.000	1.02301955
1.350	-1.550	0.000	1.02310956
1.450	-1.550	0.000	1.02307999
1.550	-1.550	0.000	1.02302694
1.650	-1.550	0.000	1.02287900
1.750	-1.550	0.000	1.02279544
1.850	-1.550	0.000	1.02277792
1.950	-1.550	0.000	1.02285779
2.050	-1.550	0.000	1.02286363
2.150	-1.550	0.000	1.02285480
2.250	-1.550	0.000	1.02254248
2.350	-1.550	0.000	1.02241099
2.450	-1.550	0.000	1.02186751
-2.450	-1.450	0.000	1.02834499
-2.350	-1.450	0.000	1.02848053
-2.250	-1.450	0.000	1.02814949
-2.150	-1.450	0.000	1.02792096
-2.050	-1.450	0.000	1.02752829
-1.950	-1.450	0.000	1.02711320
-1.850	-1.450	0.000	1.02654374
-1.750	-1.450	0.000	1.02590811
-1.650	-1.450	0.000	1.02520716
-1.550	-1.450	0.000	1.02451670
-1.450	-1.450	0.000	1.02385306
-1.350	-1.450	0.000	1.02323329
-1.250	-1.450	0.000	1.02256274
-1.150	-1.450	0.000	1.02184308
-1.050	-1.450	0.000	1.02106297
-0.950	-1.450	0.000	1.02015555
-0.850	-1.450	0.000	1.01934183
-0.750	-1.450	0.000	1.01862895
-0.650	-1.450	0.000	1.01811063
-0.550	-1.450	0.000	1.01817298
-0.450	-1.450	0.000	1.01858246
-0.350	-1.450	0.000	1.01925302
-0.250	-1.450	0.000	1.02013791
-0.150	-1.450	0.000	1.02111161
-0.050	-1.450	0.000	1.02160156
0.050	-1.450	0.000	1.02173984
0.150	-1.450	0.000	1.02152824
0.250	-1.450	0.000	1.02118230
0.350	-1.450	0.000	1.02088952
0.450	-1.450	0.000	1.02080011
0.550	-1.450	0.000	1.02088451
0.650	-1.450	0.000	1.02119172
0.750	-1.450	0.000	1.02167475
0.850	-1.450	0.000	1.02229059
0.950	-1.450	0.000	1.02267265
1.050	-1.450	0.000	1.02295327
1.150	-1.450	0.000	1.02317297
1.250	-1.450	0.000	1.02328002
1.350	-1.450	0.000	1.02326047
1.450	-1.450	0.000	1.02319312
1.550	-1.450	0.000	1.02310741
1.650	-1.450	0.000	1.02295411
1.750	-1.450	0.000	1.02284217
1.850	-1.450	0.000	1.02274299
1.950	-1.450	0.000	1.02274394
2.050	-1.450	0.000	1.02266729
2.150	-1.450	0.000	1.02260756
2.250	-1.450	0.000	1.02227974
2.350	-1.450	0.000	1.02216125
2.450	-1.450	0.000	1.02173328
-2.450	-1.350	0.000	1.02921808
-2.350	-1.350	0.000	1.02939606
-2.250	-1.350	0.000	1.02901042
-2.150	-1.350	0.000	1.02877593
-2.050	-1.350	0.000	1.02843750
-1.950	-1.350	0.000	1.02804291
-1.850	-1.350	0.000	1.02757013
-1.750	-1.350	0.000	1.02699184
-1.650	-1.350	0.000	1.02633214
-1.550	-1.350	0.000	1.02561891
-1.450	-1.350	0.000	1.02484035
-1.350	-1.350	0.000	1.02407479
-1.250	-1.350	0.000	1.02328384
-1.150	-1.350	0.000	1.02244508
-1.050	-1.350	0.000	1.02157581
-0.950	-1.350	0.000	1.02064800
-0.850	-1.350	0.000	1.01976764
-0.750	-1.350	0.000	1.01911807
-0.650	-1.350	0.000	1.01864147
-0.550	-1.350	0.000	1.01869226
-0.450	-1.350	0.000	1.01907229
-0.350	-1.350	0.000	1.01969290
-0.250	-1.350	0.000	1.02045739
-0.150	-1.350	0.000	1.02137327
-0.050	-1.350	0.000	1.02187490
0.050	-1.350	0.000	1.02201688
0.150	-1.350	0.000	1.02181637
0.250	-1.350	0.000	1.02146959
0.350	-1.350	0.000	1.02114880
0.450	-1.350	0.000	1.02105963
0.550	-1.350	0.000	1.02112246
0.650	-1.350	0.000	1.02143288
0.750	-1.350	0.000	1.02190423
0.850	-1.350	0.000	1.02253008
0.950	-1.350	0.000	1.02296960
1.050	-1.350	0.000	1.02333212
1.150	-1.350	0.000	1.02364254
1.250	-1.350	0.000	1.02382135
1.350	-1.350	0.000	1.02388000
1.450	-1.350	0.000	1.02381527
1.550	-1.350	0.000	1.02364922
1.650	-1.350	0.000	1.02335787
1.750	-1.350	0.000	1.02311492
1.850	-1.350	0.000	1.02288306
1.950	-1.350	0.000	1.02276683
2.050	-1.350	0.000	1.02260160
2.150	-1.350	0.000	1.02245879
2.250	-1.350	0.000	1.02207255
2.350	-1.350	0.000	1.02190447
2.450	-1.350	0.000	1.02150929
-2.450	-1.250	0.000	1.02980328
-2.350	-1.250	0.000	1.03006768
-2.250	-1.250	0.000	1.02962840
-2.150	-1.250	0.000	1.02936542
-2.050	-1.250	0.000	1.02903450
-1.950	-1.250	0.000	1.02868021
-1.850	-1.250	0.000	1.02827334
-1.750	-1.250	0.000	1.02771771
-1.650	-1.250	0.000	1.02714992
-1.550	-1.250	0.000	1.02643681
-1.450	-1.250	0.000	1.02560437
-1.350	-1.250	0.000	1.02472508
-1.250	-1.250	0.000	1.02379775
-1.150	-1.250	0.000	1.02281380
-1.050	-1.250	0.000	1.02181959
-0.950	-1.250	0.000	1.02086222
-0.850	-1.250	0.000	1.01995063
-0.750	-1.250	0.000	1.01933932
-0.650	-1.250	0.000	1.01894593
-0.550	-1.250	0.000	1.01904762
-0.450	-1.250	0.000	1.01947212
-0.350	-1.250	0.000	1.02013743
-0.250	-1.250	0.000	1.02089262
-0.150	-1.250	0.000	1.02177179
-0.050	-1.250	0.000	1.02225387
0.050	-1.250	0.000	1.02238393
0.150	-1.250	0.000	1.02217853
0.250	-1.250	0.000	1.02180278
0.350	-1.250	0.000	1.02142859
0.450	-1.250	0.000	1.02126503
0.550	-1.250	0.000	1.02129138
0.650	-1.250	0.000	1.02155113
0.750	-1.250	0.000	1.02201021
0.850	-1.250	0.000	1.02262735
0.950	-1.250	0.000	1.02313185
1.050	-1.250	0.000	1.02355278
1.150	-1.250	0.000	1.02396345
1.250	-1.250	0.000	1.02426839
1.350	-1.250	0.000	1.02449811
1.450	-1.250	0.000	1.02453184
1.550	-1.250	0.000	1.02446294
1.650	-1.250	0.000	1.02418768
1.750	-1.250	0.000	1.02383780
1.850	-1.250	0.000	1.02345347
1.950	-1.250	0.000	1.02315187
2.050	-1.250	0.000	1.02280831
2.150	-1.250	0.000	1.02252841
2.250	-1.250	0.000	1.02206564
2.350	-1.250	0.000	1.02185094
2.450	-1.250	0.000	1.02139604
-2.450	-1.150	0.000	1.03007209
-2.350	-1.150	0.000	1.03044868
-2.250	-1.150	0.000	1.02996838
-2.150	-1.150	0.000	1.02963340
-2.050	-1.150	0.000	1.02927268
-1.950	-1.150	0.000	1.02895296
-1.850	-1.150	0.000	1.02863538
-1.750	-1.150	0.000	1.02820134
-1.650	-1.150	0.000	1.02766752
-1.550	-1.150	0.000	1.02692604
-1.450	-1.150	0.000	1.02602863
-1.350	-1.150	0.000	1.02502894
-1.250	-1.150	0.000	1.02394664
-1.150	-1.150	0.000	1.02278733
-1.050	-1.150	0.000	1.02159524
-0.950	-1.150	0.000	1.02058208
-0.850	-1.150	0.000	1.01975977
-0.750	-1.150	0.000	1.01931763
-0.650	-1.150	0.000	1.01902080
-0.550	-1.150	0.000	1.01915276
-0.450	-1.150	0.000	1.01961350
-0.350	-1.150	0.000	1.02031374
-0.250	-1.150	0.000	1.02109301
-0.150	-1.150	0.000	1.02196598
-0.050	-1.150	0.000	1.02257478
0.050	-1.150	0.000	1.02272952
0.150	-1.150	0.000	1.02254355
0.250	-1.150	0.000	1.02211607
0.350	-1.150	0.000	1.02166331
0.450	-1.150	0.000	1.02135468
0.550	-1.150	0.000	1.02131319
0.650	-1.150	0.000	1.02148044
0.750	-1.150	0.000	1.02187395
0.850	-1.150	0.000	1.02243686
0.950	-1.150	0.000	1.02297664
1.050	-1.150	0.000	1.02344620
1.150	-1.150	0.000	1.02395797
1.250	-1.150	0.000	1.02441835
1.350	-1.150	0.000	1.02482569
1.450	-1.150	0.000	1.02507889
1.550	-1.150	0.000	1.02508664
1.650	-1.150	0.000	1.02491772
1.750	-1.150	0.000	1.02459300
1.850	-1.150	0.000	1.02414644
1.950	-1.150	0.000	1.02372599
2.050	-1.150	0.000	1.02323520
2.150	-1.150	0.000	1.02282321
2.250	-1.150	0.000	1.02224016
2.350	-1.150	0.000	1.02197945
2.450	-1.150	0.000	1.02142930
-2.450	-1.050	0.000	1.03019261
-2.350	-1.050	0.000	1.03062844
-2.250	-1.050	0.000	1.03015411
-2.150	-1.050	0.000	1.02975786
-2.050	-1.050	0.000	1.02939785
-1.950	-1.050	0.000	1.02912867
-1.850	-1.050	0.000	1.02889717
-1.750	-1.050	0.000	1.02853453
-1.650	-1.050	0.000	1.02805007
-1.550	-1.050	0.000	1.02734292
-1.450	-1.050	0.000	1.02635467
-1.350	-1.050	0.000	1.02517867
-1.250	-1.050	0.000	1.02388442
-1.150	-1.050	0.000	1.02255213
-1.050	-1.050	0.000	1.02121019
-0.950	-1.050	0.000	1.02010322
-0.850	-1.050	0.000	1.01929903
-0.750	-1.050	0.000	1.01900566
-0.650	-1.050	0.000	1.01890361
-0.550	-1.050	0.000	1.01912928
-0.450	-1.050	0.000	1.01962197
-0.350	-1.050	0.000	1.02033079
-0.250	-1.050	0.000	1.02118218
-0.150	-1.050	0.000	1.02204847
-0.050	-1.050	0.000	1.02277517
0.050	-1.050	0.000	1.02301240
0.150	-1.050	0.000	1.02290237
0.250	-1.050	0.000	1.02245557
0.350	-1.050	0.000	1.02195096
0.450	-1.050	0.000	1.02151096
0.550	-1.050	0.000	1.02130902
0.650	-1.050	0.000	1.02139926
0.750	-1.050	0.000	1.02170622
0.850	-1.050	0.000	1.02217042
0.950	-1.050	0.000	1.02268827
1.050	-1.050	0.000	1.02318180
1.150	-1.050	0.000	1.02375305
1.250	-1.050	0.000	1.02432883
1.350	-1.050	0.000	1.02486789
1.450	-1.050	0.000	1.02533400
1.550	-1.050	0.000	1.02550459
1.650	-1.050	0.000	1.02544355
1.750	-1.050	0.000	1.02520072
1.850	-1.050	0.000	1.02477300
1.950	-1.050	0.000	1.02432215
2.050	-1.050	0.000	1.02376127
2.150	-1.050	0.000	1.02329206
2.250	-1.050	0.000	1.02265596
2.350	-1.050	0.000	1.02235889
2.450	-1.050	0.000	1.02165258
-2.450	-0.950	0.000	1.03004944
-2.350	-0.950	0.000	1.03057563
-2.250	-0.950	0.000	1.03012693
-2.150	-0.950	0.000	1.02966237
-2.050	-0.950	0.000	1.02926850
-1.950	-0.950	0.000	1.02907956
-1.850	-0.950	0.000	1.02896404
-1.750	-0.950	0.000	1.02870011
-1.650	-0.950	0.000	1.02834082
-1.550	-0.950	0.000	1.02765131
-1.450	-0.950	0.000	1.02660620
-1.350	-0.950	0.000	1.02528489
-1.250	-0.950	0.000	1.02378976
-1.150	-0.950	0.000	1.02223396
-1.050	-0.950	0.000	1.02069473
-0.950	-0.950	0.000	1.01960170
-0.850	-0.950	0.000	1.01890314
-0.750	-0.950	0.000	1.01867402
-0.650	-0.950	0.000	1.01867831
-0.550	-0.950	0.000	1.01898193
-0.450	-0.950	0.000	1.01953685
-0.350	-0.950	0.000	1.02023339
-0.250	-0.950	0.000	1.02108312
-0.150	-0.950	0.000	1.02197671
-0.050	-0.950	0.000	1.02275062
0.050	-0.950	0.000	1.02311993
0.150	-0.950	0.000	1.02309465
0.250	-0.950	0.000	1.02268064
0.350	-0.950	0.000	1.02213192
0.450	-0.950	0.000	1.02167475
0.550	-0.950	0.000	1.02131963
0.650	-0.950	0.000	1.02131236
0.750	-0.950	0.000	1.02150321
0.850	-0.950	0.000	1.02188826
0.950	-0.950	0.000	1.02232969
1.050	-0.950	0.000	1.02279234
1.150	-0.950	0.000	1.02337706
1.250	-0.950	0.000	1.02406526
1.350	-0.950	0.000	1.02473295
1.450	-0.950	0.000	1.02532423
1.550	-0.950	0.000	1.02566624
1.650	-0.950	0.000	1.02567470
1.750	-0.950	0.000	1.02554095
1.850	-0.950	0.000	1.02516568
1.950	-0.950	0.000	1.02473664
2.050	-0.950	0.000	1.02416873
2.150	-0.950	0.000	1.02368951
2.250	-0.950	0.000	1.02302313
2.350	-0.950	0.000	1.02274823
2.450	-0.950	0.000	1.02194822
-2.450	-0.850	0.000	1.02930307
-2.350	-0.850	0.000	1.02982712
-2.250	-0.850	0.000	1.02939570
-2.150	-0.850	0.000	1.02893531
-2.050	-0.850	0.000	1.02857411
-1.950	-0.850	0.000	1.02854002
-1.850	-0.850	0.000	1.02860832
-1.750	-0.850	0.000	1.02851593
-1.650	-0.850	0.000	1.02829278
-1.550	-0.850	0.000	1.02766633
-1.450	-0.850	0.000	1.02661991
-1.350	-0.850	0.000	1.02518129
-1.250	-0.850	0.000	1.02350771
-1.150	-0.850	0.000	1.02179658
-1.050	-0.850	0.000	1.02014971
-0.950	-0.850	0.000	1.01918626
-0.850	-0.850	0.000	1.01860356
-0.750	-0.850	0.000	1.01848245
-0.650	-0.850	0.000	1.01860201
-0.550	-0.850	0.000	1.01892698
-0.450	-0.850	0.000	1.01941884
-0.350	-0.850	0.000	1.02007079
-0.250	-0.850	0.000	1.02088714
-0.150	-0.850	0.000	1.02180970
-0.050	-0.850	0.000	1.02258909
0.050	-0.850	0.000	1.02312446
0.150	-0.850	0.000	1.02317309
0.250	-0.850	0.000	1.02284515
0.350	-0.850	0.000	1.02229786
0.450	-0.850	0.000	1.02181900
0.550	-0.850	0.000	1.02141476
0.650	-0.850	0.000	1.02132809
0.750	-0.850	0.000	1.02143872
0.850	-0.850	0.000	1.02175081
0.950	-0.850	0.000	1.02213407
1.050	-0.850	0.000	1.02253568
1.150	-0.850	0.000	1.02303314
1.250	-0.850	0.000	1.02369511
1.350	-0.850	0.000	1.02441311
1.450	-0.850	0.000	1.02507734
1.550	-0.850	0.000	1.02558398
1.650	-0.850	0.000	1.02565789
1.750	-0.850	0.000	1.02559912
1.850	-0.850	0.000	1.02531481
1.950	-0.850	0.000	1.02494955
2.050	-0.850	0.000	1.02442014
2.150	-0.850	0.000	1.02397978
2.250	-0.850	0.000	1.02330375
2.350	-0.850	0.000	1.02305198
2.450	-0.850	0.000	1.02220607
-2.450	-0.750	0.000	1.02831960
-2.350	-0.750	0.000	1.02882946
-2.250	-0.750	0.000	1.02843952
-2.150	-0.750	0.000	1.02800584
-2.050	-0.750	0.000	1.02769566
-1.950	-0.750	0.000	1.02782643
-1.850	-0.750	0.000	1.02798510
-1.750	-0.750	0.000	1.02806151
-1.650	-0.750	0.000	1.02793121
-1.550	-0.750	0.000	1.02735543
-1.450	-0.750	0.000	1.02631259
-1.350	-0.750	0.000	1.02476096
-1.250	-0.750	0.000	1.02293885
-1.150	-0.750	0.000	1.02108777
-1.050	-0.750	0.000	1.01948786
-0.950	-0.750	0.000	1.01875341
-0.850	-0.750	0.000	1.01831317
-0.750	-0.750	0.000	1.01837051
-0.650	-0.750	0.000	1.01864004
-0.550	-0.750	0.000	1.01896894
-0.450	-0.750	0.000	1.01940405
-0.350	-0.750	0.000	1.01997948
-0.250	-0.750	0.000	1.02071047
-0.150	-0.750	0.000	1.02155781
-0.050	-0.750	0.000	1.02235389
0.050	-0.750	0.000	1.02293432
0.150	-0.750	0.000	1.02309465
0.250	-0.750	0.000	1.02288306
0.350	-0.750	0.000	1.02241278
0.450	-0.750	0.000	1.02193511
0.550	-0.750	0.000	1.02154934
0.650	-0.750	0.000	1.02142656
0.750	-0.750	0.000	1.02149403
0.850	-0.750	0.000	1.02175689
0.950	-0.750	0.000	1.02211046
1.050	-0.750	0.000	1.02246749
1.150	-0.750	0.000	1.02289307
1.250	-0.750	0.000	1.02347195
1.350	-0.750	0.000	1.02415824
1.450	-0.750	0.000	1.02480781
1.550	-0.750	0.000	1.02535820
1.650	-0.750	0.000	1.02551627
1.750	-0.750	0.000	1.02549565
1.850	-0.750	0.000	1.02527523
1.950	-0.750	0.000	1.02495527
2.050	-0.750	0.000	1.02445245
2.150	-0.750	0.000	1.02403986
2.250	-0.750	0.000	1.02336419
2.350	-0.750	0.000	1.02314079
2.450	-0.750	0.000	1.02232969
-2.450	-0.650	0.000	1.02716613
-2.350	-0.650	0.000	1.02763009
-2.250	-0.650	0.000	1.02726614
-2.150	-0.650	0.000	1.02689075
-2.050	-0.650	0.000	1.02661765
-1.950	-0.650	0.000	1.02690840
-1.850	-0.650	0.000	1.02710640
-1.750	-0.650	0.000	1.02732658
-1.650	-0.650	0.000	1.02732337
-1.550	-0.650	0.000	1.02680445
-1.450	-0.650	0.000	1.02571917
-1.350	-0.650	0.000	1.02407229
-1.250	-0.650	0.000	1.02214611
-1.150	-0.650	0.000	1.02025139
-1.050	-0.650	0.000	1.01876104
-0.950	-0.650	0.000	1.01826489
-0.850	-0.650	0.000	1.01806414
-0.750	-0.650	0.000	1.01827919
-0.650	-0.650	0.000	1.01871467
-0.550	-0.650	0.000	1.01909912
-0.450	-0.650	0.000	1.01952505
-0.350	-0.650	0.000	1.02002227
-0.250	-0.650	0.000	1.02066576
-0.150	-0.650	0.000	1.02144599
-0.050	-0.650	0.000	1.02221966
0.050	-0.650	0.000	1.02277160
0.150	-0.650	0.000	1.02300227
0.250	-0.650	0.000	1.02283728
0.350	-0.650	0.000	1.02242982
0.450	-0.650	0.000	1.02196503
0.550	-0.650	0.000	1.02164710
0.650	-0.650	0.000	1.02151287
0.750	-0.650	0.000	1.02158940
0.850	-0.650	0.000	1.02182329
0.950	-0.650	0.000	1.02214885
1.050	-0.650	0.000	1.02248430
1.150	-0.650	0.000	1.02286494
1.250	-0.650	0.000	1.02337646
1.350	-0.650	0.000	1.02401924
1.450	-0.650	0.000	1.02463365
1.550	-0.650	0.000	1.02516675
1.650	-0.650	0.000	1.02539527
1.750	-0.650	0.000	1.02542078
1.850	-0.650	0.000	1.02530146
1.950	-0.650	0.000	1.02505457
2.050	-0.650	0.000	1.02457285
2.150	-0.650	0.000	1.02414346
2.250	-0.650	0.000	1.02342176
2.350	-0.650	0.000	1.02316284
2.450	-0.650	0.000	1.02236795
-2.450	-0.550	0.000	1.02601910
-2.350	-0.550	0.000	1.02646673
-2.250	-0.550	0.000	1.02611566
-2.150	-0.550	0.000	1.02577209
-2.050	-0.550	0.000	1.02554381
-1.950	-0.550	0.000	1.02580607
-1.850	-0.550	0.000	1.02612197
-1.750	-0.550	0.000	1.02642071
-1.650	-0.550	0.000	1.02649534
-1.550	-0.550	0.000	1.02601445
-1.450	-0.550	0.000	1.02492654
-1.350	-0.550	0.000	1.02320886
-1.250	-0.550	0.000	1.02118492
-1.150	-0.550	0.000	1.01930487
-1.050	-0.550	0.000	1.01806331
-0.950	-0.550	0.000	1.01775599
-0.850	-0.550	0.000	1.01782024
-0.750	-0.550	0.000	1.01819587
-0.650	-0.550	0.000	1.01875603
-0.550	-0.550	0.000	1.01923192
-0.450	-0.550	0.000	1.01967680
-0.350	-0.550	0.000	1.02016568
-0.250	-0.550	0.000	1.02077734
-0.150	-0.550	0.000	1.02150583
-0.050	-0.550	0.000	1.02219868
0.050	-0.550	0.000	1.02276874
0.150	-0.550	0.000	1.02296400
0.250	-0.550	0.000	1.02280366
0.350	-0.550	0.000	1.02239740
0.450	-0.550	0.000	1.02191496
0.550	-0.550	0.000	1.02161872
0.650	-0.550	0.000	1.02149224
0.750	-0.550	0.000	1.02158856
0.850	-0.550	0.000	1.02183342
0.950	-0.550	0.000	1.02216482
1.050	-0.550	0.000	1.02254045
1.150	-0.550	0.000	1.02293813
1.250	-0.550	0.000	1.02341139
1.350	-0.550	0.000	1.02398980
1.450	-0.550	0.000	1.02453113
1.550	-0.550	0.000	1.02500498
1.650	-0.550	0.000	1.02527535
1.750	-0.550	0.000	1.02535284
1.850	-0.550	0.000	1.02534151
1.950	-0.550	0.000	1.02522922
2.050	-0.550	0.000	1.02482581
2.150	-0.550	0.000	1.02440763
2.250	-0.550	0.000	1.02363694
2.350	-0.550	0.000	1.02330399
2.450	-0.550	0.000	1.02241766
-2.450	-0.450	0.000	1.02501774
-2.350	-0.450	0.000	1.02545941
-2.250	-0.450	0.000	1.02512181
-2.150	-0.450	0.000	1.02480304
-2.050	-0.450	0.000	1.02457559
-1.950	-0.450	0.000	1.02480114
-1.850	-0.450	0.000	1.02521145
-1.750	-0.450	0.000	1.02553630
-1.650	-0.450	0.000	1.02572644
-1.550	-0.450	0.000	1.02530086
-1.450	-0.450	0.000	1.02419245
-1.350	-0.450	0.000	1.02245009
-1.250	-0.450	0.000	1.02045083
-1.150	-0.450	0.000	1.01867425
-1.050	-0.450	0.000	1.01762092
-0.950	-0.450	0.000	1.01740420
-0.850	-0.450	0.000	1.01762056
-0.750	-0.450	0.000	1.01810133
-0.650	-0.450	0.000	1.01871145
-0.550	-0.450	0.000	1.01923656
-0.450	-0.450	0.000	1.01972473
-0.350	-0.450	0.000	1.02022505
-0.250	-0.450	0.000	1.02086425
-0.150	-0.450	0.000	1.02162838
-0.050	-0.450	0.000	1.02231252
0.050	-0.450	0.000	1.02293897
0.150	-0.450	0.000	1.02310121
0.250	-0.450	0.000	1.02292848
0.350	-0.450	0.000	1.02248549
0.450	-0.450	0.000	1.02193820
0.550	-0.450	0.000	1.02154326
0.650	-0.450	0.000	1.02141047
0.750	-0.450	0.000	1.02150369
0.850	-0.450	0.000	1.02176249
0.950	-0.450	0.000	1.02211237
1.050	-0.450	0.000	1.02253044
1.150	-0.450	0.000	1.02298725
1.250	-0.450	0.000	1.02348280
1.350	-0.450	0.000	1.02404213
1.450	-0.450	0.000	1.02454078
1.550	-0.450	0.000	1.02496564
1.650	-0.450	0.000	1.02526295
1.750	-0.450	0.000	1.02537906
1.850	-0.450	0.000	1.02540851
1.950	-0.450	0.000	1.02539861
2.050	-0.450	0.000	1.02510393
2.150	-0.450	0.000	1.02476847
2.250	-0.450	0.000	1.02404392
2.350	-0.450	0.000	1.02374220
2.450	-0.450	0.000	1.02278650
-2.450	-0.350	0.000	1.02426016
-2.350	-0.350	0.000	1.02467692
-2.250	-0.350	0.000	1.02432966
-2.150	-0.350	0.000	1.02404130
-2.050	-0.350	0.000	1.02378631
-1.950	-0.350	0.000	1.02400184
-1.850	-0.350	0.000	1.02440381
-1.750	-0.350	0.000	1.02473664
-1.650	-0.350	0.000	1.02494836
-1.550	-0.350	0.000	1.02459347
-1.450	-0.350	0.000	1.02356374
-1.350	-0.350	0.000	1.02196980
-1.250	-0.350	0.000	1.02013981
-1.150	-0.350	0.000	1.01849139
-1.050	-0.350	0.000	1.01768446
-0.950	-0.350	0.000	1.01747334
-0.850	-0.350	0.000	1.01768351
-0.750	-0.350	0.000	1.01818609
-0.650	-0.350	0.000	1.01869035
-0.550	-0.350	0.000	1.01913822
-0.450	-0.350	0.000	1.01962185
-0.350	-0.350	0.000	1.02014709
-0.250	-0.350	0.000	1.02082407
-0.150	-0.350	0.000	1.02162480
-0.050	-0.350	0.000	1.02236581
0.050	-0.350	0.000	1.02307618
0.150	-0.350	0.000	1.02331936
0.250	-0.350	0.000	1.02317595
0.350	-0.350	0.000	1.02270818
0.450	-0.350	0.000	1.02212155
0.550	-0.350	0.000	1.02161026
0.650	-0.350	0.000	1.02139807
0.750	-0.350	0.000	1.02141452
0.850	-0.350	0.000	1.02166045
0.950	-0.350	0.000	1.02203214
1.050	-0.350	0.000	1.02246749
1.150	-0.350	0.000	1.02296937
1.250	-0.350	0.000	1.02350760
1.350	-0.350	0.000	1.02406585
1.450	-0.350	0.000	1.02453673
1.550	-0.350	0.000	1.02490735
1.650	-0.350	0.000	1.02519131
1.750	-0.350	0.000	1.02534175
1.850	-0.350	0.000	1.02538097
1.950	-0.350	0.000	1.02543139
2.050	-0.350	0.000	1.02522624
2.150	-0.350	0.000	1.02499557
2.250	-0.350	0.000	1.02437973
2.350	-0.350	0.000	1.02415490
2.450	-0.350	0.000	1.02315879
-2.450	-0.250	0.000	1.02383673
-2.350	-0.250	0.000	1.02420032
-2.250	-0.250	0.000	1.02382267
-2.150	-0.250	0.000	1.02356684
-2.050	-0.250	0.000	1.02327549
-1.950	-0.250	0.000	1.02346003
-1.850	-0.250	0.000	1.02379572
-1.750	-0.250	0.000	1.02412593
-1.650	-0.250	0.000	1.02434313
-1.550	-0.250	0.000	1.02402592
-1.450	-0.250	0.000	1.02309060
-1.350	-0.250	0.000	1.02168429
-1.250	-0.250	0.000	1.02004504
-1.150	-0.250	0.000	1.01869082
-1.050	-0.250	0.000	1.01807153
-0.950	-0.250	0.000	1.01785648
-0.850	-0.250	0.000	1.01797128
-0.750	-0.250	0.000	1.01833749
-0.650	-0.250	0.000	1.01873088
-0.550	-0.250	0.000	1.01909471
-0.450	-0.250	0.000	1.01946640
-0.350	-0.250	0.000	1.01991296
-0.250	-0.250	0.000	1.02060163
-0.150	-0.250	0.000	1.02149200
-0.050	-0.250	0.000	1.02235103
0.050	-0.250	0.000	1.02314770
0.150	-0.250	0.000	1.02355146
0.250	-0.250	0.000	1.02345955
0.350	-0.250	0.000	1.02302456
0.450	-0.250	0.000	1.02244151
0.550	-0.250	0.000	1.02185452
0.650	-0.250	0.000	1.02153301
0.750	-0.250	0.000	1.02146995
0.850	-0.250	0.000	1.02160871
0.950	-0.250	0.000	1.02194977
1.050	-0.250	0.000	1.02238286
1.150	-0.250	0.000	1.02291572
1.250	-0.250	0.000	1.02352142
1.350	-0.250	0.000	1.02411509
1.450	-0.250	0.000	1.02460241
1.550	-0.250	0.000	1.02493942
1.650	-0.250	0.000	1.02518082
1.750	-0.250	0.000	1.02532828
1.850	-0.250	0.000	1.02534068
1.950	-0.250	0.000	1.02538121
2.050	-0.250	0.000	1.02523971
2.150	-0.250	0.000	1.02518237
2.250	-0.250	0.000	1.02476525
2.350	-0.250	0.000	1.02469587
2.450	-0.250	0.000	1.02375627
-2.450	-0.150	0.000	1.02377522
-2.350	-0.150	0.000	1.02409256
-2.250	-0.150	0.000	1.02367008
-2.150	-0.150	0.000	1.02344072
-2.050	-0.150	0.000	1.02311480
-1.950	-0.150	0.000	1.02326822
-1.850	-0.150	0.000	1.02348995
-1.750	-0.150	0.000	1.02376568
-1.650	-0.150	0.000	1.02391136
-1.550	-0.150	0.000	1.02359712
-1.450	-0.150	0.000	1.02275825
-1.350	-0.150	0.000	1.02157676
-1.250	-0.150	0.000	1.02022219
-1.150	-0.150	0.000	1.01914227
-1.050	-0.150	0.000	1.01861489
-0.950	-0.150	0.000	1.01830101
-0.850	-0.150	0.000	1.01832986
-0.750	-0.150	0.000	1.01855302
-0.650	-0.150	0.000	1.01883030
-0.550	-0.150	0.000	1.01906443
-0.450	-0.150	0.000	1.01932681
-0.350	-0.150	0.000	1.01970613
-0.250	-0.150	0.000	1.02036643
-0.150	-0.150	0.000	1.02127659
-0.050	-0.150	0.000	1.02221763
0.050	-0.150	0.000	1.02301526
0.150	-0.150	0.000	1.02364635
0.250	-0.150	0.000	1.02369702
0.350	-0.150	0.000	1.02339184
0.450	-0.150	0.000	1.02287197
0.550	-0.150	0.000	1.02229202
0.650	-0.150	0.000	1.02182567
0.750	-0.150	0.000	1.02167940
0.850	-0.150	0.000	1.02168858
0.950	-0.150	0.000	1.02192581
1.050	-0.150	0.000	1.02231944
1.150	-0.150	0.000	1.02283859
1.250	-0.150	0.000	1.02347481
1.350	-0.150	0.000	1.02412188
1.450	-0.150	0.000	1.02465808
1.550	-0.150	0.000	1.02501047
1.650	-0.150	0.000	1.02518392
1.750	-0.150	0.000	1.02532244
1.850	-0.150	0.000	1.02530694
1.950	-0.150	0.000	1.02530718
2.050	-0.150	0.000	1.02519822
2.150	-0.150	0.000	1.02524292
2.250	-0.150	0.000	1.02498567
2.350	-0.150	0.000	1.02503562
2.450	-0.150	0.000	1.02422655
-2.450	-0.050	0.000	1.02399385
-2.350	-0.050	0.000	1.02430153
-2.250	-0.050	0.000	1.02383029
-2.150	-0.050	0.000	1.02361238
-2.050	-0.050	0.000	1.02324712
-1.950	-0.050	0.000	1.02336276
-1.850	-0.050	0.000	1.02350628
-1.750	-0.050	0.000	1.02368081
-1.650	-0.050	0.000	1.02376401
-1.550	-0.050	0.000	1.02346432
-1.450	-0.050	0.000	1.02274859
-1.350	-0.050	0.000	1.02174413
-1.250	-0.050	0.000	1.02051973
-1.150	-0.050	0.000	1.01959109
-1.050	-0.050	0.000	1.01913750
-0.950	-0.050	0.000	1.01886654
-0.850	-0.050	0.000	1.01883948
-0.750	-0.050	0.000	1.01894283
-0.650	-0.050	0.000	1.01909864
-0.550	-0.050	0.000	1.01921797
-0.450	-0.050	0.000	1.01936746
-0.350	-0.050	0.000	1.01969218
-0.250	-0.050	0.000	1.02028751
-0.150	-0.050	0.000	1.02115953
-0.050	-0.050	0.000	1.02212322
0.050	-0.050	0.000	1.02288246
0.150	-0.050	0.000	1.02359366
0.250	-0.050	0.000	1.02374840
0.350	-0.050	0.000	1.02358365
0.450	-0.050	0.000	1.02318120
0.550	-0.050	0.000	1.02270246
0.650	-0.050	0.000	1.02224028
0.750	-0.050	0.000	1.02205586
0.850	-0.050	0.000	1.02197647
0.950	-0.050	0.000	1.02205467
1.050	-0.050	0.000	1.02234411
1.150	-0.050	0.000	1.02277303
1.250	-0.050	0.000	1.02337897
1.350	-0.050	0.000	1.02404153
1.450	-0.050	0.000	1.02460504
1.550	-0.050	0.000	1.02503920
1.650	-0.050	0.000	1.02525091
1.750	-0.050	0.000	1.02539194
1.850	-0.050	0.000	1.02544391
1.950	-0.050	0.000	1.02545512
2.050	-0.050	0.000	1.02534914
2.150	-0.050	0.000	1.02539706
2.250	-0.050	0.000	1.02521288
2.350	-0.050	0.000	1.02529359
2.450	-0.050	0.000	1.02455401
-2.450	0.050	0.000	1.02439892
-2.350	0.050	0.000	1.02477312
-2.250	0.050	0.000	1.02427948
-2.150	0.050	0.000	1.02408195
-2.050	0.050	0.000	1.02369010
-1.950	0.050	0.000	1.02373075
-1.850	0.050	0.000	1.02376521
-1.750	0.050	0.000	1.02388346
-1.650	0.050	0.000	1.02392840
-1.550	0.050	0.000	1.02363718
-1.450	0.050	0.000	1.02298510
-1.350	0.050	0.000	1.02211607
-1.250	0.050	0.000	1.02106261
-1.150	0.050	0.000	1.02032959
-1.050	0.050	0.000	1.01982653
-0.950	0.050	0.000	1.01952124
-0.850	0.050	0.000	1.01943374
-0.750	0.050	0.000	1.01944697
-0.650	0.050	0.000	1.01949251
-0.550	0.050	0.000	1.01952612
-0.450	0.050	0.000	1.01959348
-0.350	0.050	0.000	1.01987720
-0.250	0.050	0.000	1.02037537
-0.150	0.050	0.000	1.02112913
-0.050	0.050	0.000	1.02209044
0.050	0.050	0.000	1.02290535
0.150	0.050	0.000	1.02361298
0.250	0.050	0.000	1.02383947
0.350	0.050	0.000	1.02373171
0.450	0.050	0.000	1.02338517
0.550	0.050	0.000	1.02298462
0.650	0.050	0.000	1.02261829
0.750	0.050	0.000	1.02244961
0.850	0.050	0.000	1.02233958
0.950	0.050	0.000	1.02231467
1.050	0.050	0.000	1.02247465
1.150	0.050	0.000	1.02277768
1.250	0.050	0.000	1.02326345
1.350	0.050	0.000	1.02389002
1.450	0.050	0.000	1.02446103
1.550	0.050	0.000	1.02490449
1.650	0.050	0.000	1.02516925
1.750	0.050	0.000	1.02530217
1.850	0.050	0.000	1.02537501
1.950	0.050	0.000	1.02545154
2.050	0.050	0.000	1.02537763
2.150	0.050	0.000	1.02541542
2.250	0.050	0.000	1.02526844
2.350	0.050	0.000	1.02537918
2.450	0.050	0.000	1.02467525
-2.450	0.150	0.000	1.02495074
-2.350	0.150	0.000	1.02539551
-2.250	0.150	0.000	1.02489269
-2.150	0.150	0.000	1.02471197
-2.050	0.150	0.000	1.02431607
-1.950	0.150	0.000	1.02429795
-1.850	0.150	0.000	1.02425587
-1.750	0.150	0.000	1.02429891
-1.650	0.150	0.000	1.02428555
-1.550	0.150	0.000	1.02408564
-1.450	0.150	0.000	1.02356470
-1.350	0.150	0.000	1.02280128
-1.250	0.150	0.000	1.02189779
-1.150	0.150	0.000	1.02115083
-1.050	0.150	0.000	1.02059281
-0.950	0.150	0.000	1.02026355
-0.850	0.150	0.000	1.02012062
-0.750	0.150	0.000	1.02011442
-0.650	0.150	0.000	1.02011251
-0.550	0.150	0.000	1.02010620
-0.450	0.150	0.000	1.02011633
-0.350	0.150	0.000	1.02027559
-0.250	0.150	0.000	1.02069330
-0.150	0.150	0.000	1.02132785
-0.050	0.150	0.000	1.02212369
0.050	0.150	0.000	1.02290893
0.150	0.150	0.000	1.02361310
0.250	0.150	0.000	1.02387893
0.350	0.150	0.000	1.02385616
0.450	0.150	0.000	1.02361917
0.550	0.150	0.000	1.02329826
0.650	0.150	0.000	1.02300084
0.750	0.150	0.000	1.02284265
0.850	0.150	0.000	1.02272940
0.950	0.150	0.000	1.02265167
1.050	0.150	0.000	1.02268851
1.150	0.150	0.000	1.02284408
1.250	0.150	0.000	1.02317905
1.350	0.150	0.000	1.02365375
1.450	0.150	0.000	1.02415872
1.550	0.150	0.000	1.02461815
1.650	0.150	0.000	1.02491248
1.750	0.150	0.000	1.02508879
1.850	0.150	0.000	1.02517676
1.950	0.150	0.000	1.02536154
2.050	0.150	0.000	1.02538741
2.150	0.150	0.000	1.02546275
2.250	0.150	0.000	1.02528739
2.350	0.150	0.000	1.02540123
2.450	0.150	0.000	1.02469468
-2.450	0.250	0.000	1.02544355
-2.350	0.250	0.000	1.02596164
-2.250	0.250	0.000	1.02547228
-2.150	0.250	0.000	1.02531195
-2.050	0.250	0.000	1.02491856
-1.950	0.250	0.000	1.02486396
-1.850	0.250	0.000	1.02476680
-1.750	0.250	0.000	1.02475691
-1.650	0.250	0.000	1.02473235
-1.550	0.250	0.000	1.02457058
-1.450	0.250	0.000	1.02416289
-1.350	0.250	0.000	1.02351964
-1.250	0.250	0.000	1.02271605
-1.150	0.250	0.000	1.02195418
-1.050	0.250	0.000	1.02133799
-0.950	0.250	0.000	1.02095878
-0.850	0.250	0.000	1.02081478
-0.750	0.250	0.000	1.02082443
-0.650	0.250	0.000	1.02085495
-0.550	0.250	0.000	1.02085996
-0.450	0.250	0.000	1.02083790
-0.350	0.250	0.000	1.02095175
-0.250	0.250	0.000	1.02122569
-0.150	0.250	0.000	1.02169693
-0.050	0.250	0.000	1.02234340
0.050	0.250	0.000	1.02302039
0.150	0.250	0.000	1.02361786
0.250	0.250	0.000	1.02386701
0.350	0.250	0.000	1.02387369
0.450	0.250	0.000	1.02369571
0.550	0.250	0.000	1.02343738
0.650	0.250	0.000	1.02324677
0.750	0.250	0.000	1.02317500
0.850	0.250	0.000	1.02312100
0.950	0.250	0.000	1.02308464
1.050	0.250	0.000	1.02304196
1.150	0.250	0.000	1.02306759
1.250	0.250	0.000	1.02325010
1.350	0.250	0.000	1.02352798
1.450	0.250	0.000	1.02384353
1.550	0.250	0.000	1.02415109
1.650	0.250	0.000	1.02438033
1.750	0.250	0.000	1.02457368
1.850	0.250	0.000	1.02469420
1.950	0.250	0.000	1.02499318
2.050	0.250	0.000	1.02515447
2.150	0.250	0.000	1.02533388
2.250	0.250	0.000	1.02523065
2.350	0.250	0.000	1.02544415
2.450	0.250	0.000	1.02472305
-2.450	0.350	0.000	1.02575290
-2.350	0.350	0.000	1.02638364
-2.250	0.350	0.000	1.02597487
-2.150	0.350	0.000	1.02583587
-2.050	0.350	0.000	1.02543628
-1.950	0.350	0.000	1.02530539
-1.850	0.350	0.000	1.02513552
-1.750	0.350	0.000	1.02504861
-1.650	0.350	0.000	1.02501488
-1.550	0.350	0.000	1.02487886
-1.450	0.350	0.000	1.02459264
-1.350	0.350	0.000	1.02407777
-1.250	0.350	0.000	1.02340615
-1.150	0.350	0.000	1.02263796
-1.050	0.350	0.000	1.02195799
-0.950	0.350	0.000	1.02148354
-0.850	0.350	0.000	1.02131438
-0.750	0.350	0.000	1.02134776
-0.650	0.350	0.000	1.02145922
-0.550	0.350	0.000	1.02155638
-0.450	0.350	0.000	1.02160442
-0.350	0.350	0.000	1.02171445
-0.250	0.350	0.000	1.02192199
-0.150	0.350	0.000	1.02226186
-0.050	0.350	0.000	1.02272832
0.050	0.350	0.000	1.02329564
0.150	0.350	0.000	1.02379370
0.250	0.350	0.000	1.02390003
0.350	0.350	0.000	1.02384412
0.450	0.350	0.000	1.02367449
0.550	0.350	0.000	1.02344978
0.650	0.350	0.000	1.02329123
0.750	0.350	0.000	1.02325749
0.850	0.350	0.000	1.02324426
0.950	0.350	0.000	1.02325869
1.050	0.350	0.000	1.02321100
1.150	0.350	0.000	1.02324867
1.250	0.350	0.000	1.02333057
1.350	0.350	0.000	1.02347136
1.450	0.350	0.000	1.02367568
1.550	0.350	0.000	1.02388501
1.650	0.350	0.000	1.02403462
1.750	0.350	0.000	1.02416861
1.850	0.350	0.000	1.02427053
1.950	0.350	0.000	1.02452219
2.050	0.350	0.000	1.02472711
2.150	0.350	0.000	1.02503061
2.250	0.350	0.000	1.02502024
2.350	0.350	0.000	1.02534389
2.450	0.350	0.000	1.02472746
-2.450	0.450	0.000	1.02583587
-2.350	0.450	0.000	1.02652776
-2.250	0.450	0.000	1.02627361
-2.150	0.450	0.000	1.02618313
-2.050	0.450	0.000	1.02583218
-1.950	0.450	0.000	1.02564824
-1.850	0.450	0.000	1.02540123
-1.750	0.450	0.000	1.02518463
-1.650	0.450	0.000	1.02509415
-1.550	0.450	0.000	1.02492857
-1.450	0.450	0.000	1.02477038
-1.350	0.450	0.000	1.02439678
-1.250	0.450	0.000	1.02381802
-1.150	0.450	0.000	1.02305710
-1.050	0.450	0.000	1.02237403
-0.950	0.450	0.000	1.02183998
-0.850	0.450	0.000	1.02162373
-0.750	0.450	0.000	1.02169073
-0.650	0.450	0.000	1.02187419
-0.550	0.450	0.000	1.02206981
-0.450	0.450	0.000	1.02222228
-0.350	0.450	0.000	1.02240336
-0.250	0.450	0.000	1.02262890
-0.150	0.450	0.000	1.02295280
-0.050	0.450	0.000	1.02336514
0.050	0.450	0.000	1.02372682
0.150	0.450	0.000	1.02409697
0.250	0.450	0.000	1.02418363
0.350	0.450	0.000	1.02408433
0.450	0.450	0.000	1.02382195
0.550	0.450	0.000	1.02346730
0.650	0.450	0.000	1.02327716
0.750	0.450	0.000	1.02322543
0.850	0.450	0.000	1.02318811
0.950	0.450	0.000	1.02322435
1.050	0.450	0.000	1.02321804
1.150	0.450	0.000	1.02332091
1.250	0.450	0.000	1.02346230
1.350	0.450	0.000	1.02359033
1.450	0.450	0.000	1.02372777
1.550	0.450	0.000	1.02380061
1.650	0.450	0.000	1.02383709
1.750	0.450	0.000	1.02387822
1.850	0.450	0.000	1.02392542
1.950	0.450	0.000	1.02413988
2.050	0.450	0.000	1.02440250
2.150	0.450	0.000	1.02485180
2.250	0.450	0.000	1.02495372
2.350	0.450	0.000	1.02532458
2.450	0.450	0.000	1.02479506
-2.450	0.550	0.000	1.02591348
-2.350	0.550	0.000	1.02669013
-2.250	0.550	0.000	1.02656507
-2.150	0.550	0.000	1.02651215
-2.050	0.550	0.000	1.02619004
-1.950	0.550	0.000	1.02596545
-1.850	0.550	0.000	1.02565098
-1.750	0.550	0.000	1.02533507
-1.650	0.550	0.000	1.02515554
-1.550	0.550	0.000	1.02496052
-1.450	0.550	0.000	1.02481842
-1.350	0.550	0.000	1.02450407
-1.250	0.550	0.000	1.02398753
-1.150	0.550	0.000	1.02326143
-1.050	0.550	0.000	1.02249503
-0.950	0.550	0.000	1.02188075
-0.850	0.550	0.000	1.02167904
-0.750	0.550	0.000	1.02179444
-0.650	0.550	0.000	1.02210224
-0.550	0.550	0.000	1.02244473
-0.450	0.550	0.000	1.02276087
-0.350	0.550	0.000	1.02306664
-0.250	0.550	0.000	1.02338660
-0.150	0.550	0.000	1.02374732
-0.050	0.550	0.000	1.02414525
0.050	0.550	0.000	1.02445507
0.150	0.550	0.000	1.02470386
0.250	0.550	0.000	1.02459621
0.350	0.550	0.000	1.02434003
0.450	0.550	0.000	1.02401423
0.550	0.550	0.000	1.02367485
0.650	0.550	0.000	1.02339101
0.750	0.550	0.000	1.02324951
0.850	0.550	0.000	1.02315855
0.950	0.550	0.000	1.02318108
1.050	0.550	0.000	1.02322567
1.150	0.550	0.000	1.02332854
1.250	0.550	0.000	1.02354956
1.350	0.550	0.000	1.02373695
1.450	0.550	0.000	1.02385902
1.550	0.550	0.000	1.02386272
1.650	0.550	0.000	1.02386034
1.750	0.550	0.000	1.02385151
1.850	0.550	0.000	1.02388883
1.950	0.550	0.000	1.02409434
2.050	0.550	0.000	1.02434206
2.150	0.550	0.000	1.02483642
2.250	0.550	0.000	1.02503026
2.350	0.550	0.000	1.02543962
2.450	0.550	0.000	1.02503061
-2.450	0.650	0.000	1.02594018
-2.350	0.650	0.000	1.02675748
-2.250	0.650	0.000	1.02674305
-2.150	0.650	0.000	1.02679086
-2.050	0.650	0.000	1.02657664
-1.950	0.650	0.000	1.02636862
-1.850	0.650	0.000	1.02594721
-1.750	0.650	0.000	1.02560830
-1.650	0.650	0.000	1.02527893
-1.550	0.650	0.000	1.02500331
-1.450	0.650	0.000	1.02486098
-1.350	0.650	0.000	1.02461052
-1.250	0.650	0.000	1.02410829
-1.150	0.650	0.000	1.02338672
-1.050	0.650	0.000	1.02259052
-0.950	0.650	0.000	1.02189732
-0.850	0.650	0.000	1.02159834
-0.750	0.650	0.000	1.02169931
-0.650	0.650	0.000	1.02205789
-0.550	0.650	0.000	1.02251697
-0.450	0.650	0.000	1.02298498
-0.350	0.650	0.000	1.02345026
-0.250	0.650	0.000	1.02389920
-0.150	0.650	0.000	1.02437365
-0.050	0.650	0.000	1.02486920
0.050	0.650	0.000	1.02525985
0.150	0.650	0.000	1.02552247
0.250	0.650	0.000	1.02538776
0.350	0.650	0.000	1.02503777
0.450	0.650	0.000	1.02456737
0.550	0.650	0.000	1.02408218
0.650	0.650	0.000	1.02368343
0.750	0.650	0.000	1.02350116
0.850	0.650	0.000	1.02338290
0.950	0.650	0.000	1.02341664
1.050	0.650	0.000	1.02349341
1.150	0.650	0.000	1.02352512
1.250	0.650	0.000	1.02369034
1.350	0.650	0.000	1.02391064
1.450	0.650	0.000	1.02408099
1.550	0.650	0.000	1.02411938
1.650	0.650	0.000	1.02410054
1.750	0.650	0.000	1.02397501
1.850	0.650	0.000	1.02388132
1.950	0.650	0.000	1.02403724
2.050	0.650	0.000	1.02424192
2.150	0.650	0.000	1.02474809
2.250	0.650	0.000	1.02503538
2.350	0.650	0.000	1.02551758
2.450	0.650	0.000	1.02520120
-2.450	0.750	0.000	1.02603447
-2.350	0.750	0.000	1.02688456
-2.250	0.750	0.000	1.02693093
-2.150	0.750	0.000	1.02702725
-2.050	0.750	0.000	1.02689028
-1.950	0.750	0.000	1.02670205
-1.850	0.750	0.000	1.02630079
-1.750	0.750	0.000	1.02592063
-1.650	0.750	0.000	1.02547359
-1.550	0.750	0.000	1.02514434
-1.450	0.750	0.000	1.02494299
-1.350	0.750	0.000	1.02470469
-1.250	0.750	0.000	1.02421522
-1.150	0.750	0.000	1.02349162
-1.050	0.750	0.000	1.02264392
-0.950	0.750	0.000	1.02184772
-0.850	0.750	0.000	1.02144420
-0.750	0.750	0.000	1.02148783
-0.650	0.750	0.000	1.02184796
-0.550	0.750	0.000	1.02238107
-0.450	0.750	0.000	1.02296615
-0.350	0.750	0.000	1.02357507
-0.250	0.750	0.000	1.02416682
-0.150	0.750	0.000	1.02477026
-0.050	0.750	0.000	1.02538085
0.050	0.750	0.000	1.02587414
0.150	0.750	0.000	1.02618659
0.250	0.750	0.000	1.02608204
0.350	0.750	0.000	1.02574813
0.450	0.750	0.000	1.02525389
0.550	0.750	0.000	1.02475321
0.650	0.750	0.000	1.02426565
0.750	0.750	0.000	1.02398336
0.850	0.750	0.000	1.02380347
0.950	0.750	0.000	1.02374148
1.050	0.750	0.000	1.02384877
1.150	0.750	0.000	1.02403998
1.250	0.750	0.000	1.02425551
1.350	0.750	0.000	1.02451479
1.450	0.750	0.000	1.02460957
1.550	0.750	0.000	1.02454197
1.650	0.750	0.000	1.02441204
1.750	0.750	0.000	1.02423596
1.850	0.750	0.000	1.02406597
1.950	0.750	0.000	1.02416515
2.050	0.750	0.000	1.02431989
2.150	0.750	0.000	1.02477968
2.250	0.750	0.000	1.02509546
2.350	0.750	0.000	1.02559686
2.450	0.750	0.000	1.02534425
-2.450	0.850	0.000	1.02609956
-2.350	0.850	0.000	1.02696204
-2.250	0.850	0.000	1.02704406
-2.150	0.850	0.000	1.02719796
-2.050	0.850	0.000	1.02719736
-1.950	0.850	0.000	1.02706063
-1.850	0.850	0.000	1.02670062
-1.750	0.850	0.000	1.02630496
-1.650	0.850	0.000	1.02581668
-1.550	0.850	0.000	1.02545154
-1.450	0.850	0.000	1.02521372
-1.350	0.850	0.000	1.02497661
-1.250	0.850	0.000	1.02449155
-1.150	0.850	0.000	1.02372384
-1.050	0.850	0.000	1.02280569
-0.950	0.850	0.000	1.02187049
-0.850	0.850	0.000	1.02133989
-0.750	0.850	0.000	1.02130282
-0.650	0.850	0.000	1.02161872
-0.550	0.850	0.000	1.02217305
-0.450	0.850	0.000	1.02282882
-0.350	0.850	0.000	1.02354431
-0.250	0.850	0.000	1.02427709
-0.150	0.850	0.000	1.02500296
-0.050	0.850	0.000	1.02573705
0.050	0.850	0.000	1.02631652
0.150	0.850	0.000	1.02673852
0.250	0.850	0.000	1.02674472
0.350	0.850	0.000	1.02648234
0.450	0.850	0.000	1.02601480
0.550	0.850	0.000	1.02553499
0.650	0.850	0.000	1.02503824
0.750	0.850	0.000	1.02475643
0.850	0.850	0.000	1.02459025
0.950	0.850	0.000	1.02451396
1.050	0.850	0.000	1.02451646
1.150	0.850	0.000	1.02455986
1.250	0.850	0.000	1.02467477
1.350	0.850	0.000	1.02482712
1.450	0.850	0.000	1.02494168
1.550	0.850	0.000	1.02489877
1.650	0.850	0.000	1.02476895
1.750	0.850	0.000	1.02459419
1.850	0.850	0.000	1.02440369
1.950	0.850	0.000	1.02443326
2.050	0.850	0.000	1.02449536
2.150	0.850	0.000	1.02486384
2.250	0.850	0.000	1.02513516
2.350	0.850	0.000	1.02561831
2.450	0.850	0.000	1.02538753
-2.450	0.950	0.000	1.02638078
-2.350	0.950	0.000	1.02725005
-2.250	0.950	0.000	1.02733076
-2.150	0.950	0.000	1.02750695
-2.050	0.950	0.000	1.02761722
-1.950	0.950	0.000	1.02750587
-1.850	0.950	0.000	1.02720916
-1.750	0.950	0.000	1.02679551
-1.650	0.950	0.000	1.02626514
-1.550	0.950	0.000	1.02586424
-1.450	0.950	0.000	1.02562857
-1.350	0.950	0.000	1.02537239
-1.250	0.950	0.000	1.02491963
-1.150	0.950	0.000	1.02414572
-1.050	0.950	0.000	1.02319169
-0.950	0.950	0.000	1.02216792
-0.850	0.950	0.000	1.02149177
-0.750	0.950	0.000	1.02126276
-0.650	0.950	0.000	1.02146852
-0.550	0.950	0.000	1.02200258
-0.450	0.950	0.000	1.02268922
-0.350	0.950	0.000	1.02345777
-0.250	0.950	0.000	1.02425039
-0.150	0.950	0.000	1.02502227
-0.050	0.950	0.000	1.02579463
0.050	0.950	0.000	1.02646852
0.150	0.950	0.000	1.02701485
0.250	0.950	0.000	1.02714980
0.350	0.950	0.000	1.02697814
0.450	0.950	0.000	1.02657390
0.550	0.950	0.000	1.02616119
0.650	0.950	0.000	1.02576089
0.750	0.950	0.000	1.02555120
0.850	0.950	0.000	1.02545607
0.950	0.950	0.000	1.02542269
1.050	0.950	0.000	1.02543747
1.150	0.950	0.000	1.02545273
1.250	0.950	0.000	1.02545071
1.350	0.950	0.000	1.02548027
1.450	0.950	0.000	1.02549243
1.550	0.950	0.000	1.02536798
1.650	0.950	0.000	1.02520084
1.750	0.950	0.000	1.02503049
1.850	0.950	0.000	1.02480984
1.950	0.950	0.000	1.02478194
2.050	0.950	0.000	1.02475560
2.150	0.950	0.000	1.02502191
2.250	0.950	0.000	1.02524245
2.350	0.950	0.000	1.02575648
2.450	0.950	0.000	1.02553391
-2.450	1.050	0.000	1.02661550
-2.350	1.050	0.000	1.02749050
-2.250	1.050	0.000	1.02760780
-2.150	1.050	0.000	1.02781665
-2.050	1.050	0.000	1.02798474
-1.950	1.050	0.000	1.02792609
-1.850	1.050	0.000	1.02765942
-1.750	1.050	0.000	1.02720261
-1.650	1.050	0.000	1.02668202
-1.550	1.050	0.000	1.02629042
-1.450	1.050	0.000	1.02607787
-1.350	1.050	0.000	1.02585852
-1.250	1.050	0.000	1.02544785
-1.150	1.050	0.000	1.02468860
-1.050	1.050	0.000	1.02372015
-0.950	1.050	0.000	1.02263117
-0.850	1.050	0.000	1.02181935
-0.750	1.050	0.000	1.02140224
-0.650	1.050	0.000	1.02148342
-0.550	1.050	0.000	1.02193844
-0.450	1.050	0.000	1.02261698
-0.350	1.050	0.000	1.02339327
-0.250	1.050	0.000	1.02419794
-0.150	1.050	0.000	1.02496541
-0.050	1.050	0.000	1.02572739
0.050	1.050	0.000	1.02643883
0.150	1.050	0.000	1.02702761
0.250	1.050	0.000	1.02725875
0.350	1.050	0.000	1.02718890
0.450	1.050	0.000	1.02689779
0.550	1.050	0.000	1.02657855
0.650	1.050	0.000	1.02626431
0.750	1.050	0.000	1.02614737
0.850	1.050	0.000	1.02614808
0.950	1.050	0.000	1.02619767
1.050	1.050	0.000	1.02625191
1.150	1.050	0.000	1.02624679
1.250	1.050	0.000	1.02615607
1.350	1.050	0.000	1.02603793
1.450	1.050	0.000	1.02588117
1.550	1.050	0.000	1.02565348
1.650	1.050	0.000	1.02542651
1.750	1.050	0.000	1.02524090
1.850	1.050	0.000	1.02503705
1.950	1.050	0.000	1.02498937
2.050	1.050	0.000	1.02497280
2.150	1.050	0.000	1.02527583
2.250	1.050	0.000	1.02543807
2.350	1.050	0.000	1.02585030
2.450	1.050	0.000	1.02560270
-2.450	1.150	0.000	1.02675760
-2.350	1.150	0.000	1.02765238
-2.250	1.150	0.000	1.02793944
-2.150	1.150	0.000	1.02817309
-2.050	1.150	0.000	1.02836907
-1.950	1.150	0.000	1.02833545
-1.850	1.150	0.000	1.02804339
-1.750	1.150	0.000	1.02753341
-1.650	1.150	0.000	1.02701163
-1.550	1.150	0.000	1.02665293
-1.450	1.150	0.000	1.02644813
-1.350	1.150	0.000	1.02624834
-1.250	1.150	0.000	1.02589846
-1.150	1.150	0.000	1.02522957
-1.050	1.150	0.000	1.02433944
-0.950	1.150	0.000	1.02329981
-0.850	1.150	0.000	1.02241576
-0.750	1.150	0.000	1.02178812
-0.650	1.150	0.000	1.02169323
-0.550	1.150	0.000	1.02202213
-0.450	1.150	0.000	1.02262962
-0.350	1.150	0.000	1.02334893
-0.250	1.150	0.000	1.02410221
-0.150	1.150	0.000	1.02482045
-0.050	1.150	0.000	1.02549922
0.050	1.150	0.000	1.02619374
0.150	1.150	0.000	1.02678061
0.250	1.150	0.000	1.02706587
0.350	1.150	0.000	1.02708530
0.450	1.150	0.000	1.02690649
0.550	1.150	0.000	1.02666140
0.650	1.150	0.000	1.02644706
0.750	1.150	0.000	1.02644622
0.850	1.150	0.000	1.02654171
0.950	1.150	0.000	1.02668941
1.050	1.150	0.000	1.02684176
1.150	1.150	0.000	1.02689588
1.250	1.150	0.000	1.02680969
1.350	1.150	0.000	1.02661490
1.450	1.150	0.000	1.02637434
1.550	1.150	0.000	1.02607358
1.650	1.150	0.000	1.02577949
1.750	1.150	0.000	1.02552867
1.850	1.150	0.000	1.02532697
1.950	1.150	0.000	1.02525556
2.050	1.150	0.000	1.02517605
2.150	1.150	0.000	1.02542031
2.250	1.150	0.000	1.02558124
2.350	1.150	0.000	1.02602470
2.450	1.150	0.000	1.02580190
-2.450	1.250	0.000	1.02668643
-2.350	1.250	0.000	1.02764416
-2.250	1.250	0.000	1.02813840
-2.150	1.250	0.000	1.02842462
-2.050	1.250	0.000	1.02863872
-1.950	1.250	0.000	1.02864051
-1.850	1.250	0.000	1.02834475
-1.750	1.250	0.000	1.02780819
-1.650	1.250	0.000	1.02728295
-1.550	1.250	0.000	1.02689683
-1.450	1.250	0.000	1.02669168
-1.350	1.250	0.000	1.02651107
-1.250	1.250	0.000	1.02619517
-1.150	1.250	0.000	1.02562940
-1.050	1.250	0.000	1.02483785
-0.950	1.250	0.000	1.02387655
-0.850	1.250	0.000	1.02296579
-0.750	1.250	0.000	1.02222884
-0.650	1.250	0.000	1.02198052
-0.550	1.250	0.000	1.02219272
-0.450	1.250	0.000	1.02270055
-0.350	1.250	0.000	1.02333987
-0.250	1.250	0.000	1.02402723
-0.150	1.250	0.000	1.02467144
-0.050	1.250	0.000	1.02523828
0.050	1.250	0.000	1.02583289
0.150	1.250	0.000	1.02634263
0.250	1.250	0.000	1.02660382
0.350	1.250	0.000	1.02666831
0.450	1.250	0.000	1.02659082
0.550	1.250	0.000	1.02643704
0.650	1.250	0.000	1.02634633
0.750	1.250	0.000	1.02642643
0.850	1.250	0.000	1.02657962
0.950	1.250	0.000	1.02678633
1.050	1.250	0.000	1.02701879
1.150	1.250	0.000	1.02712989
1.250	1.250	0.000	1.02710724
1.350	1.250	0.000	1.02693367
1.450	1.250	0.000	1.02665365
1.550	1.250	0.000	1.02635288
1.650	1.250	0.000	1.02606761
1.750	1.250	0.000	1.02582157
1.850	1.250	0.000	1.02557468
1.950	1.250	0.000	1.02544010
2.050	1.250	0.000	1.02532494
2.150	1.250	0.000	1.02555227
2.250	1.250	0.000	1.02568865
2.350	1.250	0.000	1.02608800
2.450	1.250	0.000	1.02589142
-2.450	1.350	0.000	1.02622211
-2.350	1.350	0.000	1.02737236
-2.250	1.350	0.000	1.02801967
-2.150	1.350	0.000	1.02849925
-2.050	1.350	0.000	1.02888536
-1.950	1.350	0.000	1.02898312
-1.850	1.350	0.000	1.02869272
-1.750	1.350	0.000	1.02813661
-1.650	1.350	0.000	1.02759123
-1.550	1.350	0.000	1.02718496
-1.450	1.350	0.000	1.02693522
-1.350	1.350	0.000	1.02669132
-1.250	1.350	0.000	1.02635384
-1.150	1.350	0.000	1.02585208
-1.050	1.350	0.000	1.02516401
-0.950	1.350	0.000	1.02428794
-0.850	1.350	0.000	1.02336264
-0.750	1.350	0.000	1.02256906
-0.650	1.350	0.000	1.02220321
-0.550	1.350	0.000	1.02230060
-0.450	1.350	0.000	1.02272558
-0.350	1.350	0.000	1.02329934
-0.250	1.350	0.000	1.02392638
-0.150	1.350	0.000	1.02450097
-0.050	1.350	0.000	1.02496254
0.050	1.350	0.000	1.02545154
0.150	1.350	0.000	1.02587330
0.250	1.350	0.000	1.02608299
0.350	1.350	0.000	1.02615523
0.450	1.350	0.000	1.02612150
0.550	1.350	0.000	1.02602804
0.650	1.350	0.000	1.02601123
0.750	1.350	0.000	1.02613521
0.850	1.350	0.000	1.02631581
0.950	1.350	0.000	1.02655435
1.050	1.350	0.000	1.02684879
1.150	1.350	0.000	1.02706838
1.250	1.350	0.000	1.02717376
1.350	1.350	0.000	1.02712333
1.450	1.350	0.000	1.02693152
1.550	1.350	0.000	1.02665639
1.650	1.350	0.000	1.02636266
1.750	1.350	0.000	1.02609682
1.850	1.350	0.000	1.02585924
1.950	1.350	0.000	1.02573323
2.050	1.350	0.000	1.02558160
2.150	1.350	0.000	1.02574265
2.250	1.350	0.000	1.02583957
2.350	1.350	0.000	1.02619910
2.450	1.350	0.000	1.02600110
-2.450	1.450	0.000	1.02606499
-2.350	1.450	0.000	1.02724433
-2.250	1.450	0.000	1.02808094
-2.150	1.450	0.000	1.02875161
-2.050	1.450	0.000	1.02928555
-1.950	1.450	0.000	1.02944744
-1.850	1.450	0.000	1.02919364
-1.750	1.450	0.000	1.02867019
-1.650	1.450	0.000	1.02810228
-1.550	1.450	0.000	1.02766013
-1.450	1.450	0.000	1.02732337
-1.350	1.450	0.000	1.02695394
-1.250	1.450	0.000	1.02650094
-1.150	1.450	0.000	1.02593696
-1.050	1.450	0.000	1.02522981
-0.950	1.450	0.000	1.02440524
-0.850	1.450	0.000	1.02351034
-0.750	1.450	0.000	1.02275109
-0.650	1.450	0.000	1.02234733
-0.550	1.450	0.000	1.02236152
-0.450	1.450	0.000	1.02271497
-0.350	1.450	0.000	1.02323067
-0.250	1.450	0.000	1.02382028
-0.150	1.450	0.000	1.02436209
-0.050	1.450	0.000	1.02475750
0.050	1.450	0.000	1.02515507
0.150	1.450	0.000	1.02548325
0.250	1.450	0.000	1.02561498
0.350	1.450	0.000	1.02565312
0.450	1.450	0.000	1.02562273
0.550	1.450	0.000	1.02556837
0.650	1.450	0.000	1.02560806
0.750	1.450	0.000	1.02575111
0.850	1.450	0.000	1.02593005
0.950	1.450	0.000	1.02615976
1.050	1.450	0.000	1.02645397
1.150	1.450	0.000	1.02669501
1.250	1.450	0.000	1.02686691
1.350	1.450	0.000	1.02692008
1.450	1.450	0.000	1.02684391
1.550	1.450	0.000	1.02667391
1.650	1.450	0.000	1.02649033
1.750	1.450	0.000	1.02632535
1.850	1.450	0.000	1.02612484
1.950	1.450	0.000	1.02599776
2.050	1.450	0.000	1.02583706
2.150	1.450	0.000	1.02595246
2.250	1.450	0.000	1.02600145
2.350	1.450	0.000	1.02632260
2.450	1.450	0.000	1.02610552
-2.450	1.550	0.000	1.02596390
-2.350	1.550	0.000	1.02710664
-2.250	1.550	0.000	1.02802634
-2.150	1.550	0.000	1.02890813
-2.050	1.550	0.000	1.02972329
-1.950	1.550	0.000	1.02999485
-1.850	1.550	0.000	1.02983880
-1.750	1.550	0.000	1.02932715
-1.650	1.550	0.000	1.02875686
-1.550	1.550	0.000	1.02830410
-1.450	1.550	0.000	1.02789402
-1.350	1.550	0.000	1.02739835
-1.250	1.550	0.000	1.02678406
-1.150	1.550	0.000	1.02606142
-1.050	1.550	0.000	1.02527928
-0.950	1.550	0.000	1.02445519
-0.850	1.550	0.000	1.02358580
-0.750	1.550	0.000	1.02287877
-0.650	1.550	0.000	1.02248287
-0.550	1.550	0.000	1.02245784
-0.450	1.550	0.000	1.02274299
-0.350	1.550	0.000	1.02322078
-0.250	1.550	0.000	1.02378929
-0.150	1.550	0.000	1.02431953
-0.050	1.550	0.000	1.02470303
0.050	1.550	0.000	1.02506244
0.150	1.550	0.000	1.02533555
0.250	1.550	0.000	1.02540946
0.350	1.550	0.000	1.02540779
0.450	1.550	0.000	1.02535355
0.550	1.550	0.000	1.02530587
0.650	1.550	0.000	1.02533495
0.750	1.550	0.000	1.02545595
0.850	1.550	0.000	1.02560997
0.950	1.550	0.000	1.02582943
1.050	1.550	0.000	1.02612889
1.150	1.550	0.000	1.02641988
1.250	1.550	0.000	1.02667058
1.350	1.550	0.000	1.02681923
1.450	1.550	0.000	1.02683663
1.550	1.550	0.000	1.02673638
1.650	1.550	0.000	1.02658844
1.750	1.550	0.000	1.02643967
1.850	1.550	0.000	1.02624941
1.950	1.550	0.000	1.02614295
2.050	1.550	0.000	1.02601266
2.150	1.550	0.000	1.02615297
2.250	1.550	0.000	1.02622557
2.350	1.550	0.000	1.02659500
2.450	1.550	0.000	1.02636468
-2.450	1.650	0.000	1.02604294
-2.350	1.650	0.000	1.02705181
-2.250	1.650	0.000	1.02796233
-2.150	1.650	0.000	1.02905512
-2.050	1.650	0.000	1.03008473
-1.950	1.650	0.000	1.03047919
-1.850	1.650	0.000	1.03045607
-1.750	1.650	0.000	1.02998006
-1.650	1.650	0.000	1.02945352
-1.550	1.650	0.000	1.02901065
-1.450	1.650	0.000	1.02858543
-1.350	1.650	0.000	1.02802944
-1.250	1.650	0.000	1.02729678
-1.150	1.650	0.000	1.02643263
-1.050	1.650	0.000	1.02555263
-0.950	1.650	0.000	1.02470970
-0.850	1.650	0.000	1.02389693
-0.750	1.650	0.000	1.02327120
-0.650	1.650	0.000	1.02290022
-0.550	1.650	0.000	1.02284646
-0.450	1.650	0.000	1.02305770
-0.350	1.650	0.000	1.02349794
-0.250	1.650	0.000	1.02406251
-0.150	1.650	0.000	1.02462566
-0.050	1.650	0.000	1.02502251
0.050	1.650	0.000	1.02534366
0.150	1.650	0.000	1.02550244
0.250	1.650	0.000	1.02548921
0.350	1.650	0.000	1.02540910
0.450	1.650	0.000	1.02528262
0.550	1.650	0.000	1.02517533
0.650	1.650	0.000	1.02514970
0.750	1.650	0.000	1.02522945
0.850	1.650	0.000	1.02536178
0.950	1.650	0.000	1.02558982
1.050	1.650	0.000	1.02588403
1.150	1.650	0.000	1.02619195
1.250	1.650	0.000	1.02647400
1.350	1.650	0.000	1.02668440
1.450	1.650	0.000	1.02678764
1.550	1.650	0.000	1.02676165
1.650	1.650	0.000	1.02667415
1.750	1.650	0.000	1.02656412
1.850	1.650	0.000	1.02637553
1.950	1.650	0.000	1.02624261
2.050	1.650	0.000	1.02609944
2.150	1.650	0.000	1.02623522
2.250	1.650	0.000	1.02631807
2.350	1.650	0.000	1.02669430
2.450	1.650	0.000	1.02652013
-2.450	1.750	0.000	1.02595305
-2.350	1.750	0.000	1.02678633
-2.250	1.750	0.000	1.02761412
-2.150	1.750	0.000	1.02890134
-2.050	1.750	0.000	1.03010702
-1.950	1.750	0.000	1.03065526
-1.850	1.750	0.000	1.03076661
-1.750	1.750	0.000	1.03039801
-1.650	1.750	0.000	1.02999675
-1.550	1.750	0.000	1.02963722
-1.450	1.750	0.000	1.02929461
-1.350	1.750	0.000	1.02878833
-1.250	1.750	0.000	1.02808368
-1.150	1.750	0.000	1.02719891
-1.050	1.750	0.000	1.02628589
-0.950	1.750	0.000	1.02543473
-0.850	1.750	0.000	1.02467465
-0.750	1.750	0.000	1.02409565
-0.650	1.750	0.000	1.02372563
-0.550	1.750	0.000	1.02361965
-0.450	1.750	0.000	1.02376461
-0.350	1.750	0.000	1.02413273
-0.250	1.750	0.000	1.02465200
-0.150	1.750	0.000	1.02520430
-0.050	1.750	0.000	1.02564514
0.050	1.750	0.000	1.02598310
0.150	1.750	0.000	1.02611434
0.250	1.750	0.000	1.02604342
0.350	1.750	0.000	1.02583230
0.450	1.750	0.000	1.02556527
0.550	1.750	0.000	1.02533686
0.650	1.750	0.000	1.02517867
0.750	1.750	0.000	1.02514720
0.850	1.750	0.000	1.02521086
0.950	1.750	0.000	1.02542758
1.050	1.750	0.000	1.02574217
1.150	1.750	0.000	1.02607369
1.250	1.750	0.000	1.02636731
1.350	1.750	0.000	1.02658606
1.450	1.750	0.000	1.02669632
1.550	1.750	0.000	1.02671742
1.650	1.750	0.000	1.02666271
1.750	1.750	0.000	1.02661943
1.850	1.750	0.000	1.02649176
1.950	1.750	0.000	1.02641237
2.050	1.750	0.000	1.02630353
2.150	1.750	0.000	1.02645350
2.250	1.750	0.000	1.02653623
2.350	1.750	0.000	1.02684498
2.450	1.750	0.000	1.02661121
-2.450	1.850	0.000	1.02599049
-2.350	1.850	0.000	1.02657914
-2.250	1.850	0.000	1.02721155
-2.150	1.850	0.000	1.02864361
-2.050	1.850	0.000	1.02999794
-1.950	1.850	0.000	1.03066909
-1.850	1.850	0.000	1.03090322
-1.750	1.850	0.000	1.03070784
-1.650	1.850	0.000	1.03042936
-1.550	1.850	0.000	1.03015900
-1.450	1.850	0.000	1.02988601
-1.350	1.850	0.000	1.02946997
-1.250	1.850	0.000	1.02885282
-1.150	1.850	0.000	1.02805412
-1.050	1.850	0.000	1.02722049
-0.950	1.850	0.000	1.02642584
-0.850	1.850	0.000	1.02574396
-0.750	1.850	0.000	1.02519929
-0.650	1.850	0.000	1.02482975
-0.550	1.850	0.000	1.02465475
-0.450	1.850	0.000	1.02470541
-0.350	1.850	0.000	1.02497149
-0.250	1.850	0.000	1.02541411
-0.150	1.850	0.000	1.02592683
-0.050	1.850	0.000	1.02638161
0.050	1.850	0.000	1.02670658
0.150	1.850	0.000	1.02676189
0.250	1.850	0.000	1.02663374
0.350	1.850	0.000	1.02631414
0.450	1.850	0.000	1.02592397
0.550	1.850	0.000	1.02555811
0.650	1.850	0.000	1.02525401
0.750	1.850	0.000	1.02509630
0.850	1.850	0.000	1.02506125
0.950	1.850	0.000	1.02519727
1.050	1.850	0.000	1.02546847
1.150	1.850	0.000	1.02578199
1.250	1.850	0.000	1.02607203
1.350	1.850	0.000	1.02629924
1.450	1.850	0.000	1.02644873
1.550	1.850	0.000	1.02656007
1.650	1.850	0.000	1.02663481
1.750	1.850	0.000	1.02674663
1.850	1.850	0.000	1.02675629
1.950	1.850	0.000	1.02680266
2.050	1.850	0.000	1.02676105
2.150	1.850	0.000	1.02694535
2.250	1.850	0.000	1.02703691
2.350	1.850	0.000	1.02728212
2.450	1.850	0.000	1.02695918
-2.450	1.950	0.000	1.02567959
-2.350	1.950	0.000	1.02620173
-2.250	1.950	0.000	1.02661002
-2.150	1.950	0.000	1.02807951
-2.050	1.950	0.000	1.02953196
-1.950	1.950	0.000	1.03036249
-1.850	1.950	0.000	1.03083634
-1.750	1.950	0.000	1.03095186
-1.650	1.950	0.000	1.03088439
-1.550	1.950	0.000	1.03070724
-1.450	1.950	0.000	1.03042257
-1.350	1.950	0.000	1.02999473
-1.250	1.950	0.000	1.02937996
-1.150	1.950	0.000	1.02861702
-1.050	1.950	0.000	1.02784157
-0.950	1.950	0.000	1.02710319
-0.850	1.950	0.000	1.02647769
-0.750	1.950	0.000	1.02595055
-0.650	1.950	0.000	1.02559030
-0.550	1.950	0.000	1.02535224
-0.450	1.950	0.000	1.02530265
-0.350	1.950	0.000	1.02547193
-0.250	1.950	0.000	1.02581775
-0.150	1.950	0.000	1.02628338
-0.050	1.950	0.000	1.02674854
0.050	1.950	0.000	1.02710354
0.150	1.950	0.000	1.02715242
0.250	1.950	0.000	1.02699900
0.350	1.950	0.000	1.02662957
0.450	1.950	0.000	1.02617347
0.550	1.950	0.000	1.02573001
0.650	1.950	0.000	1.02534175
0.750	1.950	0.000	1.02508891
0.850	1.950	0.000	1.02497208
0.950	1.950	0.000	1.02503133
1.050	1.950	0.000	1.02524590
1.150	1.950	0.000	1.02551627
1.250	1.950	0.000	1.02577317
1.350	1.950	0.000	1.02598619
1.450	1.950	0.000	1.02614069
1.550	1.950	0.000	1.02629018
1.650	1.950	0.000	1.02644598
1.750	1.950	0.000	1.02666771
1.850	1.950	0.000	1.02682328
1.950	1.950	0.000	1.02699888
2.050	1.950	0.000	1.02702320
2.150	1.950	0.000	1.02723539
2.250	1.950	0.000	1.02730548
2.350	1.950	0.000	1.02751982
2.450	1.950	0.000	1.02718604
-2.450	2.050	0.000	1.02567697
-2.350	2.050	0.000	1.02619672
-2.250	2.050	0.000	1.02628231
-2.150	2.050	0.000	1.02754903
-2.050	2.050	0.000	1.02885413
-1.950	2.050	0.000	1.02962887
-1.850	2.050	0.000	1.03026581
-1.750	2.050	0.000	1.03063035
-1.650	2.050	0.000	1.03079033
-1.550	2.050	0.000	1.03077543
-1.450	2.050	0.000	1.03055727
-1.350	2.050	0.000	1.03014350
-1.250	2.050	0.000	1.02950871
-1.150	2.050	0.000	1.02873421
-1.050	2.050	0.000	1.02794659
-0.950	2.050	0.000	1.02721834
-0.850	2.050	0.000	1.02662373
-0.750	2.050	0.000	1.02616334
-0.650	2.050	0.000	1.02587378
-0.550	2.050	0.000	1.02564681
-0.450	2.050	0.000	1.02555025
-0.350	2.050	0.000	1.02564240
-0.250	2.050	0.000	1.02592874
-0.150	2.050	0.000	1.02633452
-0.050	2.050	0.000	1.02679455
0.050	2.050	0.000	1.02717519
0.150	2.050	0.000	1.02720988
0.250	2.050	0.000	1.02703619
0.350	2.050	0.000	1.02664161
0.450	2.050	0.000	1.02616358
0.550	2.050	0.000	1.02569175
0.650	2.050	0.000	1.02526772
0.750	2.050	0.000	1.02497351
0.850	2.050	0.000	1.02480614
0.950	2.050	0.000	1.02482247
1.050	2.050	0.000	1.02500689
1.150	2.050	0.000	1.02526331
1.250	2.050	0.000	1.02551746
1.350	2.050	0.000	1.02574110
1.450	2.050	0.000	1.02592087
1.550	2.050	0.000	1.02610195
1.650	2.050	0.000	1.02628744
1.750	2.050	0.000	1.02653384
1.850	2.050	0.000	1.02671981
1.950	2.050	0.000	1.02693748
2.050	2.050	0.000	1.02700019
2.150	2.050	0.000	1.02724981
2.250	2.050	0.000	1.02733612
2.350	2.050	0.000	1.02755010
2.450	2.050	0.000	1.02722883
-2.450	2.150	0.000	1.02529454
-2.350	2.150	0.000	1.02596259
-2.250	2.150	0.000	1.02596581
-2.150	2.150	0.000	1.02719688
-2.050	2.150	0.000	1.02834880
-1.950	2.150	0.000	1.02900743
-1.850	2.150	0.000	1.02966738
-1.750	2.150	0.000	1.03013062
-1.650	2.150	0.000	1.03040767
-1.550	2.150	0.000	1.03049207
-1.450	2.150	0.000	1.03034282
-1.350	2.150	0.000	1.02995574
-1.250	2.150	0.000	1.02932477
-1.150	2.150	0.000	1.02854860
-1.050	2.150	0.000	1.02773714
-0.950	2.150	0.000	1.02702272
-0.850	2.150	0.000	1.02648640
-0.750	2.150	0.000	1.02612519
-0.650	2.150	0.000	1.02593458
-0.550	2.150	0.000	1.02577806
-0.450	2.150	0.000	1.02571988
-0.350	2.150	0.000	1.02582395
-0.250	2.150	0.000	1.02610111
-0.150	2.150	0.000	1.02646184
-0.050	2.150	0.000	1.02687573
0.050	2.150	0.000	1.02723992
0.150	2.150	0.000	1.02727461
0.250	2.150	0.000	1.02710056
0.350	2.150	0.000	1.02668619
0.450	2.150	0.000	1.02617526
0.550	2.150	0.000	1.02567112
0.650	2.150	0.000	1.02521122
0.750	2.150	0.000	1.02489173
0.850	2.150	0.000	1.02468860
0.950	2.150	0.000	1.02467310
1.050	2.150	0.000	1.02480388
1.150	2.150	0.000	1.02500951
1.250	2.150	0.000	1.02522731
1.350	2.150	0.000	1.02543509
1.450	2.150	0.000	1.02561903
1.550	2.150	0.000	1.02580738
1.650	2.150	0.000	1.02598238
1.750	2.150	0.000	1.02618313
1.850	2.150	0.000	1.02633703
1.950	2.150	0.000	1.02654195
2.050	2.150	0.000	1.02660680
2.150	2.150	0.000	1.02691412
2.250	2.150	0.000	1.02707231
2.350	2.150	0.000	1.02733457
2.450	2.150	0.000	1.02703810
-2.450	2.250	0.000	1.02393401
-2.350	2.250	0.000	1.02474821
-2.250	2.250	0.000	1.02463329
-2.150	2.250	0.000	1.02559090
-2.050	2.250	0.000	1.02654922
-1.950	2.250	0.000	1.02720606
-1.850	2.250	0.000	1.02797127
-1.750	2.250	0.000	1.02861381
-1.650	2.250	0.000	1.02914727
-1.550	2.250	0.000	1.02952266
-1.450	2.250	0.000	1.02961183
-1.350	2.250	0.000	1.02940714
-1.250	2.250	0.000	1.02893007
-1.150	2.250	0.000	1.02826059
-1.050	2.250	0.000	1.02748060
-0.950	2.250	0.000	1.02671087
-0.850	2.250	0.000	1.02612650
-0.750	2.250	0.000	1.02576792
-0.650	2.250	0.000	1.02564001
-0.550	2.250	0.000	1.02563667
-0.450	2.250	0.000	1.02568054
-0.350	2.250	0.000	1.02587259
-0.250	2.250	0.000	1.02621913
-0.150	2.250	0.000	1.02659667
-0.050	2.250	0.000	1.02698410
0.050	2.250	0.000	1.02731192
0.150	2.250	0.000	1.02733493
0.250	2.250	0.000	1.02715814
0.350	2.250	0.000	1.02673459
0.450	2.250	0.000	1.02620804
0.550	2.250	0.000	1.02569187
0.650	2.250	0.000	1.02525270
0.750	2.250	0.000	1.02495921
0.850	2.250	0.000	1.02479780
0.950	2.250	0.000	1.02481401
1.050	2.250	0.000	1.02493155
1.150	2.250	0.000	1.02507555
1.250	2.250	0.000	1.02520084
1.350	2.250	0.000	1.02531636
1.450	2.250	0.000	1.02544034
1.550	2.250	0.000	1.02561307
1.650	2.250	0.000	1.02579534
1.750	2.250	0.000	1.02598536
1.850	2.250	0.000	1.02609336
1.950	2.250	0.000	1.02624357
2.050	2.250	0.000	1.02627218
2.150	2.250	0.000	1.02651083
2.250	2.250	0.000	1.02665365
2.350	2.250	0.000	1.02692389
2.450	2.250	0.000	1.02666152
-2.450	2.350	0.000	1.02352977
-2.350	2.350	0.000	1.02485204
-2.250	2.350	0.000	1.02480292
-2.150	2.350	0.000	1.02549636
-2.050	2.350	0.000	1.02610373
-1.950	2.350	0.000	1.02648008
-1.850	2.350	0.000	1.02691042
-1.750	2.350	0.000	1.02749991
-1.650	2.350	0.000	1.02819204
-1.550	2.350	0.000	1.02884388
-1.450	2.350	0.000	1.02929199
-1.350	2.350	0.000	1.02942109
-1.250	2.350	0.000	1.02913868
-1.150	2.350	0.000	1.02857792
-1.050	2.350	0.000	1.02786839
-0.950	2.350	0.000	1.02714527
-0.850	2.350	0.000	1.02654266
-0.750	2.350	0.000	1.02606225
-0.650	2.350	0.000	1.02584922
-0.550	2.350	0.000	1.02577066
-0.450	2.350	0.000	1.02584350
-0.350	2.350	0.000	1.02609622
-0.250	2.350	0.000	1.02652049
-0.150	2.350	0.000	1.02695704
-0.050	2.350	0.000	1.02736354
0.050	2.350	0.000	1.02766490
0.150	2.350	0.000	1.02768278
0.250	2.350	0.000	1.02751410
0.350	2.350	0.000	1.02710950
0.450	2.350	0.000	1.02656293
0.550	2.350	0.000	1.02600658
0.650	2.350	0.000	1.02549827
0.750	2.350	0.000	1.02510536
0.850	2.350	0.000	1.02485907
0.950	2.350	0.000	1.02481437
1.050	2.350	0.000	1.02488601
1.150	2.350	0.000	1.02498722
1.250	2.350	0.000	1.02505422
1.350	2.350	0.000	1.02508724
1.450	2.350	0.000	1.02511573
1.550	2.350	0.000	1.02519011
1.650	2.350	0.000	1.02529895
1.750	2.350	0.000	1.02545750
1.850	2.350	0.000	1.02556896
1.950	2.350	0.000	1.02573228
2.050	2.350	0.000	1.02578926
2.150	2.350	0.000	1.02601969
2.250	2.350	0.000	1.02618814
2.350	2.350	0.000	1.02650034
2.450	2.350	0.000	1.02631509
-2.450	2.450	0.000	1.02207136
-2.350	2.450	0.000	1.02403355
-2.250	2.450	0.000	1.02487612
-2.150	2.450	0.000	1.02560103
-2.050	2.450	0.000	1.02632499
-1.950	2.450	0.000	1.02663469
-1.850	2.450	0.000	1.02687061
-1.750	2.450	0.000	1.02721763
-1.650	2.450	0.000	1.02772415
-1.550	2.450	0.000	1.02832329
-1.450	2.450	0.000	1.02885437
-1.350	2.450	0.000	1.02916491
-1.250	2.450	0.000	1.02914047
-1.150	2.450	0.000	1.02881324
-1.050	2.450	0.000	1.02834129
-0.950	2.450	0.000	1.02775526
-0.850	2.450	0.000	1.02719891
-0.750	2.450	0.000	1.02666473
-0.650	2.450	0.000	1.02636552
-0.550	2.450	0.000	1.02616453
-0.450	2.450	0.000	1.02618921
-0.350	2.450	0.000	1.02644646
-0.250	2.450	0.000	1.02693272
-0.150	2.450	0.000	1.02745032
-0.050	2.450	0.000	1.02795756
0.050	2.450	0.000	1.02830863
0.150	2.450	0.000	1.02837062
0.250	2.450	0.000	1.02825153
0.350	2.450	0.000	1.02792001
0.450	2.450	0.000	1.02743912
0.550	2.450	0.000	1.02694368
0.650	2.450	0.000	1.02644944
0.750	2.450	0.000	1.02606344
0.850	2.450	0.000	1.02576411
0.950	2.450	0.000	1.02565765
1.050	2.450	0.000	1.02565789
1.150	2.450	0.000	1.02567506
1.250	2.450	0.000	1.02563584
1.350	2.450	0.000	1.02552378
1.450	2.450	0.000	1.02538002
1.550	2.450	0.000	1.02528489
1.650	2.450	0.000	1.02528131
1.750	2.450	0.000	1.02538037
1.850	2.450	0.000	1.02551472
1.950	2.450	0.000	1.02572393
2.050	2.450	0.000	1.02583599
2.150	2.450	0.000	1.02602851
2.250	2.450	0.000	1.02613080
2.350	2.450	0.000	1.02632999
2.450	2.450	0.000	1.02610779
