-2.450	-2.450	0.000	1.02076578
-2.350	-2.450	0.000	1.01939309
-2.250	-2.450	0.000	1.01895523
-2.150	-2.450	0.000	1.01898396
-2.050	-2.450	0.000	1.01921701
-1.950	-2.450	0.000	1.01944470
-1.850	-2.450	0.000	1.01964080
-1.750	-2.450	0.000	1.01968503
-1.650	-2.450	0.000	1.01968431
-1.550	-2.450	0.000	1.01984406
-1.450	-2.450	0.000	1.02006388
-1.350	-2.450	0.000	1.02045846
-1.250	-2.450	0.000	1.02094936
-1.150	-2.450	0.000	1.02157235
-1.050	-2.450	0.000	1.02225435
-0.950	-2.450	0.000	1.02298295
-0.850	-2.450	0.000	1.02387166
-0.750	-2.450	0.000	1.02463555
-0.650	-2.450	0.000	1.02541435
-0.550	-2.450	0.000	1.02564979
-0.450	-2.450	0.000	1.02532780
-0.350	-2.450	0.000	1.02487898
-0.250	-2.450	0.000	1.02451253
-0.150	-2.450	0.000	1.02406156
-0.050	-2.450	0.000	1.02375555
0.050	-2.450	0.000	1.02348292
0.150	-2.450	0.000	1.02300107
0.250	-2.450	0.000	1.02254915
0.350	-2.450	0.000	1.02232540
0.450	-2.450	0.000	1.02246320
0.550	-2.450	0.000	1.02293122
0.650	-2.450	0.000	1.02342379
0.750	-2.450	0.000	1.02373075
0.850	-2.450	0.000	1.02372098
0.950	-2.450	0.000	1.02333248
1.050	-2.450	0.000	1.02251101
1.150	-2.450	0.000	1.02168787
1.250	-2.450	0.000	1.02118182
1.350	-2.450	0.000	1.02109122
1.450	-2.450	0.000	1.02124000
1.550	-2.450	0.000	1.02178395
1.650	-2.450	0.000	1.02269328
1.750	-2.450	0.000	1.02389705
1.850	-2.450	0.000	1.02513528
1.950	-2.450	0.000	1.02627683
2.050	-2.450	0.000	1.02712762
2.150	-2.450	0.000	1.02779877
2.250	-2.450	0.000	1.02813113
2.350	-2.450	0.000	1.02832425
2.450	-2.450	0.000	1.02834129
-2.450	-2.350	0.000	1.02227342
-2.350	-2.350	0.000	1.02100134
-2.250	-2.350	0.000	1.02064884
-2.150	-2.350	0.000	1.02062523
-2.050	-2.350	0.000	1.02084482
-1.950	-2.350	0.000	1.02106917
-1.850	-2.350	0.000	1.02122462
-1.750	-2.350	0.000	1.02121115
-1.650	-2.350	0.000	1.02113438
-1.550	-2.350	0.000	1.02119076
-1.450	-2.350	0.000	1.02139378
-1.350	-2.350	0.000	1.02178800
-1.250	-2.350	0.000	1.02226567
-1.150	-2.350	0.000	1.02292752
-1.050	-2.350	0.000	1.02368093
-0.950	-2.350	0.000	1.02446890
-0.850	-2.350	0.000	1.02533972
-0.750	-2.350	0.000	1.02601838
-0.650	-2.350	0.000	1.02666152
-0.550	-2.350	0.000	1.02681589
-0.450	-2.350	0.000	1.02649426
-0.350	-2.350	0.000	1.02592182
-0.250	-2.350	0.000	1.02547431
-0.150	-2.350	0.000	1.02492607
-0.050	-2.350	0.000	1.02451181
0.050	-2.350	0.000	1.02419519
0.150	-2.350	0.000	1.02371383
0.250	-2.350	0.000	1.02316368
0.350	-2.350	0.000	1.02284253
0.450	-2.350	0.000	1.02287197
0.550	-2.350	0.000	1.02328026
0.650	-2.350	0.000	1.02380085
0.750	-2.350	0.000	1.02421165
0.850	-2.350	0.000	1.02433395
0.950	-2.350	0.000	1.02411878
1.050	-2.350	0.000	1.02346504
1.150	-2.350	0.000	1.02278662
1.250	-2.350	0.000	1.02242911
1.350	-2.350	0.000	1.02241409
1.450	-2.350	0.000	1.02255940
1.550	-2.350	0.000	1.02301991
1.650	-2.350	0.000	1.02376592
1.750	-2.350	0.000	1.02471471
1.850	-2.350	0.000	1.02564061
1.950	-2.350	0.000	1.02652133
2.050	-2.350	0.000	1.02713943
2.150	-2.350	0.000	1.02749205
2.250	-2.350	0.000	1.02756500
2.350	-2.350	0.000	1.02749777
2.450	-2.350	0.000	1.02736330
-2.450	-2.250	0.000	1.02310395
-2.350	-2.250	0.000	1.02193522
-2.250	-2.250	0.000	1.02163708
-2.150	-2.250	0.000	1.02162302
-2.050	-2.250	0.000	1.02187324
-1.950	-2.250	0.000	1.02217019
-1.850	-2.250	0.000	1.02243888
-1.750	-2.250	0.000	1.02249920
-1.650	-2.250	0.000	1.02243507
-1.550	-2.250	0.000	1.02239883
-1.450	-2.250	0.000	1.02251005
-1.350	-2.250	0.000	1.02279270
-1.250	-2.250	0.000	1.02320266
-1.150	-2.250	0.000	1.02381301
-1.050	-2.250	0.000	1.02452695
-0.950	-2.250	0.000	1.02530289
-0.850	-2.250	0.000	1.02616739
-0.750	-2.250	0.000	1.02683830
-0.650	-2.250	0.000	1.02748787
-0.550	-2.250	0.000	1.02764738
-0.450	-2.250	0.000	1.02738750
-0.350	-2.250	0.000	1.02681017
-0.250	-2.250	0.000	1.02633095
-0.150	-2.250	0.000	1.02575374
-0.050	-2.250	0.000	1.02525413
0.050	-2.250	0.000	1.02485347
0.150	-2.250	0.000	1.02434123
0.250	-2.250	0.000	1.02375698
0.350	-2.250	0.000	1.02334487
0.450	-2.250	0.000	1.02329230
0.550	-2.250	0.000	1.02359354
0.650	-2.250	0.000	1.02404797
0.750	-2.250	0.000	1.02442849
0.850	-2.250	0.000	1.02456486
0.950	-2.250	0.000	1.02441835
1.050	-2.250	0.000	1.02385044
1.150	-2.250	0.000	1.02325714
1.250	-2.250	0.000	1.02299130
1.350	-2.250	0.000	1.02304840
1.450	-2.250	0.000	1.02323449
1.550	-2.250	0.000	1.02370763
1.650	-2.250	0.000	1.02437139
1.750	-2.250	0.000	1.02511621
1.850	-2.250	0.000	1.02579618
1.950	-2.250	0.000	1.02640748
2.050	-2.250	0.000	1.02679598
2.150	-2.250	0.000	1.02693868
2.250	-2.250	0.000	1.02689028
2.350	-2.250	0.000	1.02679944
2.450	-2.250	0.000	1.02659309
-2.450	-2.150	0.000	1.02421153
-2.350	-2.150	0.000	1.02314949
-2.250	-2.150	0.000	1.02282858
-2.150	-2.150	0.000	1.02281833
-2.050	-2.150	0.000	1.02307093
-1.950	-2.150	0.000	1.02337027
-1.850	-2.150	0.000	1.02358401
-1.750	-2.150	0.000	1.02358580
-1.650	-2.150	0.000	1.02345002
-1.550	-2.150	0.000	1.02334261
-1.450	-2.150	0.000	1.02339029
-1.350	-2.150	0.000	1.02366841
-1.250	-2.150	0.000	1.02408707
-1.150	-2.150	0.000	1.02468741
-1.050	-2.150	0.000	1.02535832
-0.950	-2.150	0.000	1.02604783
-0.850	-2.150	0.000	1.02679622
-0.750	-2.150	0.000	1.02736044
-0.650	-2.150	0.000	1.02791703
-0.550	-2.150	0.000	1.02806842
-0.450	-2.150	0.000	1.02783990
-0.350	-2.150	0.000	1.02727580
-0.250	-2.150	0.000	1.02673674
-0.150	-2.150	0.000	1.02615583
-0.050	-2.150	0.000	1.02563834
0.050	-2.150	0.000	1.02524734
0.150	-2.150	0.000	1.02477717
0.250	-2.150	0.000	1.02424574
0.350	-2.150	0.000	1.02382731
0.450	-2.150	0.000	1.02372527
0.550	-2.150	0.000	1.02397442
0.650	-2.150	0.000	1.02442408
0.750	-2.150	0.000	1.02484560
0.850	-2.150	0.000	1.02502048
0.950	-2.150	0.000	1.02495384
1.050	-2.150	0.000	1.02446973
1.150	-2.150	0.000	1.02395701
1.250	-2.150	0.000	1.02371955
1.350	-2.150	0.000	1.02375197
1.450	-2.150	0.000	1.02385449
1.550	-2.150	0.000	1.02417111
1.650	-2.150	0.000	1.02464020
1.750	-2.150	0.000	1.02521634
1.850	-2.150	0.000	1.02579224
1.950	-2.150	0.000	1.02635241
2.050	-2.150	0.000	1.02671564
2.150	-2.150	0.000	1.02685273
2.250	-2.150	0.000	1.02677190
2.350	-2.150	0.000	1.02663732
2.450	-2.150	0.000	1.02632678
-2.450	-2.050	0.000	1.02523923
-2.350	-2.050	0.000	1.02427602
-2.250	-2.050	0.000	1.02391827
-2.150	-2.050	0.000	1.02387547
-2.050	-2.050	0.000	1.02403998
-1.950	-2.050	0.000	1.02432024
-1.850	-2.050	0.000	1.02453983
-1.750	-2.050	0.000	1.02460039
-1.650	-2.050	0.000	1.02450144
-1.550	-2.050	0.000	1.02436507
-1.450	-2.050	0.000	1.02433205
-1.350	-2.050	0.000	1.02454114
-1.250	-2.050	0.000	1.02490973
-1.150	-2.050	0.000	1.02544940
-1.050	-2.050	0.000	1.02608097
-0.950	-2.050	0.000	1.02671552
-0.850	-2.050	0.000	1.02737582
-0.750	-2.050	0.000	1.02788103
-0.650	-2.050	0.000	1.02831733
-0.550	-2.050	0.000	1.02841794
-0.450	-2.050	0.000	1.02817261
-0.350	-2.050	0.000	1.02765167
-0.250	-2.050	0.000	1.02708030
-0.150	-2.050	0.000	1.02650142
-0.050	-2.050	0.000	1.02594674
0.050	-2.050	0.000	1.02552152
0.150	-2.050	0.000	1.02503753
0.250	-2.050	0.000	1.02452779
0.350	-2.050	0.000	1.02412069
0.450	-2.050	0.000	1.02398610
0.550	-2.050	0.000	1.02419329
0.650	-2.050	0.000	1.02461874
0.750	-2.050	0.000	1.02502680
0.850	-2.050	0.000	1.02520490
0.950	-2.050	0.000	1.02513981
1.050	-2.050	0.000	1.02465391
1.150	-2.050	0.000	1.02414441
1.250	-2.050	0.000	1.02386081
1.350	-2.050	0.000	1.02382433
1.450	-2.050	0.000	1.02382064
1.550	-2.050	0.000	1.02398360
1.650	-2.050	0.000	1.02433860
1.750	-2.050	0.000	1.02486229
1.850	-2.050	0.000	1.02545667
1.950	-2.050	0.000	1.02607441
2.050	-2.050	0.000	1.02659917
2.150	-2.050	0.000	1.02690244
2.250	-2.050	0.000	1.02682543
2.350	-2.050	0.000	1.02673268
2.450	-2.050	0.000	1.02622473
-2.450	-1.950	0.000	1.02630007
-2.350	-1.950	0.000	1.02538252
-2.250	-1.950	0.000	1.02497041
-2.150	-1.950	0.000	1.02485156
-2.050	-1.950	0.000	1.02499425
-1.950	-1.950	0.000	1.02525866
-1.850	-1.950	0.000	1.02547169
-1.750	-1.950	0.000	1.02556121
-1.650	-1.950	0.000	1.02543902
-1.550	-1.950	0.000	1.02526832
-1.450	-1.950	0.000	1.02518523
-1.350	-1.950	0.000	1.02531815
-1.250	-1.950	0.000	1.02561140
-1.150	-1.950	0.000	1.02605283
-1.050	-1.950	0.000	1.02660429
-0.950	-1.950	0.000	1.02719235
-0.850	-1.950	0.000	1.02779651
-0.750	-1.950	0.000	1.02825892
-0.650	-1.950	0.000	1.02855599
-0.550	-1.950	0.000	1.02861476
-0.450	-1.950	0.000	1.02832115
-0.350	-1.950	0.000	1.02780330
-0.250	-1.950	0.000	1.02723086
-0.150	-1.950	0.000	1.02664649
-0.050	-1.950	0.000	1.02608538
0.050	-1.950	0.000	1.02565134
0.150	-1.950	0.000	1.02517521
0.250	-1.950	0.000	1.02470851
0.350	-1.950	0.000	1.02435184
0.450	-1.950	0.000	1.02422011
0.550	-1.950	0.000	1.02440703
0.650	-1.950	0.000	1.02481580
0.750	-1.950	0.000	1.02522814
0.850	-1.950	0.000	1.02543879
0.950	-1.950	0.000	1.02538359
1.050	-1.950	0.000	1.02488184
1.150	-1.950	0.000	1.02430677
1.250	-1.950	0.000	1.02389240
1.350	-1.950	0.000	1.02368796
1.450	-1.950	0.000	1.02356613
1.550	-1.950	0.000	1.02359414
1.650	-1.950	0.000	1.02387583
1.750	-1.950	0.000	1.02437747
1.850	-1.950	0.000	1.02501845
1.950	-1.950	0.000	1.02578974
2.050	-1.950	0.000	1.02646649
2.150	-1.950	0.000	1.02700400
2.250	-1.950	0.000	1.02712011
2.350	-1.950	0.000	1.02719235
2.450	-1.950	0.000	1.02660394
-2.450	-1.850	0.000	1.02714825
-2.350	-1.850	0.000	1.02626610
-2.250	-1.850	0.000	1.02582300
-2.150	-1.850	0.000	1.02569520
-2.050	-1.850	0.000	1.02580285
-1.950	-1.850	0.000	1.02600086
-1.850	-1.850	0.000	1.02618921
-1.750	-1.850	0.000	1.02628183
-1.650	-1.850	0.000	1.02623689
-1.550	-1.850	0.000	1.02610588
-1.450	-1.850	0.000	1.02599335
-1.350	-1.850	0.000	1.02607810
-1.250	-1.850	0.000	1.02634501
-1.150	-1.850	0.000	1.02672851
-1.050	-1.850	0.000	1.02714193
-0.950	-1.850	0.000	1.02761221
-0.850	-1.850	0.000	1.02806664
-0.750	-1.850	0.000	1.02848375
-0.650	-1.850	0.000	1.02868271
-0.550	-1.850	0.000	1.02867746
-0.450	-1.850	0.000	1.02835023
-0.350	-1.850	0.000	1.02780104
-0.250	-1.850	0.000	1.02721024
-0.150	-1.850	0.000	1.02661526
-0.050	-1.850	0.000	1.02606976
0.050	-1.850	0.000	1.02565634
0.150	-1.850	0.000	1.02522516
0.250	-1.850	0.000	1.02478182
0.350	-1.850	0.000	1.02444744
0.450	-1.850	0.000	1.02432537
0.550	-1.850	0.000	1.02448440
0.650	-1.850	0.000	1.02486455
0.750	-1.850	0.000	1.02527559
0.850	-1.850	0.000	1.02551091
0.950	-1.850	0.000	1.02549350
1.050	-1.850	0.000	1.02500224
1.150	-1.850	0.000	1.02436316
1.250	-1.850	0.000	1.02382708
1.350	-1.850	0.000	1.02346158
1.450	-1.850	0.000	1.02321041
1.550	-1.850	0.000	1.02309716
1.650	-1.850	0.000	1.02327347
1.750	-1.850	0.000	1.02370274
1.850	-1.850	0.000	1.02433705
1.950	-1.850	0.000	1.02522099
2.050	-1.850	0.000	1.02605283
2.150	-1.850	0.000	1.02680075
2.250	-1.850	0.000	1.02710879
2.350	-1.850	0.000	1.02729011
2.450	-1.850	0.000	1.02675354
-2.450	-1.750	0.000	1.02787435
-2.350	-1.750	0.000	1.02705300
-2.250	-1.750	0.000	1.02661240
-2.150	-1.750	0.000	1.02646923
-2.050	-1.750	0.000	1.02651644
-1.950	-1.750	0.000	1.02667320
-1.850	-1.750	0.000	1.02686167
-1.750	-1.750	0.000	1.02697742
-1.650	-1.750	0.000	1.02692544
-1.550	-1.750	0.000	1.02676392
-1.450	-1.750	0.000	1.02663422
-1.350	-1.750	0.000	1.02668560
-1.250	-1.750	0.000	1.02691591
-1.150	-1.750	0.000	1.02727163
-1.050	-1.750	0.000	1.02767730
-0.950	-1.750	0.000	1.02807999
-0.850	-1.750	0.000	1.02838862
-0.750	-1.750	0.000	1.02863097
-0.650	-1.750	0.000	1.02870500
-0.550	-1.750	0.000	1.02863038
-0.450	-1.750	0.000	1.02827191
-0.350	-1.750	0.000	1.02771986
-0.250	-1.750	0.000	1.02712345
-0.150	-1.750	0.000	1.02651680
-0.050	-1.750	0.000	1.02595818
0.050	-1.750	0.000	1.02554584
0.150	-1.750	0.000	1.02514052
0.250	-1.750	0.000	1.02473080
0.350	-1.750	0.000	1.02441895
0.450	-1.750	0.000	1.02431142
0.550	-1.750	0.000	1.02444625
0.650	-1.750	0.000	1.02481389
0.750	-1.750	0.000	1.02524853
0.850	-1.750	0.000	1.02552998
0.950	-1.750	0.000	1.02556121
1.050	-1.750	0.000	1.02512038
1.150	-1.750	0.000	1.02445734
1.250	-1.750	0.000	1.02384305
1.350	-1.750	0.000	1.02336121
1.450	-1.750	0.000	1.02301562
1.550	-1.750	0.000	1.02280617
1.650	-1.750	0.000	1.02284610
1.750	-1.750	0.000	1.02320600
1.850	-1.750	0.000	1.02380621
1.950	-1.750	0.000	1.02474558
2.050	-1.750	0.000	1.02569461
2.150	-1.750	0.000	1.02660573
2.250	-1.750	0.000	1.02707326
2.350	-1.750	0.000	1.02738416
2.450	-1.750	0.000	1.02694547
-2.450	-1.650	0.000	1.02843618
-2.350	-1.650	0.000	1.02763903
-2.250	-1.650	0.000	1.02725399
-2.150	-1.650	0.000	1.02710140
-2.050	-1.650	0.000	1.02708256
-1.950	-1.650	0.000	1.02717316
-1.850	-1.650	0.000	1.02732003
-1.750	-1.650	0.000	1.02741110
-1.650	-1.650	0.000	1.02737546
-1.550	-1.650	0.000	1.02722931
-1.450	-1.650	0.000	1.02707314
-1.350	-1.650	0.000	1.02708876
-1.250	-1.650	0.000	1.02731359
-1.150	-1.650	0.000	1.02767003
-1.050	-1.650	0.000	1.02807069
-0.950	-1.650	0.000	1.02841306
-0.850	-1.650	0.000	1.02869976
-0.750	-1.650	0.000	1.02885199
-0.650	-1.650	0.000	1.02886581
-0.550	-1.650	0.000	1.02867341
-0.450	-1.650	0.000	1.02824175
-0.350	-1.650	0.000	1.02766430
-0.250	-1.650	0.000	1.02708018
-0.150	-1.650	0.000	1.02650476
-0.050	-1.650	0.000	1.02595866
0.050	-1.650	0.000	1.02554154
0.150	-1.650	0.000	1.02514803
0.250	-1.650	0.000	1.02474034
0.350	-1.650	0.000	1.02440679
0.450	-1.650	0.000	1.02428246
0.550	-1.650	0.000	1.02436769
0.650	-1.650	0.000	1.02470279
0.750	-1.650	0.000	1.02513945
0.850	-1.650	0.000	1.02544606
0.950	-1.650	0.000	1.02550828
1.050	-1.650	0.000	1.02514088
1.150	-1.650	0.000	1.02450001
1.250	-1.650	0.000	1.02386093
1.350	-1.650	0.000	1.02331519
1.450	-1.650	0.000	1.02291787
1.550	-1.650	0.000	1.02265096
1.650	-1.650	0.000	1.02255738
1.750	-1.650	0.000	1.02282846
1.850	-1.650	0.000	1.02337193
1.950	-1.650	0.000	1.02425754
2.050	-1.650	0.000	1.02519143
2.150	-1.650	0.000	1.02615988
2.250	-1.650	0.000	1.02674818
2.350	-1.650	0.000	1.02717125
2.450	-1.650	0.000	1.02692306
-2.450	-1.550	0.000	1.02895284
-2.350	-1.550	0.000	1.02821064
-2.250	-1.550	0.000	1.02790487
-2.150	-1.550	0.000	1.02776003
-2.050	-1.550	0.000	1.02768838
-1.950	-1.550	0.000	1.02768099
-1.850	-1.550	0.000	1.02777803
-1.750	-1.550	0.000	1.02784276
-1.650	-1.550	0.000	1.02781975
-1.550	-1.550	0.000	1.02770078
-1.450	-1.550	0.000	1.02751470
-1.350	-1.550	0.000	1.02746427
-1.250	-1.550	0.000	1.02760375
-1.150	-1.550	0.000	1.02793038
-1.050	-1.550	0.000	1.02828014
-0.950	-1.550	0.000	1.02858424
-0.850	-1.550	0.000	1.02881682
-0.750	-1.550	0.000	1.02896082
-0.650	-1.550	0.000	1.02893627
-0.550	-1.550	0.000	1.02869332
-0.450	-1.550	0.000	1.02824402
-0.350	-1.550	0.000	1.02766514
-0.250	-1.550	0.000	1.02710521
-0.150	-1.550	0.000	1.02657735
-0.050	-1.550	0.000	1.02607667
0.050	-1.550	0.000	1.02568400
0.150	-1.550	0.000	1.02531338
0.250	-1.550	0.000	1.02491164
0.350	-1.550	0.000	1.02453542
0.450	-1.550	0.000	1.02436495
0.550	-1.550	0.000	1.02436769
0.650	-1.550	0.000	1.02462518
0.750	-1.550	0.000	1.02502847
0.850	-1.550	0.000	1.02533257
0.950	-1.550	0.000	1.02541316
1.050	-1.550	0.000	1.02514303
1.150	-1.550	0.000	1.02458680
1.250	-1.550	0.000	1.02397883
1.350	-1.550	0.000	1.02344334
1.450	-1.550	0.000	1.02305043
1.550	-1.550	0.000	1.02279699
1.650	-1.550	0.000	1.02263784
1.750	-1.550	0.000	1.02281511
1.850	-1.550	0.000	1.02330148
1.950	-1.550	0.000	1.02409959
2.050	-1.550	0.000	1.02494776
2.150	-1.550	0.000	1.02590132
2.250	-1.550	0.000	1.02653635
2.350	-1.550	0.000	1.02703011
2.450	-1.550	0.000	1.02691197
-2.450	-1.450	0.000	1.02939439
-2.350	-1.450	0.000	1.02872062
-2.250	-1.450	0.000	1.02845216
-2.150	-1.450	0.000	1.02829432
-2.050	-1.450	0.000	1.02815163
-1.950	-1.450	0.000	1.02802336
-1.850	-1.450	0.000	1.02803230
-1.750	-1.450	0.000	1.02804673
-1.650	-1.450	0.000	1.02803087
-1.550	-1.450	0.000	1.02794814
-1.450	-1.450	0.000	1.02777183
-1.350	-1.450	0.000	1.02770472
-1.250	-1.450	0.000	1.02774870
-1.150	-1.450	0.000	1.02795076
-1.050	-1.450	0.000	1.02821410
-0.950	-1.450	0.000	1.02845085
-0.850	-1.450	0.000	1.02858472
-0.750	-1.450	0.000	1.02862728
-0.650	-1.450	0.000	1.02853036
-0.550	-1.450	0.000	1.02830124
-0.450	-1.450	0.000	1.02792883
-0.350	-1.450	0.000	1.02746761
-0.250	-1.450	0.000	1.02701676
-0.150	-1.450	0.000	1.02657366
-0.050	-1.450	0.000	1.02613986
0.050	-1.450	0.000	1.02579749
0.150	-1.450	0.000	1.02548206
0.250	-1.450	0.000	1.02512658
0.350	-1.450	0.000	1.02474165
0.450	-1.450	0.000	1.02450943
0.550	-1.450	0.000	1.02444279
0.650	-1.450	0.000	1.02459633
0.750	-1.450	0.000	1.02491200
0.850	-1.450	0.000	1.02519870
0.950	-1.450	0.000	1.02528095
1.050	-1.450	0.000	1.02505100
1.150	-1.450	0.000	1.02454650
1.250	-1.450	0.000	1.02398944
1.350	-1.450	0.000	1.02349257
1.450	-1.450	0.000	1.02317047
1.550	-1.450	0.000	1.02296877
1.650	-1.450	0.000	1.02283430
1.750	-1.450	0.000	1.02294958
1.850	-1.450	0.000	1.02336073
1.950	-1.450	0.000	1.02408063
2.050	-1.450	0.000	1.02484334
2.150	-1.450	0.000	1.02575195
2.250	-1.450	0.000	1.02641416
2.350	-1.450	0.000	1.02694738
2.450	-1.450	0.000	1.02699292
-2.450	-1.350	0.000	1.02975678
-2.350	-1.350	0.000	1.02921319
-2.250	-1.350	0.000	1.02898848
-2.150	-1.350	0.000	1.02879441
-2.050	-1.350	0.000	1.02857423
-1.950	-1.350	0.000	1.02831602
-1.850	-1.350	0.000	1.02823138
-1.750	-1.350	0.000	1.02817917
-1.650	-1.350	0.000	1.02817249
-1.550	-1.350	0.000	1.02813041
-1.450	-1.350	0.000	1.02796316
-1.350	-1.350	0.000	1.02786720
-1.250	-1.350	0.000	1.02785182
-1.150	-1.350	0.000	1.02796876
-1.050	-1.350	0.000	1.02810872
-0.950	-1.350	0.000	1.02823818
-0.850	-1.350	0.000	1.02827740
-0.750	-1.350	0.000	1.02824128
-0.650	-1.350	0.000	1.02809989
-0.550	-1.350	0.000	1.02784550
-0.450	-1.350	0.000	1.02754474
-0.350	-1.350	0.000	1.02721059
-0.250	-1.350	0.000	1.02688241
-0.150	-1.350	0.000	1.02655900
-0.050	-1.350	0.000	1.02624226
0.050	-1.350	0.000	1.02598584
0.150	-1.350	0.000	1.02575707
0.250	-1.350	0.000	1.02549136
0.350	-1.350	0.000	1.02511871
0.450	-1.350	0.000	1.02479196
0.550	-1.350	0.000	1.02466786
0.650	-1.350	0.000	1.02474618
0.750	-1.350	0.000	1.02498198
0.850	-1.350	0.000	1.02519488
0.950	-1.350	0.000	1.02524602
1.050	-1.350	0.000	1.02501154
1.150	-1.350	0.000	1.02454889
1.250	-1.350	0.000	1.02401495
1.350	-1.350	0.000	1.02355659
1.450	-1.350	0.000	1.02329206
1.550	-1.350	0.000	1.02314234
1.650	-1.350	0.000	1.02305996
1.750	-1.350	0.000	1.02318919
1.850	-1.350	0.000	1.02354395
1.950	-1.350	0.000	1.02419376
2.050	-1.350	0.000	1.02487373
2.150	-1.350	0.000	1.02573001
2.250	-1.350	0.000	1.02638078
2.350	-1.350	0.000	1.02695584
2.450	-1.350	0.000	1.02716446
-2.450	-1.250	0.000	1.03004432
-2.350	-1.250	0.000	1.02960944
-2.250	-1.250	0.000	1.02941620
-2.150	-1.250	0.000	1.02917910
-2.050	-1.250	0.000	1.02891970
-1.950	-1.250	0.000	1.02857804
-1.850	-1.250	0.000	1.02837944
-1.750	-1.250	0.000	1.02825642
-1.650	-1.250	0.000	1.02829087
-1.550	-1.250	0.000	1.02829099
-1.450	-1.250	0.000	1.02819455
-1.350	-1.250	0.000	1.02806640
-1.250	-1.250	0.000	1.02794957
-1.150	-1.250	0.000	1.02795780
-1.050	-1.250	0.000	1.02803004
-0.950	-1.250	0.000	1.02804983
-0.850	-1.250	0.000	1.02796292
-0.750	-1.250	0.000	1.02778208
-0.650	-1.250	0.000	1.02755296
-0.550	-1.250	0.000	1.02735484
-0.450	-1.250	0.000	1.02709627
-0.350	-1.250	0.000	1.02684081
-0.250	-1.250	0.000	1.02662528
-0.150	-1.250	0.000	1.02642059
-0.050	-1.250	0.000	1.02623034
0.050	-1.250	0.000	1.02607465
0.150	-1.250	0.000	1.02594674
0.250	-1.250	0.000	1.02580118
0.350	-1.250	0.000	1.02553248
0.450	-1.250	0.000	1.02521825
0.550	-1.250	0.000	1.02503347
0.650	-1.250	0.000	1.02501571
0.750	-1.250	0.000	1.02516901
0.850	-1.250	0.000	1.02532971
0.950	-1.250	0.000	1.02532721
1.050	-1.250	0.000	1.02505231
1.150	-1.250	0.000	1.02459002
1.250	-1.250	0.000	1.02404308
1.350	-1.250	0.000	1.02359509
1.450	-1.250	0.000	1.02338660
1.550	-1.250	0.000	1.02328217
1.650	-1.250	0.000	1.02325284
1.750	-1.250	0.000	1.02341104
1.850	-1.250	0.000	1.02373660
1.950	-1.250	0.000	1.02433622
2.050	-1.250	0.000	1.02496684
2.150	-1.250	0.000	1.02577233
2.250	-1.250	0.000	1.02641785
2.350	-1.250	0.000	1.02702355
2.450	-1.250	0.000	1.02741444
-2.450	-1.150	0.000	1.02990329
-2.350	-1.150	0.000	1.02959609
-2.250	-1.150	0.000	1.02948153
-2.150	-1.150	0.000	1.02922630
-2.050	-1.150	0.000	1.02892160
-1.950	-1.150	0.000	1.02851510
-1.850	-1.150	0.000	1.02821577
-1.750	-1.150	0.000	1.02805293
-1.650	-1.150	0.000	1.02809918
-1.550	-1.150	0.000	1.02821016
-1.450	-1.150	0.000	1.02823043
-1.350	-1.150	0.000	1.02819979
-1.250	-1.150	0.000	1.02807486
-1.150	-1.150	0.000	1.02795601
-1.050	-1.150	0.000	1.02783859
-0.950	-1.150	0.000	1.02772117
-0.850	-1.150	0.000	1.02754295
-0.750	-1.150	0.000	1.02726150
-0.650	-1.150	0.000	1.02704155
-0.550	-1.150	0.000	1.02693081
-0.450	-1.150	0.000	1.02676558
-0.350	-1.150	0.000	1.02660811
-0.250	-1.150	0.000	1.02644348
-0.150	-1.150	0.000	1.02626646
-0.050	-1.150	0.000	1.02611983
0.050	-1.150	0.000	1.02603042
0.150	-1.150	0.000	1.02601266
0.250	-1.150	0.000	1.02599061
0.350	-1.150	0.000	1.02583039
0.450	-1.150	0.000	1.02558994
0.550	-1.150	0.000	1.02544808
0.650	-1.150	0.000	1.02539659
0.750	-1.150	0.000	1.02548397
0.850	-1.150	0.000	1.02559960
0.950	-1.150	0.000	1.02558780
1.050	-1.150	0.000	1.02532184
1.150	-1.150	0.000	1.02485120
1.250	-1.150	0.000	1.02428877
1.350	-1.150	0.000	1.02377164
1.450	-1.150	0.000	1.02352166
1.550	-1.150	0.000	1.02341735
1.650	-1.150	0.000	1.02338803
1.750	-1.150	0.000	1.02356339
1.850	-1.150	0.000	1.02388918
1.950	-1.150	0.000	1.02445269
2.050	-1.150	0.000	1.02506208
2.150	-1.150	0.000	1.02583325
2.250	-1.150	0.000	1.02646828
2.350	-1.150	0.000	1.02701056
2.450	-1.150	0.000	1.02761674
-2.450	-1.050	0.000	1.02940392
-2.350	-1.050	0.000	1.02921271
-2.250	-1.050	0.000	1.02917123
-2.150	-1.050	0.000	1.02892661
-2.050	-1.050	0.000	1.02854288
-1.950	-1.050	0.000	1.02806926
-1.850	-1.050	0.000	1.02767432
-1.750	-1.050	0.000	1.02749586
-1.650	-1.050	0.000	1.02755558
-1.550	-1.050	0.000	1.02778244
-1.450	-1.050	0.000	1.02786481
-1.350	-1.050	0.000	1.02789581
-1.250	-1.050	0.000	1.02778196
-1.150	-1.050	0.000	1.02760351
-1.050	-1.050	0.000	1.02737522
-0.950	-1.050	0.000	1.02710879
-0.850	-1.050	0.000	1.02679694
-0.750	-1.050	0.000	1.02653968
-0.650	-1.050	0.000	1.02650928
-0.550	-1.050	0.000	1.02651954
-0.450	-1.050	0.000	1.02648973
-0.350	-1.050	0.000	1.02644885
-0.250	-1.050	0.000	1.02634537
-0.150	-1.050	0.000	1.02617586
-0.050	-1.050	0.000	1.02603579
0.050	-1.050	0.000	1.02592421
0.150	-1.050	0.000	1.02595520
0.250	-1.050	0.000	1.02603996
0.350	-1.050	0.000	1.02600038
0.450	-1.050	0.000	1.02583587
0.550	-1.050	0.000	1.02567327
0.650	-1.050	0.000	1.02560830
0.750	-1.050	0.000	1.02569914
0.850	-1.050	0.000	1.02582073
0.950	-1.050	0.000	1.02582908
1.050	-1.050	0.000	1.02562237
1.150	-1.050	0.000	1.02518857
1.250	-1.050	0.000	1.02464223
1.350	-1.050	0.000	1.02409124
1.450	-1.050	0.000	1.02376938
1.550	-1.050	0.000	1.02363682
1.650	-1.050	0.000	1.02354968
1.750	-1.050	0.000	1.02368891
1.850	-1.050	0.000	1.02401543
1.950	-1.050	0.000	1.02454543
2.050	-1.050	0.000	1.02514625
2.150	-1.050	0.000	1.02584910
2.250	-1.050	0.000	1.02648294
2.350	-1.050	0.000	1.02694285
2.450	-1.050	0.000	1.02768373
-2.450	-0.950	0.000	1.02870047
-2.350	-0.950	0.000	1.02861857
-2.250	-0.950	0.000	1.02864635
-2.150	-0.950	0.000	1.02840602
-2.050	-0.950	0.000	1.02798259
-1.950	-0.950	0.000	1.02746034
-1.850	-0.950	0.000	1.02697504
-1.750	-0.950	0.000	1.02675021
-1.650	-0.950	0.000	1.02684128
-1.550	-0.950	0.000	1.02710271
-1.450	-0.950	0.000	1.02726483
-1.350	-0.950	0.000	1.02734029
-1.250	-0.950	0.000	1.02718461
-1.150	-0.950	0.000	1.02695000
-1.050	-0.950	0.000	1.02660978
-0.950	-0.950	0.000	1.02621138
-0.850	-0.950	0.000	1.02581561
-0.750	-0.950	0.000	1.02571607
-0.650	-0.950	0.000	1.02595174
-0.550	-0.950	0.000	1.02613103
-0.450	-0.950	0.000	1.02626181
-0.350	-0.950	0.000	1.02635467
-0.250	-0.950	0.000	1.02631962
-0.150	-0.950	0.000	1.02614450
-0.050	-0.950	0.000	1.02602065
0.050	-0.950	0.000	1.02588451
0.150	-0.950	0.000	1.02590513
0.250	-0.950	0.000	1.02598047
0.350	-0.950	0.000	1.02597344
0.450	-0.950	0.000	1.02586269
0.550	-0.950	0.000	1.02572811
0.650	-0.950	0.000	1.02567613
0.750	-0.950	0.000	1.02575994
0.850	-0.950	0.000	1.02591693
0.950	-0.950	0.000	1.02595675
1.050	-0.950	0.000	1.02584696
1.150	-0.950	0.000	1.02550793
1.250	-0.950	0.000	1.02502143
1.350	-0.950	0.000	1.02447867
1.450	-0.950	0.000	1.02406669
1.550	-0.950	0.000	1.02388024
1.650	-0.950	0.000	1.02375209
1.750	-0.950	0.000	1.02383888
1.850	-0.950	0.000	1.02413750
1.950	-0.950	0.000	1.02463281
2.050	-0.950	0.000	1.02521122
2.150	-0.950	0.000	1.02584445
2.250	-0.950	0.000	1.02647018
2.350	-0.950	0.000	1.02684832
2.450	-0.950	0.000	1.02763224
-2.450	-0.850	0.000	1.02795672
-2.350	-0.850	0.000	1.02794933
-2.250	-0.850	0.000	1.02804935
-2.150	-0.850	0.000	1.02782953
-2.050	-0.850	0.000	1.02738070
-1.950	-0.850	0.000	1.02683032
-1.850	-0.850	0.000	1.02629268
-1.750	-0.850	0.000	1.02599144
-1.650	-0.850	0.000	1.02609527
-1.550	-0.850	0.000	1.02633381
-1.450	-0.850	0.000	1.02650058
-1.350	-0.850	0.000	1.02658045
-1.250	-0.850	0.000	1.02639723
-1.150	-0.850	0.000	1.02606058
-1.050	-0.850	0.000	1.02560627
-0.950	-0.850	0.000	1.02509308
-0.850	-0.850	0.000	1.02476084
-0.750	-0.850	0.000	1.02490163
-0.650	-0.850	0.000	1.02540135
-0.550	-0.850	0.000	1.02578080
-0.450	-0.850	0.000	1.02612770
-0.350	-0.850	0.000	1.02631390
-0.250	-0.850	0.000	1.02627587
-0.150	-0.850	0.000	1.02609539
-0.050	-0.850	0.000	1.02596390
0.050	-0.850	0.000	1.02582848
0.150	-0.850	0.000	1.02585232
0.250	-0.850	0.000	1.02597034
0.350	-0.850	0.000	1.02598798
0.450	-0.850	0.000	1.02587414
0.550	-0.850	0.000	1.02570581
0.650	-0.850	0.000	1.02559674
0.750	-0.850	0.000	1.02563858
0.850	-0.850	0.000	1.02580822
0.950	-0.850	0.000	1.02593303
1.050	-0.850	0.000	1.02590144
1.150	-0.850	0.000	1.02569222
1.250	-0.850	0.000	1.02529383
1.350	-0.850	0.000	1.02481246
1.450	-0.850	0.000	1.02436566
1.550	-0.850	0.000	1.02409554
1.650	-0.850	0.000	1.02396810
1.750	-0.850	0.000	1.02400172
1.850	-0.850	0.000	1.02422953
1.950	-0.850	0.000	1.02468967
2.050	-0.850	0.000	1.02524757
2.150	-0.850	0.000	1.02581799
2.250	-0.850	0.000	1.02643836
2.350	-0.850	0.000	1.02677000
2.450	-0.850	0.000	1.02751911
-2.450	-0.750	0.000	1.02714920
-2.350	-0.750	0.000	1.02720308
-2.250	-0.750	0.000	1.02737248
-2.150	-0.750	0.000	1.02717388
-2.050	-0.750	0.000	1.02672911
-1.950	-0.750	0.000	1.02617431
-1.850	-0.750	0.000	1.02560520
-1.750	-0.750	0.000	1.02526855
-1.650	-0.750	0.000	1.02537370
-1.550	-0.750	0.000	1.02554464
-1.450	-0.750	0.000	1.02569151
-1.350	-0.750	0.000	1.02577925
-1.250	-0.750	0.000	1.02554035
-1.150	-0.750	0.000	1.02506685
-1.050	-0.750	0.000	1.02448201
-0.950	-0.750	0.000	1.02396500
-0.850	-0.750	0.000	1.02380550
-0.750	-0.750	0.000	1.02420962
-0.650	-0.750	0.000	1.02493405
-0.550	-0.750	0.000	1.02549577
-0.450	-0.750	0.000	1.02603710
-0.350	-0.750	0.000	1.02627504
-0.250	-0.750	0.000	1.02624452
-0.150	-0.750	0.000	1.02603781
-0.050	-0.750	0.000	1.02588773
0.050	-0.750	0.000	1.02574301
0.150	-0.750	0.000	1.02576518
0.250	-0.750	0.000	1.02593720
0.350	-0.750	0.000	1.02602148
0.450	-0.750	0.000	1.02593648
0.550	-0.750	0.000	1.02575469
0.650	-0.750	0.000	1.02560198
0.750	-0.750	0.000	1.02555227
0.850	-0.750	0.000	1.02564168
0.950	-0.750	0.000	1.02582181
1.050	-0.750	0.000	1.02584088
1.150	-0.750	0.000	1.02573752
1.250	-0.750	0.000	1.02543747
1.350	-0.750	0.000	1.02503502
1.450	-0.750	0.000	1.02459550
1.550	-0.750	0.000	1.02428007
1.650	-0.750	0.000	1.02414966
1.750	-0.750	0.000	1.02412677
1.850	-0.750	0.000	1.02429545
1.950	-0.750	0.000	1.02468991
2.050	-0.750	0.000	1.02521074
2.150	-0.750	0.000	1.02574265
2.250	-0.750	0.000	1.02635467
2.350	-0.750	0.000	1.02667415
2.450	-0.750	0.000	1.02736163
-2.450	-0.650	0.000	1.02634263
-2.350	-0.650	0.000	1.02643585
-2.250	-0.650	0.000	1.02666891
-2.150	-0.650	0.000	1.02650428
-2.050	-0.650	0.000	1.02610123
-1.950	-0.650	0.000	1.02555859
-1.850	-0.650	0.000	1.02494800
-1.750	-0.650	0.000	1.02459908
-1.650	-0.650	0.000	1.02469313
-1.550	-0.650	0.000	1.02480185
-1.450	-0.650	0.000	1.02494514
-1.350	-0.650	0.000	1.02499080
-1.250	-0.650	0.000	1.02467406
-1.150	-0.650	0.000	1.02411437
-1.050	-0.650	0.000	1.02347708
-0.950	-0.650	0.000	1.02303219
-0.850	-0.650	0.000	1.02306068
-0.750	-0.650	0.000	1.02373409
-0.650	-0.650	0.000	1.02464390
-0.550	-0.650	0.000	1.02541554
-0.450	-0.650	0.000	1.02603304
-0.350	-0.650	0.000	1.02629697
-0.250	-0.650	0.000	1.02625227
-0.150	-0.650	0.000	1.02599275
-0.050	-0.650	0.000	1.02578950
0.050	-0.650	0.000	1.02563238
0.150	-0.650	0.000	1.02564156
0.250	-0.650	0.000	1.02583206
0.350	-0.650	0.000	1.02598894
0.450	-0.650	0.000	1.02597189
0.550	-0.650	0.000	1.02582049
0.650	-0.650	0.000	1.02566218
0.750	-0.650	0.000	1.02557087
0.850	-0.650	0.000	1.02555585
0.950	-0.650	0.000	1.02568471
1.050	-0.650	0.000	1.02575731
1.150	-0.650	0.000	1.02567995
1.250	-0.650	0.000	1.02549601
1.350	-0.650	0.000	1.02519059
1.450	-0.650	0.000	1.02481699
1.550	-0.650	0.000	1.02449811
1.650	-0.650	0.000	1.02435195
1.750	-0.650	0.000	1.02429366
1.850	-0.650	0.000	1.02435911
1.950	-0.650	0.000	1.02465785
2.050	-0.650	0.000	1.02510917
2.150	-0.650	0.000	1.02559280
2.250	-0.650	0.000	1.02619159
2.350	-0.650	0.000	1.02650619
2.450	-0.650	0.000	1.02712929
-2.450	-0.550	0.000	1.02572501
-2.350	-0.550	0.000	1.02585697
-2.250	-0.550	0.000	1.02614439
-2.150	-0.550	0.000	1.02601337
-2.050	-0.550	0.000	1.02563643
-1.950	-0.550	0.000	1.02509749
-1.850	-0.550	0.000	1.02444947
-1.750	-0.550	0.000	1.02408469
-1.650	-0.550	0.000	1.02413952
-1.550	-0.550	0.000	1.02419794
-1.450	-0.550	0.000	1.02431607
-1.350	-0.550	0.000	1.02426660
-1.250	-0.550	0.000	1.02388263
-1.150	-0.550	0.000	1.02326000
-1.050	-0.550	0.000	1.02268481
-0.950	-0.550	0.000	1.02237689
-0.850	-0.550	0.000	1.02266550
-0.750	-0.550	0.000	1.02361786
-0.650	-0.550	0.000	1.02465236
-0.550	-0.550	0.000	1.02556562
-0.450	-0.550	0.000	1.02613652
-0.350	-0.550	0.000	1.02636731
-0.250	-0.550	0.000	1.02631509
-0.150	-0.550	0.000	1.02603507
-0.050	-0.550	0.000	1.02574670
0.050	-0.550	0.000	1.02558720
0.150	-0.550	0.000	1.02557838
0.250	-0.550	0.000	1.02575278
0.350	-0.550	0.000	1.02593589
0.450	-0.550	0.000	1.02598011
0.550	-0.550	0.000	1.02585864
0.650	-0.550	0.000	1.02571070
0.750	-0.550	0.000	1.02564943
0.850	-0.550	0.000	1.02563822
0.950	-0.550	0.000	1.02569020
1.050	-0.550	0.000	1.02577770
1.150	-0.550	0.000	1.02571571
1.250	-0.550	0.000	1.02555978
1.350	-0.550	0.000	1.02529943
1.450	-0.550	0.000	1.02499449
1.550	-0.550	0.000	1.02472150
1.650	-0.550	0.000	1.02456939
1.750	-0.550	0.000	1.02449656
1.850	-0.550	0.000	1.02449965
1.950	-0.550	0.000	1.02468824
2.050	-0.550	0.000	1.02505457
2.150	-0.550	0.000	1.02548313
2.250	-0.550	0.000	1.02603936
2.350	-0.550	0.000	1.02632403
2.450	-0.550	0.000	1.02686095
-2.450	-0.450	0.000	1.02541971
-2.350	-0.450	0.000	1.02559960
-2.250	-0.450	0.000	1.02594411
-2.150	-0.450	0.000	1.02588606
-2.050	-0.450	0.000	1.02554095
-1.950	-0.450	0.000	1.02499270
-1.850	-0.450	0.000	1.02431309
-1.750	-0.450	0.000	1.02387440
-1.650	-0.450	0.000	1.02381337
-1.550	-0.450	0.000	1.02379286
-1.450	-0.450	0.000	1.02385449
-1.350	-0.450	0.000	1.02370572
-1.250	-0.450	0.000	1.02328110
-1.150	-0.450	0.000	1.02267265
-1.050	-0.450	0.000	1.02213955
-0.950	-0.450	0.000	1.02205241
-0.850	-0.450	0.000	1.02262163
-0.750	-0.450	0.000	1.02369809
-0.650	-0.450	0.000	1.02476609
-0.550	-0.450	0.000	1.02571416
-0.450	-0.450	0.000	1.02628314
-0.350	-0.450	0.000	1.02649856
-0.250	-0.450	0.000	1.02642202
-0.150	-0.450	0.000	1.02610993
-0.050	-0.450	0.000	1.02580059
0.050	-0.450	0.000	1.02563727
0.150	-0.450	0.000	1.02561629
0.250	-0.450	0.000	1.02576160
0.350	-0.450	0.000	1.02592361
0.450	-0.450	0.000	1.02598560
0.550	-0.450	0.000	1.02589619
0.650	-0.450	0.000	1.02573967
0.750	-0.450	0.000	1.02568364
0.850	-0.450	0.000	1.02571964
0.950	-0.450	0.000	1.02582335
1.050	-0.450	0.000	1.02591980
1.150	-0.450	0.000	1.02585614
1.250	-0.450	0.000	1.02570045
1.350	-0.450	0.000	1.02545667
1.450	-0.450	0.000	1.02518141
1.550	-0.450	0.000	1.02495348
1.650	-0.450	0.000	1.02483130
1.750	-0.450	0.000	1.02477217
1.850	-0.450	0.000	1.02475500
1.950	-0.450	0.000	1.02486122
2.050	-0.450	0.000	1.02514243
2.150	-0.450	0.000	1.02548575
2.250	-0.450	0.000	1.02598989
2.350	-0.450	0.000	1.02624393
2.450	-0.450	0.000	1.02671003
-2.450	-0.350	0.000	1.02540195
-2.350	-0.350	0.000	1.02562749
-2.250	-0.350	0.000	1.02603102
-2.150	-0.350	0.000	1.02604020
-2.050	-0.350	0.000	1.02573466
-1.950	-0.350	0.000	1.02519095
-1.850	-0.350	0.000	1.02448082
-1.750	-0.350	0.000	1.02394783
-1.650	-0.350	0.000	1.02375317
-1.550	-0.350	0.000	1.02359819
-1.450	-0.350	0.000	1.02360880
-1.350	-0.350	0.000	1.02337790
-1.250	-0.350	0.000	1.02296686
-1.150	-0.350	0.000	1.02244139
-1.050	-0.350	0.000	1.02203751
-0.950	-0.350	0.000	1.02209866
-0.850	-0.350	0.000	1.02275229
-0.750	-0.350	0.000	1.02380693
-0.650	-0.350	0.000	1.02486992
-0.550	-0.350	0.000	1.02578032
-0.450	-0.350	0.000	1.02634430
-0.350	-0.350	0.000	1.02660739
-0.250	-0.350	0.000	1.02654779
-0.150	-0.350	0.000	1.02626228
-0.050	-0.350	0.000	1.02594340
0.050	-0.350	0.000	1.02576637
0.150	-0.350	0.000	1.02575421
0.250	-0.350	0.000	1.02587247
0.350	-0.350	0.000	1.02601004
0.450	-0.350	0.000	1.02604735
0.550	-0.350	0.000	1.02595139
0.650	-0.350	0.000	1.02579653
0.750	-0.350	0.000	1.02576351
0.850	-0.350	0.000	1.02582085
0.950	-0.350	0.000	1.02594948
1.050	-0.350	0.000	1.02607679
1.150	-0.350	0.000	1.02604675
1.250	-0.350	0.000	1.02589881
1.350	-0.350	0.000	1.02567303
1.450	-0.350	0.000	1.02540708
1.550	-0.350	0.000	1.02521145
1.650	-0.350	0.000	1.02512991
1.750	-0.350	0.000	1.02507949
1.850	-0.350	0.000	1.02505326
1.950	-0.350	0.000	1.02512455
2.050	-0.350	0.000	1.02534890
2.150	-0.350	0.000	1.02562881
2.250	-0.350	0.000	1.02609921
2.350	-0.350	0.000	1.02635300
2.450	-0.350	0.000	1.02674603
-2.450	-0.250	0.000	1.02546942
-2.350	-0.250	0.000	1.02572680
-2.250	-0.250	0.000	1.02618694
-2.150	-0.250	0.000	1.02629554
-2.050	-0.250	0.000	1.02606297
-1.950	-0.250	0.000	1.02556145
-1.850	-0.250	0.000	1.02485824
-1.750	-0.250	0.000	1.02423859
-1.650	-0.250	0.000	1.02388549
-1.550	-0.250	0.000	1.02359688
-1.450	-0.250	0.000	1.02356184
-1.350	-0.250	0.000	1.02331090
-1.250	-0.250	0.000	1.02292848
-1.150	-0.250	0.000	1.02246451
-1.050	-0.250	0.000	1.02216923
-0.950	-0.250	0.000	1.02233779
-0.850	-0.250	0.000	1.02303648
-0.750	-0.250	0.000	1.02402902
-0.650	-0.250	0.000	1.02505016
-0.550	-0.250	0.000	1.02591670
-0.450	-0.250	0.000	1.02645910
-0.350	-0.250	0.000	1.02665365
-0.250	-0.250	0.000	1.02662814
-0.150	-0.250	0.000	1.02642894
-0.050	-0.250	0.000	1.02618504
0.050	-0.250	0.000	1.02605307
0.150	-0.250	0.000	1.02602589
0.250	-0.250	0.000	1.02606654
0.350	-0.250	0.000	1.02613640
0.450	-0.250	0.000	1.02614129
0.550	-0.250	0.000	1.02603853
0.650	-0.250	0.000	1.02588141
0.750	-0.250	0.000	1.02587271
0.850	-0.250	0.000	1.02596390
0.950	-0.250	0.000	1.02612793
1.050	-0.250	0.000	1.02626574
1.150	-0.250	0.000	1.02623832
1.250	-0.250	0.000	1.02612102
1.350	-0.250	0.000	1.02595794
1.450	-0.250	0.000	1.02571774
1.550	-0.250	0.000	1.02551031
1.650	-0.250	0.000	1.02542698
1.750	-0.250	0.000	1.02539539
1.850	-0.250	0.000	1.02537632
1.950	-0.250	0.000	1.02545118
2.050	-0.250	0.000	1.02565873
2.150	-0.250	0.000	1.02592039
2.250	-0.250	0.000	1.02634752
2.350	-0.250	0.000	1.02661586
2.450	-0.250	0.000	1.02695394
-2.450	-0.150	0.000	1.02555752
-2.350	-0.150	0.000	1.02585077
-2.250	-0.150	0.000	1.02638316
-2.150	-0.150	0.000	1.02661729
-2.050	-0.150	0.000	1.02647746
-1.950	-0.150	0.000	1.02603889
-1.850	-0.150	0.000	1.02539301
-1.750	-0.150	0.000	1.02471876
-1.650	-0.150	0.000	1.02426100
-1.550	-0.150	0.000	1.02385080
-1.450	-0.150	0.000	1.02371204
-1.350	-0.150	0.000	1.02338219
-1.250	-0.150	0.000	1.02302432
-1.150	-0.150	0.000	1.02269971
-1.050	-0.150	0.000	1.02258956
-0.950	-0.150	0.000	1.02285802
-0.850	-0.150	0.000	1.02352476
-0.750	-0.150	0.000	1.02441990
-0.650	-0.150	0.000	1.02533185
-0.550	-0.150	0.000	1.02609599
-0.450	-0.150	0.000	1.02661979
-0.350	-0.150	0.000	1.02674496
-0.250	-0.150	0.000	1.02673280
-0.150	-0.150	0.000	1.02657270
-0.050	-0.150	0.000	1.02641451
0.050	-0.150	0.000	1.02633917
0.150	-0.150	0.000	1.02633321
0.250	-0.150	0.000	1.02635360
0.350	-0.150	0.000	1.02636397
0.450	-0.150	0.000	1.02632105
0.550	-0.150	0.000	1.02619672
0.650	-0.150	0.000	1.02605224
0.750	-0.150	0.000	1.02605665
0.850	-0.150	0.000	1.02616131
0.950	-0.150	0.000	1.02634883
1.050	-0.150	0.000	1.02652204
1.150	-0.150	0.000	1.02651608
1.250	-0.150	0.000	1.02639496
1.350	-0.150	0.000	1.02625370
1.450	-0.150	0.000	1.02603912
1.550	-0.150	0.000	1.02582002
1.650	-0.150	0.000	1.02575636
1.750	-0.150	0.000	1.02574050
1.850	-0.150	0.000	1.02572405
1.950	-0.150	0.000	1.02579927
2.050	-0.150	0.000	1.02600574
2.150	-0.150	0.000	1.02627933
2.250	-0.150	0.000	1.02666366
2.350	-0.150	0.000	1.02696157
2.450	-0.150	0.000	1.02723289
-2.450	-0.050	0.000	1.02584720
-2.350	-0.050	0.000	1.02613807
-2.250	-0.050	0.000	1.02670681
-2.150	-0.050	0.000	1.02704048
-2.050	-0.050	0.000	1.02701867
-1.950	-0.050	0.000	1.02666652
-1.850	-0.050	0.000	1.02609468
-1.750	-0.050	0.000	1.02540100
-1.650	-0.050	0.000	1.02485442
-1.550	-0.050	0.000	1.02434921
-1.450	-0.050	0.000	1.02411175
-1.350	-0.050	0.000	1.02378511
-1.250	-0.050	0.000	1.02347147
-1.150	-0.050	0.000	1.02324665
-1.050	-0.050	0.000	1.02319682
-0.950	-0.050	0.000	1.02346325
-0.850	-0.050	0.000	1.02407789
-0.750	-0.050	0.000	1.02488935
-0.650	-0.050	0.000	1.02570736
-0.550	-0.050	0.000	1.02636921
-0.450	-0.050	0.000	1.02678609
-0.350	-0.050	0.000	1.02691197
-0.250	-0.050	0.000	1.02688944
-0.150	-0.050	0.000	1.02676070
-0.050	-0.050	0.000	1.02663803
0.050	-0.050	0.000	1.02656209
0.150	-0.050	0.000	1.02654076
0.250	-0.050	0.000	1.02655041
0.350	-0.050	0.000	1.02654195
0.450	-0.050	0.000	1.02649403
0.550	-0.050	0.000	1.02639174
0.650	-0.050	0.000	1.02629685
0.750	-0.050	0.000	1.02632260
0.850	-0.050	0.000	1.02646875
0.950	-0.050	0.000	1.02666998
1.050	-0.050	0.000	1.02685988
1.150	-0.050	0.000	1.02685046
1.250	-0.050	0.000	1.02670908
1.350	-0.050	0.000	1.02656007
1.450	-0.050	0.000	1.02639437
1.550	-0.050	0.000	1.02619040
1.650	-0.050	0.000	1.02612865
1.750	-0.050	0.000	1.02612269
1.850	-0.050	0.000	1.02610612
1.950	-0.050	0.000	1.02615714
2.050	-0.050	0.000	1.02634120
2.150	-0.050	0.000	1.02663255
2.250	-0.050	0.000	1.02699292
2.350	-0.050	0.000	1.02733076
2.450	-0.050	0.000	1.02752090
-2.450	0.050	0.000	1.02619433
-2.350	0.050	0.000	1.02646327
-2.250	0.050	0.000	1.02705884
-2.150	0.050	0.000	1.02746308
-2.050	0.050	0.000	1.02753782
-1.950	0.050	0.000	1.02729619
-1.850	0.050	0.000	1.02681053
-1.750	0.050	0.000	1.02614379
-1.650	0.050	0.000	1.02554274
-1.550	0.050	0.000	1.02497685
-1.450	0.050	0.000	1.02465749
-1.350	0.050	0.000	1.02430248
-1.250	0.050	0.000	1.02396369
-1.150	0.050	0.000	1.02377176
-1.050	0.050	0.000	1.02377832
-0.950	0.050	0.000	1.02406180
-0.850	0.050	0.000	1.02462971
-0.750	0.050	0.000	1.02537298
-0.650	0.050	0.000	1.02612364
-0.550	0.050	0.000	1.02673817
-0.450	0.050	0.000	1.02712417
-0.350	0.050	0.000	1.02723074
-0.250	0.050	0.000	1.02718544
-0.150	0.050	0.000	1.02705348
-0.050	0.050	0.000	1.02692378
0.050	0.050	0.000	1.02681184
0.150	0.050	0.000	1.02674758
0.250	0.050	0.000	1.02671707
0.350	0.050	0.000	1.02667403
0.450	0.050	0.000	1.02660990
0.550	0.050	0.000	1.02654207
0.650	0.050	0.000	1.02653801
0.750	0.050	0.000	1.02659976
0.850	0.050	0.000	1.02680469
0.950	0.050	0.000	1.02703142
1.050	0.050	0.000	1.02723181
1.150	0.050	0.000	1.02723491
1.250	0.050	0.000	1.02707207
1.350	0.050	0.000	1.02687252
1.450	0.050	0.000	1.02671087
1.550	0.050	0.000	1.02650476
1.650	0.050	0.000	1.02643931
1.750	0.050	0.000	1.02645779
1.850	0.050	0.000	1.02646637
1.950	0.050	0.000	1.02650452
2.050	0.050	0.000	1.02666080
2.150	0.050	0.000	1.02694726
2.250	0.050	0.000	1.02727902
2.350	0.050	0.000	1.02767408
2.450	0.050	0.000	1.02779698
-2.450	0.150	0.000	1.02662802
-2.350	0.150	0.000	1.02686214
-2.250	0.150	0.000	1.02743566
-2.150	0.150	0.000	1.02787483
-2.050	0.150	0.000	1.02802193
-1.950	0.150	0.000	1.02792048
-1.850	0.150	0.000	1.02750504
-1.750	0.150	0.000	1.02689493
-1.650	0.150	0.000	1.02625644
-1.550	0.150	0.000	1.02564621
-1.450	0.150	0.000	1.02526796
-1.350	0.150	0.000	1.02487659
-1.250	0.150	0.000	1.02449489
-1.150	0.150	0.000	1.02430570
-1.050	0.150	0.000	1.02432942
-0.950	0.150	0.000	1.02458930
-0.850	0.150	0.000	1.02510202
-0.750	0.150	0.000	1.02578914
-0.650	0.150	0.000	1.02650249
-0.550	0.150	0.000	1.02711284
-0.450	0.150	0.000	1.02750993
-0.350	0.150	0.000	1.02765357
-0.250	0.150	0.000	1.02759576
-0.150	0.150	0.000	1.02742362
-0.050	0.150	0.000	1.02724326
0.050	0.150	0.000	1.02708352
0.150	0.150	0.000	1.02696240
0.250	0.150	0.000	1.02688289
0.350	0.150	0.000	1.02680218
0.450	0.150	0.000	1.02672219
0.550	0.150	0.000	1.02667892
0.650	0.150	0.000	1.02671885
0.750	0.150	0.000	1.02682412
0.850	0.150	0.000	1.02709889
0.950	0.150	0.000	1.02737486
1.050	0.150	0.000	1.02762341
1.150	0.150	0.000	1.02761793
1.250	0.150	0.000	1.02741253
1.350	0.150	0.000	1.02715158
1.450	0.150	0.000	1.02695072
1.550	0.150	0.000	1.02674329
1.650	0.150	0.000	1.02666235
1.750	0.150	0.000	1.02668977
1.850	0.150	0.000	1.02672315
1.950	0.150	0.000	1.02676356
2.050	0.150	0.000	1.02690339
2.150	0.150	0.000	1.02718127
2.250	0.150	0.000	1.02749515
2.350	0.150	0.000	1.02793288
2.450	0.150	0.000	1.02802145
-2.450	0.250	0.000	1.02708519
-2.350	0.250	0.000	1.02728844
-2.250	0.250	0.000	1.02782059
-2.150	0.250	0.000	1.02824366
-2.050	0.250	0.000	1.02839839
-1.950	0.250	0.000	1.02840602
-1.850	0.250	0.000	1.02807415
-1.750	0.250	0.000	1.02752340
-1.650	0.250	0.000	1.02688229
-1.550	0.250	0.000	1.02627969
-1.450	0.250	0.000	1.02589297
-1.350	0.250	0.000	1.02549124
-1.250	0.250	0.000	1.02508342
-1.150	0.250	0.000	1.02486908
-1.050	0.250	0.000	1.02486122
-0.950	0.250	0.000	1.02505493
-0.850	0.250	0.000	1.02548194
-0.750	0.250	0.000	1.02609205
-0.650	0.250	0.000	1.02675200
-0.550	0.250	0.000	1.02735567
-0.450	0.250	0.000	1.02778029
-0.350	0.250	0.000	1.02798474
-0.250	0.250	0.000	1.02796054
-0.150	0.250	0.000	1.02779901
-0.050	0.250	0.000	1.02757215
0.050	0.250	0.000	1.02736676
0.150	0.250	0.000	1.02719879
0.250	0.250	0.000	1.02706885
0.350	0.250	0.000	1.02694845
0.450	0.250	0.000	1.02684999
0.550	0.250	0.000	1.02681851
0.650	0.250	0.000	1.02684665
0.750	0.250	0.000	1.02698302
0.850	0.250	0.000	1.02729750
0.950	0.250	0.000	1.02762151
1.050	0.250	0.000	1.02788687
1.150	0.250	0.000	1.02794445
1.250	0.250	0.000	1.02774811
1.350	0.250	0.000	1.02746797
1.450	0.250	0.000	1.02720940
1.550	0.250	0.000	1.02696085
1.650	0.250	0.000	1.02684021
1.750	0.250	0.000	1.02684581
1.850	0.250	0.000	1.02687573
1.950	0.250	0.000	1.02692914
2.050	0.250	0.000	1.02707255
2.150	0.250	0.000	1.02734900
2.250	0.250	0.000	1.02764368
2.350	0.250	0.000	1.02810752
2.450	0.250	0.000	1.02821565
-2.450	0.350	0.000	1.02749372
-2.350	0.350	0.000	1.02765012
-2.250	0.350	0.000	1.02811718
-2.150	0.350	0.000	1.02853930
-2.050	0.350	0.000	1.02873564
-1.950	0.350	0.000	1.02880931
-1.850	0.350	0.000	1.02854013
-1.750	0.350	0.000	1.02803266
-1.650	0.350	0.000	1.02739072
-1.550	0.350	0.000	1.02676094
-1.450	0.350	0.000	1.02635634
-1.350	0.350	0.000	1.02602220
-1.250	0.350	0.000	1.02566218
-1.150	0.350	0.000	1.02546537
-1.050	0.350	0.000	1.02541947
-0.950	0.350	0.000	1.02552366
-0.850	0.350	0.000	1.02581751
-0.750	0.350	0.000	1.02628601
-0.650	0.350	0.000	1.02684689
-0.550	0.350	0.000	1.02741933
-0.450	0.350	0.000	1.02785516
-0.350	0.350	0.000	1.02811110
-0.250	0.350	0.000	1.02815044
-0.150	0.350	0.000	1.02806687
-0.050	0.350	0.000	1.02785885
0.050	0.350	0.000	1.02764976
0.150	0.350	0.000	1.02745092
0.250	0.350	0.000	1.02726865
0.350	0.350	0.000	1.02711129
0.450	0.350	0.000	1.02699542
0.550	0.350	0.000	1.02693343
0.650	0.350	0.000	1.02693450
0.750	0.350	0.000	1.02705324
0.850	0.350	0.000	1.02735353
0.950	0.350	0.000	1.02769315
1.050	0.350	0.000	1.02794504
1.150	0.350	0.000	1.02810693
1.250	0.350	0.000	1.02800286
1.350	0.350	0.000	1.02778900
1.450	0.350	0.000	1.02752197
1.550	0.350	0.000	1.02726018
1.650	0.350	0.000	1.02709234
1.750	0.350	0.000	1.02703679
1.850	0.350	0.000	1.02702153
1.950	0.350	0.000	1.02704203
2.050	0.350	0.000	1.02717650
2.150	0.350	0.000	1.02744949
2.250	0.350	0.000	1.02774143
2.350	0.350	0.000	1.02821112
2.450	0.350	0.000	1.02834809
-2.450	0.450	0.000	1.02787900
-2.350	0.450	0.000	1.02796936
-2.250	0.450	0.000	1.02835393
-2.150	0.450	0.000	1.02875197
-2.050	0.450	0.000	1.02897191
-1.950	0.450	0.000	1.02911067
-1.850	0.450	0.000	1.02890146
-1.750	0.450	0.000	1.02844346
-1.650	0.450	0.000	1.02780521
-1.550	0.450	0.000	1.02716959
-1.450	0.450	0.000	1.02678347
-1.350	0.450	0.000	1.02651072
-1.250	0.450	0.000	1.02621758
-1.150	0.450	0.000	1.02605820
-1.050	0.450	0.000	1.02598190
-0.950	0.450	0.000	1.02597666
-0.850	0.450	0.000	1.02612054
-0.750	0.450	0.000	1.02644086
-0.650	0.450	0.000	1.02687919
-0.550	0.450	0.000	1.02734995
-0.450	0.450	0.000	1.02776229
-0.350	0.450	0.000	1.02807462
-0.250	0.450	0.000	1.02818727
-0.150	0.450	0.000	1.02818000
-0.050	0.450	0.000	1.02803993
0.050	0.450	0.000	1.02786911
0.150	0.450	0.000	1.02769685
0.250	0.450	0.000	1.02752519
0.350	0.450	0.000	1.02736354
0.450	0.450	0.000	1.02720690
0.550	0.450	0.000	1.02707922
0.650	0.450	0.000	1.02700877
0.750	0.450	0.000	1.02708685
0.850	0.450	0.000	1.02734232
0.950	0.450	0.000	1.02766275
1.050	0.450	0.000	1.02791679
1.150	0.450	0.000	1.02812541
1.250	0.450	0.000	1.02813375
1.350	0.450	0.000	1.02800918
1.450	0.450	0.000	1.02778816
1.550	0.450	0.000	1.02754903
1.650	0.450	0.000	1.02737939
1.750	0.450	0.000	1.02728212
1.850	0.450	0.000	1.02722955
1.950	0.450	0.000	1.02721572
2.050	0.450	0.000	1.02731085
2.150	0.450	0.000	1.02754450
2.250	0.450	0.000	1.02781773
2.350	0.450	0.000	1.02826130
2.450	0.450	0.000	1.02842343
-2.450	0.550	0.000	1.02824914
-2.350	0.550	0.000	1.02824891
-2.250	0.550	0.000	1.02855182
-2.150	0.550	0.000	1.02890825
-2.050	0.550	0.000	1.02914512
-1.950	0.550	0.000	1.02934575
-1.850	0.550	0.000	1.02921069
-1.750	0.550	0.000	1.02881467
-1.650	0.550	0.000	1.02820420
-1.550	0.550	0.000	1.02756536
-1.450	0.550	0.000	1.02717340
-1.350	0.550	0.000	1.02696657
-1.250	0.550	0.000	1.02675927
-1.150	0.550	0.000	1.02668583
-1.050	0.550	0.000	1.02662945
-0.950	0.550	0.000	1.02656817
-0.850	0.550	0.000	1.02658629
-0.750	0.550	0.000	1.02673066
-0.650	0.550	0.000	1.02699280
-0.550	0.550	0.000	1.02734601
-0.450	0.550	0.000	1.02768207
-0.350	0.550	0.000	1.02792215
-0.250	0.550	0.000	1.02804995
-0.150	0.550	0.000	1.02807522
-0.050	0.550	0.000	1.02805340
0.050	0.550	0.000	1.02799845
0.150	0.550	0.000	1.02791715
0.250	0.550	0.000	1.02782142
0.350	0.550	0.000	1.02767599
0.450	0.550	0.000	1.02749300
0.550	0.550	0.000	1.02731609
0.650	0.550	0.000	1.02717268
0.750	0.550	0.000	1.02717543
0.850	0.550	0.000	1.02734625
0.950	0.550	0.000	1.02759850
1.050	0.550	0.000	1.02784753
1.150	0.550	0.000	1.02806652
1.250	0.550	0.000	1.02818894
1.350	0.550	0.000	1.02814901
1.450	0.550	0.000	1.02798760
1.550	0.550	0.000	1.02779078
1.650	0.550	0.000	1.02764583
1.750	0.550	0.000	1.02754760
1.850	0.550	0.000	1.02747631
1.950	0.550	0.000	1.02746117
2.050	0.550	0.000	1.02752328
2.150	0.550	0.000	1.02770507
2.250	0.550	0.000	1.02792943
2.350	0.550	0.000	1.02829754
2.450	0.550	0.000	1.02845550
-2.450	0.650	0.000	1.02873957
-2.350	0.650	0.000	1.02864301
-2.250	0.650	0.000	1.02883697
-2.150	0.650	0.000	1.02910399
-2.050	0.650	0.000	1.02934110
-1.950	0.650	0.000	1.02958179
-1.850	0.650	0.000	1.02951968
-1.750	0.650	0.000	1.02918649
-1.650	0.650	0.000	1.02861774
-1.550	0.650	0.000	1.02797127
-1.450	0.650	0.000	1.02757144
-1.350	0.650	0.000	1.02737975
-1.250	0.650	0.000	1.02727687
-1.150	0.650	0.000	1.02733624
-1.050	0.650	0.000	1.02734625
-0.950	0.650	0.000	1.02728176
-0.850	0.650	0.000	1.02722359
-0.750	0.650	0.000	1.02722621
-0.650	0.650	0.000	1.02731812
-0.550	0.650	0.000	1.02749503
-0.450	0.650	0.000	1.02770340
-0.350	0.650	0.000	1.02785718
-0.250	0.650	0.000	1.02794456
-0.150	0.650	0.000	1.02796018
-0.050	0.650	0.000	1.02798057
0.050	0.650	0.000	1.02800381
0.150	0.650	0.000	1.02806234
0.250	0.650	0.000	1.02808154
0.350	0.650	0.000	1.02800405
0.450	0.650	0.000	1.02787650
0.550	0.650	0.000	1.02770901
0.650	0.650	0.000	1.02752721
0.750	0.650	0.000	1.02745199
0.850	0.650	0.000	1.02753139
0.950	0.650	0.000	1.02768874
1.050	0.650	0.000	1.02787697
1.150	0.650	0.000	1.02804077
1.250	0.650	0.000	1.02821636
1.350	0.650	0.000	1.02827835
1.450	0.650	0.000	1.02821124
1.550	0.650	0.000	1.02807426
1.650	0.650	0.000	1.02797008
1.750	0.650	0.000	1.02787840
1.850	0.650	0.000	1.02779377
1.950	0.650	0.000	1.02777338
2.050	0.650	0.000	1.02779341
2.150	0.650	0.000	1.02792716
2.250	0.650	0.000	1.02810204
2.350	0.650	0.000	1.02840149
2.450	0.650	0.000	1.02853310
-2.450	0.750	0.000	1.02925611
-2.350	0.750	0.000	1.02909839
-2.250	0.750	0.000	1.02918649
-2.150	0.750	0.000	1.02935243
-2.050	0.750	0.000	1.02954352
-1.950	0.750	0.000	1.02978718
-1.850	0.750	0.000	1.02980185
-1.750	0.750	0.000	1.02954817
-1.650	0.750	0.000	1.02904558
-1.550	0.750	0.000	1.02837121
-1.450	0.750	0.000	1.02794695
-1.350	0.750	0.000	1.02774477
-1.250	0.750	0.000	1.02774036
-1.150	0.750	0.000	1.02794182
-1.050	0.750	0.000	1.02808392
-0.950	0.750	0.000	1.02810335
-0.850	0.750	0.000	1.02806079
-0.750	0.750	0.000	1.02799273
-0.650	0.750	0.000	1.02795613
-0.550	0.750	0.000	1.02797568
-0.450	0.750	0.000	1.02801967
-0.350	0.750	0.000	1.02802467
-0.250	0.750	0.000	1.02798927
-0.150	0.750	0.000	1.02790070
-0.050	0.750	0.000	1.02789247
0.050	0.750	0.000	1.02791858
0.150	0.750	0.000	1.02806282
0.250	0.750	0.000	1.02820778
0.350	0.750	0.000	1.02825737
0.450	0.750	0.000	1.02823269
0.550	0.750	0.000	1.02814066
0.650	0.750	0.000	1.02798665
0.750	0.750	0.000	1.02787673
0.850	0.750	0.000	1.02789152
0.950	0.750	0.000	1.02797580
1.050	0.750	0.000	1.02811253
1.150	0.750	0.000	1.02823114
1.250	0.750	0.000	1.02837980
1.350	0.750	0.000	1.02846587
1.450	0.750	0.000	1.02841115
1.550	0.750	0.000	1.02827764
1.650	0.750	0.000	1.02820253
1.750	0.750	0.000	1.02812612
1.850	0.750	0.000	1.02803266
1.950	0.750	0.000	1.02802062
2.050	0.750	0.000	1.02804136
2.150	0.750	0.000	1.02815807
2.250	0.750	0.000	1.02828550
2.350	0.750	0.000	1.02852309
2.450	0.750	0.000	1.02859604
-2.450	0.850	0.000	1.02973187
-2.350	0.850	0.000	1.02955866
-2.250	0.850	0.000	1.02953625
-2.150	0.850	0.000	1.02954483
-2.050	0.850	0.000	1.02962756
-1.950	0.850	0.000	1.02984035
-1.850	0.850	0.000	1.02991498
-1.750	0.850	0.000	1.02977431
-1.650	0.850	0.000	1.02936041
-1.550	0.850	0.000	1.02871203
-1.450	0.850	0.000	1.02824187
-1.350	0.850	0.000	1.02804184
-1.250	0.850	0.000	1.02806985
-1.150	0.850	0.000	1.02836454
-1.050	0.850	0.000	1.02869546
-0.950	0.850	0.000	1.02890933
-0.850	0.850	0.000	1.02895999
-0.750	0.850	0.000	1.02890122
-0.650	0.850	0.000	1.02881241
-0.550	0.850	0.000	1.02874112
-0.450	0.850	0.000	1.02863479
-0.350	0.850	0.000	1.02849865
-0.250	0.850	0.000	1.02830815
-0.150	0.850	0.000	1.02811742
-0.050	0.850	0.000	1.02800441
0.050	0.850	0.000	1.02798223
0.150	0.850	0.000	1.02809250
0.250	0.850	0.000	1.02823675
0.350	0.850	0.000	1.02835798
0.450	0.850	0.000	1.02841175
0.550	0.850	0.000	1.02843750
0.650	0.850	0.000	1.02836907
0.750	0.850	0.000	1.02830780
0.850	0.850	0.000	1.02831817
0.950	0.850	0.000	1.02832997
1.050	0.850	0.000	1.02836764
1.150	0.850	0.000	1.02838075
1.250	0.850	0.000	1.02846611
1.350	0.850	0.000	1.02855051
1.450	0.850	0.000	1.02852190
1.550	0.850	0.000	1.02842653
1.650	0.850	0.000	1.02837765
1.750	0.850	0.000	1.02831101
1.850	0.850	0.000	1.02820861
1.950	0.850	0.000	1.02817237
2.050	0.850	0.000	1.02818763
2.150	0.850	0.000	1.02829587
2.250	0.850	0.000	1.02839410
2.350	0.850	0.000	1.02859676
2.450	0.850	0.000	1.02863157
-2.450	0.950	0.000	1.03007948
-2.350	0.950	0.000	1.02987075
-2.250	0.950	0.000	1.02979517
-2.150	0.950	0.000	1.02968872
-2.050	0.950	0.000	1.02967048
-1.950	0.950	0.000	1.02983654
-1.850	0.950	0.000	1.02994418
-1.750	0.950	0.000	1.02988064
-1.650	0.950	0.000	1.02949905
-1.550	0.950	0.000	1.02884841
-1.450	0.950	0.000	1.02835560
-1.350	0.950	0.000	1.02809906
-1.250	0.950	0.000	1.02819812
-1.150	0.950	0.000	1.02866280
-1.050	0.950	0.000	1.02913904
-0.950	0.950	0.000	1.02948117
-0.850	0.950	0.000	1.02966344
-0.750	0.950	0.000	1.02970719
-0.650	0.950	0.000	1.02967012
-0.550	0.950	0.000	1.02960098
-0.450	0.950	0.000	1.02943635
-0.350	0.950	0.000	1.02918720
-0.250	0.950	0.000	1.02887046
-0.150	0.950	0.000	1.02855492
-0.050	0.950	0.000	1.02829695
0.050	0.950	0.000	1.02816570
0.150	0.950	0.000	1.02818191
0.250	0.950	0.000	1.02827859
0.350	0.950	0.000	1.02836168
0.450	0.950	0.000	1.02841854
0.550	0.950	0.000	1.02847290
0.650	0.950	0.000	1.02845585
0.750	0.950	0.000	1.02847350
0.850	0.950	0.000	1.02854240
0.950	0.950	0.000	1.02859437
1.050	0.950	0.000	1.02864516
1.150	0.950	0.000	1.02863443
1.250	0.950	0.000	1.02864110
1.350	0.950	0.000	1.02865267
1.450	0.950	0.000	1.02858210
1.550	0.950	0.000	1.02844787
1.650	0.950	0.000	1.02839255
1.750	0.950	0.000	1.02834690
1.850	0.950	0.000	1.02827036
1.950	0.950	0.000	1.02824342
2.050	0.950	0.000	1.02828431
2.150	0.950	0.000	1.02841151
2.250	0.950	0.000	1.02849567
2.350	0.950	0.000	1.02865028
2.450	0.950	0.000	1.02865076
-2.450	1.050	0.000	1.03033423
-2.350	1.050	0.000	1.03011751
-2.250	1.050	0.000	1.02995980
-2.150	1.050	0.000	1.02973711
-2.050	1.050	0.000	1.02964067
-1.950	1.050	0.000	1.02974570
-1.850	1.050	0.000	1.02986801
-1.750	1.050	0.000	1.02988064
-1.650	1.050	0.000	1.02956605
-1.550	1.050	0.000	1.02894545
-1.450	1.050	0.000	1.02841532
-1.350	1.050	0.000	1.02811694
-1.250	1.050	0.000	1.02818143
-1.150	1.050	0.000	1.02866745
-1.050	1.050	0.000	1.02930129
-0.950	1.050	0.000	1.02983260
-0.850	1.050	0.000	1.03016949
-0.750	1.050	0.000	1.03032136
-0.650	1.050	0.000	1.03035891
-0.550	1.050	0.000	1.03032410
-0.450	1.050	0.000	1.03020453
-0.350	1.050	0.000	1.02992368
-0.250	1.050	0.000	1.02955687
-0.150	1.050	0.000	1.02914798
-0.050	1.050	0.000	1.02875876
0.050	1.050	0.000	1.02851701
0.150	1.050	0.000	1.02840829
0.250	1.050	0.000	1.02841401
0.350	1.050	0.000	1.02841210
0.450	1.050	0.000	1.02842665
0.550	1.050	0.000	1.02843416
0.650	1.050	0.000	1.02844822
0.750	1.050	0.000	1.02853012
0.850	1.050	0.000	1.02865279
0.950	1.050	0.000	1.02873099
1.050	1.050	0.000	1.02876174
1.150	1.050	0.000	1.02871382
1.250	1.050	0.000	1.02867246
1.350	1.050	0.000	1.02864146
1.450	1.050	0.000	1.02855253
1.550	1.050	0.000	1.02839458
1.650	1.050	0.000	1.02831948
1.750	1.050	0.000	1.02828836
1.850	1.050	0.000	1.02825248
1.950	1.050	0.000	1.02826333
2.050	1.050	0.000	1.02836752
2.150	1.050	0.000	1.02855301
2.250	1.050	0.000	1.02866375
2.350	1.050	0.000	1.02882302
2.450	1.050	0.000	1.02875960
-2.450	1.150	0.000	1.03055465
-2.350	1.150	0.000	1.03036213
-2.250	1.150	0.000	1.03011751
-2.150	1.150	0.000	1.02986038
-2.050	1.150	0.000	1.02971327
-1.950	1.150	0.000	1.02978265
-1.850	1.150	0.000	1.02989781
-1.750	1.150	0.000	1.02995038
-1.650	1.150	0.000	1.02965748
-1.550	1.150	0.000	1.02902555
-1.450	1.150	0.000	1.02840436
-1.350	1.150	0.000	1.02803612
-1.250	1.150	0.000	1.02803051
-1.150	1.150	0.000	1.02853501
-1.050	1.150	0.000	1.02924395
-0.950	1.150	0.000	1.02986908
-0.850	1.150	0.000	1.03030014
-0.750	1.150	0.000	1.03053343
-0.650	1.150	0.000	1.03064191
-0.550	1.150	0.000	1.03069186
-0.450	1.150	0.000	1.03066397
-0.350	1.150	0.000	1.03046322
-0.250	1.150	0.000	1.03014755
-0.150	1.150	0.000	1.02974153
-0.050	1.150	0.000	1.02931607
0.050	1.150	0.000	1.02900791
0.150	1.150	0.000	1.02879143
0.250	1.150	0.000	1.02868569
0.350	1.150	0.000	1.02861810
0.450	1.150	0.000	1.02859032
0.550	1.150	0.000	1.02857077
0.650	1.150	0.000	1.02854323
0.750	1.150	0.000	1.02859879
0.850	1.150	0.000	1.02873755
0.950	1.150	0.000	1.02883017
1.050	1.150	0.000	1.02887237
1.150	1.150	0.000	1.02883184
1.250	1.150	0.000	1.02876854
1.350	1.150	0.000	1.02869594
1.450	1.150	0.000	1.02858198
1.550	1.150	0.000	1.02839708
1.650	1.150	0.000	1.02828670
1.750	1.150	0.000	1.02825546
1.850	1.150	0.000	1.02825367
1.950	1.150	0.000	1.02829659
2.050	1.150	0.000	1.02846587
2.150	1.150	0.000	1.02870691
2.250	1.150	0.000	1.02885234
2.350	1.150	0.000	1.02904093
2.450	1.150	0.000	1.02895010
-2.450	1.250	0.000	1.03096640
-2.350	1.250	0.000	1.03079855
-2.250	1.250	0.000	1.03051734
-2.150	1.250	0.000	1.03023446
-2.050	1.250	0.000	1.03004479
-1.950	1.250	0.000	1.03008437
-1.850	1.250	0.000	1.03018641
-1.750	1.250	0.000	1.03025043
-1.650	1.250	0.000	1.02994704
-1.550	1.250	0.000	1.02930164
-1.450	1.250	0.000	1.02858078
-1.350	1.250	0.000	1.02806354
-1.250	1.250	0.000	1.02792609
-1.150	1.250	0.000	1.02833092
-1.050	1.250	0.000	1.02899265
-0.950	1.250	0.000	1.02963352
-0.850	1.250	0.000	1.03013039
-0.750	1.250	0.000	1.03042340
-0.650	1.250	0.000	1.03058958
-0.550	1.250	0.000	1.03073525
-0.450	1.250	0.000	1.03078496
-0.350	1.250	0.000	1.03069830
-0.250	1.250	0.000	1.03050184
-0.150	1.250	0.000	1.03021824
-0.050	1.250	0.000	1.02989471
0.050	1.250	0.000	1.02958405
0.150	1.250	0.000	1.02932346
0.250	1.250	0.000	1.02917397
0.350	1.250	0.000	1.02908099
0.450	1.250	0.000	1.02903223
0.550	1.250	0.000	1.02897370
0.650	1.250	0.000	1.02886355
0.750	1.250	0.000	1.02882564
0.850	1.250	0.000	1.02890134
0.950	1.250	0.000	1.02893817
1.050	1.250	0.000	1.02894366
1.150	1.250	0.000	1.02888513
1.250	1.250	0.000	1.02882552
1.350	1.250	0.000	1.02875102
1.450	1.250	0.000	1.02865040
1.550	1.250	0.000	1.02847326
1.650	1.250	0.000	1.02834857
1.750	1.250	0.000	1.02829933
1.850	1.250	0.000	1.02830911
1.950	1.250	0.000	1.02837121
2.050	1.250	0.000	1.02858675
2.150	1.250	0.000	1.02887917
2.250	1.250	0.000	1.02909529
2.350	1.250	0.000	1.02933729
2.450	1.250	0.000	1.02923357
-2.450	1.350	0.000	1.03166616
-2.350	1.350	0.000	1.03149617
-2.250	1.350	0.000	1.03119814
-2.150	1.350	0.000	1.03089559
-2.050	1.350	0.000	1.03068924
-1.950	1.350	0.000	1.03069830
-1.850	1.350	0.000	1.03077364
-1.750	1.350	0.000	1.03083062
-1.650	1.350	0.000	1.03049338
-1.550	1.350	0.000	1.02983439
-1.450	1.350	0.000	1.02901101
-1.350	1.350	0.000	1.02832115
-1.250	1.350	0.000	1.02802634
-1.150	1.350	0.000	1.02825737
-1.050	1.350	0.000	1.02874112
-0.950	1.350	0.000	1.02930999
-0.850	1.350	0.000	1.02979946
-0.750	1.350	0.000	1.03009486
-0.650	1.350	0.000	1.03031075
-0.550	1.350	0.000	1.03052092
-0.450	1.350	0.000	1.03069615
-0.350	1.350	0.000	1.03079534
-0.250	1.350	0.000	1.03078794
-0.150	1.350	0.000	1.03065705
-0.050	1.350	0.000	1.03044367
0.050	1.350	0.000	1.03021574
0.150	1.350	0.000	1.03001761
0.250	1.350	0.000	1.02987087
0.350	1.350	0.000	1.02977836
0.450	1.350	0.000	1.02973771
0.550	1.350	0.000	1.02969670
0.650	1.350	0.000	1.02958155
0.750	1.350	0.000	1.02947354
0.850	1.350	0.000	1.02943897
0.950	1.350	0.000	1.02935779
1.050	1.350	0.000	1.02922463
1.150	1.350	0.000	1.02910793
1.250	1.350	0.000	1.02900052
1.350	1.350	0.000	1.02890956
1.450	1.350	0.000	1.02880979
1.550	1.350	0.000	1.02865136
1.650	1.350	0.000	1.02855253
1.750	1.350	0.000	1.02850914
1.850	1.350	0.000	1.02851808
1.950	1.350	0.000	1.02856934
2.050	1.350	0.000	1.02878046
2.150	1.350	0.000	1.02907383
2.250	1.350	0.000	1.02930725
2.350	1.350	0.000	1.02955365
2.450	1.350	0.000	1.02948451
-2.450	1.450	0.000	1.03264797
-2.350	1.450	0.000	1.03252006
-2.250	1.450	0.000	1.03214371
-2.150	1.450	0.000	1.03178060
-2.050	1.450	0.000	1.03152704
-1.950	1.450	0.000	1.03150022
-1.850	1.450	0.000	1.03155971
-1.750	1.450	0.000	1.03161049
-1.650	1.450	0.000	1.03126931
-1.550	1.450	0.000	1.03061712
-1.450	1.450	0.000	1.02971387
-1.350	1.450	0.000	1.02889085
-1.250	1.450	0.000	1.02841985
-1.150	1.450	0.000	1.02844691
-1.050	1.450	0.000	1.02872312
-0.950	1.450	0.000	1.02918673
-0.850	1.450	0.000	1.02963936
-0.750	1.450	0.000	1.02994657
-0.650	1.450	0.000	1.03021502
-0.550	1.450	0.000	1.03045821
-0.450	1.450	0.000	1.03069270
-0.350	1.450	0.000	1.03090727
-0.250	1.450	0.000	1.03104651
-0.150	1.450	0.000	1.03109539
-0.050	1.450	0.000	1.03105760
0.050	1.450	0.000	1.03098178
0.150	1.450	0.000	1.03088832
0.250	1.450	0.000	1.03080487
0.350	1.450	0.000	1.03074038
0.450	1.450	0.000	1.03073776
0.550	1.450	0.000	1.03072631
0.650	1.450	0.000	1.03060579
0.750	1.450	0.000	1.03045058
0.850	1.450	0.000	1.03032565
0.950	1.450	0.000	1.03013289
1.050	1.450	0.000	1.02987254
1.150	1.450	0.000	1.02967227
1.250	1.450	0.000	1.02947068
1.350	1.450	0.000	1.02932382
1.450	1.450	0.000	1.02918470
1.550	1.450	0.000	1.02898300
1.650	1.450	0.000	1.02885365
1.750	1.450	0.000	1.02881801
1.850	1.450	0.000	1.02884328
1.950	1.450	0.000	1.02889681
2.050	1.450	0.000	1.02907073
2.150	1.450	0.000	1.02931821
2.250	1.450	0.000	1.02954531
2.350	1.450	0.000	1.02975571
2.450	1.450	0.000	1.02968562
-2.450	1.550	0.000	1.03350866
-2.350	1.550	0.000	1.03339362
-2.250	1.550	0.000	1.03299093
-2.150	1.550	0.000	1.03263509
-2.050	1.550	0.000	1.03238726
-1.950	1.550	0.000	1.03234243
-1.850	1.550	0.000	1.03244221
-1.750	1.550	0.000	1.03249049
-1.650	1.550	0.000	1.03214574
-1.550	1.550	0.000	1.03152239
-1.450	1.550	0.000	1.03060508
-1.350	1.550	0.000	1.02971411
-1.250	1.550	0.000	1.02910471
-1.150	1.550	0.000	1.02893090
-1.050	1.550	0.000	1.02906656
-0.950	1.550	0.000	1.02942610
-0.850	1.550	0.000	1.02980196
-0.750	1.550	0.000	1.03012323
-0.650	1.550	0.000	1.03043771
-0.550	1.550	0.000	1.03068960
-0.450	1.550	0.000	1.03095996
-0.350	1.550	0.000	1.03122187
-0.250	1.550	0.000	1.03145587
-0.150	1.550	0.000	1.03164446
-0.050	1.550	0.000	1.03175116
0.050	1.550	0.000	1.03178239
0.150	1.550	0.000	1.03179049
0.250	1.550	0.000	1.03182352
0.350	1.550	0.000	1.03185773
0.450	1.550	0.000	1.03187907
0.550	1.550	0.000	1.03187943
0.650	1.550	0.000	1.03180277
0.750	1.550	0.000	1.03166187
0.850	1.550	0.000	1.03149605
0.950	1.550	0.000	1.03120935
1.050	1.550	0.000	1.03085220
1.150	1.550	0.000	1.03052461
1.250	1.550	0.000	1.03019583
1.350	1.550	0.000	1.02993214
1.450	1.550	0.000	1.02969909
1.550	1.550	0.000	1.02944839
1.650	1.550	0.000	1.02927601
1.750	1.550	0.000	1.02919698
1.850	1.550	0.000	1.02919495
1.950	1.550	0.000	1.02923846
2.050	1.550	0.000	1.02940130
2.150	1.550	0.000	1.02963269
2.250	1.550	0.000	1.02987742
2.350	1.550	0.000	1.03004289
2.450	1.550	0.000	1.02998221
-2.450	1.650	0.000	1.03442013
-2.350	1.650	0.000	1.03436553
-2.250	1.650	0.000	1.03389490
-2.150	1.650	0.000	1.03349245
-2.050	1.650	0.000	1.03321385
-1.950	1.650	0.000	1.03318644
-1.850	1.650	0.000	1.03329754
-1.750	1.650	0.000	1.03335333
-1.650	1.650	0.000	1.03302240
-1.550	1.650	0.000	1.03243983
-1.450	1.650	0.000	1.03154325
-1.350	1.650	0.000	1.03064704
-1.250	1.650	0.000	1.02999365
-1.150	1.650	0.000	1.02967942
-1.050	1.650	0.000	1.02966988
-0.950	1.650	0.000	1.02987027
-0.850	1.650	0.000	1.03017807
-0.750	1.650	0.000	1.03053057
-0.650	1.650	0.000	1.03087580
-0.550	1.650	0.000	1.03112161
-0.450	1.650	0.000	1.03136289
-0.350	1.650	0.000	1.03159809
-0.250	1.650	0.000	1.03185499
-0.150	1.650	0.000	1.03211367
-0.050	1.650	0.000	1.03233445
0.050	1.650	0.000	1.03249896
0.150	1.650	0.000	1.03263259
0.250	1.650	0.000	1.03273916
0.350	1.650	0.000	1.03282619
0.450	1.650	0.000	1.03291726
0.550	1.650	0.000	1.03295767
0.650	1.650	0.000	1.03287470
0.750	1.650	0.000	1.03272963
0.850	1.650	0.000	1.03255939
0.950	1.650	0.000	1.03225386
1.050	1.650	0.000	1.03187549
1.150	1.650	0.000	1.03148162
1.250	1.650	0.000	1.03104985
1.350	1.650	0.000	1.03066182
1.450	1.650	0.000	1.03030455
1.550	1.650	0.000	1.02994967
1.650	1.650	0.000	1.02972758
1.750	1.650	0.000	1.02962601
1.850	1.650	0.000	1.02959156
1.950	1.650	0.000	1.02961802
2.050	1.650	0.000	1.02978551
2.150	1.650	0.000	1.02999866
2.250	1.650	0.000	1.03024769
2.350	1.650	0.000	1.03041327
2.450	1.650	0.000	1.03038383
-2.450	1.750	0.000	1.03518081
-2.350	1.750	0.000	1.03523254
-2.250	1.750	0.000	1.03470123
-2.150	1.750	0.000	1.03427160
-2.050	1.750	0.000	1.03400624
-1.950	1.750	0.000	1.03393722
-1.850	1.750	0.000	1.03402400
-1.750	1.750	0.000	1.03403890
-1.650	1.750	0.000	1.03367507
-1.550	1.750	0.000	1.03308344
-1.450	1.750	0.000	1.03222954
-1.350	1.750	0.000	1.03136492
-1.250	1.750	0.000	1.03069735
-1.150	1.750	0.000	1.03025532
-1.050	1.750	0.000	1.03014028
-0.950	1.750	0.000	1.03022265
-0.850	1.750	0.000	1.03045154
-0.750	1.750	0.000	1.03078508
-0.650	1.750	0.000	1.03111076
-0.550	1.750	0.000	1.03135657
-0.450	1.750	0.000	1.03156221
-0.350	1.750	0.000	1.03176796
-0.250	1.750	0.000	1.03201020
-0.150	1.750	0.000	1.03228056
-0.050	1.750	0.000	1.03253603
0.050	1.750	0.000	1.03276134
0.150	1.750	0.000	1.03296828
0.250	1.750	0.000	1.03317213
0.350	1.750	0.000	1.03335524
0.450	1.750	0.000	1.03350806
0.550	1.750	0.000	1.03355408
0.650	1.750	0.000	1.03346646
0.750	1.750	0.000	1.03334701
0.850	1.750	0.000	1.03319287
0.950	1.750	0.000	1.03291547
1.050	1.750	0.000	1.03255796
1.150	1.750	0.000	1.03213859
1.250	1.750	0.000	1.03164113
1.350	1.750	0.000	1.03116858
1.450	1.750	0.000	1.03072011
1.550	1.750	0.000	1.03029370
1.650	1.750	0.000	1.03007555
1.750	1.750	0.000	1.02999330
1.850	1.750	0.000	1.02995312
1.950	1.750	0.000	1.02998233
2.050	1.750	0.000	1.03014195
2.150	1.750	0.000	1.03034997
2.250	1.750	0.000	1.03063405
2.350	1.750	0.000	1.03080082
2.450	1.750	0.000	1.03078020
-2.450	1.850	0.000	1.03553545
-2.350	1.850	0.000	1.03568566
-2.250	1.850	0.000	1.03517365
-2.150	1.850	0.000	1.03475499
-2.050	1.850	0.000	1.03452575
-1.950	1.850	0.000	1.03439522
-1.850	1.850	0.000	1.03443110
-1.750	1.850	0.000	1.03436124
-1.650	1.850	0.000	1.03390825
-1.550	1.850	0.000	1.03326356
-1.450	1.850	0.000	1.03242457
-1.350	1.850	0.000	1.03159833
-1.250	1.850	0.000	1.03095007
-1.150	1.850	0.000	1.03047132
-1.050	1.850	0.000	1.03027225
-0.950	1.850	0.000	1.03025711
-0.850	1.850	0.000	1.03043222
-0.750	1.850	0.000	1.03072822
-0.650	1.850	0.000	1.03100872
-0.550	1.850	0.000	1.03123569
-0.450	1.850	0.000	1.03139079
-0.350	1.850	0.000	1.03155899
-0.250	1.850	0.000	1.03176904
-0.150	1.850	0.000	1.03200853
-0.050	1.850	0.000	1.03225350
0.050	1.850	0.000	1.03250265
0.150	1.850	0.000	1.03276527
0.250	1.850	0.000	1.03304517
0.350	1.850	0.000	1.03330326
0.450	1.850	0.000	1.03353655
0.550	1.850	0.000	1.03362262
0.650	1.850	0.000	1.03355861
0.750	1.850	0.000	1.03348207
0.850	1.850	0.000	1.03337789
0.950	1.850	0.000	1.03316987
1.050	1.850	0.000	1.03288043
1.150	1.850	0.000	1.03250384
1.250	1.850	0.000	1.03201210
1.350	1.850	0.000	1.03149438
1.450	1.850	0.000	1.03097761
1.550	1.850	0.000	1.03048277
1.650	1.850	0.000	1.03023410
1.750	1.850	0.000	1.03013611
1.850	1.850	0.000	1.03010046
1.950	1.850	0.000	1.03019202
2.050	1.850	0.000	1.03039908
2.150	1.850	0.000	1.03065038
2.250	1.850	0.000	1.03096628
2.350	1.850	0.000	1.03110945
2.450	1.850	0.000	1.03109825
-2.450	1.950	0.000	1.03552639
-2.350	1.950	0.000	1.03581321
-2.250	1.950	0.000	1.03540421
-2.150	1.950	0.000	1.03498876
-2.050	1.950	0.000	1.03474164
-1.950	1.950	0.000	1.03455150
-1.850	1.950	0.000	1.03453672
-1.750	1.950	0.000	1.03443050
-1.650	1.950	0.000	1.03393030
-1.550	1.950	0.000	1.03321004
-1.450	1.950	0.000	1.03230655
-1.350	1.950	0.000	1.03145957
-1.250	1.950	0.000	1.03081775
-1.150	1.950	0.000	1.03033936
-1.050	1.950	0.000	1.03013813
-0.950	1.950	0.000	1.03005922
-0.850	1.950	0.000	1.03017330
-0.750	1.950	0.000	1.03039193
-0.650	1.950	0.000	1.03063166
-0.550	1.950	0.000	1.03084183
-0.450	1.950	0.000	1.03099692
-0.350	1.950	0.000	1.03112185
-0.250	1.950	0.000	1.03126311
-0.150	1.950	0.000	1.03143013
-0.050	1.950	0.000	1.03161705
0.050	1.950	0.000	1.03183579
0.150	1.950	0.000	1.03209412
0.250	1.950	0.000	1.03238928
0.350	1.950	0.000	1.03268945
0.450	1.950	0.000	1.03294969
0.550	1.950	0.000	1.03305578
0.650	1.950	0.000	1.03300738
0.750	1.950	0.000	1.03293705
0.850	1.950	0.000	1.03289080
0.950	1.950	0.000	1.03276765
1.050	1.950	0.000	1.03259146
1.150	1.950	0.000	1.03232169
1.250	1.950	0.000	1.03190184
1.350	1.950	0.000	1.03140712
1.450	1.950	0.000	1.03087914
1.550	1.950	0.000	1.03037691
1.650	1.950	0.000	1.03015459
1.750	1.950	0.000	1.03005707
1.850	1.950	0.000	1.03001976
1.950	1.950	0.000	1.03009665
2.050	1.950	0.000	1.03028512
2.150	1.950	0.000	1.03052461
2.250	1.950	0.000	1.03087604
2.350	1.950	0.000	1.03103757
2.450	1.950	0.000	1.03107905
-2.450	2.050	0.000	1.03479981
-2.350	2.050	0.000	1.03527808
-2.250	2.050	0.000	1.03516436
-2.150	2.050	0.000	1.03479660
-2.050	2.050	0.000	1.03452599
-1.950	2.050	0.000	1.03431201
-1.850	2.050	0.000	1.03426087
-1.750	2.050	0.000	1.03410470
-1.650	2.050	0.000	1.03356838
-1.550	2.050	0.000	1.03281403
-1.450	2.050	0.000	1.03189337
-1.350	2.050	0.000	1.03106987
-1.250	2.050	0.000	1.03046405
-1.150	2.050	0.000	1.03006470
-1.050	2.050	0.000	1.02986503
-0.950	2.050	0.000	1.02977920
-0.850	2.050	0.000	1.02985287
-0.750	2.050	0.000	1.03001678
-0.650	2.050	0.000	1.03023553
-0.550	2.050	0.000	1.03045726
-0.450	2.050	0.000	1.03061950
-0.350	2.050	0.000	1.03072810
-0.250	2.050	0.000	1.03082800
-0.150	2.050	0.000	1.03092813
-0.050	2.050	0.000	1.03104520
0.050	2.050	0.000	1.03120983
0.150	2.050	0.000	1.03143251
0.250	2.050	0.000	1.03170550
0.350	2.050	0.000	1.03199673
0.450	2.050	0.000	1.03224313
0.550	2.050	0.000	1.03237391
0.650	2.050	0.000	1.03234649
0.750	2.050	0.000	1.03228223
0.850	2.050	0.000	1.03224695
0.950	2.050	0.000	1.03218389
1.050	2.050	0.000	1.03207994
1.150	2.050	0.000	1.03191531
1.250	2.050	0.000	1.03159678
1.350	2.050	0.000	1.03115368
1.450	2.050	0.000	1.03064787
1.550	2.050	0.000	1.03014314
1.650	2.050	0.000	1.02989197
1.750	2.050	0.000	1.02978587
1.850	2.050	0.000	1.02972960
1.950	2.050	0.000	1.02977729
2.050	2.050	0.000	1.02994382
2.150	2.050	0.000	1.03013873
2.250	2.050	0.000	1.03044248
2.350	2.050	0.000	1.03054917
2.450	2.050	0.000	1.03058541
-2.450	2.150	0.000	1.03373766
-2.350	2.150	0.000	1.03441620
-2.250	2.150	0.000	1.03461087
-2.150	2.150	0.000	1.03439450
-2.050	2.150	0.000	1.03418303
-1.950	2.150	0.000	1.03404498
-1.850	2.150	0.000	1.03409553
-1.750	2.150	0.000	1.03398073
-1.650	2.150	0.000	1.03347075
-1.550	2.150	0.000	1.03270984
-1.450	2.150	0.000	1.03173816
-1.350	2.150	0.000	1.03086579
-1.250	2.150	0.000	1.03021741
-1.150	2.150	0.000	1.02980971
-1.050	2.150	0.000	1.02957284
-0.950	2.150	0.000	1.02947044
-0.850	2.150	0.000	1.02951598
-0.750	2.150	0.000	1.02964973
-0.650	2.150	0.000	1.02986038
-0.550	2.150	0.000	1.03009295
-0.450	2.150	0.000	1.03028691
-0.350	2.150	0.000	1.03040397
-0.250	2.150	0.000	1.03045750
-0.150	2.150	0.000	1.03047276
-0.050	2.150	0.000	1.03049314
0.050	2.150	0.000	1.03057206
0.150	2.150	0.000	1.03071523
0.250	2.150	0.000	1.03090596
0.350	2.150	0.000	1.03114522
0.450	2.150	0.000	1.03133261
0.550	2.150	0.000	1.03146458
0.650	2.150	0.000	1.03147304
0.750	2.150	0.000	1.03145289
0.850	2.150	0.000	1.03146851
0.950	2.150	0.000	1.03149056
1.050	2.150	0.000	1.03148746
1.150	2.150	0.000	1.03144538
1.250	2.150	0.000	1.03127098
1.350	2.150	0.000	1.03094327
1.450	2.150	0.000	1.03051496
1.550	2.150	0.000	1.03006423
1.650	2.150	0.000	1.02979052
1.750	2.150	0.000	1.02964580
1.850	2.150	0.000	1.02953041
1.950	2.150	0.000	1.02951467
2.050	2.150	0.000	1.02962589
2.150	2.150	0.000	1.02975869
2.250	2.150	0.000	1.03000641
2.350	2.150	0.000	1.03007305
2.450	2.150	0.000	1.03010130
-2.450	2.250	0.000	1.03303099
-2.350	2.250	0.000	1.03385687
-2.250	2.250	0.000	1.03426468
-2.150	2.250	0.000	1.03414273
-2.050	2.250	0.000	1.03394914
-1.950	2.250	0.000	1.03383148
-1.850	2.250	0.000	1.03391469
-1.750	2.250	0.000	1.03384411
-1.650	2.250	0.000	1.03340912
-1.550	2.250	0.000	1.03273964
-1.450	2.250	0.000	1.03186584
-1.350	2.250	0.000	1.03106940
-1.250	2.250	0.000	1.03041613
-1.150	2.250	0.000	1.03001440
-1.050	2.250	0.000	1.02973878
-0.950	2.250	0.000	1.02957368
-0.850	2.250	0.000	1.02953601
-0.750	2.250	0.000	1.02960885
-0.650	2.250	0.000	1.02979171
-0.550	2.250	0.000	1.03002822
-0.450	2.250	0.000	1.03023326
-0.350	2.250	0.000	1.03034961
-0.250	2.250	0.000	1.03037286
-0.150	2.250	0.000	1.03032351
-0.050	2.250	0.000	1.03025508
0.050	2.250	0.000	1.03022814
0.150	2.250	0.000	1.03025746
0.250	2.250	0.000	1.03031504
0.350	2.250	0.000	1.03041613
0.450	2.250	0.000	1.03047419
0.550	2.250	0.000	1.03047395
0.650	2.250	0.000	1.03041995
0.750	2.250	0.000	1.03037083
0.850	2.250	0.000	1.03036463
0.950	2.250	0.000	1.03039670
1.050	2.250	0.000	1.03041601
1.150	2.250	0.000	1.03041434
1.250	2.250	0.000	1.03033006
1.350	2.250	0.000	1.03010082
1.450	2.250	0.000	1.02977872
1.550	2.250	0.000	1.02943778
1.650	2.250	0.000	1.02922690
1.750	2.250	0.000	1.02909505
1.850	2.250	0.000	1.02898300
1.950	2.250	0.000	1.02894294
2.050	2.250	0.000	1.02900648
2.150	2.250	0.000	1.02906156
2.250	2.250	0.000	1.02921212
2.350	2.250	0.000	1.02918160
2.450	2.250	0.000	1.02916634
-2.450	2.350	0.000	1.03256476
-2.350	2.350	0.000	1.03350949
-2.250	2.350	0.000	1.03424037
-2.150	2.350	0.000	1.03445387
-2.050	2.350	0.000	1.03449488
-1.950	2.350	0.000	1.03446209
-1.850	2.350	0.000	1.03459883
-1.750	2.350	0.000	1.03443968
-1.650	2.350	0.000	1.03388333
-1.550	2.350	0.000	1.03315341
-1.450	2.350	0.000	1.03224170
-1.350	2.350	0.000	1.03138769
-1.250	2.350	0.000	1.03071690
-1.150	2.350	0.000	1.03026652
-1.050	2.350	0.000	1.02999389
-0.950	2.350	0.000	1.02980208
-0.850	2.350	0.000	1.02967691
-0.750	2.350	0.000	1.02963841
-0.650	2.350	0.000	1.02971518
-0.550	2.350	0.000	1.02987897
-0.450	2.350	0.000	1.03006458
-0.350	2.350	0.000	1.03021431
-0.250	2.350	0.000	1.03027630
-0.150	2.350	0.000	1.03024364
-0.050	2.350	0.000	1.03013241
0.050	2.350	0.000	1.03004265
0.150	2.350	0.000	1.02999401
0.250	2.350	0.000	1.02996719
0.350	2.350	0.000	1.02996719
0.450	2.350	0.000	1.02991688
0.550	2.350	0.000	1.02981555
0.650	2.350	0.000	1.02966881
0.750	2.350	0.000	1.02958274
0.850	2.350	0.000	1.02956223
0.950	2.350	0.000	1.02960789
1.050	2.350	0.000	1.02967048
1.150	2.350	0.000	1.02970898
1.250	2.350	0.000	1.02966976
1.350	2.350	0.000	1.02947819
1.450	2.350	0.000	1.02920365
1.550	2.350	0.000	1.02894616
1.650	2.350	0.000	1.02884007
1.750	2.350	0.000	1.02880037
1.850	2.350	0.000	1.02877200
1.950	2.350	0.000	1.02879322
2.050	2.350	0.000	1.02887487
2.150	2.350	0.000	1.02893257
2.250	2.350	0.000	1.02905881
2.350	2.350	0.000	1.02903068
2.450	2.350	0.000	1.02895558
-2.450	2.450	0.000	1.03178501
-2.350	2.450	0.000	1.03270340
-2.250	2.450	0.000	1.03355610
-2.150	2.450	0.000	1.03398728
-2.050	2.450	0.000	1.03421700
-1.950	2.450	0.000	1.03435314
-1.850	2.450	0.000	1.03459537
-1.750	2.450	0.000	1.03444386
-1.650	2.450	0.000	1.03383851
-1.550	2.450	0.000	1.03306139
-1.450	2.450	0.000	1.03209949
-1.350	2.450	0.000	1.03119946
-1.250	2.450	0.000	1.03050458
-1.150	2.450	0.000	1.03006005
-1.050	2.450	0.000	1.02978659
-0.950	2.450	0.000	1.02960360
-0.850	2.450	0.000	1.02948034
-0.750	2.450	0.000	1.02941883
-0.650	2.450	0.000	1.02943337
-0.550	2.450	0.000	1.02951729
-0.450	2.450	0.000	1.02964151
-0.350	2.450	0.000	1.02976668
-0.250	2.450	0.000	1.02984369
-0.150	2.450	0.000	1.02984691
-0.050	2.450	0.000	1.02974617
0.050	2.450	0.000	1.02964544
0.150	2.450	0.000	1.02956188
0.250	2.450	0.000	1.02947986
0.350	2.450	0.000	1.02938199
0.450	2.450	0.000	1.02924609
0.550	2.450	0.000	1.02902710
0.650	2.450	0.000	1.02876770
0.750	2.450	0.000	1.02859390
0.850	2.450	0.000	1.02850735
0.950	2.450	0.000	1.02852714
1.050	2.450	0.000	1.02859664
1.150	2.450	0.000	1.02866018
1.250	2.450	0.000	1.02866960
1.350	2.450	0.000	1.02851760
1.450	2.450	0.000	1.02826619
1.550	2.450	0.000	1.02805912
1.650	2.450	0.000	1.02801394
1.750	2.450	0.000	1.02802539
1.850	2.450	0.000	1.02806532
1.950	2.450	0.000	1.02813470
2.050	2.450	0.000	1.02826285
2.150	2.450	0.000	1.02834964
2.250	2.450	0.000	1.02849591
2.350	2.450	0.000	1.02851093
2.450	2.450	0.000	1.02842271
