-2.450	-2.450	0.000	1.01479626
-2.350	-2.450	0.000	1.01522112
-2.250	-2.450	0.000	1.01479292
-2.150	-2.450	0.000	1.01508749
-2.050	-2.450	0.000	1.01612902
-1.950	-2.450	0.000	1.01719058
-1.850	-2.450	0.000	1.01841772
-1.750	-2.450	0.000	1.01868641
-1.650	-2.450	0.000	1.01774251
-1.550	-2.450	0.000	1.01780069
-1.450	-2.450	0.000	1.01707590
-1.350	-2.450	0.000	1.01708448
-1.250	-2.450	0.000	1.01738179
-1.150	-2.450	0.000	1.01746798
-1.050	-2.450	0.000	1.01797330
-0.950	-2.450	0.000	1.01860487
-0.850	-2.450	0.000	1.01908016
-0.750	-2.450	0.000	1.01937318
-0.650	-2.450	0.000	1.01922679
-0.550	-2.450	0.000	1.01874197
-0.450	-2.450	0.000	1.01822925
-0.350	-2.450	0.000	1.01773250
-0.250	-2.450	0.000	1.01719701
-0.150	-2.450	0.000	1.01681471
-0.050	-2.450	0.000	1.01659393
0.050	-2.450	0.000	1.01641512
0.150	-2.450	0.000	1.01626623
0.250	-2.450	0.000	1.01614249
0.350	-2.450	0.000	1.01600599
0.450	-2.450	0.000	1.01601613
0.550	-2.450	0.000	1.01625955
0.650	-2.450	0.000	1.01675391
0.750	-2.450	0.000	1.01760566
0.850	-2.450	0.000	1.01883924
0.950	-2.450	0.000	1.02026331
1.050	-2.450	0.000	1.02182686
1.150	-2.450	0.000	1.02290463
1.250	-2.450	0.000	1.02328885
1.350	-2.450	0.000	1.02309966
1.450	-2.450	0.000	1.02257943
1.550	-2.450	0.000	1.02201724
1.650	-2.450	0.000	1.02187574
1.750	-2.450	0.000	1.02210402
1.850	-2.450	0.000	1.02236259
1.950	-2.450	0.000	1.02205181
2.050	-2.450	0.000	1.02169967
2.150	-2.450	0.000	1.02055621
2.250	-2.450	0.000	1.01953733
2.350	-2.450	0.000	1.01808143
2.450	-2.450	0.000	1.01708364
-2.450	-2.350	0.000	1.01494122
-2.350	-2.350	0.000	1.01537216
-2.250	-2.350	0.000	1.01488161
-2.150	-2.350	0.000	1.01505232
-2.050	-2.350	0.000	1.01596820
-1.950	-2.350	0.000	1.01697028
-1.850	-2.350	0.000	1.01834083
-1.750	-2.350	0.000	1.01882935
-1.650	-2.350	0.000	1.01804709
-1.550	-2.350	0.000	1.01807201
-1.450	-2.350	0.000	1.01736939
-1.350	-2.350	0.000	1.01732016
-1.250	-2.350	0.000	1.01760948
-1.150	-2.350	0.000	1.01762235
-1.050	-2.350	0.000	1.01805782
-0.950	-2.350	0.000	1.01867104
-0.850	-2.350	0.000	1.01909089
-0.750	-2.350	0.000	1.01943159
-0.650	-2.350	0.000	1.01920092
-0.550	-2.350	0.000	1.01866889
-0.450	-2.350	0.000	1.01814353
-0.350	-2.350	0.000	1.01772571
-0.250	-2.350	0.000	1.01718748
-0.150	-2.350	0.000	1.01678848
-0.050	-2.350	0.000	1.01652169
0.050	-2.350	0.000	1.01625109
0.150	-2.350	0.000	1.01595998
0.250	-2.350	0.000	1.01571584
0.350	-2.350	0.000	1.01549542
0.450	-2.350	0.000	1.01550579
0.550	-2.350	0.000	1.01569152
0.650	-2.350	0.000	1.01615763
0.750	-2.350	0.000	1.01698959
0.850	-2.350	0.000	1.01827109
0.950	-2.350	0.000	1.01983750
1.050	-2.350	0.000	1.02164078
1.150	-2.350	0.000	1.02290404
1.250	-2.350	0.000	1.02374244
1.350	-2.350	0.000	1.02379632
1.450	-2.350	0.000	1.02362430
1.550	-2.350	0.000	1.02327192
1.650	-2.350	0.000	1.02330410
1.750	-2.350	0.000	1.02343071
1.850	-2.350	0.000	1.02353513
1.950	-2.350	0.000	1.02311385
2.050	-2.350	0.000	1.02258706
2.150	-2.350	0.000	1.02133298
2.250	-2.350	0.000	1.02014792
2.350	-2.350	0.000	1.01849830
2.450	-2.350	0.000	1.01721728
-2.450	-2.250	0.000	1.01477087
-2.350	-2.250	0.000	1.01528680
-2.250	-2.250	0.000	1.01479888
-2.150	-2.250	0.000	1.01506925
-2.050	-2.250	0.000	1.01596391
-1.950	-2.250	0.000	1.01698649
-1.850	-2.250	0.000	1.01831889
-1.750	-2.250	0.000	1.01889610
-1.650	-2.250	0.000	1.01823902
-1.550	-2.250	0.000	1.01823294
-1.450	-2.250	0.000	1.01755631
-1.350	-2.250	0.000	1.01747417
-1.250	-2.250	0.000	1.01775610
-1.150	-2.250	0.000	1.01776910
-1.050	-2.250	0.000	1.01817024
-0.950	-2.250	0.000	1.01877987
-0.850	-2.250	0.000	1.01919544
-0.750	-2.250	0.000	1.01954639
-0.650	-2.250	0.000	1.01932430
-0.550	-2.250	0.000	1.01877069
-0.450	-2.250	0.000	1.01825047
-0.350	-2.250	0.000	1.01786208
-0.250	-2.250	0.000	1.01743472
-0.150	-2.250	0.000	1.01704288
-0.050	-2.250	0.000	1.01681101
0.050	-2.250	0.000	1.01654732
0.150	-2.250	0.000	1.01622653
0.250	-2.250	0.000	1.01592600
0.350	-2.250	0.000	1.01564777
0.450	-2.250	0.000	1.01564133
0.550	-2.250	0.000	1.01578617
0.650	-2.250	0.000	1.01630819
0.750	-2.250	0.000	1.01722407
0.850	-2.250	0.000	1.01857603
0.950	-2.250	0.000	1.02025831
1.050	-2.250	0.000	1.02208614
1.150	-2.250	0.000	1.02338719
1.250	-2.250	0.000	1.02423263
1.350	-2.250	0.000	1.02439499
1.450	-2.250	0.000	1.02419639
1.550	-2.250	0.000	1.02383506
1.650	-2.250	0.000	1.02373731
1.750	-2.250	0.000	1.02361333
1.850	-2.250	0.000	1.02357078
1.950	-2.250	0.000	1.02297235
2.050	-2.250	0.000	1.02234626
2.150	-2.250	0.000	1.02106655
2.250	-2.250	0.000	1.01989329
2.350	-2.250	0.000	1.01825082
2.450	-2.250	0.000	1.01690769
-2.450	-2.150	0.000	1.01447606
-2.350	-2.150	0.000	1.01506960
-2.250	-2.150	0.000	1.01452589
-2.150	-2.150	0.000	1.01484632
-2.050	-2.150	0.000	1.01571584
-1.950	-2.150	0.000	1.01677668
-1.850	-2.150	0.000	1.01809025
-1.750	-2.150	0.000	1.01874864
-1.650	-2.150	0.000	1.01826215
-1.550	-2.150	0.000	1.01824927
-1.450	-2.150	0.000	1.01758718
-1.350	-2.150	0.000	1.01746297
-1.250	-2.150	0.000	1.01772261
-1.150	-2.150	0.000	1.01771808
-1.050	-2.150	0.000	1.01808512
-0.950	-2.150	0.000	1.01871479
-0.850	-2.150	0.000	1.01912165
-0.750	-2.150	0.000	1.01946747
-0.650	-2.150	0.000	1.01927066
-0.550	-2.150	0.000	1.01867664
-0.450	-2.150	0.000	1.01812458
-0.350	-2.150	0.000	1.01771021
-0.250	-2.150	0.000	1.01734459
-0.150	-2.150	0.000	1.01695144
-0.050	-2.150	0.000	1.01670778
0.050	-2.150	0.000	1.01643431
0.150	-2.150	0.000	1.01609468
0.250	-2.150	0.000	1.01573682
0.350	-2.150	0.000	1.01543045
0.450	-2.150	0.000	1.01538348
0.550	-2.150	0.000	1.01554906
0.650	-2.150	0.000	1.01609671
0.750	-2.150	0.000	1.01711738
0.850	-2.150	0.000	1.01860702
0.950	-2.150	0.000	1.02036369
1.050	-2.150	0.000	1.02217519
1.150	-2.150	0.000	1.02343524
1.250	-2.150	0.000	1.02413332
1.350	-2.150	0.000	1.02428806
1.450	-2.150	0.000	1.02418804
1.550	-2.150	0.000	1.02394879
1.650	-2.150	0.000	1.02381456
1.750	-2.150	0.000	1.02357304
1.850	-2.150	0.000	1.02338576
1.950	-2.150	0.000	1.02267098
2.050	-2.150	0.000	1.02201748
2.150	-2.150	0.000	1.02076209
2.250	-2.150	0.000	1.01961768
2.350	-2.150	0.000	1.01807213
2.450	-2.150	0.000	1.01666796
-2.450	-2.050	0.000	1.01411045
-2.350	-2.050	0.000	1.01484251
-2.250	-2.050	0.000	1.01429212
-2.150	-2.050	0.000	1.01471186
-2.050	-2.050	0.000	1.01555276
-1.950	-2.050	0.000	1.01663852
-1.850	-2.050	0.000	1.01792681
-1.750	-2.050	0.000	1.01851439
-1.650	-2.050	0.000	1.01811671
-1.550	-2.050	0.000	1.01811528
-1.450	-2.050	0.000	1.01747167
-1.350	-2.050	0.000	1.01736355
-1.250	-2.050	0.000	1.01762426
-1.150	-2.050	0.000	1.01764667
-1.050	-2.050	0.000	1.01799154
-0.950	-2.050	0.000	1.01859152
-0.850	-2.050	0.000	1.01901484
-0.750	-2.050	0.000	1.01932108
-0.650	-2.050	0.000	1.01923633
-0.550	-2.050	0.000	1.01866686
-0.450	-2.050	0.000	1.01817489
-0.350	-2.050	0.000	1.01779306
-0.250	-2.050	0.000	1.01754463
-0.150	-2.050	0.000	1.01721263
-0.050	-2.050	0.000	1.01697242
0.050	-2.050	0.000	1.01670706
0.150	-2.050	0.000	1.01635468
0.250	-2.050	0.000	1.01593983
0.350	-2.050	0.000	1.01561916
0.450	-2.050	0.000	1.01559210
0.550	-2.050	0.000	1.01580179
0.650	-2.050	0.000	1.01636803
0.750	-2.050	0.000	1.01741815
0.850	-2.050	0.000	1.01888025
0.950	-2.050	0.000	1.02058005
1.050	-2.050	0.000	1.02227283
1.150	-2.050	0.000	1.02343237
1.250	-2.050	0.000	1.02390635
1.350	-2.050	0.000	1.02390420
1.450	-2.050	0.000	1.02360678
1.550	-2.050	0.000	1.02324367
1.650	-2.050	0.000	1.02305400
1.750	-2.050	0.000	1.02277160
1.850	-2.050	0.000	1.02250350
1.950	-2.050	0.000	1.02171934
2.050	-2.050	0.000	1.02113950
2.150	-2.050	0.000	1.02004158
2.250	-2.050	0.000	1.01916611
2.350	-2.050	0.000	1.01781404
2.450	-2.050	0.000	1.01645458
-2.450	-1.950	0.000	1.01375449
-2.350	-1.950	0.000	1.01462567
-2.250	-1.950	0.000	1.01406407
-2.150	-1.950	0.000	1.01454163
-2.050	-1.950	0.000	1.01530468
-1.950	-1.950	0.000	1.01637125
-1.850	-1.950	0.000	1.01767457
-1.750	-1.950	0.000	1.01828277
-1.650	-1.950	0.000	1.01792336
-1.550	-1.950	0.000	1.01792133
-1.450	-1.950	0.000	1.01726699
-1.350	-1.950	0.000	1.01710010
-1.250	-1.950	0.000	1.01731920
-1.150	-1.950	0.000	1.01733124
-1.050	-1.950	0.000	1.01764965
-0.950	-1.950	0.000	1.01817572
-0.850	-1.950	0.000	1.01863396
-0.750	-1.950	0.000	1.01887655
-0.650	-1.950	0.000	1.01885819
-0.550	-1.950	0.000	1.01832235
-0.450	-1.950	0.000	1.01786041
-0.350	-1.950	0.000	1.01748359
-0.250	-1.950	0.000	1.01727962
-0.150	-1.950	0.000	1.01701355
-0.050	-1.950	0.000	1.01681173
0.050	-1.950	0.000	1.01660872
0.150	-1.950	0.000	1.01629722
0.250	-1.950	0.000	1.01590550
0.350	-1.950	0.000	1.01556730
0.450	-1.950	0.000	1.01562572
0.550	-1.950	0.000	1.01584494
0.650	-1.950	0.000	1.01640415
0.750	-1.950	0.000	1.01743746
0.850	-1.950	0.000	1.01880097
0.950	-1.950	0.000	1.02034092
1.050	-1.950	0.000	1.02177930
1.150	-1.950	0.000	1.02275121
1.250	-1.950	0.000	1.02301323
1.350	-1.950	0.000	1.02290154
1.450	-1.950	0.000	1.02258325
1.550	-1.950	0.000	1.02216792
1.650	-1.950	0.000	1.02194202
1.750	-1.950	0.000	1.02175462
1.850	-1.950	0.000	1.02152324
1.950	-1.950	0.000	1.02086854
2.050	-1.950	0.000	1.02040911
2.150	-1.950	0.000	1.01948750
2.250	-1.950	0.000	1.01877713
2.350	-1.950	0.000	1.01765740
2.450	-1.950	0.000	1.01630509
-2.450	-1.850	0.000	1.01354492
-2.350	-1.850	0.000	1.01457644
-2.250	-1.850	0.000	1.01405787
-2.150	-1.850	0.000	1.01455450
-2.050	-1.850	0.000	1.01526928
-1.950	-1.850	0.000	1.01628101
-1.850	-1.850	0.000	1.01755464
-1.750	-1.850	0.000	1.01821589
-1.650	-1.850	0.000	1.01789653
-1.550	-1.850	0.000	1.01791048
-1.450	-1.850	0.000	1.01725829
-1.350	-1.850	0.000	1.01698494
-1.250	-1.850	0.000	1.01713741
-1.150	-1.850	0.000	1.01711810
-1.050	-1.850	0.000	1.01739049
-0.950	-1.850	0.000	1.01781440
-0.850	-1.850	0.000	1.01827943
-0.750	-1.850	0.000	1.01846468
-0.650	-1.850	0.000	1.01849663
-0.550	-1.850	0.000	1.01803648
-0.450	-1.850	0.000	1.01760757
-0.350	-1.850	0.000	1.01729870
-0.250	-1.850	0.000	1.01717424
-0.150	-1.850	0.000	1.01700902
-0.050	-1.850	0.000	1.01687551
0.050	-1.850	0.000	1.01671934
0.150	-1.850	0.000	1.01643896
0.250	-1.850	0.000	1.01610959
0.350	-1.850	0.000	1.01580298
0.450	-1.850	0.000	1.01593137
0.550	-1.850	0.000	1.01616466
0.650	-1.850	0.000	1.01668024
0.750	-1.850	0.000	1.01756823
0.850	-1.850	0.000	1.01872480
0.950	-1.850	0.000	1.01997268
1.050	-1.850	0.000	1.02107215
1.150	-1.850	0.000	1.02180028
1.250	-1.850	0.000	1.02183855
1.350	-1.850	0.000	1.02152193
1.450	-1.850	0.000	1.02123857
1.550	-1.850	0.000	1.02096498
1.650	-1.850	0.000	1.02083004
1.750	-1.850	0.000	1.02078569
1.850	-1.850	0.000	1.02061200
1.950	-1.850	0.000	1.02001464
2.050	-1.850	0.000	1.01959360
2.150	-1.850	0.000	1.01878786
2.250	-1.850	0.000	1.01823425
2.350	-1.850	0.000	1.01729131
2.450	-1.850	0.000	1.01613092
-2.450	-1.750	0.000	1.01334119
-2.350	-1.750	0.000	1.01444733
-2.250	-1.750	0.000	1.01401460
-2.150	-1.750	0.000	1.01451421
-2.050	-1.750	0.000	1.01516974
-1.950	-1.750	0.000	1.01611650
-1.850	-1.750	0.000	1.01739752
-1.750	-1.750	0.000	1.01809728
-1.650	-1.750	0.000	1.01781380
-1.550	-1.750	0.000	1.01781893
-1.450	-1.750	0.000	1.01722372
-1.350	-1.750	0.000	1.01686394
-1.250	-1.750	0.000	1.01692069
-1.150	-1.750	0.000	1.01682210
-1.050	-1.750	0.000	1.01701593
-0.950	-1.750	0.000	1.01728964
-0.850	-1.750	0.000	1.01771617
-0.750	-1.750	0.000	1.01785862
-0.650	-1.750	0.000	1.01787019
-0.550	-1.750	0.000	1.01749206
-0.450	-1.750	0.000	1.01710415
-0.350	-1.750	0.000	1.01685905
-0.250	-1.750	0.000	1.01677263
-0.150	-1.750	0.000	1.01671600
-0.050	-1.750	0.000	1.01666248
0.050	-1.750	0.000	1.01656592
0.150	-1.750	0.000	1.01633072
0.250	-1.750	0.000	1.01605427
0.350	-1.750	0.000	1.01580131
0.450	-1.750	0.000	1.01597130
0.550	-1.750	0.000	1.01622772
0.650	-1.750	0.000	1.01669264
0.750	-1.750	0.000	1.01741636
0.850	-1.750	0.000	1.01833498
0.950	-1.750	0.000	1.01926398
1.050	-1.750	0.000	1.02010977
1.150	-1.750	0.000	1.02055740
1.250	-1.750	0.000	1.02056003
1.350	-1.750	0.000	1.02026117
1.450	-1.750	0.000	1.02002895
1.550	-1.750	0.000	1.01983583
1.650	-1.750	0.000	1.01978505
1.750	-1.750	0.000	1.01986003
1.850	-1.750	0.000	1.01979268
1.950	-1.750	0.000	1.01932418
2.050	-1.750	0.000	1.01898360
2.150	-1.750	0.000	1.01829696
2.250	-1.750	0.000	1.01780403
2.350	-1.750	0.000	1.01691401
2.450	-1.750	0.000	1.01581693
-2.450	-1.650	0.000	1.01317966
-2.350	-1.650	0.000	1.01431429
-2.250	-1.650	0.000	1.01402533
-2.150	-1.650	0.000	1.01451123
-2.050	-1.650	0.000	1.01512718
-1.950	-1.650	0.000	1.01599813
-1.850	-1.650	0.000	1.01728427
-1.750	-1.650	0.000	1.01804924
-1.650	-1.650	0.000	1.01780844
-1.550	-1.650	0.000	1.01778448
-1.450	-1.650	0.000	1.01726413
-1.350	-1.650	0.000	1.01687491
-1.250	-1.650	0.000	1.01686549
-1.150	-1.650	0.000	1.01671422
-1.050	-1.650	0.000	1.01681757
-0.950	-1.650	0.000	1.01695144
-0.850	-1.650	0.000	1.01726234
-0.750	-1.650	0.000	1.01736438
-0.650	-1.650	0.000	1.01736271
-0.550	-1.650	0.000	1.01703990
-0.450	-1.650	0.000	1.01667738
-0.350	-1.650	0.000	1.01647806
-0.250	-1.650	0.000	1.01642644
-0.150	-1.650	0.000	1.01645267
-0.050	-1.650	0.000	1.01646149
0.050	-1.650	0.000	1.01639199
0.150	-1.650	0.000	1.01618373
0.250	-1.650	0.000	1.01593637
0.350	-1.650	0.000	1.01577318
0.450	-1.650	0.000	1.01592875
0.550	-1.650	0.000	1.01623869
0.650	-1.650	0.000	1.01664948
0.750	-1.650	0.000	1.01721692
0.850	-1.650	0.000	1.01795685
0.950	-1.650	0.000	1.01858652
1.050	-1.650	0.000	1.01924992
1.150	-1.650	0.000	1.01952136
1.250	-1.650	0.000	1.01948643
1.350	-1.650	0.000	1.01922882
1.450	-1.650	0.000	1.01909149
1.550	-1.650	0.000	1.01893890
1.650	-1.650	0.000	1.01895881
1.750	-1.650	0.000	1.01906705
1.850	-1.650	0.000	1.01906514
1.950	-1.650	0.000	1.01871240
2.050	-1.650	0.000	1.01847970
2.150	-1.650	0.000	1.01792991
2.250	-1.650	0.000	1.01754808
2.350	-1.650	0.000	1.01673794
2.450	-1.650	0.000	1.01572978
-2.450	-1.550	0.000	1.01291502
-2.350	-1.550	0.000	1.01406348
-2.250	-1.550	0.000	1.01393700
-2.150	-1.550	0.000	1.01441371
-2.050	-1.550	0.000	1.01501131
-1.950	-1.550	0.000	1.01581931
-1.850	-1.550	0.000	1.01707709
-1.750	-1.550	0.000	1.01793826
-1.650	-1.550	0.000	1.01778281
-1.550	-1.550	0.000	1.01773226
-1.450	-1.550	0.000	1.01728058
-1.350	-1.550	0.000	1.01688612
-1.250	-1.550	0.000	1.01681852
-1.150	-1.550	0.000	1.01661956
-1.050	-1.550	0.000	1.01661396
-0.950	-1.550	0.000	1.01663172
-0.850	-1.550	0.000	1.01678205
-0.750	-1.550	0.000	1.01681340
-0.650	-1.550	0.000	1.01681936
-0.550	-1.550	0.000	1.01653779
-0.450	-1.550	0.000	1.01619661
-0.350	-1.550	0.000	1.01599789
-0.250	-1.550	0.000	1.01597798
-0.150	-1.550	0.000	1.01602161
-0.050	-1.550	0.000	1.01609778
0.050	-1.550	0.000	1.01604724
0.150	-1.550	0.000	1.01587403
0.250	-1.550	0.000	1.01564658
0.350	-1.550	0.000	1.01555324
0.450	-1.550	0.000	1.01564729
0.550	-1.550	0.000	1.01599073
0.650	-1.550	0.000	1.01637244
0.750	-1.550	0.000	1.01689112
0.850	-1.550	0.000	1.01756454
0.950	-1.550	0.000	1.01805353
1.050	-1.550	0.000	1.01859093
1.150	-1.550	0.000	1.01875162
1.250	-1.550	0.000	1.01867998
1.350	-1.550	0.000	1.01841009
1.450	-1.550	0.000	1.01832795
1.550	-1.550	0.000	1.01819801
1.650	-1.550	0.000	1.01830578
1.750	-1.550	0.000	1.01843381
1.850	-1.550	0.000	1.01848710
1.950	-1.550	0.000	1.01821077
2.050	-1.550	0.000	1.01801646
2.150	-1.550	0.000	1.01752830
2.250	-1.550	0.000	1.01720262
2.350	-1.550	0.000	1.01646101
2.450	-1.550	0.000	1.01548374
-2.450	-1.450	0.000	1.01265872
-2.350	-1.450	0.000	1.01385331
-2.250	-1.450	0.000	1.01389599
-2.150	-1.450	0.000	1.01435947
-2.050	-1.450	0.000	1.01495695
-1.950	-1.450	0.000	1.01568305
-1.850	-1.450	0.000	1.01686847
-1.750	-1.450	0.000	1.01779771
-1.650	-1.450	0.000	1.01773930
-1.550	-1.450	0.000	1.01768088
-1.450	-1.450	0.000	1.01729929
-1.350	-1.450	0.000	1.01691127
-1.250	-1.450	0.000	1.01682198
-1.150	-1.450	0.000	1.01659846
-1.050	-1.450	0.000	1.01647973
-0.950	-1.450	0.000	1.01641452
-0.850	-1.450	0.000	1.01639009
-0.750	-1.450	0.000	1.01635599
-0.650	-1.450	0.000	1.01634896
-0.550	-1.450	0.000	1.01611602
-0.450	-1.450	0.000	1.01581621
-0.350	-1.450	0.000	1.01562631
-0.250	-1.450	0.000	1.01559925
-0.150	-1.450	0.000	1.01565182
-0.050	-1.450	0.000	1.01575065
0.050	-1.450	0.000	1.01572847
0.150	-1.450	0.000	1.01558673
0.250	-1.450	0.000	1.01538944
0.350	-1.450	0.000	1.01528835
0.450	-1.450	0.000	1.01533604
0.550	-1.450	0.000	1.01563668
0.650	-1.450	0.000	1.01598096
0.750	-1.450	0.000	1.01648724
0.850	-1.450	0.000	1.01716816
0.950	-1.450	0.000	1.01766241
1.050	-1.450	0.000	1.01813662
1.150	-1.450	0.000	1.01830244
1.250	-1.450	0.000	1.01821542
1.350	-1.450	0.000	1.01790392
1.450	-1.450	0.000	1.01781344
1.550	-1.450	0.000	1.01766276
1.650	-1.450	0.000	1.01779020
1.750	-1.450	0.000	1.01792705
1.850	-1.450	0.000	1.01804423
1.950	-1.450	0.000	1.01786101
2.050	-1.450	0.000	1.01768672
2.150	-1.450	0.000	1.01727879
2.250	-1.450	0.000	1.01703823
2.350	-1.450	0.000	1.01639879
2.450	-1.450	0.000	1.01548326
-2.450	-1.350	0.000	1.01236510
-2.350	-1.350	0.000	1.01363170
-2.250	-1.350	0.000	1.01387918
-2.150	-1.350	0.000	1.01436794
-2.050	-1.350	0.000	1.01496708
-1.950	-1.350	0.000	1.01563108
-1.850	-1.350	0.000	1.01673079
-1.750	-1.350	0.000	1.01771760
-1.650	-1.350	0.000	1.01775956
-1.550	-1.350	0.000	1.01769090
-1.450	-1.350	0.000	1.01733911
-1.350	-1.350	0.000	1.01690698
-1.250	-1.350	0.000	1.01679134
-1.150	-1.350	0.000	1.01653278
-1.050	-1.350	0.000	1.01630461
-0.950	-1.350	0.000	1.01619077
-0.850	-1.350	0.000	1.01600695
-0.750	-1.350	0.000	1.01591802
-0.650	-1.350	0.000	1.01590347
-0.550	-1.350	0.000	1.01573837
-0.450	-1.350	0.000	1.01551187
-0.350	-1.350	0.000	1.01532876
-0.250	-1.350	0.000	1.01526165
-0.150	-1.350	0.000	1.01528931
-0.050	-1.350	0.000	1.01534605
0.050	-1.350	0.000	1.01531982
0.150	-1.350	0.000	1.01519108
0.250	-1.350	0.000	1.01503706
0.350	-1.350	0.000	1.01492476
0.450	-1.350	0.000	1.01497269
0.550	-1.350	0.000	1.01520014
0.650	-1.350	0.000	1.01552820
0.750	-1.350	0.000	1.01602173
0.850	-1.350	0.000	1.01673305
0.950	-1.350	0.000	1.01732814
1.050	-1.350	0.000	1.01780033
1.150	-1.350	0.000	1.01799703
1.250	-1.350	0.000	1.01793134
1.350	-1.350	0.000	1.01758099
1.450	-1.350	0.000	1.01745403
1.550	-1.350	0.000	1.01727211
1.650	-1.350	0.000	1.01735318
1.750	-1.350	0.000	1.01748276
1.850	-1.350	0.000	1.01762760
1.950	-1.350	0.000	1.01750219
2.050	-1.350	0.000	1.01733398
2.150	-1.350	0.000	1.01697898
2.250	-1.350	0.000	1.01678228
2.350	-1.350	0.000	1.01620865
2.450	-1.350	0.000	1.01535118
-2.450	-1.250	0.000	1.01213205
-2.350	-1.250	0.000	1.01346612
-2.250	-1.250	0.000	1.01395154
-2.150	-1.250	0.000	1.01451898
-2.050	-1.250	0.000	1.01511145
-1.950	-1.250	0.000	1.01572919
-1.850	-1.250	0.000	1.01674664
-1.750	-1.250	0.000	1.01778984
-1.650	-1.250	0.000	1.01794779
-1.550	-1.250	0.000	1.01788723
-1.450	-1.250	0.000	1.01753473
-1.350	-1.250	0.000	1.01700234
-1.250	-1.250	0.000	1.01681781
-1.150	-1.250	0.000	1.01647508
-1.050	-1.250	0.000	1.01616836
-0.950	-1.250	0.000	1.01597786
-0.850	-1.250	0.000	1.01572120
-0.750	-1.250	0.000	1.01560497
-0.650	-1.250	0.000	1.01563740
-0.550	-1.250	0.000	1.01558638
-0.450	-1.250	0.000	1.01547182
-0.350	-1.250	0.000	1.01530850
-0.250	-1.250	0.000	1.01518178
-0.150	-1.250	0.000	1.01514041
-0.050	-1.250	0.000	1.01511383
0.050	-1.250	0.000	1.01502955
0.150	-1.250	0.000	1.01486504
0.250	-1.250	0.000	1.01472402
0.350	-1.250	0.000	1.01460993
0.450	-1.250	0.000	1.01467526
0.550	-1.250	0.000	1.01483250
0.650	-1.250	0.000	1.01514208
0.750	-1.250	0.000	1.01561677
0.850	-1.250	0.000	1.01631105
0.950	-1.250	0.000	1.01697659
1.050	-1.250	0.000	1.01745117
1.150	-1.250	0.000	1.01769757
1.250	-1.250	0.000	1.01767635
1.350	-1.250	0.000	1.01732337
1.450	-1.250	0.000	1.01715136
1.550	-1.250	0.000	1.01694322
1.650	-1.250	0.000	1.01693308
1.750	-1.250	0.000	1.01704764
1.850	-1.250	0.000	1.01722074
1.950	-1.250	0.000	1.01716030
2.050	-1.250	0.000	1.01702416
2.150	-1.250	0.000	1.01675177
2.250	-1.250	0.000	1.01663554
2.350	-1.250	0.000	1.01619601
2.450	-1.250	0.000	1.01538980
-2.450	-1.150	0.000	1.01201403
-2.350	-1.150	0.000	1.01337159
-2.250	-1.150	0.000	1.01411223
-2.150	-1.150	0.000	1.01480210
-2.050	-1.150	0.000	1.01542246
-1.950	-1.150	0.000	1.01601481
-1.850	-1.150	0.000	1.01693308
-1.750	-1.150	0.000	1.01803792
-1.650	-1.150	0.000	1.01832902
-1.550	-1.150	0.000	1.01830339
-1.450	-1.150	0.000	1.01791930
-1.350	-1.150	0.000	1.01723945
-1.250	-1.150	0.000	1.01686907
-1.150	-1.150	0.000	1.01637280
-1.050	-1.150	0.000	1.01597583
-0.950	-1.150	0.000	1.01567364
-0.850	-1.150	0.000	1.01543450
-0.750	-1.150	0.000	1.01535475
-0.650	-1.150	0.000	1.01549304
-0.550	-1.150	0.000	1.01561654
-0.450	-1.150	0.000	1.01560783
-0.350	-1.150	0.000	1.01548457
-0.250	-1.150	0.000	1.01530135
-0.150	-1.150	0.000	1.01515365
-0.050	-1.150	0.000	1.01501060
0.050	-1.150	0.000	1.01484501
0.150	-1.150	0.000	1.01461673
0.250	-1.150	0.000	1.01447487
0.350	-1.150	0.000	1.01434803
0.450	-1.150	0.000	1.01442707
0.550	-1.150	0.000	1.01451695
0.650	-1.150	0.000	1.01481545
0.750	-1.150	0.000	1.01527393
0.850	-1.150	0.000	1.01591408
0.950	-1.150	0.000	1.01657987
1.050	-1.150	0.000	1.01706195
1.150	-1.150	0.000	1.01734936
1.250	-1.150	0.000	1.01735377
1.350	-1.150	0.000	1.01703060
1.450	-1.150	0.000	1.01681447
1.550	-1.150	0.000	1.01656437
1.650	-1.150	0.000	1.01645315
1.750	-1.150	0.000	1.01653671
1.850	-1.150	0.000	1.01671731
1.950	-1.150	0.000	1.01671875
2.050	-1.150	0.000	1.01668048
2.150	-1.150	0.000	1.01643765
2.250	-1.150	0.000	1.01635802
2.350	-1.150	0.000	1.01604342
2.450	-1.150	0.000	1.01542354
-2.450	-1.050	0.000	1.01215827
-2.350	-1.050	0.000	1.01344872
-2.250	-1.050	0.000	1.01441979
-2.150	-1.050	0.000	1.01528227
-2.050	-1.050	0.000	1.01597989
-1.950	-1.050	0.000	1.01657712
-1.850	-1.050	0.000	1.01735902
-1.750	-1.050	0.000	1.01846528
-1.650	-1.050	0.000	1.01888919
-1.550	-1.050	0.000	1.01889789
-1.450	-1.050	0.000	1.01847219
-1.350	-1.050	0.000	1.01768339
-1.250	-1.050	0.000	1.01707721
-1.150	-1.050	0.000	1.01644242
-1.050	-1.050	0.000	1.01592231
-0.950	-1.050	0.000	1.01552248
-0.850	-1.050	0.000	1.01532757
-0.750	-1.050	0.000	1.01533782
-0.650	-1.050	0.000	1.01561475
-0.550	-1.050	0.000	1.01594305
-0.450	-1.050	0.000	1.01604629
-0.350	-1.050	0.000	1.01601517
-0.250	-1.050	0.000	1.01575911
-0.150	-1.050	0.000	1.01545095
-0.050	-1.050	0.000	1.01515412
0.050	-1.050	0.000	1.01484919
0.150	-1.050	0.000	1.01451015
0.250	-1.050	0.000	1.01433003
0.350	-1.050	0.000	1.01417553
0.450	-1.050	0.000	1.01425052
0.550	-1.050	0.000	1.01428926
0.650	-1.050	0.000	1.01454937
0.750	-1.050	0.000	1.01498890
0.850	-1.050	0.000	1.01558304
0.950	-1.050	0.000	1.01621568
1.050	-1.050	0.000	1.01667261
1.150	-1.050	0.000	1.01695144
1.250	-1.050	0.000	1.01694572
1.350	-1.050	0.000	1.01665151
1.450	-1.050	0.000	1.01639175
1.550	-1.050	0.000	1.01612389
1.650	-1.050	0.000	1.01595616
1.750	-1.050	0.000	1.01600528
1.850	-1.050	0.000	1.01619446
1.950	-1.050	0.000	1.01625776
2.050	-1.050	0.000	1.01635885
2.150	-1.050	0.000	1.01618147
2.250	-1.050	0.000	1.01614356
2.350	-1.050	0.000	1.01590991
2.450	-1.050	0.000	1.01547563
-2.450	-0.950	0.000	1.01254106
-2.350	-0.950	0.000	1.01370835
-2.250	-0.950	0.000	1.01484478
-2.150	-0.950	0.000	1.01585674
-2.050	-0.950	0.000	1.01664722
-1.950	-0.950	0.000	1.01728702
-1.850	-0.950	0.000	1.01792550
-1.750	-0.950	0.000	1.01892769
-1.650	-0.950	0.000	1.01947629
-1.550	-0.950	0.000	1.01950336
-1.450	-0.950	0.000	1.01900494
-1.350	-0.950	0.000	1.01810658
-1.250	-0.950	0.000	1.01724780
-1.150	-0.950	0.000	1.01648331
-1.050	-0.950	0.000	1.01583517
-0.950	-0.950	0.000	1.01543522
-0.850	-0.950	0.000	1.01534891
-0.750	-0.950	0.000	1.01549697
-0.650	-0.950	0.000	1.01594496
-0.550	-0.950	0.000	1.01650310
-0.450	-0.950	0.000	1.01670933
-0.350	-0.950	0.000	1.01676095
-0.250	-0.950	0.000	1.01647353
-0.150	-0.950	0.000	1.01605177
-0.050	-0.950	0.000	1.01560438
0.050	-0.950	0.000	1.01513457
0.150	-0.950	0.000	1.01463878
0.250	-0.950	0.000	1.01431656
0.350	-0.950	0.000	1.01409757
0.450	-0.950	0.000	1.01416385
0.550	-0.950	0.000	1.01420712
0.650	-0.950	0.000	1.01441395
0.750	-0.950	0.000	1.01482582
0.850	-0.950	0.000	1.01536155
0.950	-0.950	0.000	1.01593494
1.050	-0.950	0.000	1.01634479
1.150	-0.950	0.000	1.01661718
1.250	-0.950	0.000	1.01659179
1.350	-0.950	0.000	1.01628733
1.450	-0.950	0.000	1.01596737
1.550	-0.950	0.000	1.01564431
1.650	-0.950	0.000	1.01540375
1.750	-0.950	0.000	1.01537347
1.850	-0.950	0.000	1.01554167
1.950	-0.950	0.000	1.01563954
2.050	-0.950	0.000	1.01586545
2.150	-0.950	0.000	1.01582766
2.250	-0.950	0.000	1.01589215
2.350	-0.950	0.000	1.01573396
2.450	-0.950	0.000	1.01549876
-2.450	-0.850	0.000	1.01312971
-2.350	-0.850	0.000	1.01409602
-2.250	-0.850	0.000	1.01528966
-2.150	-0.850	0.000	1.01646829
-2.050	-0.850	0.000	1.01738322
-1.950	-0.850	0.000	1.01812387
-1.850	-0.850	0.000	1.01869237
-1.750	-0.850	0.000	1.01956081
-1.650	-0.850	0.000	1.02012885
-1.550	-0.850	0.000	1.02014709
-1.450	-0.850	0.000	1.01960051
-1.350	-0.850	0.000	1.01859856
-1.250	-0.850	0.000	1.01760340
-1.150	-0.850	0.000	1.01669788
-1.050	-0.850	0.000	1.01600409
-0.950	-0.850	0.000	1.01560152
-0.850	-0.850	0.000	1.01560044
-0.750	-0.850	0.000	1.01588309
-0.650	-0.850	0.000	1.01647449
-0.550	-0.850	0.000	1.01721942
-0.450	-0.850	0.000	1.01752770
-0.350	-0.850	0.000	1.01765895
-0.250	-0.850	0.000	1.01734543
-0.150	-0.850	0.000	1.01680732
-0.050	-0.850	0.000	1.01620460
0.050	-0.850	0.000	1.01558363
0.150	-0.850	0.000	1.01496577
0.250	-0.850	0.000	1.01451349
0.350	-0.850	0.000	1.01410651
0.450	-0.850	0.000	1.01403213
0.550	-0.850	0.000	1.01406658
0.650	-0.850	0.000	1.01425123
0.750	-0.850	0.000	1.01467037
0.850	-0.850	0.000	1.01522708
0.950	-0.850	0.000	1.01579189
1.050	-0.850	0.000	1.01618373
1.150	-0.850	0.000	1.01643765
1.250	-0.850	0.000	1.01640451
1.350	-0.850	0.000	1.01607680
1.450	-0.850	0.000	1.01571560
1.550	-0.850	0.000	1.01532471
1.650	-0.850	0.000	1.01502693
1.750	-0.850	0.000	1.01488793
1.850	-0.850	0.000	1.01498795
1.950	-0.850	0.000	1.01505446
2.050	-0.850	0.000	1.01531255
2.150	-0.850	0.000	1.01537967
2.250	-0.850	0.000	1.01558173
2.350	-0.850	0.000	1.01552641
2.450	-0.850	0.000	1.01550257
-2.450	-0.750	0.000	1.01382613
-2.350	-0.750	0.000	1.01457953
-2.250	-0.750	0.000	1.01570523
-2.150	-0.750	0.000	1.01699984
-2.050	-0.750	0.000	1.01798797
-1.950	-0.750	0.000	1.01880610
-1.850	-0.750	0.000	1.01932132
-1.750	-0.750	0.000	1.02003145
-1.650	-0.750	0.000	1.02055621
-1.550	-0.750	0.000	1.02050602
-1.450	-0.750	0.000	1.01992643
-1.350	-0.750	0.000	1.01896715
-1.250	-0.750	0.000	1.01794863
-1.150	-0.750	0.000	1.01702428
-1.050	-0.750	0.000	1.01636064
-0.950	-0.750	0.000	1.01596534
-0.850	-0.750	0.000	1.01598406
-0.750	-0.750	0.000	1.01631021
-0.650	-0.750	0.000	1.01697445
-0.550	-0.750	0.000	1.01783466
-0.450	-0.750	0.000	1.01830053
-0.350	-0.750	0.000	1.01852262
-0.250	-0.750	0.000	1.01831341
-0.150	-0.750	0.000	1.01773882
-0.050	-0.750	0.000	1.01704037
0.050	-0.750	0.000	1.01627958
0.150	-0.750	0.000	1.01550686
0.250	-0.750	0.000	1.01487410
0.350	-0.750	0.000	1.01443994
0.450	-0.750	0.000	1.01420403
0.550	-0.750	0.000	1.01409233
0.650	-0.750	0.000	1.01415586
0.750	-0.750	0.000	1.01454055
0.850	-0.750	0.000	1.01509690
0.950	-0.750	0.000	1.01565373
1.050	-0.750	0.000	1.01607740
1.150	-0.750	0.000	1.01630139
1.250	-0.750	0.000	1.01628923
1.350	-0.750	0.000	1.01594865
1.450	-0.750	0.000	1.01558924
1.550	-0.750	0.000	1.01514113
1.650	-0.750	0.000	1.01480997
1.750	-0.750	0.000	1.01457345
1.850	-0.750	0.000	1.01458645
1.950	-0.750	0.000	1.01458120
2.050	-0.750	0.000	1.01475930
2.150	-0.750	0.000	1.01485860
2.250	-0.750	0.000	1.01517236
2.350	-0.750	0.000	1.01518011
2.450	-0.750	0.000	1.01539862
-2.450	-0.650	0.000	1.01435471
-2.350	-0.650	0.000	1.01487529
-2.250	-0.650	0.000	1.01587522
-2.150	-0.650	0.000	1.01722991
-2.050	-0.650	0.000	1.01828051
-1.950	-0.650	0.000	1.01919007
-1.850	-0.650	0.000	1.01971507
-1.750	-0.650	0.000	1.02028716
-1.650	-0.650	0.000	1.02074993
-1.550	-0.650	0.000	1.02056634
-1.450	-0.650	0.000	1.01994693
-1.350	-0.650	0.000	1.01907861
-1.250	-0.650	0.000	1.01813996
-1.150	-0.650	0.000	1.01725996
-1.050	-0.650	0.000	1.01664197
-0.950	-0.650	0.000	1.01621437
-0.850	-0.650	0.000	1.01617920
-0.750	-0.650	0.000	1.01644731
-0.650	-0.650	0.000	1.01709354
-0.550	-0.650	0.000	1.01799333
-0.450	-0.650	0.000	1.01863027
-0.350	-0.650	0.000	1.01893222
-0.250	-0.650	0.000	1.01890409
-0.150	-0.650	0.000	1.01842070
-0.050	-0.650	0.000	1.01778412
0.050	-0.650	0.000	1.01700962
0.150	-0.650	0.000	1.01618350
0.250	-0.650	0.000	1.01543772
0.350	-0.650	0.000	1.01479936
0.450	-0.650	0.000	1.01441681
0.550	-0.650	0.000	1.01430988
0.650	-0.650	0.000	1.01436794
0.750	-0.650	0.000	1.01473594
0.850	-0.650	0.000	1.01529002
0.950	-0.650	0.000	1.01576388
1.050	-0.650	0.000	1.01612055
1.150	-0.650	0.000	1.01629698
1.250	-0.650	0.000	1.01628757
1.350	-0.650	0.000	1.01598692
1.450	-0.650	0.000	1.01563680
1.550	-0.650	0.000	1.01518500
1.650	-0.650	0.000	1.01483309
1.750	-0.650	0.000	1.01450896
1.850	-0.650	0.000	1.01445985
1.950	-0.650	0.000	1.01436722
2.050	-0.650	0.000	1.01441193
2.150	-0.650	0.000	1.01441288
2.250	-0.650	0.000	1.01475132
2.350	-0.650	0.000	1.01478994
2.450	-0.650	0.000	1.01516879
-2.450	-0.550	0.000	1.01447248
-2.350	-0.550	0.000	1.01477206
-2.250	-0.550	0.000	1.01550484
-2.150	-0.550	0.000	1.01682949
-2.050	-0.550	0.000	1.01793063
-1.950	-0.550	0.000	1.01890397
-1.850	-0.550	0.000	1.01951647
-1.750	-0.550	0.000	1.01996267
-1.650	-0.550	0.000	1.02035153
-1.550	-0.550	0.000	1.02009428
-1.450	-0.550	0.000	1.01952398
-1.350	-0.550	0.000	1.01882160
-1.250	-0.550	0.000	1.01808023
-1.150	-0.550	0.000	1.01732230
-1.050	-0.550	0.000	1.01676095
-0.950	-0.550	0.000	1.01629245
-0.850	-0.550	0.000	1.01619077
-0.750	-0.550	0.000	1.01642430
-0.650	-0.550	0.000	1.01702774
-0.550	-0.550	0.000	1.01793396
-0.450	-0.550	0.000	1.01866615
-0.350	-0.550	0.000	1.01907945
-0.250	-0.550	0.000	1.01920462
-0.150	-0.550	0.000	1.01882076
-0.050	-0.550	0.000	1.01825297
0.050	-0.550	0.000	1.01749182
0.150	-0.550	0.000	1.01669025
0.250	-0.550	0.000	1.01597869
0.350	-0.550	0.000	1.01540124
0.450	-0.550	0.000	1.01493812
0.550	-0.550	0.000	1.01471591
0.650	-0.550	0.000	1.01462626
0.750	-0.550	0.000	1.01488638
0.850	-0.550	0.000	1.01536632
0.950	-0.550	0.000	1.01588595
1.050	-0.550	0.000	1.01634705
1.150	-0.550	0.000	1.01656747
1.250	-0.550	0.000	1.01654673
1.350	-0.550	0.000	1.01624298
1.450	-0.550	0.000	1.01585424
1.550	-0.550	0.000	1.01538861
1.650	-0.550	0.000	1.01502538
1.750	-0.550	0.000	1.01463485
1.850	-0.550	0.000	1.01448298
1.950	-0.550	0.000	1.01428378
2.050	-0.550	0.000	1.01420438
2.150	-0.550	0.000	1.01404178
2.250	-0.550	0.000	1.01433980
2.350	-0.550	0.000	1.01436603
2.450	-0.550	0.000	1.01484573
-2.450	-0.450	0.000	1.01419044
-2.350	-0.450	0.000	1.01435411
-2.250	-0.450	0.000	1.01482916
-2.150	-0.450	0.000	1.01595175
-2.050	-0.450	0.000	1.01690352
-1.950	-0.450	0.000	1.01781249
-1.850	-0.450	0.000	1.01845098
-1.750	-0.450	0.000	1.01883984
-1.650	-0.450	0.000	1.01915967
-1.550	-0.450	0.000	1.01894736
-1.450	-0.450	0.000	1.01856148
-1.350	-0.450	0.000	1.01812053
-1.250	-0.450	0.000	1.01759636
-1.150	-0.450	0.000	1.01701689
-1.050	-0.450	0.000	1.01653469
-0.950	-0.450	0.000	1.01609015
-0.850	-0.450	0.000	1.01586747
-0.750	-0.450	0.000	1.01605797
-0.650	-0.450	0.000	1.01665461
-0.550	-0.450	0.000	1.01760840
-0.450	-0.450	0.000	1.01839006
-0.350	-0.450	0.000	1.01894116
-0.250	-0.450	0.000	1.01916099
-0.150	-0.450	0.000	1.01886511
-0.050	-0.450	0.000	1.01837349
0.050	-0.450	0.000	1.01774943
0.150	-0.450	0.000	1.01710343
0.250	-0.450	0.000	1.01648331
0.350	-0.450	0.000	1.01594472
0.450	-0.450	0.000	1.01550543
0.550	-0.450	0.000	1.01525247
0.650	-0.450	0.000	1.01513028
0.750	-0.450	0.000	1.01532567
0.850	-0.450	0.000	1.01571548
0.950	-0.450	0.000	1.01615179
1.050	-0.450	0.000	1.01648951
1.150	-0.450	0.000	1.01670098
1.250	-0.450	0.000	1.01671028
1.350	-0.450	0.000	1.01648486
1.450	-0.450	0.000	1.01614869
1.550	-0.450	0.000	1.01572263
1.650	-0.450	0.000	1.01537538
1.750	-0.450	0.000	1.01500070
1.850	-0.450	0.000	1.01476133
1.950	-0.450	0.000	1.01441669
2.050	-0.450	0.000	1.01419330
2.150	-0.450	0.000	1.01383221
2.250	-0.450	0.000	1.01398587
2.350	-0.450	0.000	1.01391149
2.450	-0.450	0.000	1.01441371
-2.450	-0.350	0.000	1.01371813
-2.350	-0.350	0.000	1.01381648
-2.250	-0.350	0.000	1.01402211
-2.150	-0.350	0.000	1.01491427
-2.050	-0.350	0.000	1.01571214
-1.950	-0.350	0.000	1.01649070
-1.850	-0.350	0.000	1.01706088
-1.750	-0.350	0.000	1.01734507
-1.650	-0.350	0.000	1.01753747
-1.550	-0.350	0.000	1.01747012
-1.450	-0.350	0.000	1.01735890
-1.350	-0.350	0.000	1.01715946
-1.250	-0.350	0.000	1.01692069
-1.150	-0.350	0.000	1.01650083
-1.050	-0.350	0.000	1.01608348
-0.950	-0.350	0.000	1.01563847
-0.850	-0.350	0.000	1.01533842
-0.750	-0.350	0.000	1.01551020
-0.650	-0.350	0.000	1.01613939
-0.550	-0.350	0.000	1.01716328
-0.450	-0.350	0.000	1.01799309
-0.350	-0.350	0.000	1.01862609
-0.250	-0.350	0.000	1.01891506
-0.150	-0.350	0.000	1.01866925
-0.050	-0.350	0.000	1.01821530
0.050	-0.350	0.000	1.01763701
0.150	-0.350	0.000	1.01707554
0.250	-0.350	0.000	1.01666200
0.350	-0.350	0.000	1.01637852
0.450	-0.350	0.000	1.01609075
0.550	-0.350	0.000	1.01586115
0.650	-0.350	0.000	1.01571238
0.750	-0.350	0.000	1.01580822
0.850	-0.350	0.000	1.01611745
0.950	-0.350	0.000	1.01649976
1.050	-0.350	0.000	1.01682174
1.150	-0.350	0.000	1.01697624
1.250	-0.350	0.000	1.01692951
1.350	-0.350	0.000	1.01667559
1.450	-0.350	0.000	1.01634872
1.550	-0.350	0.000	1.01596856
1.650	-0.350	0.000	1.01566041
1.750	-0.350	0.000	1.01532626
1.850	-0.350	0.000	1.01507843
1.950	-0.350	0.000	1.01469362
2.050	-0.350	0.000	1.01439619
2.150	-0.350	0.000	1.01389456
2.250	-0.350	0.000	1.01387763
2.350	-0.350	0.000	1.01365066
2.450	-0.350	0.000	1.01406765
-2.450	-0.250	0.000	1.01325476
-2.350	-0.250	0.000	1.01329601
-2.250	-0.250	0.000	1.01331794
-2.150	-0.250	0.000	1.01402843
-2.050	-0.250	0.000	1.01463342
-1.950	-0.250	0.000	1.01523721
-1.850	-0.250	0.000	1.01572955
-1.750	-0.250	0.000	1.01596546
-1.650	-0.250	0.000	1.01612639
-1.550	-0.250	0.000	1.01617897
-1.450	-0.250	0.000	1.01641262
-1.350	-0.250	0.000	1.01647711
-1.250	-0.250	0.000	1.01648271
-1.150	-0.250	0.000	1.01616597
-1.050	-0.250	0.000	1.01578152
-0.950	-0.250	0.000	1.01531386
-0.850	-0.250	0.000	1.01500404
-0.750	-0.250	0.000	1.01514184
-0.650	-0.250	0.000	1.01578414
-0.550	-0.250	0.000	1.01686180
-0.450	-0.250	0.000	1.01773882
-0.350	-0.250	0.000	1.01846254
-0.250	-0.250	0.000	1.01875293
-0.150	-0.250	0.000	1.01852477
-0.050	-0.250	0.000	1.01810181
0.050	-0.250	0.000	1.01757884
0.150	-0.250	0.000	1.01710236
0.250	-0.250	0.000	1.01670372
0.350	-0.250	0.000	1.01637328
0.450	-0.250	0.000	1.01614559
0.550	-0.250	0.000	1.01597106
0.650	-0.250	0.000	1.01604402
0.750	-0.250	0.000	1.01629734
0.850	-0.250	0.000	1.01659608
0.950	-0.250	0.000	1.01690078
1.050	-0.250	0.000	1.01712537
1.150	-0.250	0.000	1.01720810
1.250	-0.250	0.000	1.01711500
1.350	-0.250	0.000	1.01683474
1.450	-0.250	0.000	1.01649535
1.550	-0.250	0.000	1.01615000
1.650	-0.250	0.000	1.01585793
1.750	-0.250	0.000	1.01556087
1.850	-0.250	0.000	1.01532388
1.950	-0.250	0.000	1.01492262
2.050	-0.250	0.000	1.01460505
2.150	-0.250	0.000	1.01406443
2.250	-0.250	0.000	1.01393890
2.350	-0.250	0.000	1.01357174
2.450	-0.250	0.000	1.01385403
-2.450	-0.150	0.000	1.01297963
-2.350	-0.150	0.000	1.01300514
-2.250	-0.150	0.000	1.01286769
-2.150	-0.150	0.000	1.01338911
-2.050	-0.150	0.000	1.01380146
-1.950	-0.150	0.000	1.01426125
-1.850	-0.150	0.000	1.01469672
-1.750	-0.150	0.000	1.01488137
-1.650	-0.150	0.000	1.01505053
-1.550	-0.150	0.000	1.01532257
-1.450	-0.150	0.000	1.01581526
-1.350	-0.150	0.000	1.01616335
-1.250	-0.150	0.000	1.01631415
-1.150	-0.150	0.000	1.01606297
-1.050	-0.150	0.000	1.01563013
-0.950	-0.150	0.000	1.01508474
-0.850	-0.150	0.000	1.01479828
-0.750	-0.150	0.000	1.01491797
-0.650	-0.150	0.000	1.01553965
-0.550	-0.150	0.000	1.01661551
-0.450	-0.150	0.000	1.01752496
-0.350	-0.150	0.000	1.01831615
-0.250	-0.150	0.000	1.01859343
-0.150	-0.150	0.000	1.01832891
-0.050	-0.150	0.000	1.01785874
0.050	-0.150	0.000	1.01735151
0.150	-0.150	0.000	1.01693463
0.250	-0.150	0.000	1.01665282
0.350	-0.150	0.000	1.01648152
0.450	-0.150	0.000	1.01635301
0.550	-0.150	0.000	1.01626897
0.650	-0.150	0.000	1.01617479
0.750	-0.150	0.000	1.01629269
0.850	-0.150	0.000	1.01652622
0.950	-0.150	0.000	1.01682937
1.050	-0.150	0.000	1.01708293
1.150	-0.150	0.000	1.01715147
1.250	-0.150	0.000	1.01708341
1.350	-0.150	0.000	1.01680231
1.450	-0.150	0.000	1.01646066
1.550	-0.150	0.000	1.01613045
1.650	-0.150	0.000	1.01587641
1.750	-0.150	0.000	1.01567018
1.850	-0.150	0.000	1.01551473
1.950	-0.150	0.000	1.01514590
2.050	-0.150	0.000	1.01481557
2.150	-0.150	0.000	1.01426649
2.250	-0.150	0.000	1.01409364
2.350	-0.150	0.000	1.01368380
2.450	-0.150	0.000	1.01379931
-2.450	-0.050	0.000	1.01304817
-2.350	-0.050	0.000	1.01312363
-2.250	-0.050	0.000	1.01292646
-2.150	-0.050	0.000	1.01333010
-2.050	-0.050	0.000	1.01357532
-1.950	-0.050	0.000	1.01383233
-1.850	-0.050	0.000	1.01409888
-1.750	-0.050	0.000	1.01421273
-1.650	-0.050	0.000	1.01448059
-1.550	-0.050	0.000	1.01497209
-1.450	-0.050	0.000	1.01569307
-1.350	-0.050	0.000	1.01625574
-1.250	-0.050	0.000	1.01647687
-1.150	-0.050	0.000	1.01629090
-1.050	-0.050	0.000	1.01583755
-0.950	-0.050	0.000	1.01520705
-0.850	-0.050	0.000	1.01488888
-0.750	-0.050	0.000	1.01492822
-0.650	-0.050	0.000	1.01550746
-0.550	-0.050	0.000	1.01655376
-0.450	-0.050	0.000	1.01750207
-0.350	-0.050	0.000	1.01824212
-0.250	-0.050	0.000	1.01854050
-0.150	-0.050	0.000	1.01826560
-0.050	-0.050	0.000	1.01776934
0.050	-0.050	0.000	1.01725292
0.150	-0.050	0.000	1.01683414
0.250	-0.050	0.000	1.01654649
0.350	-0.050	0.000	1.01635218
0.450	-0.050	0.000	1.01626313
0.550	-0.050	0.000	1.01620126
0.650	-0.050	0.000	1.01627147
0.750	-0.050	0.000	1.01650393
0.850	-0.050	0.000	1.01681244
0.950	-0.050	0.000	1.01706624
1.050	-0.050	0.000	1.01721001
1.150	-0.050	0.000	1.01715577
1.250	-0.050	0.000	1.01696301
1.350	-0.050	0.000	1.01662087
1.450	-0.050	0.000	1.01629174
1.550	-0.050	0.000	1.01597655
1.650	-0.050	0.000	1.01573884
1.750	-0.050	0.000	1.01552868
1.850	-0.050	0.000	1.01543140
1.950	-0.050	0.000	1.01519382
2.050	-0.050	0.000	1.01497197
2.150	-0.050	0.000	1.01451743
2.250	-0.050	0.000	1.01435244
2.350	-0.050	0.000	1.01400995
2.450	-0.050	0.000	1.01404464
-2.450	0.050	0.000	1.01308167
-2.350	0.050	0.000	1.01329041
-2.250	0.050	0.000	1.01314902
-2.150	0.050	0.000	1.01353693
-2.050	0.050	0.000	1.01370656
-1.950	0.050	0.000	1.01384389
-1.850	0.050	0.000	1.01405263
-1.750	0.050	0.000	1.01415324
-1.650	0.050	0.000	1.01447463
-1.550	0.050	0.000	1.01506114
-1.450	0.050	0.000	1.01584220
-1.350	0.050	0.000	1.01656067
-1.250	0.050	0.000	1.01681018
-1.150	0.050	0.000	1.01665175
-1.050	0.050	0.000	1.01623487
-0.950	0.050	0.000	1.01553881
-0.850	0.050	0.000	1.01519108
-0.750	0.050	0.000	1.01516354
-0.650	0.050	0.000	1.01564360
-0.550	0.050	0.000	1.01655209
-0.450	0.050	0.000	1.01754379
-0.350	0.050	0.000	1.01815856
-0.250	0.050	0.000	1.01850283
-0.150	0.050	0.000	1.01822412
-0.050	0.050	0.000	1.01773441
0.050	0.050	0.000	1.01724088
0.150	0.050	0.000	1.01684868
0.250	0.050	0.000	1.01659322
0.350	0.050	0.000	1.01639843
0.450	0.050	0.000	1.01624668
0.550	0.050	0.000	1.01621127
0.650	0.050	0.000	1.01621842
0.750	0.050	0.000	1.01640224
0.850	0.050	0.000	1.01668036
0.950	0.050	0.000	1.01689112
1.050	0.050	0.000	1.01703644
1.150	0.050	0.000	1.01701844
1.250	0.050	0.000	1.01686788
1.350	0.050	0.000	1.01655984
1.450	0.050	0.000	1.01625013
1.550	0.050	0.000	1.01592886
1.650	0.050	0.000	1.01567292
1.750	0.050	0.000	1.01546288
1.850	0.050	0.000	1.01538444
1.950	0.050	0.000	1.01519763
2.050	0.050	0.000	1.01505506
2.150	0.050	0.000	1.01470852
2.250	0.050	0.000	1.01460111
2.350	0.050	0.000	1.01435554
2.450	0.050	0.000	1.01438463
-2.450	0.150	0.000	1.01295865
-2.350	0.150	0.000	1.01332867
-2.250	0.150	0.000	1.01324213
-2.150	0.150	0.000	1.01360857
-2.050	0.150	0.000	1.01375353
-1.950	0.150	0.000	1.01380706
-1.850	0.150	0.000	1.01402605
-1.750	0.150	0.000	1.01420641
-1.650	0.150	0.000	1.01467180
-1.550	0.150	0.000	1.01538396
-1.450	0.150	0.000	1.01622903
-1.350	0.150	0.000	1.01703370
-1.250	0.150	0.000	1.01726925
-1.150	0.150	0.000	1.01713824
-1.050	0.150	0.000	1.01668763
-0.950	0.150	0.000	1.01601064
-0.850	0.150	0.000	1.01556182
-0.750	0.150	0.000	1.01549733
-0.650	0.150	0.000	1.01591897
-0.550	0.150	0.000	1.01668727
-0.450	0.150	0.000	1.01765156
-0.350	0.150	0.000	1.01817369
-0.250	0.150	0.000	1.01851237
-0.150	0.150	0.000	1.01820374
-0.050	0.150	0.000	1.01771677
0.050	0.150	0.000	1.01726663
0.150	0.150	0.000	1.01695681
0.250	0.150	0.000	1.01675308
0.350	0.150	0.000	1.01658940
0.450	0.150	0.000	1.01636147
0.550	0.150	0.000	1.01625502
0.650	0.150	0.000	1.01622403
0.750	0.150	0.000	1.01638436
0.850	0.150	0.000	1.01667571
0.950	0.150	0.000	1.01687646
1.050	0.150	0.000	1.01698887
1.150	0.150	0.000	1.01693726
1.250	0.150	0.000	1.01676583
1.350	0.150	0.000	1.01648581
1.450	0.150	0.000	1.01618969
1.550	0.150	0.000	1.01589620
1.650	0.150	0.000	1.01568246
1.750	0.150	0.000	1.01550031
1.850	0.150	0.000	1.01543891
1.950	0.150	0.000	1.01523638
2.050	0.150	0.000	1.01509297
2.150	0.150	0.000	1.01485908
2.250	0.150	0.000	1.01485312
2.350	0.150	0.000	1.01472402
2.450	0.150	0.000	1.01481545
-2.450	0.250	0.000	1.01279283
-2.350	0.250	0.000	1.01335979
-2.250	0.250	0.000	1.01336443
-2.150	0.250	0.000	1.01367903
-2.050	0.250	0.000	1.01378775
-1.950	0.250	0.000	1.01375365
-1.850	0.250	0.000	1.01397836
-1.750	0.250	0.000	1.01419830
-1.650	0.250	0.000	1.01476800
-1.550	0.250	0.000	1.01558566
-1.450	0.250	0.000	1.01646674
-1.350	0.250	0.000	1.01729107
-1.250	0.250	0.000	1.01757610
-1.150	0.250	0.000	1.01747108
-1.050	0.250	0.000	1.01702070
-0.950	0.250	0.000	1.01642716
-0.850	0.250	0.000	1.01595366
-0.750	0.250	0.000	1.01586306
-0.650	0.250	0.000	1.01618207
-0.550	0.250	0.000	1.01684892
-0.450	0.250	0.000	1.01770210
-0.350	0.250	0.000	1.01823461
-0.250	0.250	0.000	1.01849127
-0.150	0.250	0.000	1.01813376
-0.050	0.250	0.000	1.01758742
0.050	0.250	0.000	1.01710391
0.150	0.250	0.000	1.01682258
0.250	0.250	0.000	1.01670539
0.350	0.250	0.000	1.01662862
0.450	0.250	0.000	1.01649368
0.550	0.250	0.000	1.01638067
0.650	0.250	0.000	1.01632893
0.750	0.250	0.000	1.01638639
0.850	0.250	0.000	1.01660407
0.950	0.250	0.000	1.01678586
1.050	0.250	0.000	1.01688576
1.150	0.250	0.000	1.01686275
1.250	0.250	0.000	1.01672852
1.350	0.250	0.000	1.01646042
1.450	0.250	0.000	1.01617825
1.550	0.250	0.000	1.01595461
1.650	0.250	0.000	1.01583517
1.750	0.250	0.000	1.01568353
1.850	0.250	0.000	1.01563036
1.950	0.250	0.000	1.01545966
2.050	0.250	0.000	1.01531172
2.150	0.250	0.000	1.01501656
2.250	0.250	0.000	1.01496053
2.350	0.250	0.000	1.01483011
2.450	0.250	0.000	1.01508665
-2.450	0.350	0.000	1.01267374
-2.350	0.350	0.000	1.01343119
-2.250	0.350	0.000	1.01354218
-2.150	0.350	0.000	1.01381516
-2.050	0.350	0.000	1.01390398
-1.950	0.350	0.000	1.01381445
-1.850	0.350	0.000	1.01406324
-1.750	0.350	0.000	1.01428616
-1.650	0.350	0.000	1.01486778
-1.550	0.350	0.000	1.01568425
-1.450	0.350	0.000	1.01650250
-1.350	0.350	0.000	1.01722109
-1.250	0.350	0.000	1.01754963
-1.150	0.350	0.000	1.01747656
-1.050	0.350	0.000	1.01709056
-0.950	0.350	0.000	1.01661015
-0.850	0.350	0.000	1.01620114
-0.750	0.350	0.000	1.01610506
-0.650	0.350	0.000	1.01639009
-0.550	0.350	0.000	1.01702225
-0.450	0.350	0.000	1.01775289
-0.350	0.350	0.000	1.01829827
-0.250	0.350	0.000	1.01847625
-0.150	0.350	0.000	1.01814830
-0.050	0.350	0.000	1.01748133
0.050	0.350	0.000	1.01687646
0.150	0.350	0.000	1.01654768
0.250	0.350	0.000	1.01644683
0.350	0.350	0.000	1.01645708
0.450	0.350	0.000	1.01639688
0.550	0.350	0.000	1.01632774
0.650	0.350	0.000	1.01636112
0.750	0.350	0.000	1.01647747
0.850	0.350	0.000	1.01668799
0.950	0.350	0.000	1.01688778
1.050	0.350	0.000	1.01692128
1.150	0.350	0.000	1.01678753
1.250	0.350	0.000	1.01659191
1.350	0.350	0.000	1.01638663
1.450	0.350	0.000	1.01619756
1.550	0.350	0.000	1.01601315
1.650	0.350	0.000	1.01591456
1.750	0.350	0.000	1.01583862
1.850	0.350	0.000	1.01580834
1.950	0.350	0.000	1.01564491
2.050	0.350	0.000	1.01554513
2.150	0.350	0.000	1.01525998
2.250	0.350	0.000	1.01514554
2.350	0.350	0.000	1.01481771
2.450	0.350	0.000	1.01511157
-2.450	0.450	0.000	1.01253307
-2.350	0.450	0.000	1.01344073
-2.250	0.450	0.000	1.01367831
-2.150	0.450	0.000	1.01388419
-2.050	0.450	0.000	1.01394176
-1.950	0.450	0.000	1.01384175
-1.850	0.450	0.000	1.01415288
-1.750	0.450	0.000	1.01445079
-1.650	0.450	0.000	1.01504970
-1.550	0.450	0.000	1.01585507
-1.450	0.450	0.000	1.01660335
-1.350	0.450	0.000	1.01722741
-1.250	0.450	0.000	1.01750338
-1.150	0.450	0.000	1.01742220
-1.050	0.450	0.000	1.01704729
-0.950	0.450	0.000	1.01659167
-0.850	0.450	0.000	1.01622331
-0.750	0.450	0.000	1.01612282
-0.650	0.450	0.000	1.01644170
-0.550	0.450	0.000	1.01709008
-0.450	0.450	0.000	1.01785636
-0.350	0.450	0.000	1.01837778
-0.250	0.450	0.000	1.01857412
-0.150	0.450	0.000	1.01817358
-0.050	0.450	0.000	1.01743281
0.050	0.450	0.000	1.01675344
0.150	0.450	0.000	1.01636279
0.250	0.450	0.000	1.01625717
0.350	0.450	0.000	1.01627314
0.450	0.450	0.000	1.01625443
0.550	0.450	0.000	1.01616597
0.650	0.450	0.000	1.01615012
0.750	0.450	0.000	1.01625061
0.850	0.450	0.000	1.01645434
0.950	0.450	0.000	1.01670265
1.050	0.450	0.000	1.01686215
1.150	0.450	0.000	1.01680803
1.250	0.450	0.000	1.01661444
1.350	0.450	0.000	1.01635170
1.450	0.450	0.000	1.01613176
1.550	0.450	0.000	1.01599395
1.650	0.450	0.000	1.01601183
1.750	0.450	0.000	1.01603448
1.850	0.450	0.000	1.01611197
1.950	0.450	0.000	1.01602352
2.050	0.450	0.000	1.01589215
2.150	0.450	0.000	1.01556015
2.250	0.450	0.000	1.01540720
2.350	0.450	0.000	1.01503360
2.450	0.450	0.000	1.01524091
-2.450	0.550	0.000	1.01239359
-2.350	0.550	0.000	1.01349151
-2.250	0.550	0.000	1.01393557
-2.150	0.550	0.000	1.01406121
-2.050	0.550	0.000	1.01411080
-1.950	0.550	0.000	1.01395202
-1.850	0.550	0.000	1.01431000
-1.750	0.550	0.000	1.01471746
-1.650	0.550	0.000	1.01537263
-1.550	0.550	0.000	1.01620805
-1.450	0.550	0.000	1.01693726
-1.350	0.550	0.000	1.01750183
-1.250	0.550	0.000	1.01769269
-1.150	0.550	0.000	1.01757646
-1.050	0.550	0.000	1.01717842
-0.950	0.550	0.000	1.01669991
-0.850	0.550	0.000	1.01631200
-0.750	0.550	0.000	1.01618803
-0.650	0.550	0.000	1.01645112
-0.550	0.550	0.000	1.01707554
-0.450	0.550	0.000	1.01791012
-0.350	0.550	0.000	1.01845765
-0.250	0.550	0.000	1.01871371
-0.150	0.550	0.000	1.01831841
-0.050	0.550	0.000	1.01761198
0.050	0.550	0.000	1.01683128
0.150	0.550	0.000	1.01638305
0.250	0.550	0.000	1.01625729
0.350	0.550	0.000	1.01630294
0.450	0.550	0.000	1.01637948
0.550	0.550	0.000	1.01633394
0.650	0.550	0.000	1.01629949
0.750	0.550	0.000	1.01632285
0.850	0.550	0.000	1.01639533
0.950	0.550	0.000	1.01648343
1.050	0.550	0.000	1.01655769
1.150	0.550	0.000	1.01648450
1.250	0.550	0.000	1.01632094
1.350	0.550	0.000	1.01609910
1.450	0.550	0.000	1.01592147
1.550	0.550	0.000	1.01579034
1.650	0.550	0.000	1.01580882
1.750	0.550	0.000	1.01593578
1.850	0.550	0.000	1.01614928
1.950	0.550	0.000	1.01618016
2.050	0.550	0.000	1.01619458
2.150	0.550	0.000	1.01593065
2.250	0.550	0.000	1.01578104
2.350	0.550	0.000	1.01540840
2.450	0.550	0.000	1.01548171
-2.450	0.650	0.000	1.01220930
-2.350	0.650	0.000	1.01344228
-2.250	0.650	0.000	1.01418066
-2.150	0.650	0.000	1.01424313
-2.050	0.650	0.000	1.01435244
-1.950	0.650	0.000	1.01416147
-1.850	0.650	0.000	1.01454961
-1.750	0.650	0.000	1.01504278
-1.650	0.650	0.000	1.01573539
-1.550	0.650	0.000	1.01660728
-1.450	0.650	0.000	1.01736808
-1.350	0.650	0.000	1.01797581
-1.250	0.650	0.000	1.01812744
-1.150	0.650	0.000	1.01792800
-1.050	0.650	0.000	1.01745677
-0.950	0.650	0.000	1.01691163
-0.850	0.650	0.000	1.01642156
-0.750	0.650	0.000	1.01616478
-0.650	0.650	0.000	1.01629877
-0.550	0.650	0.000	1.01688325
-0.450	0.650	0.000	1.01770103
-0.350	0.650	0.000	1.01844072
-0.250	0.650	0.000	1.01871097
-0.150	0.650	0.000	1.01846516
-0.050	0.650	0.000	1.01783001
0.050	0.650	0.000	1.01695192
0.150	0.650	0.000	1.01644504
0.250	0.650	0.000	1.01628888
0.350	0.650	0.000	1.01636493
0.450	0.650	0.000	1.01650715
0.550	0.650	0.000	1.01654446
0.650	0.650	0.000	1.01652241
0.750	0.650	0.000	1.01653111
0.850	0.650	0.000	1.01659870
0.950	0.650	0.000	1.01667118
1.050	0.650	0.000	1.01664484
1.150	0.650	0.000	1.01644039
1.250	0.650	0.000	1.01612592
1.350	0.650	0.000	1.01579535
1.450	0.650	0.000	1.01551235
1.550	0.650	0.000	1.01543224
1.650	0.650	0.000	1.01558733
1.750	0.650	0.000	1.01577878
1.850	0.650	0.000	1.01615226
1.950	0.650	0.000	1.01628530
2.050	0.650	0.000	1.01631677
2.150	0.650	0.000	1.01610172
2.250	0.650	0.000	1.01597857
2.350	0.650	0.000	1.01564908
2.450	0.650	0.000	1.01558578
-2.450	0.750	0.000	1.01170874
-2.350	0.750	0.000	1.01300800
-2.250	0.750	0.000	1.01405942
-2.150	0.750	0.000	1.01412404
-2.050	0.750	0.000	1.01436698
-1.950	0.750	0.000	1.01414752
-1.850	0.750	0.000	1.01454723
-1.750	0.750	0.000	1.01513052
-1.650	0.750	0.000	1.01588631
-1.550	0.750	0.000	1.01682043
-1.450	0.750	0.000	1.01764107
-1.350	0.750	0.000	1.01825666
-1.250	0.750	0.000	1.01850045
-1.150	0.750	0.000	1.01835561
-1.050	0.750	0.000	1.01796412
-0.950	0.750	0.000	1.01744199
-0.850	0.750	0.000	1.01688612
-0.750	0.750	0.000	1.01649880
-0.650	0.750	0.000	1.01642120
-0.550	0.750	0.000	1.01679969
-0.450	0.750	0.000	1.01751351
-0.350	0.750	0.000	1.01828778
-0.250	0.750	0.000	1.01864851
-0.150	0.750	0.000	1.01855719
-0.050	0.750	0.000	1.01796448
0.050	0.750	0.000	1.01711333
0.150	0.750	0.000	1.01650333
0.250	0.750	0.000	1.01631093
0.350	0.750	0.000	1.01643968
0.450	0.750	0.000	1.01665473
0.550	0.750	0.000	1.01680195
0.650	0.750	0.000	1.01688063
0.750	0.750	0.000	1.01690567
0.850	0.750	0.000	1.01693308
0.950	0.750	0.000	1.01693010
1.050	0.750	0.000	1.01684046
1.150	0.750	0.000	1.01658475
1.250	0.750	0.000	1.01620734
1.350	0.750	0.000	1.01581109
1.450	0.750	0.000	1.01550221
1.550	0.750	0.000	1.01525807
1.650	0.750	0.000	1.01528251
1.750	0.750	0.000	1.01542914
1.850	0.750	0.000	1.01582968
1.950	0.750	0.000	1.01607418
2.050	0.750	0.000	1.01636255
2.150	0.750	0.000	1.01639879
2.250	0.750	0.000	1.01645553
2.350	0.750	0.000	1.01635647
2.450	0.750	0.000	1.01621926
-2.450	0.850	0.000	1.01117992
-2.350	0.850	0.000	1.01236820
-2.250	0.850	0.000	1.01372313
-2.150	0.850	0.000	1.01376677
-2.050	0.850	0.000	1.01415491
-1.950	0.850	0.000	1.01402521
-1.850	0.850	0.000	1.01440048
-1.750	0.850	0.000	1.01496708
-1.650	0.850	0.000	1.01570368
-1.550	0.850	0.000	1.01665831
-1.450	0.850	0.000	1.01758003
-1.350	0.850	0.000	1.01828635
-1.250	0.850	0.000	1.01865327
-1.150	0.850	0.000	1.01863563
-1.050	0.850	0.000	1.01833963
-0.950	0.850	0.000	1.01788163
-0.850	0.850	0.000	1.01740015
-0.750	0.850	0.000	1.01701117
-0.650	0.850	0.000	1.01678646
-0.550	0.850	0.000	1.01694882
-0.450	0.850	0.000	1.01751018
-0.350	0.850	0.000	1.01827550
-0.250	0.850	0.000	1.01871789
-0.150	0.850	0.000	1.01873004
-0.050	0.850	0.000	1.01822603
0.050	0.850	0.000	1.01741493
0.150	0.850	0.000	1.01661730
0.250	0.850	0.000	1.01632786
0.350	0.850	0.000	1.01643550
0.450	0.850	0.000	1.01672089
0.550	0.850	0.000	1.01699555
0.650	0.850	0.000	1.01724601
0.750	0.850	0.000	1.01740587
0.850	0.850	0.000	1.01745331
0.950	0.850	0.000	1.01743114
1.050	0.850	0.000	1.01724720
1.150	0.850	0.000	1.01686847
1.250	0.850	0.000	1.01640487
1.350	0.850	0.000	1.01595342
1.450	0.850	0.000	1.01559186
1.550	0.850	0.000	1.01538181
1.650	0.850	0.000	1.01543701
1.750	0.850	0.000	1.01553810
1.850	0.850	0.000	1.01583087
1.950	0.850	0.000	1.01598334
2.050	0.850	0.000	1.01622224
2.150	0.850	0.000	1.01630759
2.250	0.850	0.000	1.01642740
2.350	0.850	0.000	1.01648808
2.450	0.850	0.000	1.01636982
-2.450	0.950	0.000	1.01091504
-2.350	0.950	0.000	1.01185870
-2.250	0.950	0.000	1.01347899
-2.150	0.950	0.000	1.01358628
-2.050	0.950	0.000	1.01412511
-1.950	0.950	0.000	1.01409912
-1.850	0.950	0.000	1.01439357
-1.750	0.950	0.000	1.01487112
-1.650	0.950	0.000	1.01553190
-1.550	0.950	0.000	1.01643121
-1.450	0.950	0.000	1.01738083
-1.350	0.950	0.000	1.01818001
-1.250	0.950	0.000	1.01866579
-1.150	0.950	0.000	1.01879084
-1.050	0.950	0.000	1.01865780
-0.950	0.950	0.000	1.01837301
-0.850	0.950	0.000	1.01797211
-0.750	0.950	0.000	1.01764476
-0.650	0.950	0.000	1.01743281
-0.550	0.950	0.000	1.01746440
-0.450	0.950	0.000	1.01782370
-0.350	0.950	0.000	1.01841378
-0.250	0.950	0.000	1.01883674
-0.150	0.950	0.000	1.01891506
-0.050	0.950	0.000	1.01850677
0.050	0.950	0.000	1.01781893
0.150	0.950	0.000	1.01701534
0.250	0.950	0.000	1.01660514
0.350	0.950	0.000	1.01658046
0.450	0.950	0.000	1.01686084
0.550	0.950	0.000	1.01720953
0.650	0.950	0.000	1.01754737
0.750	0.950	0.000	1.01783240
0.850	0.950	0.000	1.01796579
0.950	0.950	0.000	1.01803613
1.050	0.950	0.000	1.01794517
1.150	0.950	0.000	1.01752806
1.250	0.950	0.000	1.01687825
1.350	0.950	0.000	1.01625693
1.450	0.950	0.000	1.01577830
1.550	0.950	0.000	1.01545835
1.650	0.950	0.000	1.01551652
1.750	0.950	0.000	1.01566374
1.850	0.950	0.000	1.01595819
1.950	0.950	0.000	1.01625288
2.050	0.950	0.000	1.01661408
2.150	0.950	0.000	1.01687694
2.250	0.950	0.000	1.01706326
2.350	0.950	0.000	1.01741219
2.450	0.950	0.000	1.01735079
-2.450	1.050	0.000	1.01091444
-2.350	1.050	0.000	1.01143801
-2.250	1.050	0.000	1.01305938
-2.150	1.050	0.000	1.01337385
-2.050	1.050	0.000	1.01410925
-1.950	1.050	0.000	1.01434243
-1.850	1.050	0.000	1.01460338
-1.750	1.050	0.000	1.01494241
-1.650	1.050	0.000	1.01548970
-1.550	1.050	0.000	1.01630223
-1.450	1.050	0.000	1.01722538
-1.350	1.050	0.000	1.01812458
-1.250	1.050	0.000	1.01871943
-1.150	1.050	0.000	1.01891279
-1.050	1.050	0.000	1.01883066
-0.950	1.050	0.000	1.01857698
-0.850	1.050	0.000	1.01836574
-0.750	1.050	0.000	1.01817906
-0.650	1.050	0.000	1.01810813
-0.550	1.050	0.000	1.01818037
-0.450	1.050	0.000	1.01846504
-0.350	1.050	0.000	1.01890397
-0.250	1.050	0.000	1.01927805
-0.150	1.050	0.000	1.01924109
-0.050	1.050	0.000	1.01889884
0.050	1.050	0.000	1.01829255
0.150	1.050	0.000	1.01749074
0.250	1.050	0.000	1.01700211
0.350	1.050	0.000	1.01690674
0.450	1.050	0.000	1.01718628
0.550	1.050	0.000	1.01759911
0.650	1.050	0.000	1.01802671
0.750	1.050	0.000	1.01840246
0.850	1.050	0.000	1.01855624
0.950	1.050	0.000	1.01860285
1.050	1.050	0.000	1.01844108
1.150	1.050	0.000	1.01801574
1.250	1.050	0.000	1.01745594
1.350	1.050	0.000	1.01688182
1.450	1.050	0.000	1.01644480
1.550	1.050	0.000	1.01612031
1.650	1.050	0.000	1.01602519
1.750	1.050	0.000	1.01601136
1.850	1.050	0.000	1.01613760
1.950	1.050	0.000	1.01627767
2.050	1.050	0.000	1.01651132
2.150	1.050	0.000	1.01672029
2.250	1.050	0.000	1.01696205
2.350	1.050	0.000	1.01729333
2.450	1.050	0.000	1.01742756
-2.450	1.150	0.000	1.01094723
-2.350	1.150	0.000	1.01107752
-2.250	1.150	0.000	1.01255751
-2.150	1.150	0.000	1.01297426
-2.050	1.150	0.000	1.01387429
-1.950	1.150	0.000	1.01439261
-1.850	1.150	0.000	1.01475191
-1.750	1.150	0.000	1.01501608
-1.650	1.150	0.000	1.01545548
-1.550	1.150	0.000	1.01622009
-1.450	1.150	0.000	1.01711822
-1.350	1.150	0.000	1.01801717
-1.250	1.150	0.000	1.01868010
-1.150	1.150	0.000	1.01895642
-1.050	1.150	0.000	1.01899064
-0.950	1.150	0.000	1.01883614
-0.850	1.150	0.000	1.01869428
-0.750	1.150	0.000	1.01864433
-0.650	1.150	0.000	1.01871884
-0.550	1.150	0.000	1.01891434
-0.450	1.150	0.000	1.01921356
-0.350	1.150	0.000	1.01955009
-0.250	1.150	0.000	1.01985681
-0.150	1.150	0.000	1.01978457
-0.050	1.150	0.000	1.01948667
0.050	1.150	0.000	1.01890993
0.150	1.150	0.000	1.01814330
0.250	1.150	0.000	1.01759839
0.350	1.150	0.000	1.01746082
0.450	1.150	0.000	1.01774466
0.550	1.150	0.000	1.01818573
0.650	1.150	0.000	1.01864982
0.750	1.150	0.000	1.01910102
0.850	1.150	0.000	1.01930404
0.950	1.150	0.000	1.01936030
1.050	1.150	0.000	1.01918626
1.150	1.150	0.000	1.01870215
1.250	1.150	0.000	1.01804531
1.350	1.150	0.000	1.01740634
1.450	1.150	0.000	1.01695108
1.550	1.150	0.000	1.01669240
1.650	1.150	0.000	1.01673162
1.750	1.150	0.000	1.01682568
1.850	1.150	0.000	1.01699114
1.950	1.150	0.000	1.01718736
2.050	1.150	0.000	1.01743639
2.150	1.150	0.000	1.01768899
2.250	1.150	0.000	1.01792645
2.350	1.150	0.000	1.01815128
2.450	1.150	0.000	1.01840639
-2.450	1.250	0.000	1.01139784
-2.350	1.250	0.000	1.01096475
-2.250	1.250	0.000	1.01210976
-2.150	1.250	0.000	1.01254380
-2.050	1.250	0.000	1.01355910
-1.950	1.250	0.000	1.01437628
-1.850	1.250	0.000	1.01491308
-1.750	1.250	0.000	1.01521206
-1.650	1.250	0.000	1.01552558
-1.550	1.250	0.000	1.01617813
-1.450	1.250	0.000	1.01702309
-1.350	1.250	0.000	1.01792169
-1.250	1.250	0.000	1.01864874
-1.150	1.250	0.000	1.01903558
-1.050	1.250	0.000	1.01909137
-0.950	1.250	0.000	1.01896262
-0.850	1.250	0.000	1.01888192
-0.750	1.250	0.000	1.01890862
-0.650	1.250	0.000	1.01909304
-0.550	1.250	0.000	1.01938927
-0.450	1.250	0.000	1.01977634
-0.350	1.250	0.000	1.02017307
-0.250	1.250	0.000	1.02050555
-0.150	1.250	0.000	1.02042735
-0.050	1.250	0.000	1.02012718
0.050	1.250	0.000	1.01960707
0.150	1.250	0.000	1.01891124
0.250	1.250	0.000	1.01832950
0.350	1.250	0.000	1.01813293
0.450	1.250	0.000	1.01837742
0.550	1.250	0.000	1.01882517
0.650	1.250	0.000	1.01933408
0.750	1.250	0.000	1.01984298
0.850	1.250	0.000	1.02009356
0.950	1.250	0.000	1.02013838
1.050	1.250	0.000	1.01992714
1.150	1.250	0.000	1.01941121
1.250	1.250	0.000	1.01874304
1.350	1.250	0.000	1.01807630
1.450	1.250	0.000	1.01754057
1.550	1.250	0.000	1.01717520
1.650	1.250	0.000	1.01707602
1.750	1.250	0.000	1.01707947
1.850	1.250	0.000	1.01724136
1.950	1.250	0.000	1.01740420
2.050	1.250	0.000	1.01767516
2.150	1.250	0.000	1.01792061
2.250	1.250	0.000	1.01821339
2.350	1.250	0.000	1.01832592
2.450	1.250	0.000	1.01853073
-2.450	1.350	0.000	1.01201689
-2.350	1.350	0.000	1.01110315
-2.250	1.350	0.000	1.01179445
-2.150	1.350	0.000	1.01205647
-2.050	1.350	0.000	1.01314425
-1.950	1.350	0.000	1.01422071
-1.850	1.350	0.000	1.01498640
-1.750	1.350	0.000	1.01538193
-1.650	1.350	0.000	1.01565325
-1.550	1.350	0.000	1.01615739
-1.450	1.350	0.000	1.01687920
-1.350	1.350	0.000	1.01770306
-1.250	1.350	0.000	1.01851726
-1.150	1.350	0.000	1.01911080
-1.050	1.350	0.000	1.01936901
-0.950	1.350	0.000	1.01938975
-0.850	1.350	0.000	1.01929414
-0.750	1.350	0.000	1.01930559
-0.650	1.350	0.000	1.01949084
-0.550	1.350	0.000	1.01982379
-0.450	1.350	0.000	1.02024066
-0.350	1.350	0.000	1.02062249
-0.250	1.350	0.000	1.02096379
-0.150	1.350	0.000	1.02094996
-0.050	1.350	0.000	1.02074909
0.050	1.350	0.000	1.02034962
0.150	1.350	0.000	1.01979494
0.250	1.350	0.000	1.01922297
0.350	1.350	0.000	1.01895297
0.450	1.350	0.000	1.01910496
0.550	1.350	0.000	1.01953173
0.650	1.350	0.000	1.02007842
0.750	1.350	0.000	1.02063227
0.850	1.350	0.000	1.02093589
0.950	1.350	0.000	1.02101874
1.050	1.350	0.000	1.02083814
1.150	1.350	0.000	1.02032638
1.250	1.350	0.000	1.01966381
1.350	1.350	0.000	1.01898444
1.450	1.350	0.000	1.01842654
1.550	1.350	0.000	1.01799929
1.650	1.350	0.000	1.01783264
1.750	1.350	0.000	1.01778758
1.850	1.350	0.000	1.01789904
1.950	1.350	0.000	1.01805675
2.050	1.350	0.000	1.01836371
2.150	1.350	0.000	1.01864433
2.250	1.350	0.000	1.01901460
2.350	1.350	0.000	1.01916170
2.450	1.350	0.000	1.01946378
-2.450	1.450	0.000	1.01305151
-2.350	1.450	0.000	1.01149607
-2.250	1.450	0.000	1.01157880
-2.150	1.450	0.000	1.01167572
-2.050	1.450	0.000	1.01270306
-1.950	1.450	0.000	1.01390862
-1.850	1.450	0.000	1.01493716
-1.750	1.450	0.000	1.01554716
-1.650	1.450	0.000	1.01585352
-1.550	1.450	0.000	1.01622748
-1.450	1.450	0.000	1.01673067
-1.350	1.450	0.000	1.01741147
-1.250	1.450	0.000	1.01818609
-1.150	1.450	0.000	1.01885617
-1.050	1.450	0.000	1.01932049
-0.950	1.450	0.000	1.01955783
-0.850	1.450	0.000	1.01966321
-0.750	1.450	0.000	1.01980960
-0.650	1.450	0.000	1.02004540
-0.550	1.450	0.000	1.02038133
-0.450	1.450	0.000	1.02075148
-0.350	1.450	0.000	1.02103472
-0.250	1.450	0.000	1.02127731
-0.150	1.450	0.000	1.02125764
-0.050	1.450	0.000	1.02115405
0.050	1.450	0.000	1.02087176
0.150	1.450	0.000	1.02043605
0.250	1.450	0.000	1.01994991
0.350	1.450	0.000	1.01973748
0.450	1.450	0.000	1.01993620
0.550	1.450	0.000	1.02040339
0.650	1.450	0.000	1.02098238
0.750	1.450	0.000	1.02154624
0.850	1.450	0.000	1.02181494
0.950	1.450	0.000	1.02186453
1.050	1.450	0.000	1.02166975
1.150	1.450	0.000	1.02113914
1.250	1.450	0.000	1.02047682
1.350	1.450	0.000	1.01979876
1.450	1.450	0.000	1.01920140
1.550	1.450	0.000	1.01868975
1.650	1.450	0.000	1.01837850
1.750	1.450	0.000	1.01818538
1.850	1.450	0.000	1.01814044
1.950	1.450	0.000	1.01816475
2.050	1.450	0.000	1.01840174
2.150	1.450	0.000	1.01866353
2.250	1.450	0.000	1.01916659
2.350	1.450	0.000	1.01936507
2.450	1.450	0.000	1.01978421
-2.450	1.550	0.000	1.01442504
-2.350	1.550	0.000	1.01241446
-2.250	1.550	0.000	1.01163185
-2.150	1.550	0.000	1.01128936
-2.050	1.550	0.000	1.01213932
-1.950	1.550	0.000	1.01345015
-1.850	1.550	0.000	1.01479733
-1.750	1.550	0.000	1.01572824
-1.650	1.550	0.000	1.01621163
-1.550	1.550	0.000	1.01653826
-1.450	1.550	0.000	1.01691544
-1.350	1.550	0.000	1.01732540
-1.250	1.550	0.000	1.01782846
-1.150	1.550	0.000	1.01839685
-1.050	1.550	0.000	1.01893139
-0.950	1.550	0.000	1.01937091
-0.850	1.550	0.000	1.01974571
-0.750	1.550	0.000	1.02010632
-0.650	1.550	0.000	1.02049232
-0.550	1.550	0.000	1.02090406
-0.450	1.550	0.000	1.02124202
-0.350	1.550	0.000	1.02142811
-0.250	1.550	0.000	1.02153444
-0.150	1.550	0.000	1.02147043
-0.050	1.550	0.000	1.02140868
0.050	1.550	0.000	1.02126753
0.150	1.550	0.000	1.02092791
0.250	1.550	0.000	1.02050984
0.350	1.550	0.000	1.02028763
0.450	1.550	0.000	1.02042556
0.550	1.550	0.000	1.02088130
0.650	1.550	0.000	1.02152359
0.750	1.550	0.000	1.02223074
0.850	1.550	0.000	1.02269840
0.950	1.550	0.000	1.02283061
1.050	1.550	0.000	1.02266443
1.150	1.550	0.000	1.02212012
1.250	1.550	0.000	1.02141666
1.350	1.550	0.000	1.02071023
1.450	1.550	0.000	1.02008116
1.550	1.550	0.000	1.01953566
1.650	1.550	0.000	1.01917887
1.750	1.550	0.000	1.01887810
1.850	1.550	0.000	1.01874363
1.950	1.550	0.000	1.01865947
2.050	1.550	0.000	1.01881683
2.150	1.550	0.000	1.01892591
2.250	1.550	0.000	1.01940143
2.350	1.550	0.000	1.01955199
2.450	1.550	0.000	1.02023232
-2.450	1.650	0.000	1.01600635
-2.350	1.650	0.000	1.01355326
-2.250	1.650	0.000	1.01200151
-2.150	1.650	0.000	1.01119721
-2.050	1.650	0.000	1.01153660
-1.950	1.650	0.000	1.01272118
-1.850	1.650	0.000	1.01430070
-1.750	1.650	0.000	1.01566291
-1.650	1.650	0.000	1.01650858
-1.550	1.650	0.000	1.01689756
-1.450	1.650	0.000	1.01713097
-1.350	1.650	0.000	1.01733112
-1.250	1.650	0.000	1.01757324
-1.150	1.650	0.000	1.01793158
-1.050	1.650	0.000	1.01836431
-0.950	1.650	0.000	1.01885736
-0.850	1.650	0.000	1.01938045
-0.750	1.650	0.000	1.01998413
-0.650	1.650	0.000	1.02063990
-0.550	1.650	0.000	1.02124989
-0.450	1.650	0.000	1.02169240
-0.350	1.650	0.000	1.02188873
-0.250	1.650	0.000	1.02198732
-0.150	1.650	0.000	1.02182937
-0.050	1.650	0.000	1.02164519
0.050	1.650	0.000	1.02147055
0.150	1.650	0.000	1.02118206
0.250	1.650	0.000	1.02083194
0.350	1.650	0.000	1.02065873
0.450	1.650	0.000	1.02080977
0.550	1.650	0.000	1.02126384
0.650	1.650	0.000	1.02192426
0.750	1.650	0.000	1.02262545
0.850	1.650	0.000	1.02314353
0.950	1.650	0.000	1.02337599
1.050	1.650	0.000	1.02333117
1.150	1.650	0.000	1.02285171
1.250	1.650	0.000	1.02214420
1.350	1.650	0.000	1.02142107
1.450	1.650	0.000	1.02076161
1.550	1.650	0.000	1.02018642
1.650	1.650	0.000	1.01981473
1.750	1.650	0.000	1.01952219
1.850	1.650	0.000	1.01937962
1.950	1.650	0.000	1.01929951
2.050	1.650	0.000	1.01950145
2.150	1.650	0.000	1.01960588
2.250	1.650	0.000	1.02004862
2.350	1.650	0.000	1.02006626
2.450	1.650	0.000	1.02069187
-2.450	1.750	0.000	1.01804805
-2.350	1.750	0.000	1.01545703
-2.250	1.750	0.000	1.01304007
-2.150	1.750	0.000	1.01140773
-2.050	1.750	0.000	1.01108956
-1.950	1.750	0.000	1.01200449
-1.850	1.750	0.000	1.01352203
-1.750	1.750	0.000	1.01518023
-1.650	1.750	0.000	1.01648164
-1.550	1.750	0.000	1.01722789
-1.450	1.750	0.000	1.01748502
-1.350	1.750	0.000	1.01748383
-1.250	1.750	0.000	1.01750302
-1.150	1.750	0.000	1.01771438
-1.050	1.750	0.000	1.01805127
-0.950	1.750	0.000	1.01847291
-0.850	1.750	0.000	1.01903987
-0.750	1.750	0.000	1.01973176
-0.650	1.750	0.000	1.02046788
-0.550	1.750	0.000	1.02121949
-0.450	1.750	0.000	1.02187967
-0.350	1.750	0.000	1.02221704
-0.250	1.750	0.000	1.02235246
-0.150	1.750	0.000	1.02212644
-0.050	1.750	0.000	1.02190113
0.050	1.750	0.000	1.02167702
0.150	1.750	0.000	1.02139950
0.250	1.750	0.000	1.02107358
0.350	1.750	0.000	1.02089131
0.450	1.750	0.000	1.02096951
0.550	1.750	0.000	1.02133715
0.650	1.750	0.000	1.02195692
0.750	1.750	0.000	1.02272165
0.850	1.750	0.000	1.02341521
0.950	1.750	0.000	1.02381217
1.050	1.750	0.000	1.02387154
1.150	1.750	0.000	1.02341509
1.250	1.750	0.000	1.02266490
1.350	1.750	0.000	1.02189100
1.450	1.750	0.000	1.02121317
1.550	1.750	0.000	1.02066970
1.650	1.750	0.000	1.02029288
1.750	1.750	0.000	1.02001333
1.850	1.750	0.000	1.01990187
1.950	1.750	0.000	1.01986110
2.050	1.750	0.000	1.02009010
2.150	1.750	0.000	1.02012849
2.250	1.750	0.000	1.02055061
2.350	1.750	0.000	1.02056301
2.450	1.750	0.000	1.02116370
-2.450	1.850	0.000	1.02070856
-2.350	1.850	0.000	1.01831198
-2.250	1.850	0.000	1.01543510
-2.150	1.850	0.000	1.01294303
-2.050	1.850	0.000	1.01154816
-1.950	1.850	0.000	1.01160908
-1.850	1.850	0.000	1.01265502
-1.750	1.850	0.000	1.01437354
-1.650	1.850	0.000	1.01598835
-1.550	1.850	0.000	1.01712132
-1.450	1.850	0.000	1.01766741
-1.350	1.850	0.000	1.01779270
-1.250	1.850	0.000	1.01783228
-1.150	1.850	0.000	1.01786923
-1.050	1.850	0.000	1.01806319
-0.950	1.850	0.000	1.01839340
-0.850	1.850	0.000	1.01887524
-0.750	1.850	0.000	1.01955533
-0.650	1.850	0.000	1.02041543
-0.550	1.850	0.000	1.02129126
-0.450	1.850	0.000	1.02208877
-0.350	1.850	0.000	1.02257478
-0.250	1.850	0.000	1.02282882
-0.150	1.850	0.000	1.02268004
-0.050	1.850	0.000	1.02239382
0.050	1.850	0.000	1.02209020
0.150	1.850	0.000	1.02170753
0.250	1.850	0.000	1.02134967
0.350	1.850	0.000	1.02117956
0.450	1.850	0.000	1.02129734
0.550	1.850	0.000	1.02167726
0.650	1.850	0.000	1.02229273
0.750	1.850	0.000	1.02299035
0.850	1.850	0.000	1.02361906
0.950	1.850	0.000	1.02397597
1.050	1.850	0.000	1.02402592
1.150	1.850	0.000	1.02365041
1.250	1.850	0.000	1.02299464
1.350	1.850	0.000	1.02225721
1.450	1.850	0.000	1.02161312
1.550	1.850	0.000	1.02106631
1.650	1.850	0.000	1.02081573
1.750	1.850	0.000	1.02072179
1.850	1.850	0.000	1.02073324
1.950	1.850	0.000	1.02066314
2.050	1.850	0.000	1.02083385
2.150	1.850	0.000	1.02076316
2.250	1.850	0.000	1.02109647
2.350	1.850	0.000	1.02099097
2.450	1.850	0.000	1.02160954
-2.450	1.950	0.000	1.02375352
-2.350	1.950	0.000	1.02183640
-2.250	1.950	0.000	1.01898146
-2.150	1.950	0.000	1.01593137
-2.050	1.950	0.000	1.01346159
-1.950	1.950	0.000	1.01236427
-1.850	1.950	0.000	1.01253879
-1.750	1.950	0.000	1.01369119
-1.650	1.950	0.000	1.01524997
-1.550	1.950	0.000	1.01673532
-1.450	1.950	0.000	1.01772439
-1.350	1.950	0.000	1.01817822
-1.250	1.950	0.000	1.01837945
-1.150	1.950	0.000	1.01848269
-1.050	1.950	0.000	1.01862311
-0.950	1.950	0.000	1.01888633
-0.850	1.950	0.000	1.01928055
-0.750	1.950	0.000	1.01986516
-0.650	1.950	0.000	1.02064908
-0.550	1.950	0.000	1.02153802
-0.450	1.950	0.000	1.02236772
-0.350	1.950	0.000	1.02290404
-0.250	1.950	0.000	1.02316201
-0.150	1.950	0.000	1.02314115
-0.050	1.950	0.000	1.02287936
0.050	1.950	0.000	1.02262604
0.150	1.950	0.000	1.02228224
0.250	1.950	0.000	1.02192068
0.350	1.950	0.000	1.02172685
0.450	1.950	0.000	1.02178669
0.550	1.950	0.000	1.02211142
0.650	1.950	0.000	1.02262568
0.750	1.950	0.000	1.02319729
0.850	1.950	0.000	1.02362776
0.950	1.950	0.000	1.02388382
1.050	1.950	0.000	1.02388644
1.150	1.950	0.000	1.02356839
1.250	1.950	0.000	1.02306497
1.350	1.950	0.000	1.02248394
1.450	1.950	0.000	1.02195549
1.550	1.950	0.000	1.02153325
1.650	1.950	0.000	1.02132249
1.750	1.950	0.000	1.02119267
1.850	1.950	0.000	1.02118599
1.950	1.950	0.000	1.02112210
2.050	1.950	0.000	1.02130544
2.150	1.950	0.000	1.02128816
2.250	1.950	0.000	1.02163458
2.350	1.950	0.000	1.02150619
2.450	1.950	0.000	1.02225816
-2.450	2.050	0.000	1.02646542
-2.350	2.050	0.000	1.02516258
-2.250	2.050	0.000	1.02281630
-2.150	2.050	0.000	1.01984954
-2.050	2.050	0.000	1.01677120
-1.950	2.050	0.000	1.01448429
-1.850	2.050	0.000	1.01336467
-1.750	2.050	0.000	1.01359582
-1.650	2.050	0.000	1.01462519
-1.550	2.050	0.000	1.01609600
-1.450	2.050	0.000	1.01749778
-1.350	2.050	0.000	1.01847982
-1.250	2.050	0.000	1.01910877
-1.150	2.050	0.000	1.01954865
-1.050	2.050	0.000	1.01990080
-0.950	2.050	0.000	1.02022552
-0.850	2.050	0.000	1.02061439
-0.750	2.050	0.000	1.02114844
-0.650	2.050	0.000	1.02184987
-0.550	2.050	0.000	1.02265286
-0.450	2.050	0.000	1.02338386
-0.350	2.050	0.000	1.02384162
-0.250	2.050	0.000	1.02401543
-0.150	2.050	0.000	1.02392972
-0.050	2.050	0.000	1.02356291
0.050	2.050	0.000	1.02321172
0.150	2.050	0.000	1.02279949
0.250	2.050	0.000	1.02239478
0.350	2.050	0.000	1.02222407
0.450	2.050	0.000	1.02231228
0.550	2.050	0.000	1.02264965
0.650	2.050	0.000	1.02311933
0.750	2.050	0.000	1.02365887
0.850	2.050	0.000	1.02402031
0.950	2.050	0.000	1.02423382
1.050	2.050	0.000	1.02418661
1.150	2.050	0.000	1.02383959
1.250	2.050	0.000	1.02338541
1.350	2.050	0.000	1.02294981
1.450	2.050	0.000	1.02260447
1.550	2.050	0.000	1.02243936
1.650	2.050	0.000	1.02234077
1.750	2.050	0.000	1.02219999
1.850	2.050	0.000	1.02208877
1.950	2.050	0.000	1.02184844
2.050	2.050	0.000	1.02184927
2.150	2.050	0.000	1.02171242
2.250	2.050	0.000	1.02193487
2.350	2.050	0.000	1.02170765
2.450	2.050	0.000	1.02245247
-2.450	2.150	0.000	1.02858639
-2.350	2.150	0.000	1.02781272
-2.250	2.150	0.000	1.02615654
-2.150	2.150	0.000	1.02373981
-2.050	2.150	0.000	1.02078867
-1.950	2.150	0.000	1.01794422
-1.850	2.150	0.000	1.01570046
-1.750	2.150	0.000	1.01458693
-1.650	2.150	0.000	1.01467729
-1.550	2.150	0.000	1.01567638
-1.450	2.150	0.000	1.01695979
-1.350	2.150	0.000	1.01828063
-1.250	2.150	0.000	1.01926649
-1.150	2.150	0.000	1.01998448
-1.050	2.150	0.000	1.02054322
-0.950	2.150	0.000	1.02100980
-0.850	2.150	0.000	1.02149618
-0.750	2.150	0.000	1.02206826
-0.650	2.150	0.000	1.02282453
-0.550	2.150	0.000	1.02364111
-0.450	2.150	0.000	1.02434015
-0.350	2.150	0.000	1.02473474
-0.250	2.150	0.000	1.02483165
-0.150	2.150	0.000	1.02470064
-0.050	2.150	0.000	1.02431667
0.050	2.150	0.000	1.02390683
0.150	2.150	0.000	1.02342236
0.250	2.150	0.000	1.02289104
0.350	2.150	0.000	1.02251446
0.450	2.150	0.000	1.02236724
0.550	2.150	0.000	1.02253902
0.650	2.150	0.000	1.02294731
0.750	2.150	0.000	1.02352345
0.850	2.150	0.000	1.02399850
0.950	2.150	0.000	1.02434742
1.050	2.150	0.000	1.02448964
1.150	2.150	0.000	1.02437735
1.250	2.150	0.000	1.02416277
1.350	2.150	0.000	1.02385807
1.450	2.150	0.000	1.02350295
1.550	2.150	0.000	1.02314937
1.650	2.150	0.000	1.02286959
1.750	2.150	0.000	1.02266073
1.850	2.150	0.000	1.02255261
1.950	2.150	0.000	1.02239251
2.050	2.150	0.000	1.02250433
2.150	2.150	0.000	1.02240884
2.250	2.150	0.000	1.02267671
2.350	2.150	0.000	1.02239430
2.450	2.150	0.000	1.02315307
-2.450	2.250	0.000	1.02987468
-2.350	2.250	0.000	1.02953863
-2.250	2.250	0.000	1.02850127
-2.150	2.250	0.000	1.02683532
-2.050	2.250	0.000	1.02450347
-1.950	2.250	0.000	1.02178848
-1.850	2.250	0.000	1.01910520
-1.750	2.250	0.000	1.01704979
-1.650	2.250	0.000	1.01595140
-1.550	2.250	0.000	1.01600683
-1.450	2.250	0.000	1.01678634
-1.350	2.250	0.000	1.01798904
-1.250	2.250	0.000	1.01913297
-1.150	2.250	0.000	1.02013218
-1.050	2.250	0.000	1.02105856
-0.950	2.250	0.000	1.02182019
-0.850	2.250	0.000	1.02240515
-0.750	2.250	0.000	1.02293491
-0.650	2.250	0.000	1.02351201
-0.550	2.250	0.000	1.02410328
-0.450	2.250	0.000	1.02461827
-0.350	2.250	0.000	1.02489316
-0.250	2.250	0.000	1.02491534
-0.150	2.250	0.000	1.02475798
-0.050	2.250	0.000	1.02438354
0.050	2.250	0.000	1.02395868
0.150	2.250	0.000	1.02355599
0.250	2.250	0.000	1.02313089
0.350	2.250	0.000	1.02280188
0.450	2.250	0.000	1.02262759
0.550	2.250	0.000	1.02268767
0.650	2.250	0.000	1.02304220
0.750	2.250	0.000	1.02350295
0.850	2.250	0.000	1.02383101
0.950	2.250	0.000	1.02397907
1.050	2.250	0.000	1.02396560
1.150	2.250	0.000	1.02381945
1.250	2.250	0.000	1.02367032
1.350	2.250	0.000	1.02355278
1.450	2.250	0.000	1.02341437
1.550	2.250	0.000	1.02323616
1.650	2.250	0.000	1.02307153
1.750	2.250	0.000	1.02287805
1.850	2.250	0.000	1.02270234
1.950	2.250	0.000	1.02241135
2.050	2.250	0.000	1.02232516
2.150	2.250	0.000	1.02219093
2.250	2.250	0.000	1.02249527
2.350	2.250	0.000	1.02235854
2.450	2.250	0.000	1.02330077
-2.450	2.350	0.000	1.03083670
-2.350	2.350	0.000	1.03084385
-2.250	2.350	0.000	1.03019512
-2.150	2.350	0.000	1.02907693
-2.050	2.350	0.000	1.02735770
-1.950	2.350	0.000	1.02521479
-1.850	2.350	0.000	1.02285039
-1.750	2.350	0.000	1.02049577
-1.650	2.350	0.000	1.01844847
-1.550	2.350	0.000	1.01710606
-1.450	2.350	0.000	1.01656687
-1.350	2.350	0.000	1.01654696
-1.250	2.350	0.000	1.01707435
-1.150	2.350	0.000	1.01806653
-1.050	2.350	0.000	1.01932502
-0.950	2.350	0.000	1.02058303
-0.850	2.350	0.000	1.02173626
-0.750	2.350	0.000	1.02274358
-0.650	2.350	0.000	1.02362692
-0.550	2.350	0.000	1.02436137
-0.450	2.350	0.000	1.02491426
-0.350	2.350	0.000	1.02516532
-0.250	2.350	0.000	1.02511573
-0.150	2.350	0.000	1.02492034
-0.050	2.350	0.000	1.02454424
0.050	2.350	0.000	1.02409863
0.150	2.350	0.000	1.02363193
0.250	2.350	0.000	1.02307057
0.350	2.350	0.000	1.02259159
0.450	2.350	0.000	1.02238107
0.550	2.350	0.000	1.02243316
0.650	2.350	0.000	1.02289510
0.750	2.350	0.000	1.02352691
0.850	2.350	0.000	1.02406025
0.950	2.350	0.000	1.02434433
1.050	2.350	0.000	1.02431750
1.150	2.350	0.000	1.02404296
1.250	2.350	0.000	1.02373874
1.350	2.350	0.000	1.02352333
1.450	2.350	0.000	1.02338266
1.550	2.350	0.000	1.02323639
1.650	2.350	0.000	1.02310014
1.750	2.350	0.000	1.02290297
1.850	2.350	0.000	1.02275956
1.950	2.350	0.000	1.02248585
2.050	2.350	0.000	1.02252281
2.150	2.350	0.000	1.02241683
2.250	2.350	0.000	1.02275896
2.350	2.350	0.000	1.02257955
2.450	2.350	0.000	1.02347028
-2.450	2.450	0.000	1.03038132
-2.350	2.450	0.000	1.03062773
-2.250	2.450	0.000	1.03033698
-2.150	2.450	0.000	1.02964234
-2.050	2.450	0.000	1.02853680
-1.950	2.450	0.000	1.02714336
-1.850	2.450	0.000	1.02553689
-1.750	2.450	0.000	1.02374017
-1.650	2.450	0.000	1.02179682
-1.550	2.450	0.000	1.01987684
-1.450	2.450	0.000	1.01832485
-1.350	2.450	0.000	1.01723945
-1.250	2.450	0.000	1.01667559
-1.150	2.450	0.000	1.01672339
-1.050	2.450	0.000	1.01723182
-0.950	2.450	0.000	1.01811290
-0.850	2.450	0.000	1.01923704
-0.750	2.450	0.000	1.02048016
-0.650	2.450	0.000	1.02176321
-0.550	2.450	0.000	1.02292883
-0.450	2.450	0.000	1.02384627
-0.350	2.450	0.000	1.02442455
-0.250	2.450	0.000	1.02466857
-0.150	2.450	0.000	1.02471733
-0.050	2.450	0.000	1.02454960
0.050	2.450	0.000	1.02430928
0.150	2.450	0.000	1.02397728
0.250	2.450	0.000	1.02345908
0.350	2.450	0.000	1.02284789
0.450	2.450	0.000	1.02225065
0.550	2.450	0.000	1.02188396
0.650	2.450	0.000	1.02185583
0.750	2.450	0.000	1.02206182
0.850	2.450	0.000	1.02240288
0.950	2.450	0.000	1.02275801
1.050	2.450	0.000	1.02296507
1.150	2.450	0.000	1.02302265
1.250	2.450	0.000	1.02295303
1.350	2.450	0.000	1.02281630
1.450	2.450	0.000	1.02262187
1.550	2.450	0.000	1.02243793
1.650	2.450	0.000	1.02231443
1.750	2.450	0.000	1.02224517
1.850	2.450	0.000	1.02227676
1.950	2.450	0.000	1.02220500
2.050	2.450	0.000	1.02238917
2.150	2.450	0.000	1.02237082
2.250	2.450	0.000	1.02278054
2.350	2.450	0.000	1.02265143
2.450	2.450	0.000	1.02343750
