-2.450	-2.450	0.000	1.01319671
-2.350	-2.450	0.000	1.01340020
-2.250	-2.450	0.000	1.01457894
-2.150	-2.450	0.000	1.01505947
-2.050	-2.450	0.000	1.01535952
-1.950	-2.450	0.000	1.01579368
-1.850	-2.450	0.000	1.01486838
-1.750	-2.450	0.000	1.01525176
-1.650	-2.450	0.000	1.01528561
-1.550	-2.450	0.000	1.01549447
-1.450	-2.450	0.000	1.01658189
-1.350	-2.450	0.000	1.01685596
-1.250	-2.450	0.000	1.01802719
-1.150	-2.450	0.000	1.01892507
-1.050	-2.450	0.000	1.01976490
-0.950	-2.450	0.000	1.02037430
-0.850	-2.450	0.000	1.02073944
-0.750	-2.450	0.000	1.02102149
-0.650	-2.450	0.000	1.02085280
-0.550	-2.450	0.000	1.02031291
-0.450	-2.450	0.000	1.01962912
-0.350	-2.450	0.000	1.01895642
-0.250	-2.450	0.000	1.01843548
-0.150	-2.450	0.000	1.01794279
-0.050	-2.450	0.000	1.01753461
0.050	-2.450	0.000	1.01718974
0.150	-2.450	0.000	1.01695740
0.250	-2.450	0.000	1.01684177
0.350	-2.450	0.000	1.01675594
0.450	-2.450	0.000	1.01673615
0.550	-2.450	0.000	1.01661623
0.650	-2.450	0.000	1.01650608
0.750	-2.450	0.000	1.01635718
0.850	-2.450	0.000	1.01645541
0.950	-2.450	0.000	1.01667011
1.050	-2.450	0.000	1.01709199
1.150	-2.450	0.000	1.01791883
1.250	-2.450	0.000	1.01887035
1.350	-2.450	0.000	1.01954949
1.450	-2.450	0.000	1.02040648
1.550	-2.450	0.000	1.02066457
1.650	-2.450	0.000	1.02043748
1.750	-2.450	0.000	1.01987362
1.850	-2.450	0.000	1.01944900
1.950	-2.450	0.000	1.01846457
2.050	-2.450	0.000	1.01809824
2.150	-2.450	0.000	1.01713455
2.250	-2.450	0.000	1.01730931
2.350	-2.450	0.000	1.01689184
2.450	-2.450	0.000	1.01797867
-2.450	-2.350	0.000	1.01311064
-2.350	-2.350	0.000	1.01315773
-2.250	-2.350	0.000	1.01420224
-2.150	-2.350	0.000	1.01478887
-2.050	-2.350	0.000	1.01518571
-1.950	-2.350	0.000	1.01574361
-1.850	-2.350	0.000	1.01492238
-1.750	-2.350	0.000	1.01515377
-1.650	-2.350	0.000	1.01515448
-1.550	-2.350	0.000	1.01528680
-1.450	-2.350	0.000	1.01628280
-1.350	-2.350	0.000	1.01651263
-1.250	-2.350	0.000	1.01767528
-1.150	-2.350	0.000	1.01864755
-1.050	-2.350	0.000	1.01955450
-0.950	-2.350	0.000	1.02013910
-0.850	-2.350	0.000	1.02045655
-0.750	-2.350	0.000	1.02068913
-0.650	-2.350	0.000	1.02050066
-0.550	-2.350	0.000	1.01990306
-0.450	-2.350	0.000	1.01915979
-0.350	-2.350	0.000	1.01844215
-0.250	-2.350	0.000	1.01791525
-0.150	-2.350	0.000	1.01746249
-0.050	-2.350	0.000	1.01708937
0.050	-2.350	0.000	1.01682615
0.150	-2.350	0.000	1.01663280
0.250	-2.350	0.000	1.01648033
0.350	-2.350	0.000	1.01636636
0.450	-2.350	0.000	1.01627958
0.550	-2.350	0.000	1.01615489
0.650	-2.350	0.000	1.01608372
0.750	-2.350	0.000	1.01606667
0.850	-2.350	0.000	1.01628006
0.950	-2.350	0.000	1.01685464
1.050	-2.350	0.000	1.01754642
1.150	-2.350	0.000	1.01858366
1.250	-2.350	0.000	1.01974571
1.350	-2.350	0.000	1.02052534
1.450	-2.350	0.000	1.02139986
1.550	-2.350	0.000	1.02173078
1.650	-2.350	0.000	1.02162564
1.750	-2.350	0.000	1.02109849
1.850	-2.350	0.000	1.02067935
1.950	-2.350	0.000	1.01945162
2.050	-2.350	0.000	1.01873648
2.150	-2.350	0.000	1.01759017
2.250	-2.350	0.000	1.01749825
2.350	-2.350	0.000	1.01709282
2.450	-2.350	0.000	1.01771665
-2.450	-2.250	0.000	1.01339281
-2.350	-2.250	0.000	1.01346993
-2.250	-2.250	0.000	1.01440501
-2.150	-2.250	0.000	1.01492846
-2.050	-2.250	0.000	1.01535666
-1.950	-2.250	0.000	1.01589894
-1.850	-2.250	0.000	1.01530957
-1.750	-2.250	0.000	1.01554477
-1.650	-2.250	0.000	1.01552045
-1.550	-2.250	0.000	1.01566887
-1.450	-2.250	0.000	1.01663458
-1.350	-2.250	0.000	1.01687896
-1.250	-2.250	0.000	1.01803815
-1.150	-2.250	0.000	1.01901364
-1.050	-2.250	0.000	1.01996410
-0.950	-2.250	0.000	1.02056098
-0.850	-2.250	0.000	1.02085292
-0.750	-2.250	0.000	1.02107632
-0.650	-2.250	0.000	1.02086723
-0.550	-2.250	0.000	1.02021825
-0.450	-2.250	0.000	1.01935256
-0.350	-2.250	0.000	1.01850438
-0.250	-2.250	0.000	1.01786435
-0.150	-2.250	0.000	1.01738489
-0.050	-2.250	0.000	1.01696587
0.050	-2.250	0.000	1.01674819
0.150	-2.250	0.000	1.01659465
0.250	-2.250	0.000	1.01646674
0.350	-2.250	0.000	1.01633251
0.450	-2.250	0.000	1.01619637
0.550	-2.250	0.000	1.01605177
0.650	-2.250	0.000	1.01600397
0.750	-2.250	0.000	1.01609468
0.850	-2.250	0.000	1.01642287
0.950	-2.250	0.000	1.01720870
1.050	-2.250	0.000	1.01819026
1.150	-2.250	0.000	1.01945078
1.250	-2.250	0.000	1.02071369
1.350	-2.250	0.000	1.02172363
1.450	-2.250	0.000	1.02250600
1.550	-2.250	0.000	1.02275348
1.650	-2.250	0.000	1.02252650
1.750	-2.250	0.000	1.02172792
1.850	-2.250	0.000	1.02107453
1.950	-2.250	0.000	1.01968229
2.050	-2.250	0.000	1.01871681
2.150	-2.250	0.000	1.01740539
2.250	-2.250	0.000	1.01721501
2.350	-2.250	0.000	1.01683378
2.450	-2.250	0.000	1.01765394
-2.450	-2.150	0.000	1.01352668
-2.350	-2.150	0.000	1.01356387
-2.250	-2.150	0.000	1.01445317
-2.150	-2.150	0.000	1.01487076
-2.050	-2.150	0.000	1.01536858
-1.950	-2.150	0.000	1.01591110
-1.850	-2.150	0.000	1.01550627
-1.750	-2.150	0.000	1.01572967
-1.650	-2.150	0.000	1.01567447
-1.550	-2.150	0.000	1.01580322
-1.450	-2.150	0.000	1.01669800
-1.350	-2.150	0.000	1.01692164
-1.250	-2.150	0.000	1.01806664
-1.150	-2.150	0.000	1.01906085
-1.050	-2.150	0.000	1.02006984
-0.950	-2.150	0.000	1.02069664
-0.850	-2.150	0.000	1.02096510
-0.750	-2.150	0.000	1.02112257
-0.650	-2.150	0.000	1.02084661
-0.550	-2.150	0.000	1.02013898
-0.450	-2.150	0.000	1.01917064
-0.350	-2.150	0.000	1.01822102
-0.250	-2.150	0.000	1.01745546
-0.150	-2.150	0.000	1.01691473
-0.050	-2.150	0.000	1.01643395
0.050	-2.150	0.000	1.01618326
0.150	-2.150	0.000	1.01605368
0.250	-2.150	0.000	1.01593161
0.350	-2.150	0.000	1.01583290
0.450	-2.150	0.000	1.01571500
0.550	-2.150	0.000	1.01565611
0.650	-2.150	0.000	1.01573932
0.750	-2.150	0.000	1.01604521
0.850	-2.150	0.000	1.01661134
0.950	-2.150	0.000	1.01762140
1.050	-2.150	0.000	1.01882899
1.150	-2.150	0.000	1.02028894
1.250	-2.150	0.000	1.02152574
1.350	-2.150	0.000	1.02246952
1.450	-2.150	0.000	1.02291059
1.550	-2.150	0.000	1.02299273
1.650	-2.150	0.000	1.02270687
1.750	-2.150	0.000	1.02185488
1.850	-2.150	0.000	1.02114940
1.950	-2.150	0.000	1.01967621
2.050	-2.150	0.000	1.01848483
2.150	-2.150	0.000	1.01697934
2.250	-2.150	0.000	1.01660347
2.350	-2.150	0.000	1.01616085
2.450	-2.150	0.000	1.01684105
-2.450	-2.050	0.000	1.01370180
-2.350	-2.050	0.000	1.01374638
-2.250	-2.050	0.000	1.01460338
-2.150	-2.050	0.000	1.01495218
-2.050	-2.050	0.000	1.01555324
-1.950	-2.050	0.000	1.01605761
-1.850	-2.050	0.000	1.01578140
-1.750	-2.050	0.000	1.01608086
-1.650	-2.050	0.000	1.01605773
-1.550	-2.050	0.000	1.01618719
-1.450	-2.050	0.000	1.01704073
-1.350	-2.050	0.000	1.01723301
-1.250	-2.050	0.000	1.01834750
-1.150	-2.050	0.000	1.01935375
-1.050	-2.050	0.000	1.02041972
-0.950	-2.050	0.000	1.02108824
-0.850	-2.050	0.000	1.02134407
-0.750	-2.050	0.000	1.02149308
-0.650	-2.050	0.000	1.02120435
-0.550	-2.050	0.000	1.02047479
-0.450	-2.050	0.000	1.01942658
-0.350	-2.050	0.000	1.01837552
-0.250	-2.050	0.000	1.01747310
-0.150	-2.050	0.000	1.01689017
-0.050	-2.050	0.000	1.01633632
0.050	-2.050	0.000	1.01606750
0.150	-2.050	0.000	1.01594126
0.250	-2.050	0.000	1.01578617
0.350	-2.050	0.000	1.01565385
0.450	-2.050	0.000	1.01553226
0.550	-2.050	0.000	1.01552296
0.650	-2.050	0.000	1.01573944
0.750	-2.050	0.000	1.01620853
0.850	-2.050	0.000	1.01688743
0.950	-2.050	0.000	1.01795137
1.050	-2.050	0.000	1.01914442
1.150	-2.050	0.000	1.02056086
1.250	-2.050	0.000	1.02173316
1.350	-2.050	0.000	1.02265179
1.450	-2.050	0.000	1.02286744
1.550	-2.050	0.000	1.02272236
1.650	-2.050	0.000	1.02233684
1.750	-2.050	0.000	1.02147162
1.850	-2.050	0.000	1.02078223
1.950	-2.050	0.000	1.01935565
2.050	-2.050	0.000	1.01814914
2.150	-2.050	0.000	1.01669061
2.250	-2.050	0.000	1.01633716
2.350	-2.050	0.000	1.01599193
2.450	-2.050	0.000	1.01675236
-2.450	-1.950	0.000	1.01365411
-2.350	-1.950	0.000	1.01365781
-2.250	-1.950	0.000	1.01451683
-2.150	-1.950	0.000	1.01481807
-2.050	-1.950	0.000	1.01555860
-1.950	-1.950	0.000	1.01611781
-1.850	-1.950	0.000	1.01588929
-1.750	-1.950	0.000	1.01627660
-1.650	-1.950	0.000	1.01631892
-1.550	-1.950	0.000	1.01641595
-1.450	-1.950	0.000	1.01724863
-1.350	-1.950	0.000	1.01736963
-1.250	-1.950	0.000	1.01841724
-1.150	-1.950	0.000	1.01943636
-1.050	-1.950	0.000	1.02055871
-0.950	-1.950	0.000	1.02129388
-0.850	-1.950	0.000	1.02156246
-0.750	-1.950	0.000	1.02171087
-0.650	-1.950	0.000	1.02139699
-0.550	-1.950	0.000	1.02064216
-0.450	-1.950	0.000	1.01952612
-0.350	-1.950	0.000	1.01839805
-0.250	-1.950	0.000	1.01737571
-0.150	-1.950	0.000	1.01674783
-0.050	-1.950	0.000	1.01616955
0.050	-1.950	0.000	1.01586699
0.150	-1.950	0.000	1.01573253
0.250	-1.950	0.000	1.01559472
0.350	-1.950	0.000	1.01544476
0.450	-1.950	0.000	1.01536059
0.550	-1.950	0.000	1.01540732
0.650	-1.950	0.000	1.01569641
0.750	-1.950	0.000	1.01624560
0.850	-1.950	0.000	1.01696014
0.950	-1.950	0.000	1.01800394
1.050	-1.950	0.000	1.01916993
1.150	-1.950	0.000	1.02047467
1.250	-1.950	0.000	1.02141070
1.350	-1.950	0.000	1.02207220
1.450	-1.950	0.000	1.02217615
1.550	-1.950	0.000	1.02191961
1.650	-1.950	0.000	1.02157867
1.750	-1.950	0.000	1.02080214
1.850	-1.950	0.000	1.02021611
1.950	-1.950	0.000	1.01896882
2.050	-1.950	0.000	1.01781750
2.150	-1.950	0.000	1.01634443
2.250	-1.950	0.000	1.01594377
2.350	-1.950	0.000	1.01548398
2.450	-1.950	0.000	1.01627171
-2.450	-1.850	0.000	1.01357687
-2.350	-1.850	0.000	1.01347268
-2.250	-1.850	0.000	1.01433992
-2.150	-1.850	0.000	1.01460361
-2.050	-1.850	0.000	1.01541281
-1.950	-1.850	0.000	1.01602423
-1.850	-1.850	0.000	1.01582444
-1.750	-1.850	0.000	1.01626253
-1.650	-1.850	0.000	1.01641178
-1.550	-1.850	0.000	1.01652646
-1.450	-1.850	0.000	1.01735950
-1.350	-1.850	0.000	1.01746297
-1.250	-1.850	0.000	1.01845884
-1.150	-1.850	0.000	1.01947629
-1.050	-1.850	0.000	1.02063870
-0.950	-1.850	0.000	1.02145445
-0.850	-1.850	0.000	1.02177882
-0.750	-1.850	0.000	1.02197134
-0.650	-1.850	0.000	1.02166283
-0.550	-1.850	0.000	1.02090871
-0.450	-1.850	0.000	1.01979327
-0.350	-1.850	0.000	1.01865721
-0.250	-1.850	0.000	1.01760912
-0.150	-1.850	0.000	1.01693356
-0.050	-1.850	0.000	1.01638961
0.050	-1.850	0.000	1.01604295
0.150	-1.850	0.000	1.01586223
0.250	-1.850	0.000	1.01567423
0.350	-1.850	0.000	1.01545632
0.450	-1.850	0.000	1.01530671
0.550	-1.850	0.000	1.01536286
0.650	-1.850	0.000	1.01565897
0.750	-1.850	0.000	1.01623023
0.850	-1.850	0.000	1.01692188
0.950	-1.850	0.000	1.01792741
1.050	-1.850	0.000	1.01893818
1.150	-1.850	0.000	1.01997828
1.250	-1.850	0.000	1.02075589
1.350	-1.850	0.000	1.02106142
1.450	-1.850	0.000	1.02116179
1.550	-1.850	0.000	1.02090216
1.650	-1.850	0.000	1.02065158
1.750	-1.850	0.000	1.02006280
1.850	-1.850	0.000	1.01970625
1.950	-1.850	0.000	1.01869941
2.050	-1.850	0.000	1.01767492
2.150	-1.850	0.000	1.01632333
2.250	-1.850	0.000	1.01589918
2.350	-1.850	0.000	1.01533997
2.450	-1.850	0.000	1.01604915
-2.450	-1.750	0.000	1.01330888
-2.350	-1.750	0.000	1.01317573
-2.250	-1.750	0.000	1.01406384
-2.150	-1.750	0.000	1.01434636
-2.050	-1.750	0.000	1.01516104
-1.950	-1.750	0.000	1.01583123
-1.850	-1.750	0.000	1.01562834
-1.750	-1.750	0.000	1.01609325
-1.650	-1.750	0.000	1.01626945
-1.550	-1.750	0.000	1.01637316
-1.450	-1.750	0.000	1.01717997
-1.350	-1.750	0.000	1.01727617
-1.250	-1.750	0.000	1.01822555
-1.150	-1.750	0.000	1.01923823
-1.050	-1.750	0.000	1.02042413
-0.950	-1.750	0.000	1.02130961
-0.850	-1.750	0.000	1.02173305
-0.750	-1.750	0.000	1.02197373
-0.650	-1.750	0.000	1.02169383
-0.550	-1.750	0.000	1.02096188
-0.450	-1.750	0.000	1.01986992
-0.350	-1.750	0.000	1.01876259
-0.250	-1.750	0.000	1.01775575
-0.150	-1.750	0.000	1.01704597
-0.050	-1.750	0.000	1.01656604
0.050	-1.750	0.000	1.01620948
0.150	-1.750	0.000	1.01600575
0.250	-1.750	0.000	1.01578307
0.350	-1.750	0.000	1.01550305
0.450	-1.750	0.000	1.01529717
0.550	-1.750	0.000	1.01524591
0.650	-1.750	0.000	1.01549041
0.750	-1.750	0.000	1.01598108
0.850	-1.750	0.000	1.01657116
0.950	-1.750	0.000	1.01743412
1.050	-1.750	0.000	1.01830065
1.150	-1.750	0.000	1.01915634
1.250	-1.750	0.000	1.01986516
1.350	-1.750	0.000	1.02006125
1.450	-1.750	0.000	1.02015960
1.550	-1.750	0.000	1.01991212
1.650	-1.750	0.000	1.01971686
1.750	-1.750	0.000	1.01928353
1.850	-1.750	0.000	1.01906371
1.950	-1.750	0.000	1.01823235
2.050	-1.750	0.000	1.01732063
2.150	-1.750	0.000	1.01604486
2.250	-1.750	0.000	1.01563203
2.350	-1.750	0.000	1.01497030
2.450	-1.750	0.000	1.01564229
-2.450	-1.650	0.000	1.01316154
-2.350	-1.650	0.000	1.01306534
-2.250	-1.650	0.000	1.01397443
-2.150	-1.650	0.000	1.01427960
-2.050	-1.650	0.000	1.01501071
-1.950	-1.650	0.000	1.01568139
-1.850	-1.650	0.000	1.01544642
-1.750	-1.650	0.000	1.01587212
-1.650	-1.650	0.000	1.01607490
-1.550	-1.650	0.000	1.01614797
-1.450	-1.650	0.000	1.01692092
-1.350	-1.650	0.000	1.01699650
-1.250	-1.650	0.000	1.01786947
-1.150	-1.650	0.000	1.01886046
-1.050	-1.650	0.000	1.02005661
-0.950	-1.650	0.000	1.02100503
-0.850	-1.650	0.000	1.02151239
-0.750	-1.650	0.000	1.02174532
-0.650	-1.650	0.000	1.02153087
-0.550	-1.650	0.000	1.02084839
-0.450	-1.650	0.000	1.01982617
-0.350	-1.650	0.000	1.01878607
-0.250	-1.650	0.000	1.01785862
-0.150	-1.650	0.000	1.01717520
-0.050	-1.650	0.000	1.01674855
0.050	-1.650	0.000	1.01642036
0.150	-1.650	0.000	1.01618814
0.250	-1.650	0.000	1.01593482
0.350	-1.650	0.000	1.01556909
0.450	-1.650	0.000	1.01523578
0.550	-1.650	0.000	1.01500463
0.650	-1.650	0.000	1.01514506
0.750	-1.650	0.000	1.01547849
0.850	-1.650	0.000	1.01597965
0.950	-1.650	0.000	1.01674199
1.050	-1.650	0.000	1.01753950
1.150	-1.650	0.000	1.01829612
1.250	-1.650	0.000	1.01899409
1.350	-1.650	0.000	1.01914454
1.450	-1.650	0.000	1.01924551
1.550	-1.650	0.000	1.01908457
1.650	-1.650	0.000	1.01894319
1.750	-1.650	0.000	1.01866078
1.850	-1.650	0.000	1.01855886
1.950	-1.650	0.000	1.01786733
2.050	-1.650	0.000	1.01706898
2.150	-1.650	0.000	1.01588535
2.250	-1.650	0.000	1.01549387
2.350	-1.650	0.000	1.01482809
2.450	-1.650	0.000	1.01538253
-2.450	-1.550	0.000	1.01310349
-2.350	-1.550	0.000	1.01310718
-2.250	-1.550	0.000	1.01399839
-2.150	-1.550	0.000	1.01436853
-2.050	-1.550	0.000	1.01501215
-1.950	-1.550	0.000	1.01561570
-1.850	-1.550	0.000	1.01529443
-1.750	-1.550	0.000	1.01559711
-1.650	-1.550	0.000	1.01579165
-1.550	-1.550	0.000	1.01583624
-1.450	-1.550	0.000	1.01654470
-1.350	-1.550	0.000	1.01658809
-1.250	-1.550	0.000	1.01737118
-1.150	-1.550	0.000	1.01829457
-1.050	-1.550	0.000	1.01946867
-0.950	-1.550	0.000	1.02045298
-0.850	-1.550	0.000	1.02105761
-0.750	-1.550	0.000	1.02128375
-0.650	-1.550	0.000	1.02112424
-0.550	-1.550	0.000	1.02049339
-0.450	-1.550	0.000	1.01953518
-0.350	-1.550	0.000	1.01857126
-0.250	-1.550	0.000	1.01772666
-0.150	-1.550	0.000	1.01708591
-0.050	-1.550	0.000	1.01669455
0.050	-1.550	0.000	1.01641154
0.150	-1.550	0.000	1.01620650
0.250	-1.550	0.000	1.01595759
0.350	-1.550	0.000	1.01558387
0.450	-1.550	0.000	1.01510251
0.550	-1.550	0.000	1.01475549
0.650	-1.550	0.000	1.01473129
0.750	-1.550	0.000	1.01490569
0.850	-1.550	0.000	1.01531100
0.950	-1.550	0.000	1.01599431
1.050	-1.550	0.000	1.01680458
1.150	-1.550	0.000	1.01754177
1.250	-1.550	0.000	1.01829851
1.350	-1.550	0.000	1.01841354
1.450	-1.550	0.000	1.01843750
1.550	-1.550	0.000	1.01829302
1.650	-1.550	0.000	1.01816654
1.750	-1.550	0.000	1.01802826
1.850	-1.550	0.000	1.01806140
1.950	-1.550	0.000	1.01748025
2.050	-1.550	0.000	1.01669741
2.150	-1.550	0.000	1.01554096
2.250	-1.550	0.000	1.01519239
2.350	-1.550	0.000	1.01455498
2.450	-1.550	0.000	1.01513064
-2.450	-1.450	0.000	1.01314294
-2.350	-1.450	0.000	1.01322925
-2.250	-1.450	0.000	1.01407409
-2.150	-1.450	0.000	1.01453197
-2.050	-1.450	0.000	1.01513171
-1.950	-1.450	0.000	1.01571476
-1.850	-1.450	0.000	1.01528132
-1.750	-1.450	0.000	1.01543808
-1.650	-1.450	0.000	1.01558399
-1.550	-1.450	0.000	1.01561701
-1.450	-1.450	0.000	1.01627719
-1.350	-1.450	0.000	1.01631141
-1.250	-1.450	0.000	1.01698661
-1.150	-1.450	0.000	1.01780713
-1.050	-1.450	0.000	1.01891577
-0.950	-1.450	0.000	1.01989830
-0.850	-1.450	0.000	1.02053833
-0.750	-1.450	0.000	1.02077329
-0.650	-1.450	0.000	1.02061951
-0.550	-1.450	0.000	1.02004254
-0.450	-1.450	0.000	1.01919460
-0.350	-1.450	0.000	1.01832736
-0.250	-1.450	0.000	1.01754260
-0.150	-1.450	0.000	1.01693499
-0.050	-1.450	0.000	1.01654720
0.050	-1.450	0.000	1.01627183
0.150	-1.450	0.000	1.01609039
0.250	-1.450	0.000	1.01586449
0.350	-1.450	0.000	1.01547933
0.450	-1.450	0.000	1.01495838
0.550	-1.450	0.000	1.01453698
0.650	-1.450	0.000	1.01434946
0.750	-1.450	0.000	1.01437235
0.850	-1.450	0.000	1.01467443
0.950	-1.450	0.000	1.01529288
1.050	-1.450	0.000	1.01612723
1.150	-1.450	0.000	1.01687694
1.250	-1.450	0.000	1.01769626
1.350	-1.450	0.000	1.01787531
1.450	-1.450	0.000	1.01787734
1.550	-1.450	0.000	1.01776576
1.650	-1.450	0.000	1.01763427
1.750	-1.450	0.000	1.01756382
1.850	-1.450	0.000	1.01769280
1.950	-1.450	0.000	1.01725423
2.050	-1.450	0.000	1.01652229
2.150	-1.450	0.000	1.01533914
2.250	-1.450	0.000	1.01494074
2.350	-1.450	0.000	1.01426089
2.450	-1.450	0.000	1.01480281
-2.450	-1.350	0.000	1.01312315
-2.350	-1.350	0.000	1.01323831
-2.250	-1.350	0.000	1.01403296
-2.150	-1.350	0.000	1.01459050
-2.050	-1.350	0.000	1.01520550
-1.950	-1.350	0.000	1.01582897
-1.850	-1.350	0.000	1.01534295
-1.750	-1.350	0.000	1.01533902
-1.650	-1.350	0.000	1.01545191
-1.550	-1.350	0.000	1.01547718
-1.450	-1.350	0.000	1.01610255
-1.350	-1.350	0.000	1.01614988
-1.250	-1.350	0.000	1.01671612
-1.150	-1.350	0.000	1.01742601
-1.050	-1.350	0.000	1.01844168
-0.950	-1.350	0.000	1.01938105
-0.850	-1.350	0.000	1.01999938
-0.750	-1.350	0.000	1.02024984
-0.650	-1.350	0.000	1.02004135
-0.550	-1.350	0.000	1.01952136
-0.450	-1.350	0.000	1.01878667
-0.350	-1.350	0.000	1.01803410
-0.250	-1.350	0.000	1.01732707
-0.150	-1.350	0.000	1.01674771
-0.050	-1.350	0.000	1.01633978
0.050	-1.350	0.000	1.01604152
0.150	-1.350	0.000	1.01583302
0.250	-1.350	0.000	1.01557207
0.350	-1.350	0.000	1.01516712
0.450	-1.350	0.000	1.01469183
0.550	-1.350	0.000	1.01424098
0.650	-1.350	0.000	1.01401377
0.750	-1.350	0.000	1.01394343
0.850	-1.350	0.000	1.01417410
0.950	-1.350	0.000	1.01473594
1.050	-1.350	0.000	1.01555288
1.150	-1.350	0.000	1.01628709
1.250	-1.350	0.000	1.01707244
1.350	-1.350	0.000	1.01732194
1.450	-1.350	0.000	1.01728785
1.550	-1.350	0.000	1.01723087
1.650	-1.350	0.000	1.01710486
1.750	-1.350	0.000	1.01704419
1.850	-1.350	0.000	1.01720262
1.950	-1.350	0.000	1.01685214
2.050	-1.350	0.000	1.01626790
2.150	-1.350	0.000	1.01518810
2.250	-1.350	0.000	1.01483226
2.350	-1.350	0.000	1.01417482
2.450	-1.350	0.000	1.01467466
-2.450	-1.250	0.000	1.01304626
-2.350	-1.250	0.000	1.01313484
-2.250	-1.250	0.000	1.01385951
-2.150	-1.250	0.000	1.01448655
-2.050	-1.250	0.000	1.01513994
-1.950	-1.250	0.000	1.01585424
-1.850	-1.250	0.000	1.01541746
-1.750	-1.250	0.000	1.01526392
-1.650	-1.250	0.000	1.01537383
-1.550	-1.250	0.000	1.01541626
-1.450	-1.250	0.000	1.01605237
-1.350	-1.250	0.000	1.01615870
-1.250	-1.250	0.000	1.01662135
-1.150	-1.250	0.000	1.01721370
-1.050	-1.250	0.000	1.01810944
-0.950	-1.250	0.000	1.01893497
-0.850	-1.250	0.000	1.01952052
-0.750	-1.250	0.000	1.01973438
-0.650	-1.250	0.000	1.01948452
-0.550	-1.250	0.000	1.01901901
-0.450	-1.250	0.000	1.01841104
-0.350	-1.250	0.000	1.01777911
-0.250	-1.250	0.000	1.01715553
-0.150	-1.250	0.000	1.01660573
-0.050	-1.250	0.000	1.01615953
0.050	-1.250	0.000	1.01581597
0.150	-1.250	0.000	1.01553822
0.250	-1.250	0.000	1.01521099
0.350	-1.250	0.000	1.01476073
0.450	-1.250	0.000	1.01430333
0.550	-1.250	0.000	1.01387978
0.650	-1.250	0.000	1.01368451
0.750	-1.250	0.000	1.01360178
0.850	-1.250	0.000	1.01380670
0.950	-1.250	0.000	1.01432800
1.050	-1.250	0.000	1.01509821
1.150	-1.250	0.000	1.01581979
1.250	-1.250	0.000	1.01651347
1.350	-1.250	0.000	1.01684451
1.450	-1.250	0.000	1.01681280
1.550	-1.250	0.000	1.01680791
1.650	-1.250	0.000	1.01669359
1.750	-1.250	0.000	1.01662457
1.850	-1.250	0.000	1.01678455
1.950	-1.250	0.000	1.01649511
2.050	-1.250	0.000	1.01606333
2.150	-1.250	0.000	1.01508498
2.250	-1.250	0.000	1.01475513
2.350	-1.250	0.000	1.01414871
2.450	-1.250	0.000	1.01462126
-2.450	-1.150	0.000	1.01288521
-2.350	-1.150	0.000	1.01290834
-2.250	-1.150	0.000	1.01351953
-2.150	-1.150	0.000	1.01415503
-2.050	-1.150	0.000	1.01484382
-1.950	-1.150	0.000	1.01568687
-1.850	-1.150	0.000	1.01537490
-1.750	-1.150	0.000	1.01514077
-1.650	-1.150	0.000	1.01523089
-1.550	-1.150	0.000	1.01530337
-1.450	-1.150	0.000	1.01597404
-1.350	-1.150	0.000	1.01620090
-1.250	-1.150	0.000	1.01662374
-1.150	-1.150	0.000	1.01711583
-1.050	-1.150	0.000	1.01789427
-0.950	-1.150	0.000	1.01852810
-0.850	-1.150	0.000	1.01907134
-0.750	-1.150	0.000	1.01919985
-0.650	-1.150	0.000	1.01892412
-0.550	-1.150	0.000	1.01851749
-0.450	-1.150	0.000	1.01803541
-0.350	-1.150	0.000	1.01754057
-0.250	-1.150	0.000	1.01704597
-0.150	-1.150	0.000	1.01653075
-0.050	-1.150	0.000	1.01606405
0.050	-1.150	0.000	1.01565206
0.150	-1.150	0.000	1.01528192
0.250	-1.150	0.000	1.01485074
0.350	-1.150	0.000	1.01432264
0.450	-1.150	0.000	1.01385057
0.550	-1.150	0.000	1.01343286
0.650	-1.150	0.000	1.01329958
0.750	-1.150	0.000	1.01323485
0.850	-1.150	0.000	1.01345170
0.950	-1.150	0.000	1.01394892
1.050	-1.150	0.000	1.01468909
1.150	-1.150	0.000	1.01537967
1.250	-1.150	0.000	1.01595414
1.350	-1.150	0.000	1.01629150
1.450	-1.150	0.000	1.01625490
1.550	-1.150	0.000	1.01626194
1.650	-1.150	0.000	1.01621783
1.750	-1.150	0.000	1.01614141
1.850	-1.150	0.000	1.01634204
1.950	-1.150	0.000	1.01614439
2.050	-1.150	0.000	1.01588225
2.150	-1.150	0.000	1.01506305
2.250	-1.150	0.000	1.01479495
2.350	-1.150	0.000	1.01422584
2.450	-1.150	0.000	1.01468146
-2.450	-1.050	0.000	1.01267958
-2.350	-1.050	0.000	1.01262927
-2.250	-1.050	0.000	1.01306403
-2.150	-1.050	0.000	1.01365161
-2.050	-1.050	0.000	1.01437175
-1.950	-1.050	0.000	1.01537323
-1.850	-1.050	0.000	1.01523423
-1.750	-1.050	0.000	1.01500034
-1.650	-1.050	0.000	1.01504779
-1.550	-1.050	0.000	1.01513541
-1.450	-1.050	0.000	1.01581275
-1.350	-1.050	0.000	1.01615667
-1.250	-1.050	0.000	1.01659453
-1.150	-1.050	0.000	1.01702511
-1.050	-1.050	0.000	1.01769853
-0.950	-1.050	0.000	1.01817071
-0.850	-1.050	0.000	1.01860332
-0.750	-1.050	0.000	1.01864874
-0.650	-1.050	0.000	1.01837957
-0.550	-1.050	0.000	1.01803386
-0.450	-1.050	0.000	1.01769781
-0.350	-1.050	0.000	1.01739287
-0.250	-1.050	0.000	1.01703882
-0.150	-1.050	0.000	1.01657844
-0.050	-1.050	0.000	1.01609600
0.050	-1.050	0.000	1.01561165
0.150	-1.050	0.000	1.01513207
0.250	-1.050	0.000	1.01457560
0.350	-1.050	0.000	1.01394296
0.450	-1.050	0.000	1.01342666
0.550	-1.050	0.000	1.01301694
0.650	-1.050	0.000	1.01291990
0.750	-1.050	0.000	1.01290023
0.850	-1.050	0.000	1.01314378
0.950	-1.050	0.000	1.01365829
1.050	-1.050	0.000	1.01439202
1.150	-1.050	0.000	1.01509118
1.250	-1.050	0.000	1.01559985
1.350	-1.050	0.000	1.01591218
1.450	-1.050	0.000	1.01586509
1.550	-1.050	0.000	1.01585186
1.650	-1.050	0.000	1.01586020
1.750	-1.050	0.000	1.01577425
1.850	-1.050	0.000	1.01595092
1.950	-1.050	0.000	1.01582825
2.050	-1.050	0.000	1.01568437
2.150	-1.050	0.000	1.01503837
2.250	-1.050	0.000	1.01489878
2.350	-1.050	0.000	1.01439703
2.450	-1.050	0.000	1.01484823
-2.450	-0.950	0.000	1.01245034
-2.350	-0.950	0.000	1.01234484
-2.250	-0.950	0.000	1.01256013
-2.150	-0.950	0.000	1.01302564
-2.050	-0.950	0.000	1.01375401
-1.950	-0.950	0.000	1.01490319
-1.850	-0.950	0.000	1.01499653
-1.750	-0.950	0.000	1.01485372
-1.650	-0.950	0.000	1.01486671
-1.550	-0.950	0.000	1.01495492
-1.450	-0.950	0.000	1.01560044
-1.350	-0.950	0.000	1.01603150
-1.250	-0.950	0.000	1.01650178
-1.150	-0.950	0.000	1.01687968
-1.050	-0.950	0.000	1.01741171
-0.950	-0.950	0.000	1.01773310
-0.850	-0.950	0.000	1.01800323
-0.750	-0.950	0.000	1.01795805
-0.650	-0.950	0.000	1.01774049
-0.550	-0.950	0.000	1.01751196
-0.450	-0.950	0.000	1.01735997
-0.350	-0.950	0.000	1.01724863
-0.250	-0.950	0.000	1.01707745
-0.150	-0.950	0.000	1.01671350
-0.050	-0.950	0.000	1.01622438
0.050	-0.950	0.000	1.01569426
0.150	-0.950	0.000	1.01512265
0.250	-0.950	0.000	1.01445735
0.350	-0.950	0.000	1.01371825
0.450	-0.950	0.000	1.01310134
0.550	-0.950	0.000	1.01264119
0.650	-0.950	0.000	1.01250613
0.750	-0.950	0.000	1.01249492
0.850	-0.950	0.000	1.01275420
0.950	-0.950	0.000	1.01328743
1.050	-0.950	0.000	1.01401687
1.150	-0.950	0.000	1.01475656
1.250	-0.950	0.000	1.01531398
1.350	-0.950	0.000	1.01562715
1.450	-0.950	0.000	1.01561892
1.550	-0.950	0.000	1.01561964
1.650	-0.950	0.000	1.01563513
1.750	-0.950	0.000	1.01557839
1.850	-0.950	0.000	1.01572239
1.950	-0.950	0.000	1.01560235
2.050	-0.950	0.000	1.01551270
2.150	-0.950	0.000	1.01500320
2.250	-0.950	0.000	1.01496041
2.350	-0.950	0.000	1.01452398
2.450	-0.950	0.000	1.01499331
-2.450	-0.850	0.000	1.01229215
-2.350	-0.850	0.000	1.01218259
-2.250	-0.850	0.000	1.01216340
-2.150	-0.850	0.000	1.01246631
-2.050	-0.850	0.000	1.01316082
-1.950	-0.850	0.000	1.01433814
-1.850	-0.850	0.000	1.01471102
-1.750	-0.850	0.000	1.01473033
-1.650	-0.850	0.000	1.01473260
-1.550	-0.850	0.000	1.01479435
-1.450	-0.850	0.000	1.01534724
-1.350	-0.850	0.000	1.01581001
-1.250	-0.850	0.000	1.01632047
-1.150	-0.850	0.000	1.01668382
-1.050	-0.850	0.000	1.01711011
-0.950	-0.850	0.000	1.01729214
-0.850	-0.850	0.000	1.01751471
-0.750	-0.850	0.000	1.01740718
-0.650	-0.850	0.000	1.01721787
-0.550	-0.850	0.000	1.01712775
-0.450	-0.850	0.000	1.01717281
-0.350	-0.850	0.000	1.01725328
-0.250	-0.850	0.000	1.01721728
-0.150	-0.850	0.000	1.01693034
-0.050	-0.850	0.000	1.01644981
0.050	-0.850	0.000	1.01589811
0.150	-0.850	0.000	1.01529002
0.250	-0.850	0.000	1.01456928
0.350	-0.850	0.000	1.01377535
0.450	-0.850	0.000	1.01309037
0.550	-0.850	0.000	1.01255465
0.650	-0.850	0.000	1.01230574
0.750	-0.850	0.000	1.01220047
0.850	-0.850	0.000	1.01239848
0.950	-0.850	0.000	1.01292074
1.050	-0.850	0.000	1.01364243
1.150	-0.850	0.000	1.01438344
1.250	-0.850	0.000	1.01499736
1.350	-0.850	0.000	1.01535833
1.450	-0.850	0.000	1.01544905
1.550	-0.850	0.000	1.01542675
1.650	-0.850	0.000	1.01547182
1.750	-0.850	0.000	1.01545703
1.850	-0.850	0.000	1.01558042
1.950	-0.850	0.000	1.01548696
2.050	-0.850	0.000	1.01542068
2.150	-0.850	0.000	1.01493227
2.250	-0.850	0.000	1.01491880
2.350	-0.850	0.000	1.01453280
2.450	-0.850	0.000	1.01507032
-2.450	-0.750	0.000	1.01227605
-2.350	-0.750	0.000	1.01223147
-2.250	-0.750	0.000	1.01199925
-2.150	-0.750	0.000	1.01213360
-2.050	-0.750	0.000	1.01274467
-1.950	-0.750	0.000	1.01381850
-1.850	-0.750	0.000	1.01444435
-1.750	-0.750	0.000	1.01467800
-1.650	-0.750	0.000	1.01465142
-1.550	-0.750	0.000	1.01463640
-1.450	-0.750	0.000	1.01502979
-1.350	-0.750	0.000	1.01546597
-1.250	-0.750	0.000	1.01594555
-1.150	-0.750	0.000	1.01630175
-1.050	-0.750	0.000	1.01656210
-0.950	-0.750	0.000	1.01664126
-0.850	-0.750	0.000	1.01679695
-0.750	-0.750	0.000	1.01667011
-0.650	-0.750	0.000	1.01653659
-0.550	-0.750	0.000	1.01659799
-0.450	-0.750	0.000	1.01686680
-0.350	-0.750	0.000	1.01715422
-0.250	-0.750	0.000	1.01720929
-0.150	-0.750	0.000	1.01706743
-0.050	-0.750	0.000	1.01665688
0.050	-0.750	0.000	1.01615417
0.150	-0.750	0.000	1.01557243
0.250	-0.750	0.000	1.01487637
0.350	-0.750	0.000	1.01410842
0.450	-0.750	0.000	1.01337445
0.550	-0.750	0.000	1.01276100
0.650	-0.750	0.000	1.01238739
0.750	-0.750	0.000	1.01215672
0.850	-0.750	0.000	1.01227903
0.950	-0.750	0.000	1.01274598
1.050	-0.750	0.000	1.01340854
1.150	-0.750	0.000	1.01408517
1.250	-0.750	0.000	1.01469266
1.350	-0.750	0.000	1.01507139
1.450	-0.750	0.000	1.01525462
1.550	-0.750	0.000	1.01521623
1.650	-0.750	0.000	1.01530695
1.750	-0.750	0.000	1.01529372
1.850	-0.750	0.000	1.01541853
1.950	-0.750	0.000	1.01539385
2.050	-0.750	0.000	1.01536584
2.150	-0.750	0.000	1.01490164
2.250	-0.750	0.000	1.01487243
2.350	-0.750	0.000	1.01450229
2.450	-0.750	0.000	1.01507819
-2.450	-0.650	0.000	1.01241446
-2.350	-0.650	0.000	1.01247799
-2.250	-0.650	0.000	1.01207948
-2.150	-0.650	0.000	1.01206517
-2.050	-0.650	0.000	1.01253998
-1.950	-0.650	0.000	1.01350462
-1.850	-0.650	0.000	1.01431930
-1.750	-0.650	0.000	1.01474035
-1.650	-0.650	0.000	1.01471913
-1.550	-0.650	0.000	1.01463318
-1.450	-0.650	0.000	1.01485062
-1.350	-0.650	0.000	1.01522946
-1.250	-0.650	0.000	1.01572609
-1.150	-0.650	0.000	1.01608074
-1.050	-0.650	0.000	1.01622283
-0.950	-0.650	0.000	1.01623130
-0.850	-0.650	0.000	1.01632452
-0.750	-0.650	0.000	1.01620185
-0.650	-0.650	0.000	1.01616299
-0.550	-0.650	0.000	1.01629436
-0.450	-0.650	0.000	1.01668632
-0.350	-0.650	0.000	1.01704419
-0.250	-0.650	0.000	1.01717770
-0.150	-0.650	0.000	1.01709688
-0.050	-0.650	0.000	1.01676953
0.050	-0.650	0.000	1.01634085
0.150	-0.650	0.000	1.01584351
0.250	-0.650	0.000	1.01524603
0.350	-0.650	0.000	1.01461148
0.450	-0.650	0.000	1.01398826
0.550	-0.650	0.000	1.01339614
0.650	-0.650	0.000	1.01291358
0.750	-0.650	0.000	1.01251352
0.850	-0.650	0.000	1.01243424
0.950	-0.650	0.000	1.01271939
1.050	-0.650	0.000	1.01324272
1.150	-0.650	0.000	1.01386809
1.250	-0.650	0.000	1.01444435
1.350	-0.650	0.000	1.01483393
1.450	-0.650	0.000	1.01502991
1.550	-0.650	0.000	1.01502752
1.650	-0.650	0.000	1.01511407
1.750	-0.650	0.000	1.01509166
1.850	-0.650	0.000	1.01519752
1.950	-0.650	0.000	1.01515937
2.050	-0.650	0.000	1.01520014
2.150	-0.650	0.000	1.01480258
2.250	-0.650	0.000	1.01479328
2.350	-0.650	0.000	1.01441884
2.450	-0.650	0.000	1.01505971
-2.450	-0.550	0.000	1.01269996
-2.350	-0.550	0.000	1.01293147
-2.250	-0.550	0.000	1.01247764
-2.150	-0.550	0.000	1.01227903
-2.050	-0.550	0.000	1.01250243
-1.950	-0.550	0.000	1.01326382
-1.850	-0.550	0.000	1.01410544
-1.750	-0.550	0.000	1.01462185
-1.650	-0.550	0.000	1.01458395
-1.550	-0.550	0.000	1.01440823
-1.450	-0.550	0.000	1.01456487
-1.350	-0.550	0.000	1.01501238
-1.250	-0.550	0.000	1.01544738
-1.150	-0.550	0.000	1.01583135
-1.050	-0.550	0.000	1.01595712
-0.950	-0.550	0.000	1.01599455
-0.850	-0.550	0.000	1.01613379
-0.750	-0.550	0.000	1.01605296
-0.650	-0.550	0.000	1.01607656
-0.550	-0.550	0.000	1.01628923
-0.450	-0.550	0.000	1.01679862
-0.350	-0.550	0.000	1.01718605
-0.250	-0.550	0.000	1.01731849
-0.150	-0.550	0.000	1.01721144
-0.050	-0.550	0.000	1.01689160
0.050	-0.550	0.000	1.01648605
0.150	-0.550	0.000	1.01607132
0.250	-0.550	0.000	1.01557863
0.350	-0.550	0.000	1.01511073
0.450	-0.550	0.000	1.01460159
0.550	-0.550	0.000	1.01410317
0.650	-0.550	0.000	1.01357961
0.750	-0.550	0.000	1.01314139
0.850	-0.550	0.000	1.01285589
0.950	-0.550	0.000	1.01299322
1.050	-0.550	0.000	1.01333499
1.150	-0.550	0.000	1.01380789
1.250	-0.550	0.000	1.01428211
1.350	-0.550	0.000	1.01460600
1.450	-0.550	0.000	1.01474571
1.550	-0.550	0.000	1.01474953
1.650	-0.550	0.000	1.01479352
1.750	-0.550	0.000	1.01479423
1.850	-0.550	0.000	1.01493359
1.950	-0.550	0.000	1.01484561
2.050	-0.550	0.000	1.01487660
2.150	-0.550	0.000	1.01453364
2.250	-0.550	0.000	1.01458275
2.350	-0.550	0.000	1.01422453
2.450	-0.550	0.000	1.01493514
-2.450	-0.450	0.000	1.01307082
-2.350	-0.450	0.000	1.01353633
-2.250	-0.450	0.000	1.01317728
-2.150	-0.450	0.000	1.01289177
-2.050	-0.450	0.000	1.01292551
-1.950	-0.450	0.000	1.01350081
-1.850	-0.450	0.000	1.01421189
-1.750	-0.450	0.000	1.01471186
-1.650	-0.450	0.000	1.01462650
-1.550	-0.450	0.000	1.01431668
-1.450	-0.450	0.000	1.01439929
-1.350	-0.450	0.000	1.01481748
-1.250	-0.450	0.000	1.01532578
-1.150	-0.450	0.000	1.01582134
-1.050	-0.450	0.000	1.01606631
-0.950	-0.450	0.000	1.01610458
-0.850	-0.450	0.000	1.01618624
-0.750	-0.450	0.000	1.01610637
-0.650	-0.450	0.000	1.01608050
-0.550	-0.450	0.000	1.01628482
-0.450	-0.450	0.000	1.01671016
-0.350	-0.450	0.000	1.01712787
-0.250	-0.450	0.000	1.01729572
-0.150	-0.450	0.000	1.01719415
-0.050	-0.450	0.000	1.01686335
0.050	-0.450	0.000	1.01647365
0.150	-0.450	0.000	1.01608479
0.250	-0.450	0.000	1.01567900
0.350	-0.450	0.000	1.01535726
0.450	-0.450	0.000	1.01500678
0.550	-0.450	0.000	1.01465845
0.650	-0.450	0.000	1.01423013
0.750	-0.450	0.000	1.01383710
0.850	-0.450	0.000	1.01349497
0.950	-0.450	0.000	1.01349616
1.050	-0.450	0.000	1.01367557
1.150	-0.450	0.000	1.01399338
1.250	-0.450	0.000	1.01432896
1.350	-0.450	0.000	1.01453221
1.450	-0.450	0.000	1.01458180
1.550	-0.450	0.000	1.01452696
1.650	-0.450	0.000	1.01449740
1.750	-0.450	0.000	1.01449287
1.850	-0.450	0.000	1.01460409
1.950	-0.450	0.000	1.01451647
2.050	-0.450	0.000	1.01457715
2.150	-0.450	0.000	1.01428127
2.250	-0.450	0.000	1.01439643
2.350	-0.450	0.000	1.01406181
2.450	-0.450	0.000	1.01486456
-2.450	-0.350	0.000	1.01340127
-2.350	-0.350	0.000	1.01406002
-2.250	-0.350	0.000	1.01384532
-2.150	-0.350	0.000	1.01345050
-2.050	-0.350	0.000	1.01329100
-1.950	-0.350	0.000	1.01368940
-1.850	-0.350	0.000	1.01424539
-1.750	-0.350	0.000	1.01468813
-1.650	-0.350	0.000	1.01446521
-1.550	-0.350	0.000	1.01413977
-1.450	-0.350	0.000	1.01435995
-1.350	-0.350	0.000	1.01487970
-1.250	-0.350	0.000	1.01562738
-1.150	-0.350	0.000	1.01621580
-1.050	-0.350	0.000	1.01657808
-0.950	-0.350	0.000	1.01656270
-0.850	-0.350	0.000	1.01657164
-0.750	-0.350	0.000	1.01638746
-0.650	-0.350	0.000	1.01623380
-0.550	-0.350	0.000	1.01630855
-0.450	-0.350	0.000	1.01669276
-0.350	-0.350	0.000	1.01704478
-0.250	-0.350	0.000	1.01717985
-0.150	-0.350	0.000	1.01709723
-0.050	-0.350	0.000	1.01678860
0.050	-0.350	0.000	1.01641119
0.150	-0.350	0.000	1.01605344
0.250	-0.350	0.000	1.01567161
0.350	-0.350	0.000	1.01539040
0.450	-0.350	0.000	1.01515436
0.550	-0.350	0.000	1.01495159
0.650	-0.350	0.000	1.01465094
0.750	-0.350	0.000	1.01433146
0.850	-0.350	0.000	1.01403034
0.950	-0.350	0.000	1.01397538
1.050	-0.350	0.000	1.01408374
1.150	-0.350	0.000	1.01430404
1.250	-0.350	0.000	1.01454020
1.350	-0.350	0.000	1.01463318
1.450	-0.350	0.000	1.01460135
1.550	-0.350	0.000	1.01445031
1.650	-0.350	0.000	1.01430738
1.750	-0.350	0.000	1.01418865
1.850	-0.350	0.000	1.01420927
1.950	-0.350	0.000	1.01410615
2.050	-0.350	0.000	1.01418078
2.150	-0.350	0.000	1.01394176
2.250	-0.350	0.000	1.01412737
2.350	-0.350	0.000	1.01383603
2.450	-0.350	0.000	1.01472831
-2.450	-0.250	0.000	1.01340187
-2.350	-0.250	0.000	1.01425421
-2.250	-0.250	0.000	1.01421833
-2.150	-0.250	0.000	1.01381779
-2.050	-0.250	0.000	1.01352859
-1.950	-0.250	0.000	1.01371431
-1.850	-0.250	0.000	1.01403034
-1.750	-0.250	0.000	1.01424801
-1.650	-0.250	0.000	1.01393008
-1.550	-0.250	0.000	1.01369917
-1.450	-0.250	0.000	1.01410079
-1.350	-0.250	0.000	1.01475835
-1.250	-0.250	0.000	1.01575947
-1.150	-0.250	0.000	1.01647258
-1.050	-0.250	0.000	1.01699567
-0.950	-0.250	0.000	1.01689959
-0.850	-0.250	0.000	1.01688921
-0.750	-0.250	0.000	1.01662421
-0.650	-0.250	0.000	1.01636922
-0.550	-0.250	0.000	1.01631713
-0.450	-0.250	0.000	1.01664150
-0.350	-0.250	0.000	1.01692629
-0.250	-0.250	0.000	1.01698804
-0.150	-0.250	0.000	1.01686573
-0.050	-0.250	0.000	1.01657903
0.050	-0.250	0.000	1.01615608
0.150	-0.250	0.000	1.01568639
0.250	-0.250	0.000	1.01526403
0.350	-0.250	0.000	1.01500893
0.450	-0.250	0.000	1.01486933
0.550	-0.250	0.000	1.01477718
0.650	-0.250	0.000	1.01464319
0.750	-0.250	0.000	1.01446092
0.850	-0.250	0.000	1.01430547
0.950	-0.250	0.000	1.01433098
1.050	-0.250	0.000	1.01446056
1.150	-0.250	0.000	1.01466537
1.250	-0.250	0.000	1.01487613
1.350	-0.250	0.000	1.01491952
1.450	-0.250	0.000	1.01484561
1.550	-0.250	0.000	1.01463234
1.650	-0.250	0.000	1.01442242
1.750	-0.250	0.000	1.01423216
1.850	-0.250	0.000	1.01415360
1.950	-0.250	0.000	1.01399207
2.050	-0.250	0.000	1.01403224
2.150	-0.250	0.000	1.01376903
2.250	-0.250	0.000	1.01397932
2.350	-0.250	0.000	1.01369452
2.450	-0.250	0.000	1.01464725
-2.450	-0.150	0.000	1.01296914
-2.350	-0.150	0.000	1.01396751
-2.250	-0.150	0.000	1.01412237
-2.150	-0.150	0.000	1.01369905
-2.050	-0.150	0.000	1.01336741
-1.950	-0.150	0.000	1.01328254
-1.850	-0.150	0.000	1.01341498
-1.750	-0.150	0.000	1.01336682
-1.650	-0.150	0.000	1.01303792
-1.550	-0.150	0.000	1.01296532
-1.450	-0.150	0.000	1.01359558
-1.350	-0.150	0.000	1.01448619
-1.250	-0.150	0.000	1.01568508
-1.150	-0.150	0.000	1.01653826
-1.050	-0.150	0.000	1.01717246
-0.950	-0.150	0.000	1.01709533
-0.850	-0.150	0.000	1.01708949
-0.750	-0.150	0.000	1.01672482
-0.650	-0.150	0.000	1.01637590
-0.550	-0.150	0.000	1.01623023
-0.450	-0.150	0.000	1.01651764
-0.350	-0.150	0.000	1.01677382
-0.250	-0.150	0.000	1.01689541
-0.150	-0.150	0.000	1.01668882
-0.050	-0.150	0.000	1.01624799
0.050	-0.150	0.000	1.01566172
0.150	-0.150	0.000	1.01509786
0.250	-0.150	0.000	1.01465154
0.350	-0.150	0.000	1.01438534
0.450	-0.150	0.000	1.01428032
0.550	-0.150	0.000	1.01425755
0.650	-0.150	0.000	1.01424122
0.750	-0.150	0.000	1.01417220
0.850	-0.150	0.000	1.01414382
0.950	-0.150	0.000	1.01425374
1.050	-0.150	0.000	1.01448333
1.150	-0.150	0.000	1.01476121
1.250	-0.150	0.000	1.01502621
1.350	-0.150	0.000	1.01512587
1.450	-0.150	0.000	1.01508224
1.550	-0.150	0.000	1.01484632
1.650	-0.150	0.000	1.01458454
1.750	-0.150	0.000	1.01429009
1.850	-0.150	0.000	1.01414514
1.950	-0.150	0.000	1.01398170
2.050	-0.150	0.000	1.01399422
2.150	-0.150	0.000	1.01370609
2.250	-0.150	0.000	1.01391411
2.350	-0.150	0.000	1.01363301
2.450	-0.150	0.000	1.01460004
-2.450	-0.050	0.000	1.01198995
-2.350	-0.050	0.000	1.01310706
-2.250	-0.050	0.000	1.01353502
-2.150	-0.050	0.000	1.01318502
-2.050	-0.050	0.000	1.01291251
-1.950	-0.050	0.000	1.01253283
-1.850	-0.050	0.000	1.01250720
-1.750	-0.050	0.000	1.01227474
-1.650	-0.050	0.000	1.01201820
-1.550	-0.050	0.000	1.01215959
-1.450	-0.050	0.000	1.01289725
-1.350	-0.050	0.000	1.01392949
-1.250	-0.050	0.000	1.01527512
-1.150	-0.050	0.000	1.01627338
-1.050	-0.050	0.000	1.01700211
-0.950	-0.050	0.000	1.01706123
-0.850	-0.050	0.000	1.01707149
-0.750	-0.050	0.000	1.01673436
-0.650	-0.050	0.000	1.01641631
-0.550	-0.050	0.000	1.01630044
-0.450	-0.050	0.000	1.01658893
-0.350	-0.050	0.000	1.01687658
-0.250	-0.050	0.000	1.01697052
-0.150	-0.050	0.000	1.01671171
-0.050	-0.050	0.000	1.01614380
0.050	-0.050	0.000	1.01536739
0.150	-0.050	0.000	1.01457548
0.250	-0.050	0.000	1.01397443
0.350	-0.050	0.000	1.01364362
0.450	-0.050	0.000	1.01354492
0.550	-0.050	0.000	1.01352739
0.650	-0.050	0.000	1.01358438
0.750	-0.050	0.000	1.01358020
0.850	-0.050	0.000	1.01363552
0.950	-0.050	0.000	1.01383483
1.050	-0.050	0.000	1.01418257
1.150	-0.050	0.000	1.01459026
1.250	-0.050	0.000	1.01499033
1.350	-0.050	0.000	1.01522076
1.450	-0.050	0.000	1.01527297
1.550	-0.050	0.000	1.01510382
1.650	-0.050	0.000	1.01489019
1.750	-0.050	0.000	1.01460910
1.850	-0.050	0.000	1.01440179
1.950	-0.050	0.000	1.01417696
2.050	-0.050	0.000	1.01413488
2.150	-0.050	0.000	1.01378477
2.250	-0.050	0.000	1.01393282
2.350	-0.050	0.000	1.01359749
2.450	-0.050	0.000	1.01459146
-2.450	0.050	0.000	1.01093900
-2.350	0.050	0.000	1.01208436
-2.250	0.050	0.000	1.01268399
-2.150	0.050	0.000	1.01237512
-2.050	0.050	0.000	1.01218820
-1.950	0.050	0.000	1.01166391
-1.850	0.050	0.000	1.01151931
-1.750	0.050	0.000	1.01129735
-1.650	0.050	0.000	1.01116121
-1.550	0.050	0.000	1.01154149
-1.450	0.050	0.000	1.01234818
-1.350	0.050	0.000	1.01346540
-1.250	0.050	0.000	1.01481247
-1.150	0.050	0.000	1.01583469
-1.050	0.050	0.000	1.01654577
-0.950	0.050	0.000	1.01675713
-0.850	0.050	0.000	1.01668668
-0.750	0.050	0.000	1.01648760
-0.650	0.050	0.000	1.01631522
-0.550	0.050	0.000	1.01629353
-0.450	0.050	0.000	1.01663065
-0.350	0.050	0.000	1.01696062
-0.250	0.050	0.000	1.01709807
-0.150	0.050	0.000	1.01686060
-0.050	0.050	0.000	1.01622880
0.050	0.050	0.000	1.01532674
0.150	0.050	0.000	1.01440835
0.250	0.050	0.000	1.01366484
0.350	0.050	0.000	1.01320589
0.450	0.050	0.000	1.01296508
0.550	0.050	0.000	1.01286137
0.650	0.050	0.000	1.01286483
0.750	0.050	0.000	1.01290274
0.850	0.050	0.000	1.01300633
0.950	0.050	0.000	1.01325476
1.050	0.050	0.000	1.01365411
1.150	0.050	0.000	1.01411974
1.250	0.050	0.000	1.01458442
1.350	0.050	0.000	1.01492023
1.450	0.050	0.000	1.01510322
1.550	0.050	0.000	1.01508296
1.650	0.050	0.000	1.01497483
1.750	0.050	0.000	1.01478052
1.850	0.050	0.000	1.01464176
1.950	0.050	0.000	1.01443052
2.050	0.050	0.000	1.01438093
2.150	0.050	0.000	1.01401949
2.250	0.050	0.000	1.01411998
2.350	0.050	0.000	1.01374888
2.450	0.050	0.000	1.01464927
-2.450	0.150	0.000	1.01034510
-2.350	0.150	0.000	1.01148224
-2.250	0.150	0.000	1.01227903
-2.150	0.150	0.000	1.01199794
-2.050	0.150	0.000	1.01177657
-1.950	0.150	0.000	1.01112974
-1.850	0.150	0.000	1.01091051
-1.750	0.150	0.000	1.01072681
-1.650	0.150	0.000	1.01070702
-1.550	0.150	0.000	1.01126921
-1.450	0.150	0.000	1.01210368
-1.350	0.150	0.000	1.01322818
-1.250	0.150	0.000	1.01448822
-1.150	0.150	0.000	1.01549971
-1.050	0.150	0.000	1.01614344
-0.950	0.150	0.000	1.01649964
-0.850	0.150	0.000	1.01643002
-0.750	0.150	0.000	1.01633215
-0.650	0.150	0.000	1.01630294
-0.550	0.150	0.000	1.01638436
-0.450	0.150	0.000	1.01678598
-0.350	0.150	0.000	1.01723135
-0.250	0.150	0.000	1.01749003
-0.150	0.150	0.000	1.01730824
-0.050	0.150	0.000	1.01668024
0.050	0.150	0.000	1.01564014
0.150	0.150	0.000	1.01455343
0.250	0.150	0.000	1.01362562
0.350	0.150	0.000	1.01300418
0.450	0.150	0.000	1.01269126
0.550	0.150	0.000	1.01250410
0.650	0.150	0.000	1.01244593
0.750	0.150	0.000	1.01238608
0.850	0.150	0.000	1.01243389
0.950	0.150	0.000	1.01269937
1.050	0.150	0.000	1.01313674
1.150	0.150	0.000	1.01363766
1.250	0.150	0.000	1.01415455
1.350	0.150	0.000	1.01456666
1.450	0.150	0.000	1.01486969
1.550	0.150	0.000	1.01492512
1.650	0.150	0.000	1.01492643
1.750	0.150	0.000	1.01486921
1.850	0.150	0.000	1.01482058
1.950	0.150	0.000	1.01471758
2.050	0.150	0.000	1.01475716
2.150	0.150	0.000	1.01442945
2.250	0.150	0.000	1.01448476
2.350	0.150	0.000	1.01412177
2.450	0.150	0.000	1.01488471
-2.450	0.250	0.000	1.00989532
-2.350	0.250	0.000	1.01106584
-2.250	0.250	0.000	1.01202798
-2.150	0.250	0.000	1.01184487
-2.050	0.250	0.000	1.01165521
-1.950	0.250	0.000	1.01096952
-1.850	0.250	0.000	1.01072979
-1.750	0.250	0.000	1.01062226
-1.650	0.250	0.000	1.01066959
-1.550	0.250	0.000	1.01126599
-1.450	0.250	0.000	1.01207936
-1.350	0.250	0.000	1.01312315
-1.250	0.250	0.000	1.01419842
-1.150	0.250	0.000	1.01511860
-1.050	0.250	0.000	1.01569700
-0.950	0.250	0.000	1.01611841
-0.850	0.250	0.000	1.01613855
-0.750	0.250	0.000	1.01613867
-0.650	0.250	0.000	1.01621759
-0.550	0.250	0.000	1.01640594
-0.450	0.250	0.000	1.01682568
-0.350	0.250	0.000	1.01736581
-0.250	0.250	0.000	1.01783693
-0.150	0.250	0.000	1.01784372
-0.050	0.250	0.000	1.01731145
0.050	0.250	0.000	1.01628053
0.150	0.250	0.000	1.01507354
0.250	0.250	0.000	1.01396000
0.350	0.250	0.000	1.01313341
0.450	0.250	0.000	1.01264727
0.550	0.250	0.000	1.01235652
0.650	0.250	0.000	1.01217055
0.750	0.250	0.000	1.01208091
0.850	0.250	0.000	1.01203203
0.950	0.250	0.000	1.01223338
1.050	0.250	0.000	1.01263237
1.150	0.250	0.000	1.01312888
1.250	0.250	0.000	1.01363552
1.350	0.250	0.000	1.01403069
1.450	0.250	0.000	1.01434684
1.550	0.250	0.000	1.01452494
1.650	0.250	0.000	1.01468742
1.750	0.250	0.000	1.01476502
1.850	0.250	0.000	1.01484334
1.950	0.250	0.000	1.01481104
2.050	0.250	0.000	1.01496398
2.150	0.250	0.000	1.01479173
2.250	0.250	0.000	1.01493537
2.350	0.250	0.000	1.01465464
2.450	0.250	0.000	1.01519632
-2.450	0.350	0.000	1.00953567
-2.350	0.350	0.000	1.01059747
-2.250	0.350	0.000	1.01172304
-2.150	0.350	0.000	1.01174319
-2.050	0.350	0.000	1.01160800
-1.950	0.350	0.000	1.01103568
-1.850	0.350	0.000	1.01080120
-1.750	0.350	0.000	1.01084054
-1.650	0.350	0.000	1.01102400
-1.550	0.350	0.000	1.01168311
-1.450	0.350	0.000	1.01245177
-1.350	0.350	0.000	1.01339829
-1.250	0.350	0.000	1.01433206
-1.150	0.350	0.000	1.01514900
-1.050	0.350	0.000	1.01569450
-0.950	0.350	0.000	1.01605785
-0.850	0.350	0.000	1.01618063
-0.750	0.350	0.000	1.01619923
-0.650	0.350	0.000	1.01622105
-0.550	0.350	0.000	1.01644683
-0.450	0.350	0.000	1.01688910
-0.350	0.350	0.000	1.01753473
-0.250	0.350	0.000	1.01808667
-0.150	0.350	0.000	1.01842773
-0.050	0.350	0.000	1.01806748
0.050	0.350	0.000	1.01717079
0.150	0.350	0.000	1.01592314
0.250	0.350	0.000	1.01469553
0.350	0.350	0.000	1.01370108
0.450	0.350	0.000	1.01308775
0.550	0.350	0.000	1.01264489
0.650	0.350	0.000	1.01228774
0.750	0.350	0.000	1.01204371
0.850	0.350	0.000	1.01186395
0.950	0.350	0.000	1.01201808
1.050	0.350	0.000	1.01238644
1.150	0.350	0.000	1.01288235
1.250	0.350	0.000	1.01340854
1.350	0.350	0.000	1.01379478
1.450	0.350	0.000	1.01406896
1.550	0.350	0.000	1.01418948
1.650	0.350	0.000	1.01430178
1.750	0.350	0.000	1.01437426
1.850	0.350	0.000	1.01455867
1.950	0.350	0.000	1.01468515
2.050	0.350	0.000	1.01501632
2.150	0.350	0.000	1.01500750
2.250	0.350	0.000	1.01527894
2.350	0.350	0.000	1.01521111
2.450	0.350	0.000	1.01563537
-2.450	0.450	0.000	1.00934076
-2.350	0.450	0.000	1.01021135
-2.250	0.450	0.000	1.01148486
-2.150	0.450	0.000	1.01169884
-2.050	0.450	0.000	1.01168215
-1.950	0.450	0.000	1.01121449
-1.850	0.450	0.000	1.01096082
-1.750	0.450	0.000	1.01111627
-1.650	0.450	0.000	1.01140964
-1.550	0.450	0.000	1.01213443
-1.450	0.450	0.000	1.01294601
-1.350	0.450	0.000	1.01383352
-1.250	0.450	0.000	1.01466477
-1.150	0.450	0.000	1.01538432
-1.050	0.450	0.000	1.01591003
-0.950	0.450	0.000	1.01631093
-0.850	0.450	0.000	1.01647413
-0.750	0.450	0.000	1.01647925
-0.650	0.450	0.000	1.01648426
-0.550	0.450	0.000	1.01659870
-0.450	0.450	0.000	1.01688409
-0.350	0.450	0.000	1.01750398
-0.250	0.450	0.000	1.01815653
-0.150	0.450	0.000	1.01868367
-0.050	0.450	0.000	1.01864839
0.050	0.450	0.000	1.01798916
0.150	0.450	0.000	1.01684415
0.250	0.450	0.000	1.01564515
0.350	0.450	0.000	1.01458120
0.450	0.450	0.000	1.01387012
0.550	0.450	0.000	1.01337528
0.650	0.450	0.000	1.01288247
0.750	0.450	0.000	1.01249957
0.850	0.450	0.000	1.01214886
0.950	0.450	0.000	1.01199555
1.050	0.450	0.000	1.01219070
1.150	0.450	0.000	1.01257980
1.250	0.450	0.000	1.01309204
1.350	0.450	0.000	1.01355672
1.450	0.450	0.000	1.01390135
1.550	0.450	0.000	1.01404691
1.650	0.450	0.000	1.01410937
1.750	0.450	0.000	1.01414371
1.850	0.450	0.000	1.01432323
1.950	0.450	0.000	1.01446033
2.050	0.450	0.000	1.01486015
2.150	0.450	0.000	1.01500702
2.250	0.450	0.000	1.01544428
2.350	0.450	0.000	1.01550734
2.450	0.450	0.000	1.01590621
-2.450	0.550	0.000	1.00925565
-2.350	0.550	0.000	1.00978804
-2.250	0.550	0.000	1.01126719
-2.150	0.550	0.000	1.01160777
-2.050	0.550	0.000	1.01175582
-1.950	0.550	0.000	1.01138854
-1.850	0.550	0.000	1.01111877
-1.750	0.550	0.000	1.01129723
-1.650	0.550	0.000	1.01161766
-1.550	0.550	0.000	1.01234174
-1.450	0.550	0.000	1.01322103
-1.350	0.550	0.000	1.01414287
-1.250	0.550	0.000	1.01502407
-1.150	0.550	0.000	1.01575673
-1.050	0.550	0.000	1.01635969
-0.950	0.550	0.000	1.01675820
-0.850	0.550	0.000	1.01696801
-0.750	0.550	0.000	1.01688921
-0.650	0.550	0.000	1.01677394
-0.550	0.550	0.000	1.01672304
-0.450	0.550	0.000	1.01691377
-0.350	0.550	0.000	1.01738739
-0.250	0.550	0.000	1.01807857
-0.150	0.550	0.000	1.01858664
-0.050	0.550	0.000	1.01894009
0.050	0.550	0.000	1.01849091
0.150	0.550	0.000	1.01757956
0.250	0.550	0.000	1.01651931
0.350	0.550	0.000	1.01550400
0.450	0.550	0.000	1.01473534
0.550	0.550	0.000	1.01416588
0.650	0.550	0.000	1.01365495
0.750	0.550	0.000	1.01316309
0.850	0.550	0.000	1.01284313
0.950	0.550	0.000	1.01258504
1.050	0.550	0.000	1.01266146
1.150	0.550	0.000	1.01294279
1.250	0.550	0.000	1.01329517
1.350	0.550	0.000	1.01354969
1.450	0.550	0.000	1.01374948
1.550	0.550	0.000	1.01381361
1.650	0.550	0.000	1.01387930
1.750	0.550	0.000	1.01393867
1.850	0.550	0.000	1.01416707
1.950	0.550	0.000	1.01433146
2.050	0.550	0.000	1.01474869
2.150	0.550	0.000	1.01493037
2.250	0.550	0.000	1.01539147
2.350	0.550	0.000	1.01551580
2.450	0.550	0.000	1.01600492
-2.450	0.650	0.000	1.00935614
-2.350	0.650	0.000	1.00944757
-2.250	0.650	0.000	1.01086497
-2.150	0.650	0.000	1.01126623
-2.050	0.650	0.000	1.01165068
-1.950	0.650	0.000	1.01145959
-1.850	0.650	0.000	1.01120007
-1.750	0.650	0.000	1.01133060
-1.650	0.650	0.000	1.01162732
-1.550	0.650	0.000	1.01226997
-1.450	0.650	0.000	1.01314425
-1.350	0.650	0.000	1.01410830
-1.250	0.650	0.000	1.01508915
-1.150	0.650	0.000	1.01597059
-1.050	0.650	0.000	1.01671004
-0.950	0.650	0.000	1.01723480
-0.850	0.650	0.000	1.01751077
-0.750	0.650	0.000	1.01749337
-0.650	0.650	0.000	1.01728761
-0.550	0.650	0.000	1.01711059
-0.450	0.650	0.000	1.01713705
-0.350	0.650	0.000	1.01745856
-0.250	0.650	0.000	1.01806426
-0.150	0.650	0.000	1.01858199
-0.050	0.650	0.000	1.01900005
0.050	0.650	0.000	1.01876831
0.150	0.650	0.000	1.01803780
0.250	0.650	0.000	1.01707458
0.350	0.650	0.000	1.01614988
0.450	0.650	0.000	1.01541901
0.550	0.650	0.000	1.01486063
0.650	0.650	0.000	1.01435065
0.750	0.650	0.000	1.01378453
0.850	0.650	0.000	1.01340199
0.950	0.650	0.000	1.01307118
1.050	0.650	0.000	1.01300883
1.150	0.650	0.000	1.01320481
1.250	0.650	0.000	1.01354110
1.350	0.650	0.000	1.01389253
1.450	0.650	0.000	1.01416862
1.550	0.650	0.000	1.01424944
1.650	0.650	0.000	1.01424932
1.750	0.650	0.000	1.01419723
1.850	0.650	0.000	1.01429272
1.950	0.650	0.000	1.01445079
2.050	0.650	0.000	1.01489186
2.150	0.650	0.000	1.01506448
2.250	0.650	0.000	1.01547205
2.350	0.650	0.000	1.01543736
2.450	0.650	0.000	1.01599169
-2.450	0.750	0.000	1.00961316
-2.350	0.750	0.000	1.00927591
-2.250	0.750	0.000	1.01061773
-2.150	0.750	0.000	1.01101160
-2.050	0.750	0.000	1.01153314
-1.950	0.750	0.000	1.01158679
-1.850	0.750	0.000	1.01144314
-1.750	0.750	0.000	1.01151633
-1.650	0.750	0.000	1.01174831
-1.550	0.750	0.000	1.01226389
-1.450	0.750	0.000	1.01301229
-1.350	0.750	0.000	1.01394236
-1.250	0.750	0.000	1.01496792
-1.150	0.750	0.000	1.01596737
-1.050	0.750	0.000	1.01684308
-0.950	0.750	0.000	1.01751316
-0.850	0.750	0.000	1.01793706
-0.750	0.750	0.000	1.01812041
-0.650	0.750	0.000	1.01799655
-0.550	0.750	0.000	1.01772869
-0.450	0.750	0.000	1.01761580
-0.350	0.750	0.000	1.01779032
-0.250	0.750	0.000	1.01821375
-0.150	0.750	0.000	1.01879442
-0.050	0.750	0.000	1.01909602
0.050	0.750	0.000	1.01917338
0.150	0.750	0.000	1.01857269
0.250	0.750	0.000	1.01768064
0.350	0.750	0.000	1.01676655
0.450	0.750	0.000	1.01601601
0.550	0.750	0.000	1.01546013
0.650	0.750	0.000	1.01499951
0.750	0.750	0.000	1.01446450
0.850	0.750	0.000	1.01401317
0.950	0.750	0.000	1.01362860
1.050	0.750	0.000	1.01349270
1.150	0.750	0.000	1.01361930
1.250	0.750	0.000	1.01384783
1.350	0.750	0.000	1.01407981
1.450	0.750	0.000	1.01432252
1.550	0.750	0.000	1.01447237
1.650	0.750	0.000	1.01458919
1.750	0.750	0.000	1.01466143
1.850	0.750	0.000	1.01480734
1.950	0.750	0.000	1.01482129
2.050	0.750	0.000	1.01506233
2.150	0.750	0.000	1.01515186
2.250	0.750	0.000	1.01548195
2.350	0.750	0.000	1.01531971
2.450	0.750	0.000	1.01592112
-2.450	0.850	0.000	1.01058507
-2.350	0.850	0.000	1.00971127
-2.250	0.850	0.000	1.01068354
-2.150	0.850	0.000	1.01112604
-2.050	0.850	0.000	1.01166201
-1.950	0.850	0.000	1.01196861
-1.850	0.850	0.000	1.01197565
-1.750	0.850	0.000	1.01202893
-1.650	0.850	0.000	1.01215386
-1.550	0.850	0.000	1.01255286
-1.450	0.850	0.000	1.01312041
-1.350	0.850	0.000	1.01390517
-1.250	0.850	0.000	1.01487577
-1.150	0.850	0.000	1.01587892
-1.050	0.850	0.000	1.01676464
-0.950	0.850	0.000	1.01750052
-0.850	0.850	0.000	1.01800060
-0.750	0.850	0.000	1.01832235
-0.650	0.850	0.000	1.01848352
-0.550	0.850	0.000	1.01834762
-0.450	0.850	0.000	1.01819432
-0.350	0.850	0.000	1.01825833
-0.250	0.850	0.000	1.01849699
-0.150	0.850	0.000	1.01895285
-0.050	0.850	0.000	1.01921391
0.050	0.850	0.000	1.01945174
0.150	0.850	0.000	1.01901829
0.250	0.850	0.000	1.01822805
0.350	0.850	0.000	1.01733971
0.450	0.850	0.000	1.01658630
0.550	0.850	0.000	1.01603091
0.650	0.850	0.000	1.01552582
0.750	0.850	0.000	1.01499879
0.850	0.850	0.000	1.01452672
0.950	0.850	0.000	1.01411450
1.050	0.850	0.000	1.01397204
1.150	0.850	0.000	1.01409411
1.250	0.850	0.000	1.01431465
1.350	0.850	0.000	1.01455748
1.450	0.850	0.000	1.01478624
1.550	0.850	0.000	1.01491368
1.650	0.850	0.000	1.01505589
1.750	0.850	0.000	1.01516902
1.850	0.850	0.000	1.01539278
1.950	0.850	0.000	1.01553106
2.050	0.850	0.000	1.01582992
2.150	0.850	0.000	1.01574326
2.250	0.850	0.000	1.01584947
2.350	0.850	0.000	1.01552820
2.450	0.850	0.000	1.01604557
-2.450	0.950	0.000	1.01135957
-2.350	0.950	0.000	1.01010275
-2.250	0.950	0.000	1.01057744
-2.150	0.950	0.000	1.01094103
-2.050	0.950	0.000	1.01152396
-1.950	0.950	0.000	1.01209044
-1.850	0.950	0.000	1.01235712
-1.750	0.950	0.000	1.01253378
-1.650	0.950	0.000	1.01265979
-1.550	0.950	0.000	1.01298094
-1.450	0.950	0.000	1.01344538
-1.350	0.950	0.000	1.01415074
-1.250	0.950	0.000	1.01508582
-1.150	0.950	0.000	1.01604974
-1.050	0.950	0.000	1.01693344
-0.950	0.950	0.000	1.01761377
-0.850	0.950	0.000	1.01813757
-0.750	0.950	0.000	1.01846969
-0.650	0.950	0.000	1.01881528
-0.550	0.950	0.000	1.01891792
-0.450	0.950	0.000	1.01881647
-0.350	0.950	0.000	1.01885355
-0.250	0.950	0.000	1.01897943
-0.150	0.950	0.000	1.01931500
-0.050	0.950	0.000	1.01953399
0.050	0.950	0.000	1.01980436
0.150	0.950	0.000	1.01957524
0.250	0.950	0.000	1.01889122
0.350	0.950	0.000	1.01805174
0.450	0.950	0.000	1.01729918
0.550	0.950	0.000	1.01675320
0.650	0.950	0.000	1.01620781
0.750	0.950	0.000	1.01569033
0.850	0.950	0.000	1.01518166
0.950	0.950	0.000	1.01471448
1.050	0.950	0.000	1.01451707
1.150	0.950	0.000	1.01461971
1.250	0.950	0.000	1.01479888
1.350	0.950	0.000	1.01498163
1.450	0.950	0.000	1.01513755
1.550	0.950	0.000	1.01527321
1.650	0.950	0.000	1.01542425
1.750	0.950	0.000	1.01562405
1.850	0.950	0.000	1.01594865
1.950	0.950	0.000	1.01611757
2.050	0.950	0.000	1.01634693
2.150	0.950	0.000	1.01621699
2.250	0.950	0.000	1.01631427
2.350	0.950	0.000	1.01593053
2.450	0.950	0.000	1.01631582
-2.450	1.050	0.000	1.01247835
-2.350	1.050	0.000	1.01077425
-2.250	1.050	0.000	1.01062751
-2.150	1.050	0.000	1.01066518
-2.050	1.050	0.000	1.01114106
-1.950	1.050	0.000	1.01185727
-1.850	1.050	0.000	1.01238143
-1.750	1.050	0.000	1.01274931
-1.650	1.050	0.000	1.01286948
-1.550	1.050	0.000	1.01317585
-1.450	1.050	0.000	1.01360333
-1.350	1.050	0.000	1.01427650
-1.250	1.050	0.000	1.01522636
-1.150	1.050	0.000	1.01622784
-1.050	1.050	0.000	1.01708412
-0.950	1.050	0.000	1.01771426
-0.850	1.050	0.000	1.01821661
-0.750	1.050	0.000	1.01857603
-0.650	1.050	0.000	1.01893866
-0.550	1.050	0.000	1.01921523
-0.450	1.050	0.000	1.01924896
-0.350	1.050	0.000	1.01927745
-0.250	1.050	0.000	1.01940548
-0.150	1.050	0.000	1.01970720
-0.050	1.050	0.000	1.01993787
0.050	1.050	0.000	1.02012575
0.150	1.050	0.000	1.02007723
0.250	1.050	0.000	1.01949811
0.350	1.050	0.000	1.01873994
0.450	1.050	0.000	1.01801658
0.550	1.050	0.000	1.01750576
0.650	1.050	0.000	1.01695299
0.750	1.050	0.000	1.01644707
0.850	1.050	0.000	1.01595831
0.950	1.050	0.000	1.01548588
1.050	1.050	0.000	1.01523626
1.150	1.050	0.000	1.01528406
1.250	1.050	0.000	1.01539683
1.350	1.050	0.000	1.01550949
1.450	1.050	0.000	1.01561081
1.550	1.050	0.000	1.01571774
1.650	1.050	0.000	1.01589811
1.750	1.050	0.000	1.01614678
1.850	1.050	0.000	1.01653767
1.950	1.050	0.000	1.01680017
2.050	1.050	0.000	1.01711071
2.150	1.050	0.000	1.01699543
2.250	1.050	0.000	1.01701236
2.350	1.050	0.000	1.01659751
2.450	1.050	0.000	1.01674879
-2.450	1.150	0.000	1.01373649
-2.350	1.150	0.000	1.01169026
-2.250	1.150	0.000	1.01093745
-2.150	1.150	0.000	1.01057065
-2.050	1.150	0.000	1.01085532
-1.950	1.150	0.000	1.01153362
-1.850	1.150	0.000	1.01226044
-1.750	1.150	0.000	1.01291978
-1.650	1.150	0.000	1.01312745
-1.550	1.150	0.000	1.01326632
-1.450	1.150	0.000	1.01362205
-1.350	1.150	0.000	1.01420581
-1.250	1.150	0.000	1.01512289
-1.150	1.150	0.000	1.01618052
-1.050	1.150	0.000	1.01719511
-0.950	1.150	0.000	1.01798129
-0.850	1.150	0.000	1.01847017
-0.750	1.150	0.000	1.01877058
-0.650	1.150	0.000	1.01906991
-0.550	1.150	0.000	1.01931727
-0.450	1.150	0.000	1.01948297
-0.350	1.150	0.000	1.01964366
-0.250	1.150	0.000	1.01987696
-0.150	1.150	0.000	1.02020860
-0.050	1.150	0.000	1.02046549
0.050	1.150	0.000	1.02059865
0.150	1.150	0.000	1.02066100
0.250	1.150	0.000	1.02019441
0.350	1.150	0.000	1.01953375
0.450	1.150	0.000	1.01884544
0.550	1.150	0.000	1.01830292
0.650	1.150	0.000	1.01769149
0.750	1.150	0.000	1.01716495
0.850	1.150	0.000	1.01671374
0.950	1.150	0.000	1.01625788
1.050	1.150	0.000	1.01601124
1.150	1.150	0.000	1.01604056
1.250	1.150	0.000	1.01612341
1.350	1.150	0.000	1.01619291
1.450	1.150	0.000	1.01618838
1.550	1.150	0.000	1.01617837
1.650	1.150	0.000	1.01626003
1.750	1.150	0.000	1.01646793
1.850	1.150	0.000	1.01692855
1.950	1.150	0.000	1.01724541
2.050	1.150	0.000	1.01768959
2.150	1.150	0.000	1.01782715
2.250	1.150	0.000	1.01808679
2.350	1.150	0.000	1.01795554
2.450	1.150	0.000	1.01797318
-2.450	1.250	0.000	1.01514697
-2.350	1.250	0.000	1.01286221
-2.250	1.250	0.000	1.01149380
-2.150	1.250	0.000	1.01062977
-2.050	1.250	0.000	1.01061451
-1.950	1.250	0.000	1.01113534
-1.850	1.250	0.000	1.01196063
-1.750	1.250	0.000	1.01284599
-1.650	1.250	0.000	1.01331484
-1.550	1.250	0.000	1.01350415
-1.450	1.250	0.000	1.01370895
-1.350	1.250	0.000	1.01409376
-1.250	1.250	0.000	1.01487505
-1.150	1.250	0.000	1.01599026
-1.050	1.250	0.000	1.01717508
-0.950	1.250	0.000	1.01818991
-0.850	1.250	0.000	1.01885927
-0.750	1.250	0.000	1.01919866
-0.650	1.250	0.000	1.01937652
-0.550	1.250	0.000	1.01952589
-0.450	1.250	0.000	1.01965034
-0.350	1.250	0.000	1.01984465
-0.250	1.250	0.000	1.02016270
-0.150	1.250	0.000	1.02051556
-0.050	1.250	0.000	1.02075982
0.050	1.250	0.000	1.02083361
0.150	1.250	0.000	1.02097845
0.250	1.250	0.000	1.02074242
0.350	1.250	0.000	1.02024209
0.450	1.250	0.000	1.01963997
0.550	1.250	0.000	1.01911616
0.650	1.250	0.000	1.01848030
0.750	1.250	0.000	1.01792371
0.850	1.250	0.000	1.01744747
0.950	1.250	0.000	1.01700354
1.050	1.250	0.000	1.01678443
1.150	1.250	0.000	1.01681268
1.250	1.250	0.000	1.01691246
1.350	1.250	0.000	1.01702118
1.450	1.250	0.000	1.01708817
1.550	1.250	0.000	1.01709914
1.650	1.250	0.000	1.01716483
1.750	1.250	0.000	1.01728451
1.850	1.250	0.000	1.01761317
1.950	1.250	0.000	1.01776016
2.050	1.250	0.000	1.01805508
2.150	1.250	0.000	1.01809573
2.250	1.250	0.000	1.01824951
2.350	1.250	0.000	1.01813304
2.450	1.250	0.000	1.01820230
-2.450	1.350	0.000	1.01658010
-2.350	1.350	0.000	1.01418483
-2.250	1.350	0.000	1.01230073
-2.150	1.350	0.000	1.01093483
-2.050	1.350	0.000	1.01049292
-1.950	1.350	0.000	1.01079261
-1.850	1.350	0.000	1.01164198
-1.750	1.350	0.000	1.01270771
-1.650	1.350	0.000	1.01344705
-1.550	1.350	0.000	1.01375711
-1.450	1.350	0.000	1.01392531
-1.350	1.350	0.000	1.01417303
-1.250	1.350	0.000	1.01471591
-1.150	1.350	0.000	1.01565063
-1.050	1.350	0.000	1.01681709
-0.950	1.350	0.000	1.01801980
-0.850	1.350	0.000	1.01898110
-0.750	1.350	0.000	1.01953030
-0.650	1.350	0.000	1.01984048
-0.550	1.350	0.000	1.02002168
-0.450	1.350	0.000	1.02015328
-0.350	1.350	0.000	1.02025080
-0.250	1.350	0.000	1.02041554
-0.150	1.350	0.000	1.02071774
-0.050	1.350	0.000	1.02095604
0.050	1.350	0.000	1.02111053
0.150	1.350	0.000	1.02132308
0.250	1.350	0.000	1.02117300
0.350	1.350	0.000	1.02073765
0.450	1.350	0.000	1.02018261
0.550	1.350	0.000	1.01968336
0.650	1.350	0.000	1.01905334
0.750	1.350	0.000	1.01853406
0.850	1.350	0.000	1.01807857
0.950	1.350	0.000	1.01768005
1.050	1.350	0.000	1.01749825
1.150	1.350	0.000	1.01753521
1.250	1.350	0.000	1.01765859
1.350	1.350	0.000	1.01782870
1.450	1.350	0.000	1.01797056
1.550	1.350	0.000	1.01806450
1.650	1.350	0.000	1.01819062
1.750	1.350	0.000	1.01834929
1.850	1.350	0.000	1.01871872
1.950	1.350	0.000	1.01893473
2.050	1.350	0.000	1.01924217
2.150	1.350	0.000	1.01935995
2.250	1.350	0.000	1.01955605
2.350	1.350	0.000	1.01953351
2.450	1.350	0.000	1.01958621
-2.450	1.450	0.000	1.01792479
-2.350	1.450	0.000	1.01561356
-2.250	1.450	0.000	1.01333344
-2.150	1.450	0.000	1.01142550
-2.050	1.450	0.000	1.01040351
-1.950	1.450	0.000	1.01035547
-1.850	1.450	0.000	1.01107824
-1.750	1.450	0.000	1.01224351
-1.650	1.450	0.000	1.01333678
-1.550	1.450	0.000	1.01395392
-1.450	1.450	0.000	1.01425135
-1.350	1.450	0.000	1.01450145
-1.250	1.450	0.000	1.01485896
-1.150	1.450	0.000	1.01545906
-1.050	1.450	0.000	1.01634645
-0.950	1.450	0.000	1.01742244
-0.850	1.450	0.000	1.01846945
-0.750	1.450	0.000	1.01926851
-0.650	1.450	0.000	1.01978815
-0.550	1.450	0.000	1.02013135
-0.450	1.450	0.000	1.02038157
-0.350	1.450	0.000	1.02056372
-0.250	1.450	0.000	1.02070343
-0.150	1.450	0.000	1.02085423
-0.050	1.450	0.000	1.02094615
0.050	1.450	0.000	1.02100658
0.150	1.450	0.000	1.02118611
0.250	1.450	0.000	1.02129602
0.350	1.450	0.000	1.02100730
0.450	1.450	0.000	1.02061057
0.550	1.450	0.000	1.02020907
0.650	1.450	0.000	1.01960111
0.750	1.450	0.000	1.01907754
0.850	1.450	0.000	1.01860106
0.950	1.450	0.000	1.01820195
1.050	1.450	0.000	1.01806080
1.150	1.450	0.000	1.01812613
1.250	1.450	0.000	1.01825964
1.350	1.450	0.000	1.01844907
1.450	1.450	0.000	1.01865184
1.550	1.450	0.000	1.01880741
1.650	1.450	0.000	1.01899636
1.750	1.450	0.000	1.01916564
1.850	1.450	0.000	1.01939726
1.950	1.450	0.000	1.01948547
2.050	1.450	0.000	1.01956654
2.150	1.450	0.000	1.01942003
2.250	1.450	0.000	1.01953876
2.350	1.450	0.000	1.01953590
2.450	1.450	0.000	1.01973760
-2.450	1.550	0.000	1.01922107
-2.350	1.550	0.000	1.01715684
-2.250	1.550	0.000	1.01472962
-2.150	1.550	0.000	1.01243508
-2.050	1.550	0.000	1.01067722
-1.950	1.550	0.000	1.01006389
-1.850	1.550	0.000	1.01041877
-1.750	1.550	0.000	1.01154125
-1.650	1.550	0.000	1.01287353
-1.550	1.550	0.000	1.01395798
-1.450	1.550	0.000	1.01454282
-1.350	1.550	0.000	1.01492774
-1.250	1.550	0.000	1.01523972
-1.150	1.550	0.000	1.01564300
-1.050	1.550	0.000	1.01628387
-0.950	1.550	0.000	1.01706827
-0.850	1.550	0.000	1.01792204
-0.750	1.550	0.000	1.01876521
-0.650	1.550	0.000	1.01950669
-0.550	1.550	0.000	1.02009821
-0.450	1.550	0.000	1.02053404
-0.350	1.550	0.000	1.02083838
-0.250	1.550	0.000	1.02103400
-0.150	1.550	0.000	1.02114820
-0.050	1.550	0.000	1.02109230
0.050	1.550	0.000	1.02100050
0.150	1.550	0.000	1.02109921
0.250	1.550	0.000	1.02125120
0.350	1.550	0.000	1.02110445
0.450	1.550	0.000	1.02079237
0.550	1.550	0.000	1.02045250
0.650	1.550	0.000	1.01986253
0.750	1.550	0.000	1.01932001
0.850	1.550	0.000	1.01891077
0.950	1.550	0.000	1.01864219
1.050	1.550	0.000	1.01870859
1.150	1.550	0.000	1.01890564
1.250	1.550	0.000	1.01909614
1.350	1.550	0.000	1.01926947
1.450	1.550	0.000	1.01942635
1.550	1.550	0.000	1.01964223
1.650	1.550	0.000	1.01994717
1.750	1.550	0.000	1.02022731
1.850	1.550	0.000	1.02057219
1.950	1.550	0.000	1.02080202
2.050	1.550	0.000	1.02093732
2.150	1.550	0.000	1.02090895
2.250	1.550	0.000	1.02102900
2.350	1.550	0.000	1.02093375
2.450	1.550	0.000	1.02118981
-2.450	1.650	0.000	1.02075291
-2.350	1.650	0.000	1.01903391
-2.250	1.650	0.000	1.01664698
-2.150	1.650	0.000	1.01412463
-2.050	1.650	0.000	1.01177704
-1.950	1.650	0.000	1.01040876
-1.850	1.650	0.000	1.01000261
-1.750	1.650	0.000	1.01074636
-1.650	1.650	0.000	1.01201582
-1.550	1.650	0.000	1.01348531
-1.450	1.650	0.000	1.01454091
-1.350	1.650	0.000	1.01517165
-1.250	1.650	0.000	1.01562774
-1.150	1.650	0.000	1.01602471
-1.050	1.650	0.000	1.01653266
-0.950	1.650	0.000	1.01716030
-0.850	1.650	0.000	1.01781964
-0.750	1.650	0.000	1.01844847
-0.650	1.650	0.000	1.01909304
-0.550	1.650	0.000	1.01973832
-0.450	1.650	0.000	1.02035356
-0.350	1.650	0.000	1.02089870
-0.250	1.650	0.000	1.02126491
-0.150	1.650	0.000	1.02146018
-0.050	1.650	0.000	1.02138054
0.050	1.650	0.000	1.02118647
0.150	1.650	0.000	1.02117050
0.250	1.650	0.000	1.02127981
0.350	1.650	0.000	1.02118289
0.450	1.650	0.000	1.02093601
0.550	1.650	0.000	1.02061224
0.650	1.650	0.000	1.02002347
0.750	1.650	0.000	1.01947522
0.850	1.650	0.000	1.01905918
0.950	1.650	0.000	1.01877856
1.050	1.650	0.000	1.01888311
1.150	1.650	0.000	1.01915979
1.250	1.650	0.000	1.01948130
1.350	1.650	0.000	1.01973569
1.450	1.650	0.000	1.01993418
1.550	1.650	0.000	1.02007103
1.650	1.650	0.000	1.02022326
1.750	1.650	0.000	1.02039218
1.850	1.650	0.000	1.02064300
1.950	1.650	0.000	1.02086437
2.050	1.650	0.000	1.02108514
2.150	1.650	0.000	1.02120328
2.250	1.650	0.000	1.02157271
2.350	1.650	0.000	1.02160132
2.450	1.650	0.000	1.02198660
-2.450	1.750	0.000	1.02270126
-2.350	1.750	0.000	1.02140272
-2.250	1.750	0.000	1.01930714
-2.150	1.750	0.000	1.01684415
-2.050	1.750	0.000	1.01415288
-1.950	1.750	0.000	1.01195168
-1.850	1.750	0.000	1.01058578
-1.750	1.750	0.000	1.01049185
-1.650	1.750	0.000	1.01124072
-1.550	1.750	0.000	1.01256812
-1.450	1.750	0.000	1.01401758
-1.350	1.750	0.000	1.01511729
-1.250	1.750	0.000	1.01592517
-1.150	1.750	0.000	1.01651120
-1.050	1.750	0.000	1.01700711
-0.950	1.750	0.000	1.01756561
-0.850	1.750	0.000	1.01814544
-0.750	1.750	0.000	1.01869369
-0.650	1.750	0.000	1.01926911
-0.550	1.750	0.000	1.01980019
-0.450	1.750	0.000	1.02039027
-0.350	1.750	0.000	1.02103579
-0.250	1.750	0.000	1.02152812
-0.150	1.750	0.000	1.02183115
-0.050	1.750	0.000	1.02180183
0.050	1.750	0.000	1.02153146
0.150	1.750	0.000	1.02142584
0.250	1.750	0.000	1.02140307
0.350	1.750	0.000	1.02121818
0.450	1.750	0.000	1.02096009
0.550	1.750	0.000	1.02067006
0.650	1.750	0.000	1.02017009
0.750	1.750	0.000	1.01971555
0.850	1.750	0.000	1.01937962
0.950	1.750	0.000	1.01913118
1.050	1.750	0.000	1.01924574
1.150	1.750	0.000	1.01955783
1.250	1.750	0.000	1.01995635
1.350	1.750	0.000	1.02031505
1.450	1.750	0.000	1.02056003
1.550	1.750	0.000	1.02070606
1.650	1.750	0.000	1.02090859
1.750	1.750	0.000	1.02115285
1.850	1.750	0.000	1.02140737
1.950	1.750	0.000	1.02156115
2.050	1.750	0.000	1.02167118
2.150	1.750	0.000	1.02176440
2.250	1.750	0.000	1.02221239
2.350	1.750	0.000	1.02231014
2.450	1.750	0.000	1.02296209
-2.450	1.850	0.000	1.02469897
-2.350	1.850	0.000	1.02387655
-2.250	1.850	0.000	1.02223456
-2.150	1.850	0.000	1.02018225
-2.050	1.850	0.000	1.01756644
-1.950	1.850	0.000	1.01488149
-1.850	1.850	0.000	1.01245236
-1.750	1.850	0.000	1.01111066
-1.650	1.850	0.000	1.01091504
-1.550	1.850	0.000	1.01161158
-1.450	1.850	0.000	1.01294327
-1.350	1.850	0.000	1.01432383
-1.250	1.850	0.000	1.01553142
-1.150	1.850	0.000	1.01651073
-1.050	1.850	0.000	1.01729453
-0.950	1.850	0.000	1.01794314
-0.850	1.850	0.000	1.01851404
-0.750	1.850	0.000	1.01898777
-0.650	1.850	0.000	1.01945555
-0.550	1.850	0.000	1.01998770
-0.450	1.850	0.000	1.02059400
-0.350	1.850	0.000	1.02123380
-0.250	1.850	0.000	1.02177548
-0.150	1.850	0.000	1.02218330
-0.050	1.850	0.000	1.02231467
0.050	1.850	0.000	1.02211607
0.150	1.850	0.000	1.02199125
0.250	1.850	0.000	1.02178097
0.350	1.850	0.000	1.02142859
0.450	1.850	0.000	1.02111208
0.550	1.850	0.000	1.02083778
0.650	1.850	0.000	1.02040923
0.750	1.850	0.000	1.02002490
0.850	1.850	0.000	1.01971269
0.950	1.850	0.000	1.01944315
1.050	1.850	0.000	1.01951587
1.150	1.850	0.000	1.01977670
1.250	1.850	0.000	1.02009380
1.350	1.850	0.000	1.02038574
1.450	1.850	0.000	1.02056003
1.550	1.850	0.000	1.02069056
1.650	1.850	0.000	1.02078927
1.750	1.850	0.000	1.02097714
1.850	1.850	0.000	1.02126229
1.950	1.850	0.000	1.02159679
2.050	1.850	0.000	1.02185094
2.150	1.850	0.000	1.02206063
2.250	1.850	0.000	1.02259159
2.350	1.850	0.000	1.02277422
2.450	1.850	0.000	1.02357566
-2.450	1.950	0.000	1.02658272
-2.350	1.950	0.000	1.02608120
-2.250	1.950	0.000	1.02482915
-2.150	1.950	0.000	1.02337682
-2.050	1.950	0.000	1.02124667
-1.950	1.950	0.000	1.01863015
-1.850	1.950	0.000	1.01565850
-1.750	1.950	0.000	1.01314235
-1.650	1.950	0.000	1.01168180
-1.550	1.950	0.000	1.01133811
-1.450	1.950	0.000	1.01203120
-1.350	1.950	0.000	1.01339781
-1.250	1.950	0.000	1.01479328
-1.150	1.950	0.000	1.01604140
-1.050	1.950	0.000	1.01707923
-0.950	1.950	0.000	1.01799536
-0.850	1.950	0.000	1.01884794
-0.750	1.950	0.000	1.01948237
-0.650	1.950	0.000	1.01999021
-0.550	1.950	0.000	1.02049458
-0.450	1.950	0.000	1.02102888
-0.350	1.950	0.000	1.02160716
-0.250	1.950	0.000	1.02211595
-0.150	1.950	0.000	1.02251363
-0.050	1.950	0.000	1.02268159
0.050	1.950	0.000	1.02253544
0.150	1.950	0.000	1.02243543
0.250	1.950	0.000	1.02223265
0.350	1.950	0.000	1.02190757
0.450	1.950	0.000	1.02157938
0.550	1.950	0.000	1.02128804
0.650	1.950	0.000	1.02090752
0.750	1.950	0.000	1.02058887
0.850	1.950	0.000	1.02034795
0.950	1.950	0.000	1.02012122
1.050	1.950	0.000	1.02009559
1.150	1.950	0.000	1.02023888
1.250	1.950	0.000	1.02044880
1.350	1.950	0.000	1.02065992
1.450	1.950	0.000	1.02079833
1.550	1.950	0.000	1.02091599
1.650	1.950	0.000	1.02101398
1.750	1.950	0.000	1.02119839
1.850	1.950	0.000	1.02150738
1.950	1.950	0.000	1.02191591
2.050	1.950	0.000	1.02227938
2.150	1.950	0.000	1.02257025
2.250	1.950	0.000	1.02313650
2.350	1.950	0.000	1.02332151
2.450	1.950	0.000	1.02433431
-2.450	2.050	0.000	1.02777994
-2.350	2.050	0.000	1.02757740
-2.250	2.050	0.000	1.02668715
-2.150	2.050	0.000	1.02588582
-2.050	2.050	0.000	1.02438140
-1.950	2.050	0.000	1.02226639
-1.850	2.050	0.000	1.01940715
-1.750	2.050	0.000	1.01635218
-1.650	2.050	0.000	1.01373637
-1.550	2.050	0.000	1.01233649
-1.450	2.050	0.000	1.01197207
-1.350	2.050	0.000	1.01274955
-1.250	2.050	0.000	1.01400685
-1.150	2.050	0.000	1.01545060
-1.050	2.050	0.000	1.01688838
-0.950	2.050	0.000	1.01813531
-0.850	2.050	0.000	1.01918077
-0.750	2.050	0.000	1.02001607
-0.650	2.050	0.000	1.02071500
-0.550	2.050	0.000	1.02134264
-0.450	2.050	0.000	1.02190650
-0.350	2.050	0.000	1.02248156
-0.250	2.050	0.000	1.02295756
-0.150	2.050	0.000	1.02330065
-0.050	2.050	0.000	1.02338886
0.050	2.050	0.000	1.02316952
0.150	2.050	0.000	1.02290499
0.250	2.050	0.000	1.02256417
0.350	2.050	0.000	1.02215147
0.450	2.050	0.000	1.02172661
0.550	2.050	0.000	1.02134967
0.650	2.050	0.000	1.02099466
0.750	2.050	0.000	1.02080917
0.850	2.050	0.000	1.02054381
0.950	2.050	0.000	1.02053893
1.050	2.050	0.000	1.02067959
1.150	2.050	0.000	1.02083242
1.250	2.050	0.000	1.02104127
1.350	2.050	0.000	1.02122867
1.450	2.050	0.000	1.02136648
1.550	2.050	0.000	1.02141917
1.650	2.050	0.000	1.02150738
1.750	2.050	0.000	1.02169633
1.850	2.050	0.000	1.02203584
1.950	2.050	0.000	1.02247655
2.050	2.050	0.000	1.02284276
2.150	2.050	0.000	1.02317417
2.250	2.050	0.000	1.02366400
2.350	2.050	0.000	1.02386904
2.450	2.050	0.000	1.02481747
-2.450	2.150	0.000	1.02853394
-2.350	2.150	0.000	1.02851939
-2.250	2.150	0.000	1.02789688
-2.150	2.150	0.000	1.02757037
-2.050	2.150	0.000	1.02660012
-1.950	2.150	0.000	1.02505863
-1.850	2.150	0.000	1.02278507
-1.750	2.150	0.000	1.01993263
-1.650	2.150	0.000	1.01700246
-1.550	2.150	0.000	1.01471376
-1.450	2.150	0.000	1.01337814
-1.350	2.150	0.000	1.01327574
-1.250	2.150	0.000	1.01392901
-1.150	2.150	0.000	1.01497662
-1.050	2.150	0.000	1.01626408
-0.950	2.150	0.000	1.01764238
-0.850	2.150	0.000	1.01899064
-0.750	2.150	0.000	1.02013278
-0.650	2.150	0.000	1.02099669
-0.550	2.150	0.000	1.02164769
-0.450	2.150	0.000	1.02220654
-0.350	2.150	0.000	1.02277112
-0.250	2.150	0.000	1.02322698
-0.150	2.150	0.000	1.02352381
-0.050	2.150	0.000	1.02368271
0.050	2.150	0.000	1.02360368
0.150	2.150	0.000	1.02332640
0.250	2.150	0.000	1.02291930
0.350	2.150	0.000	1.02237093
0.450	2.150	0.000	1.02175200
0.550	2.150	0.000	1.02119541
0.650	2.150	0.000	1.02069736
0.750	2.150	0.000	1.02052271
0.850	2.150	0.000	1.02039325
0.950	2.150	0.000	1.02034998
1.050	2.150	0.000	1.02047002
1.150	2.150	0.000	1.02065444
1.250	2.150	0.000	1.02090967
1.350	2.150	0.000	1.02116108
1.450	2.150	0.000	1.02140892
1.550	2.150	0.000	1.02155769
1.650	2.150	0.000	1.02173150
1.750	2.150	0.000	1.02198637
1.850	2.150	0.000	1.02233708
1.950	2.150	0.000	1.02271914
2.050	2.150	0.000	1.02302980
2.150	2.150	0.000	1.02337956
2.250	2.150	0.000	1.02403247
2.350	2.150	0.000	1.02436793
2.450	2.150	0.000	1.02540827
-2.450	2.250	0.000	1.02821827
-2.350	2.250	0.000	1.02839482
-2.250	2.250	0.000	1.02811444
-2.150	2.250	0.000	1.02809584
-2.050	2.250	0.000	1.02763903
-1.950	2.250	0.000	1.02665389
-1.850	2.250	0.000	1.02506900
-1.750	2.250	0.000	1.02287376
-1.650	2.250	0.000	1.02035379
-1.550	2.250	0.000	1.01786649
-1.450	2.250	0.000	1.01595640
-1.350	2.250	0.000	1.01489174
-1.250	2.250	0.000	1.01469052
-1.150	2.250	0.000	1.01521862
-1.050	2.250	0.000	1.01622081
-0.950	2.250	0.000	1.01754868
-0.850	2.250	0.000	1.01900065
-0.750	2.250	0.000	1.02039742
-0.650	2.250	0.000	1.02156198
-0.550	2.250	0.000	1.02243197
-0.450	2.250	0.000	1.02304471
-0.350	2.250	0.000	1.02349484
-0.250	2.250	0.000	1.02381301
-0.150	2.250	0.000	1.02395856
-0.050	2.250	0.000	1.02402651
0.050	2.250	0.000	1.02374983
0.150	2.250	0.000	1.02333510
0.250	2.250	0.000	1.02283108
0.350	2.250	0.000	1.02224052
0.450	2.250	0.000	1.02161765
0.550	2.250	0.000	1.02105570
0.650	2.250	0.000	1.02064180
0.750	2.250	0.000	1.02054739
0.850	2.250	0.000	1.02060461
0.950	2.250	0.000	1.02081370
1.050	2.250	0.000	1.02103007
1.150	2.250	0.000	1.02121079
1.250	2.250	0.000	1.02135837
1.350	2.250	0.000	1.02145433
1.450	2.250	0.000	1.02159345
1.550	2.250	0.000	1.02166104
1.650	2.250	0.000	1.02176797
1.750	2.250	0.000	1.02197874
1.850	2.250	0.000	1.02236879
1.950	2.250	0.000	1.02287734
2.050	2.250	0.000	1.02331507
2.150	2.250	0.000	1.02371871
2.250	2.250	0.000	1.02438688
2.350	2.250	0.000	1.02473581
2.450	2.250	0.000	1.02579784
-2.450	2.350	0.000	1.02809477
-2.350	2.350	0.000	1.02838111
-2.250	2.350	0.000	1.02830791
-2.150	2.350	0.000	1.02861750
-2.050	2.350	0.000	1.02854037
-1.950	2.350	0.000	1.02801669
-1.850	2.350	0.000	1.02688348
-1.750	2.350	0.000	1.02516711
-1.650	2.350	0.000	1.02320123
-1.550	2.350	0.000	1.02099991
-1.450	2.350	0.000	1.01911068
-1.350	2.350	0.000	1.01753247
-1.250	2.350	0.000	1.01643455
-1.150	2.350	0.000	1.01586521
-1.050	2.350	0.000	1.01581597
-0.950	2.350	0.000	1.01628482
-0.850	2.350	0.000	1.01725519
-0.750	2.350	0.000	1.01847291
-0.650	2.350	0.000	1.01979518
-0.550	2.350	0.000	1.02102637
-0.450	2.350	0.000	1.02199411
-0.350	2.350	0.000	1.02278411
-0.250	2.350	0.000	1.02336276
-0.150	2.350	0.000	1.02371585
-0.050	2.350	0.000	1.02390969
0.050	2.350	0.000	1.02381802
0.150	2.350	0.000	1.02352619
0.250	2.350	0.000	1.02303565
0.350	2.350	0.000	1.02239633
0.450	2.350	0.000	1.02159226
0.550	2.350	0.000	1.02074659
0.650	2.350	0.000	1.01993883
0.750	2.350	0.000	1.01950073
0.850	2.350	0.000	1.01935995
0.950	2.350	0.000	1.01956773
1.050	2.350	0.000	1.01996136
1.150	2.350	0.000	1.02038240
1.250	2.350	0.000	1.02072465
1.350	2.350	0.000	1.02097249
1.450	2.350	0.000	1.02119875
1.550	2.350	0.000	1.02138746
1.650	2.350	0.000	1.02162790
1.750	2.350	0.000	1.02194095
1.850	2.350	0.000	1.02238870
1.950	2.350	0.000	1.02289164
2.050	2.350	0.000	1.02338839
2.150	2.350	0.000	1.02386260
2.250	2.350	0.000	1.02472675
2.350	2.350	0.000	1.02518797
2.450	2.350	0.000	1.02649093
-2.450	2.450	0.000	1.02690136
-2.350	2.450	0.000	1.02730870
-2.250	2.450	0.000	1.02734733
-2.150	2.450	0.000	1.02782559
-2.050	2.450	0.000	1.02799642
-1.950	2.450	0.000	1.02785110
-1.850	2.450	0.000	1.02712607
-1.750	2.450	0.000	1.02590668
-1.650	2.450	0.000	1.02458203
-1.550	2.450	0.000	1.02305877
-1.450	2.450	0.000	1.02174461
-1.350	2.450	0.000	1.02056062
-1.250	2.450	0.000	1.01937723
-1.150	2.450	0.000	1.01830256
-1.050	2.450	0.000	1.01753128
-0.950	2.450	0.000	1.01720130
-0.850	2.450	0.000	1.01737475
-0.750	2.450	0.000	1.01794600
-0.650	2.450	0.000	1.01875854
-0.550	2.450	0.000	1.01964569
-0.450	2.450	0.000	1.02051127
-0.350	2.450	0.000	1.02129042
-0.250	2.450	0.000	1.02197981
-0.150	2.450	0.000	1.02244234
-0.050	2.450	0.000	1.02284086
0.050	2.450	0.000	1.02303267
0.150	2.450	0.000	1.02304590
0.250	2.450	0.000	1.02298391
0.350	2.450	0.000	1.02275515
0.450	2.450	0.000	1.02229655
0.550	2.450	0.000	1.02160847
0.650	2.450	0.000	1.02090716
0.750	2.450	0.000	1.02017605
0.850	2.450	0.000	1.01968622
0.950	2.450	0.000	1.01927269
1.050	2.450	0.000	1.01909733
1.150	2.450	0.000	1.01918018
1.250	2.450	0.000	1.01941645
1.350	2.450	0.000	1.01975667
1.450	2.450	0.000	1.02015865
1.550	2.450	0.000	1.02051926
1.650	2.450	0.000	1.02084601
1.750	2.450	0.000	1.02116191
1.850	2.450	0.000	1.02153444
1.950	2.450	0.000	1.02196193
2.050	2.450	0.000	1.02251112
2.150	2.450	0.000	1.02301860
2.250	2.450	0.000	1.02403021
2.350	2.450	0.000	1.02452159
2.450	2.450	0.000	1.02595210
