-2.450	-2.450	0.000	1.00623524
-2.350	-2.450	0.000	1.00865602
-2.250	-2.450	0.000	1.00869310
-2.150	-2.450	0.000	1.01049554
-2.050	-2.450	0.000	1.00988603
-1.950	-2.450	0.000	1.00882626
-1.850	-2.450	0.000	1.00560153
-1.750	-2.450	0.000	1.00247288
-1.650	-2.450	0.000	1.00107574
-1.550	-2.450	0.000	1.00246501
-1.450	-2.450	0.000	1.00609517
-1.350	-2.450	0.000	1.01155949
-1.250	-2.450	0.000	1.01818800
-1.150	-2.450	0.000	1.02422249
-1.050	-2.450	0.000	1.02750218
-0.950	-2.450	0.000	1.02709913
-0.850	-2.450	0.000	1.02295697
-0.750	-2.450	0.000	1.01867259
-0.650	-2.450	0.000	1.01325130
-0.550	-2.450	0.000	1.00936317
-0.450	-2.450	0.000	1.00634718
-0.350	-2.450	0.000	1.00493562
-0.250	-2.450	0.000	1.00420415
-0.150	-2.450	0.000	1.00431097
-0.050	-2.450	0.000	1.00417352
0.050	-2.450	0.000	1.00431871
0.150	-2.450	0.000	1.00397754
0.250	-2.450	0.000	1.00375473
0.350	-2.450	0.000	1.00319839
0.450	-2.450	0.000	1.00312626
0.550	-2.450	0.000	1.00296438
0.650	-2.450	0.000	1.00305545
0.750	-2.450	0.000	1.00385153
0.850	-2.450	0.000	1.00459754
0.950	-2.450	0.000	1.00620687
1.050	-2.450	0.000	1.00749433
1.150	-2.450	0.000	1.00860441
1.250	-2.450	0.000	1.00906920
1.350	-2.450	0.000	1.00873804
1.450	-2.450	0.000	1.00793421
1.550	-2.450	0.000	1.00669968
1.650	-2.450	0.000	1.00558472
1.750	-2.450	0.000	1.00435174
1.850	-2.450	0.000	1.00333929
1.950	-2.450	0.000	1.00264490
2.050	-2.450	0.000	1.00231647
2.150	-2.450	0.000	1.00225353
2.250	-2.450	0.000	1.00194275
2.350	-2.450	0.000	1.00186849
2.450	-2.450	0.000	1.00127900
-2.450	-2.350	0.000	1.00783229
-2.350	-2.350	0.000	1.01061344
-2.250	-2.350	0.000	1.01054895
-2.150	-2.350	0.000	1.01260638
-2.050	-2.350	0.000	1.01178420
-1.950	-2.350	0.000	1.01015043
-1.850	-2.350	0.000	1.00640941
-1.750	-2.350	0.000	1.00312150
-1.650	-2.350	0.000	1.00206304
-1.550	-2.350	0.000	1.00376987
-1.450	-2.350	0.000	1.00771439
-1.350	-2.350	0.000	1.01373863
-1.250	-2.350	0.000	1.02104306
-1.150	-2.350	0.000	1.02736866
-1.050	-2.350	0.000	1.03058171
-0.950	-2.350	0.000	1.02894390
-0.850	-2.350	0.000	1.02442050
-0.750	-2.350	0.000	1.01956964
-0.650	-2.350	0.000	1.01370621
-0.550	-2.350	0.000	1.00965381
-0.450	-2.350	0.000	1.00653863
-0.350	-2.350	0.000	1.00521636
-0.250	-2.350	0.000	1.00458956
-0.150	-2.350	0.000	1.00501132
-0.050	-2.350	0.000	1.00509226
0.050	-2.350	0.000	1.00550640
0.150	-2.350	0.000	1.00551867
0.250	-2.350	0.000	1.00544667
0.350	-2.350	0.000	1.00519955
0.450	-2.350	0.000	1.00512767
0.550	-2.350	0.000	1.00521934
0.650	-2.350	0.000	1.00548995
0.750	-2.350	0.000	1.00614905
0.850	-2.350	0.000	1.00692666
0.950	-2.350	0.000	1.00852513
1.050	-2.350	0.000	1.00974822
1.150	-2.350	0.000	1.01097929
1.250	-2.350	0.000	1.01135743
1.350	-2.350	0.000	1.01077318
1.450	-2.350	0.000	1.00981677
1.550	-2.350	0.000	1.00832951
1.650	-2.350	0.000	1.00703359
1.750	-2.350	0.000	1.00570476
1.850	-2.350	0.000	1.00474346
1.950	-2.350	0.000	1.00409162
2.050	-2.350	0.000	1.00381398
2.150	-2.350	0.000	1.00375438
2.250	-2.350	0.000	1.00325370
2.350	-2.350	0.000	1.00308132
2.450	-2.350	0.000	1.00212634
-2.450	-2.250	0.000	1.00778306
-2.350	-2.250	0.000	1.01069701
-2.250	-2.250	0.000	1.01056480
-2.150	-2.250	0.000	1.01264870
-2.050	-2.250	0.000	1.01160634
-1.950	-2.250	0.000	1.00981832
-1.850	-2.250	0.000	1.00606000
-1.750	-2.250	0.000	1.00271785
-1.650	-2.250	0.000	1.00167501
-1.550	-2.250	0.000	1.00344396
-1.450	-2.250	0.000	1.00742507
-1.350	-2.250	0.000	1.01362300
-1.250	-2.250	0.000	1.02134824
-1.150	-2.250	0.000	1.02813601
-1.050	-2.250	0.000	1.03154767
-0.950	-2.250	0.000	1.02923191
-0.850	-2.250	0.000	1.02467704
-0.750	-2.250	0.000	1.01921856
-0.650	-2.250	0.000	1.01312268
-0.550	-2.250	0.000	1.00891078
-0.450	-2.250	0.000	1.00578511
-0.350	-2.250	0.000	1.00452554
-0.250	-2.250	0.000	1.00408304
-0.150	-2.250	0.000	1.00466323
-0.050	-2.250	0.000	1.00505579
0.050	-2.250	0.000	1.00560439
0.150	-2.250	0.000	1.00587714
0.250	-2.250	0.000	1.00591791
0.350	-2.250	0.000	1.00577509
0.450	-2.250	0.000	1.00579214
0.550	-2.250	0.000	1.00599074
0.650	-2.250	0.000	1.00629866
0.750	-2.250	0.000	1.00700164
0.850	-2.250	0.000	1.00789070
0.950	-2.250	0.000	1.00948381
1.050	-2.250	0.000	1.01049066
1.150	-2.250	0.000	1.01155007
1.250	-2.250	0.000	1.01139057
1.350	-2.250	0.000	1.01046050
1.450	-2.250	0.000	1.00913048
1.550	-2.250	0.000	1.00742185
1.650	-2.250	0.000	1.00600374
1.750	-2.250	0.000	1.00467062
1.850	-2.250	0.000	1.00379407
1.950	-2.250	0.000	1.00329626
2.050	-2.250	0.000	1.00319386
2.150	-2.250	0.000	1.00330043
2.250	-2.250	0.000	1.00286913
2.350	-2.250	0.000	1.00278461
2.450	-2.250	0.000	1.00179815
-2.450	-2.150	0.000	1.00903821
-2.350	-2.150	0.000	1.01220632
-2.250	-2.150	0.000	1.01199651
-2.150	-2.150	0.000	1.01434565
-2.050	-2.150	0.000	1.01313174
-1.950	-2.150	0.000	1.01092410
-1.850	-2.150	0.000	1.00672543
-1.750	-2.150	0.000	1.00314510
-1.650	-2.150	0.000	1.00219357
-1.550	-2.150	0.000	1.00405955
-1.450	-2.150	0.000	1.00818145
-1.350	-2.150	0.000	1.01474321
-1.250	-2.150	0.000	1.02297354
-1.150	-2.150	0.000	1.03000283
-1.050	-2.150	0.000	1.03335750
-0.950	-2.150	0.000	1.03035152
-0.850	-2.150	0.000	1.02550042
-0.750	-2.150	0.000	1.01938939
-0.650	-2.150	0.000	1.01309931
-0.550	-2.150	0.000	1.00868666
-0.450	-2.150	0.000	1.00552440
-0.350	-2.150	0.000	1.00430059
-0.250	-2.150	0.000	1.00406420
-0.150	-2.150	0.000	1.00484776
-0.050	-2.150	0.000	1.00560653
0.050	-2.150	0.000	1.00634992
0.150	-2.150	0.000	1.00696504
0.250	-2.150	0.000	1.00725889
0.350	-2.150	0.000	1.00744379
0.450	-2.150	0.000	1.00771666
0.550	-2.150	0.000	1.00814164
0.650	-2.150	0.000	1.00854576
0.750	-2.150	0.000	1.00944269
0.850	-2.150	0.000	1.01040971
0.950	-2.150	0.000	1.01169431
1.050	-2.150	0.000	1.01255476
1.150	-2.150	0.000	1.01313710
1.250	-2.150	0.000	1.01253808
1.350	-2.150	0.000	1.01111495
1.450	-2.150	0.000	1.00928879
1.550	-2.150	0.000	1.00726867
1.650	-2.150	0.000	1.00564396
1.750	-2.150	0.000	1.00423110
1.850	-2.150	0.000	1.00342691
1.950	-2.150	0.000	1.00306749
2.050	-2.150	0.000	1.00316155
2.150	-2.150	0.000	1.00345755
2.250	-2.150	0.000	1.00306618
2.350	-2.150	0.000	1.00304949
2.450	-2.150	0.000	1.00193274
-2.450	-2.050	0.000	1.00938773
-2.350	-2.050	0.000	1.01279223
-2.250	-2.050	0.000	1.01236248
-2.150	-2.050	0.000	1.01475215
-2.050	-2.050	0.000	1.01323676
-1.950	-2.050	0.000	1.01080775
-1.850	-2.050	0.000	1.00651526
-1.750	-2.050	0.000	1.00295842
-1.650	-2.050	0.000	1.00194657
-1.550	-2.050	0.000	1.00368762
-1.450	-2.050	0.000	1.00774300
-1.350	-2.050	0.000	1.01442790
-1.250	-2.050	0.000	1.02286088
-1.150	-2.050	0.000	1.02986598
-1.050	-2.050	0.000	1.03298509
-0.950	-2.050	0.000	1.02959239
-0.850	-2.050	0.000	1.02450120
-0.750	-2.050	0.000	1.01804590
-0.650	-2.050	0.000	1.01175046
-0.550	-2.050	0.000	1.00728476
-0.450	-2.050	0.000	1.00419652
-0.350	-2.050	0.000	1.00301898
-0.250	-2.050	0.000	1.00297534
-0.150	-2.050	0.000	1.00388539
-0.050	-2.050	0.000	1.00500190
0.050	-2.050	0.000	1.00597525
0.150	-2.050	0.000	1.00686514
0.250	-2.050	0.000	1.00750196
0.350	-2.050	0.000	1.00787807
0.450	-2.050	0.000	1.00830865
0.550	-2.050	0.000	1.00902057
0.650	-2.050	0.000	1.00968933
0.750	-2.050	0.000	1.01063037
0.850	-2.050	0.000	1.01170528
0.950	-2.050	0.000	1.01292443
1.050	-2.050	0.000	1.01373124
1.150	-2.050	0.000	1.01377082
1.250	-2.050	0.000	1.01272082
1.350	-2.050	0.000	1.01065361
1.450	-2.050	0.000	1.00824845
1.550	-2.050	0.000	1.00587261
1.650	-2.050	0.000	1.00404477
1.750	-2.050	0.000	1.00261021
1.850	-2.050	0.000	1.00185490
1.950	-2.050	0.000	1.00167012
2.050	-2.050	0.000	1.00198674
2.150	-2.050	0.000	1.00259662
2.250	-2.050	0.000	1.00240970
2.350	-2.050	0.000	1.00259924
2.450	-2.050	0.000	1.00153470
-2.450	-1.950	0.000	1.01011455
-2.350	-1.950	0.000	1.01400590
-2.250	-1.950	0.000	1.01372063
-2.150	-1.950	0.000	1.01626396
-2.050	-1.950	0.000	1.01468444
-1.950	-1.950	0.000	1.01174319
-1.850	-1.950	0.000	1.00709438
-1.750	-1.950	0.000	1.00314188
-1.650	-1.950	0.000	1.00202012
-1.550	-1.950	0.000	1.00382531
-1.450	-1.950	0.000	1.00821745
-1.350	-1.950	0.000	1.01538074
-1.250	-1.950	0.000	1.02423644
-1.150	-1.950	0.000	1.03110850
-1.050	-1.950	0.000	1.03384316
-0.950	-1.950	0.000	1.02998590
-0.850	-1.950	0.000	1.02442312
-0.750	-1.950	0.000	1.01768243
-0.650	-1.950	0.000	1.01124442
-0.550	-1.950	0.000	1.00670695
-0.450	-1.950	0.000	1.00366390
-0.350	-1.950	0.000	1.00253713
-0.250	-1.950	0.000	1.00266659
-0.150	-1.950	0.000	1.00373781
-0.050	-1.950	0.000	1.00516725
0.050	-1.950	0.000	1.00643003
0.150	-1.950	0.000	1.00758648
0.250	-1.950	0.000	1.00852048
0.350	-1.950	0.000	1.00920188
0.450	-1.950	0.000	1.00977492
0.550	-1.950	0.000	1.01058531
0.650	-1.950	0.000	1.01137590
0.750	-1.950	0.000	1.01237309
0.850	-1.950	0.000	1.01345241
0.950	-1.950	0.000	1.01444852
1.050	-1.950	0.000	1.01505470
1.150	-1.950	0.000	1.01461482
1.250	-1.950	0.000	1.01312017
1.350	-1.950	0.000	1.01052332
1.450	-1.950	0.000	1.00763917
1.550	-1.950	0.000	1.00500715
1.650	-1.950	0.000	1.00303841
1.750	-1.950	0.000	1.00162017
1.850	-1.950	0.000	1.00090551
1.950	-1.950	0.000	1.00086856
2.050	-1.950	0.000	1.00131130
2.150	-1.950	0.000	1.00217795
2.250	-1.950	0.000	1.00216401
2.350	-1.950	0.000	1.00251818
2.450	-1.950	0.000	1.00146914
-2.450	-1.850	0.000	1.00988698
-2.350	-1.850	0.000	1.01387203
-2.250	-1.850	0.000	1.01376188
-2.150	-1.850	0.000	1.01640499
-2.050	-1.850	0.000	1.01515532
-1.950	-1.850	0.000	1.01229608
-1.850	-1.850	0.000	1.00744581
-1.750	-1.850	0.000	1.00334251
-1.650	-1.850	0.000	1.00206089
-1.550	-1.850	0.000	1.00371194
-1.450	-1.850	0.000	1.00791681
-1.350	-1.850	0.000	1.01497090
-1.250	-1.850	0.000	1.02350223
-1.150	-1.850	0.000	1.02978098
-1.050	-1.850	0.000	1.03203714
-0.950	-1.850	0.000	1.02807021
-0.850	-1.850	0.000	1.02249718
-0.750	-1.850	0.000	1.01577878
-0.650	-1.850	0.000	1.00953841
-0.550	-1.850	0.000	1.00508821
-0.450	-1.850	0.000	1.00214624
-0.350	-1.850	0.000	1.00105953
-0.250	-1.850	0.000	1.00132215
-0.150	-1.850	0.000	1.00251710
-0.050	-1.850	0.000	1.00422013
0.050	-1.850	0.000	1.00582123
0.150	-1.850	0.000	1.00728977
0.250	-1.850	0.000	1.00860250
0.350	-1.850	0.000	1.00959265
0.450	-1.850	0.000	1.01041281
0.550	-1.850	0.000	1.01140451
0.650	-1.850	0.000	1.01234937
0.750	-1.850	0.000	1.01350105
0.850	-1.850	0.000	1.01465011
0.950	-1.850	0.000	1.01560211
1.050	-1.850	0.000	1.01595283
1.150	-1.850	0.000	1.01516318
1.250	-1.850	0.000	1.01317108
1.350	-1.850	0.000	1.01017034
1.450	-1.850	0.000	1.00692523
1.550	-1.850	0.000	1.00413275
1.650	-1.850	0.000	1.00210798
1.750	-1.850	0.000	1.00078809
1.850	-1.850	0.000	1.00017154
1.950	-1.850	0.000	1.00026608
2.050	-1.850	0.000	1.00079250
2.150	-1.850	0.000	1.00180197
2.250	-1.850	0.000	1.00196648
2.350	-1.850	0.000	1.00244915
2.450	-1.850	0.000	1.00149024
-2.450	-1.750	0.000	1.00954139
-2.350	-1.750	0.000	1.01388979
-2.250	-1.750	0.000	1.01384795
-2.150	-1.750	0.000	1.01685035
-2.050	-1.750	0.000	1.01552188
-1.950	-1.750	0.000	1.01250708
-1.850	-1.750	0.000	1.00766301
-1.750	-1.750	0.000	1.00340295
-1.650	-1.750	0.000	1.00192463
-1.550	-1.750	0.000	1.00350654
-1.450	-1.750	0.000	1.00777221
-1.350	-1.750	0.000	1.01457214
-1.250	-1.750	0.000	1.02267301
-1.150	-1.750	0.000	1.02848506
-1.050	-1.750	0.000	1.03039134
-0.950	-1.750	0.000	1.02658999
-0.850	-1.750	0.000	1.02111769
-0.750	-1.750	0.000	1.01468611
-0.650	-1.750	0.000	1.00866222
-0.550	-1.750	0.000	1.00438797
-0.450	-1.750	0.000	1.00157475
-0.350	-1.750	0.000	1.00053167
-0.250	-1.750	0.000	1.00082028
-0.150	-1.750	0.000	1.00201154
-0.050	-1.750	0.000	1.00377703
0.050	-1.750	0.000	1.00556993
0.150	-1.750	0.000	1.00726664
0.250	-1.750	0.000	1.00885558
0.350	-1.750	0.000	1.01017296
0.450	-1.750	0.000	1.01124716
0.550	-1.750	0.000	1.01238966
0.650	-1.750	0.000	1.01345766
0.750	-1.750	0.000	1.01451862
0.850	-1.750	0.000	1.01560175
0.950	-1.750	0.000	1.01645768
1.050	-1.750	0.000	1.01652241
1.150	-1.750	0.000	1.01555634
1.250	-1.750	0.000	1.01322472
1.350	-1.750	0.000	1.00990713
1.450	-1.750	0.000	1.00641382
1.550	-1.750	0.000	1.00353670
1.650	-1.750	0.000	1.00155509
1.750	-1.750	0.000	1.00042510
1.850	-1.750	0.000	1.00003886
1.950	-1.750	0.000	1.00033879
2.050	-1.750	0.000	1.00094616
2.150	-1.750	0.000	1.00200903
2.250	-1.750	0.000	1.00224090
2.350	-1.750	0.000	1.00275683
2.450	-1.750	0.000	1.00188553
-2.450	-1.650	0.000	1.00857079
-2.350	-1.650	0.000	1.01295745
-2.250	-1.650	0.000	1.01312244
-2.150	-1.650	0.000	1.01605618
-2.050	-1.650	0.000	1.01507318
-1.950	-1.650	0.000	1.01230729
-1.850	-1.650	0.000	1.00759935
-1.750	-1.650	0.000	1.00336182
-1.650	-1.650	0.000	1.00173950
-1.550	-1.650	0.000	1.00310755
-1.450	-1.650	0.000	1.00707543
-1.350	-1.650	0.000	1.01343346
-1.250	-1.650	0.000	1.02074778
-1.150	-1.650	0.000	1.02584171
-1.050	-1.650	0.000	1.02744806
-0.950	-1.650	0.000	1.02405596
-0.850	-1.650	0.000	1.01907074
-0.750	-1.650	0.000	1.01325357
-0.650	-1.650	0.000	1.00771284
-0.550	-1.650	0.000	1.00375247
-0.450	-1.650	0.000	1.00109828
-0.350	-1.650	0.000	1.00007749
-0.250	-1.650	0.000	1.00032604
-0.150	-1.650	0.000	1.00148094
-0.050	-1.650	0.000	1.00321054
0.050	-1.650	0.000	1.00507689
0.150	-1.650	0.000	1.00689399
0.250	-1.650	0.000	1.00862753
0.350	-1.650	0.000	1.01016080
0.450	-1.650	0.000	1.01148164
0.550	-1.650	0.000	1.01272833
0.650	-1.650	0.000	1.01401210
0.750	-1.650	0.000	1.01522040
0.850	-1.650	0.000	1.01630771
0.950	-1.650	0.000	1.01705587
1.050	-1.650	0.000	1.01699150
1.150	-1.650	0.000	1.01586163
1.250	-1.650	0.000	1.01333332
1.350	-1.650	0.000	1.00987315
1.450	-1.650	0.000	1.00626159
1.550	-1.650	0.000	1.00337827
1.650	-1.650	0.000	1.00153422
1.750	-1.650	0.000	1.00068176
1.850	-1.650	0.000	1.00063455
1.950	-1.650	0.000	1.00119138
2.050	-1.650	0.000	1.00190091
2.150	-1.650	0.000	1.00294483
2.250	-1.650	0.000	1.00310671
2.350	-1.650	0.000	1.00360620
2.450	-1.650	0.000	1.00273919
-2.450	-1.550	0.000	1.00764906
-2.350	-1.550	0.000	1.01205099
-2.250	-1.550	0.000	1.01229370
-2.150	-1.550	0.000	1.01528800
-2.050	-1.550	0.000	1.01439166
-1.950	-1.550	0.000	1.01176775
-1.850	-1.550	0.000	1.00729299
-1.750	-1.550	0.000	1.00314510
-1.650	-1.550	0.000	1.00141180
-1.550	-1.550	0.000	1.00258219
-1.450	-1.550	0.000	1.00625062
-1.350	-1.550	0.000	1.01199710
-1.250	-1.550	0.000	1.01857746
-1.150	-1.550	0.000	1.02327168
-1.050	-1.550	0.000	1.02484524
-0.950	-1.550	0.000	1.02200139
-0.850	-1.550	0.000	1.01747620
-0.750	-1.550	0.000	1.01229870
-0.650	-1.550	0.000	1.00719106
-0.550	-1.550	0.000	1.00356305
-0.450	-1.550	0.000	1.00108612
-0.350	-1.550	0.000	1.00009596
-0.250	-1.550	0.000	1.00023222
-0.150	-1.550	0.000	1.00120711
-0.050	-1.550	0.000	1.00273907
0.050	-1.550	0.000	1.00452709
0.150	-1.550	0.000	1.00635803
0.250	-1.550	0.000	1.00816655
0.350	-1.550	0.000	1.00986731
0.450	-1.550	0.000	1.01141763
0.550	-1.550	0.000	1.01288176
0.650	-1.550	0.000	1.01419413
0.750	-1.550	0.000	1.01541460
0.850	-1.550	0.000	1.01656449
0.950	-1.550	0.000	1.01729798
1.050	-1.550	0.000	1.01721263
1.150	-1.550	0.000	1.01606858
1.250	-1.550	0.000	1.01358879
1.350	-1.550	0.000	1.01023936
1.450	-1.550	0.000	1.00673866
1.550	-1.550	0.000	1.00395155
1.650	-1.550	0.000	1.00231755
1.750	-1.550	0.000	1.00178277
1.850	-1.550	0.000	1.00213480
1.950	-1.550	0.000	1.00293672
2.050	-1.550	0.000	1.00372481
2.150	-1.550	0.000	1.00467634
2.250	-1.550	0.000	1.00462866
2.350	-1.550	0.000	1.00498044
2.450	-1.550	0.000	1.00402093
-2.450	-1.450	0.000	1.00676429
-2.350	-1.450	0.000	1.01102591
-2.250	-1.450	0.000	1.01123726
-2.150	-1.450	0.000	1.01410949
-2.050	-1.450	0.000	1.01331317
-1.950	-1.450	0.000	1.01098657
-1.850	-1.450	0.000	1.00682676
-1.750	-1.450	0.000	1.00286829
-1.650	-1.450	0.000	1.00108957
-1.550	-1.450	0.000	1.00206256
-1.450	-1.450	0.000	1.00544071
-1.350	-1.450	0.000	1.01076698
-1.250	-1.450	0.000	1.01681221
-1.150	-1.450	0.000	1.02104461
-1.050	-1.450	0.000	1.02246165
-0.950	-1.450	0.000	1.01996446
-0.850	-1.450	0.000	1.01589274
-0.750	-1.450	0.000	1.01137805
-0.650	-1.450	0.000	1.00677574
-0.550	-1.450	0.000	1.00352025
-0.450	-1.450	0.000	1.00123513
-0.350	-1.450	0.000	1.00028610
-0.250	-1.450	0.000	1.00035071
-0.150	-1.450	0.000	1.00118411
-0.050	-1.450	0.000	1.00251830
0.050	-1.450	0.000	1.00410223
0.150	-1.450	0.000	1.00579298
0.250	-1.450	0.000	1.00749671
0.350	-1.450	0.000	1.00915444
0.450	-1.450	0.000	1.01077795
0.550	-1.450	0.000	1.01228952
0.650	-1.450	0.000	1.01384830
0.750	-1.450	0.000	1.01519752
0.850	-1.450	0.000	1.01638305
0.950	-1.450	0.000	1.01711786
1.050	-1.450	0.000	1.01715803
1.150	-1.450	0.000	1.01620400
1.250	-1.450	0.000	1.01404881
1.350	-1.450	0.000	1.01104915
1.450	-1.450	0.000	1.00788152
1.550	-1.450	0.000	1.00535214
1.650	-1.450	0.000	1.00397301
1.750	-1.450	0.000	1.00370848
1.850	-1.450	0.000	1.00434101
1.950	-1.450	0.000	1.00524604
2.050	-1.450	0.000	1.00597048
2.150	-1.450	0.000	1.00671446
2.250	-1.450	0.000	1.00636840
2.350	-1.450	0.000	1.00653219
2.450	-1.450	0.000	1.00538003
-2.450	-1.350	0.000	1.00608528
-2.350	-1.350	0.000	1.01013851
-2.250	-1.350	0.000	1.01029122
-2.150	-1.350	0.000	1.01306057
-2.050	-1.350	0.000	1.01229239
-1.950	-1.350	0.000	1.01015091
-1.850	-1.350	0.000	1.00628662
-1.750	-1.350	0.000	1.00254977
-1.650	-1.350	0.000	1.00075340
-1.550	-1.350	0.000	1.00153661
-1.450	-1.350	0.000	1.00462961
-1.350	-1.350	0.000	1.00940049
-1.250	-1.350	0.000	1.01468229
-1.150	-1.350	0.000	1.01841378
-1.050	-1.350	0.000	1.01986551
-0.950	-1.350	0.000	1.01800621
-0.850	-1.350	0.000	1.01444638
-0.750	-1.350	0.000	1.01066113
-0.650	-1.350	0.000	1.00651932
-0.550	-1.350	0.000	1.00361657
-0.450	-1.350	0.000	1.00151432
-0.350	-1.350	0.000	1.00058019
-0.250	-1.350	0.000	1.00049520
-0.150	-1.350	0.000	1.00109005
-0.050	-1.350	0.000	1.00215483
0.050	-1.350	0.000	1.00350416
0.150	-1.350	0.000	1.00501418
0.250	-1.350	0.000	1.00663626
0.350	-1.350	0.000	1.00828707
0.450	-1.350	0.000	1.00995994
0.550	-1.350	0.000	1.01152802
0.650	-1.350	0.000	1.01312578
0.750	-1.350	0.000	1.01456451
0.850	-1.350	0.000	1.01582778
0.950	-1.350	0.000	1.01659870
1.050	-1.350	0.000	1.01667964
1.150	-1.350	0.000	1.01593757
1.250	-1.350	0.000	1.01420128
1.350	-1.350	0.000	1.01177907
1.450	-1.350	0.000	1.00916910
1.550	-1.350	0.000	1.00703537
1.650	-1.350	0.000	1.00592554
1.750	-1.350	0.000	1.00584805
1.850	-1.350	0.000	1.00653899
1.950	-1.350	0.000	1.00738513
2.050	-1.350	0.000	1.00786805
2.150	-1.350	0.000	1.00832915
2.250	-1.350	0.000	1.00762308
2.350	-1.350	0.000	1.00757575
2.450	-1.350	0.000	1.00622547
-2.450	-1.250	0.000	1.00559020
-2.350	-1.250	0.000	1.00940955
-2.250	-1.250	0.000	1.00946629
-2.150	-1.250	0.000	1.01202571
-2.050	-1.250	0.000	1.01124394
-1.950	-1.250	0.000	1.00928581
-1.850	-1.250	0.000	1.00572145
-1.750	-1.250	0.000	1.00223804
-1.650	-1.250	0.000	1.00046742
-1.550	-1.250	0.000	1.00111830
-1.450	-1.250	0.000	1.00398552
-1.350	-1.250	0.000	1.00843000
-1.250	-1.250	0.000	1.01336896
-1.150	-1.250	0.000	1.01684320
-1.050	-1.250	0.000	1.01817369
-0.950	-1.250	0.000	1.01647162
-0.850	-1.250	0.000	1.01316822
-0.750	-1.250	0.000	1.00985646
-0.650	-1.250	0.000	1.00616145
-0.550	-1.250	0.000	1.00359046
-0.450	-1.250	0.000	1.00168049
-0.350	-1.250	0.000	1.00079381
-0.250	-1.250	0.000	1.00064015
-0.150	-1.250	0.000	1.00107419
-0.050	-1.250	0.000	1.00190794
0.050	-1.250	0.000	1.00298154
0.150	-1.250	0.000	1.00423157
0.250	-1.250	0.000	1.00563157
0.350	-1.250	0.000	1.00712764
0.450	-1.250	0.000	1.00873864
0.550	-1.250	0.000	1.01035869
0.650	-1.250	0.000	1.01203835
0.750	-1.250	0.000	1.01355278
0.850	-1.250	0.000	1.01483762
0.950	-1.250	0.000	1.01570857
1.050	-1.250	0.000	1.01594901
1.150	-1.250	0.000	1.01544070
1.250	-1.250	0.000	1.01407850
1.350	-1.250	0.000	1.01216769
1.450	-1.250	0.000	1.01004517
1.550	-1.250	0.000	1.00833559
1.650	-1.250	0.000	1.00748897
1.750	-1.250	0.000	1.00750923
1.850	-1.250	0.000	1.00809562
1.950	-1.250	0.000	1.00875962
2.050	-1.250	0.000	1.00894642
2.150	-1.250	0.000	1.00912952
2.250	-1.250	0.000	1.00807393
2.350	-1.250	0.000	1.00787342
2.450	-1.250	0.000	1.00630176
-2.450	-1.150	0.000	1.00529373
-2.350	-1.150	0.000	1.00886881
-2.250	-1.150	0.000	1.00883043
-2.150	-1.150	0.000	1.01120245
-2.050	-1.150	0.000	1.01038659
-1.950	-1.150	0.000	1.00856960
-1.850	-1.150	0.000	1.00523412
-1.750	-1.150	0.000	1.00197446
-1.650	-1.150	0.000	1.00023758
-1.550	-1.150	0.000	1.00075817
-1.450	-1.150	0.000	1.00337899
-1.350	-1.150	0.000	1.00746000
-1.250	-1.150	0.000	1.01203406
-1.150	-1.150	0.000	1.01520801
-1.050	-1.150	0.000	1.01647604
-0.950	-1.150	0.000	1.01519787
-0.850	-1.150	0.000	1.01228631
-0.750	-1.150	0.000	1.00945115
-0.650	-1.150	0.000	1.00605857
-0.550	-1.150	0.000	1.00368822
-0.450	-1.150	0.000	1.00188744
-0.350	-1.150	0.000	1.00099301
-0.250	-1.150	0.000	1.00071168
-0.150	-1.150	0.000	1.00091994
-0.050	-1.150	0.000	1.00147712
0.050	-1.150	0.000	1.00231528
0.150	-1.150	0.000	1.00338459
0.250	-1.150	0.000	1.00465190
0.350	-1.150	0.000	1.00607038
0.450	-1.150	0.000	1.00765383
0.550	-1.150	0.000	1.00926363
0.650	-1.150	0.000	1.01092339
0.750	-1.150	0.000	1.01245463
0.850	-1.150	0.000	1.01373267
0.950	-1.150	0.000	1.01456952
1.050	-1.150	0.000	1.01476395
1.150	-1.150	0.000	1.01434124
1.250	-1.150	0.000	1.01313961
1.350	-1.150	0.000	1.01157522
1.450	-1.150	0.000	1.00991213
1.550	-1.150	0.000	1.00856686
1.650	-1.150	0.000	1.00790620
1.750	-1.150	0.000	1.00794852
1.850	-1.150	0.000	1.00833845
1.950	-1.150	0.000	1.00868309
2.050	-1.150	0.000	1.00858343
2.150	-1.150	0.000	1.00848734
2.250	-1.150	0.000	1.00726378
2.350	-1.150	0.000	1.00690901
2.450	-1.150	0.000	1.00525725
-2.450	-1.050	0.000	1.00517428
-2.350	-1.050	0.000	1.00857162
-2.250	-1.050	0.000	1.00845313
-2.150	-1.050	0.000	1.01062667
-2.050	-1.050	0.000	1.00975394
-1.950	-1.050	0.000	1.00804114
-1.850	-1.050	0.000	1.00489020
-1.750	-1.050	0.000	1.00180554
-1.650	-1.050	0.000	1.00011075
-1.550	-1.050	0.000	1.00055814
-1.450	-1.050	0.000	1.00311351
-1.350	-1.050	0.000	1.00707948
-1.250	-1.050	0.000	1.01129222
-1.150	-1.050	0.000	1.01415503
-1.050	-1.050	0.000	1.01543689
-0.950	-1.050	0.000	1.01433909
-0.850	-1.050	0.000	1.01150334
-0.750	-1.050	0.000	1.00883269
-0.650	-1.050	0.000	1.00573909
-0.550	-1.050	0.000	1.00357103
-0.450	-1.050	0.000	1.00189924
-0.350	-1.050	0.000	1.00100136
-0.250	-1.050	0.000	1.00064075
-0.150	-1.050	0.000	1.00070751
-0.050	-1.050	0.000	1.00111067
0.050	-1.050	0.000	1.00175202
0.150	-1.050	0.000	1.00261915
0.250	-1.050	0.000	1.00371790
0.350	-1.050	0.000	1.00501513
0.450	-1.050	0.000	1.00652111
0.550	-1.050	0.000	1.00807083
0.650	-1.050	0.000	1.00972629
0.750	-1.050	0.000	1.01115823
0.850	-1.050	0.000	1.01241159
0.950	-1.050	0.000	1.01319087
1.050	-1.050	0.000	1.01330709
1.150	-1.050	0.000	1.01296139
1.250	-1.050	0.000	1.01202619
1.350	-1.050	0.000	1.01061976
1.450	-1.050	0.000	1.00902343
1.550	-1.050	0.000	1.00772810
1.650	-1.050	0.000	1.00699973
1.750	-1.050	0.000	1.00691295
1.850	-1.050	0.000	1.00705874
1.950	-1.050	0.000	1.00724626
2.050	-1.050	0.000	1.00689161
2.150	-1.050	0.000	1.00672328
2.250	-1.050	0.000	1.00557089
2.350	-1.050	0.000	1.00534761
2.450	-1.050	0.000	1.00393891
-2.450	-0.950	0.000	1.00514245
-2.350	-0.950	0.000	1.00840521
-2.250	-0.950	0.000	1.00826252
-2.150	-0.950	0.000	1.01031613
-2.050	-0.950	0.000	1.00941539
-1.950	-0.950	0.000	1.00779593
-1.850	-0.950	0.000	1.00475883
-1.750	-0.950	0.000	1.00182056
-1.650	-0.950	0.000	1.00014508
-1.550	-0.950	0.000	1.00052392
-1.450	-0.950	0.000	1.00290048
-1.350	-0.950	0.000	1.00664389
-1.250	-0.950	0.000	1.01083910
-1.150	-0.950	0.000	1.01364505
-1.050	-0.950	0.000	1.01466596
-0.950	-0.950	0.000	1.01350021
-0.850	-0.950	0.000	1.01105249
-0.750	-0.950	0.000	1.00873971
-0.650	-0.950	0.000	1.00588238
-0.550	-0.950	0.000	1.00379491
-0.450	-0.950	0.000	1.00213373
-0.350	-0.950	0.000	1.00117278
-0.250	-0.950	0.000	1.00068510
-0.150	-0.950	0.000	1.00059986
-0.050	-0.950	0.000	1.00080848
0.050	-0.950	0.000	1.00127685
0.150	-0.950	0.000	1.00201941
0.250	-0.950	0.000	1.00300276
0.350	-0.950	0.000	1.00416577
0.450	-0.950	0.000	1.00556922
0.550	-0.950	0.000	1.00702262
0.650	-0.950	0.000	1.00863421
0.750	-0.950	0.000	1.00994396
0.850	-0.950	0.000	1.01113164
0.950	-0.950	0.000	1.01176345
1.050	-0.950	0.000	1.01179624
1.150	-0.950	0.000	1.01135886
1.250	-0.950	0.000	1.01029348
1.350	-0.950	0.000	1.00902033
1.450	-0.950	0.000	1.00763130
1.550	-0.950	0.000	1.00648749
1.650	-0.950	0.000	1.00583565
1.750	-0.950	0.000	1.00569642
1.850	-0.950	0.000	1.00573349
1.950	-0.950	0.000	1.00575125
2.050	-0.950	0.000	1.00526524
2.150	-0.950	0.000	1.00498378
2.250	-0.950	0.000	1.00387430
2.350	-0.950	0.000	1.00358164
2.450	-0.950	0.000	1.00232697
-2.450	-0.850	0.000	1.00525379
-2.350	-0.850	0.000	1.00856113
-2.250	-0.850	0.000	1.00842750
-2.150	-0.850	0.000	1.01038301
-2.050	-0.850	0.000	1.00946701
-1.950	-0.850	0.000	1.00792027
-1.850	-0.850	0.000	1.00493348
-1.750	-0.850	0.000	1.00205147
-1.650	-0.850	0.000	1.00039363
-1.550	-0.850	0.000	1.00076103
-1.450	-0.850	0.000	1.00315058
-1.350	-0.850	0.000	1.00681722
-1.250	-0.850	0.000	1.01073837
-1.150	-0.850	0.000	1.01338208
-1.050	-0.850	0.000	1.01453626
-0.950	-0.850	0.000	1.01356852
-0.850	-0.850	0.000	1.01098466
-0.750	-0.850	0.000	1.00849319
-0.650	-0.850	0.000	1.00567782
-0.550	-0.850	0.000	1.00369489
-0.450	-0.850	0.000	1.00212955
-0.350	-0.850	0.000	1.00117731
-0.250	-0.850	0.000	1.00063169
-0.150	-0.850	0.000	1.00042582
-0.050	-0.850	0.000	1.00050962
0.050	-0.850	0.000	1.00084865
0.150	-0.850	0.000	1.00142145
0.250	-0.850	0.000	1.00227404
0.350	-0.850	0.000	1.00334501
0.450	-0.850	0.000	1.00469494
0.550	-0.850	0.000	1.00605607
0.650	-0.850	0.000	1.00761414
0.750	-0.850	0.000	1.00877261
0.850	-0.850	0.000	1.00992930
0.950	-0.850	0.000	1.01044846
1.050	-0.850	0.000	1.01027560
1.150	-0.850	0.000	1.00978959
1.250	-0.850	0.000	1.00873101
1.350	-0.850	0.000	1.00743866
1.450	-0.850	0.000	1.00600004
1.550	-0.850	0.000	1.00481939
1.650	-0.850	0.000	1.00407040
1.750	-0.850	0.000	1.00384641
1.850	-0.850	0.000	1.00369596
1.950	-0.850	0.000	1.00370586
2.050	-0.850	0.000	1.00317562
2.150	-0.850	0.000	1.00295317
2.250	-0.850	0.000	1.00203860
2.350	-0.850	0.000	1.00187266
2.450	-0.850	0.000	1.00099874
-2.450	-0.750	0.000	1.00536168
-2.350	-0.750	0.000	1.00867522
-2.250	-0.750	0.000	1.00860655
-2.150	-0.750	0.000	1.01065707
-2.050	-0.750	0.000	1.00980663
-1.950	-0.750	0.000	1.00835085
-1.850	-0.750	0.000	1.00543773
-1.750	-0.750	0.000	1.00262809
-1.650	-0.750	0.000	1.00094056
-1.550	-0.750	0.000	1.00125289
-1.450	-0.750	0.000	1.00360501
-1.350	-0.750	0.000	1.00729418
-1.250	-0.750	0.000	1.01120913
-1.150	-0.750	0.000	1.01366508
-1.050	-0.750	0.000	1.01454473
-0.950	-0.750	0.000	1.01352453
-0.850	-0.750	0.000	1.01124167
-0.750	-0.750	0.000	1.00895882
-0.650	-0.750	0.000	1.00625432
-0.550	-0.750	0.000	1.00420415
-0.450	-0.750	0.000	1.00249588
-0.350	-0.750	0.000	1.00139940
-0.250	-0.750	0.000	1.00073230
-0.150	-0.750	0.000	1.00042617
-0.050	-0.750	0.000	1.00040209
0.050	-0.750	0.000	1.00062227
0.150	-0.750	0.000	1.00110984
0.250	-0.750	0.000	1.00185061
0.350	-0.750	0.000	1.00277972
0.450	-0.750	0.000	1.00399959
0.550	-0.750	0.000	1.00522065
0.650	-0.750	0.000	1.00671101
0.750	-0.750	0.000	1.00774252
0.850	-0.750	0.000	1.00879717
0.950	-0.750	0.000	1.00917065
1.050	-0.750	0.000	1.00892365
1.150	-0.750	0.000	1.00835669
1.250	-0.750	0.000	1.00720525
1.350	-0.750	0.000	1.00595403
1.450	-0.750	0.000	1.00455129
1.550	-0.750	0.000	1.00340390
1.650	-0.750	0.000	1.00264335
1.750	-0.750	0.000	1.00235903
1.850	-0.750	0.000	1.00213289
1.950	-0.750	0.000	1.00210238
2.050	-0.750	0.000	1.00164437
2.150	-0.750	0.000	1.00147915
2.250	-0.750	0.000	1.00084412
2.350	-0.750	0.000	1.00074160
2.450	-0.750	0.000	1.00025868
-2.450	-0.650	0.000	1.00553954
-2.350	-0.650	0.000	1.00921619
-2.250	-0.650	0.000	1.00931132
-2.150	-0.650	0.000	1.01132846
-2.050	-0.650	0.000	1.01055968
-1.950	-0.650	0.000	1.00919688
-1.850	-0.650	0.000	1.00625014
-1.750	-0.650	0.000	1.00336659
-1.650	-0.650	0.000	1.00170016
-1.550	-0.650	0.000	1.00211358
-1.450	-0.650	0.000	1.00458765
-1.350	-0.650	0.000	1.00828552
-1.250	-0.650	0.000	1.01215816
-1.150	-0.650	0.000	1.01461053
-1.050	-0.650	0.000	1.01543057
-0.950	-0.650	0.000	1.01423573
-0.850	-0.650	0.000	1.01177788
-0.750	-0.650	0.000	1.00932205
-0.650	-0.650	0.000	1.00661731
-0.550	-0.650	0.000	1.00461233
-0.450	-0.650	0.000	1.00292182
-0.350	-0.650	0.000	1.00181448
-0.250	-0.650	0.000	1.00103402
-0.150	-0.650	0.000	1.00059807
-0.050	-0.650	0.000	1.00040710
0.050	-0.650	0.000	1.00049460
0.150	-0.650	0.000	1.00080979
0.250	-0.650	0.000	1.00140131
0.350	-0.650	0.000	1.00219059
0.450	-0.650	0.000	1.00333583
0.550	-0.650	0.000	1.00451565
0.650	-0.650	0.000	1.00598049
0.750	-0.650	0.000	1.00698769
0.850	-0.650	0.000	1.00802529
0.950	-0.650	0.000	1.00827301
1.050	-0.650	0.000	1.00785279
1.150	-0.650	0.000	1.00720513
1.250	-0.650	0.000	1.00600445
1.350	-0.650	0.000	1.00473559
1.450	-0.650	0.000	1.00336337
1.550	-0.650	0.000	1.00220966
1.650	-0.650	0.000	1.00148022
1.750	-0.650	0.000	1.00113356
1.850	-0.650	0.000	1.00102425
1.950	-0.650	0.000	1.00092947
2.050	-0.650	0.000	1.00067842
2.150	-0.650	0.000	1.00057924
2.250	-0.650	0.000	1.00019205
2.350	-0.650	0.000	1.00016928
2.450	-0.650	0.000	1.00000131
-2.450	-0.550	0.000	1.00586951
-2.350	-0.550	0.000	1.00961292
-2.250	-0.550	0.000	1.00968266
-2.150	-0.550	0.000	1.01207697
-2.050	-0.550	0.000	1.01148474
-1.950	-0.550	0.000	1.01011193
-1.850	-0.550	0.000	1.00720775
-1.750	-0.550	0.000	1.00441539
-1.650	-0.550	0.000	1.00267565
-1.550	-0.550	0.000	1.00298047
-1.450	-0.550	0.000	1.00549173
-1.350	-0.550	0.000	1.00941026
-1.250	-0.550	0.000	1.01349676
-1.150	-0.550	0.000	1.01601660
-1.050	-0.550	0.000	1.01678455
-0.950	-0.550	0.000	1.01553881
-0.850	-0.550	0.000	1.01311028
-0.750	-0.550	0.000	1.01055849
-0.650	-0.550	0.000	1.00773442
-0.550	-0.550	0.000	1.00554967
-0.450	-0.550	0.000	1.00366986
-0.350	-0.550	0.000	1.00239241
-0.250	-0.550	0.000	1.00146580
-0.150	-0.550	0.000	1.00090301
-0.050	-0.550	0.000	1.00058663
0.050	-0.550	0.000	1.00055313
0.150	-0.550	0.000	1.00075209
0.250	-0.550	0.000	1.00124300
0.350	-0.550	0.000	1.00188971
0.450	-0.550	0.000	1.00292134
0.550	-0.550	0.000	1.00399184
0.650	-0.550	0.000	1.00534928
0.750	-0.550	0.000	1.00638568
0.850	-0.550	0.000	1.00730288
0.950	-0.550	0.000	1.00754988
1.050	-0.550	0.000	1.00714457
1.150	-0.550	0.000	1.00641954
1.250	-0.550	0.000	1.00515151
1.350	-0.550	0.000	1.00389135
1.450	-0.550	0.000	1.00257516
1.550	-0.550	0.000	1.00148320
1.650	-0.550	0.000	1.00077105
1.750	-0.550	0.000	1.00046122
1.850	-0.550	0.000	1.00035822
1.950	-0.550	0.000	1.00030470
2.050	-0.550	0.000	1.00016820
2.150	-0.550	0.000	1.00012910
2.250	-0.550	0.000	1.00000691
2.350	-0.550	0.000	1.00002146
2.450	-0.550	0.000	1.00010073
-2.450	-0.450	0.000	1.00617301
-2.350	-0.450	0.000	1.01038516
-2.250	-0.450	0.000	1.01066136
-2.150	-0.450	0.000	1.01302516
-2.050	-0.450	0.000	1.01244605
-1.950	-0.450	0.000	1.01124823
-1.850	-0.450	0.000	1.00829589
-1.750	-0.450	0.000	1.00513768
-1.650	-0.450	0.000	1.00324118
-1.550	-0.450	0.000	1.00375605
-1.450	-0.450	0.000	1.00660110
-1.350	-0.450	0.000	1.01079178
-1.250	-0.450	0.000	1.01494420
-1.150	-0.450	0.000	1.01745749
-1.050	-0.450	0.000	1.01824701
-0.950	-0.450	0.000	1.01703751
-0.850	-0.450	0.000	1.01458275
-0.750	-0.450	0.000	1.01199043
-0.650	-0.450	0.000	1.00905311
-0.550	-0.450	0.000	1.00680017
-0.450	-0.450	0.000	1.00481212
-0.350	-0.450	0.000	1.00340664
-0.250	-0.450	0.000	1.00233471
-0.150	-0.450	0.000	1.00158954
-0.050	-0.450	0.000	1.00110042
0.050	-0.450	0.000	1.00089097
0.150	-0.450	0.000	1.00091088
0.250	-0.450	0.000	1.00122774
0.350	-0.450	0.000	1.00173855
0.450	-0.450	0.000	1.00267243
0.550	-0.450	0.000	1.00371468
0.650	-0.450	0.000	1.00503385
0.750	-0.450	0.000	1.00621676
0.850	-0.450	0.000	1.00708580
0.950	-0.450	0.000	1.00736225
1.050	-0.450	0.000	1.00690663
1.150	-0.450	0.000	1.00601959
1.250	-0.450	0.000	1.00469255
1.350	-0.450	0.000	1.00339663
1.450	-0.450	0.000	1.00209093
1.550	-0.450	0.000	1.00105500
1.650	-0.450	0.000	1.00041318
1.750	-0.450	0.000	1.00015152
1.850	-0.450	0.000	1.00009179
1.950	-0.450	0.000	1.00006986
2.050	-0.450	0.000	1.00003624
2.150	-0.450	0.000	1.00002217
2.250	-0.450	0.000	1.00001216
2.350	-0.450	0.000	1.00001812
2.450	-0.450	0.000	1.00021970
-2.450	-0.350	0.000	1.00696623
-2.350	-0.350	0.000	1.01126122
-2.250	-0.350	0.000	1.01130283
-2.150	-0.350	0.000	1.01390398
-2.050	-0.350	0.000	1.01348066
-1.950	-0.350	0.000	1.01197708
-1.850	-0.350	0.000	1.00871933
-1.750	-0.350	0.000	1.00553858
-1.650	-0.350	0.000	1.00355887
-1.550	-0.350	0.000	1.00378358
-1.450	-0.350	0.000	1.00649738
-1.350	-0.350	0.000	1.01099849
-1.250	-0.350	0.000	1.01589298
-1.150	-0.350	0.000	1.01921809
-1.050	-0.350	0.000	1.02041686
-0.950	-0.350	0.000	1.01912832
-0.850	-0.350	0.000	1.01664507
-0.750	-0.350	0.000	1.01389027
-0.650	-0.350	0.000	1.01086259
-0.550	-0.350	0.000	1.00850666
-0.450	-0.350	0.000	1.00635087
-0.350	-0.350	0.000	1.00476122
-0.250	-0.350	0.000	1.00350499
-0.150	-0.350	0.000	1.00256455
-0.050	-0.350	0.000	1.00192332
0.050	-0.350	0.000	1.00156569
0.150	-0.350	0.000	1.00141931
0.250	-0.350	0.000	1.00160730
0.350	-0.350	0.000	1.00195348
0.450	-0.350	0.000	1.00276673
0.550	-0.350	0.000	1.00373554
0.650	-0.350	0.000	1.00503302
0.750	-0.350	0.000	1.00628304
0.850	-0.350	0.000	1.00713909
0.950	-0.350	0.000	1.00741148
1.050	-0.350	0.000	1.00691843
1.150	-0.350	0.000	1.00589693
1.250	-0.350	0.000	1.00451756
1.350	-0.350	0.000	1.00317657
1.450	-0.350	0.000	1.00191319
1.550	-0.350	0.000	1.00087929
1.650	-0.350	0.000	1.00030577
1.750	-0.350	0.000	1.00005543
1.850	-0.350	0.000	1.00001085
1.950	-0.350	0.000	1.00001335
2.050	-0.350	0.000	1.00001657
2.150	-0.350	0.000	1.00003517
2.250	-0.350	0.000	1.00005102
2.350	-0.350	0.000	1.00010061
2.450	-0.350	0.000	1.00032294
-2.450	-0.250	0.000	1.00775218
-2.350	-0.250	0.000	1.01229894
-2.250	-0.250	0.000	1.01221156
-2.150	-0.250	0.000	1.01486254
-2.050	-0.250	0.000	1.01425147
-1.950	-0.250	0.000	1.01258969
-1.850	-0.250	0.000	1.00917006
-1.750	-0.250	0.000	1.00547576
-1.650	-0.250	0.000	1.00292468
-1.550	-0.250	0.000	1.00285244
-1.450	-0.250	0.000	1.00563085
-1.350	-0.250	0.000	1.01043653
-1.250	-0.250	0.000	1.01551664
-1.150	-0.250	0.000	1.01895583
-1.050	-0.250	0.000	1.02076519
-0.950	-0.250	0.000	1.02030623
-0.850	-0.250	0.000	1.01839554
-0.750	-0.250	0.000	1.01604152
-0.650	-0.250	0.000	1.01292133
-0.550	-0.250	0.000	1.01051033
-0.450	-0.250	0.000	1.00817311
-0.350	-0.250	0.000	1.00650203
-0.250	-0.250	0.000	1.00508332
-0.150	-0.250	0.000	1.00402129
-0.050	-0.250	0.000	1.00317645
0.050	-0.250	0.000	1.00269127
0.150	-0.250	0.000	1.00235069
0.250	-0.250	0.000	1.00238347
0.350	-0.250	0.000	1.00257313
0.450	-0.250	0.000	1.00328147
0.550	-0.250	0.000	1.00417793
0.650	-0.250	0.000	1.00544131
0.750	-0.250	0.000	1.00673950
0.850	-0.250	0.000	1.00757384
0.950	-0.250	0.000	1.00793850
1.050	-0.250	0.000	1.00736070
1.150	-0.250	0.000	1.00610340
1.250	-0.250	0.000	1.00456214
1.350	-0.250	0.000	1.00306773
1.450	-0.250	0.000	1.00174809
1.550	-0.250	0.000	1.00078249
1.650	-0.250	0.000	1.00021911
1.750	-0.250	0.000	1.00003982
1.850	-0.250	0.000	1.00000465
1.950	-0.250	0.000	1.00001526
2.050	-0.250	0.000	1.00003052
2.150	-0.250	0.000	1.00005686
2.250	-0.250	0.000	1.00007188
2.350	-0.250	0.000	1.00012624
2.450	-0.250	0.000	1.00033319
-2.450	-0.150	0.000	1.00896561
-2.350	-0.150	0.000	1.01343930
-2.250	-0.150	0.000	1.01288116
-2.150	-0.150	0.000	1.01550663
-2.050	-0.150	0.000	1.01467025
-1.950	-0.150	0.000	1.01273167
-1.850	-0.150	0.000	1.00907385
-1.750	-0.150	0.000	1.00509739
-1.650	-0.150	0.000	1.00211632
-1.550	-0.150	0.000	1.00132108
-1.450	-0.150	0.000	1.00323749
-1.350	-0.150	0.000	1.00750506
-1.250	-0.150	0.000	1.01300085
-1.150	-0.150	0.000	1.01787031
-1.050	-0.150	0.000	1.02093136
-0.950	-0.150	0.000	1.02108860
-0.850	-0.150	0.000	1.01940894
-0.750	-0.150	0.000	1.01736164
-0.650	-0.150	0.000	1.01464868
-0.550	-0.150	0.000	1.01253343
-0.450	-0.150	0.000	1.01024866
-0.350	-0.150	0.000	1.00850677
-0.250	-0.150	0.000	1.00691903
-0.150	-0.150	0.000	1.00571001
-0.050	-0.150	0.000	1.00466812
0.050	-0.150	0.000	1.00405979
0.150	-0.150	0.000	1.00356793
0.250	-0.150	0.000	1.00346708
0.350	-0.150	0.000	1.00353611
0.450	-0.150	0.000	1.00413418
0.550	-0.150	0.000	1.00496316
0.650	-0.150	0.000	1.00619042
0.750	-0.150	0.000	1.00748396
0.850	-0.150	0.000	1.00822675
0.950	-0.150	0.000	1.00847507
1.050	-0.150	0.000	1.00764918
1.150	-0.150	0.000	1.00616145
1.250	-0.150	0.000	1.00447464
1.350	-0.150	0.000	1.00295317
1.450	-0.150	0.000	1.00160456
1.550	-0.150	0.000	1.00064087
1.650	-0.150	0.000	1.00016165
1.750	-0.150	0.000	1.00000799
1.850	-0.150	0.000	1.00006926
1.950	-0.150	0.000	1.00006032
2.050	-0.150	0.000	1.00019372
2.150	-0.150	0.000	1.00024080
2.250	-0.150	0.000	1.00030804
2.350	-0.150	0.000	1.00041711
2.450	-0.150	0.000	1.00076795
-2.450	-0.050	0.000	1.01003575
-2.350	-0.050	0.000	1.01437044
-2.250	-0.050	0.000	1.01343238
-2.150	-0.050	0.000	1.01592517
-2.050	-0.050	0.000	1.01487052
-1.950	-0.050	0.000	1.01268876
-1.850	-0.050	0.000	1.00904536
-1.750	-0.050	0.000	1.00498414
-1.650	-0.050	0.000	1.00174439
-1.550	-0.050	0.000	1.00031912
-1.450	-0.050	0.000	1.00110626
-1.350	-0.050	0.000	1.00408626
-1.250	-0.050	0.000	1.00871801
-1.150	-0.050	0.000	1.01363814
-1.050	-0.050	0.000	1.01746285
-0.950	-0.050	0.000	1.01929080
-0.850	-0.050	0.000	1.01903307
-0.750	-0.050	0.000	1.01828063
-0.650	-0.050	0.000	1.01598144
-0.550	-0.050	0.000	1.01396811
-0.450	-0.050	0.000	1.01175809
-0.350	-0.050	0.000	1.01014888
-0.250	-0.050	0.000	1.00864732
-0.150	-0.050	0.000	1.00754821
-0.050	-0.050	0.000	1.00642109
0.050	-0.050	0.000	1.00574756
0.150	-0.050	0.000	1.00518429
0.250	-0.050	0.000	1.00495863
0.350	-0.050	0.000	1.00492561
0.450	-0.050	0.000	1.00541687
0.550	-0.050	0.000	1.00616729
0.650	-0.050	0.000	1.00725734
0.750	-0.050	0.000	1.00850296
0.850	-0.050	0.000	1.00901473
0.950	-0.050	0.000	1.00919807
1.050	-0.050	0.000	1.00810623
1.150	-0.050	0.000	1.00637114
1.250	-0.050	0.000	1.00444698
1.350	-0.050	0.000	1.00264978
1.450	-0.050	0.000	1.00130701
1.550	-0.050	0.000	1.00046992
1.650	-0.050	0.000	1.00007069
1.750	-0.050	0.000	1.00003052
1.850	-0.050	0.000	1.00020790
1.950	-0.050	0.000	1.00021243
2.050	-0.050	0.000	1.00052893
2.150	-0.050	0.000	1.00062621
2.250	-0.050	0.000	1.00088382
2.350	-0.050	0.000	1.00102520
2.450	-0.050	0.000	1.00163782
-2.450	0.050	0.000	1.01105213
-2.350	0.050	0.000	1.01514912
-2.250	0.050	0.000	1.01377797
-2.150	0.050	0.000	1.01599360
-2.050	0.050	0.000	1.01493597
-1.950	0.050	0.000	1.01271296
-1.850	0.050	0.000	1.00938535
-1.750	0.050	0.000	1.00559056
-1.650	0.050	0.000	1.00229383
-1.550	0.050	0.000	1.00035000
-1.450	0.050	0.000	1.00013590
-1.350	0.050	0.000	1.00166833
-1.250	0.050	0.000	1.00470376
-1.150	0.050	0.000	1.00853658
-1.050	0.050	0.000	1.01237929
-0.950	0.050	0.000	1.01537538
-0.850	0.050	0.000	1.01612318
-0.750	0.050	0.000	1.01674724
-0.650	0.050	0.000	1.01554072
-0.550	0.050	0.000	1.01451683
-0.450	0.050	0.000	1.01295400
-0.350	0.050	0.000	1.01155055
-0.250	0.050	0.000	1.01006866
-0.150	0.050	0.000	1.00882566
-0.050	0.050	0.000	1.00769126
0.050	0.050	0.000	1.00694168
0.150	0.050	0.000	1.00637150
0.250	0.050	0.000	1.00613475
0.350	0.050	0.000	1.00613642
0.450	0.050	0.000	1.00659001
0.550	0.050	0.000	1.00729132
0.650	0.050	0.000	1.00827181
0.750	0.050	0.000	1.00934398
0.850	0.050	0.000	1.00962031
0.950	0.050	0.000	1.00943410
1.050	0.050	0.000	1.00787354
1.150	0.050	0.000	1.00584555
1.250	0.050	0.000	1.00384760
1.350	0.050	0.000	1.00224543
1.450	0.050	0.000	1.00102246
1.550	0.050	0.000	1.00029111
1.650	0.050	0.000	1.00006890
1.750	0.050	0.000	1.00021803
1.850	0.050	0.000	1.00061369
1.950	0.050	0.000	1.00058770
2.050	0.050	0.000	1.00125074
2.150	0.050	0.000	1.00125813
2.250	0.050	0.000	1.00179827
2.350	0.050	0.000	1.00194061
2.450	0.050	0.000	1.00293839
-2.450	0.150	0.000	1.01104462
-2.350	0.150	0.000	1.01479745
-2.250	0.150	0.000	1.01362109
-2.150	0.150	0.000	1.01561296
-2.050	0.150	0.000	1.01505566
-1.950	0.150	0.000	1.01320469
-1.850	0.150	0.000	1.01027858
-1.750	0.150	0.000	1.00673592
-1.650	0.150	0.000	1.00346613
-1.550	0.150	0.000	1.00125897
-1.450	0.150	0.000	1.00046206
-1.350	0.150	0.000	1.00085890
-1.250	0.150	0.000	1.00221372
-1.150	0.150	0.000	1.00428545
-1.050	0.150	0.000	1.00696480
-0.950	0.150	0.000	1.00984800
-0.850	0.150	0.000	1.01147223
-0.750	0.150	0.000	1.01314259
-0.650	0.150	0.000	1.01323926
-0.550	0.150	0.000	1.01321495
-0.450	0.150	0.000	1.01239753
-0.350	0.150	0.000	1.01149440
-0.250	0.150	0.000	1.01054215
-0.150	0.150	0.000	1.00963140
-0.050	0.150	0.000	1.00876260
0.050	0.150	0.000	1.00803518
0.150	0.150	0.000	1.00755155
0.250	0.150	0.000	1.00721967
0.350	0.150	0.000	1.00716031
0.450	0.150	0.000	1.00748420
0.550	0.150	0.000	1.00809193
0.650	0.150	0.000	1.00880921
0.750	0.150	0.000	1.00972700
0.850	0.150	0.000	1.00955725
0.950	0.150	0.000	1.00927329
1.050	0.150	0.000	1.00754118
1.150	0.150	0.000	1.00554264
1.250	0.150	0.000	1.00346220
1.350	0.150	0.000	1.00183177
1.450	0.150	0.000	1.00070834
1.550	0.150	0.000	1.00023973
1.650	0.150	0.000	1.00025094
1.750	0.150	0.000	1.00061440
1.850	0.150	0.000	1.00121105
1.950	0.150	0.000	1.00124192
2.050	0.150	0.000	1.00216889
2.150	0.150	0.000	1.00218093
2.250	0.150	0.000	1.00304651
2.350	0.150	0.000	1.00320256
2.450	0.150	0.000	1.00467432
-2.450	0.250	0.000	1.01123238
-2.350	0.250	0.000	1.01447701
-2.250	0.250	0.000	1.01312804
-2.150	0.250	0.000	1.01527774
-2.050	0.250	0.000	1.01529515
-1.950	0.250	0.000	1.01427531
-1.850	0.250	0.000	1.01209056
-1.750	0.250	0.000	1.00887012
-1.650	0.250	0.000	1.00548410
-1.550	0.250	0.000	1.00302970
-1.450	0.250	0.000	1.00179541
-1.350	0.250	0.000	1.00154114
-1.250	0.250	0.000	1.00187111
-1.150	0.250	0.000	1.00246298
-1.050	0.250	0.000	1.00344622
-0.950	0.250	0.000	1.00480437
-0.850	0.250	0.000	1.00633872
-0.750	0.250	0.000	1.00823641
-0.650	0.250	0.000	1.00931120
-0.550	0.250	0.000	1.01020980
-0.450	0.250	0.000	1.01031256
-0.350	0.250	0.000	1.01014650
-0.250	0.250	0.000	1.00973737
-0.150	0.250	0.000	1.00916755
-0.050	0.250	0.000	1.00859368
0.050	0.250	0.000	1.00802290
0.150	0.250	0.000	1.00773168
0.250	0.250	0.000	1.00744617
0.350	0.250	0.000	1.00749493
0.450	0.250	0.000	1.00780034
0.550	0.250	0.000	1.00836301
0.650	0.250	0.000	1.00895786
0.750	0.250	0.000	1.00966728
0.850	0.250	0.000	1.00925028
0.950	0.250	0.000	1.00869083
1.050	0.250	0.000	1.00671470
1.150	0.250	0.000	1.00471342
1.250	0.250	0.000	1.00275981
1.350	0.250	0.000	1.00137627
1.450	0.250	0.000	1.00055778
1.550	0.250	0.000	1.00038147
1.650	0.250	0.000	1.00071681
1.750	0.250	0.000	1.00140059
1.850	0.250	0.000	1.00218165
1.950	0.250	0.000	1.00213706
2.050	0.250	0.000	1.00327897
2.150	0.250	0.000	1.00321150
2.250	0.250	0.000	1.00434887
2.350	0.250	0.000	1.00458372
2.450	0.250	0.000	1.00649095
-2.450	0.350	0.000	1.00907838
-2.350	0.350	0.000	1.01214123
-2.250	0.350	0.000	1.01164007
-2.150	0.350	0.000	1.01405180
-2.050	0.350	0.000	1.01501930
-1.950	0.350	0.000	1.01516974
-1.850	0.350	0.000	1.01407588
-1.750	0.350	0.000	1.01160634
-1.650	0.350	0.000	1.00863552
-1.550	0.350	0.000	1.00607932
-1.450	0.350	0.000	1.00449920
-1.350	0.350	0.000	1.00373578
-1.250	0.350	0.000	1.00324154
-1.150	0.350	0.000	1.00275421
-1.050	0.350	0.000	1.00236630
-0.950	0.350	0.000	1.00220513
-0.850	0.350	0.000	1.00268948
-0.750	0.350	0.000	1.00370848
-0.650	0.350	0.000	1.00495803
-0.550	0.350	0.000	1.00620067
-0.450	0.350	0.000	1.00712180
-0.350	0.350	0.000	1.00764561
-0.250	0.350	0.000	1.00784636
-0.150	0.350	0.000	1.00773335
-0.050	0.350	0.000	1.00752532
0.050	0.350	0.000	1.00714755
0.150	0.350	0.000	1.00706434
0.250	0.350	0.000	1.00687528
0.350	0.350	0.000	1.00702894
0.450	0.350	0.000	1.00732398
0.550	0.350	0.000	1.00782502
0.650	0.350	0.000	1.00834990
0.750	0.350	0.000	1.00878322
0.850	0.350	0.000	1.00837946
0.950	0.350	0.000	1.00758803
1.050	0.350	0.000	1.00570941
1.150	0.350	0.000	1.00393450
1.250	0.350	0.000	1.00219393
1.350	0.350	0.000	1.00111771
1.450	0.350	0.000	1.00057459
1.550	0.350	0.000	1.00076962
1.650	0.350	0.000	1.00140333
1.750	0.350	0.000	1.00239718
1.850	0.350	0.000	1.00336170
1.950	0.350	0.000	1.00344086
2.050	0.350	0.000	1.00460958
2.150	0.350	0.000	1.00463247
2.250	0.350	0.000	1.00573385
2.350	0.350	0.000	1.00614870
2.450	0.350	0.000	1.00804758
-2.450	0.450	0.000	1.00772810
-2.350	0.450	0.000	1.00995719
-2.250	0.450	0.000	1.00983000
-2.150	0.450	0.000	1.01247442
-2.050	0.450	0.000	1.01385438
-1.950	0.450	0.000	1.01532245
-1.850	0.450	0.000	1.01557398
-1.750	0.450	0.000	1.01463926
-1.650	0.450	0.000	1.01280451
-1.550	0.450	0.000	1.01069975
-1.450	0.450	0.000	1.00899148
-1.350	0.450	0.000	1.00764191
-1.250	0.450	0.000	1.00627422
-1.150	0.450	0.000	1.00484669
-1.050	0.450	0.000	1.00339878
-0.950	0.450	0.000	1.00212467
-0.850	0.450	0.000	1.00136244
-0.750	0.450	0.000	1.00123096
-0.650	0.450	0.000	1.00172710
-0.550	0.450	0.000	1.00264692
-0.450	0.450	0.000	1.00370371
-0.350	0.450	0.000	1.00458562
-0.250	0.450	0.000	1.00525689
-0.150	0.450	0.000	1.00562191
-0.050	0.450	0.000	1.00589311
0.050	0.450	0.000	1.00581062
0.150	0.450	0.000	1.00597918
0.250	0.450	0.000	1.00589836
0.350	0.450	0.000	1.00613225
0.450	0.450	0.000	1.00643265
0.550	0.450	0.000	1.00686657
0.650	0.450	0.000	1.00742602
0.750	0.450	0.000	1.00761366
0.850	0.450	0.000	1.00742579
0.950	0.450	0.000	1.00648725
1.050	0.450	0.000	1.00481343
1.150	0.450	0.000	1.00323629
1.250	0.450	0.000	1.00177848
1.350	0.450	0.000	1.00095928
1.450	0.450	0.000	1.00082076
1.550	0.450	0.000	1.00148225
1.650	0.450	0.000	1.00271916
1.750	0.450	0.000	1.00413454
1.850	0.450	0.000	1.00518525
1.950	0.450	0.000	1.00496686
2.050	0.450	0.000	1.00580561
2.150	0.450	0.000	1.00557303
2.250	0.450	0.000	1.00627732
2.350	0.450	0.000	1.00679457
2.450	0.450	0.000	1.00822151
-2.450	0.550	0.000	1.00513613
-2.350	0.550	0.000	1.00699008
-2.250	0.550	0.000	1.00720644
-2.150	0.550	0.000	1.00986087
-2.050	0.550	0.000	1.01184523
-1.950	0.550	0.000	1.01414073
-1.850	0.550	0.000	1.01571310
-1.750	0.550	0.000	1.01647866
-1.650	0.550	0.000	1.01671445
-1.550	0.550	0.000	1.01620567
-1.450	0.550	0.000	1.01496816
-1.350	0.550	0.000	1.01310158
-1.250	0.550	0.000	1.01077580
-1.150	0.550	0.000	1.00834942
-1.050	0.550	0.000	1.00595427
-0.950	0.550	0.000	1.00384021
-0.850	0.550	0.000	1.00214851
-0.750	0.550	0.000	1.00099230
-0.650	0.550	0.000	1.00050259
-0.550	0.550	0.000	1.00060403
-0.450	0.550	0.000	1.00119877
-0.350	0.550	0.000	1.00196290
-0.250	0.550	0.000	1.00278890
-0.150	0.550	0.000	1.00335658
-0.050	0.550	0.000	1.00390565
0.050	0.550	0.000	1.00409210
0.150	0.550	0.000	1.00435984
0.250	0.550	0.000	1.00443912
0.350	0.550	0.000	1.00473416
0.450	0.550	0.000	1.00508428
0.550	0.550	0.000	1.00549269
0.650	0.550	0.000	1.00612712
0.750	0.550	0.000	1.00620055
0.850	0.550	0.000	1.00623846
0.950	0.550	0.000	1.00531816
1.050	0.550	0.000	1.00389159
1.150	0.550	0.000	1.00256574
1.250	0.550	0.000	1.00141835
1.350	0.550	0.000	1.00092888
1.450	0.550	0.000	1.00125599
1.550	0.550	0.000	1.00238276
1.650	0.550	0.000	1.00385702
1.750	0.550	0.000	1.00539136
1.850	0.550	0.000	1.00627697
1.950	0.550	0.000	1.00595081
2.050	0.550	0.000	1.00616050
2.150	0.550	0.000	1.00572622
2.250	0.550	0.000	1.00569355
2.350	0.550	0.000	1.00605881
2.450	0.550	0.000	1.00666022
-2.450	0.650	0.000	1.00354922
-2.350	0.650	0.000	1.00453126
-2.250	0.650	0.000	1.00497830
-2.150	0.650	0.000	1.00702178
-2.050	0.650	0.000	1.00875628
-1.950	0.650	0.000	1.01128566
-1.850	0.650	0.000	1.01393735
-1.750	0.650	0.000	1.01648057
-1.650	0.650	0.000	1.01875210
-1.550	0.650	0.000	1.02007866
-1.450	0.650	0.000	1.01985359
-1.350	0.650	0.000	1.01830888
-1.250	0.650	0.000	1.01550531
-1.150	0.650	0.000	1.01248896
-1.050	0.650	0.000	1.00938606
-0.950	0.650	0.000	1.00669420
-0.850	0.650	0.000	1.00424421
-0.750	0.650	0.000	1.00245643
-0.650	0.650	0.000	1.00106263
-0.550	0.650	0.000	1.00033092
-0.450	0.650	0.000	1.00013268
-0.350	0.650	0.000	1.00038171
-0.250	0.650	0.000	1.00092471
-0.150	0.650	0.000	1.00147653
-0.050	0.650	0.000	1.00206959
0.050	0.650	0.000	1.00244284
0.150	0.650	0.000	1.00279510
0.250	0.650	0.000	1.00301254
0.350	0.650	0.000	1.00332785
0.450	0.650	0.000	1.00372338
0.550	0.650	0.000	1.00414610
0.650	0.650	0.000	1.00481367
0.750	0.650	0.000	1.00493252
0.850	0.650	0.000	1.00504696
0.950	0.650	0.000	1.00427091
1.050	0.650	0.000	1.00307226
1.150	0.650	0.000	1.00194907
1.250	0.650	0.000	1.00113034
1.350	0.650	0.000	1.00102890
1.450	0.650	0.000	1.00177073
1.550	0.650	0.000	1.00341690
1.650	0.650	0.000	1.00549638
1.750	0.650	0.000	1.00732720
1.850	0.650	0.000	1.00814402
1.950	0.650	0.000	1.00738978
2.050	0.650	0.000	1.00700390
2.150	0.650	0.000	1.00609148
2.250	0.650	0.000	1.00525761
2.350	0.650	0.000	1.00542057
2.450	0.650	0.000	1.00513053
-2.450	0.750	0.000	1.00223100
-2.350	0.750	0.000	1.00265634
-2.250	0.750	0.000	1.00290608
-2.150	0.750	0.000	1.00457013
-2.050	0.750	0.000	1.00595629
-1.950	0.750	0.000	1.00840902
-1.850	0.750	0.000	1.01060295
-1.750	0.750	0.000	1.01369619
-1.650	0.750	0.000	1.01710498
-1.550	0.750	0.000	1.01988721
-1.450	0.750	0.000	1.02192640
-1.350	0.750	0.000	1.02114749
-1.250	0.750	0.000	1.01882732
-1.150	0.750	0.000	1.01586998
-1.050	0.750	0.000	1.01286292
-0.950	0.750	0.000	1.00985444
-0.850	0.750	0.000	1.00714326
-0.750	0.750	0.000	1.00484061
-0.650	0.750	0.000	1.00289047
-0.550	0.750	0.000	1.00144851
-0.450	0.750	0.000	1.00049412
-0.350	0.750	0.000	1.00006235
-0.250	0.750	0.000	1.00004900
-0.150	0.750	0.000	1.00029969
-0.050	0.750	0.000	1.00069273
0.050	0.750	0.000	1.00103319
0.150	0.750	0.000	1.00135517
0.250	0.750	0.000	1.00161970
0.350	0.750	0.000	1.00192690
0.450	0.750	0.000	1.00234902
0.550	0.750	0.000	1.00279176
0.650	0.750	0.000	1.00346112
0.750	0.750	0.000	1.00368643
0.850	0.750	0.000	1.00384450
0.950	0.750	0.000	1.00323677
1.050	0.750	0.000	1.00224626
1.150	0.750	0.000	1.00132453
1.250	0.750	0.000	1.00085104
1.350	0.750	0.000	1.00108838
1.450	0.750	0.000	1.00234067
1.550	0.750	0.000	1.00435042
1.650	0.750	0.000	1.00660992
1.750	0.750	0.000	1.00845981
1.850	0.750	0.000	1.00918162
1.950	0.750	0.000	1.00837612
2.050	0.750	0.000	1.00741625
2.150	0.750	0.000	1.00631702
2.250	0.750	0.000	1.00463104
2.350	0.750	0.000	1.00449312
2.450	0.750	0.000	1.00315905
-2.450	0.850	0.000	1.00117862
-2.350	0.850	0.000	1.00119221
-2.250	0.850	0.000	1.00140047
-2.150	0.850	0.000	1.00240195
-2.050	0.850	0.000	1.00334573
-1.950	0.850	0.000	1.00545502
-1.850	0.850	0.000	1.00763619
-1.750	0.850	0.000	1.01102889
-1.650	0.850	0.000	1.01449537
-1.550	0.850	0.000	1.01749849
-1.450	0.850	0.000	1.01903713
-1.350	0.850	0.000	1.01988518
-1.250	0.850	0.000	1.01983190
-1.150	0.850	0.000	1.01774311
-1.050	0.850	0.000	1.01519287
-0.950	0.850	0.000	1.01267505
-0.850	0.850	0.000	1.01006079
-0.750	0.850	0.000	1.00762844
-0.650	0.850	0.000	1.00543249
-0.550	0.850	0.000	1.00351870
-0.450	0.850	0.000	1.00200105
-0.350	0.850	0.000	1.00091219
-0.250	0.850	0.000	1.00028360
-0.150	0.850	0.000	1.00002909
-0.050	0.850	0.000	1.00003374
0.050	0.850	0.000	1.00019574
0.150	0.850	0.000	1.00035524
0.250	0.850	0.000	1.00059211
0.350	0.850	0.000	1.00084269
0.450	0.850	0.000	1.00125444
0.550	0.850	0.000	1.00170481
0.650	0.850	0.000	1.00236475
0.750	0.850	0.000	1.00268281
0.850	0.850	0.000	1.00286102
0.950	0.850	0.000	1.00238228
1.050	0.850	0.000	1.00154650
1.150	0.850	0.000	1.00081861
1.250	0.850	0.000	1.00056970
1.350	0.850	0.000	1.00106668
1.450	0.850	0.000	1.00251174
1.550	0.850	0.000	1.00473070
1.650	0.850	0.000	1.00743926
1.750	0.850	0.000	1.00973940
1.850	0.850	0.000	1.01074255
1.950	0.850	0.000	1.00983274
2.050	0.850	0.000	1.00846350
2.150	0.850	0.000	1.00708067
2.250	0.850	0.000	1.00473678
2.350	0.850	0.000	1.00429165
2.450	0.850	0.000	1.00226188
-2.450	0.950	0.000	1.00086439
-2.350	0.950	0.000	1.00055742
-2.250	0.950	0.000	1.00057280
-2.150	0.950	0.000	1.00112224
-2.050	0.950	0.000	1.00152624
-1.950	0.950	0.000	1.00307655
-1.850	0.950	0.000	1.00462675
-1.750	0.950	0.000	1.00739276
-1.650	0.950	0.000	1.01042664
-1.550	0.950	0.000	1.01329958
-1.450	0.950	0.000	1.01583648
-1.350	0.950	0.000	1.01721966
-1.250	0.950	0.000	1.01746345
-1.150	0.950	0.000	1.01724064
-1.050	0.950	0.000	1.01602864
-0.950	0.950	0.000	1.01452136
-0.850	0.950	0.000	1.01238978
-0.750	0.950	0.000	1.01027071
-0.650	0.950	0.000	1.00812566
-0.550	0.950	0.000	1.00609207
-0.450	0.950	0.000	1.00424600
-0.350	0.950	0.000	1.00269318
-0.250	0.950	0.000	1.00154126
-0.150	0.950	0.000	1.00073969
-0.050	0.950	0.000	1.00032699
0.050	0.950	0.000	1.00010490
0.150	0.950	0.000	1.00007284
0.250	0.950	0.000	1.00015426
0.350	0.950	0.000	1.00031865
0.450	0.950	0.000	1.00067759
0.550	0.950	0.000	1.00111818
0.650	0.950	0.000	1.00174356
0.750	0.950	0.000	1.00212538
0.850	0.950	0.000	1.00231731
0.950	0.950	0.000	1.00192308
1.050	0.950	0.000	1.00113690
1.150	0.950	0.000	1.00046110
1.250	0.950	0.000	1.00027847
1.350	0.950	0.000	1.00089622
1.450	0.950	0.000	1.00246096
1.550	0.950	0.000	1.00479949
1.650	0.950	0.000	1.00754392
1.750	0.950	0.000	1.00997806
1.850	0.950	0.000	1.01131189
1.950	0.950	0.000	1.01108611
2.050	0.950	0.000	1.01000321
2.150	0.950	0.000	1.00885272
2.250	0.950	0.000	1.00617087
2.350	0.950	0.000	1.00559056
2.450	0.950	0.000	1.00297940
-2.450	1.050	0.000	1.00040913
-2.350	1.050	0.000	1.00013435
-2.250	1.050	0.000	1.00013041
-2.150	1.050	0.000	1.00032187
-2.050	1.050	0.000	1.00061238
-1.950	1.050	0.000	1.00150907
-1.850	1.050	0.000	1.00282443
-1.750	1.050	0.000	1.00477457
-1.650	1.050	0.000	1.00689590
-1.550	1.050	0.000	1.00910294
-1.450	1.050	0.000	1.01102281
-1.350	1.050	0.000	1.01280820
-1.250	1.050	0.000	1.01416612
-1.150	1.050	0.000	1.01506710
-1.050	1.050	0.000	1.01497889
-0.950	1.050	0.000	1.01461375
-0.850	1.050	0.000	1.01379013
-0.750	1.050	0.000	1.01217747
-0.650	1.050	0.000	1.01046824
-0.550	1.050	0.000	1.00860286
-0.450	1.050	0.000	1.00674760
-0.350	1.050	0.000	1.00498688
-0.250	1.050	0.000	1.00350296
-0.150	1.050	0.000	1.00229597
-0.050	1.050	0.000	1.00145173
0.050	1.050	0.000	1.00091231
0.150	1.050	0.000	1.00057030
0.250	1.050	0.000	1.00048554
0.350	1.050	0.000	1.00052893
0.450	1.050	0.000	1.00078750
0.550	1.050	0.000	1.00118780
0.650	1.050	0.000	1.00176501
0.750	1.050	0.000	1.00214624
0.850	1.050	0.000	1.00234330
0.950	1.050	0.000	1.00194144
1.050	1.050	0.000	1.00111830
1.150	1.050	0.000	1.00036442
1.250	1.050	0.000	1.00006831
1.350	1.050	0.000	1.00054181
1.450	1.050	0.000	1.00190389
1.550	1.050	0.000	1.00402343
1.650	1.050	0.000	1.00697899
1.750	1.050	0.000	1.00998950
1.850	1.050	0.000	1.01210403
1.950	1.050	0.000	1.01275206
2.050	1.050	0.000	1.01153338
2.150	1.050	0.000	1.01096785
2.250	1.050	0.000	1.00817239
2.350	1.050	0.000	1.00763810
2.450	1.050	0.000	1.00494635
-2.450	1.150	0.000	1.00024891
-2.350	1.150	0.000	1.00004351
-2.250	1.150	0.000	1.00001454
-2.150	1.150	0.000	1.00008154
-2.050	1.150	0.000	1.00025833
-1.950	1.150	0.000	1.00079012
-1.850	1.150	0.000	1.00170851
-1.750	1.150	0.000	1.00303113
-1.650	1.150	0.000	1.00429463
-1.550	1.150	0.000	1.00589299
-1.450	1.150	0.000	1.00714993
-1.350	1.150	0.000	1.00880730
-1.250	1.150	0.000	1.01021814
-1.150	1.150	0.000	1.01162887
-1.050	1.150	0.000	1.01296735
-0.950	1.150	0.000	1.01331639
-0.850	1.150	0.000	1.01356006
-0.750	1.150	0.000	1.01317263
-0.650	1.150	0.000	1.01195550
-0.550	1.150	0.000	1.01055300
-0.450	1.150	0.000	1.00893915
-0.350	1.150	0.000	1.00724983
-0.250	1.150	0.000	1.00565219
-0.150	1.150	0.000	1.00425673
-0.050	1.150	0.000	1.00310087
0.050	1.150	0.000	1.00231147
0.150	1.150	0.000	1.00169909
0.250	1.150	0.000	1.00141037
0.350	1.150	0.000	1.00133026
0.450	1.150	0.000	1.00145340
0.550	1.150	0.000	1.00181293
0.650	1.150	0.000	1.00230157
0.750	1.150	0.000	1.00270176
0.850	1.150	0.000	1.00288904
0.950	1.150	0.000	1.00253391
1.050	1.150	0.000	1.00158536
1.150	1.150	0.000	1.00064754
1.250	1.150	0.000	1.00003278
1.350	1.150	0.000	1.00020123
1.450	1.150	0.000	1.00121331
1.550	1.150	0.000	1.00310719
1.650	1.150	0.000	1.00564730
1.750	1.150	0.000	1.00845397
1.850	1.150	0.000	1.01125872
1.950	1.150	0.000	1.01333606
2.050	1.150	0.000	1.01329052
2.150	1.150	0.000	1.01360559
2.250	1.150	0.000	1.01130939
2.350	1.150	0.000	1.01106417
2.450	1.150	0.000	1.00852478
-2.450	1.250	0.000	1.00008750
-2.350	1.250	0.000	1.00001955
-2.250	1.250	0.000	1.00001037
-2.150	1.250	0.000	1.00005996
-2.050	1.250	0.000	1.00024641
-1.950	1.250	0.000	1.00056612
-1.850	1.250	0.000	1.00130725
-1.750	1.250	0.000	1.00212836
-1.650	1.250	0.000	1.00287724
-1.550	1.250	0.000	1.00359762
-1.450	1.250	0.000	1.00439000
-1.350	1.250	0.000	1.00541866
-1.250	1.250	0.000	1.00681186
-1.150	1.250	0.000	1.00842011
-1.050	1.250	0.000	1.00999653
-0.950	1.250	0.000	1.01155150
-0.850	1.250	0.000	1.01230609
-0.750	1.250	0.000	1.01276374
-0.650	1.250	0.000	1.01257885
-0.550	1.250	0.000	1.01163530
-0.450	1.250	0.000	1.01040149
-0.350	1.250	0.000	1.00898838
-0.250	1.250	0.000	1.00748873
-0.150	1.250	0.000	1.00606191
-0.050	1.250	0.000	1.00482464
0.050	1.250	0.000	1.00378847
0.150	1.250	0.000	1.00309658
0.250	1.250	0.000	1.00253987
0.350	1.250	0.000	1.00238562
0.450	1.250	0.000	1.00239635
0.550	1.250	0.000	1.00269294
0.650	1.250	0.000	1.00312233
0.750	1.250	0.000	1.00356758
0.850	1.250	0.000	1.00368893
0.950	1.250	0.000	1.00342906
1.050	1.250	0.000	1.00235915
1.150	1.250	0.000	1.00122488
1.250	1.250	0.000	1.00029016
1.350	1.250	0.000	1.00001085
1.450	1.250	0.000	1.00052845
1.550	1.250	0.000	1.00183463
1.650	1.250	0.000	1.00404751
1.750	1.250	0.000	1.00709093
1.850	1.250	0.000	1.01017916
1.950	1.250	0.000	1.01259565
2.050	1.250	0.000	1.01300764
2.150	1.250	0.000	1.01470697
2.250	1.250	0.000	1.01316106
2.350	1.250	0.000	1.01369190
2.450	1.250	0.000	1.01182497
-2.450	1.350	0.000	1.00002587
-2.350	1.350	0.000	1.00000656
-2.250	1.350	0.000	1.00002515
-2.150	1.350	0.000	1.00010371
-2.050	1.350	0.000	1.00033236
-1.950	1.350	0.000	1.00064898
-1.850	1.350	0.000	1.00128257
-1.750	1.350	0.000	1.00183725
-1.650	1.350	0.000	1.00224233
-1.550	1.350	0.000	1.00251043
-1.450	1.350	0.000	1.00268710
-1.350	1.350	0.000	1.00324368
-1.250	1.350	0.000	1.00409663
-1.150	1.350	0.000	1.00553083
-1.050	1.350	0.000	1.00721884
-0.950	1.350	0.000	1.00898373
-0.850	1.350	0.000	1.01049888
-0.750	1.350	0.000	1.01150954
-0.650	1.350	0.000	1.01199377
-0.550	1.350	0.000	1.01182449
-0.450	1.350	0.000	1.01108718
-0.350	1.350	0.000	1.00992477
-0.250	1.350	0.000	1.00865769
-0.150	1.350	0.000	1.00733411
-0.050	1.350	0.000	1.00613594
0.050	1.350	0.000	1.00503802
0.150	1.350	0.000	1.00426102
0.250	1.350	0.000	1.00358117
0.350	1.350	0.000	1.00331151
0.450	1.350	0.000	1.00323772
0.550	1.350	0.000	1.00343919
0.650	1.350	0.000	1.00384569
0.750	1.350	0.000	1.00431991
0.850	1.350	0.000	1.00449073
0.950	1.350	0.000	1.00437307
1.050	1.350	0.000	1.00340354
1.150	1.350	0.000	1.00210130
1.250	1.350	0.000	1.00082922
1.350	1.350	0.000	1.00009394
1.450	1.350	0.000	1.00010467
1.550	1.350	0.000	1.00088763
1.650	1.350	0.000	1.00242698
1.750	1.350	0.000	1.00482595
1.850	1.350	0.000	1.00772929
1.950	1.350	0.000	1.01112497
2.050	1.350	0.000	1.01291585
2.150	1.350	0.000	1.01498175
2.250	1.350	0.000	1.01467943
2.350	1.350	0.000	1.01578891
2.450	1.350	0.000	1.01493180
-2.450	1.450	0.000	1.00003052
-2.350	1.450	0.000	1.00000465
-2.250	1.450	0.000	1.00005341
-2.150	1.450	0.000	1.00015152
-2.050	1.450	0.000	1.00043869
-1.950	1.450	0.000	1.00067055
-1.850	1.450	0.000	1.00124252
-1.750	1.450	0.000	1.00178194
-1.650	1.450	0.000	1.00225389
-1.550	1.450	0.000	1.00210321
-1.450	1.450	0.000	1.00201774
-1.350	1.450	0.000	1.00198460
-1.250	1.450	0.000	1.00240946
-1.150	1.450	0.000	1.00333273
-1.050	1.450	0.000	1.00480020
-0.950	1.450	0.000	1.00651705
-0.850	1.450	0.000	1.00832498
-0.750	1.450	0.000	1.00971806
-0.650	1.450	0.000	1.01070416
-0.550	1.450	0.000	1.01110208
-0.450	1.450	0.000	1.01079357
-0.350	1.450	0.000	1.01016986
-0.250	1.450	0.000	1.00912249
-0.150	1.450	0.000	1.00797093
-0.050	1.450	0.000	1.00683451
0.050	1.450	0.000	1.00583887
0.150	1.450	0.000	1.00494051
0.250	1.450	0.000	1.00438154
0.350	1.450	0.000	1.00390148
0.450	1.450	0.000	1.00393951
0.550	1.450	0.000	1.00401688
0.650	1.450	0.000	1.00448287
0.750	1.450	0.000	1.00490117
0.850	1.450	0.000	1.00526679
0.950	1.450	0.000	1.00518012
1.050	1.450	0.000	1.00446212
1.150	1.450	0.000	1.00308049
1.250	1.450	0.000	1.00166035
1.350	1.450	0.000	1.00050497
1.450	1.450	0.000	1.00001538
1.550	1.450	0.000	1.00023115
1.650	1.450	0.000	1.00119281
1.750	1.450	0.000	1.00298500
1.850	1.450	0.000	1.00531352
1.950	1.450	0.000	1.00820327
2.050	1.450	0.000	1.01073670
2.150	1.450	0.000	1.01349354
2.250	1.450	0.000	1.01461899
2.350	1.450	0.000	1.01672053
2.450	1.450	0.000	1.01719928
-2.450	1.550	0.000	1.00023603
-2.350	1.550	0.000	1.00001132
-2.250	1.550	0.000	1.00007820
-2.150	1.550	0.000	1.00019240
-2.050	1.550	0.000	1.00053084
-1.950	1.550	0.000	1.00076997
-1.850	1.550	0.000	1.00137746
-1.750	1.550	0.000	1.00168884
-1.650	1.550	0.000	1.00216508
-1.550	1.550	0.000	1.00216746
-1.450	1.550	0.000	1.00188816
-1.350	1.550	0.000	1.00149381
-1.250	1.550	0.000	1.00142241
-1.150	1.550	0.000	1.00185037
-1.050	1.550	0.000	1.00288260
-0.950	1.550	0.000	1.00437558
-0.850	1.550	0.000	1.00604403
-0.750	1.550	0.000	1.00779760
-0.650	1.550	0.000	1.00890934
-0.550	1.550	0.000	1.00986886
-0.450	1.550	0.000	1.00996864
-0.350	1.550	0.000	1.00956118
-0.250	1.550	0.000	1.00896430
-0.150	1.550	0.000	1.00809371
-0.050	1.550	0.000	1.00708151
0.050	1.550	0.000	1.00618601
0.150	1.550	0.000	1.00529206
0.250	1.550	0.000	1.00476086
0.350	1.550	0.000	1.00418782
0.450	1.550	0.000	1.00415540
0.550	1.550	0.000	1.00424612
0.650	1.550	0.000	1.00466394
0.750	1.550	0.000	1.00514758
0.850	1.550	0.000	1.00563002
0.950	1.550	0.000	1.00572956
1.050	1.550	0.000	1.00537896
1.150	1.550	0.000	1.00418615
1.250	1.550	0.000	1.00272560
1.350	1.550	0.000	1.00129426
1.450	1.550	0.000	1.00031376
1.550	1.550	0.000	1.00000703
1.650	1.550	0.000	1.00037515
1.750	1.550	0.000	1.00148308
1.850	1.550	0.000	1.00318909
1.950	1.550	0.000	1.00565493
2.050	1.550	0.000	1.00785375
2.150	1.550	0.000	1.01081848
2.250	1.550	0.000	1.01242483
2.350	1.550	0.000	1.01491618
2.450	1.550	0.000	1.01654279
-2.450	1.650	0.000	1.00049245
-2.350	1.650	0.000	1.00006866
-2.250	1.650	0.000	1.00011969
-2.150	1.650	0.000	1.00018215
-2.050	1.650	0.000	1.00056040
-1.950	1.650	0.000	1.00068629
-1.850	1.650	0.000	1.00124776
-1.750	1.650	0.000	1.00174510
-1.650	1.650	0.000	1.00217509
-1.550	1.650	0.000	1.00232255
-1.450	1.650	0.000	1.00190747
-1.350	1.650	0.000	1.00149810
-1.250	1.650	0.000	1.00102425
-1.150	1.650	0.000	1.00104654
-1.050	1.650	0.000	1.00158978
-0.950	1.650	0.000	1.00271356
-0.850	1.650	0.000	1.00418091
-0.750	1.650	0.000	1.00575531
-0.650	1.650	0.000	1.00723600
-0.550	1.650	0.000	1.00809908
-0.450	1.650	0.000	1.00885284
-0.350	1.650	0.000	1.00867903
-0.250	1.650	0.000	1.00827396
-0.150	1.650	0.000	1.00766027
-0.050	1.650	0.000	1.00689495
0.050	1.650	0.000	1.00615716
0.150	1.650	0.000	1.00536215
0.250	1.650	0.000	1.00491619
0.350	1.650	0.000	1.00443816
0.450	1.650	0.000	1.00433886
0.550	1.650	0.000	1.00436974
0.650	1.650	0.000	1.00473356
0.750	1.650	0.000	1.00525713
0.850	1.650	0.000	1.00577247
0.950	1.650	0.000	1.00608778
1.050	1.650	0.000	1.00593746
1.150	1.650	0.000	1.00518942
1.250	1.650	0.000	1.00392616
1.350	1.650	0.000	1.00241935
1.450	1.650	0.000	1.00108969
1.550	1.650	0.000	1.00025475
1.650	1.650	0.000	1.00004172
1.750	1.650	0.000	1.00051856
1.850	1.650	0.000	1.00158072
1.950	1.650	0.000	1.00341654
2.050	1.650	0.000	1.00518310
2.150	1.650	0.000	1.00783825
2.250	1.650	0.000	1.00977397
2.350	1.650	0.000	1.01214528
2.450	1.650	0.000	1.01478946
-2.450	1.750	0.000	1.00093138
-2.350	1.750	0.000	1.00019836
-2.250	1.750	0.000	1.00015771
-2.150	1.750	0.000	1.00019825
-2.050	1.750	0.000	1.00059569
-1.950	1.750	0.000	1.00071740
-1.850	1.750	0.000	1.00120890
-1.750	1.750	0.000	1.00155830
-1.650	1.750	0.000	1.00205946
-1.550	1.750	0.000	1.00235653
-1.450	1.750	0.000	1.00215948
-1.350	1.750	0.000	1.00160170
-1.250	1.750	0.000	1.00100625
-1.150	1.750	0.000	1.00058830
-1.050	1.750	0.000	1.00071692
-0.950	1.750	0.000	1.00134099
-0.850	1.750	0.000	1.00251710
-0.750	1.750	0.000	1.00387287
-0.650	1.750	0.000	1.00537300
-0.550	1.750	0.000	1.00639641
-0.450	1.750	0.000	1.00727749
-0.350	1.750	0.000	1.00754893
-0.250	1.750	0.000	1.00737393
-0.150	1.750	0.000	1.00700581
-0.050	1.750	0.000	1.00643146
0.050	1.750	0.000	1.00588906
0.150	1.750	0.000	1.00520706
0.250	1.750	0.000	1.00468159
0.350	1.750	0.000	1.00428307
0.450	1.750	0.000	1.00410509
0.550	1.750	0.000	1.00421739
0.650	1.750	0.000	1.00444579
0.750	1.750	0.000	1.00498962
0.850	1.750	0.000	1.00548160
0.950	1.750	0.000	1.00603139
1.050	1.750	0.000	1.00625050
1.150	1.750	0.000	1.00606072
1.250	1.750	0.000	1.00503647
1.350	1.750	0.000	1.00376272
1.450	1.750	0.000	1.00234568
1.550	1.750	0.000	1.00107169
1.650	1.750	0.000	1.00028491
1.750	1.750	0.000	1.00005496
1.850	1.750	0.000	1.00046134
1.950	1.750	0.000	1.00158954
2.050	1.750	0.000	1.00284696
2.150	1.750	0.000	1.00485241
2.250	1.750	0.000	1.00695813
2.350	1.750	0.000	1.00867510
2.450	1.750	0.000	1.01200664
-2.450	1.850	0.000	1.00153947
-2.350	1.850	0.000	1.00056493
-2.250	1.850	0.000	1.00024128
-2.150	1.850	0.000	1.00020289
-2.050	1.850	0.000	1.00053287
-1.950	1.850	0.000	1.00065088
-1.850	1.850	0.000	1.00103486
-1.750	1.850	0.000	1.00139380
-1.650	1.850	0.000	1.00195193
-1.550	1.850	0.000	1.00223494
-1.450	1.850	0.000	1.00214779
-1.350	1.850	0.000	1.00176191
-1.250	1.850	0.000	1.00109506
-1.150	1.850	0.000	1.00054920
-1.050	1.850	0.000	1.00040603
-0.950	1.850	0.000	1.00072968
-0.850	1.850	0.000	1.00152540
-0.750	1.850	0.000	1.00264359
-0.650	1.850	0.000	1.00389874
-0.550	1.850	0.000	1.00500655
-0.450	1.850	0.000	1.00582170
-0.350	1.850	0.000	1.00634718
-0.250	1.850	0.000	1.00637579
-0.150	1.850	0.000	1.00621510
-0.050	1.850	0.000	1.00580287
0.050	1.850	0.000	1.00536239
0.150	1.850	0.000	1.00495875
0.250	1.850	0.000	1.00453103
0.350	1.850	0.000	1.00430191
0.450	1.850	0.000	1.00407028
0.550	1.850	0.000	1.00413394
0.650	1.850	0.000	1.00432169
0.750	1.850	0.000	1.00478482
0.850	1.850	0.000	1.00520384
0.950	1.850	0.000	1.00575411
1.050	1.850	0.000	1.00590372
1.150	1.850	0.000	1.00606489
1.250	1.850	0.000	1.00566304
1.350	1.850	0.000	1.00486517
1.450	1.850	0.000	1.00367665
1.550	1.850	0.000	1.00236678
1.650	1.850	0.000	1.00120461
1.750	1.850	0.000	1.00031078
1.850	1.850	0.000	1.00010252
1.950	1.850	0.000	1.00046003
2.050	1.850	0.000	1.00134182
2.150	1.850	0.000	1.00244784
2.250	1.850	0.000	1.00452197
2.350	1.850	0.000	1.00549495
2.450	1.850	0.000	1.00896525
-2.450	1.950	0.000	1.00159121
-2.350	1.950	0.000	1.00083709
-2.250	1.950	0.000	1.00034297
-2.150	1.950	0.000	1.00019908
-2.050	1.950	0.000	1.00042975
-1.950	1.950	0.000	1.00053084
-1.850	1.950	0.000	1.00094354
-1.750	1.950	0.000	1.00130558
-1.650	1.950	0.000	1.00182378
-1.550	1.950	0.000	1.00226009
-1.450	1.950	0.000	1.00245094
-1.350	1.950	0.000	1.00194073
-1.250	1.950	0.000	1.00142872
-1.150	1.950	0.000	1.00065255
-1.050	1.950	0.000	1.00020874
-0.950	1.950	0.000	1.00016975
-0.850	1.950	0.000	1.00061965
-0.750	1.950	0.000	1.00146163
-0.650	1.950	0.000	1.00253153
-0.550	1.950	0.000	1.00364053
-0.450	1.950	0.000	1.00448239
-0.350	1.950	0.000	1.00518739
-0.250	1.950	0.000	1.00549078
-0.150	1.950	0.000	1.00552261
-0.050	1.950	0.000	1.00533521
0.050	1.950	0.000	1.00501943
0.150	1.950	0.000	1.00461006
0.250	1.950	0.000	1.00420237
0.350	1.950	0.000	1.00392914
0.450	1.950	0.000	1.00368452
0.550	1.950	0.000	1.00364482
0.650	1.950	0.000	1.00373816
0.750	1.950	0.000	1.00411355
0.850	1.950	0.000	1.00448608
0.950	1.950	0.000	1.00507891
1.050	1.950	0.000	1.00554383
1.150	1.950	0.000	1.00594020
1.250	1.950	0.000	1.00594473
1.350	1.950	0.000	1.00567496
1.450	1.950	0.000	1.00502253
1.550	1.950	0.000	1.00388837
1.650	1.950	0.000	1.00260568
1.750	1.950	0.000	1.00138783
1.850	1.950	0.000	1.00054300
1.950	1.950	0.000	1.00011587
2.050	1.950	0.000	1.00040853
2.150	1.950	0.000	1.00077856
2.250	1.950	0.000	1.00236738
2.350	1.950	0.000	1.00297379
2.450	1.950	0.000	1.00598466
-2.450	2.050	0.000	1.00185204
-2.350	2.050	0.000	1.00117350
-2.250	2.050	0.000	1.00051379
-2.150	2.050	0.000	1.00028384
-2.050	2.050	0.000	1.00033462
-1.950	2.050	0.000	1.00042653
-1.850	2.050	0.000	1.00075376
-1.750	2.050	0.000	1.00112355
-1.650	2.050	0.000	1.00159276
-1.550	2.050	0.000	1.00202298
-1.450	2.050	0.000	1.00217199
-1.350	2.050	0.000	1.00182116
-1.250	2.050	0.000	1.00138664
-1.150	2.050	0.000	1.00067925
-1.050	2.050	0.000	1.00024879
-0.950	2.050	0.000	1.00012553
-0.850	2.050	0.000	1.00037849
-0.750	2.050	0.000	1.00097227
-0.650	2.050	0.000	1.00175977
-0.550	2.050	0.000	1.00265408
-0.450	2.050	0.000	1.00342619
-0.350	2.050	0.000	1.00408363
-0.250	2.050	0.000	1.00451708
-0.150	2.050	0.000	1.00465012
-0.050	2.050	0.000	1.00463307
0.050	2.050	0.000	1.00451910
0.150	2.050	0.000	1.00434875
0.250	2.050	0.000	1.00409973
0.350	2.050	0.000	1.00392377
0.450	2.050	0.000	1.00377023
0.550	2.050	0.000	1.00370586
0.650	2.050	0.000	1.00371349
0.750	2.050	0.000	1.00388837
0.850	2.050	0.000	1.00404608
0.950	2.050	0.000	1.00435185
1.050	2.050	0.000	1.00464094
1.150	2.050	0.000	1.00499964
1.250	2.050	0.000	1.00531578
1.350	2.050	0.000	1.00542927
1.450	2.050	0.000	1.00527930
1.550	2.050	0.000	1.00482810
1.650	2.050	0.000	1.00392282
1.750	2.050	0.000	1.00264227
1.850	2.050	0.000	1.00148487
1.950	2.050	0.000	1.00066185
2.050	2.050	0.000	1.00038326
2.150	2.050	0.000	1.00049901
2.250	2.050	0.000	1.00123882
2.350	2.050	0.000	1.00175965
2.450	2.050	0.000	1.00348246
-2.450	2.150	0.000	1.00166881
-2.350	2.150	0.000	1.00131965
-2.250	2.150	0.000	1.00066411
-2.150	2.150	0.000	1.00040185
-2.050	2.150	0.000	1.00023603
-1.950	2.150	0.000	1.00024903
-1.850	2.150	0.000	1.00058758
-1.750	2.150	0.000	1.00103080
-1.650	2.150	0.000	1.00166130
-1.550	2.150	0.000	1.00225008
-1.450	2.150	0.000	1.00250363
-1.350	2.150	0.000	1.00223160
-1.250	2.150	0.000	1.00177884
-1.150	2.150	0.000	1.00101936
-1.050	2.150	0.000	1.00040627
-0.950	2.150	0.000	1.00006545
-0.850	2.150	0.000	1.00011301
-0.750	2.150	0.000	1.00054836
-0.650	2.150	0.000	1.00126743
-0.550	2.150	0.000	1.00211728
-0.450	2.150	0.000	1.00289857
-0.350	2.150	0.000	1.00355768
-0.250	2.150	0.000	1.00406110
-0.150	2.150	0.000	1.00432646
-0.050	2.150	0.000	1.00435829
0.050	2.150	0.000	1.00423300
0.150	2.150	0.000	1.00401628
0.250	2.150	0.000	1.00373614
0.350	2.150	0.000	1.00347674
0.450	2.150	0.000	1.00324285
0.550	2.150	0.000	1.00312996
0.650	2.150	0.000	1.00306404
0.750	2.150	0.000	1.00322282
0.850	2.150	0.000	1.00341046
0.950	2.150	0.000	1.00374544
1.050	2.150	0.000	1.00409603
1.150	2.150	0.000	1.00450063
1.250	2.150	0.000	1.00490904
1.350	2.150	0.000	1.00525057
1.450	2.150	0.000	1.00551569
1.550	2.150	0.000	1.00543547
1.650	2.150	0.000	1.00512171
1.750	2.150	0.000	1.00432277
1.850	2.150	0.000	1.00305891
1.950	2.150	0.000	1.00190854
2.050	2.150	0.000	1.00094414
2.150	2.150	0.000	1.00072253
2.250	2.150	0.000	1.00071108
2.350	2.150	0.000	1.00109184
2.450	2.150	0.000	1.00197721
-2.450	2.250	0.000	1.00098777
-2.350	2.250	0.000	1.00093389
-2.250	2.250	0.000	1.00053251
-2.150	2.250	0.000	1.00037920
-2.050	2.250	0.000	1.00020564
-1.950	2.250	0.000	1.00020492
-1.850	2.250	0.000	1.00046206
-1.750	2.250	0.000	1.00083816
-1.650	2.250	0.000	1.00133967
-1.550	2.250	0.000	1.00184441
-1.450	2.250	0.000	1.00204635
-1.350	2.250	0.000	1.00184727
-1.250	2.250	0.000	1.00148749
-1.150	2.250	0.000	1.00089443
-1.050	2.250	0.000	1.00039959
-0.950	2.250	0.000	1.00006819
-0.850	2.250	0.000	1.00001478
-0.750	2.250	0.000	1.00022626
-0.650	2.250	0.000	1.00066113
-0.550	2.250	0.000	1.00125360
-0.450	2.250	0.000	1.00193930
-0.350	2.250	0.000	1.00259399
-0.250	2.250	0.000	1.00313771
-0.150	2.250	0.000	1.00355029
-0.050	2.250	0.000	1.00380445
0.050	2.250	0.000	1.00390589
0.150	2.250	0.000	1.00387692
0.250	2.250	0.000	1.00373280
0.350	2.250	0.000	1.00353849
0.450	2.250	0.000	1.00331831
0.550	2.250	0.000	1.00311553
0.650	2.250	0.000	1.00291634
0.750	2.250	0.000	1.00276852
0.850	2.250	0.000	1.00263095
0.950	2.250	0.000	1.00263500
1.050	2.250	0.000	1.00272930
1.150	2.250	0.000	1.00302911
1.250	2.250	0.000	1.00346887
1.350	2.250	0.000	1.00397468
1.450	2.250	0.000	1.00447047
1.550	2.250	0.000	1.00482726
1.650	2.250	0.000	1.00491607
1.750	2.250	0.000	1.00461662
1.850	2.250	0.000	1.00382721
1.950	2.250	0.000	1.00297642
2.050	2.250	0.000	1.00192177
2.150	2.250	0.000	1.00178599
2.250	2.250	0.000	1.00130022
2.350	2.250	0.000	1.00164402
2.450	2.250	0.000	1.00161576
-2.450	2.350	0.000	1.00101900
-2.350	2.350	0.000	1.00105095
-2.250	2.350	0.000	1.00065696
-2.150	2.350	0.000	1.00053310
-2.050	2.350	0.000	1.00023341
-1.950	2.350	0.000	1.00016999
-1.850	2.350	0.000	1.00038052
-1.750	2.350	0.000	1.00078630
-1.650	2.350	0.000	1.00144088
-1.550	2.350	0.000	1.00201988
-1.450	2.350	0.000	1.00232840
-1.350	2.350	0.000	1.00221312
-1.250	2.350	0.000	1.00171113
-1.150	2.350	0.000	1.00108707
-1.050	2.350	0.000	1.00049281
-0.950	2.350	0.000	1.00011516
-0.850	2.350	0.000	1.00000620
-0.750	2.350	0.000	1.00019562
-0.650	2.350	0.000	1.00062990
-0.550	2.350	0.000	1.00121224
-0.450	2.350	0.000	1.00184131
-0.350	2.350	0.000	1.00249815
-0.250	2.350	0.000	1.00306952
-0.150	2.350	0.000	1.00347352
-0.050	2.350	0.000	1.00373971
0.050	2.350	0.000	1.00380313
0.150	2.350	0.000	1.00375891
0.250	2.350	0.000	1.00357330
0.350	2.350	0.000	1.00335121
0.450	2.350	0.000	1.00309885
0.550	2.350	0.000	1.00283861
0.650	2.350	0.000	1.00262630
0.750	2.350	0.000	1.00253046
0.850	2.350	0.000	1.00248992
0.950	2.350	0.000	1.00252676
1.050	2.350	0.000	1.00258934
1.150	2.350	0.000	1.00281692
1.250	2.350	0.000	1.00319362
1.350	2.350	0.000	1.00370228
1.450	2.350	0.000	1.00433171
1.550	2.350	0.000	1.00493836
1.650	2.350	0.000	1.00531745
1.750	2.350	0.000	1.00542080
1.850	2.350	0.000	1.00489640
1.950	2.350	0.000	1.00412142
2.050	2.350	0.000	1.00284183
2.150	2.350	0.000	1.00245345
2.250	2.350	0.000	1.00167775
2.350	2.350	0.000	1.00196087
2.450	2.350	0.000	1.00164318
-2.450	2.450	0.000	1.00032699
-2.350	2.450	0.000	1.00043952
-2.250	2.450	0.000	1.00031507
-2.150	2.450	0.000	1.00031614
-2.050	2.450	0.000	1.00017548
-1.950	2.450	0.000	1.00022399
-1.850	2.450	0.000	1.00040019
-1.750	2.450	0.000	1.00071454
-1.650	2.450	0.000	1.00118041
-1.550	2.450	0.000	1.00157869
-1.450	2.450	0.000	1.00177813
-1.350	2.450	0.000	1.00170994
-1.250	2.450	0.000	1.00137317
-1.150	2.450	0.000	1.00091577
-1.050	2.450	0.000	1.00050735
-0.950	2.450	0.000	1.00019991
-0.850	2.450	0.000	1.00005257
-0.750	2.450	0.000	1.00007844
-0.650	2.450	0.000	1.00027168
-0.550	2.450	0.000	1.00062370
-0.450	2.450	0.000	1.00114644
-0.350	2.450	0.000	1.00171983
-0.250	2.450	0.000	1.00232041
-0.150	2.450	0.000	1.00284708
-0.050	2.450	0.000	1.00333703
0.050	2.450	0.000	1.00363636
0.150	2.450	0.000	1.00380981
0.250	2.450	0.000	1.00378096
0.350	2.450	0.000	1.00361323
0.450	2.450	0.000	1.00340176
0.550	2.450	0.000	1.00306082
0.650	2.450	0.000	1.00266349
0.750	2.450	0.000	1.00224733
0.850	2.450	0.000	1.00184143
0.950	2.450	0.000	1.00156879
1.050	2.450	0.000	1.00142348
1.150	2.450	0.000	1.00151777
1.250	2.450	0.000	1.00182617
1.350	2.450	0.000	1.00232947
1.450	2.450	0.000	1.00303221
1.550	2.450	0.000	1.00386167
1.650	2.450	0.000	1.00468695
1.750	2.450	0.000	1.00518203
1.850	2.450	0.000	1.00518966
1.950	2.450	0.000	1.00493801
2.050	2.450	0.000	1.00406742
2.150	2.450	0.000	1.00391579
2.250	2.450	0.000	1.00307286
2.350	2.450	0.000	1.00354826
2.450	2.450	0.000	1.00263202
