-2.450	-2.450	0.000	1.02054381
-2.350	-2.450	0.000	1.02107430
-2.250	-2.450	0.000	1.02087128
-2.150	-2.450	0.000	1.02053118
-2.050	-2.450	0.000	1.01974618
-1.950	-2.450	0.000	1.01878011
-1.850	-2.450	0.000	1.01798511
-1.750	-2.450	0.000	1.01749301
-1.650	-2.450	0.000	1.01742017
-1.550	-2.450	0.000	1.01764154
-1.450	-2.450	0.000	1.01790535
-1.350	-2.450	0.000	1.01810300
-1.250	-2.450	0.000	1.01815677
-1.150	-2.450	0.000	1.01793158
-1.050	-2.450	0.000	1.01758254
-0.950	-2.450	0.000	1.01740634
-0.850	-2.450	0.000	1.01747429
-0.750	-2.450	0.000	1.01791608
-0.650	-2.450	0.000	1.01827490
-0.550	-2.450	0.000	1.01854265
-0.450	-2.450	0.000	1.01892865
-0.350	-2.450	0.000	1.01956856
-0.250	-2.450	0.000	1.02025700
-0.150	-2.450	0.000	1.02120399
-0.050	-2.450	0.000	1.02245772
0.050	-2.450	0.000	1.02264035
0.150	-2.450	0.000	1.02209580
0.250	-2.450	0.000	1.02092409
0.350	-2.450	0.000	1.01976454
0.450	-2.450	0.000	1.01866448
0.550	-2.450	0.000	1.01789761
0.650	-2.450	0.000	1.01762629
0.750	-2.450	0.000	1.01751137
0.850	-2.450	0.000	1.01774907
0.950	-2.450	0.000	1.01835883
1.050	-2.450	0.000	1.01932108
1.150	-2.450	0.000	1.02054358
1.250	-2.450	0.000	1.02188277
1.350	-2.450	0.000	1.02316046
1.450	-2.450	0.000	1.02419376
1.550	-2.450	0.000	1.02492416
1.650	-2.450	0.000	1.02542484
1.750	-2.450	0.000	1.02577090
1.850	-2.450	0.000	1.02593052
1.950	-2.450	0.000	1.02604318
2.050	-2.450	0.000	1.02608323
2.150	-2.450	0.000	1.02620518
2.250	-2.450	0.000	1.02607071
2.350	-2.450	0.000	1.02607977
2.450	-2.450	0.000	1.02559745
-2.450	-2.350	0.000	1.02173722
-2.350	-2.350	0.000	1.02201700
-2.250	-2.350	0.000	1.02175117
-2.150	-2.350	0.000	1.02135456
-2.050	-2.350	0.000	1.02061629
-1.950	-2.350	0.000	1.01974463
-1.850	-2.350	0.000	1.01905715
-1.750	-2.350	0.000	1.01866305
-1.650	-2.350	0.000	1.01871586
-1.550	-2.350	0.000	1.01894796
-1.450	-2.350	0.000	1.01914501
-1.350	-2.350	0.000	1.01924479
-1.250	-2.350	0.000	1.01919365
-1.150	-2.350	0.000	1.01892924
-1.050	-2.350	0.000	1.01852989
-0.950	-2.350	0.000	1.01830041
-0.850	-2.350	0.000	1.01832628
-0.750	-2.350	0.000	1.01872766
-0.650	-2.350	0.000	1.01911139
-0.550	-2.350	0.000	1.01943302
-0.450	-2.350	0.000	1.01984048
-0.350	-2.350	0.000	1.02046680
-0.250	-2.350	0.000	1.02109492
-0.150	-2.350	0.000	1.02194643
-0.050	-2.350	0.000	1.02312934
0.050	-2.350	0.000	1.02327931
0.150	-2.350	0.000	1.02277112
0.250	-2.350	0.000	1.02164125
0.350	-2.350	0.000	1.02050567
0.450	-2.350	0.000	1.01942170
0.550	-2.350	0.000	1.01861584
0.650	-2.350	0.000	1.01827180
0.750	-2.350	0.000	1.01807582
0.850	-2.350	0.000	1.01822174
0.950	-2.350	0.000	1.01877606
1.050	-2.350	0.000	1.01975143
1.150	-2.350	0.000	1.02104926
1.250	-2.350	0.000	1.02246630
1.350	-2.350	0.000	1.02379906
1.450	-2.350	0.000	1.02486777
1.550	-2.350	0.000	1.02565491
1.650	-2.350	0.000	1.02614558
1.750	-2.350	0.000	1.02639759
1.850	-2.350	0.000	1.02652311
1.950	-2.350	0.000	1.02655065
2.050	-2.350	0.000	1.02641523
2.150	-2.350	0.000	1.02628541
2.250	-2.350	0.000	1.02579188
2.350	-2.350	0.000	1.02562356
2.450	-2.350	0.000	1.02488124
-2.450	-2.250	0.000	1.02199388
-2.350	-2.250	0.000	1.02207637
-2.250	-2.250	0.000	1.02166498
-2.150	-2.250	0.000	1.02111208
-2.050	-2.250	0.000	1.02026308
-1.950	-2.250	0.000	1.01934779
-1.850	-2.250	0.000	1.01865613
-1.750	-2.250	0.000	1.01821101
-1.650	-2.250	0.000	1.01822221
-1.550	-2.250	0.000	1.01840079
-1.450	-2.250	0.000	1.01853311
-1.350	-2.250	0.000	1.01859248
-1.250	-2.250	0.000	1.01851201
-1.150	-2.250	0.000	1.01832771
-1.050	-2.250	0.000	1.01799214
-0.950	-2.250	0.000	1.01780164
-0.850	-2.250	0.000	1.01786208
-0.750	-2.250	0.000	1.01828289
-0.650	-2.250	0.000	1.01873016
-0.550	-2.250	0.000	1.01911592
-0.450	-2.250	0.000	1.01957560
-0.350	-2.250	0.000	1.02024257
-0.250	-2.250	0.000	1.02089345
-0.150	-2.250	0.000	1.02173746
-0.050	-2.250	0.000	1.02295792
0.050	-2.250	0.000	1.02316475
0.150	-2.250	0.000	1.02272725
0.250	-2.250	0.000	1.02168262
0.350	-2.250	0.000	1.02058887
0.450	-2.250	0.000	1.01954830
0.550	-2.250	0.000	1.01877820
0.650	-2.250	0.000	1.01845753
0.750	-2.250	0.000	1.01825714
0.850	-2.250	0.000	1.01836777
0.950	-2.250	0.000	1.01887763
1.050	-2.250	0.000	1.01983953
1.150	-2.250	0.000	1.02114999
1.250	-2.250	0.000	1.02258527
1.350	-2.250	0.000	1.02392888
1.450	-2.250	0.000	1.02500534
1.550	-2.250	0.000	1.02577031
1.650	-2.250	0.000	1.02617157
1.750	-2.250	0.000	1.02627277
1.850	-2.250	0.000	1.02624428
1.950	-2.250	0.000	1.02614307
2.050	-2.250	0.000	1.02587903
2.150	-2.250	0.000	1.02570617
2.250	-2.250	0.000	1.02527964
2.350	-2.250	0.000	1.02511680
2.450	-2.250	0.000	1.02444363
-2.450	-2.150	0.000	1.02265108
-2.350	-2.150	0.000	1.02256453
-2.250	-2.150	0.000	1.02201772
-2.150	-2.150	0.000	1.02138150
-2.050	-2.150	0.000	1.02053833
-1.950	-2.150	0.000	1.01965117
-1.850	-2.150	0.000	1.01896429
-1.750	-2.150	0.000	1.01853645
-1.650	-2.150	0.000	1.01852703
-1.550	-2.150	0.000	1.01873684
-1.450	-2.150	0.000	1.01886749
-1.350	-2.150	0.000	1.01888013
-1.250	-2.150	0.000	1.01876462
-1.150	-2.150	0.000	1.01854610
-1.050	-2.150	0.000	1.01820445
-0.950	-2.150	0.000	1.01797426
-0.850	-2.150	0.000	1.01802540
-0.750	-2.150	0.000	1.01840723
-0.650	-2.150	0.000	1.01891935
-0.550	-2.150	0.000	1.01935434
-0.450	-2.150	0.000	1.01984608
-0.350	-2.150	0.000	1.02053440
-0.250	-2.150	0.000	1.02118444
-0.150	-2.150	0.000	1.02193618
-0.050	-2.150	0.000	1.02314007
0.050	-2.150	0.000	1.02342319
0.150	-2.150	0.000	1.02307129
0.250	-2.150	0.000	1.02213752
0.350	-2.150	0.000	1.02109873
0.450	-2.150	0.000	1.02008903
0.550	-2.150	0.000	1.01931405
0.650	-2.150	0.000	1.01898861
0.750	-2.150	0.000	1.01879406
0.850	-2.150	0.000	1.01887548
0.950	-2.150	0.000	1.01934111
1.050	-2.150	0.000	1.02025902
1.150	-2.150	0.000	1.02151549
1.250	-2.150	0.000	1.02290237
1.350	-2.150	0.000	1.02416110
1.450	-2.150	0.000	1.02512157
1.550	-2.150	0.000	1.02568221
1.650	-2.150	0.000	1.02583444
1.750	-2.150	0.000	1.02581167
1.850	-2.150	0.000	1.02570260
1.950	-2.150	0.000	1.02556396
2.050	-2.150	0.000	1.02532625
2.150	-2.150	0.000	1.02522480
2.250	-2.150	0.000	1.02496028
2.350	-2.150	0.000	1.02494204
2.450	-2.150	0.000	1.02433705
-2.450	-2.050	0.000	1.02331161
-2.350	-2.050	0.000	1.02312684
-2.250	-2.050	0.000	1.02249086
-2.150	-2.050	0.000	1.02179873
-2.050	-2.050	0.000	1.02094948
-1.950	-2.050	0.000	1.02011824
-1.850	-2.050	0.000	1.01942611
-1.750	-2.050	0.000	1.01906705
-1.650	-2.050	0.000	1.01896143
-1.550	-2.050	0.000	1.01911640
-1.450	-2.050	0.000	1.01919508
-1.350	-2.050	0.000	1.01906693
-1.250	-2.050	0.000	1.01885104
-1.150	-2.050	0.000	1.01849484
-1.050	-2.050	0.000	1.01817632
-0.950	-2.050	0.000	1.01787651
-0.850	-2.050	0.000	1.01791084
-0.750	-2.050	0.000	1.01826656
-0.650	-2.050	0.000	1.01874292
-0.550	-2.050	0.000	1.01917171
-0.450	-2.050	0.000	1.01965404
-0.350	-2.050	0.000	1.02035415
-0.250	-2.050	0.000	1.02101576
-0.150	-2.050	0.000	1.02173281
-0.050	-2.050	0.000	1.02292812
0.050	-2.050	0.000	1.02331495
0.150	-2.050	0.000	1.02305031
0.250	-2.050	0.000	1.02226996
0.350	-2.050	0.000	1.02132666
0.450	-2.050	0.000	1.02039444
0.550	-2.050	0.000	1.01964176
0.650	-2.050	0.000	1.01931071
0.750	-2.050	0.000	1.01912487
0.850	-2.050	0.000	1.01917696
0.950	-2.050	0.000	1.01960528
1.050	-2.050	0.000	1.02048087
1.150	-2.050	0.000	1.02167118
1.250	-2.050	0.000	1.02289975
1.350	-2.050	0.000	1.02394426
1.450	-2.050	0.000	1.02467966
1.550	-2.050	0.000	1.02507329
1.650	-2.050	0.000	1.02516520
1.750	-2.050	0.000	1.02512252
1.850	-2.050	0.000	1.02501798
1.950	-2.050	0.000	1.02493548
2.050	-2.050	0.000	1.02479696
2.150	-2.050	0.000	1.02478957
2.250	-2.050	0.000	1.02463424
2.350	-2.050	0.000	1.02468550
2.450	-2.050	0.000	1.02417743
-2.450	-1.950	0.000	1.02443290
-2.350	-1.950	0.000	1.02413106
-2.250	-1.950	0.000	1.02342081
-2.150	-1.950	0.000	1.02267039
-2.050	-1.950	0.000	1.02181232
-1.950	-1.950	0.000	1.02105367
-1.850	-1.950	0.000	1.02042341
-1.750	-1.950	0.000	1.02016091
-1.650	-1.950	0.000	1.02001536
-1.550	-1.950	0.000	1.02012229
-1.450	-1.950	0.000	1.02015245
-1.350	-1.950	0.000	1.01997530
-1.250	-1.950	0.000	1.01967025
-1.150	-1.950	0.000	1.01922596
-1.050	-1.950	0.000	1.01888978
-0.950	-1.950	0.000	1.01848912
-0.850	-1.950	0.000	1.01844275
-0.750	-1.950	0.000	1.01869011
-0.650	-1.950	0.000	1.01910794
-0.550	-1.950	0.000	1.01952040
-0.450	-1.950	0.000	1.01995003
-0.350	-1.950	0.000	1.02056336
-0.250	-1.950	0.000	1.02117383
-0.150	-1.950	0.000	1.02177906
-0.050	-1.950	0.000	1.02283704
0.050	-1.950	0.000	1.02330589
0.150	-1.950	0.000	1.02314663
0.250	-1.950	0.000	1.02256811
0.350	-1.950	0.000	1.02178085
0.450	-1.950	0.000	1.02097440
0.550	-1.950	0.000	1.02027977
0.650	-1.950	0.000	1.01993990
0.750	-1.950	0.000	1.01973200
0.850	-1.950	0.000	1.01971459
0.950	-1.950	0.000	1.02003336
1.050	-1.950	0.000	1.02075994
1.150	-1.950	0.000	1.02176821
1.250	-1.950	0.000	1.02276230
1.350	-1.950	0.000	1.02358460
1.450	-1.950	0.000	1.02419209
1.550	-1.950	0.000	1.02445567
1.650	-1.950	0.000	1.02444971
1.750	-1.950	0.000	1.02439511
1.850	-1.950	0.000	1.02430189
1.950	-1.950	0.000	1.02427566
2.050	-1.950	0.000	1.02422571
2.150	-1.950	0.000	1.02428710
2.250	-1.950	0.000	1.02422261
2.350	-1.950	0.000	1.02438235
2.450	-1.950	0.000	1.02399576
-2.450	-1.850	0.000	1.02574396
-2.350	-1.850	0.000	1.02540660
-2.250	-1.850	0.000	1.02469873
-2.150	-1.850	0.000	1.02392769
-2.050	-1.850	0.000	1.02304673
-1.950	-1.850	0.000	1.02232921
-1.850	-1.850	0.000	1.02175629
-1.750	-1.850	0.000	1.02141905
-1.650	-1.850	0.000	1.02128756
-1.550	-1.850	0.000	1.02135217
-1.450	-1.850	0.000	1.02133679
-1.350	-1.850	0.000	1.02112103
-1.250	-1.850	0.000	1.02075076
-1.150	-1.850	0.000	1.02018988
-1.050	-1.850	0.000	1.01975942
-0.950	-1.850	0.000	1.01932168
-0.850	-1.850	0.000	1.01910830
-0.750	-1.850	0.000	1.01924956
-0.650	-1.850	0.000	1.01955175
-0.550	-1.850	0.000	1.01991379
-0.450	-1.850	0.000	1.02030373
-0.350	-1.850	0.000	1.02083755
-0.250	-1.850	0.000	1.02139437
-0.150	-1.850	0.000	1.02186024
-0.050	-1.850	0.000	1.02275956
0.050	-1.850	0.000	1.02328074
0.150	-1.850	0.000	1.02321124
0.250	-1.850	0.000	1.02277529
0.350	-1.850	0.000	1.02211893
0.450	-1.850	0.000	1.02141631
0.550	-1.850	0.000	1.02078867
0.650	-1.850	0.000	1.02045894
0.750	-1.850	0.000	1.02027953
0.850	-1.850	0.000	1.02024627
0.950	-1.850	0.000	1.02050197
1.050	-1.850	0.000	1.02111840
1.150	-1.850	0.000	1.02197146
1.250	-1.850	0.000	1.02280748
1.350	-1.850	0.000	1.02346647
1.450	-1.850	0.000	1.02392232
1.550	-1.850	0.000	1.02412462
1.650	-1.850	0.000	1.02410114
1.750	-1.850	0.000	1.02404881
1.850	-1.850	0.000	1.02396333
1.950	-1.850	0.000	1.02392125
2.050	-1.850	0.000	1.02387130
2.150	-1.850	0.000	1.02394998
2.250	-1.850	0.000	1.02391922
2.350	-1.850	0.000	1.02410471
2.450	-1.850	0.000	1.02381968
-2.450	-1.750	0.000	1.02717376
-2.350	-1.750	0.000	1.02683485
-2.250	-1.750	0.000	1.02615857
-2.150	-1.750	0.000	1.02541542
-2.050	-1.750	0.000	1.02456522
-1.950	-1.750	0.000	1.02385676
-1.850	-1.750	0.000	1.02335489
-1.750	-1.750	0.000	1.02304804
-1.650	-1.750	0.000	1.02286732
-1.550	-1.750	0.000	1.02281928
-1.450	-1.750	0.000	1.02273619
-1.350	-1.750	0.000	1.02245128
-1.250	-1.750	0.000	1.02198946
-1.150	-1.750	0.000	1.02133405
-1.050	-1.750	0.000	1.02071583
-0.950	-1.750	0.000	1.02032363
-0.850	-1.750	0.000	1.01993382
-0.750	-1.750	0.000	1.02000177
-0.650	-1.750	0.000	1.02021658
-0.550	-1.750	0.000	1.02052510
-0.450	-1.750	0.000	1.02087355
-0.350	-1.750	0.000	1.02133393
-0.250	-1.750	0.000	1.02183366
-0.150	-1.750	0.000	1.02220225
-0.050	-1.750	0.000	1.02291453
0.050	-1.750	0.000	1.02345300
0.150	-1.750	0.000	1.02346170
0.250	-1.750	0.000	1.02316892
0.350	-1.750	0.000	1.02264953
0.450	-1.750	0.000	1.02203310
0.550	-1.750	0.000	1.02146077
0.650	-1.750	0.000	1.02113354
0.750	-1.750	0.000	1.02095258
0.850	-1.750	0.000	1.02091193
0.950	-1.750	0.000	1.02111590
1.050	-1.750	0.000	1.02165949
1.150	-1.750	0.000	1.02241552
1.250	-1.750	0.000	1.02311826
1.350	-1.750	0.000	1.02367902
1.450	-1.750	0.000	1.02406895
1.550	-1.750	0.000	1.02417529
1.650	-1.750	0.000	1.02407980
1.750	-1.750	0.000	1.02400792
1.850	-1.750	0.000	1.02391601
1.950	-1.750	0.000	1.02383435
2.050	-1.750	0.000	1.02372038
2.150	-1.750	0.000	1.02373910
2.250	-1.750	0.000	1.02367508
2.350	-1.750	0.000	1.02385867
2.450	-1.750	0.000	1.02360916
-2.450	-1.650	0.000	1.02857709
-2.350	-1.650	0.000	1.02828240
-2.250	-1.650	0.000	1.02766454
-2.150	-1.650	0.000	1.02693772
-2.050	-1.650	0.000	1.02612066
-1.950	-1.650	0.000	1.02542782
-1.850	-1.650	0.000	1.02490687
-1.750	-1.650	0.000	1.02456808
-1.650	-1.650	0.000	1.02435625
-1.550	-1.650	0.000	1.02426147
-1.450	-1.650	0.000	1.02411258
-1.350	-1.650	0.000	1.02375734
-1.250	-1.650	0.000	1.02317262
-1.150	-1.650	0.000	1.02240825
-1.050	-1.650	0.000	1.02160978
-0.950	-1.650	0.000	1.02110815
-0.850	-1.650	0.000	1.02060282
-0.750	-1.650	0.000	1.02061224
-0.650	-1.650	0.000	1.02078164
-0.550	-1.650	0.000	1.02107549
-0.450	-1.650	0.000	1.02141917
-0.350	-1.650	0.000	1.02183664
-0.250	-1.650	0.000	1.02229047
-0.150	-1.650	0.000	1.02261698
-0.050	-1.650	0.000	1.02316833
0.050	-1.650	0.000	1.02361858
0.150	-1.650	0.000	1.02364278
0.250	-1.650	0.000	1.02342474
0.350	-1.650	0.000	1.02302396
0.450	-1.650	0.000	1.02250004
0.550	-1.650	0.000	1.02200854
0.650	-1.650	0.000	1.02170718
0.750	-1.650	0.000	1.02157247
0.850	-1.650	0.000	1.02152801
0.950	-1.650	0.000	1.02171516
1.050	-1.650	0.000	1.02221417
1.150	-1.650	0.000	1.02290785
1.250	-1.650	0.000	1.02358949
1.350	-1.650	0.000	1.02415323
1.450	-1.650	0.000	1.02460217
1.550	-1.650	0.000	1.02468383
1.650	-1.650	0.000	1.02452445
1.750	-1.650	0.000	1.02438927
1.850	-1.650	0.000	1.02420723
1.950	-1.650	0.000	1.02402961
2.050	-1.650	0.000	1.02379191
2.150	-1.650	0.000	1.02370739
2.250	-1.650	0.000	1.02356911
2.350	-1.650	0.000	1.02369201
2.450	-1.650	0.000	1.02339673
-2.450	-1.550	0.000	1.02960634
-2.350	-1.550	0.000	1.02936900
-2.250	-1.550	0.000	1.02881432
-2.150	-1.550	0.000	1.02811825
-2.050	-1.550	0.000	1.02736139
-1.950	-1.550	0.000	1.02675259
-1.850	-1.550	0.000	1.02629888
-1.750	-1.550	0.000	1.02591372
-1.650	-1.550	0.000	1.02561343
-1.550	-1.550	0.000	1.02538419
-1.450	-1.550	0.000	1.02512956
-1.350	-1.550	0.000	1.02471566
-1.250	-1.550	0.000	1.02406096
-1.150	-1.550	0.000	1.02323616
-1.050	-1.550	0.000	1.02234495
-0.950	-1.550	0.000	1.02170670
-0.850	-1.550	0.000	1.02113676
-0.750	-1.550	0.000	1.02105439
-0.650	-1.550	0.000	1.02113008
-0.550	-1.550	0.000	1.02143395
-0.450	-1.550	0.000	1.02181160
-0.350	-1.550	0.000	1.02225113
-0.250	-1.550	0.000	1.02272618
-0.150	-1.550	0.000	1.02301693
-0.050	-1.550	0.000	1.02343011
0.050	-1.550	0.000	1.02384710
0.150	-1.550	0.000	1.02389944
0.250	-1.550	0.000	1.02373600
0.350	-1.550	0.000	1.02340639
0.450	-1.550	0.000	1.02292585
0.550	-1.550	0.000	1.02243173
0.650	-1.550	0.000	1.02210069
0.750	-1.550	0.000	1.02190757
0.850	-1.550	0.000	1.02179253
0.950	-1.550	0.000	1.02190185
1.050	-1.550	0.000	1.02234697
1.150	-1.550	0.000	1.02304804
1.250	-1.550	0.000	1.02381527
1.350	-1.550	0.000	1.02449167
1.450	-1.550	0.000	1.02504194
1.550	-1.550	0.000	1.02530003
1.650	-1.550	0.000	1.02522349
1.750	-1.550	0.000	1.02511370
1.850	-1.550	0.000	1.02488446
1.950	-1.550	0.000	1.02460814
2.050	-1.550	0.000	1.02420807
2.150	-1.550	0.000	1.02397883
2.250	-1.550	0.000	1.02366924
2.350	-1.550	0.000	1.02369010
2.450	-1.550	0.000	1.02329934
-2.450	-1.450	0.000	1.03047574
-2.350	-1.450	0.000	1.03027070
-2.250	-1.450	0.000	1.02973664
-2.150	-1.450	0.000	1.02906692
-2.050	-1.450	0.000	1.02837455
-1.950	-1.450	0.000	1.02786732
-1.850	-1.450	0.000	1.02750051
-1.750	-1.450	0.000	1.02715623
-1.650	-1.450	0.000	1.02678144
-1.550	-1.450	0.000	1.02641177
-1.450	-1.450	0.000	1.02599657
-1.350	-1.450	0.000	1.02548468
-1.250	-1.450	0.000	1.02475762
-1.150	-1.450	0.000	1.02388299
-1.050	-1.450	0.000	1.02293754
-0.950	-1.450	0.000	1.02221024
-0.850	-1.450	0.000	1.02164769
-0.750	-1.450	0.000	1.02147186
-0.650	-1.450	0.000	1.02141881
-0.550	-1.450	0.000	1.02168059
-0.450	-1.450	0.000	1.02207947
-0.350	-1.450	0.000	1.02254367
-0.250	-1.450	0.000	1.02306330
-0.150	-1.450	0.000	1.02336836
-0.050	-1.450	0.000	1.02371871
0.050	-1.450	0.000	1.02408063
0.150	-1.450	0.000	1.02412856
0.250	-1.450	0.000	1.02398634
0.350	-1.450	0.000	1.02369606
0.450	-1.450	0.000	1.02328491
0.550	-1.450	0.000	1.02279353
0.650	-1.450	0.000	1.02241075
0.750	-1.450	0.000	1.02208567
0.850	-1.450	0.000	1.02187419
0.950	-1.450	0.000	1.02187479
1.050	-1.450	0.000	1.02222812
1.150	-1.450	0.000	1.02288961
1.250	-1.450	0.000	1.02373111
1.350	-1.450	0.000	1.02449906
1.450	-1.450	0.000	1.02514362
1.550	-1.450	0.000	1.02563381
1.650	-1.450	0.000	1.02580762
1.750	-1.450	0.000	1.02577877
1.850	-1.450	0.000	1.02563655
1.950	-1.450	0.000	1.02535236
2.050	-1.450	0.000	1.02486610
2.150	-1.450	0.000	1.02453732
2.250	-1.450	0.000	1.02409351
2.350	-1.450	0.000	1.02401066
2.450	-1.450	0.000	1.02342069
-2.450	-1.350	0.000	1.03109252
-2.350	-1.350	0.000	1.03088021
-2.250	-1.350	0.000	1.03030694
-2.150	-1.350	0.000	1.02968335
-2.050	-1.350	0.000	1.02908993
-1.950	-1.350	0.000	1.02870107
-1.850	-1.350	0.000	1.02843225
-1.750	-1.350	0.000	1.02811801
-1.650	-1.350	0.000	1.02769041
-1.550	-1.350	0.000	1.02721906
-1.450	-1.350	0.000	1.02665842
-1.350	-1.350	0.000	1.02599955
-1.250	-1.350	0.000	1.02514327
-1.150	-1.350	0.000	1.02417636
-1.050	-1.350	0.000	1.02315366
-0.950	-1.350	0.000	1.02234232
-0.850	-1.350	0.000	1.02173615
-0.750	-1.350	0.000	1.02156520
-0.650	-1.350	0.000	1.02153981
-0.550	-1.350	0.000	1.02178764
-0.450	-1.350	0.000	1.02219152
-0.350	-1.350	0.000	1.02265406
-0.250	-1.350	0.000	1.02320087
-0.150	-1.350	0.000	1.02353013
-0.050	-1.350	0.000	1.02383304
0.050	-1.350	0.000	1.02417409
0.150	-1.350	0.000	1.02420604
0.250	-1.350	0.000	1.02408004
0.350	-1.350	0.000	1.02379930
0.450	-1.350	0.000	1.02343881
0.550	-1.350	0.000	1.02295661
0.650	-1.350	0.000	1.02252316
0.750	-1.350	0.000	1.02214766
0.850	-1.350	0.000	1.02186489
0.950	-1.350	0.000	1.02174056
1.050	-1.350	0.000	1.02195370
1.150	-1.350	0.000	1.02252316
1.250	-1.350	0.000	1.02335870
1.350	-1.350	0.000	1.02422738
1.450	-1.350	0.000	1.02495253
1.550	-1.350	0.000	1.02558219
1.650	-1.350	0.000	1.02600300
1.750	-1.350	0.000	1.02612877
1.850	-1.350	0.000	1.02606499
1.950	-1.350	0.000	1.02588320
2.050	-1.350	0.000	1.02543461
2.150	-1.350	0.000	1.02508116
2.250	-1.350	0.000	1.02456796
2.350	-1.350	0.000	1.02442575
2.450	-1.350	0.000	1.02367008
-2.450	-1.250	0.000	1.03140116
-2.350	-1.250	0.000	1.03115880
-2.250	-1.250	0.000	1.03055203
-2.150	-1.250	0.000	1.02999258
-2.050	-1.250	0.000	1.02955103
-1.950	-1.250	0.000	1.02930713
-1.850	-1.250	0.000	1.02918124
-1.750	-1.250	0.000	1.02892876
-1.650	-1.250	0.000	1.02848184
-1.550	-1.250	0.000	1.02788329
-1.450	-1.250	0.000	1.02716434
-1.350	-1.250	0.000	1.02635944
-1.250	-1.250	0.000	1.02540314
-1.150	-1.250	0.000	1.02436662
-1.050	-1.250	0.000	1.02327716
-0.950	-1.250	0.000	1.02236378
-0.850	-1.250	0.000	1.02165496
-0.750	-1.250	0.000	1.02138984
-0.650	-1.250	0.000	1.02139974
-0.550	-1.250	0.000	1.02174652
-0.450	-1.250	0.000	1.02223897
-0.350	-1.250	0.000	1.02272630
-0.250	-1.250	0.000	1.02326989
-0.150	-1.250	0.000	1.02361107
-0.050	-1.250	0.000	1.02386081
0.050	-1.250	0.000	1.02419448
0.150	-1.250	0.000	1.02422607
0.250	-1.250	0.000	1.02414477
0.350	-1.250	0.000	1.02389038
0.450	-1.250	0.000	1.02357817
0.550	-1.250	0.000	1.02313781
0.650	-1.250	0.000	1.02266049
0.750	-1.250	0.000	1.02221298
0.850	-1.250	0.000	1.02179646
0.950	-1.250	0.000	1.02157438
1.050	-1.250	0.000	1.02164316
1.150	-1.250	0.000	1.02208591
1.250	-1.250	0.000	1.02282929
1.350	-1.250	0.000	1.02372503
1.450	-1.250	0.000	1.02453339
1.550	-1.250	0.000	1.02526081
1.650	-1.250	0.000	1.02586949
1.750	-1.250	0.000	1.02621484
1.850	-1.250	0.000	1.02626622
1.950	-1.250	0.000	1.02621424
2.050	-1.250	0.000	1.02586210
2.150	-1.250	0.000	1.02552736
2.250	-1.250	0.000	1.02497673
2.350	-1.250	0.000	1.02480268
2.450	-1.250	0.000	1.02395201
-2.450	-1.150	0.000	1.03139293
-2.350	-1.150	0.000	1.03110552
-2.250	-1.150	0.000	1.03046322
-2.150	-1.150	0.000	1.02998090
-2.050	-1.150	0.000	1.02964270
-1.950	-1.150	0.000	1.02954876
-1.850	-1.150	0.000	1.02958131
-1.750	-1.150	0.000	1.02944410
-1.650	-1.150	0.000	1.02898431
-1.550	-1.150	0.000	1.02825534
-1.450	-1.150	0.000	1.02736628
-1.350	-1.150	0.000	1.02640867
-1.250	-1.150	0.000	1.02535176
-1.150	-1.150	0.000	1.02427626
-1.050	-1.150	0.000	1.02317905
-0.950	-1.150	0.000	1.02227724
-0.850	-1.150	0.000	1.02161050
-0.750	-1.150	0.000	1.02131498
-0.650	-1.150	0.000	1.02126944
-0.550	-1.150	0.000	1.02159369
-0.450	-1.150	0.000	1.02212334
-0.350	-1.150	0.000	1.02268565
-0.250	-1.150	0.000	1.02325583
-0.150	-1.150	0.000	1.02362669
-0.050	-1.150	0.000	1.02378464
0.050	-1.150	0.000	1.02404273
0.150	-1.150	0.000	1.02406013
0.250	-1.150	0.000	1.02400541
0.350	-1.150	0.000	1.02380943
0.450	-1.150	0.000	1.02359438
0.550	-1.150	0.000	1.02326095
0.650	-1.150	0.000	1.02280033
0.750	-1.150	0.000	1.02234387
0.850	-1.150	0.000	1.02186215
0.950	-1.150	0.000	1.02156734
1.050	-1.150	0.000	1.02150154
1.150	-1.150	0.000	1.02181113
1.250	-1.150	0.000	1.02240145
1.350	-1.150	0.000	1.02322149
1.450	-1.150	0.000	1.02404642
1.550	-1.150	0.000	1.02481055
1.650	-1.150	0.000	1.02551997
1.750	-1.150	0.000	1.02605784
1.850	-1.150	0.000	1.02622879
1.950	-1.150	0.000	1.02627134
2.050	-1.150	0.000	1.02605915
2.150	-1.150	0.000	1.02579904
2.250	-1.150	0.000	1.02523744
2.350	-1.150	0.000	1.02503204
2.450	-1.150	0.000	1.02414989
-2.450	-1.050	0.000	1.03113973
-2.350	-1.050	0.000	1.03082895
-2.250	-1.050	0.000	1.03016925
-2.150	-1.050	0.000	1.02975643
-2.050	-1.050	0.000	1.02951777
-1.950	-1.050	0.000	1.02951658
-1.850	-1.050	0.000	1.02963257
-1.750	-1.050	0.000	1.02958715
-1.650	-1.050	0.000	1.02916396
-1.550	-1.050	0.000	1.02837694
-1.450	-1.050	0.000	1.02735543
-1.350	-1.050	0.000	1.02627015
-1.250	-1.050	0.000	1.02508998
-1.150	-1.050	0.000	1.02397442
-1.050	-1.050	0.000	1.02285779
-0.950	-1.050	0.000	1.02192235
-0.850	-1.050	0.000	1.02131426
-0.750	-1.050	0.000	1.02112150
-0.650	-1.050	0.000	1.02118218
-0.550	-1.050	0.000	1.02156305
-0.450	-1.050	0.000	1.02210999
-0.350	-1.050	0.000	1.02268362
-0.250	-1.050	0.000	1.02321744
-0.150	-1.050	0.000	1.02360237
-0.050	-1.050	0.000	1.02373660
0.050	-1.050	0.000	1.02392995
0.150	-1.050	0.000	1.02392972
0.250	-1.050	0.000	1.02386391
0.350	-1.050	0.000	1.02373171
0.450	-1.050	0.000	1.02357066
0.550	-1.050	0.000	1.02334344
0.650	-1.050	0.000	1.02298188
0.750	-1.050	0.000	1.02255881
0.850	-1.050	0.000	1.02208495
0.950	-1.050	0.000	1.02173877
1.050	-1.050	0.000	1.02160692
1.150	-1.050	0.000	1.02179360
1.250	-1.050	0.000	1.02225780
1.350	-1.050	0.000	1.02292061
1.450	-1.050	0.000	1.02366102
1.550	-1.050	0.000	1.02439237
1.650	-1.050	0.000	1.02511883
1.750	-1.050	0.000	1.02577972
1.850	-1.050	0.000	1.02612758
1.950	-1.050	0.000	1.02623999
2.050	-1.050	0.000	1.02611959
2.150	-1.050	0.000	1.02593625
2.250	-1.050	0.000	1.02539694
2.350	-1.050	0.000	1.02516115
2.450	-1.050	0.000	1.02426469
-2.450	-0.950	0.000	1.03030610
-2.350	-0.950	0.000	1.02998149
-2.250	-0.950	0.000	1.02933872
-2.150	-0.950	0.000	1.02898502
-2.050	-0.950	0.000	1.02884293
-1.950	-0.950	0.000	1.02894878
-1.850	-0.950	0.000	1.02925766
-1.750	-0.950	0.000	1.02932787
-1.650	-0.950	0.000	1.02897465
-1.550	-0.950	0.000	1.02814710
-1.450	-0.950	0.000	1.02699161
-1.350	-0.950	0.000	1.02576828
-1.250	-0.950	0.000	1.02450347
-1.150	-0.950	0.000	1.02331102
-1.050	-0.950	0.000	1.02211702
-0.950	-0.950	0.000	1.02120221
-0.850	-0.950	0.000	1.02076125
-0.750	-0.950	0.000	1.02066803
-0.650	-0.950	0.000	1.02092195
-0.550	-0.950	0.000	1.02145195
-0.450	-0.950	0.000	1.02212548
-0.350	-0.950	0.000	1.02276516
-0.250	-0.950	0.000	1.02325749
-0.150	-0.950	0.000	1.02363622
-0.050	-0.950	0.000	1.02369750
0.050	-0.950	0.000	1.02381825
0.150	-0.950	0.000	1.02380407
0.250	-0.950	0.000	1.02372992
0.350	-0.950	0.000	1.02362764
0.450	-0.950	0.000	1.02350903
0.550	-0.950	0.000	1.02332139
0.650	-0.950	0.000	1.02306664
0.750	-0.950	0.000	1.02273679
0.850	-0.950	0.000	1.02234709
0.950	-0.950	0.000	1.02203226
1.050	-0.950	0.000	1.02190495
1.150	-0.950	0.000	1.02204156
1.250	-0.950	0.000	1.02240455
1.350	-0.950	0.000	1.02293491
1.450	-0.950	0.000	1.02354729
1.550	-0.950	0.000	1.02418768
1.650	-0.950	0.000	1.02485728
1.750	-0.950	0.000	1.02554774
1.850	-0.950	0.000	1.02603531
1.950	-0.950	0.000	1.02624941
2.050	-0.950	0.000	1.02617967
2.150	-0.950	0.000	1.02604425
2.250	-0.950	0.000	1.02552891
2.350	-0.950	0.000	1.02525556
2.450	-0.950	0.000	1.02433264
-2.450	-0.850	0.000	1.02926338
-2.350	-0.850	0.000	1.02894437
-2.250	-0.850	0.000	1.02832019
-2.150	-0.850	0.000	1.02801275
-2.050	-0.850	0.000	1.02796865
-1.950	-0.850	0.000	1.02817047
-1.850	-0.850	0.000	1.02863955
-1.750	-0.850	0.000	1.02875853
-1.650	-0.850	0.000	1.02841282
-1.550	-0.850	0.000	1.02752697
-1.450	-0.850	0.000	1.02628028
-1.350	-0.850	0.000	1.02496433
-1.250	-0.850	0.000	1.02362800
-1.150	-0.850	0.000	1.02235878
-1.050	-0.850	0.000	1.02110970
-0.950	-0.850	0.000	1.02027619
-0.850	-0.850	0.000	1.02010870
-0.750	-0.850	0.000	1.02019477
-0.650	-0.850	0.000	1.02062738
-0.550	-0.850	0.000	1.02132297
-0.450	-0.850	0.000	1.02210629
-0.350	-0.850	0.000	1.02284420
-0.250	-0.850	0.000	1.02339041
-0.150	-0.850	0.000	1.02377427
-0.050	-0.850	0.000	1.02382505
0.050	-0.850	0.000	1.02384436
0.150	-0.850	0.000	1.02376485
0.250	-0.850	0.000	1.02363873
0.350	-0.850	0.000	1.02352023
0.450	-0.850	0.000	1.02342737
0.550	-0.850	0.000	1.02326357
0.650	-0.850	0.000	1.02306545
0.750	-0.850	0.000	1.02281976
0.850	-0.850	0.000	1.02252305
0.950	-0.850	0.000	1.02229118
1.050	-0.850	0.000	1.02221024
1.150	-0.850	0.000	1.02235520
1.250	-0.850	0.000	1.02268684
1.350	-0.850	0.000	1.02312565
1.450	-0.850	0.000	1.02364039
1.550	-0.850	0.000	1.02421367
1.650	-0.850	0.000	1.02483273
1.750	-0.850	0.000	1.02550507
1.850	-0.850	0.000	1.02605474
1.950	-0.850	0.000	1.02636588
2.050	-0.850	0.000	1.02630866
2.150	-0.850	0.000	1.02622247
2.250	-0.850	0.000	1.02576578
2.350	-0.850	0.000	1.02551043
2.450	-0.850	0.000	1.02453125
-2.450	-0.750	0.000	1.02820385
-2.350	-0.750	0.000	1.02789557
-2.250	-0.750	0.000	1.02731478
-2.150	-0.750	0.000	1.02704346
-2.050	-0.750	0.000	1.02708852
-1.950	-0.750	0.000	1.02739787
-1.850	-0.750	0.000	1.02795303
-1.750	-0.750	0.000	1.02814949
-1.650	-0.750	0.000	1.02781892
-1.550	-0.750	0.000	1.02689934
-1.450	-0.750	0.000	1.02558112
-1.350	-0.750	0.000	1.02414429
-1.250	-0.750	0.000	1.02267730
-1.150	-0.750	0.000	1.02129459
-1.050	-0.750	0.000	1.02002871
-0.950	-0.750	0.000	1.01938426
-0.850	-0.750	0.000	1.01940668
-0.750	-0.750	0.000	1.01970327
-0.650	-0.750	0.000	1.02031696
-0.550	-0.750	0.000	1.02114081
-0.450	-0.750	0.000	1.02200544
-0.350	-0.750	0.000	1.02280974
-0.250	-0.750	0.000	1.02343249
-0.150	-0.750	0.000	1.02386904
-0.050	-0.750	0.000	1.02398527
0.050	-0.750	0.000	1.02396095
0.150	-0.750	0.000	1.02387834
0.250	-0.750	0.000	1.02369869
0.350	-0.750	0.000	1.02349222
0.450	-0.750	0.000	1.02339280
0.550	-0.750	0.000	1.02323258
0.650	-0.750	0.000	1.02302933
0.750	-0.750	0.000	1.02281392
0.850	-0.750	0.000	1.02259231
0.950	-0.750	0.000	1.02243626
1.050	-0.750	0.000	1.02239621
1.150	-0.750	0.000	1.02255714
1.250	-0.750	0.000	1.02289093
1.350	-0.750	0.000	1.02331030
1.450	-0.750	0.000	1.02378631
1.550	-0.750	0.000	1.02431321
1.650	-0.750	0.000	1.02488112
1.750	-0.750	0.000	1.02552223
1.850	-0.750	0.000	1.02606809
1.950	-0.750	0.000	1.02643228
2.050	-0.750	0.000	1.02644324
2.150	-0.750	0.000	1.02643228
2.250	-0.750	0.000	1.02608120
2.350	-0.750	0.000	1.02588224
2.450	-0.750	0.000	1.02484584
-2.450	-0.650	0.000	1.02712059
-2.350	-0.650	0.000	1.02683342
-2.250	-0.650	0.000	1.02631474
-2.150	-0.650	0.000	1.02608967
-2.050	-0.650	0.000	1.02621865
-1.950	-0.650	0.000	1.02665734
-1.850	-0.650	0.000	1.02725077
-1.750	-0.650	0.000	1.02753711
-1.650	-0.650	0.000	1.02725089
-1.550	-0.650	0.000	1.02634394
-1.450	-0.650	0.000	1.02494121
-1.350	-0.650	0.000	1.02333617
-1.250	-0.650	0.000	1.02173281
-1.150	-0.650	0.000	1.02029991
-1.050	-0.650	0.000	1.01907539
-0.950	-0.650	0.000	1.01867843
-0.850	-0.650	0.000	1.01885390
-0.750	-0.650	0.000	1.01935029
-0.650	-0.650	0.000	1.02008176
-0.550	-0.650	0.000	1.02096033
-0.450	-0.650	0.000	1.02186918
-0.350	-0.650	0.000	1.02271497
-0.250	-0.650	0.000	1.02339351
-0.150	-0.650	0.000	1.02387834
-0.050	-0.650	0.000	1.02406943
0.050	-0.650	0.000	1.02401698
0.150	-0.650	0.000	1.02397990
0.250	-0.650	0.000	1.02384007
0.350	-0.650	0.000	1.02363729
0.450	-0.650	0.000	1.02346861
0.550	-0.650	0.000	1.02330256
0.650	-0.650	0.000	1.02307272
0.750	-0.650	0.000	1.02283955
0.850	-0.650	0.000	1.02262807
0.950	-0.650	0.000	1.02250314
1.050	-0.650	0.000	1.02249217
1.150	-0.650	0.000	1.02266705
1.250	-0.650	0.000	1.02300668
1.350	-0.650	0.000	1.02343714
1.450	-0.650	0.000	1.02391100
1.550	-0.650	0.000	1.02441752
1.650	-0.650	0.000	1.02493262
1.750	-0.650	0.000	1.02554023
1.850	-0.650	0.000	1.02604687
1.950	-0.650	0.000	1.02647245
2.050	-0.650	0.000	1.02656806
2.150	-0.650	0.000	1.02664709
2.250	-0.650	0.000	1.02643573
2.350	-0.650	0.000	1.02640116
2.450	-0.650	0.000	1.02541041
-2.450	-0.550	0.000	1.02606666
-2.350	-0.550	0.000	1.02580798
-2.250	-0.550	0.000	1.02532423
-2.150	-0.550	0.000	1.02514553
-2.050	-0.550	0.000	1.02532852
-1.950	-0.550	0.000	1.02589488
-1.850	-0.550	0.000	1.02662182
-1.750	-0.550	0.000	1.02698135
-1.650	-0.550	0.000	1.02673995
-1.550	-0.550	0.000	1.02586186
-1.450	-0.550	0.000	1.02441013
-1.350	-0.550	0.000	1.02267730
-1.250	-0.550	0.000	1.02094030
-1.150	-0.550	0.000	1.01947355
-1.050	-0.550	0.000	1.01838136
-0.950	-0.550	0.000	1.01823521
-0.850	-0.550	0.000	1.01860785
-0.750	-0.550	0.000	1.01921690
-0.650	-0.550	0.000	1.02002800
-0.550	-0.550	0.000	1.02094364
-0.450	-0.550	0.000	1.02178395
-0.350	-0.550	0.000	1.02261305
-0.250	-0.550	0.000	1.02327549
-0.150	-0.550	0.000	1.02375615
-0.050	-0.550	0.000	1.02402496
0.050	-0.550	0.000	1.02403080
0.150	-0.550	0.000	1.02402198
0.250	-0.550	0.000	1.02394629
0.350	-0.550	0.000	1.02378058
0.450	-0.550	0.000	1.02361524
0.550	-0.550	0.000	1.02347064
0.650	-0.550	0.000	1.02319074
0.750	-0.550	0.000	1.02292359
0.850	-0.550	0.000	1.02271545
0.950	-0.550	0.000	1.02257991
1.050	-0.550	0.000	1.02255833
1.150	-0.550	0.000	1.02272117
1.250	-0.550	0.000	1.02306068
1.350	-0.550	0.000	1.02349508
1.450	-0.550	0.000	1.02398491
1.550	-0.550	0.000	1.02450776
1.650	-0.550	0.000	1.02499533
1.750	-0.550	0.000	1.02553749
1.850	-0.550	0.000	1.02600408
1.950	-0.550	0.000	1.02643514
2.050	-0.550	0.000	1.02660227
2.150	-0.550	0.000	1.02675354
2.250	-0.550	0.000	1.02665854
2.350	-0.550	0.000	1.02675593
2.450	-0.550	0.000	1.02595258
-2.450	-0.450	0.000	1.02523553
-2.350	-0.450	0.000	1.02500165
-2.250	-0.450	0.000	1.02451944
-2.150	-0.450	0.000	1.02436769
-2.050	-0.450	0.000	1.02456641
-1.950	-0.450	0.000	1.02520013
-1.850	-0.450	0.000	1.02604854
-1.750	-0.450	0.000	1.02650356
-1.650	-0.450	0.000	1.02633393
-1.550	-0.450	0.000	1.02547884
-1.450	-0.450	0.000	1.02395010
-1.350	-0.450	0.000	1.02208316
-1.250	-0.450	0.000	1.02029884
-1.150	-0.450	0.000	1.01878929
-1.050	-0.450	0.000	1.01800048
-0.950	-0.450	0.000	1.01811874
-0.850	-0.450	0.000	1.01863575
-0.750	-0.450	0.000	1.01936162
-0.650	-0.450	0.000	1.02021289
-0.550	-0.450	0.000	1.02102780
-0.450	-0.450	0.000	1.02181065
-0.350	-0.450	0.000	1.02259791
-0.250	-0.450	0.000	1.02324593
-0.150	-0.450	0.000	1.02368009
-0.050	-0.450	0.000	1.02397096
0.050	-0.450	0.000	1.02399421
0.150	-0.450	0.000	1.02396250
0.250	-0.450	0.000	1.02396214
0.350	-0.450	0.000	1.02388084
0.450	-0.450	0.000	1.02376211
0.550	-0.450	0.000	1.02365756
0.650	-0.450	0.000	1.02341986
0.750	-0.450	0.000	1.02309763
0.850	-0.450	0.000	1.02283120
0.950	-0.450	0.000	1.02269685
1.050	-0.450	0.000	1.02266836
1.150	-0.450	0.000	1.02279496
1.250	-0.450	0.000	1.02310860
1.350	-0.450	0.000	1.02353811
1.450	-0.450	0.000	1.02403116
1.550	-0.450	0.000	1.02456748
1.650	-0.450	0.000	1.02505493
1.750	-0.450	0.000	1.02554512
1.850	-0.450	0.000	1.02595699
1.950	-0.450	0.000	1.02637231
2.050	-0.450	0.000	1.02659392
2.150	-0.450	0.000	1.02682722
2.250	-0.450	0.000	1.02680087
2.350	-0.450	0.000	1.02692139
2.450	-0.450	0.000	1.02634430
-2.450	-0.350	0.000	1.02473962
-2.350	-0.350	0.000	1.02451932
-2.250	-0.350	0.000	1.02400184
-2.150	-0.350	0.000	1.02385855
-2.050	-0.350	0.000	1.02404249
-1.950	-0.350	0.000	1.02472496
-1.850	-0.350	0.000	1.02563989
-1.750	-0.350	0.000	1.02619433
-1.650	-0.350	0.000	1.02606928
-1.550	-0.350	0.000	1.02521729
-1.450	-0.350	0.000	1.02364469
-1.350	-0.350	0.000	1.02166939
-1.250	-0.350	0.000	1.01990581
-1.150	-0.350	0.000	1.01839042
-1.050	-0.350	0.000	1.01789451
-0.950	-0.350	0.000	1.01810777
-0.850	-0.350	0.000	1.01868844
-0.750	-0.350	0.000	1.01942813
-0.650	-0.350	0.000	1.02025950
-0.550	-0.350	0.000	1.02106631
-0.450	-0.350	0.000	1.02187204
-0.350	-0.350	0.000	1.02264094
-0.250	-0.350	0.000	1.02329350
-0.150	-0.350	0.000	1.02370369
-0.050	-0.350	0.000	1.02400064
0.050	-0.350	0.000	1.02404261
0.150	-0.350	0.000	1.02397561
0.250	-0.350	0.000	1.02399325
0.350	-0.350	0.000	1.02392197
0.450	-0.350	0.000	1.02383554
0.550	-0.350	0.000	1.02378058
0.650	-0.350	0.000	1.02365386
0.750	-0.350	0.000	1.02336812
0.850	-0.350	0.000	1.02306235
0.950	-0.350	0.000	1.02286398
1.050	-0.350	0.000	1.02279651
1.150	-0.350	0.000	1.02287078
1.250	-0.350	0.000	1.02314067
1.350	-0.350	0.000	1.02355075
1.450	-0.350	0.000	1.02403331
1.550	-0.350	0.000	1.02456427
1.650	-0.350	0.000	1.02504611
1.750	-0.350	0.000	1.02548873
1.850	-0.350	0.000	1.02584517
1.950	-0.350	0.000	1.02624774
2.050	-0.350	0.000	1.02650392
2.150	-0.350	0.000	1.02677548
2.250	-0.350	0.000	1.02679956
2.350	-0.350	0.000	1.02690566
2.450	-0.350	0.000	1.02648878
-2.450	-0.250	0.000	1.02466488
-2.350	-0.250	0.000	1.02443731
-2.250	-0.250	0.000	1.02387345
-2.150	-0.250	0.000	1.02368784
-2.050	-0.250	0.000	1.02380598
-1.950	-0.250	0.000	1.02448153
-1.850	-0.250	0.000	1.02540398
-1.750	-0.250	0.000	1.02603662
-1.650	-0.250	0.000	1.02595723
-1.550	-0.250	0.000	1.02514732
-1.450	-0.250	0.000	1.02358699
-1.350	-0.250	0.000	1.02164602
-1.250	-0.250	0.000	1.01992607
-1.150	-0.250	0.000	1.01848876
-1.050	-0.250	0.000	1.01800609
-0.950	-0.250	0.000	1.01826358
-0.850	-0.250	0.000	1.01882577
-0.750	-0.250	0.000	1.01950407
-0.650	-0.250	0.000	1.02026963
-0.550	-0.250	0.000	1.02108431
-0.450	-0.250	0.000	1.02188337
-0.350	-0.250	0.000	1.02262974
-0.250	-0.250	0.000	1.02331805
-0.150	-0.250	0.000	1.02377534
-0.050	-0.250	0.000	1.02410328
0.050	-0.250	0.000	1.02419460
0.150	-0.250	0.000	1.02411354
0.250	-0.250	0.000	1.02413201
0.350	-0.250	0.000	1.02406466
0.450	-0.250	0.000	1.02394521
0.550	-0.250	0.000	1.02383828
0.650	-0.250	0.000	1.02375209
0.750	-0.250	0.000	1.02354908
0.850	-0.250	0.000	1.02326775
0.950	-0.250	0.000	1.02303910
1.050	-0.250	0.000	1.02293992
1.150	-0.250	0.000	1.02295673
1.250	-0.250	0.000	1.02317691
1.350	-0.250	0.000	1.02355218
1.450	-0.250	0.000	1.02398407
1.550	-0.250	0.000	1.02446508
1.650	-0.250	0.000	1.02492154
1.750	-0.250	0.000	1.02534902
1.850	-0.250	0.000	1.02566922
1.950	-0.250	0.000	1.02607393
2.050	-0.250	0.000	1.02640676
2.150	-0.250	0.000	1.02673197
2.250	-0.250	0.000	1.02679098
2.350	-0.250	0.000	1.02688980
2.450	-0.250	0.000	1.02656603
-2.450	-0.150	0.000	1.02477312
-2.350	-0.150	0.000	1.02452946
-2.250	-0.150	0.000	1.02391398
-2.150	-0.150	0.000	1.02369261
-2.050	-0.150	0.000	1.02377522
-1.950	-0.150	0.000	1.02441275
-1.850	-0.150	0.000	1.02530217
-1.750	-0.150	0.000	1.02593112
-1.650	-0.150	0.000	1.02591002
-1.550	-0.150	0.000	1.02515566
-1.450	-0.150	0.000	1.02368891
-1.350	-0.150	0.000	1.02181947
-1.250	-0.150	0.000	1.02017331
-1.150	-0.150	0.000	1.01884818
-1.050	-0.150	0.000	1.01835406
-0.950	-0.150	0.000	1.01851797
-0.850	-0.150	0.000	1.01900327
-0.750	-0.150	0.000	1.01960397
-0.650	-0.150	0.000	1.02028871
-0.550	-0.150	0.000	1.02100432
-0.450	-0.150	0.000	1.02176499
-0.350	-0.150	0.000	1.02252865
-0.250	-0.150	0.000	1.02328134
-0.150	-0.150	0.000	1.02384043
-0.050	-0.150	0.000	1.02421820
0.050	-0.150	0.000	1.02437687
0.150	-0.150	0.000	1.02432799
0.250	-0.150	0.000	1.02435601
0.350	-0.150	0.000	1.02429104
0.450	-0.150	0.000	1.02420855
0.550	-0.150	0.000	1.02408528
0.650	-0.150	0.000	1.02393520
0.750	-0.150	0.000	1.02366996
0.850	-0.150	0.000	1.02334869
0.950	-0.150	0.000	1.02307177
1.050	-0.150	0.000	1.02297091
1.150	-0.150	0.000	1.02299416
1.250	-0.150	0.000	1.02318609
1.350	-0.150	0.000	1.02351141
1.450	-0.150	0.000	1.02390099
1.550	-0.150	0.000	1.02434266
1.650	-0.150	0.000	1.02474892
1.750	-0.150	0.000	1.02515960
1.850	-0.150	0.000	1.02548611
1.950	-0.150	0.000	1.02586734
2.050	-0.150	0.000	1.02620637
2.150	-0.150	0.000	1.02661932
2.250	-0.150	0.000	1.02673495
2.350	-0.150	0.000	1.02686000
2.450	-0.150	0.000	1.02657807
-2.450	-0.050	0.000	1.02494204
-2.350	-0.050	0.000	1.02466810
-2.250	-0.050	0.000	1.02400339
-2.150	-0.050	0.000	1.02376056
-2.050	-0.050	0.000	1.02376151
-1.950	-0.050	0.000	1.02433717
-1.850	-0.050	0.000	1.02521515
-1.750	-0.050	0.000	1.02582610
-1.650	-0.050	0.000	1.02591300
-1.550	-0.050	0.000	1.02528417
-1.450	-0.050	0.000	1.02388942
-1.350	-0.050	0.000	1.02217460
-1.250	-0.050	0.000	1.02061880
-1.150	-0.050	0.000	1.01947725
-1.050	-0.050	0.000	1.01893187
-0.950	-0.050	0.000	1.01894224
-0.850	-0.050	0.000	1.01927280
-0.750	-0.050	0.000	1.01973772
-0.650	-0.050	0.000	1.02029264
-0.550	-0.050	0.000	1.02090240
-0.450	-0.050	0.000	1.02160072
-0.350	-0.050	0.000	1.02235532
-0.250	-0.050	0.000	1.02315462
-0.150	-0.050	0.000	1.02378297
-0.050	-0.050	0.000	1.02422297
0.050	-0.050	0.000	1.02446496
0.150	-0.050	0.000	1.02450120
0.250	-0.050	0.000	1.02460229
0.350	-0.050	0.000	1.02459633
0.450	-0.050	0.000	1.02452147
0.550	-0.050	0.000	1.02437007
0.650	-0.050	0.000	1.02417994
0.750	-0.050	0.000	1.02386582
0.850	-0.050	0.000	1.02351236
0.950	-0.050	0.000	1.02317452
1.050	-0.050	0.000	1.02300239
1.150	-0.050	0.000	1.02304304
1.250	-0.050	0.000	1.02321780
1.350	-0.050	0.000	1.02352476
1.450	-0.050	0.000	1.02390492
1.550	-0.050	0.000	1.02431774
1.650	-0.050	0.000	1.02465212
1.750	-0.050	0.000	1.02499068
1.850	-0.050	0.000	1.02527285
1.950	-0.050	0.000	1.02561843
2.050	-0.050	0.000	1.02589369
2.150	-0.050	0.000	1.02631652
2.250	-0.050	0.000	1.02649200
2.350	-0.050	0.000	1.02667999
2.450	-0.050	0.000	1.02644789
-2.450	0.050	0.000	1.02528620
-2.350	0.050	0.000	1.02500069
-2.250	0.050	0.000	1.02428615
-2.150	0.050	0.000	1.02398419
-2.050	0.050	0.000	1.02391505
-1.950	0.050	0.000	1.02443039
-1.850	0.050	0.000	1.02523708
-1.750	0.050	0.000	1.02584994
-1.650	0.050	0.000	1.02599728
-1.550	0.050	0.000	1.02545178
-1.450	0.050	0.000	1.02420259
-1.350	0.050	0.000	1.02264524
-1.250	0.050	0.000	1.02119040
-1.150	0.050	0.000	1.02020240
-1.050	0.050	0.000	1.01962209
-0.950	0.050	0.000	1.01952624
-0.850	0.050	0.000	1.01971233
-0.750	0.050	0.000	1.02000487
-0.650	0.050	0.000	1.02039015
-0.550	0.050	0.000	1.02085555
-0.450	0.050	0.000	1.02145934
-0.350	0.050	0.000	1.02218091
-0.250	0.050	0.000	1.02296662
-0.150	0.050	0.000	1.02366018
-0.050	0.050	0.000	1.02417481
0.050	0.050	0.000	1.02449536
0.150	0.050	0.000	1.02459562
0.250	0.050	0.000	1.02476633
0.350	0.050	0.000	1.02487719
0.450	0.050	0.000	1.02486670
0.550	0.050	0.000	1.02471709
0.650	0.050	0.000	1.02450633
0.750	0.050	0.000	1.02412343
0.850	0.050	0.000	1.02369666
0.950	0.050	0.000	1.02328670
1.050	0.050	0.000	1.02303338
1.150	0.050	0.000	1.02309871
1.250	0.050	0.000	1.02328980
1.350	0.050	0.000	1.02363360
1.450	0.050	0.000	1.02401531
1.550	0.050	0.000	1.02440298
1.650	0.050	0.000	1.02470291
1.750	0.050	0.000	1.02498043
1.850	0.050	0.000	1.02520216
1.950	0.050	0.000	1.02547002
2.050	0.050	0.000	1.02566123
2.150	0.050	0.000	1.02599692
2.250	0.050	0.000	1.02622402
2.350	0.050	0.000	1.02647662
2.450	0.050	0.000	1.02628362
-2.450	0.150	0.000	1.02587950
-2.350	0.150	0.000	1.02559137
-2.250	0.150	0.000	1.02484179
-2.150	0.150	0.000	1.02449822
-2.050	0.150	0.000	1.02438152
-1.950	0.150	0.000	1.02483404
-1.850	0.150	0.000	1.02558994
-1.750	0.150	0.000	1.02614319
-1.650	0.150	0.000	1.02635038
-1.550	0.150	0.000	1.02587867
-1.450	0.150	0.000	1.02471876
-1.350	0.150	0.000	1.02325177
-1.250	0.150	0.000	1.02190709
-1.150	0.150	0.000	1.02096212
-1.050	0.150	0.000	1.02038395
-0.950	0.150	0.000	1.02023566
-0.850	0.150	0.000	1.02032280
-0.750	0.150	0.000	1.02050090
-0.650	0.150	0.000	1.02074921
-0.550	0.150	0.000	1.02107239
-0.450	0.150	0.000	1.02153587
-0.350	0.150	0.000	1.02212930
-0.250	0.150	0.000	1.02282572
-0.150	0.150	0.000	1.02350247
-0.050	0.150	0.000	1.02405596
0.050	0.150	0.000	1.02445984
0.150	0.150	0.000	1.02466905
0.250	0.150	0.000	1.02489412
0.350	0.150	0.000	1.02510297
0.450	0.150	0.000	1.02517486
0.550	0.150	0.000	1.02505004
0.650	0.150	0.000	1.02482986
0.750	0.150	0.000	1.02439713
0.850	0.150	0.000	1.02386546
0.950	0.150	0.000	1.02339292
1.050	0.150	0.000	1.02310371
1.150	0.150	0.000	1.02313268
1.250	0.150	0.000	1.02332020
1.350	0.150	0.000	1.02371716
1.450	0.150	0.000	1.02417886
1.550	0.150	0.000	1.02460277
1.650	0.150	0.000	1.02489758
1.750	0.150	0.000	1.02514744
1.850	0.150	0.000	1.02531576
1.950	0.150	0.000	1.02547038
2.050	0.150	0.000	1.02557266
2.150	0.150	0.000	1.02579629
2.250	0.150	0.000	1.02596784
2.350	0.150	0.000	1.02622294
2.450	0.150	0.000	1.02615118
-2.450	0.250	0.000	1.02662516
-2.350	0.250	0.000	1.02633071
-2.250	0.250	0.000	1.02556503
-2.150	0.250	0.000	1.02519047
-2.050	0.250	0.000	1.02504146
-1.950	0.250	0.000	1.02545440
-1.850	0.250	0.000	1.02614963
-1.750	0.250	0.000	1.02668226
-1.650	0.250	0.000	1.02689803
-1.550	0.250	0.000	1.02647257
-1.450	0.250	0.000	1.02537715
-1.350	0.250	0.000	1.02396500
-1.250	0.250	0.000	1.02266955
-1.150	0.250	0.000	1.02175307
-1.050	0.250	0.000	1.02121115
-0.950	0.250	0.000	1.02107227
-0.850	0.250	0.000	1.02113438
-0.750	0.250	0.000	1.02124643
-0.650	0.250	0.000	1.02139997
-0.550	0.250	0.000	1.02160084
-0.450	0.250	0.000	1.02192235
-0.350	0.250	0.000	1.02239180
-0.250	0.250	0.000	1.02296793
-0.150	0.250	0.000	1.02347815
-0.050	0.250	0.000	1.02392328
0.050	0.250	0.000	1.02438068
0.150	0.250	0.000	1.02470255
0.250	0.250	0.000	1.02498507
0.350	0.250	0.000	1.02528703
0.450	0.250	0.000	1.02544928
0.550	0.250	0.000	1.02538621
0.650	0.250	0.000	1.02518785
0.750	0.250	0.000	1.02478325
0.850	0.250	0.000	1.02422404
0.950	0.250	0.000	1.02369905
1.050	0.250	0.000	1.02327740
1.150	0.250	0.000	1.02321482
1.250	0.250	0.000	1.02338743
1.350	0.250	0.000	1.02379823
1.450	0.250	0.000	1.02428937
1.550	0.250	0.000	1.02478063
1.650	0.250	0.000	1.02515137
1.750	0.250	0.000	1.02539432
1.850	0.250	0.000	1.02545881
1.950	0.250	0.000	1.02554536
2.050	0.250	0.000	1.02559006
2.150	0.250	0.000	1.02574193
2.250	0.250	0.000	1.02581537
2.350	0.250	0.000	1.02599990
2.450	0.250	0.000	1.02605689
-2.450	0.350	0.000	1.02743685
-2.350	0.350	0.000	1.02716780
-2.250	0.350	0.000	1.02638447
-2.150	0.350	0.000	1.02596438
-2.050	0.350	0.000	1.02577269
-1.950	0.350	0.000	1.02612221
-1.850	0.350	0.000	1.02675128
-1.750	0.350	0.000	1.02726769
-1.650	0.350	0.000	1.02751625
-1.550	0.350	0.000	1.02715957
-1.450	0.350	0.000	1.02613592
-1.350	0.350	0.000	1.02478218
-1.250	0.350	0.000	1.02351642
-1.150	0.350	0.000	1.02261257
-1.050	0.350	0.000	1.02207160
-0.950	0.350	0.000	1.02195168
-0.850	0.350	0.000	1.02204096
-0.750	0.350	0.000	1.02217495
-0.650	0.350	0.000	1.02230537
-0.550	0.350	0.000	1.02242410
-0.450	0.350	0.000	1.02259433
-0.350	0.350	0.000	1.02285314
-0.250	0.350	0.000	1.02322412
-0.150	0.350	0.000	1.02365041
-0.050	0.350	0.000	1.02408576
0.050	0.350	0.000	1.02446330
0.150	0.350	0.000	1.02473307
0.250	0.350	0.000	1.02502441
0.350	0.350	0.000	1.02537024
0.450	0.350	0.000	1.02561486
0.550	0.350	0.000	1.02565396
0.650	0.350	0.000	1.02552521
0.750	0.350	0.000	1.02515244
0.850	0.350	0.000	1.02461588
0.950	0.350	0.000	1.02406657
1.050	0.350	0.000	1.02361512
1.150	0.350	0.000	1.02346945
1.250	0.350	0.000	1.02354360
1.350	0.350	0.000	1.02384663
1.450	0.350	0.000	1.02431488
1.550	0.350	0.000	1.02483606
1.650	0.350	0.000	1.02525365
1.750	0.350	0.000	1.02555645
1.850	0.350	0.000	1.02568424
1.950	0.350	0.000	1.02577913
2.050	0.350	0.000	1.02578938
2.150	0.350	0.000	1.02587330
2.250	0.350	0.000	1.02587926
2.350	0.350	0.000	1.02599442
2.450	0.350	0.000	1.02607274
-2.450	0.450	0.000	1.02808154
-2.350	0.450	0.000	1.02787614
-2.250	0.450	0.000	1.02710462
-2.150	0.450	0.000	1.02666056
-2.050	0.450	0.000	1.02643716
-1.950	0.450	0.000	1.02673352
-1.850	0.450	0.000	1.02731800
-1.750	0.450	0.000	1.02782524
-1.650	0.450	0.000	1.02805662
-1.550	0.450	0.000	1.02770960
-1.450	0.450	0.000	1.02677691
-1.350	0.450	0.000	1.02551711
-1.250	0.450	0.000	1.02431381
-1.150	0.450	0.000	1.02343738
-1.050	0.450	0.000	1.02290523
-0.950	0.450	0.000	1.02278852
-0.850	0.450	0.000	1.02288842
-0.750	0.450	0.000	1.02306926
-0.650	0.450	0.000	1.02322948
-0.550	0.450	0.000	1.02334344
-0.450	0.450	0.000	1.02345800
-0.350	0.450	0.000	1.02361941
-0.250	0.450	0.000	1.02384055
-0.150	0.450	0.000	1.02407157
-0.050	0.450	0.000	1.02432454
0.050	0.450	0.000	1.02461946
0.150	0.450	0.000	1.02487779
0.250	0.450	0.000	1.02514541
0.350	0.450	0.000	1.02542818
0.450	0.450	0.000	1.02565622
0.550	0.450	0.000	1.02572334
0.650	0.450	0.000	1.02566850
0.750	0.450	0.000	1.02537990
0.850	0.450	0.000	1.02492130
0.950	0.450	0.000	1.02441251
1.050	0.450	0.000	1.02399802
1.150	0.450	0.000	1.02382135
1.250	0.450	0.000	1.02384579
1.350	0.450	0.000	1.02408195
1.450	0.450	0.000	1.02448535
1.550	0.450	0.000	1.02495563
1.650	0.450	0.000	1.02532661
1.750	0.450	0.000	1.02560377
1.850	0.450	0.000	1.02570951
1.950	0.450	0.000	1.02574539
2.050	0.450	0.000	1.02573776
2.150	0.450	0.000	1.02582514
2.250	0.450	0.000	1.02584016
2.350	0.450	0.000	1.02594507
2.450	0.450	0.000	1.02608871
-2.450	0.550	0.000	1.02844036
-2.350	0.550	0.000	1.02833652
-2.250	0.550	0.000	1.02762091
-2.150	0.550	0.000	1.02717221
-2.050	0.550	0.000	1.02693081
-1.950	0.550	0.000	1.02719080
-1.850	0.550	0.000	1.02762842
-1.750	0.550	0.000	1.02807927
-1.650	0.550	0.000	1.02836514
-1.550	0.550	0.000	1.02813900
-1.450	0.550	0.000	1.02734375
-1.350	0.550	0.000	1.02614713
-1.250	0.550	0.000	1.02494287
-1.150	0.550	0.000	1.02403820
-1.050	0.550	0.000	1.02348030
-0.950	0.550	0.000	1.02338934
-0.850	0.550	0.000	1.02356398
-0.750	0.550	0.000	1.02382374
-0.650	0.550	0.000	1.02405632
-0.550	0.550	0.000	1.02423728
-0.450	0.550	0.000	1.02437770
-0.350	0.550	0.000	1.02450013
-0.250	0.550	0.000	1.02464139
-0.150	0.550	0.000	1.02476764
-0.050	0.550	0.000	1.02490509
0.050	0.550	0.000	1.02503002
0.150	0.550	0.000	1.02514255
0.250	0.550	0.000	1.02533495
0.350	0.550	0.000	1.02554345
0.450	0.550	0.000	1.02566123
0.550	0.550	0.000	1.02571046
0.650	0.550	0.000	1.02568161
0.750	0.550	0.000	1.02542830
0.850	0.550	0.000	1.02502978
0.950	0.550	0.000	1.02459633
1.050	0.550	0.000	1.02426481
1.150	0.550	0.000	1.02409172
1.250	0.550	0.000	1.02407968
1.350	0.550	0.000	1.02422810
1.450	0.550	0.000	1.02451396
1.550	0.550	0.000	1.02494538
1.650	0.550	0.000	1.02530634
1.750	0.550	0.000	1.02564299
1.850	0.550	0.000	1.02585351
1.950	0.550	0.000	1.02593923
2.050	0.550	0.000	1.02593517
2.150	0.550	0.000	1.02598739
2.250	0.550	0.000	1.02592158
2.350	0.550	0.000	1.02587581
2.450	0.550	0.000	1.02600336
-2.450	0.650	0.000	1.02851295
-2.350	0.650	0.000	1.02852762
-2.250	0.650	0.000	1.02788866
-2.150	0.650	0.000	1.02746069
-2.050	0.650	0.000	1.02723300
-1.950	0.650	0.000	1.02739871
-1.850	0.650	0.000	1.02773631
-1.750	0.650	0.000	1.02816200
-1.650	0.650	0.000	1.02839196
-1.550	0.650	0.000	1.02819800
-1.450	0.650	0.000	1.02751422
-1.350	0.650	0.000	1.02643025
-1.250	0.650	0.000	1.02528930
-1.150	0.650	0.000	1.02439272
-1.050	0.650	0.000	1.02383196
-0.950	0.650	0.000	1.02375698
-0.850	0.650	0.000	1.02398264
-0.750	0.650	0.000	1.02436352
-0.650	0.650	0.000	1.02474117
-0.550	0.650	0.000	1.02502358
-0.450	0.650	0.000	1.02522111
-0.350	0.650	0.000	1.02537143
-0.250	0.650	0.000	1.02551246
-0.150	0.650	0.000	1.02561700
-0.050	0.650	0.000	1.02567768
0.050	0.650	0.000	1.02575040
0.150	0.650	0.000	1.02570105
0.250	0.650	0.000	1.02565122
0.350	0.650	0.000	1.02570558
0.450	0.650	0.000	1.02574325
0.550	0.650	0.000	1.02574039
0.650	0.650	0.000	1.02569401
0.750	0.650	0.000	1.02549243
0.850	0.650	0.000	1.02511573
0.950	0.650	0.000	1.02472997
1.050	0.650	0.000	1.02442384
1.150	0.650	0.000	1.02424693
1.250	0.650	0.000	1.02422643
1.350	0.650	0.000	1.02435780
1.450	0.650	0.000	1.02456665
1.550	0.650	0.000	1.02492177
1.650	0.650	0.000	1.02525616
1.750	0.650	0.000	1.02557790
1.850	0.650	0.000	1.02581918
1.950	0.650	0.000	1.02597356
2.050	0.650	0.000	1.02599835
2.150	0.650	0.000	1.02606559
2.250	0.650	0.000	1.02604210
2.350	0.650	0.000	1.02600729
2.450	0.650	0.000	1.02611065
-2.450	0.750	0.000	1.02850926
-2.350	0.750	0.000	1.02865922
-2.250	0.750	0.000	1.02809894
-2.150	0.750	0.000	1.02775109
-2.050	0.750	0.000	1.02754045
-1.950	0.750	0.000	1.02764058
-1.850	0.750	0.000	1.02784455
-1.750	0.750	0.000	1.02816796
-1.650	0.750	0.000	1.02831984
-1.550	0.750	0.000	1.02814341
-1.450	0.750	0.000	1.02755928
-1.350	0.750	0.000	1.02659738
-1.250	0.750	0.000	1.02546394
-1.150	0.750	0.000	1.02452636
-1.050	0.750	0.000	1.02393770
-0.950	0.750	0.000	1.02385163
-0.850	0.750	0.000	1.02409017
-0.750	0.750	0.000	1.02456558
-0.650	0.750	0.000	1.02507997
-0.550	0.750	0.000	1.02550519
-0.450	0.750	0.000	1.02583218
-0.350	0.750	0.000	1.02608240
-0.250	0.750	0.000	1.02630365
-0.150	0.750	0.000	1.02647018
-0.050	0.750	0.000	1.02657938
0.050	0.750	0.000	1.02660215
0.150	0.750	0.000	1.02648222
0.250	0.750	0.000	1.02633822
0.350	0.750	0.000	1.02619982
0.450	0.750	0.000	1.02605057
0.550	0.750	0.000	1.02592707
0.650	0.750	0.000	1.02576864
0.750	0.750	0.000	1.02555585
0.850	0.750	0.000	1.02521098
0.950	0.750	0.000	1.02481091
1.050	0.750	0.000	1.02450931
1.150	0.750	0.000	1.02437043
1.250	0.750	0.000	1.02434134
1.350	0.750	0.000	1.02445066
1.450	0.750	0.000	1.02464628
1.550	0.750	0.000	1.02497375
1.650	0.750	0.000	1.02534127
1.750	0.750	0.000	1.02570570
1.850	0.750	0.000	1.02594543
1.950	0.750	0.000	1.02617264
2.050	0.750	0.000	1.02625167
2.150	0.750	0.000	1.02630472
2.250	0.750	0.000	1.02626419
2.350	0.750	0.000	1.02617395
2.450	0.750	0.000	1.02624285
-2.450	0.850	0.000	1.02842832
-2.350	0.850	0.000	1.02869260
-2.250	0.850	0.000	1.02817726
-2.150	0.850	0.000	1.02787292
-2.050	0.850	0.000	1.02771175
-1.950	0.850	0.000	1.02779400
-1.850	0.850	0.000	1.02794528
-1.750	0.850	0.000	1.02817750
-1.650	0.850	0.000	1.02822673
-1.550	0.850	0.000	1.02798212
-1.450	0.850	0.000	1.02743912
-1.350	0.850	0.000	1.02655244
-1.250	0.850	0.000	1.02549791
-1.150	0.850	0.000	1.02456021
-1.050	0.850	0.000	1.02392519
-0.950	0.850	0.000	1.02379274
-0.850	0.850	0.000	1.02401805
-0.750	0.850	0.000	1.02454197
-0.650	0.850	0.000	1.02514553
-0.550	0.850	0.000	1.02568805
-0.450	0.850	0.000	1.02614725
-0.350	0.850	0.000	1.02652276
-0.250	0.850	0.000	1.02686667
-0.150	0.850	0.000	1.02714944
-0.050	0.850	0.000	1.02736664
0.050	0.850	0.000	1.02742803
0.150	0.850	0.000	1.02729690
0.250	0.850	0.000	1.02710736
0.350	0.850	0.000	1.02691233
0.450	0.850	0.000	1.02670610
0.550	0.850	0.000	1.02650404
0.650	0.850	0.000	1.02625644
0.750	0.850	0.000	1.02592146
0.850	0.850	0.000	1.02551961
0.950	0.850	0.000	1.02514148
1.050	0.850	0.000	1.02483916
1.150	0.850	0.000	1.02466047
1.250	0.850	0.000	1.02455175
1.350	0.850	0.000	1.02461219
1.450	0.850	0.000	1.02477169
1.550	0.850	0.000	1.02505755
1.650	0.850	0.000	1.02537394
1.750	0.850	0.000	1.02571487
1.850	0.850	0.000	1.02600098
1.950	0.850	0.000	1.02627003
2.050	0.850	0.000	1.02640355
2.150	0.850	0.000	1.02648365
2.250	0.850	0.000	1.02646518
2.350	0.850	0.000	1.02636766
2.450	0.850	0.000	1.02643299
-2.450	0.950	0.000	1.02844477
-2.350	0.950	0.000	1.02877259
-2.250	0.950	0.000	1.02828884
-2.150	0.950	0.000	1.02805507
-2.050	0.950	0.000	1.02792764
-1.950	0.950	0.000	1.02800894
-1.850	0.950	0.000	1.02810001
-1.750	0.950	0.000	1.02822602
-1.650	0.950	0.000	1.02818441
-1.550	0.950	0.000	1.02787912
-1.450	0.950	0.000	1.02733803
-1.350	0.950	0.000	1.02649081
-1.250	0.950	0.000	1.02550125
-1.150	0.950	0.000	1.02453053
-1.050	0.950	0.000	1.02382207
-0.950	0.950	0.000	1.02360630
-0.850	0.950	0.000	1.02379203
-0.750	0.950	0.000	1.02432930
-0.650	0.950	0.000	1.02498806
-0.550	0.950	0.000	1.02560174
-0.450	0.950	0.000	1.02613962
-0.350	0.950	0.000	1.02664709
-0.250	0.950	0.000	1.02714550
-0.150	0.950	0.000	1.02757049
-0.050	0.950	0.000	1.02792561
0.050	0.950	0.000	1.02808261
0.150	0.950	0.000	1.02803159
0.250	0.950	0.000	1.02787805
0.350	0.950	0.000	1.02764595
0.450	0.950	0.000	1.02743208
0.550	0.950	0.000	1.02722383
0.650	0.950	0.000	1.02694082
0.750	0.950	0.000	1.02656138
0.850	0.950	0.000	1.02607095
0.950	0.950	0.000	1.02556968
1.050	0.950	0.000	1.02514267
1.150	0.950	0.000	1.02492499
1.250	0.950	0.000	1.02482951
1.350	0.950	0.000	1.02489424
1.450	0.950	0.000	1.02507257
1.550	0.950	0.000	1.02533591
1.650	0.950	0.000	1.02561331
1.750	0.950	0.000	1.02591622
1.850	0.950	0.000	1.02618051
1.950	0.950	0.000	1.02645779
2.050	0.950	0.000	1.02660465
2.150	0.950	0.000	1.02669239
2.250	0.950	0.000	1.02670884
2.350	0.950	0.000	1.02656901
2.450	0.950	0.000	1.02663422
-2.450	1.050	0.000	1.02844191
-2.350	1.050	0.000	1.02880466
-2.250	1.050	0.000	1.02832305
-2.150	1.050	0.000	1.02819729
-2.050	1.050	0.000	1.02810550
-1.950	1.050	0.000	1.02821827
-1.850	1.050	0.000	1.02829361
-1.750	1.050	0.000	1.02836168
-1.650	1.050	0.000	1.02823007
-1.550	1.050	0.000	1.02786958
-1.450	1.050	0.000	1.02735269
-1.350	1.050	0.000	1.02657771
-1.250	1.050	0.000	1.02566922
-1.150	1.050	0.000	1.02468729
-1.050	1.050	0.000	1.02388978
-0.950	1.050	0.000	1.02352834
-0.850	1.050	0.000	1.02358437
-0.750	1.050	0.000	1.02405035
-0.650	1.050	0.000	1.02470291
-0.550	1.050	0.000	1.02535224
-0.450	1.050	0.000	1.02595329
-0.350	1.050	0.000	1.02653396
-0.250	1.050	0.000	1.02709496
-0.150	1.050	0.000	1.02765882
-0.050	1.050	0.000	1.02819073
0.050	1.050	0.000	1.02847767
0.150	1.050	0.000	1.02854300
0.250	1.050	0.000	1.02848959
0.350	1.050	0.000	1.02830148
0.450	1.050	0.000	1.02811778
0.550	1.050	0.000	1.02794647
0.650	1.050	0.000	1.02773011
0.750	1.050	0.000	1.02737498
0.850	1.050	0.000	1.02686322
0.950	1.050	0.000	1.02631116
1.050	1.050	0.000	1.02578425
1.150	1.050	0.000	1.02541816
1.250	1.050	0.000	1.02523112
1.350	1.050	0.000	1.02521300
1.450	1.050	0.000	1.02534211
1.550	1.050	0.000	1.02556968
1.650	1.050	0.000	1.02582002
1.750	1.050	0.000	1.02608383
1.850	1.050	0.000	1.02632785
1.950	1.050	0.000	1.02660751
2.050	1.050	0.000	1.02675939
2.150	1.050	0.000	1.02683616
2.250	1.050	0.000	1.02683866
2.350	1.050	0.000	1.02669406
2.450	1.050	0.000	1.02675462
-2.450	1.150	0.000	1.02858865
-2.350	1.150	0.000	1.02898514
-2.250	1.150	0.000	1.02845824
-2.150	1.150	0.000	1.02837193
-2.050	1.150	0.000	1.02830946
-1.950	1.150	0.000	1.02843916
-1.850	1.150	0.000	1.02852142
-1.750	1.150	0.000	1.02855480
-1.650	1.150	0.000	1.02834678
-1.550	1.150	0.000	1.02796531
-1.450	1.150	0.000	1.02746975
-1.350	1.150	0.000	1.02678406
-1.250	1.150	0.000	1.02596557
-1.150	1.150	0.000	1.02499127
-1.050	1.150	0.000	1.02411997
-0.950	1.150	0.000	1.02360427
-0.850	1.150	0.000	1.02351713
-0.750	1.150	0.000	1.02384365
-0.650	1.150	0.000	1.02440310
-0.550	1.150	0.000	1.02502501
-0.450	1.150	0.000	1.02562129
-0.350	1.150	0.000	1.02622414
-0.250	1.150	0.000	1.02684975
-0.150	1.150	0.000	1.02745938
-0.050	1.150	0.000	1.02805841
0.050	1.150	0.000	1.02852011
0.150	1.150	0.000	1.02877820
0.250	1.150	0.000	1.02887261
0.350	1.150	0.000	1.02880681
0.450	1.150	0.000	1.02870190
0.550	1.150	0.000	1.02861309
0.650	1.150	0.000	1.02847815
0.750	1.150	0.000	1.02820432
0.850	1.150	0.000	1.02773809
0.950	1.150	0.000	1.02719212
1.050	1.150	0.000	1.02661943
1.150	1.150	0.000	1.02617157
1.250	1.150	0.000	1.02588093
1.350	1.150	0.000	1.02575493
1.450	1.150	0.000	1.02578962
1.550	1.150	0.000	1.02592349
1.650	1.150	0.000	1.02611947
1.750	1.150	0.000	1.02635813
1.850	1.150	0.000	1.02659631
1.950	1.150	0.000	1.02689290
2.050	1.150	0.000	1.02704883
2.150	1.150	0.000	1.02708137
2.250	1.150	0.000	1.02702987
2.350	1.150	0.000	1.02679992
2.450	1.150	0.000	1.02682149
-2.450	1.250	0.000	1.02864158
-2.350	1.250	0.000	1.02910960
-2.250	1.250	0.000	1.02863622
-2.150	1.250	0.000	1.02856290
-2.050	1.250	0.000	1.02855563
-1.950	1.250	0.000	1.02874780
-1.850	1.250	0.000	1.02884042
-1.750	1.250	0.000	1.02882349
-1.650	1.250	0.000	1.02856183
-1.550	1.250	0.000	1.02815425
-1.450	1.250	0.000	1.02770400
-1.350	1.250	0.000	1.02715564
-1.250	1.250	0.000	1.02644479
-1.150	1.250	0.000	1.02551019
-1.050	1.250	0.000	1.02456832
-0.950	1.250	0.000	1.02387762
-0.850	1.250	0.000	1.02359712
-0.750	1.250	0.000	1.02372396
-0.650	1.250	0.000	1.02413976
-0.550	1.250	0.000	1.02469277
-0.450	1.250	0.000	1.02525008
-0.350	1.250	0.000	1.02583170
-0.250	1.250	0.000	1.02644861
-0.150	1.250	0.000	1.02709198
-0.050	1.250	0.000	1.02777445
0.050	1.250	0.000	1.02832711
0.150	1.250	0.000	1.02862227
0.250	1.250	0.000	1.02886069
0.350	1.250	0.000	1.02897894
0.450	1.250	0.000	1.02899480
0.550	1.250	0.000	1.02901602
0.650	1.250	0.000	1.02897286
0.750	1.250	0.000	1.02878511
0.850	1.250	0.000	1.02839744
0.950	1.250	0.000	1.02791500
1.050	1.250	0.000	1.02738738
1.150	1.250	0.000	1.02692187
1.250	1.250	0.000	1.02656853
1.350	1.250	0.000	1.02635062
1.450	1.250	0.000	1.02629840
1.550	1.250	0.000	1.02636576
1.650	1.250	0.000	1.02649772
1.750	1.250	0.000	1.02669728
1.850	1.250	0.000	1.02689826
1.950	1.250	0.000	1.02706039
2.050	1.250	0.000	1.02717745
2.150	1.250	0.000	1.02721512
2.250	1.250	0.000	1.02719212
2.350	1.250	0.000	1.02694690
2.450	1.250	0.000	1.02688432
-2.450	1.350	0.000	1.02892172
-2.350	1.350	0.000	1.02949798
-2.250	1.350	0.000	1.02911758
-2.150	1.350	0.000	1.02905273
-2.050	1.350	0.000	1.02910745
-1.950	1.350	0.000	1.02932465
-1.850	1.350	0.000	1.02935684
-1.750	1.350	0.000	1.02924657
-1.650	1.350	0.000	1.02890480
-1.550	1.350	0.000	1.02846062
-1.450	1.350	0.000	1.02800572
-1.350	1.350	0.000	1.02754867
-1.250	1.350	0.000	1.02694201
-1.150	1.350	0.000	1.02608573
-1.050	1.350	0.000	1.02512109
-0.950	1.350	0.000	1.02427435
-0.850	1.350	0.000	1.02376401
-0.750	1.350	0.000	1.02367508
-0.650	1.350	0.000	1.02395606
-0.550	1.350	0.000	1.02442920
-0.450	1.350	0.000	1.02493584
-0.350	1.350	0.000	1.02547073
-0.250	1.350	0.000	1.02604508
-0.150	1.350	0.000	1.02664983
-0.050	1.350	0.000	1.02730548
0.050	1.350	0.000	1.02794695
0.150	1.350	0.000	1.02839971
0.250	1.350	0.000	1.02879477
0.350	1.350	0.000	1.02908647
0.450	1.350	0.000	1.02920663
0.550	1.350	0.000	1.02926350
0.650	1.350	0.000	1.02923846
0.750	1.350	0.000	1.02908051
0.850	1.350	0.000	1.02877450
0.950	1.350	0.000	1.02838659
1.050	1.350	0.000	1.02797413
1.150	1.350	0.000	1.02759266
1.250	1.350	0.000	1.02725112
1.350	1.350	0.000	1.02700531
1.450	1.350	0.000	1.02688730
1.550	1.350	0.000	1.02687395
1.650	1.350	0.000	1.02690446
1.750	1.350	0.000	1.02698803
1.850	1.350	0.000	1.02711523
1.950	1.350	0.000	1.02728093
2.050	1.350	0.000	1.02737856
2.150	1.350	0.000	1.02738869
2.250	1.350	0.000	1.02732289
2.350	1.350	0.000	1.02702665
2.450	1.350	0.000	1.02692842
-2.450	1.450	0.000	1.02930725
-2.350	1.450	0.000	1.02998996
-2.250	1.450	0.000	1.02980375
-2.150	1.450	0.000	1.02972126
-2.050	1.450	0.000	1.02982712
-1.950	1.450	0.000	1.03006744
-1.850	1.450	0.000	1.03001547
-1.750	1.450	0.000	1.02982628
-1.650	1.450	0.000	1.02940691
-1.550	1.450	0.000	1.02889776
-1.450	1.450	0.000	1.02846515
-1.350	1.450	0.000	1.02803791
-1.250	1.450	0.000	1.02744508
-1.150	1.450	0.000	1.02660060
-1.050	1.450	0.000	1.02558839
-0.950	1.450	0.000	1.02461636
-0.850	1.450	0.000	1.02395856
-0.750	1.450	0.000	1.02374208
-0.650	1.450	0.000	1.02388513
-0.550	1.450	0.000	1.02429414
-0.450	1.450	0.000	1.02476752
-0.350	1.450	0.000	1.02527070
-0.250	1.450	0.000	1.02579558
-0.150	1.450	0.000	1.02632749
-0.050	1.450	0.000	1.02692890
0.050	1.450	0.000	1.02753544
0.150	1.450	0.000	1.02803099
0.250	1.450	0.000	1.02848268
0.350	1.450	0.000	1.02890992
0.450	1.450	0.000	1.02915823
0.550	1.450	0.000	1.02929187
0.650	1.450	0.000	1.02933359
0.750	1.450	0.000	1.02920294
0.850	1.450	0.000	1.02893543
0.950	1.450	0.000	1.02859092
1.050	1.450	0.000	1.02825129
1.150	1.450	0.000	1.02796912
1.250	1.450	0.000	1.02771842
1.350	1.450	0.000	1.02754390
1.450	1.450	0.000	1.02745247
1.550	1.450	0.000	1.02742326
1.650	1.450	0.000	1.02741420
1.750	1.450	0.000	1.02742827
1.850	1.450	0.000	1.02744591
1.950	1.450	0.000	1.02748132
2.050	1.450	0.000	1.02751124
2.150	1.450	0.000	1.02747858
2.250	1.450	0.000	1.02741742
2.350	1.450	0.000	1.02710593
2.450	1.450	0.000	1.02699363
-2.450	1.550	0.000	1.02954245
-2.350	1.550	0.000	1.03032100
-2.250	1.550	0.000	1.03044355
-2.150	1.550	0.000	1.03044617
-2.050	1.550	0.000	1.03059876
-1.950	1.550	0.000	1.03089333
-1.850	1.550	0.000	1.03080046
-1.750	1.550	0.000	1.03056979
-1.650	1.550	0.000	1.03007793
-1.550	1.550	0.000	1.02951562
-1.450	1.550	0.000	1.02901077
-1.350	1.550	0.000	1.02855814
-1.250	1.550	0.000	1.02796984
-1.150	1.550	0.000	1.02717292
-1.050	1.550	0.000	1.02619874
-0.950	1.550	0.000	1.02518857
-0.850	1.550	0.000	1.02445793
-0.750	1.550	0.000	1.02407849
-0.650	1.550	0.000	1.02409303
-0.550	1.550	0.000	1.02441025
-0.450	1.550	0.000	1.02484155
-0.350	1.550	0.000	1.02532196
-0.250	1.550	0.000	1.02580047
-0.150	1.550	0.000	1.02627468
-0.050	1.550	0.000	1.02678180
0.050	1.550	0.000	1.02732491
0.150	1.550	0.000	1.02781224
0.250	1.550	0.000	1.02828085
0.350	1.550	0.000	1.02874434
0.450	1.550	0.000	1.02903736
0.550	1.550	0.000	1.02918136
0.650	1.550	0.000	1.02921641
0.750	1.550	0.000	1.02907443
0.850	1.550	0.000	1.02882695
0.950	1.550	0.000	1.02853763
1.050	1.550	0.000	1.02828836
1.150	1.550	0.000	1.02811086
1.250	1.550	0.000	1.02794147
1.350	1.550	0.000	1.02785671
1.450	1.550	0.000	1.02781606
1.550	1.550	0.000	1.02781308
1.650	1.550	0.000	1.02780437
1.750	1.550	0.000	1.02779245
1.850	1.550	0.000	1.02775860
1.950	1.550	0.000	1.02773631
2.050	1.550	0.000	1.02770746
2.150	1.550	0.000	1.02761447
2.250	1.550	0.000	1.02750409
2.350	1.550	0.000	1.02718771
2.450	1.550	0.000	1.02707720
-2.450	1.650	0.000	1.02970481
-2.350	1.650	0.000	1.03058934
-2.250	1.650	0.000	1.03099763
-2.150	1.650	0.000	1.03113973
-2.050	1.650	0.000	1.03139973
-1.950	1.650	0.000	1.03176546
-1.850	1.650	0.000	1.03167880
-1.750	1.650	0.000	1.03136957
-1.650	1.650	0.000	1.03083777
-1.550	1.650	0.000	1.03022933
-1.450	1.650	0.000	1.02969062
-1.350	1.650	0.000	1.02916253
-1.250	1.650	0.000	1.02854192
-1.150	1.650	0.000	1.02776372
-1.050	1.650	0.000	1.02683938
-0.950	1.650	0.000	1.02586067
-0.850	1.650	0.000	1.02509904
-0.750	1.650	0.000	1.02469647
-0.650	1.650	0.000	1.02465665
-0.550	1.650	0.000	1.02490711
-0.450	1.650	0.000	1.02531219
-0.350	1.650	0.000	1.02578819
-0.250	1.650	0.000	1.02624106
-0.150	1.650	0.000	1.02664447
-0.050	1.650	0.000	1.02702916
0.050	1.650	0.000	1.02744079
0.150	1.650	0.000	1.02782345
0.250	1.650	0.000	1.02822781
0.350	1.650	0.000	1.02862906
0.450	1.650	0.000	1.02889729
0.550	1.650	0.000	1.02903306
0.650	1.650	0.000	1.02905440
0.750	1.650	0.000	1.02891135
0.850	1.650	0.000	1.02867115
0.950	1.650	0.000	1.02840602
1.050	1.650	0.000	1.02821302
1.150	1.650	0.000	1.02812171
1.250	1.650	0.000	1.02804232
1.350	1.650	0.000	1.02806616
1.450	1.650	0.000	1.02809918
1.550	1.650	0.000	1.02813756
1.650	1.650	0.000	1.02813792
1.750	1.650	0.000	1.02810943
1.850	1.650	0.000	1.02804124
1.950	1.650	0.000	1.02799273
2.050	1.650	0.000	1.02795446
2.150	1.650	0.000	1.02787077
2.250	1.650	0.000	1.02775097
2.350	1.650	0.000	1.02747130
2.450	1.650	0.000	1.02734506
-2.450	1.750	0.000	1.02952647
-2.350	1.750	0.000	1.03047788
-2.250	1.750	0.000	1.03107595
-2.150	1.750	0.000	1.03144312
-2.050	1.750	0.000	1.03194523
-1.950	1.750	0.000	1.03247881
-1.850	1.750	0.000	1.03246164
-1.750	1.750	0.000	1.03217494
-1.650	1.750	0.000	1.03163302
-1.550	1.750	0.000	1.03104377
-1.450	1.750	0.000	1.03047788
-1.350	1.750	0.000	1.02988958
-1.250	1.750	0.000	1.02921474
-1.150	1.750	0.000	1.02842700
-1.050	1.750	0.000	1.02755511
-0.950	1.750	0.000	1.02667010
-0.850	1.750	0.000	1.02596748
-0.750	1.750	0.000	1.02555168
-0.650	1.750	0.000	1.02546191
-0.550	1.750	0.000	1.02564716
-0.450	1.750	0.000	1.02603245
-0.350	1.750	0.000	1.02651727
-0.250	1.750	0.000	1.02697861
-0.150	1.750	0.000	1.02733767
-0.050	1.750	0.000	1.02763367
0.050	1.750	0.000	1.02789903
0.150	1.750	0.000	1.02812850
0.250	1.750	0.000	1.02838969
0.350	1.750	0.000	1.02864027
0.450	1.750	0.000	1.02878404
0.550	1.750	0.000	1.02884603
0.650	1.750	0.000	1.02878642
0.750	1.750	0.000	1.02861249
0.850	1.750	0.000	1.02837038
0.950	1.750	0.000	1.02811980
1.050	1.750	0.000	1.02795482
1.150	1.750	0.000	1.02790630
1.250	1.750	0.000	1.02789986
1.350	1.750	0.000	1.02802145
1.450	1.750	0.000	1.02815974
1.550	1.750	0.000	1.02828801
1.650	1.750	0.000	1.02834320
1.750	1.750	0.000	1.02835619
1.850	1.750	0.000	1.02830386
1.950	1.750	0.000	1.02826416
2.050	1.750	0.000	1.02822232
2.150	1.750	0.000	1.02815974
2.250	1.750	0.000	1.02804935
2.350	1.750	0.000	1.02778268
2.450	1.750	0.000	1.02765405
-2.450	1.850	0.000	1.02941179
-2.350	1.850	0.000	1.03031456
-2.250	1.850	0.000	1.03101349
-2.150	1.850	0.000	1.03161514
-2.050	1.850	0.000	1.03234839
-1.950	1.850	0.000	1.03304815
-1.850	1.850	0.000	1.03308690
-1.750	1.850	0.000	1.03277421
-1.650	1.850	0.000	1.03222764
-1.550	1.850	0.000	1.03169811
-1.450	1.850	0.000	1.03116465
-1.350	1.850	0.000	1.03056252
-1.250	1.850	0.000	1.02985454
-1.150	1.850	0.000	1.02904940
-1.050	1.850	0.000	1.02819037
-0.950	1.850	0.000	1.02734590
-0.850	1.850	0.000	1.02667105
-0.750	1.850	0.000	1.02623200
-0.650	1.850	0.000	1.02610195
-0.550	1.850	0.000	1.02624762
-0.450	1.850	0.000	1.02662098
-0.350	1.850	0.000	1.02711451
-0.250	1.850	0.000	1.02758515
-0.150	1.850	0.000	1.02793074
-0.050	1.850	0.000	1.02817023
0.050	1.850	0.000	1.02830899
0.150	1.850	0.000	1.02841496
0.250	1.850	0.000	1.02855039
0.350	1.850	0.000	1.02862370
0.450	1.850	0.000	1.02861488
0.550	1.850	0.000	1.02854633
0.650	1.850	0.000	1.02837205
0.750	1.850	0.000	1.02813613
0.850	1.850	0.000	1.02787101
0.950	1.850	0.000	1.02762091
1.050	1.850	0.000	1.02746058
1.150	1.850	0.000	1.02743816
1.250	1.850	0.000	1.02749717
1.350	1.850	0.000	1.02772951
1.450	1.850	0.000	1.02801979
1.550	1.850	0.000	1.02831364
1.650	1.850	0.000	1.02851152
1.750	1.850	0.000	1.02864230
1.850	1.850	0.000	1.02867699
1.950	1.850	0.000	1.02872992
2.050	1.850	0.000	1.02875364
2.150	1.850	0.000	1.02876818
2.250	1.850	0.000	1.02864552
2.350	1.850	0.000	1.02834737
2.450	1.850	0.000	1.02816629
-2.450	1.950	0.000	1.02923179
-2.350	1.950	0.000	1.03001952
-2.250	1.950	0.000	1.03078604
-2.150	1.950	0.000	1.03162503
-2.050	1.950	0.000	1.03257644
-1.950	1.950	0.000	1.03339267
-1.850	1.950	0.000	1.03349817
-1.750	1.950	0.000	1.03317726
-1.650	1.950	0.000	1.03260016
-1.550	1.950	0.000	1.03202736
-1.450	1.950	0.000	1.03144479
-1.350	1.950	0.000	1.03080034
-1.250	1.950	0.000	1.03006303
-1.150	1.950	0.000	1.02924347
-1.050	1.950	0.000	1.02838469
-0.950	1.950	0.000	1.02757525
-0.850	1.950	0.000	1.02688479
-0.750	1.950	0.000	1.02643538
-0.650	1.950	0.000	1.02625346
-0.550	1.950	0.000	1.02636635
-0.450	1.950	0.000	1.02671766
-0.350	1.950	0.000	1.02720368
-0.250	1.950	0.000	1.02766359
-0.150	1.950	0.000	1.02801049
-0.050	1.950	0.000	1.02824235
0.050	1.950	0.000	1.02834797
0.150	1.950	0.000	1.02841699
0.250	1.950	0.000	1.02850902
0.350	1.950	0.000	1.02847362
0.450	1.950	0.000	1.02832460
0.550	1.950	0.000	1.02810419
0.650	1.950	0.000	1.02779818
0.750	1.950	0.000	1.02747142
0.850	1.950	0.000	1.02715778
0.950	1.950	0.000	1.02689302
1.050	1.950	0.000	1.02672791
1.150	1.950	0.000	1.02669728
1.250	1.950	0.000	1.02677536
1.350	1.950	0.000	1.02706325
1.450	1.950	0.000	1.02745354
1.550	1.950	0.000	1.02787602
1.650	1.950	0.000	1.02821016
1.750	1.950	0.000	1.02847004
1.850	1.950	0.000	1.02861941
1.950	1.950	0.000	1.02877629
2.050	1.950	0.000	1.02887869
2.150	1.950	0.000	1.02898967
2.250	1.950	0.000	1.02891064
2.350	1.950	0.000	1.02863991
2.450	1.950	0.000	1.02846730
-2.450	2.050	0.000	1.02876055
-2.350	2.050	0.000	1.02933764
-2.250	2.050	0.000	1.02999759
-2.150	2.050	0.000	1.03095901
-2.050	2.050	0.000	1.03207636
-1.950	2.050	0.000	1.03300357
-1.850	2.050	0.000	1.03322494
-1.750	2.050	0.000	1.03298843
-1.650	2.050	0.000	1.03247023
-1.550	2.050	0.000	1.03190315
-1.450	2.050	0.000	1.03128111
-1.350	2.050	0.000	1.03059220
-1.250	2.050	0.000	1.02982748
-1.150	2.050	0.000	1.02901661
-1.050	2.050	0.000	1.02818501
-0.950	2.050	0.000	1.02742052
-0.850	2.050	0.000	1.02674735
-0.750	2.050	0.000	1.02631831
-0.650	2.050	0.000	1.02612662
-0.550	2.050	0.000	1.02621317
-0.450	2.050	0.000	1.02653539
-0.350	2.050	0.000	1.02699566
-0.250	2.050	0.000	1.02744329
-0.150	2.050	0.000	1.02780366
-0.050	2.050	0.000	1.02807081
0.050	2.050	0.000	1.02819347
0.150	2.050	0.000	1.02826130
0.250	2.050	0.000	1.02835488
0.350	2.050	0.000	1.02826560
0.450	2.050	0.000	1.02803910
0.550	2.050	0.000	1.02772176
0.650	2.050	0.000	1.02732325
0.750	2.050	0.000	1.02692342
0.850	2.050	0.000	1.02656507
0.950	2.050	0.000	1.02628756
1.050	2.050	0.000	1.02612269
1.150	2.050	0.000	1.02608013
1.250	2.050	0.000	1.02616358
1.350	2.050	0.000	1.02645409
1.450	2.050	0.000	1.02686155
1.550	2.050	0.000	1.02732003
1.650	2.050	0.000	1.02771413
1.750	2.050	0.000	1.02805448
1.850	2.050	0.000	1.02830541
1.950	2.050	0.000	1.02856362
2.050	2.050	0.000	1.02875555
2.150	2.050	0.000	1.02893794
2.250	2.050	0.000	1.02891004
2.350	2.050	0.000	1.02870429
2.450	2.050	0.000	1.02858484
-2.450	2.150	0.000	1.02821255
-2.350	2.150	0.000	1.02867889
-2.250	2.150	0.000	1.02903318
-2.150	2.150	0.000	1.02998102
-2.050	2.150	0.000	1.03117609
-1.950	2.150	0.000	1.03215611
-1.850	2.150	0.000	1.03254867
-1.750	2.150	0.000	1.03244591
-1.650	2.150	0.000	1.03199458
-1.550	2.150	0.000	1.03139961
-1.450	2.150	0.000	1.03076565
-1.350	2.150	0.000	1.03010750
-1.250	2.150	0.000	1.02936661
-1.150	2.150	0.000	1.02859879
-1.050	2.150	0.000	1.02783895
-0.950	2.150	0.000	1.02712965
-0.850	2.150	0.000	1.02654994
-0.750	2.150	0.000	1.02615976
-0.650	2.150	0.000	1.02599192
-0.550	2.150	0.000	1.02605224
-0.450	2.150	0.000	1.02633643
-0.350	2.150	0.000	1.02674031
-0.250	2.150	0.000	1.02714491
-0.150	2.150	0.000	1.02749479
-0.050	2.150	0.000	1.02777779
0.050	2.150	0.000	1.02791893
0.150	2.150	0.000	1.02798808
0.250	2.150	0.000	1.02808380
0.350	2.150	0.000	1.02797806
0.450	2.150	0.000	1.02770472
0.550	2.150	0.000	1.02731144
0.650	2.150	0.000	1.02681839
0.750	2.150	0.000	1.02631938
0.850	2.150	0.000	1.02587616
0.950	2.150	0.000	1.02554822
1.050	2.150	0.000	1.02537179
1.150	2.150	0.000	1.02531219
1.250	2.150	0.000	1.02540171
1.350	2.150	0.000	1.02567852
1.450	2.150	0.000	1.02606821
1.550	2.150	0.000	1.02650273
1.650	2.150	0.000	1.02688539
1.750	2.150	0.000	1.02723932
1.850	2.150	0.000	1.02753830
1.950	2.150	0.000	1.02784634
2.050	2.150	0.000	1.02809334
2.150	2.150	0.000	1.02833962
2.250	2.150	0.000	1.02838802
2.350	2.150	0.000	1.02825868
2.450	2.150	0.000	1.02822757
-2.450	2.250	0.000	1.02661586
-2.350	2.250	0.000	1.02706468
-2.250	2.250	0.000	1.02727866
-2.150	2.250	0.000	1.02825558
-2.050	2.250	0.000	1.02956426
-1.950	2.250	0.000	1.03068471
-1.850	2.250	0.000	1.03124571
-1.750	2.250	0.000	1.03144252
-1.650	2.250	0.000	1.03120899
-1.550	2.250	0.000	1.03073156
-1.450	2.250	0.000	1.03018892
-1.350	2.250	0.000	1.02961135
-1.250	2.250	0.000	1.02894199
-1.150	2.250	0.000	1.02820885
-1.050	2.250	0.000	1.02749121
-0.950	2.250	0.000	1.02682877
-0.850	2.250	0.000	1.02635753
-0.750	2.250	0.000	1.02610183
-0.650	2.250	0.000	1.02603769
-0.550	2.250	0.000	1.02612567
-0.450	2.250	0.000	1.02636981
-0.350	2.250	0.000	1.02670360
-0.250	2.250	0.000	1.02704382
-0.150	2.250	0.000	1.02734113
-0.050	2.250	0.000	1.02761126
0.050	2.250	0.000	1.02777708
0.150	2.250	0.000	1.02787042
0.250	2.250	0.000	1.02799106
0.350	2.250	0.000	1.02790868
0.450	2.250	0.000	1.02765977
0.550	2.250	0.000	1.02729297
0.650	2.250	0.000	1.02681696
0.750	2.250	0.000	1.02630532
0.850	2.250	0.000	1.02582753
0.950	2.250	0.000	1.02545846
1.050	2.250	0.000	1.02523279
1.150	2.250	0.000	1.02514613
1.250	2.250	0.000	1.02520645
1.350	2.250	0.000	1.02545547
1.450	2.250	0.000	1.02579570
1.550	2.250	0.000	1.02614343
1.650	2.250	0.000	1.02640152
1.750	2.250	0.000	1.02661610
1.850	2.250	0.000	1.02678418
1.950	2.250	0.000	1.02699995
2.050	2.250	0.000	1.02719414
2.150	2.250	0.000	1.02741396
2.250	2.250	0.000	1.02752912
2.350	2.250	0.000	1.02749813
2.450	2.250	0.000	1.02758312
-2.450	2.350	0.000	1.02620268
-2.350	2.350	0.000	1.02649212
-2.250	2.350	0.000	1.02622545
-2.150	2.350	0.000	1.02707779
-2.050	2.350	0.000	1.02838755
-1.950	2.350	0.000	1.02958524
-1.850	2.350	0.000	1.03040552
-1.750	2.350	0.000	1.03093278
-1.650	2.350	0.000	1.03104806
-1.550	2.350	0.000	1.03085947
-1.450	2.350	0.000	1.03046787
-1.350	2.350	0.000	1.02993119
-1.250	2.350	0.000	1.02924192
-1.150	2.350	0.000	1.02845895
-1.050	2.350	0.000	1.02768779
-0.950	2.350	0.000	1.02692902
-0.850	2.350	0.000	1.02645540
-0.750	2.350	0.000	1.02621055
-0.650	2.350	0.000	1.02621639
-0.550	2.350	0.000	1.02636540
-0.450	2.350	0.000	1.02660918
-0.350	2.350	0.000	1.02689838
-0.250	2.350	0.000	1.02713120
-0.150	2.350	0.000	1.02731216
-0.050	2.350	0.000	1.02748954
0.050	2.350	0.000	1.02762115
0.150	2.350	0.000	1.02769136
0.250	2.350	0.000	1.02778494
0.350	2.350	0.000	1.02764595
0.450	2.350	0.000	1.02730882
0.550	2.350	0.000	1.02686048
0.650	2.350	0.000	1.02633762
0.750	2.350	0.000	1.02579749
0.850	2.350	0.000	1.02529776
0.950	2.350	0.000	1.02491474
1.050	2.350	0.000	1.02467787
1.150	2.350	0.000	1.02456856
1.250	2.350	0.000	1.02463984
1.350	2.350	0.000	1.02492344
1.450	2.350	0.000	1.02530730
1.550	2.350	0.000	1.02570033
1.650	2.350	0.000	1.02599347
1.750	2.350	0.000	1.02619815
1.850	2.350	0.000	1.02630699
1.950	2.350	0.000	1.02643692
2.050	2.350	0.000	1.02654135
2.150	2.350	0.000	1.02670717
2.250	2.350	0.000	1.02680779
2.350	2.350	0.000	1.02679849
2.450	2.350	0.000	1.02694297
-2.450	2.450	0.000	1.02616930
-2.350	2.450	0.000	1.02674055
-2.250	2.450	0.000	1.02633989
-2.150	2.450	0.000	1.02695656
-2.050	2.450	0.000	1.02798748
-1.950	2.450	0.000	1.02894032
-1.850	2.450	0.000	1.02965498
-1.750	2.450	0.000	1.03025818
-1.650	2.450	0.000	1.03061032
-1.550	2.450	0.000	1.03070879
-1.450	2.450	0.000	1.03056633
-1.350	2.450	0.000	1.03018165
-1.250	2.450	0.000	1.02962530
-1.150	2.450	0.000	1.02894700
-1.050	2.450	0.000	1.02819359
-0.950	2.450	0.000	1.02739584
-0.850	2.450	0.000	1.02683079
-0.750	2.450	0.000	1.02652454
-0.650	2.450	0.000	1.02651250
-0.550	2.450	0.000	1.02673423
-0.450	2.450	0.000	1.02709317
-0.350	2.450	0.000	1.02746415
-0.250	2.450	0.000	1.02770913
-0.150	2.450	0.000	1.02785492
-0.050	2.450	0.000	1.02798748
0.050	2.450	0.000	1.02810585
0.150	2.450	0.000	1.02818966
0.250	2.450	0.000	1.02829468
0.350	2.450	0.000	1.02813613
0.450	2.450	0.000	1.02774858
0.550	2.450	0.000	1.02722061
0.650	2.450	0.000	1.02659643
0.750	2.450	0.000	1.02595937
0.850	2.450	0.000	1.02536654
0.950	2.450	0.000	1.02488923
1.050	2.450	0.000	1.02454495
1.150	2.450	0.000	1.02431071
1.250	2.450	0.000	1.02424324
1.350	2.450	0.000	1.02440500
1.450	2.450	0.000	1.02472675
1.550	2.450	0.000	1.02512681
1.650	2.450	0.000	1.02547729
1.750	2.450	0.000	1.02575457
1.850	2.450	0.000	1.02593422
1.950	2.450	0.000	1.02609110
2.050	2.450	0.000	1.02619565
2.150	2.450	0.000	1.02636445
2.250	2.450	0.000	1.02646053
2.350	2.450	0.000	1.02647305
2.450	2.450	0.000	1.02657127
