-2.450	-2.450	0.000	1.01597774
-2.350	-2.450	0.000	1.01726341
-2.250	-2.450	0.000	1.01713550
-2.150	-2.450	0.000	1.01762187
-2.050	-2.450	0.000	1.01795256
-1.950	-2.450	0.000	1.01863229
-1.850	-2.450	0.000	1.01857698
-1.750	-2.450	0.000	1.01863611
-1.650	-2.450	0.000	1.01813233
-1.550	-2.450	0.000	1.01767826
-1.450	-2.450	0.000	1.01794243
-1.350	-2.450	0.000	1.01850224
-1.250	-2.450	0.000	1.01832747
-1.150	-2.450	0.000	1.01765668
-1.050	-2.450	0.000	1.01610148
-0.950	-2.450	0.000	1.01457751
-0.850	-2.450	0.000	1.01325703
-0.750	-2.450	0.000	1.01242304
-0.650	-2.450	0.000	1.01224101
-0.550	-2.450	0.000	1.01227212
-0.450	-2.450	0.000	1.01263416
-0.350	-2.450	0.000	1.01335883
-0.250	-2.450	0.000	1.01426506
-0.150	-2.450	0.000	1.01508510
-0.050	-2.450	0.000	1.01572585
0.050	-2.450	0.000	1.01631522
0.150	-2.450	0.000	1.01693213
0.250	-2.450	0.000	1.01762664
0.350	-2.450	0.000	1.01864922
0.450	-2.450	0.000	1.01997900
0.550	-2.450	0.000	1.02149749
0.650	-2.450	0.000	1.02281547
0.750	-2.450	0.000	1.02363360
0.850	-2.450	0.000	1.02380705
0.950	-2.450	0.000	1.02343762
1.050	-2.450	0.000	1.02313745
1.150	-2.450	0.000	1.02295065
1.250	-2.450	0.000	1.02291739
1.350	-2.450	0.000	1.02301943
1.450	-2.450	0.000	1.02331173
1.550	-2.450	0.000	1.02359641
1.650	-2.450	0.000	1.02381682
1.750	-2.450	0.000	1.02402949
1.850	-2.450	0.000	1.02412212
1.950	-2.450	0.000	1.02438688
2.050	-2.450	0.000	1.02413809
2.150	-2.450	0.000	1.02406240
2.250	-2.450	0.000	1.02371311
2.350	-2.450	0.000	1.02363956
2.450	-2.450	0.000	1.02306604
-2.450	-2.350	0.000	1.01519787
-2.350	-2.350	0.000	1.01653540
-2.250	-2.350	0.000	1.01647520
-2.150	-2.350	0.000	1.01696205
-2.050	-2.350	0.000	1.01724267
-1.950	-2.350	0.000	1.01798666
-1.850	-2.350	0.000	1.01804876
-1.750	-2.350	0.000	1.01821280
-1.650	-2.350	0.000	1.01788819
-1.550	-2.350	0.000	1.01746213
-1.450	-2.350	0.000	1.01758587
-1.350	-2.350	0.000	1.01804698
-1.250	-2.350	0.000	1.01782048
-1.150	-2.350	0.000	1.01715088
-1.050	-2.350	0.000	1.01561511
-0.950	-2.350	0.000	1.01409066
-0.850	-2.350	0.000	1.01275003
-0.750	-2.350	0.000	1.01185071
-0.650	-2.350	0.000	1.01161659
-0.550	-2.350	0.000	1.01155710
-0.450	-2.350	0.000	1.01180387
-0.350	-2.350	0.000	1.01242507
-0.250	-2.350	0.000	1.01327848
-0.150	-2.350	0.000	1.01414895
-0.050	-2.350	0.000	1.01491880
0.050	-2.350	0.000	1.01561642
0.150	-2.350	0.000	1.01638842
0.250	-2.350	0.000	1.01725543
0.350	-2.350	0.000	1.01836729
0.450	-2.350	0.000	1.01976168
0.550	-2.350	0.000	1.02128863
0.650	-2.350	0.000	1.02260578
0.750	-2.350	0.000	1.02339375
0.850	-2.350	0.000	1.02359009
0.950	-2.350	0.000	1.02326298
1.050	-2.350	0.000	1.02299607
1.150	-2.350	0.000	1.02290034
1.250	-2.350	0.000	1.02299547
1.350	-2.350	0.000	1.02319801
1.450	-2.350	0.000	1.02348363
1.550	-2.350	0.000	1.02376330
1.650	-2.350	0.000	1.02389681
1.750	-2.350	0.000	1.02405345
1.850	-2.350	0.000	1.02403879
1.950	-2.350	0.000	1.02416742
2.050	-2.350	0.000	1.02380013
2.150	-2.350	0.000	1.02361166
2.250	-2.350	0.000	1.02310479
2.350	-2.350	0.000	1.02288938
2.450	-2.350	0.000	1.02235091
-2.450	-2.250	0.000	1.01509047
-2.350	-2.250	0.000	1.01643372
-2.250	-2.250	0.000	1.01644254
-2.150	-2.250	0.000	1.01694334
-2.050	-2.250	0.000	1.01720643
-1.950	-2.250	0.000	1.01798117
-1.850	-2.250	0.000	1.01813960
-1.750	-2.250	0.000	1.01832306
-1.650	-2.250	0.000	1.01805007
-1.550	-2.250	0.000	1.01773989
-1.450	-2.250	0.000	1.01784730
-1.350	-2.250	0.000	1.01832628
-1.250	-2.250	0.000	1.01809072
-1.150	-2.250	0.000	1.01739061
-1.050	-2.250	0.000	1.01584530
-0.950	-2.250	0.000	1.01430726
-0.850	-2.250	0.000	1.01298964
-0.750	-2.250	0.000	1.01204097
-0.650	-2.250	0.000	1.01177883
-0.550	-2.250	0.000	1.01169968
-0.450	-2.250	0.000	1.01185966
-0.350	-2.250	0.000	1.01235139
-0.250	-2.250	0.000	1.01307487
-0.150	-2.250	0.000	1.01386523
-0.050	-2.250	0.000	1.01462758
0.050	-2.250	0.000	1.01532638
0.150	-2.250	0.000	1.01609147
0.250	-2.250	0.000	1.01699185
0.350	-2.250	0.000	1.01814842
0.450	-2.250	0.000	1.01955712
0.550	-2.250	0.000	1.02107441
0.650	-2.250	0.000	1.02246249
0.750	-2.250	0.000	1.02336240
0.850	-2.250	0.000	1.02372849
0.950	-2.250	0.000	1.02358103
1.050	-2.250	0.000	1.02342498
1.150	-2.250	0.000	1.02341628
1.250	-2.250	0.000	1.02351105
1.350	-2.250	0.000	1.02361524
1.450	-2.250	0.000	1.02377284
1.550	-2.250	0.000	1.02389145
1.650	-2.250	0.000	1.02392948
1.750	-2.250	0.000	1.02396917
1.850	-2.250	0.000	1.02381647
1.950	-2.250	0.000	1.02378333
2.050	-2.250	0.000	1.02325988
2.150	-2.250	0.000	1.02297187
2.250	-2.250	0.000	1.02239215
2.350	-2.250	0.000	1.02217412
2.450	-2.250	0.000	1.02164888
-2.450	-2.150	0.000	1.01432872
-2.350	-2.150	0.000	1.01568592
-2.250	-2.150	0.000	1.01574135
-2.150	-2.150	0.000	1.01626897
-2.050	-2.150	0.000	1.01653600
-1.950	-2.150	0.000	1.01736808
-1.850	-2.150	0.000	1.01762342
-1.750	-2.150	0.000	1.01791084
-1.650	-2.150	0.000	1.01767993
-1.550	-2.150	0.000	1.01739860
-1.450	-2.150	0.000	1.01743889
-1.350	-2.150	0.000	1.01790655
-1.250	-2.150	0.000	1.01766682
-1.150	-2.150	0.000	1.01695752
-1.050	-2.150	0.000	1.01544690
-0.950	-2.150	0.000	1.01388574
-0.850	-2.150	0.000	1.01263154
-0.750	-2.150	0.000	1.01165998
-0.650	-2.150	0.000	1.01137197
-0.550	-2.150	0.000	1.01127160
-0.450	-2.150	0.000	1.01136076
-0.350	-2.150	0.000	1.01175308
-0.250	-2.150	0.000	1.01238799
-0.150	-2.150	0.000	1.01310086
-0.050	-2.150	0.000	1.01383400
0.050	-2.150	0.000	1.01459754
0.150	-2.150	0.000	1.01545393
0.250	-2.150	0.000	1.01648414
0.350	-2.150	0.000	1.01769686
0.450	-2.150	0.000	1.01911712
0.550	-2.150	0.000	1.02060044
0.650	-2.150	0.000	1.02201235
0.750	-2.150	0.000	1.02294660
0.850	-2.150	0.000	1.02348936
0.950	-2.150	0.000	1.02357674
1.050	-2.150	0.000	1.02354240
1.150	-2.150	0.000	1.02352965
1.250	-2.150	0.000	1.02361536
1.350	-2.150	0.000	1.02354407
1.450	-2.150	0.000	1.02342474
1.550	-2.150	0.000	1.02319920
1.650	-2.150	0.000	1.02296782
1.750	-2.150	0.000	1.02283680
1.850	-2.150	0.000	1.02257502
1.950	-2.150	0.000	1.02251041
2.050	-2.150	0.000	1.02210259
2.150	-2.150	0.000	1.02186072
2.250	-2.150	0.000	1.02138722
2.350	-2.150	0.000	1.02124608
2.450	-2.150	0.000	1.02093148
-2.450	-2.050	0.000	1.01414263
-2.350	-2.050	0.000	1.01551831
-2.250	-2.050	0.000	1.01563716
-2.150	-2.050	0.000	1.01620615
-2.050	-2.050	0.000	1.01643562
-1.950	-2.050	0.000	1.01727057
-1.850	-2.050	0.000	1.01757061
-1.750	-2.050	0.000	1.01792789
-1.650	-2.050	0.000	1.01776361
-1.550	-2.050	0.000	1.01752603
-1.450	-2.050	0.000	1.01755977
-1.350	-2.050	0.000	1.01795852
-1.250	-2.050	0.000	1.01766109
-1.150	-2.050	0.000	1.01691079
-1.050	-2.050	0.000	1.01542568
-0.950	-2.050	0.000	1.01382351
-0.850	-2.050	0.000	1.01266551
-0.750	-2.050	0.000	1.01171756
-0.650	-2.050	0.000	1.01142478
-0.550	-2.050	0.000	1.01133096
-0.450	-2.050	0.000	1.01137722
-0.350	-2.050	0.000	1.01167154
-0.250	-2.050	0.000	1.01221216
-0.150	-2.050	0.000	1.01286900
-0.050	-2.050	0.000	1.01358926
0.050	-2.050	0.000	1.01435733
0.150	-2.050	0.000	1.01523781
0.250	-2.050	0.000	1.01630354
0.350	-2.050	0.000	1.01753378
0.450	-2.050	0.000	1.01897407
0.550	-2.050	0.000	1.02049935
0.650	-2.050	0.000	1.02193594
0.750	-2.050	0.000	1.02285087
0.850	-2.050	0.000	1.02345228
0.950	-2.050	0.000	1.02370787
1.050	-2.050	0.000	1.02372718
1.150	-2.050	0.000	1.02375901
1.250	-2.050	0.000	1.02371287
1.350	-2.050	0.000	1.02345479
1.450	-2.050	0.000	1.02306700
1.550	-2.050	0.000	1.02260411
1.650	-2.050	0.000	1.02215838
1.750	-2.050	0.000	1.02189612
1.850	-2.050	0.000	1.02160251
1.950	-2.050	0.000	1.02151406
2.050	-2.050	0.000	1.02116799
2.150	-2.050	0.000	1.02096474
2.250	-2.050	0.000	1.02058780
2.350	-2.050	0.000	1.02052128
2.450	-2.050	0.000	1.02032220
-2.450	-1.950	0.000	1.01372194
-2.350	-1.950	0.000	1.01512325
-2.250	-1.950	0.000	1.01533747
-2.150	-1.950	0.000	1.01599801
-2.050	-1.950	0.000	1.01623189
-1.950	-1.950	0.000	1.01707697
-1.850	-1.950	0.000	1.01745236
-1.750	-1.950	0.000	1.01788092
-1.650	-1.950	0.000	1.01776278
-1.550	-1.950	0.000	1.01749504
-1.450	-1.950	0.000	1.01748323
-1.350	-1.950	0.000	1.01778960
-1.250	-1.950	0.000	1.01745021
-1.150	-1.950	0.000	1.01667178
-1.050	-1.950	0.000	1.01522040
-0.950	-1.950	0.000	1.01355863
-0.850	-1.950	0.000	1.01246321
-0.750	-1.950	0.000	1.01153815
-0.650	-1.950	0.000	1.01125348
-0.550	-1.950	0.000	1.01118433
-0.450	-1.950	0.000	1.01121294
-0.350	-1.950	0.000	1.01144934
-0.250	-1.950	0.000	1.01193035
-0.150	-1.950	0.000	1.01255107
-0.050	-1.950	0.000	1.01325905
0.050	-1.950	0.000	1.01405895
0.150	-1.950	0.000	1.01499665
0.250	-1.950	0.000	1.01609933
0.350	-1.950	0.000	1.01733696
0.450	-1.950	0.000	1.01876605
0.550	-1.950	0.000	1.02025414
0.650	-1.950	0.000	1.02166176
0.750	-1.950	0.000	1.02257621
0.850	-1.950	0.000	1.02318776
0.950	-1.950	0.000	1.02334654
1.050	-1.950	0.000	1.02332449
1.150	-1.950	0.000	1.02328026
1.250	-1.950	0.000	1.02307415
1.350	-1.950	0.000	1.02264988
1.450	-1.950	0.000	1.02208269
1.550	-1.950	0.000	1.02146971
1.650	-1.950	0.000	1.02097011
1.750	-1.950	0.000	1.02074659
1.850	-1.950	0.000	1.02058768
1.950	-1.950	0.000	1.02058768
2.050	-1.950	0.000	1.02037549
2.150	-1.950	0.000	1.02024806
2.250	-1.950	0.000	1.01996338
2.350	-1.950	0.000	1.01994908
2.450	-1.950	0.000	1.01987123
-2.450	-1.850	0.000	1.01375401
-2.350	-1.850	0.000	1.01518345
-2.250	-1.850	0.000	1.01550746
-2.150	-1.850	0.000	1.01626027
-2.050	-1.850	0.000	1.01652503
-1.950	-1.850	0.000	1.01733899
-1.850	-1.850	0.000	1.01774049
-1.750	-1.850	0.000	1.01819611
-1.650	-1.850	0.000	1.01814592
-1.550	-1.850	0.000	1.01783514
-1.450	-1.850	0.000	1.01777375
-1.350	-1.850	0.000	1.01793051
-1.250	-1.850	0.000	1.01749992
-1.150	-1.850	0.000	1.01668072
-1.050	-1.850	0.000	1.01525211
-0.950	-1.850	0.000	1.01357865
-0.850	-1.850	0.000	1.01253104
-0.750	-1.850	0.000	1.01165056
-0.650	-1.850	0.000	1.01137686
-0.550	-1.850	0.000	1.01132977
-0.450	-1.850	0.000	1.01134467
-0.350	-1.850	0.000	1.01152706
-0.250	-1.850	0.000	1.01195073
-0.150	-1.850	0.000	1.01256382
-0.050	-1.850	0.000	1.01329648
0.050	-1.850	0.000	1.01414371
0.150	-1.850	0.000	1.01511216
0.250	-1.850	0.000	1.01622772
0.350	-1.850	0.000	1.01747215
0.450	-1.850	0.000	1.01887250
0.550	-1.850	0.000	1.02030277
0.650	-1.850	0.000	1.02157617
0.750	-1.850	0.000	1.02244306
0.850	-1.850	0.000	1.02292216
0.950	-1.850	0.000	1.02302957
1.050	-1.850	0.000	1.02291977
1.150	-1.850	0.000	1.02275419
1.250	-1.850	0.000	1.02248299
1.350	-1.850	0.000	1.02202094
1.450	-1.850	0.000	1.02139473
1.550	-1.850	0.000	1.02073848
1.650	-1.850	0.000	1.02019620
1.750	-1.850	0.000	1.01995146
1.850	-1.850	0.000	1.01982784
1.950	-1.850	0.000	1.01985681
2.050	-1.850	0.000	1.01968169
2.150	-1.850	0.000	1.01958966
2.250	-1.850	0.000	1.01936710
2.350	-1.850	0.000	1.01936328
2.450	-1.850	0.000	1.01937199
-2.450	-1.750	0.000	1.01402843
-2.350	-1.750	0.000	1.01548600
-2.250	-1.750	0.000	1.01592457
-2.150	-1.750	0.000	1.01679087
-2.050	-1.750	0.000	1.01716566
-1.950	-1.750	0.000	1.01794672
-1.850	-1.750	0.000	1.01833498
-1.750	-1.750	0.000	1.01874244
-1.650	-1.750	0.000	1.01871312
-1.550	-1.750	0.000	1.01831698
-1.450	-1.750	0.000	1.01817954
-1.350	-1.750	0.000	1.01814151
-1.250	-1.750	0.000	1.01761568
-1.150	-1.750	0.000	1.01675999
-1.050	-1.750	0.000	1.01535964
-0.950	-1.750	0.000	1.01367724
-0.850	-1.750	0.000	1.01265061
-0.750	-1.750	0.000	1.01179826
-0.650	-1.750	0.000	1.01150548
-0.550	-1.750	0.000	1.01147532
-0.450	-1.750	0.000	1.01146948
-0.350	-1.750	0.000	1.01160383
-0.250	-1.750	0.000	1.01195550
-0.150	-1.750	0.000	1.01253712
-0.050	-1.750	0.000	1.01329243
0.050	-1.750	0.000	1.01418304
0.150	-1.750	0.000	1.01519120
0.250	-1.750	0.000	1.01629746
0.350	-1.750	0.000	1.01753199
0.450	-1.750	0.000	1.01887512
0.550	-1.750	0.000	1.02026808
0.650	-1.750	0.000	1.02140868
0.750	-1.750	0.000	1.02221274
0.850	-1.750	0.000	1.02243876
0.950	-1.750	0.000	1.02239585
1.050	-1.750	0.000	1.02211654
1.150	-1.750	0.000	1.02182901
1.250	-1.750	0.000	1.02156067
1.350	-1.750	0.000	1.02113736
1.450	-1.750	0.000	1.02059424
1.550	-1.750	0.000	1.01999199
1.650	-1.750	0.000	1.01950848
1.750	-1.750	0.000	1.01927936
1.850	-1.750	0.000	1.01920807
1.950	-1.750	0.000	1.01928961
2.050	-1.750	0.000	1.01917601
2.150	-1.750	0.000	1.01912463
2.250	-1.750	0.000	1.01895690
2.350	-1.750	0.000	1.01895785
2.450	-1.750	0.000	1.01904392
-2.450	-1.650	0.000	1.01469147
-2.350	-1.650	0.000	1.01616466
-2.250	-1.650	0.000	1.01669824
-2.150	-1.650	0.000	1.01765382
-2.050	-1.650	0.000	1.01817608
-1.950	-1.650	0.000	1.01894498
-1.850	-1.650	0.000	1.01929212
-1.750	-1.650	0.000	1.01963210
-1.650	-1.650	0.000	1.01959133
-1.550	-1.650	0.000	1.01908946
-1.450	-1.650	0.000	1.01888239
-1.350	-1.650	0.000	1.01859140
-1.250	-1.650	0.000	1.01799738
-1.150	-1.650	0.000	1.01708639
-1.050	-1.650	0.000	1.01569414
-0.950	-1.650	0.000	1.01405180
-0.850	-1.650	0.000	1.01303542
-0.750	-1.650	0.000	1.01221025
-0.650	-1.650	0.000	1.01186430
-0.550	-1.650	0.000	1.01183534
-0.450	-1.650	0.000	1.01179779
-0.350	-1.650	0.000	1.01186717
-0.250	-1.650	0.000	1.01213515
-0.150	-1.650	0.000	1.01266015
-0.050	-1.650	0.000	1.01343191
0.050	-1.650	0.000	1.01435173
0.150	-1.650	0.000	1.01539850
0.250	-1.650	0.000	1.01649725
0.350	-1.650	0.000	1.01773012
0.450	-1.650	0.000	1.01899827
0.550	-1.650	0.000	1.02032566
0.650	-1.650	0.000	1.02125609
0.750	-1.650	0.000	1.02195358
0.850	-1.650	0.000	1.02207804
0.950	-1.650	0.000	1.02189767
1.050	-1.650	0.000	1.02157855
1.150	-1.650	0.000	1.02126276
1.250	-1.650	0.000	1.02097213
1.350	-1.650	0.000	1.02058125
1.450	-1.650	0.000	1.02010274
1.550	-1.650	0.000	1.01954234
1.650	-1.650	0.000	1.01908147
1.750	-1.650	0.000	1.01882982
1.850	-1.650	0.000	1.01872075
1.950	-1.650	0.000	1.01880515
2.050	-1.650	0.000	1.01871240
2.150	-1.650	0.000	1.01864505
2.250	-1.650	0.000	1.01847601
2.350	-1.650	0.000	1.01844680
2.450	-1.650	0.000	1.01862669
-2.450	-1.550	0.000	1.01559949
-2.350	-1.550	0.000	1.01709914
-2.250	-1.550	0.000	1.01770830
-2.150	-1.550	0.000	1.01874983
-2.050	-1.550	0.000	1.01940072
-1.950	-1.550	0.000	1.02013898
-1.850	-1.550	0.000	1.02045989
-1.750	-1.550	0.000	1.02071631
-1.650	-1.550	0.000	1.02062380
-1.550	-1.550	0.000	1.02001262
-1.450	-1.550	0.000	1.01966238
-1.350	-1.550	0.000	1.01919639
-1.250	-1.550	0.000	1.01855206
-1.150	-1.550	0.000	1.01765215
-1.050	-1.550	0.000	1.01632583
-0.950	-1.550	0.000	1.01481295
-0.850	-1.550	0.000	1.01378596
-0.750	-1.550	0.000	1.01295102
-0.650	-1.550	0.000	1.01248336
-0.550	-1.550	0.000	1.01239800
-0.450	-1.550	0.000	1.01230359
-0.350	-1.550	0.000	1.01229703
-0.250	-1.550	0.000	1.01247084
-0.150	-1.550	0.000	1.01291037
-0.050	-1.550	0.000	1.01365805
0.050	-1.550	0.000	1.01458466
0.150	-1.550	0.000	1.01564634
0.250	-1.550	0.000	1.01672602
0.350	-1.550	0.000	1.01793098
0.450	-1.550	0.000	1.01911843
0.550	-1.550	0.000	1.02033651
0.650	-1.550	0.000	1.02114391
0.750	-1.550	0.000	1.02164221
0.850	-1.550	0.000	1.02168107
0.950	-1.550	0.000	1.02139175
1.050	-1.550	0.000	1.02098119
1.150	-1.550	0.000	1.02061534
1.250	-1.550	0.000	1.02032757
1.350	-1.550	0.000	1.01999223
1.450	-1.550	0.000	1.01959193
1.550	-1.550	0.000	1.01910269
1.650	-1.550	0.000	1.01868391
1.750	-1.550	0.000	1.01844227
1.850	-1.550	0.000	1.01832509
1.950	-1.550	0.000	1.01841438
2.050	-1.550	0.000	1.01835585
2.150	-1.550	0.000	1.01826584
2.250	-1.550	0.000	1.01809371
2.350	-1.550	0.000	1.01800346
2.450	-1.550	0.000	1.01824450
-2.450	-1.450	0.000	1.01674497
-2.350	-1.450	0.000	1.01827765
-2.250	-1.450	0.000	1.01895964
-2.150	-1.450	0.000	1.02007759
-2.050	-1.450	0.000	1.02083826
-1.950	-1.450	0.000	1.02157795
-1.850	-1.450	0.000	1.02185500
-1.750	-1.450	0.000	1.02202737
-1.650	-1.450	0.000	1.02185702
-1.550	-1.450	0.000	1.02118838
-1.450	-1.450	0.000	1.02058935
-1.350	-1.450	0.000	1.02000189
-1.250	-1.450	0.000	1.01930988
-1.150	-1.450	0.000	1.01844943
-1.050	-1.450	0.000	1.01722860
-0.950	-1.450	0.000	1.01589668
-0.850	-1.450	0.000	1.01479435
-0.750	-1.450	0.000	1.01392388
-0.650	-1.450	0.000	1.01331282
-0.550	-1.450	0.000	1.01310682
-0.450	-1.450	0.000	1.01292980
-0.350	-1.450	0.000	1.01285255
-0.250	-1.450	0.000	1.01293886
-0.150	-1.450	0.000	1.01329947
-0.050	-1.450	0.000	1.01399612
0.050	-1.450	0.000	1.01490355
0.150	-1.450	0.000	1.01596570
0.250	-1.450	0.000	1.01704609
0.350	-1.450	0.000	1.01823962
0.450	-1.450	0.000	1.01936018
0.550	-1.450	0.000	1.02045429
0.650	-1.450	0.000	1.02114010
0.750	-1.450	0.000	1.02145994
0.850	-1.450	0.000	1.02141619
0.950	-1.450	0.000	1.02108967
1.050	-1.450	0.000	1.02070427
1.150	-1.450	0.000	1.02035677
1.250	-1.450	0.000	1.02007675
1.350	-1.450	0.000	1.01975596
1.450	-1.450	0.000	1.01936495
1.550	-1.450	0.000	1.01889729
1.650	-1.450	0.000	1.01845241
1.750	-1.450	0.000	1.01818013
1.850	-1.450	0.000	1.01798725
1.950	-1.450	0.000	1.01802588
2.050	-1.450	0.000	1.01794982
2.150	-1.450	0.000	1.01781726
2.250	-1.450	0.000	1.01766622
2.350	-1.450	0.000	1.01754212
2.450	-1.450	0.000	1.01782000
-2.450	-1.350	0.000	1.01805556
-2.350	-1.350	0.000	1.01959240
-2.250	-1.350	0.000	1.02033496
-2.150	-1.350	0.000	1.02153420
-2.050	-1.350	0.000	1.02239323
-1.950	-1.350	0.000	1.02310932
-1.850	-1.350	0.000	1.02332747
-1.750	-1.350	0.000	1.02344298
-1.650	-1.350	0.000	1.02321279
-1.550	-1.350	0.000	1.02253008
-1.450	-1.350	0.000	1.02173173
-1.350	-1.350	0.000	1.02101028
-1.250	-1.350	0.000	1.02027857
-1.150	-1.350	0.000	1.01942503
-1.050	-1.350	0.000	1.01830256
-0.950	-1.350	0.000	1.01709902
-0.850	-1.350	0.000	1.01592374
-0.750	-1.350	0.000	1.01497614
-0.650	-1.350	0.000	1.01421130
-0.550	-1.350	0.000	1.01382637
-0.450	-1.350	0.000	1.01356888
-0.350	-1.350	0.000	1.01340842
-0.250	-1.350	0.000	1.01341307
-0.150	-1.350	0.000	1.01369286
-0.050	-1.350	0.000	1.01432264
0.050	-1.350	0.000	1.01517904
0.150	-1.350	0.000	1.01621723
0.250	-1.350	0.000	1.01727819
0.350	-1.350	0.000	1.01846564
0.450	-1.350	0.000	1.01954329
0.550	-1.350	0.000	1.02055705
0.650	-1.350	0.000	1.02115595
0.750	-1.350	0.000	1.02137208
0.850	-1.350	0.000	1.02123332
0.950	-1.350	0.000	1.02083325
1.050	-1.350	0.000	1.02044654
1.150	-1.350	0.000	1.02012336
1.250	-1.350	0.000	1.01987076
1.350	-1.350	0.000	1.01958168
1.450	-1.350	0.000	1.01921356
1.550	-1.350	0.000	1.01876438
1.650	-1.350	0.000	1.01830089
1.750	-1.350	0.000	1.01800251
1.850	-1.350	0.000	1.01776516
1.950	-1.350	0.000	1.01774359
2.050	-1.350	0.000	1.01762736
2.150	-1.350	0.000	1.01743853
2.250	-1.350	0.000	1.01729298
2.350	-1.350	0.000	1.01714361
2.450	-1.350	0.000	1.01741493
-2.450	-1.250	0.000	1.01926625
-2.350	-1.250	0.000	1.02076185
-2.250	-1.250	0.000	1.02154386
-2.150	-1.250	0.000	1.02281928
-2.050	-1.250	0.000	1.02375996
-1.950	-1.250	0.000	1.02442169
-1.850	-1.250	0.000	1.02464271
-1.750	-1.250	0.000	1.02467120
-1.650	-1.250	0.000	1.02445066
-1.550	-1.250	0.000	1.02371085
-1.450	-1.250	0.000	1.02281642
-1.350	-1.250	0.000	1.02196109
-1.250	-1.250	0.000	1.02115762
-1.150	-1.250	0.000	1.02026844
-1.050	-1.250	0.000	1.01925039
-0.950	-1.250	0.000	1.01807964
-0.850	-1.250	0.000	1.01687443
-0.750	-1.250	0.000	1.01586473
-0.650	-1.250	0.000	1.01501071
-0.550	-1.250	0.000	1.01445091
-0.450	-1.250	0.000	1.01413131
-0.350	-1.250	0.000	1.01392329
-0.250	-1.250	0.000	1.01386666
-0.150	-1.250	0.000	1.01409388
-0.050	-1.250	0.000	1.01465654
0.050	-1.250	0.000	1.01545894
0.150	-1.250	0.000	1.01645875
0.250	-1.250	0.000	1.01749837
0.350	-1.250	0.000	1.01867449
0.450	-1.250	0.000	1.01973283
0.550	-1.250	0.000	1.02072561
0.650	-1.250	0.000	1.02125561
0.750	-1.250	0.000	1.02142847
0.850	-1.250	0.000	1.02127254
0.950	-1.250	0.000	1.02084804
1.050	-1.250	0.000	1.02040708
1.150	-1.250	0.000	1.02005219
1.250	-1.250	0.000	1.01981592
1.350	-1.250	0.000	1.01956582
1.450	-1.250	0.000	1.01923251
1.550	-1.250	0.000	1.01876926
1.650	-1.250	0.000	1.01826811
1.750	-1.250	0.000	1.01791453
1.850	-1.250	0.000	1.01765072
1.950	-1.250	0.000	1.01755536
2.050	-1.250	0.000	1.01741982
2.150	-1.250	0.000	1.01715422
2.250	-1.250	0.000	1.01698422
2.350	-1.250	0.000	1.01679146
2.450	-1.250	0.000	1.01700938
-2.450	-1.150	0.000	1.02011156
-2.350	-1.150	0.000	1.02150655
-2.250	-1.150	0.000	1.02224779
-2.150	-1.150	0.000	1.02359772
-2.050	-1.150	0.000	1.02454436
-1.950	-1.150	0.000	1.02515948
-1.850	-1.150	0.000	1.02531397
-1.750	-1.150	0.000	1.02526927
-1.650	-1.150	0.000	1.02500772
-1.550	-1.150	0.000	1.02426314
-1.450	-1.150	0.000	1.02332091
-1.350	-1.150	0.000	1.02242136
-1.250	-1.150	0.000	1.02158356
-1.150	-1.150	0.000	1.02076137
-1.050	-1.150	0.000	1.01982224
-0.950	-1.150	0.000	1.01871872
-0.850	-1.150	0.000	1.01752079
-0.750	-1.150	0.000	1.01645637
-0.650	-1.150	0.000	1.01554108
-0.550	-1.150	0.000	1.01488340
-0.450	-1.150	0.000	1.01450205
-0.350	-1.150	0.000	1.01427794
-0.250	-1.150	0.000	1.01419234
-0.150	-1.150	0.000	1.01438761
-0.050	-1.150	0.000	1.01489031
0.050	-1.150	0.000	1.01564229
0.150	-1.150	0.000	1.01657796
0.250	-1.150	0.000	1.01758063
0.350	-1.150	0.000	1.01871133
0.450	-1.150	0.000	1.01972914
0.550	-1.150	0.000	1.02069700
0.650	-1.150	0.000	1.02121222
0.750	-1.150	0.000	1.02138472
0.850	-1.150	0.000	1.02123189
0.950	-1.150	0.000	1.02082241
1.050	-1.150	0.000	1.02042150
1.150	-1.150	0.000	1.02008486
1.250	-1.150	0.000	1.01986969
1.350	-1.150	0.000	1.01964045
1.450	-1.150	0.000	1.01932430
1.550	-1.150	0.000	1.01885831
1.650	-1.150	0.000	1.01832426
1.750	-1.150	0.000	1.01789784
1.850	-1.150	0.000	1.01759720
1.950	-1.150	0.000	1.01743841
2.050	-1.150	0.000	1.01731288
2.150	-1.150	0.000	1.01703441
2.250	-1.150	0.000	1.01683700
2.350	-1.150	0.000	1.01656914
2.450	-1.150	0.000	1.01667595
-2.450	-1.050	0.000	1.02059412
-2.350	-1.050	0.000	1.02195561
-2.250	-1.050	0.000	1.02252150
-2.150	-1.050	0.000	1.02374649
-2.050	-1.050	0.000	1.02464807
-1.950	-1.050	0.000	1.02522957
-1.850	-1.050	0.000	1.02527678
-1.750	-1.050	0.000	1.02516115
-1.650	-1.050	0.000	1.02483869
-1.550	-1.050	0.000	1.02410352
-1.450	-1.050	0.000	1.02314854
-1.350	-1.050	0.000	1.02222085
-1.250	-1.050	0.000	1.02137887
-1.150	-1.050	0.000	1.02068663
-1.050	-1.050	0.000	1.01990211
-0.950	-1.050	0.000	1.01900530
-0.850	-1.050	0.000	1.01794064
-0.750	-1.050	0.000	1.01686704
-0.650	-1.050	0.000	1.01590228
-0.550	-1.050	0.000	1.01521540
-0.450	-1.050	0.000	1.01475668
-0.350	-1.050	0.000	1.01452863
-0.250	-1.050	0.000	1.01444697
-0.150	-1.050	0.000	1.01461840
-0.050	-1.050	0.000	1.01507580
0.050	-1.050	0.000	1.01578903
0.150	-1.050	0.000	1.01667702
0.250	-1.050	0.000	1.01764452
0.350	-1.050	0.000	1.01872444
0.450	-1.050	0.000	1.01969385
0.550	-1.050	0.000	1.02063453
0.650	-1.050	0.000	1.02111471
0.750	-1.050	0.000	1.02128518
0.850	-1.050	0.000	1.02115679
0.950	-1.050	0.000	1.02075839
1.050	-1.050	0.000	1.02036035
1.150	-1.050	0.000	1.02003634
1.250	-1.050	0.000	1.01989162
1.350	-1.050	0.000	1.01976705
1.450	-1.050	0.000	1.01954150
1.550	-1.050	0.000	1.01911414
1.650	-1.050	0.000	1.01857388
1.750	-1.050	0.000	1.01809692
1.850	-1.050	0.000	1.01774621
1.950	-1.050	0.000	1.01750278
2.050	-1.050	0.000	1.01732659
2.150	-1.050	0.000	1.01699615
2.250	-1.050	0.000	1.01676619
2.350	-1.050	0.000	1.01648057
2.450	-1.050	0.000	1.01646066
-2.450	-0.950	0.000	1.02064300
-2.350	-0.950	0.000	1.02201879
-2.250	-0.950	0.000	1.02247512
-2.150	-0.950	0.000	1.02363217
-2.050	-0.950	0.000	1.02446651
-1.950	-0.950	0.000	1.02497602
-1.850	-0.950	0.000	1.02496767
-1.750	-0.950	0.000	1.02476859
-1.650	-0.950	0.000	1.02431107
-1.550	-0.950	0.000	1.02350473
-1.450	-0.950	0.000	1.02251267
-1.350	-0.950	0.000	1.02152038
-1.250	-0.950	0.000	1.02069247
-1.150	-0.950	0.000	1.02007449
-1.050	-0.950	0.000	1.01949239
-0.950	-0.950	0.000	1.01881838
-0.850	-0.950	0.000	1.01801598
-0.750	-0.950	0.000	1.01705527
-0.650	-0.950	0.000	1.01610661
-0.550	-0.950	0.000	1.01540756
-0.450	-0.950	0.000	1.01488626
-0.350	-0.950	0.000	1.01463640
-0.250	-0.950	0.000	1.01455402
-0.150	-0.950	0.000	1.01471293
-0.050	-0.950	0.000	1.01513588
0.050	-0.950	0.000	1.01580644
0.150	-0.950	0.000	1.01664925
0.250	-0.950	0.000	1.01757812
0.350	-0.950	0.000	1.01860869
0.450	-0.950	0.000	1.01954746
0.550	-0.950	0.000	1.02043092
0.650	-0.950	0.000	1.02090561
0.750	-0.950	0.000	1.02102971
0.850	-0.950	0.000	1.02093732
0.950	-0.950	0.000	1.02058518
1.050	-0.950	0.000	1.02020550
1.150	-0.950	0.000	1.01988244
1.250	-0.950	0.000	1.01974511
1.350	-0.950	0.000	1.01967621
1.450	-0.950	0.000	1.01956677
1.550	-0.950	0.000	1.01926291
1.650	-0.950	0.000	1.01880312
1.750	-0.950	0.000	1.01833498
1.850	-0.950	0.000	1.01796532
1.950	-0.950	0.000	1.01769722
2.050	-0.950	0.000	1.01750529
2.150	-0.950	0.000	1.01715791
2.250	-0.950	0.000	1.01683021
2.350	-0.950	0.000	1.01651406
2.450	-0.950	0.000	1.01635981
-2.450	-0.850	0.000	1.02052999
-2.350	-0.850	0.000	1.02194107
-2.250	-0.850	0.000	1.02233100
-2.150	-0.850	0.000	1.02335906
-2.050	-0.850	0.000	1.02412152
-1.950	-0.850	0.000	1.02459610
-1.850	-0.850	0.000	1.02456951
-1.750	-0.850	0.000	1.02429962
-1.650	-0.850	0.000	1.02373779
-1.550	-0.850	0.000	1.02284014
-1.450	-0.850	0.000	1.02175951
-1.350	-0.850	0.000	1.02062774
-1.250	-0.850	0.000	1.01976454
-1.150	-0.850	0.000	1.01927602
-1.050	-0.850	0.000	1.01895285
-0.950	-0.850	0.000	1.01855385
-0.850	-0.850	0.000	1.01798511
-0.750	-0.850	0.000	1.01717746
-0.650	-0.850	0.000	1.01629174
-0.550	-0.850	0.000	1.01560271
-0.450	-0.850	0.000	1.01502788
-0.350	-0.850	0.000	1.01475120
-0.250	-0.850	0.000	1.01466179
-0.150	-0.850	0.000	1.01481903
-0.050	-0.850	0.000	1.01523674
0.050	-0.850	0.000	1.01589632
0.150	-0.850	0.000	1.01675057
0.250	-0.850	0.000	1.01766109
0.350	-0.850	0.000	1.01862609
0.450	-0.850	0.000	1.01951027
0.550	-0.850	0.000	1.02028883
0.650	-0.850	0.000	1.02069652
0.750	-0.850	0.000	1.02079403
0.850	-0.850	0.000	1.02066672
0.950	-0.850	0.000	1.02032328
1.050	-0.850	0.000	1.01995575
1.150	-0.850	0.000	1.01966572
1.250	-0.850	0.000	1.01954496
1.350	-0.850	0.000	1.01951611
1.450	-0.850	0.000	1.01948035
1.550	-0.850	0.000	1.01925981
1.650	-0.850	0.000	1.01891792
1.750	-0.850	0.000	1.01851082
1.850	-0.850	0.000	1.01816797
1.950	-0.850	0.000	1.01789379
2.050	-0.850	0.000	1.01768649
2.150	-0.850	0.000	1.01738226
2.250	-0.850	0.000	1.01699352
2.350	-0.850	0.000	1.01664817
2.450	-0.850	0.000	1.01634824
-2.450	-0.750	0.000	1.02018821
-2.350	-0.750	0.000	1.02159989
-2.250	-0.750	0.000	1.02193260
-2.150	-0.750	0.000	1.02295089
-2.050	-0.750	0.000	1.02372396
-1.950	-0.750	0.000	1.02424669
-1.850	-0.750	0.000	1.02424347
-1.750	-0.750	0.000	1.02402055
-1.650	-0.750	0.000	1.02340806
-1.550	-0.750	0.000	1.02242410
-1.450	-0.750	0.000	1.02121603
-1.350	-0.750	0.000	1.01987612
-1.250	-0.750	0.000	1.01900971
-1.150	-0.750	0.000	1.01862800
-1.050	-0.750	0.000	1.01854014
-0.950	-0.750	0.000	1.01849008
-0.850	-0.750	0.000	1.01817441
-0.750	-0.750	0.000	1.01749325
-0.650	-0.750	0.000	1.01659846
-0.550	-0.750	0.000	1.01583481
-0.450	-0.750	0.000	1.01517510
-0.350	-0.750	0.000	1.01484776
-0.250	-0.750	0.000	1.01473427
-0.150	-0.750	0.000	1.01487231
-0.050	-0.750	0.000	1.01527667
0.050	-0.750	0.000	1.01594365
0.150	-0.750	0.000	1.01682568
0.250	-0.750	0.000	1.01778042
0.350	-0.750	0.000	1.01878536
0.450	-0.750	0.000	1.01965308
0.550	-0.750	0.000	1.02040064
0.650	-0.750	0.000	1.02074385
0.750	-0.750	0.000	1.02077818
0.850	-0.750	0.000	1.02056742
0.950	-0.750	0.000	1.02017009
1.050	-0.750	0.000	1.01972497
1.150	-0.750	0.000	1.01934791
1.250	-0.750	0.000	1.01915932
1.350	-0.750	0.000	1.01910722
1.450	-0.750	0.000	1.01912796
1.550	-0.750	0.000	1.01903021
1.650	-0.750	0.000	1.01885116
1.750	-0.750	0.000	1.01857030
1.850	-0.750	0.000	1.01831412
1.950	-0.750	0.000	1.01805997
2.050	-0.750	0.000	1.01781452
2.150	-0.750	0.000	1.01756775
2.250	-0.750	0.000	1.01716733
2.350	-0.750	0.000	1.01686335
2.450	-0.750	0.000	1.01643860
-2.450	-0.650	0.000	1.01972079
-2.350	-0.650	0.000	1.02119446
-2.250	-0.650	0.000	1.02168965
-2.150	-0.650	0.000	1.02272892
-2.050	-0.650	0.000	1.02341211
-1.950	-0.650	0.000	1.02403510
-1.850	-0.650	0.000	1.02415681
-1.750	-0.650	0.000	1.02388871
-1.650	-0.650	0.000	1.02321649
-1.550	-0.650	0.000	1.02213657
-1.450	-0.650	0.000	1.02078021
-1.350	-0.650	0.000	1.01929581
-1.250	-0.650	0.000	1.01846683
-1.150	-0.650	0.000	1.01819205
-1.050	-0.650	0.000	1.01837933
-0.950	-0.650	0.000	1.01866484
-0.850	-0.650	0.000	1.01862061
-0.750	-0.650	0.000	1.01812255
-0.650	-0.650	0.000	1.01723361
-0.550	-0.650	0.000	1.01636899
-0.450	-0.650	0.000	1.01555836
-0.350	-0.650	0.000	1.01506710
-0.250	-0.650	0.000	1.01491189
-0.150	-0.650	0.000	1.01501489
-0.050	-0.650	0.000	1.01540101
0.050	-0.650	0.000	1.01606011
0.150	-0.650	0.000	1.01694930
0.250	-0.650	0.000	1.01795769
0.350	-0.650	0.000	1.01900542
0.450	-0.650	0.000	1.01997256
0.550	-0.650	0.000	1.02074564
0.650	-0.650	0.000	1.02111387
0.750	-0.650	0.000	1.02109289
0.850	-0.650	0.000	1.02077365
0.950	-0.650	0.000	1.02025509
1.050	-0.650	0.000	1.01966548
1.150	-0.650	0.000	1.01920927
1.250	-0.650	0.000	1.01896739
1.350	-0.650	0.000	1.01884639
1.450	-0.650	0.000	1.01879299
1.550	-0.650	0.000	1.01864302
1.650	-0.650	0.000	1.01845813
1.750	-0.650	0.000	1.01824462
1.850	-0.650	0.000	1.01810646
1.950	-0.650	0.000	1.01801634
2.050	-0.650	0.000	1.01785624
2.150	-0.650	0.000	1.01765859
2.250	-0.650	0.000	1.01723814
2.350	-0.650	0.000	1.01702607
2.450	-0.650	0.000	1.01661694
-2.450	-0.550	0.000	1.01922250
-2.350	-0.550	0.000	1.02071249
-2.250	-0.550	0.000	1.02144945
-2.150	-0.550	0.000	1.02259815
-2.050	-0.550	0.000	1.02335012
-1.950	-0.550	0.000	1.02396870
-1.850	-0.550	0.000	1.02419674
-1.750	-0.550	0.000	1.02393663
-1.650	-0.550	0.000	1.02317548
-1.550	-0.550	0.000	1.02200520
-1.450	-0.550	0.000	1.02048802
-1.350	-0.550	0.000	1.01891577
-1.250	-0.550	0.000	1.01815403
-1.150	-0.550	0.000	1.01806128
-1.050	-0.550	0.000	1.01845205
-0.950	-0.550	0.000	1.01905489
-0.850	-0.550	0.000	1.01925409
-0.750	-0.550	0.000	1.01890063
-0.650	-0.550	0.000	1.01802123
-0.550	-0.550	0.000	1.01708114
-0.450	-0.550	0.000	1.01621461
-0.350	-0.550	0.000	1.01554310
-0.250	-0.550	0.000	1.01528621
-0.150	-0.550	0.000	1.01524949
-0.050	-0.550	0.000	1.01554346
0.050	-0.550	0.000	1.01614535
0.150	-0.550	0.000	1.01706028
0.250	-0.550	0.000	1.01816189
0.350	-0.550	0.000	1.01930285
0.450	-0.550	0.000	1.02038312
0.550	-0.550	0.000	1.02126813
0.650	-0.550	0.000	1.02167439
0.750	-0.550	0.000	1.02166200
0.850	-0.550	0.000	1.02129483
0.950	-0.550	0.000	1.02066684
1.050	-0.550	0.000	1.01995265
1.150	-0.550	0.000	1.01931643
1.250	-0.550	0.000	1.01890171
1.350	-0.550	0.000	1.01866627
1.450	-0.550	0.000	1.01854134
1.550	-0.550	0.000	1.01832831
1.650	-0.550	0.000	1.01812685
1.750	-0.550	0.000	1.01791406
1.850	-0.550	0.000	1.01780796
1.950	-0.550	0.000	1.01776028
2.050	-0.550	0.000	1.01763690
2.150	-0.550	0.000	1.01747680
2.250	-0.550	0.000	1.01714516
2.350	-0.550	0.000	1.01697838
2.450	-0.550	0.000	1.01670337
-2.450	-0.450	0.000	1.01847982
-2.350	-0.450	0.000	1.02002490
-2.250	-0.450	0.000	1.02103436
-2.150	-0.450	0.000	1.02224708
-2.050	-0.450	0.000	1.02307951
-1.950	-0.450	0.000	1.02377558
-1.850	-0.450	0.000	1.02398825
-1.750	-0.450	0.000	1.02381253
-1.650	-0.450	0.000	1.02299070
-1.550	-0.450	0.000	1.02167630
-1.450	-0.450	0.000	1.02005291
-1.350	-0.450	0.000	1.01846862
-1.250	-0.450	0.000	1.01787531
-1.150	-0.450	0.000	1.01806629
-1.050	-0.450	0.000	1.01869583
-0.950	-0.450	0.000	1.01950204
-0.850	-0.450	0.000	1.01994765
-0.750	-0.450	0.000	1.01963449
-0.650	-0.450	0.000	1.01875389
-0.550	-0.450	0.000	1.01777363
-0.450	-0.450	0.000	1.01690495
-0.350	-0.450	0.000	1.01614606
-0.250	-0.450	0.000	1.01581144
-0.150	-0.450	0.000	1.01567066
-0.050	-0.450	0.000	1.01580954
0.050	-0.450	0.000	1.01623297
0.150	-0.450	0.000	1.01705003
0.250	-0.450	0.000	1.01813138
0.350	-0.450	0.000	1.01937807
0.450	-0.450	0.000	1.02061963
0.550	-0.450	0.000	1.02175677
0.650	-0.450	0.000	1.02231860
0.750	-0.450	0.000	1.02236700
0.850	-0.450	0.000	1.02198946
0.950	-0.450	0.000	1.02132678
1.050	-0.450	0.000	1.02053785
1.150	-0.450	0.000	1.01980305
1.250	-0.450	0.000	1.01925278
1.350	-0.450	0.000	1.01882279
1.450	-0.450	0.000	1.01851606
1.550	-0.450	0.000	1.01819301
1.650	-0.450	0.000	1.01789534
1.750	-0.450	0.000	1.01763439
1.850	-0.450	0.000	1.01752031
1.950	-0.450	0.000	1.01752579
2.050	-0.450	0.000	1.01748919
2.150	-0.450	0.000	1.01731646
2.250	-0.450	0.000	1.01700795
2.350	-0.450	0.000	1.01682889
2.450	-0.450	0.000	1.01665139
-2.450	-0.350	0.000	1.01761210
-2.350	-0.350	0.000	1.01915348
-2.250	-0.350	0.000	1.02035177
-2.150	-0.350	0.000	1.02162266
-2.050	-0.350	0.000	1.02250314
-1.950	-0.350	0.000	1.02327120
-1.850	-0.350	0.000	1.02349412
-1.750	-0.350	0.000	1.02329862
-1.650	-0.350	0.000	1.02241588
-1.550	-0.350	0.000	1.02100396
-1.450	-0.350	0.000	1.01941001
-1.350	-0.350	0.000	1.01789272
-1.250	-0.350	0.000	1.01761484
-1.150	-0.350	0.000	1.01796937
-1.050	-0.350	0.000	1.01889145
-0.950	-0.350	0.000	1.01984918
-0.850	-0.350	0.000	1.02047789
-0.750	-0.350	0.000	1.02029574
-0.650	-0.350	0.000	1.01949549
-0.550	-0.350	0.000	1.01848304
-0.450	-0.350	0.000	1.01763058
-0.350	-0.350	0.000	1.01681185
-0.250	-0.350	0.000	1.01641333
-0.150	-0.350	0.000	1.01621926
-0.050	-0.350	0.000	1.01620507
0.050	-0.350	0.000	1.01649427
0.150	-0.350	0.000	1.01711237
0.250	-0.350	0.000	1.01804650
0.350	-0.350	0.000	1.01917911
0.450	-0.350	0.000	1.02044737
0.550	-0.350	0.000	1.02159309
0.650	-0.350	0.000	1.02247179
0.750	-0.350	0.000	1.02277648
0.850	-0.350	0.000	1.02265477
0.950	-0.350	0.000	1.02210963
1.050	-0.350	0.000	1.02132976
1.150	-0.350	0.000	1.02052438
1.250	-0.350	0.000	1.01988339
1.350	-0.350	0.000	1.01934767
1.450	-0.350	0.000	1.01885438
1.550	-0.350	0.000	1.01830411
1.650	-0.350	0.000	1.01782978
1.750	-0.350	0.000	1.01747382
1.850	-0.350	0.000	1.01730490
1.950	-0.350	0.000	1.01729774
2.050	-0.350	0.000	1.01729262
2.150	-0.350	0.000	1.01719463
2.250	-0.350	0.000	1.01696837
2.350	-0.350	0.000	1.01677883
2.450	-0.350	0.000	1.01665890
-2.450	-0.250	0.000	1.01676762
-2.350	-0.250	0.000	1.01825750
-2.250	-0.250	0.000	1.01955080
-2.150	-0.250	0.000	1.02088058
-2.050	-0.250	0.000	1.02183342
-1.950	-0.250	0.000	1.02261996
-1.850	-0.250	0.000	1.02278984
-1.750	-0.250	0.000	1.02247214
-1.650	-0.250	0.000	1.02148592
-1.550	-0.250	0.000	1.02003121
-1.450	-0.250	0.000	1.01856697
-1.350	-0.250	0.000	1.01739693
-1.250	-0.250	0.000	1.01726842
-1.150	-0.250	0.000	1.01780355
-1.050	-0.250	0.000	1.01888204
-0.950	-0.250	0.000	1.01996148
-0.850	-0.250	0.000	1.02073932
-0.750	-0.250	0.000	1.02064240
-0.650	-0.250	0.000	1.01995945
-0.550	-0.250	0.000	1.01901460
-0.450	-0.250	0.000	1.01823664
-0.350	-0.250	0.000	1.01746666
-0.250	-0.250	0.000	1.01706457
-0.150	-0.250	0.000	1.01686454
-0.050	-0.250	0.000	1.01675928
0.050	-0.250	0.000	1.01687181
0.150	-0.250	0.000	1.01728427
0.250	-0.250	0.000	1.01801991
0.350	-0.250	0.000	1.01896620
0.450	-0.250	0.000	1.02012622
0.550	-0.250	0.000	1.02117658
0.650	-0.250	0.000	1.02214742
0.750	-0.250	0.000	1.02264774
0.850	-0.250	0.000	1.02275884
0.950	-0.250	0.000	1.02245772
1.050	-0.250	0.000	1.02184534
1.150	-0.250	0.000	1.02113390
1.250	-0.250	0.000	1.02052546
1.350	-0.250	0.000	1.02000237
1.450	-0.250	0.000	1.01951337
1.550	-0.250	0.000	1.01892436
1.650	-0.250	0.000	1.01831031
1.750	-0.250	0.000	1.01775301
1.850	-0.250	0.000	1.01735175
1.950	-0.250	0.000	1.01718819
2.050	-0.250	0.000	1.01715875
2.150	-0.250	0.000	1.01705945
2.250	-0.250	0.000	1.01688254
2.350	-0.250	0.000	1.01663303
2.450	-0.250	0.000	1.01651740
-2.450	-0.150	0.000	1.01614106
-2.350	-0.150	0.000	1.01751244
-2.250	-0.150	0.000	1.01883686
-2.150	-0.150	0.000	1.02019966
-2.050	-0.150	0.000	1.02121305
-1.950	-0.150	0.000	1.02202487
-1.850	-0.150	0.000	1.02212632
-1.750	-0.150	0.000	1.02163625
-1.650	-0.150	0.000	1.02057636
-1.550	-0.150	0.000	1.01914895
-1.450	-0.150	0.000	1.01778173
-1.350	-0.150	0.000	1.01694453
-1.250	-0.150	0.000	1.01690054
-1.150	-0.150	0.000	1.01754785
-1.050	-0.150	0.000	1.01866853
-0.950	-0.150	0.000	1.01974750
-0.850	-0.150	0.000	1.02065992
-0.750	-0.150	0.000	1.02065420
-0.650	-0.150	0.000	1.02008605
-0.550	-0.150	0.000	1.01918590
-0.450	-0.150	0.000	1.01847029
-0.350	-0.150	0.000	1.01778281
-0.250	-0.150	0.000	1.01748455
-0.150	-0.150	0.000	1.01737893
-0.050	-0.150	0.000	1.01731515
0.050	-0.150	0.000	1.01738691
0.150	-0.150	0.000	1.01765454
0.250	-0.150	0.000	1.01817226
0.350	-0.150	0.000	1.01893258
0.450	-0.150	0.000	1.01986480
0.550	-0.150	0.000	1.02088666
0.650	-0.150	0.000	1.02174115
0.750	-0.150	0.000	1.02240324
0.850	-0.150	0.000	1.02258503
0.950	-0.150	0.000	1.02243817
1.050	-0.150	0.000	1.02201891
1.150	-0.150	0.000	1.02145183
1.250	-0.150	0.000	1.02091789
1.350	-0.150	0.000	1.02042997
1.450	-0.150	0.000	1.01994538
1.550	-0.150	0.000	1.01937211
1.650	-0.150	0.000	1.01876760
1.750	-0.150	0.000	1.01817894
1.850	-0.150	0.000	1.01774526
1.950	-0.150	0.000	1.01745665
2.050	-0.150	0.000	1.01732433
2.150	-0.150	0.000	1.01712954
2.250	-0.150	0.000	1.01692522
2.350	-0.150	0.000	1.01671529
2.450	-0.150	0.000	1.01646066
-2.450	-0.050	0.000	1.01578009
-2.350	-0.050	0.000	1.01698828
-2.250	-0.050	0.000	1.01831877
-2.150	-0.050	0.000	1.01969492
-2.050	-0.050	0.000	1.02077055
-1.950	-0.050	0.000	1.02157557
-1.850	-0.050	0.000	1.02163076
-1.750	-0.050	0.000	1.02113569
-1.650	-0.050	0.000	1.02009654
-1.550	-0.050	0.000	1.01877737
-1.450	-0.050	0.000	1.01751900
-1.350	-0.050	0.000	1.01675868
-1.250	-0.050	0.000	1.01672089
-1.150	-0.050	0.000	1.01733851
-1.050	-0.050	0.000	1.01841390
-0.950	-0.050	0.000	1.01943922
-0.850	-0.050	0.000	1.02031195
-0.750	-0.050	0.000	1.02032459
-0.650	-0.050	0.000	1.01983011
-0.550	-0.050	0.000	1.01902246
-0.450	-0.050	0.000	1.01840448
-0.350	-0.050	0.000	1.01787019
-0.250	-0.050	0.000	1.01770353
-0.150	-0.050	0.000	1.01773036
-0.050	-0.050	0.000	1.01779926
0.050	-0.050	0.000	1.01793909
0.150	-0.050	0.000	1.01820970
0.250	-0.050	0.000	1.01863503
0.350	-0.050	0.000	1.01921439
0.450	-0.050	0.000	1.01992464
0.550	-0.050	0.000	1.02071691
0.650	-0.050	0.000	1.02140367
0.750	-0.050	0.000	1.02204704
0.850	-0.050	0.000	1.02246344
0.950	-0.050	0.000	1.02246726
1.050	-0.050	0.000	1.02221787
1.150	-0.050	0.000	1.02177918
1.250	-0.050	0.000	1.02131152
1.350	-0.050	0.000	1.02085376
1.450	-0.050	0.000	1.02038133
1.550	-0.050	0.000	1.01980007
1.650	-0.050	0.000	1.01914990
1.750	-0.050	0.000	1.01847208
1.850	-0.050	0.000	1.01795900
1.950	-0.050	0.000	1.01759923
2.050	-0.050	0.000	1.01738954
2.150	-0.050	0.000	1.01717126
2.250	-0.050	0.000	1.01701391
2.350	-0.050	0.000	1.01687706
2.450	-0.050	0.000	1.01658845
-2.450	0.050	0.000	1.01556098
-2.350	0.050	0.000	1.01656032
-2.250	0.050	0.000	1.01784647
-2.150	0.050	0.000	1.01922667
-2.050	0.050	0.000	1.02035046
-1.950	0.050	0.000	1.02116561
-1.850	0.050	0.000	1.02122939
-1.750	0.050	0.000	1.02081549
-1.650	0.050	0.000	1.01994050
-1.550	0.050	0.000	1.01877606
-1.450	0.050	0.000	1.01767111
-1.350	0.050	0.000	1.01706076
-1.250	0.050	0.000	1.01696920
-1.150	0.050	0.000	1.01745093
-1.050	0.050	0.000	1.01831007
-0.950	0.050	0.000	1.01917887
-0.850	0.050	0.000	1.01998591
-0.750	0.050	0.000	1.02001870
-0.650	0.050	0.000	1.01953864
-0.550	0.050	0.000	1.01868916
-0.450	0.050	0.000	1.01805484
-0.350	0.050	0.000	1.01752079
-0.250	0.050	0.000	1.01749957
-0.150	0.050	0.000	1.01771808
-0.050	0.050	0.000	1.01803446
0.050	0.050	0.000	1.01838827
0.150	0.050	0.000	1.01878619
0.250	0.050	0.000	1.01930749
0.350	0.050	0.000	1.01988220
0.450	0.050	0.000	1.02047443
0.550	0.050	0.000	1.02106917
0.650	0.050	0.000	1.02163363
0.750	0.050	0.000	1.02204883
0.850	0.050	0.000	1.02239335
0.950	0.050	0.000	1.02240026
1.050	0.050	0.000	1.02221489
1.150	0.050	0.000	1.02188742
1.250	0.050	0.000	1.02153373
1.350	0.050	0.000	1.02116358
1.450	0.050	0.000	1.02077472
1.550	0.050	0.000	1.02025068
1.650	0.050	0.000	1.01959705
1.750	0.050	0.000	1.01886344
1.850	0.050	0.000	1.01826179
1.950	0.050	0.000	1.01782322
2.050	0.050	0.000	1.01757324
2.150	0.050	0.000	1.01731968
2.250	0.050	0.000	1.01707888
2.350	0.050	0.000	1.01695383
2.450	0.050	0.000	1.01661837
-2.450	0.150	0.000	1.01553547
-2.350	0.150	0.000	1.01637149
-2.250	0.150	0.000	1.01758003
-2.150	0.150	0.000	1.01893413
-2.050	0.150	0.000	1.02004170
-1.950	0.150	0.000	1.02086782
-1.850	0.150	0.000	1.02095425
-1.750	0.150	0.000	1.02056503
-1.650	0.150	0.000	1.01978815
-1.550	0.150	0.000	1.01883280
-1.450	0.150	0.000	1.01796722
-1.350	0.150	0.000	1.01740837
-1.250	0.150	0.000	1.01729071
-1.150	0.150	0.000	1.01768601
-1.050	0.150	0.000	1.01838112
-0.950	0.150	0.000	1.01914895
-0.850	0.150	0.000	1.01981723
-0.750	0.150	0.000	1.01978028
-0.650	0.150	0.000	1.01928949
-0.550	0.150	0.000	1.01843572
-0.450	0.150	0.000	1.01778448
-0.350	0.150	0.000	1.01720488
-0.250	0.150	0.000	1.01715016
-0.150	0.150	0.000	1.01745486
-0.050	0.150	0.000	1.01793015
0.050	0.150	0.000	1.01850402
0.150	0.150	0.000	1.01909947
0.250	0.150	0.000	1.01974392
0.350	0.150	0.000	1.02040470
0.450	0.150	0.000	1.02103615
0.550	0.150	0.000	1.02164292
0.650	0.150	0.000	1.02218819
0.750	0.150	0.000	1.02256310
0.850	0.150	0.000	1.02286971
0.950	0.150	0.000	1.02287900
1.050	0.150	0.000	1.02263594
1.150	0.150	0.000	1.02223969
1.250	0.150	0.000	1.02185833
1.350	0.150	0.000	1.02147937
1.450	0.150	0.000	1.02106857
1.550	0.150	0.000	1.02052402
1.650	0.150	0.000	1.01985288
1.750	0.150	0.000	1.01909721
1.850	0.150	0.000	1.01844585
1.950	0.150	0.000	1.01790035
2.050	0.150	0.000	1.01749802
2.150	0.150	0.000	1.01727176
2.250	0.150	0.000	1.01710749
2.350	0.150	0.000	1.01704907
2.450	0.150	0.000	1.01678586
-2.450	0.250	0.000	1.01573253
-2.350	0.250	0.000	1.01639366
-2.250	0.250	0.000	1.01752663
-2.150	0.250	0.000	1.01881111
-2.050	0.250	0.000	1.01987183
-1.950	0.250	0.000	1.02071083
-1.850	0.250	0.000	1.02083695
-1.750	0.250	0.000	1.02054977
-1.650	0.250	0.000	1.01995468
-1.550	0.250	0.000	1.01912260
-1.450	0.250	0.000	1.01838422
-1.350	0.250	0.000	1.01784492
-1.250	0.250	0.000	1.01762164
-1.150	0.250	0.000	1.01787090
-1.050	0.250	0.000	1.01843643
-0.950	0.250	0.000	1.01910901
-0.850	0.250	0.000	1.01972449
-0.750	0.250	0.000	1.01970339
-0.650	0.250	0.000	1.01918507
-0.550	0.250	0.000	1.01828730
-0.450	0.250	0.000	1.01754546
-0.350	0.250	0.000	1.01689875
-0.250	0.250	0.000	1.01673961
-0.150	0.250	0.000	1.01704013
-0.050	0.250	0.000	1.01761842
0.050	0.250	0.000	1.01833117
0.150	0.250	0.000	1.01912868
0.250	0.250	0.000	1.01998901
0.350	0.250	0.000	1.02079356
0.450	0.250	0.000	1.02155864
0.550	0.250	0.000	1.02211654
0.650	0.250	0.000	1.02261388
0.750	0.250	0.000	1.02291405
0.850	0.250	0.000	1.02315331
0.950	0.250	0.000	1.02331471
1.050	0.250	0.000	1.02314496
1.150	0.250	0.000	1.02286577
1.250	0.250	0.000	1.02250993
1.350	0.250	0.000	1.02211893
1.450	0.250	0.000	1.02165711
1.550	0.250	0.000	1.02102792
1.650	0.250	0.000	1.02022529
1.750	0.250	0.000	1.01929128
1.850	0.250	0.000	1.01844323
1.950	0.250	0.000	1.01782942
2.050	0.250	0.000	1.01734829
2.150	0.250	0.000	1.01709390
2.250	0.250	0.000	1.01690769
2.350	0.250	0.000	1.01676774
2.450	0.250	0.000	1.01659274
-2.450	0.350	0.000	1.01607394
-2.350	0.350	0.000	1.01661670
-2.250	0.350	0.000	1.01767671
-2.150	0.350	0.000	1.01892459
-2.050	0.350	0.000	1.01991594
-1.950	0.350	0.000	1.02074552
-1.850	0.350	0.000	1.02088928
-1.750	0.350	0.000	1.02069843
-1.650	0.350	0.000	1.02026927
-1.550	0.350	0.000	1.01959383
-1.450	0.350	0.000	1.01895475
-1.350	0.350	0.000	1.01844823
-1.250	0.350	0.000	1.01813865
-1.150	0.350	0.000	1.01824677
-1.050	0.350	0.000	1.01868761
-0.950	0.350	0.000	1.01922035
-0.850	0.350	0.000	1.01976943
-0.750	0.350	0.000	1.01983225
-0.650	0.350	0.000	1.01936519
-0.550	0.350	0.000	1.01844263
-0.450	0.350	0.000	1.01750779
-0.350	0.350	0.000	1.01681340
-0.250	0.350	0.000	1.01645577
-0.150	0.350	0.000	1.01667333
-0.050	0.350	0.000	1.01718497
0.050	0.350	0.000	1.01792824
0.150	0.350	0.000	1.01877224
0.250	0.350	0.000	1.01970947
0.350	0.350	0.000	1.02059722
0.450	0.350	0.000	1.02142727
0.550	0.350	0.000	1.02219200
0.650	0.350	0.000	1.02285445
0.750	0.350	0.000	1.02340949
0.850	0.350	0.000	1.02369487
0.950	0.350	0.000	1.02381361
1.050	0.350	0.000	1.02373517
1.150	0.350	0.000	1.02345741
1.250	0.350	0.000	1.02310383
1.350	0.350	0.000	1.02272654
1.450	0.350	0.000	1.02226281
1.550	0.350	0.000	1.02159977
1.650	0.350	0.000	1.02074289
1.750	0.350	0.000	1.01977026
1.850	0.350	0.000	1.01882088
1.950	0.350	0.000	1.01811361
2.050	0.350	0.000	1.01753056
2.150	0.350	0.000	1.01722515
2.250	0.350	0.000	1.01706469
2.350	0.350	0.000	1.01690185
2.450	0.350	0.000	1.01680517
-2.450	0.450	0.000	1.01647770
-2.350	0.450	0.000	1.01696217
-2.250	0.450	0.000	1.01796281
-2.150	0.450	0.000	1.01919889
-2.050	0.450	0.000	1.02013564
-1.950	0.450	0.000	1.02092731
-1.850	0.450	0.000	1.02108479
-1.750	0.450	0.000	1.02092922
-1.650	0.450	0.000	1.02056992
-1.550	0.450	0.000	1.02001381
-1.450	0.450	0.000	1.01948977
-1.350	0.450	0.000	1.01903594
-1.250	0.450	0.000	1.01870584
-1.150	0.450	0.000	1.01872277
-1.050	0.450	0.000	1.01904953
-0.950	0.450	0.000	1.01949799
-0.850	0.450	0.000	1.01997650
-0.750	0.450	0.000	1.02006221
-0.650	0.450	0.000	1.01962519
-0.550	0.450	0.000	1.01879394
-0.450	0.450	0.000	1.01775479
-0.350	0.450	0.000	1.01697612
-0.250	0.450	0.000	1.01639295
-0.150	0.450	0.000	1.01646852
-0.050	0.450	0.000	1.01685178
0.050	0.450	0.000	1.01750469
0.150	0.450	0.000	1.01836455
0.250	0.450	0.000	1.01935840
0.350	0.450	0.000	1.02037907
0.450	0.450	0.000	1.02138519
0.550	0.450	0.000	1.02211475
0.650	0.450	0.000	1.02262890
0.750	0.450	0.000	1.02308714
0.850	0.450	0.000	1.02336419
0.950	0.450	0.000	1.02358902
1.050	0.450	0.000	1.02371895
1.150	0.450	0.000	1.02366018
1.250	0.450	0.000	1.02350438
1.350	0.450	0.000	1.02327836
1.450	0.450	0.000	1.02291131
1.550	0.450	0.000	1.02224219
1.650	0.450	0.000	1.02130663
1.750	0.450	0.000	1.02023351
1.850	0.450	0.000	1.01914728
1.950	0.450	0.000	1.01828980
2.050	0.450	0.000	1.01762938
2.150	0.450	0.000	1.01713741
2.250	0.450	0.000	1.01687992
2.350	0.450	0.000	1.01663005
2.450	0.450	0.000	1.01657426
-2.450	0.550	0.000	1.01685262
-2.350	0.550	0.000	1.01733184
-2.250	0.550	0.000	1.01829219
-2.150	0.550	0.000	1.01956749
-2.050	0.550	0.000	1.02048612
-1.950	0.550	0.000	1.02125859
-1.850	0.550	0.000	1.02142954
-1.750	0.550	0.000	1.02133060
-1.650	0.550	0.000	1.02106595
-1.550	0.550	0.000	1.02057254
-1.450	0.550	0.000	1.02010310
-1.350	0.550	0.000	1.01969492
-1.250	0.550	0.000	1.01934767
-1.150	0.550	0.000	1.01927769
-1.050	0.550	0.000	1.01949871
-0.950	0.550	0.000	1.01984751
-0.850	0.550	0.000	1.02018988
-0.750	0.550	0.000	1.02030456
-0.650	0.550	0.000	1.01988602
-0.550	0.550	0.000	1.01904738
-0.450	0.550	0.000	1.01793492
-0.350	0.550	0.000	1.01709902
-0.250	0.550	0.000	1.01644623
-0.150	0.550	0.000	1.01637077
-0.050	0.550	0.000	1.01663351
0.050	0.550	0.000	1.01716292
0.150	0.550	0.000	1.01789737
0.250	0.550	0.000	1.01879644
0.350	0.550	0.000	1.01981378
0.450	0.550	0.000	1.02088940
0.550	0.550	0.000	1.02184856
0.650	0.550	0.000	1.02254331
0.750	0.550	0.000	1.02309191
0.850	0.550	0.000	1.02339149
0.950	0.550	0.000	1.02354574
1.050	0.550	0.000	1.02373588
1.150	0.550	0.000	1.02375555
1.250	0.550	0.000	1.02361548
1.350	0.550	0.000	1.02341878
1.450	0.550	0.000	1.02311265
1.550	0.550	0.000	1.02256858
1.650	0.550	0.000	1.02175701
1.750	0.550	0.000	1.02078700
1.850	0.550	0.000	1.01979578
1.950	0.550	0.000	1.01897144
2.050	0.550	0.000	1.01835966
2.150	0.550	0.000	1.01783490
2.250	0.550	0.000	1.01752257
2.350	0.550	0.000	1.01721931
2.450	0.550	0.000	1.01708293
-2.450	0.650	0.000	1.01689851
-2.350	0.650	0.000	1.01739347
-2.250	0.650	0.000	1.01833284
-2.150	0.650	0.000	1.01969945
-2.050	0.650	0.000	1.02062130
-1.950	0.650	0.000	1.02139521
-1.850	0.650	0.000	1.02164876
-1.750	0.650	0.000	1.02166319
-1.650	0.650	0.000	1.02150762
-1.550	0.650	0.000	1.02108073
-1.450	0.650	0.000	1.02067423
-1.350	0.650	0.000	1.02023149
-1.250	0.650	0.000	1.01985455
-1.150	0.650	0.000	1.01970863
-1.050	0.650	0.000	1.01983964
-0.950	0.650	0.000	1.02013636
-0.850	0.650	0.000	1.02043235
-0.750	0.650	0.000	1.02052987
-0.650	0.650	0.000	1.02010691
-0.550	0.650	0.000	1.01927650
-0.450	0.650	0.000	1.01811469
-0.350	0.650	0.000	1.01717830
-0.250	0.650	0.000	1.01649117
-0.150	0.650	0.000	1.01629865
-0.050	0.650	0.000	1.01648748
0.050	0.650	0.000	1.01693439
0.150	0.650	0.000	1.01755667
0.250	0.650	0.000	1.01831925
0.350	0.650	0.000	1.01922810
0.450	0.650	0.000	1.02022803
0.550	0.650	0.000	1.02117777
0.650	0.650	0.000	1.02191198
0.750	0.650	0.000	1.02249253
0.850	0.650	0.000	1.02290440
0.950	0.650	0.000	1.02313673
1.050	0.650	0.000	1.02340877
1.150	0.650	0.000	1.02364993
1.250	0.650	0.000	1.02374756
1.350	0.650	0.000	1.02368665
1.450	0.650	0.000	1.02344692
1.550	0.650	0.000	1.02290595
1.650	0.650	0.000	1.02206385
1.750	0.650	0.000	1.02103341
1.850	0.650	0.000	1.02001107
1.950	0.650	0.000	1.01911700
2.050	0.650	0.000	1.01847672
2.150	0.650	0.000	1.01789153
2.250	0.650	0.000	1.01756251
2.350	0.650	0.000	1.01730502
2.450	0.650	0.000	1.01720512
-2.450	0.750	0.000	1.01686227
-2.350	0.750	0.000	1.01738739
-2.250	0.750	0.000	1.01824355
-2.150	0.750	0.000	1.01962781
-2.050	0.750	0.000	1.02053571
-1.950	0.750	0.000	1.02129972
-1.850	0.750	0.000	1.02161705
-1.750	0.750	0.000	1.02170622
-1.650	0.750	0.000	1.02169180
-1.550	0.750	0.000	1.02136993
-1.450	0.750	0.000	1.02102697
-1.350	0.750	0.000	1.02059364
-1.250	0.750	0.000	1.02019989
-1.150	0.750	0.000	1.01998079
-1.050	0.750	0.000	1.02002704
-0.950	0.750	0.000	1.02025855
-0.850	0.750	0.000	1.02054000
-0.750	0.750	0.000	1.02069569
-0.650	0.750	0.000	1.02033806
-0.550	0.750	0.000	1.01952982
-0.450	0.750	0.000	1.01833820
-0.350	0.750	0.000	1.01728272
-0.250	0.750	0.000	1.01648176
-0.150	0.750	0.000	1.01625824
-0.050	0.750	0.000	1.01640177
0.050	0.750	0.000	1.01679873
0.150	0.750	0.000	1.01733541
0.250	0.750	0.000	1.01798129
0.350	0.750	0.000	1.01875281
0.450	0.750	0.000	1.01963198
0.550	0.750	0.000	1.02053714
0.650	0.750	0.000	1.02130044
0.750	0.750	0.000	1.02192020
0.850	0.750	0.000	1.02239370
0.950	0.750	0.000	1.02263796
1.050	0.750	0.000	1.02292550
1.150	0.750	0.000	1.02326584
1.250	0.750	0.000	1.02355647
1.350	0.750	0.000	1.02369869
1.450	0.750	0.000	1.02365518
1.550	0.750	0.000	1.02331245
1.650	0.750	0.000	1.02259350
1.750	0.750	0.000	1.02163291
1.850	0.750	0.000	1.02065313
1.950	0.750	0.000	1.01972926
2.050	0.750	0.000	1.01905930
2.150	0.750	0.000	1.01843774
2.250	0.750	0.000	1.01804245
2.350	0.750	0.000	1.01773810
2.450	0.750	0.000	1.01766753
-2.450	0.850	0.000	1.01701975
-2.350	0.850	0.000	1.01756835
-2.250	0.850	0.000	1.01829386
-2.150	0.850	0.000	1.01964879
-2.050	0.850	0.000	1.02053428
-1.950	0.850	0.000	1.02129984
-1.850	0.850	0.000	1.02174366
-1.750	0.850	0.000	1.02189147
-1.650	0.850	0.000	1.02189004
-1.550	0.850	0.000	1.02156031
-1.450	0.850	0.000	1.02123487
-1.350	0.850	0.000	1.02083766
-1.250	0.850	0.000	1.02046728
-1.150	0.850	0.000	1.02021360
-1.050	0.850	0.000	1.02016652
-0.950	0.850	0.000	1.02029538
-0.850	0.850	0.000	1.02053261
-0.750	0.850	0.000	1.02074492
-0.650	0.850	0.000	1.02049875
-0.550	0.850	0.000	1.01979184
-0.450	0.850	0.000	1.01863801
-0.350	0.850	0.000	1.01756275
-0.250	0.850	0.000	1.01661026
-0.150	0.850	0.000	1.01628399
-0.050	0.850	0.000	1.01635337
0.050	0.850	0.000	1.01673162
0.150	0.850	0.000	1.01726520
0.250	0.850	0.000	1.01786280
0.350	0.850	0.000	1.01850414
0.450	0.850	0.000	1.01922297
0.550	0.850	0.000	1.01998043
0.650	0.850	0.000	1.02067494
0.750	0.850	0.000	1.02127457
0.850	0.850	0.000	1.02181447
0.950	0.850	0.000	1.02215433
1.050	0.850	0.000	1.02246606
1.150	0.850	0.000	1.02285385
1.250	0.850	0.000	1.02324212
1.350	0.850	0.000	1.02343631
1.450	0.850	0.000	1.02343798
1.550	0.850	0.000	1.02318156
1.650	0.850	0.000	1.02256858
1.750	0.850	0.000	1.02168596
1.850	0.850	0.000	1.02076530
1.950	0.850	0.000	1.01986265
2.050	0.850	0.000	1.01921475
2.150	0.850	0.000	1.01861095
2.250	0.850	0.000	1.01825964
2.350	0.850	0.000	1.01797807
2.450	0.850	0.000	1.01799691
-2.450	0.950	0.000	1.01717269
-2.350	0.950	0.000	1.01777780
-2.250	0.950	0.000	1.01832652
-2.150	0.950	0.000	1.01959836
-2.050	0.950	0.000	1.02045059
-1.950	0.950	0.000	1.02120531
-1.850	0.950	0.000	1.02181208
-1.750	0.950	0.000	1.02209818
-1.650	0.950	0.000	1.02218783
-1.550	0.950	0.000	1.02188516
-1.450	0.950	0.000	1.02153862
-1.350	0.950	0.000	1.02113008
-1.250	0.950	0.000	1.02077770
-1.150	0.950	0.000	1.02049887
-1.050	0.950	0.000	1.02037096
-0.950	0.950	0.000	1.02040350
-0.850	0.950	0.000	1.02051115
-0.750	0.950	0.000	1.02067268
-0.650	0.950	0.000	1.02051032
-0.550	0.950	0.000	1.01993883
-0.450	0.950	0.000	1.01891613
-0.350	0.950	0.000	1.01790929
-0.250	0.950	0.000	1.01694322
-0.150	0.950	0.000	1.01644087
-0.050	0.950	0.000	1.01641119
0.050	0.950	0.000	1.01675844
0.150	0.950	0.000	1.01731706
0.250	0.950	0.000	1.01790643
0.350	0.950	0.000	1.01847637
0.450	0.950	0.000	1.01906502
0.550	0.950	0.000	1.01969171
0.650	0.950	0.000	1.02027690
0.750	0.950	0.000	1.02079761
0.850	0.950	0.000	1.02131414
0.950	0.950	0.000	1.02170753
1.050	0.950	0.000	1.02206874
1.150	0.950	0.000	1.02251124
1.250	0.950	0.000	1.02298105
1.350	0.950	0.000	1.02327847
1.450	0.950	0.000	1.02331257
1.550	0.950	0.000	1.02314508
1.650	0.950	0.000	1.02263045
1.750	0.950	0.000	1.02181864
1.850	0.950	0.000	1.02093387
1.950	0.950	0.000	1.02000725
2.050	0.950	0.000	1.01931739
2.150	0.950	0.000	1.01868105
2.250	0.950	0.000	1.01829028
2.350	0.950	0.000	1.01791334
2.450	0.950	0.000	1.01800394
-2.450	1.050	0.000	1.01713312
-2.350	1.050	0.000	1.01788878
-2.250	1.050	0.000	1.01832378
-2.150	1.050	0.000	1.01946914
-2.050	1.050	0.000	1.02024150
-1.950	1.050	0.000	1.02091599
-1.850	1.050	0.000	1.02164316
-1.750	1.050	0.000	1.02207243
-1.650	1.050	0.000	1.02231157
-1.550	1.050	0.000	1.02216148
-1.450	1.050	0.000	1.02188683
-1.350	1.050	0.000	1.02152216
-1.250	1.050	0.000	1.02116704
-1.150	1.050	0.000	1.02083027
-1.050	1.050	0.000	1.02061594
-0.950	1.050	0.000	1.02057242
-0.850	1.050	0.000	1.02059817
-0.750	1.050	0.000	1.02067327
-0.650	1.050	0.000	1.02053380
-0.550	1.050	0.000	1.02004492
-0.450	1.050	0.000	1.01917267
-0.350	1.050	0.000	1.01820135
-0.250	1.050	0.000	1.01727641
-0.150	1.050	0.000	1.01674175
-0.050	1.050	0.000	1.01663399
0.050	1.050	0.000	1.01692414
0.150	1.050	0.000	1.01747167
0.250	1.050	0.000	1.01807415
0.350	1.050	0.000	1.01862657
0.450	1.050	0.000	1.01915181
0.550	1.050	0.000	1.01970088
0.650	1.050	0.000	1.02018821
0.750	1.050	0.000	1.02058101
0.850	1.050	0.000	1.02097821
0.950	1.050	0.000	1.02128303
1.050	1.050	0.000	1.02157867
1.150	1.050	0.000	1.02199125
1.250	1.050	0.000	1.02247918
1.350	1.050	0.000	1.02284110
1.450	1.050	0.000	1.02290785
1.550	1.050	0.000	1.02279758
1.650	1.050	0.000	1.02240717
1.750	1.050	0.000	1.02167881
1.850	1.050	0.000	1.02083611
1.950	1.050	0.000	1.01992929
2.050	1.050	0.000	1.01924551
2.150	1.050	0.000	1.01858163
2.250	1.050	0.000	1.01819360
2.350	1.050	0.000	1.01780963
2.450	1.050	0.000	1.01787865
-2.450	1.150	0.000	1.01690614
-2.350	1.150	0.000	1.01790488
-2.250	1.150	0.000	1.01832867
-2.150	1.150	0.000	1.01928663
-2.050	1.150	0.000	1.01993465
-1.950	1.150	0.000	1.02049458
-1.850	1.150	0.000	1.02130640
-1.750	1.150	0.000	1.02188241
-1.650	1.150	0.000	1.02227914
-1.550	1.150	0.000	1.02230334
-1.450	1.150	0.000	1.02212989
-1.350	1.150	0.000	1.02186191
-1.250	1.150	0.000	1.02155507
-1.150	1.150	0.000	1.02124369
-1.050	1.150	0.000	1.02100468
-0.950	1.150	0.000	1.02087140
-0.850	1.150	0.000	1.02080297
-0.750	1.150	0.000	1.02076364
-0.650	1.150	0.000	1.02058029
-0.550	1.150	0.000	1.02011716
-0.450	1.150	0.000	1.01935351
-0.350	1.150	0.000	1.01847899
-0.250	1.150	0.000	1.01759446
-0.150	1.150	0.000	1.01706374
-0.050	1.150	0.000	1.01692605
0.050	1.150	0.000	1.01719046
0.150	1.150	0.000	1.01772106
0.250	1.150	0.000	1.01832390
0.350	1.150	0.000	1.01886141
0.450	1.150	0.000	1.01936889
0.550	1.150	0.000	1.01990008
0.650	1.150	0.000	1.02036333
0.750	1.150	0.000	1.02068317
0.850	1.150	0.000	1.02097130
0.950	1.150	0.000	1.02116406
1.050	1.150	0.000	1.02132833
1.150	1.150	0.000	1.02163219
1.250	1.150	0.000	1.02204859
1.350	1.150	0.000	1.02238488
1.450	1.150	0.000	1.02246821
1.550	1.150	0.000	1.02236962
1.650	1.150	0.000	1.02206433
1.750	1.150	0.000	1.02146792
1.850	1.150	0.000	1.02080786
1.950	1.150	0.000	1.02000499
2.050	1.150	0.000	1.01930869
2.150	1.150	0.000	1.01861417
2.250	1.150	0.000	1.01819599
2.350	1.150	0.000	1.01779175
2.450	1.150	0.000	1.01784265
-2.450	1.250	0.000	1.01638186
-2.350	1.250	0.000	1.01774490
-2.250	1.250	0.000	1.01826501
-2.150	1.250	0.000	1.01901484
-2.050	1.250	0.000	1.01955688
-1.950	1.250	0.000	1.01999915
-1.850	1.250	0.000	1.02084887
-1.750	1.250	0.000	1.02154148
-1.650	1.250	0.000	1.02208793
-1.550	1.250	0.000	1.02229989
-1.450	1.250	0.000	1.02229297
-1.350	1.250	0.000	1.02214646
-1.250	1.250	0.000	1.02193868
-1.150	1.250	0.000	1.02172291
-1.050	1.250	0.000	1.02148914
-0.950	1.250	0.000	1.02130222
-0.850	1.250	0.000	1.02114654
-0.750	1.250	0.000	1.02101517
-0.650	1.250	0.000	1.02076316
-0.550	1.250	0.000	1.02028668
-0.450	1.250	0.000	1.01957214
-0.350	1.250	0.000	1.01874256
-0.250	1.250	0.000	1.01792705
-0.150	1.250	0.000	1.01740420
-0.050	1.250	0.000	1.01722550
0.050	1.250	0.000	1.01745915
0.150	1.250	0.000	1.01801956
0.250	1.250	0.000	1.01868260
0.350	1.250	0.000	1.01925004
0.450	1.250	0.000	1.01975441
0.550	1.250	0.000	1.02022088
0.650	1.250	0.000	1.02060437
0.750	1.250	0.000	1.02082622
0.850	1.250	0.000	1.02101457
0.950	1.250	0.000	1.02112031
1.050	1.250	0.000	1.02115142
1.150	1.250	0.000	1.02133143
1.250	1.250	0.000	1.02170169
1.350	1.250	0.000	1.02204251
1.450	1.250	0.000	1.02219737
1.550	1.250	0.000	1.02215266
1.650	1.250	0.000	1.02192616
1.750	1.250	0.000	1.02135253
1.850	1.250	0.000	1.02069008
1.950	1.250	0.000	1.01994276
2.050	1.250	0.000	1.01932287
2.150	1.250	0.000	1.01864779
2.250	1.250	0.000	1.01824343
2.350	1.250	0.000	1.01786172
2.450	1.250	0.000	1.01784909
-2.450	1.350	0.000	1.01562715
-2.350	1.350	0.000	1.01735294
-2.250	1.350	0.000	1.01821065
-2.150	1.350	0.000	1.01878345
-2.050	1.350	0.000	1.01922750
-1.950	1.350	0.000	1.01950383
-1.850	1.350	0.000	1.02029800
-1.750	1.350	0.000	1.02108204
-1.650	1.350	0.000	1.02178490
-1.550	1.350	0.000	1.02220607
-1.450	1.350	0.000	1.02237248
-1.350	1.350	0.000	1.02236116
-1.250	1.350	0.000	1.02227688
-1.150	1.350	0.000	1.02211416
-1.050	1.350	0.000	1.02197504
-0.950	1.350	0.000	1.02182317
-0.850	1.350	0.000	1.02163434
-0.750	1.350	0.000	1.02142441
-0.650	1.350	0.000	1.02107179
-0.550	1.350	0.000	1.02056897
-0.450	1.350	0.000	1.01990259
-0.350	1.350	0.000	1.01912200
-0.250	1.350	0.000	1.01833487
-0.150	1.350	0.000	1.01777458
-0.050	1.350	0.000	1.01754320
0.050	1.350	0.000	1.01774263
0.150	1.350	0.000	1.01830280
0.250	1.350	0.000	1.01898730
0.350	1.350	0.000	1.01960015
0.450	1.350	0.000	1.02017224
0.550	1.350	0.000	1.02069271
0.650	1.350	0.000	1.02111495
0.750	1.350	0.000	1.02132964
0.850	1.350	0.000	1.02141333
0.950	1.350	0.000	1.02139413
1.050	1.350	0.000	1.02124822
1.150	1.350	0.000	1.02128649
1.250	1.350	0.000	1.02159476
1.350	1.350	0.000	1.02192867
1.450	1.350	0.000	1.02213466
1.550	1.350	0.000	1.02210438
1.650	1.350	0.000	1.02194798
1.750	1.350	0.000	1.02143955
1.850	1.350	0.000	1.02078831
1.950	1.350	0.000	1.01997364
2.050	1.350	0.000	1.01927674
2.150	1.350	0.000	1.01856470
2.250	1.350	0.000	1.01821327
2.350	1.350	0.000	1.01785135
2.450	1.350	0.000	1.01790249
-2.450	1.450	0.000	1.01494813
-2.350	1.450	0.000	1.01693892
-2.250	1.450	0.000	1.01816535
-2.150	1.450	0.000	1.01864266
-2.050	1.450	0.000	1.01904047
-1.950	1.450	0.000	1.01917052
-1.850	1.450	0.000	1.01984191
-1.750	1.450	0.000	1.02065957
-1.650	1.450	0.000	1.02148974
-1.550	1.450	0.000	1.02212024
-1.450	1.450	0.000	1.02249503
-1.350	1.450	0.000	1.02266037
-1.250	1.450	0.000	1.02258623
-1.150	1.450	0.000	1.02243710
-1.050	1.450	0.000	1.02232373
-0.950	1.450	0.000	1.02221906
-0.850	1.450	0.000	1.02207279
-0.750	1.450	0.000	1.02184689
-0.650	1.450	0.000	1.02144229
-0.550	1.450	0.000	1.02092338
-0.450	1.450	0.000	1.02029443
-0.350	1.450	0.000	1.01958036
-0.250	1.450	0.000	1.01887560
-0.150	1.450	0.000	1.01835954
-0.050	1.450	0.000	1.01808417
0.050	1.450	0.000	1.01822996
0.150	1.450	0.000	1.01876843
0.250	1.450	0.000	1.01948166
0.350	1.450	0.000	1.02014005
0.450	1.450	0.000	1.02074528
0.550	1.450	0.000	1.02126551
0.650	1.450	0.000	1.02167392
0.750	1.450	0.000	1.02184868
0.850	1.450	0.000	1.02187109
0.950	1.450	0.000	1.02174652
1.050	1.450	0.000	1.02149796
1.150	1.450	0.000	1.02144229
1.250	1.450	0.000	1.02174330
1.350	1.450	0.000	1.02212572
1.450	1.450	0.000	1.02242613
1.550	1.450	0.000	1.02243018
1.650	1.450	0.000	1.02224755
1.750	1.450	0.000	1.02164948
1.850	1.450	0.000	1.02091765
1.950	1.450	0.000	1.02009892
2.050	1.450	0.000	1.01943159
2.150	1.450	0.000	1.01868224
2.250	1.450	0.000	1.01824307
2.350	1.450	0.000	1.01781559
2.450	1.450	0.000	1.01790035
-2.450	1.550	0.000	1.01436782
-2.350	1.550	0.000	1.01654220
-2.250	1.550	0.000	1.01818585
-2.150	1.550	0.000	1.01864517
-2.050	1.550	0.000	1.01901460
-1.950	1.550	0.000	1.01905787
-1.850	1.550	0.000	1.01958299
-1.750	1.550	0.000	1.02036488
-1.650	1.550	0.000	1.02124476
-1.550	1.550	0.000	1.02204466
-1.450	1.550	0.000	1.02258325
-1.350	1.550	0.000	1.02294385
-1.250	1.550	0.000	1.02292478
-1.150	1.550	0.000	1.02280867
-1.050	1.550	0.000	1.02269900
-0.950	1.550	0.000	1.02258992
-0.850	1.550	0.000	1.02242768
-0.750	1.550	0.000	1.02215815
-0.650	1.550	0.000	1.02174246
-0.550	1.550	0.000	1.02125621
-0.450	1.550	0.000	1.02070570
-0.350	1.550	0.000	1.02007365
-0.250	1.550	0.000	1.01948214
-0.150	1.550	0.000	1.01902795
-0.050	1.550	0.000	1.01879597
0.050	1.550	0.000	1.01893151
0.150	1.550	0.000	1.01940143
0.250	1.550	0.000	1.02002585
0.350	1.550	0.000	1.02061772
0.450	1.550	0.000	1.02120900
0.550	1.550	0.000	1.02175844
0.650	1.550	0.000	1.02222109
0.750	1.550	0.000	1.02246141
0.850	1.550	0.000	1.02248633
0.950	1.550	0.000	1.02235091
1.050	1.550	0.000	1.02210975
1.150	1.550	0.000	1.02199447
1.250	1.550	0.000	1.02219594
1.350	1.550	0.000	1.02251685
1.450	1.550	0.000	1.02277195
1.550	1.550	0.000	1.02277935
1.650	1.550	0.000	1.02260482
1.750	1.550	0.000	1.02200055
1.850	1.550	0.000	1.02122259
1.950	1.550	0.000	1.02032197
2.050	1.550	0.000	1.01961207
2.150	1.550	0.000	1.01887977
2.250	1.550	0.000	1.01851153
2.350	1.550	0.000	1.01811123
2.450	1.550	0.000	1.01823616
-2.450	1.650	0.000	1.01409912
-2.350	1.650	0.000	1.01626742
-2.250	1.650	0.000	1.01833165
-2.150	1.650	0.000	1.01885450
-2.050	1.650	0.000	1.01924801
-1.950	1.650	0.000	1.01924515
-1.850	1.650	0.000	1.01962352
-1.750	1.650	0.000	1.02030277
-1.650	1.650	0.000	1.02117944
-1.550	1.650	0.000	1.02203703
-1.450	1.650	0.000	1.02265716
-1.350	1.650	0.000	1.02305675
-1.250	1.650	0.000	1.02314115
-1.150	1.650	0.000	1.02309859
-1.050	1.650	0.000	1.02306819
-0.950	1.650	0.000	1.02300060
-0.850	1.650	0.000	1.02286470
-0.750	1.650	0.000	1.02259839
-0.650	1.650	0.000	1.02215397
-0.550	1.650	0.000	1.02165186
-0.450	1.650	0.000	1.02114010
-0.350	1.650	0.000	1.02061081
-0.250	1.650	0.000	1.02019238
-0.150	1.650	0.000	1.01984656
-0.050	1.650	0.000	1.01970994
0.050	1.650	0.000	1.01987481
0.150	1.650	0.000	1.02032101
0.250	1.650	0.000	1.02092838
0.350	1.650	0.000	1.02150095
0.450	1.650	0.000	1.02204072
0.550	1.650	0.000	1.02250981
0.650	1.650	0.000	1.02287006
0.750	1.650	0.000	1.02303767
0.850	1.650	0.000	1.02304494
0.950	1.650	0.000	1.02291715
1.050	1.650	0.000	1.02269578
1.150	1.650	0.000	1.02263105
1.250	1.650	0.000	1.02287185
1.350	1.650	0.000	1.02321196
1.450	1.650	0.000	1.02339709
1.550	1.650	0.000	1.02332616
1.650	1.650	0.000	1.02299666
1.750	1.650	0.000	1.02224314
1.850	1.650	0.000	1.02139044
1.950	1.650	0.000	1.02050495
2.050	1.650	0.000	1.01981950
2.150	1.650	0.000	1.01909888
2.250	1.650	0.000	1.01876187
2.350	1.650	0.000	1.01841450
2.450	1.650	0.000	1.01854193
-2.450	1.750	0.000	1.01413548
-2.350	1.750	0.000	1.01605833
-2.250	1.750	0.000	1.01845479
-2.150	1.750	0.000	1.01916277
-2.050	1.750	0.000	1.01973295
-1.950	1.750	0.000	1.01982284
-1.850	1.750	0.000	1.02003515
-1.750	1.750	0.000	1.02053356
-1.650	1.750	0.000	1.02121544
-1.550	1.750	0.000	1.02192831
-1.450	1.750	0.000	1.02254212
-1.350	1.750	0.000	1.02295732
-1.250	1.750	0.000	1.02320468
-1.150	1.750	0.000	1.02330923
-1.050	1.750	0.000	1.02344370
-0.950	1.750	0.000	1.02349198
-0.850	1.750	0.000	1.02337015
-0.750	1.750	0.000	1.02307987
-0.650	1.750	0.000	1.02262092
-0.550	1.750	0.000	1.02211368
-0.450	1.750	0.000	1.02161455
-0.350	1.750	0.000	1.02120602
-0.250	1.750	0.000	1.02094817
-0.150	1.750	0.000	1.02076137
-0.050	1.750	0.000	1.02077150
0.050	1.750	0.000	1.02100444
0.150	1.750	0.000	1.02144623
0.250	1.750	0.000	1.02202988
0.350	1.750	0.000	1.02258396
0.450	1.750	0.000	1.02309811
0.550	1.750	0.000	1.02353644
0.650	1.750	0.000	1.02386332
0.750	1.750	0.000	1.02400637
0.850	1.750	0.000	1.02402639
0.950	1.750	0.000	1.02393413
1.050	1.750	0.000	1.02374971
1.150	1.750	0.000	1.02366853
1.250	1.750	0.000	1.02382684
1.350	1.750	0.000	1.02401900
1.450	1.750	0.000	1.02398336
1.550	1.750	0.000	1.02379990
1.650	1.750	0.000	1.02342820
1.750	1.750	0.000	1.02273297
1.850	1.750	0.000	1.02193582
1.950	1.750	0.000	1.02105355
2.050	1.750	0.000	1.02037060
2.150	1.750	0.000	1.01966846
2.250	1.750	0.000	1.01928365
2.350	1.750	0.000	1.01889122
2.450	1.750	0.000	1.01898611
-2.450	1.850	0.000	1.01443195
-2.350	1.850	0.000	1.01590478
-2.250	1.850	0.000	1.01847064
-2.150	1.850	0.000	1.01952732
-2.050	1.850	0.000	1.02038527
-1.950	1.850	0.000	1.02069819
-1.850	1.850	0.000	1.02093756
-1.750	1.850	0.000	1.02124584
-1.650	1.850	0.000	1.02163768
-1.550	1.850	0.000	1.02212191
-1.450	1.850	0.000	1.02263606
-1.350	1.850	0.000	1.02307248
-1.250	1.850	0.000	1.02343082
-1.150	1.850	0.000	1.02374041
-1.050	1.850	0.000	1.02407527
-0.950	1.850	0.000	1.02429593
-0.850	1.850	0.000	1.02422845
-0.750	1.850	0.000	1.02394009
-0.650	1.850	0.000	1.02344716
-0.550	1.850	0.000	1.02291942
-0.450	1.850	0.000	1.02241743
-0.350	1.850	0.000	1.02198696
-0.250	1.850	0.000	1.02178955
-0.150	1.850	0.000	1.02170181
-0.050	1.850	0.000	1.02180946
0.050	1.850	0.000	1.02212608
0.150	1.850	0.000	1.02260935
0.250	1.850	0.000	1.02321720
0.350	1.850	0.000	1.02380311
0.450	1.850	0.000	1.02432108
0.550	1.850	0.000	1.02475119
0.650	1.850	0.000	1.02505493
0.750	1.850	0.000	1.02516079
0.850	1.850	0.000	1.02514231
0.950	1.850	0.000	1.02498782
1.050	1.850	0.000	1.02474070
1.150	1.850	0.000	1.02462792
1.250	1.850	0.000	1.02474201
1.350	1.850	0.000	1.02486742
1.450	1.850	0.000	1.02470958
1.550	1.850	0.000	1.02437520
1.650	1.850	0.000	1.02384043
1.750	1.850	0.000	1.02304292
1.850	1.850	0.000	1.02223110
1.950	1.850	0.000	1.02138019
2.050	1.850	0.000	1.02073777
2.150	1.850	0.000	1.02006209
2.250	1.850	0.000	1.01969492
2.350	1.850	0.000	1.01934671
2.450	1.850	0.000	1.01940680
-2.450	1.950	0.000	1.01480711
-2.350	1.950	0.000	1.01543510
-2.250	1.950	0.000	1.01783025
-2.150	1.950	0.000	1.01915443
-2.050	1.950	0.000	1.02049446
-1.950	1.950	0.000	1.02137423
-1.850	1.950	0.000	1.02185655
-1.750	1.950	0.000	1.02212179
-1.650	1.950	0.000	1.02225471
-1.550	1.950	0.000	1.02245617
-1.450	1.950	0.000	1.02277410
-1.350	1.950	0.000	1.02318287
-1.250	1.950	0.000	1.02367783
-1.150	1.950	0.000	1.02424514
-1.050	1.950	0.000	1.02488136
-0.950	1.950	0.000	1.02538204
-0.850	1.950	0.000	1.02555001
-0.750	1.950	0.000	1.02542555
-0.650	1.950	0.000	1.02495825
-0.550	1.950	0.000	1.02436781
-0.450	1.950	0.000	1.02379334
-0.350	1.950	0.000	1.02327669
-0.250	1.950	0.000	1.02300906
-0.150	1.950	0.000	1.02289367
-0.050	1.950	0.000	1.02297091
0.050	1.950	0.000	1.02325726
0.150	1.950	0.000	1.02369261
0.250	1.950	0.000	1.02423835
0.350	1.950	0.000	1.02480245
0.450	1.950	0.000	1.02536106
0.550	1.950	0.000	1.02584255
0.650	1.950	0.000	1.02621043
0.750	1.950	0.000	1.02639008
0.850	1.950	0.000	1.02644706
0.950	1.950	0.000	1.02637589
1.050	1.950	0.000	1.02617502
1.150	1.950	0.000	1.02605689
1.250	1.950	0.000	1.02613986
1.350	1.950	0.000	1.02621925
1.450	1.950	0.000	1.02605331
1.550	1.950	0.000	1.02569163
1.650	1.950	0.000	1.02511489
1.750	1.950	0.000	1.02421689
1.850	1.950	0.000	1.02325237
1.950	1.950	0.000	1.02224183
2.050	1.950	0.000	1.02152622
2.150	1.950	0.000	1.02082503
2.250	1.950	0.000	1.02043211
2.350	1.950	0.000	1.02005816
2.450	1.950	0.000	1.02003467
-2.450	2.050	0.000	1.01544797
-2.350	2.050	0.000	1.01504958
-2.250	2.050	0.000	1.01672781
-2.150	2.050	0.000	1.01816690
-2.050	2.050	0.000	1.01995933
-1.950	2.050	0.000	1.02146780
-1.850	2.050	0.000	1.02250028
-1.750	2.050	0.000	1.02303779
-1.650	2.050	0.000	1.02319682
-1.550	2.050	0.000	1.02324522
-1.450	2.050	0.000	1.02345049
-1.350	2.050	0.000	1.02376056
-1.250	2.050	0.000	1.02416420
-1.150	2.050	0.000	1.02471077
-1.050	2.050	0.000	1.02538419
-0.950	2.050	0.000	1.02598643
-0.850	2.050	0.000	1.02628756
-0.750	2.050	0.000	1.02628064
-0.650	2.050	0.000	1.02593112
-0.550	2.050	0.000	1.02540636
-0.450	2.050	0.000	1.02485979
-0.350	2.050	0.000	1.02433610
-0.250	2.050	0.000	1.02398503
-0.150	2.050	0.000	1.02380180
-0.050	2.050	0.000	1.02380335
0.050	2.050	0.000	1.02404475
0.150	2.050	0.000	1.02446675
0.250	2.050	0.000	1.02495778
0.350	2.050	0.000	1.02541828
0.450	2.050	0.000	1.02584195
0.550	2.050	0.000	1.02619326
0.650	2.050	0.000	1.02648711
0.750	2.050	0.000	1.02667630
0.850	2.050	0.000	1.02682292
0.950	2.050	0.000	1.02688837
1.050	2.050	0.000	1.02688825
1.150	2.050	0.000	1.02693510
1.250	2.050	0.000	1.02706814
1.350	2.050	0.000	1.02716553
1.450	2.050	0.000	1.02700686
1.550	2.050	0.000	1.02664125
1.650	2.050	0.000	1.02606535
1.750	2.050	0.000	1.02517319
1.850	2.050	0.000	1.02418745
1.950	2.050	0.000	1.02308702
2.050	2.050	0.000	1.02229786
2.150	2.050	0.000	1.02156854
2.250	2.050	0.000	1.02113163
2.350	2.050	0.000	1.02072597
2.450	2.050	0.000	1.02063763
-2.450	2.150	0.000	1.01681840
-2.350	2.150	0.000	1.01520681
-2.250	2.150	0.000	1.01572752
-2.150	2.150	0.000	1.01682615
-2.050	2.150	0.000	1.01870418
-1.950	2.150	0.000	1.02066267
-1.850	2.150	0.000	1.02220666
-1.750	2.150	0.000	1.02314925
-1.650	2.150	0.000	1.02359641
-1.550	2.150	0.000	1.02375162
-1.450	2.150	0.000	1.02387869
-1.350	2.150	0.000	1.02417970
-1.250	2.150	0.000	1.02454364
-1.150	2.150	0.000	1.02502549
-1.050	2.150	0.000	1.02563965
-0.950	2.150	0.000	1.02623093
-0.850	2.150	0.000	1.02658224
-0.750	2.150	0.000	1.02663946
-0.650	2.150	0.000	1.02639067
-0.550	2.150	0.000	1.02595913
-0.450	2.150	0.000	1.02549148
-0.350	2.150	0.000	1.02499413
-0.250	2.150	0.000	1.02457225
-0.150	2.150	0.000	1.02426755
-0.050	2.150	0.000	1.02412534
0.050	2.150	0.000	1.02427495
0.150	2.150	0.000	1.02465653
0.250	2.150	0.000	1.02515483
0.350	2.150	0.000	1.02562249
0.450	2.150	0.000	1.02604485
0.550	2.150	0.000	1.02638757
0.650	2.150	0.000	1.02668905
0.750	2.150	0.000	1.02696931
0.850	2.150	0.000	1.02725470
0.950	2.150	0.000	1.02750480
1.050	2.150	0.000	1.02762091
1.150	2.150	0.000	1.02768564
1.250	2.150	0.000	1.02777243
1.350	2.150	0.000	1.02784073
1.450	2.150	0.000	1.02775168
1.550	2.150	0.000	1.02746034
1.650	2.150	0.000	1.02694345
1.750	2.150	0.000	1.02608967
1.850	2.150	0.000	1.02507937
1.950	2.150	0.000	1.02389300
2.050	2.150	0.000	1.02300215
2.150	2.150	0.000	1.02223468
2.250	2.150	0.000	1.02181304
2.350	2.150	0.000	1.02140427
2.450	2.150	0.000	1.02130330
-2.450	2.250	0.000	1.01931047
-2.350	2.250	0.000	1.01679409
-2.250	2.250	0.000	1.01572657
-2.150	2.250	0.000	1.01620936
-2.050	2.250	0.000	1.01775289
-1.950	2.250	0.000	1.01992762
-1.850	2.250	0.000	1.02192593
-1.750	2.250	0.000	1.02341926
-1.650	2.250	0.000	1.02421927
-1.550	2.250	0.000	1.02444124
-1.450	2.250	0.000	1.02430022
-1.350	2.250	0.000	1.02414715
-1.250	2.250	0.000	1.02422786
-1.150	2.250	0.000	1.02451777
-1.050	2.250	0.000	1.02507734
-0.950	2.250	0.000	1.02569103
-0.850	2.250	0.000	1.02605474
-0.750	2.250	0.000	1.02618814
-0.650	2.250	0.000	1.02604389
-0.550	2.250	0.000	1.02572834
-0.450	2.250	0.000	1.02539170
-0.350	2.250	0.000	1.02500796
-0.250	2.250	0.000	1.02464116
-0.150	2.250	0.000	1.02431393
-0.050	2.250	0.000	1.02411294
0.050	2.250	0.000	1.02417493
0.150	2.250	0.000	1.02446127
0.250	2.250	0.000	1.02486980
0.350	2.250	0.000	1.02526140
0.450	2.250	0.000	1.02562523
0.550	2.250	0.000	1.02592981
0.650	2.250	0.000	1.02623403
0.750	2.250	0.000	1.02660346
0.850	2.250	0.000	1.02703261
0.950	2.250	0.000	1.02741802
1.050	2.250	0.000	1.02763760
1.150	2.250	0.000	1.02776158
1.250	2.250	0.000	1.02782464
1.350	2.250	0.000	1.02776027
1.450	2.250	0.000	1.02759659
1.550	2.250	0.000	1.02731431
1.650	2.250	0.000	1.02686334
1.750	2.250	0.000	1.02616429
1.850	2.250	0.000	1.02528441
1.950	2.250	0.000	1.02420187
2.050	2.250	0.000	1.02333629
2.150	2.250	0.000	1.02257705
2.250	2.250	0.000	1.02216363
2.350	2.250	0.000	1.02177525
2.450	2.250	0.000	1.02172363
-2.450	2.350	0.000	1.02243376
-2.350	2.350	0.000	1.01950073
-2.250	2.350	0.000	1.01701307
-2.150	2.350	0.000	1.01590776
-2.050	2.350	0.000	1.01606894
-1.950	2.350	0.000	1.01723516
-1.850	2.350	0.000	1.01902187
-1.750	2.350	0.000	1.02094662
-1.650	2.350	0.000	1.02244842
-1.550	2.350	0.000	1.02335954
-1.450	2.350	0.000	1.02378023
-1.350	2.350	0.000	1.02396643
-1.250	2.350	0.000	1.02415097
-1.150	2.350	0.000	1.02435851
-1.050	2.350	0.000	1.02477849
-0.950	2.350	0.000	1.02528179
-0.850	2.350	0.000	1.02554941
-0.750	2.350	0.000	1.02567697
-0.650	2.350	0.000	1.02559614
-0.550	2.350	0.000	1.02539730
-0.450	2.350	0.000	1.02518702
-0.350	2.350	0.000	1.02491188
-0.250	2.350	0.000	1.02460420
-0.150	2.350	0.000	1.02427518
-0.050	2.350	0.000	1.02405310
0.050	2.350	0.000	1.02407384
0.150	2.350	0.000	1.02434373
0.250	2.350	0.000	1.02476811
0.350	2.350	0.000	1.02516890
0.450	2.350	0.000	1.02553880
0.550	2.350	0.000	1.02580571
0.650	2.350	0.000	1.02603531
0.750	2.350	0.000	1.02634656
0.850	2.350	0.000	1.02674496
0.950	2.350	0.000	1.02715814
1.050	2.350	0.000	1.02744102
1.150	2.350	0.000	1.02762663
1.250	2.350	0.000	1.02767074
1.350	2.350	0.000	1.02758467
1.450	2.350	0.000	1.02743924
1.550	2.350	0.000	1.02715814
1.650	2.350	0.000	1.02671039
1.750	2.350	0.000	1.02603781
1.850	2.350	0.000	1.02523315
1.950	2.350	0.000	1.02427518
2.050	2.350	0.000	1.02350795
2.150	2.350	0.000	1.02284205
2.250	2.350	0.000	1.02250600
2.350	2.350	0.000	1.02215493
2.450	2.350	0.000	1.02206838
-2.450	2.450	0.000	1.02581692
-2.350	2.450	0.000	1.02351320
-2.250	2.450	0.000	1.02078140
-2.150	2.450	0.000	1.01856136
-2.050	2.450	0.000	1.01722622
-1.950	2.450	0.000	1.01698649
-1.850	2.450	0.000	1.01753974
-1.750	2.450	0.000	1.01867294
-1.650	2.450	0.000	1.01991892
-1.550	2.450	0.000	1.02107060
-1.450	2.450	0.000	1.02204442
-1.350	2.450	0.000	1.02289522
-1.250	2.450	0.000	1.02370596
-1.150	2.450	0.000	1.02434194
-1.050	2.450	0.000	1.02502453
-0.950	2.450	0.000	1.02563155
-0.850	2.450	0.000	1.02586174
-0.750	2.450	0.000	1.02589417
-0.650	2.450	0.000	1.02573311
-0.550	2.450	0.000	1.02551162
-0.450	2.450	0.000	1.02530217
-0.350	2.450	0.000	1.02508116
-0.250	2.450	0.000	1.02479494
-0.150	2.450	0.000	1.02445555
-0.050	2.450	0.000	1.02414513
0.050	2.450	0.000	1.02399516
0.150	2.450	0.000	1.02409756
0.250	2.450	0.000	1.02440023
0.350	2.450	0.000	1.02478206
0.450	2.450	0.000	1.02515912
0.550	2.450	0.000	1.02547348
0.650	2.450	0.000	1.02578068
0.750	2.450	0.000	1.02617180
0.850	2.450	0.000	1.02660310
0.950	2.450	0.000	1.02703810
1.050	2.450	0.000	1.02732706
1.150	2.450	0.000	1.02747715
1.250	2.450	0.000	1.02747095
1.350	2.450	0.000	1.02740407
1.450	2.450	0.000	1.02728462
1.550	2.450	0.000	1.02705300
1.650	2.450	0.000	1.02665794
1.750	2.450	0.000	1.02602684
1.850	2.450	0.000	1.02524269
1.950	2.450	0.000	1.02433419
2.050	2.450	0.000	1.02360547
2.150	2.450	0.000	1.02299619
2.250	2.450	0.000	1.02275264
2.350	2.450	0.000	1.02253544
2.450	2.450	0.000	1.02247071
