-2.450	-2.450	0.000	1.01525033
-2.350	-2.450	0.000	1.01502383
-2.250	-2.450	0.000	1.01658189
-2.150	-2.450	0.000	1.01586282
-2.050	-2.450	0.000	1.01714277
-1.950	-2.450	0.000	1.01623118
-1.850	-2.450	0.000	1.01580882
-1.750	-2.450	0.000	1.01546693
-1.650	-2.450	0.000	1.01591885
-1.550	-2.450	0.000	1.01598036
-1.450	-2.450	0.000	1.01616693
-1.350	-2.450	0.000	1.01634109
-1.250	-2.450	0.000	1.01656103
-1.150	-2.450	0.000	1.01715100
-1.050	-2.450	0.000	1.01791728
-0.950	-2.450	0.000	1.01864660
-0.850	-2.450	0.000	1.01891851
-0.750	-2.450	0.000	1.01922357
-0.650	-2.450	0.000	1.01961172
-0.550	-2.450	0.000	1.01956475
-0.450	-2.450	0.000	1.01911247
-0.350	-2.450	0.000	1.01869404
-0.250	-2.450	0.000	1.01838386
-0.150	-2.450	0.000	1.01798737
-0.050	-2.450	0.000	1.01748872
0.050	-2.450	0.000	1.01675081
0.150	-2.450	0.000	1.01579118
0.250	-2.450	0.000	1.01499009
0.350	-2.450	0.000	1.01452804
0.450	-2.450	0.000	1.01436985
0.550	-2.450	0.000	1.01423621
0.650	-2.450	0.000	1.01393926
0.750	-2.450	0.000	1.01342559
0.850	-2.450	0.000	1.01275086
0.950	-2.450	0.000	1.01205587
1.050	-2.450	0.000	1.01159155
1.150	-2.450	0.000	1.01138723
1.250	-2.450	0.000	1.01131499
1.350	-2.450	0.000	1.01157320
1.450	-2.450	0.000	1.01228940
1.550	-2.450	0.000	1.01338243
1.650	-2.450	0.000	1.01520300
1.750	-2.450	0.000	1.01703429
1.850	-2.450	0.000	1.02004707
1.950	-2.450	0.000	1.02253222
2.050	-2.450	0.000	1.02503490
2.150	-2.450	0.000	1.02673268
2.250	-2.450	0.000	1.02654290
2.350	-2.450	0.000	1.02529216
2.450	-2.450	0.000	1.02653253
-2.450	-2.350	0.000	1.01500618
-2.350	-2.350	0.000	1.01406336
-2.250	-2.350	0.000	1.01591170
-2.150	-2.350	0.000	1.01494133
-2.050	-2.350	0.000	1.01627779
-1.950	-2.350	0.000	1.01566958
-1.850	-2.350	0.000	1.01545954
-1.750	-2.350	0.000	1.01507103
-1.650	-2.350	0.000	1.01560819
-1.550	-2.350	0.000	1.01579249
-1.450	-2.350	0.000	1.01590860
-1.350	-2.350	0.000	1.01616716
-1.250	-2.350	0.000	1.01647568
-1.150	-2.350	0.000	1.01710069
-1.050	-2.350	0.000	1.01784170
-0.950	-2.350	0.000	1.01859224
-0.850	-2.350	0.000	1.01893210
-0.750	-2.350	0.000	1.01915693
-0.650	-2.350	0.000	1.01957190
-0.550	-2.350	0.000	1.01980722
-0.450	-2.350	0.000	1.01946807
-0.350	-2.350	0.000	1.01905942
-0.250	-2.350	0.000	1.01879036
-0.150	-2.350	0.000	1.01841450
-0.050	-2.350	0.000	1.01788878
0.050	-2.350	0.000	1.01713705
0.150	-2.350	0.000	1.01600611
0.250	-2.350	0.000	1.01494288
0.350	-2.350	0.000	1.01431465
0.450	-2.350	0.000	1.01404965
0.550	-2.350	0.000	1.01385796
0.650	-2.350	0.000	1.01351953
0.750	-2.350	0.000	1.01299942
0.850	-2.350	0.000	1.01225340
0.950	-2.350	0.000	1.01139271
1.050	-2.350	0.000	1.01072061
1.150	-2.350	0.000	1.01046383
1.250	-2.350	0.000	1.01048255
1.350	-2.350	0.000	1.01091456
1.450	-2.350	0.000	1.01201558
1.550	-2.350	0.000	1.01370633
1.650	-2.350	0.000	1.01626265
1.750	-2.350	0.000	1.01907575
1.850	-2.350	0.000	1.02270007
1.950	-2.350	0.000	1.02571499
2.050	-2.350	0.000	1.02800786
2.150	-2.350	0.000	1.02821839
2.250	-2.350	0.000	1.02766252
2.350	-2.350	0.000	1.02621198
2.450	-2.350	0.000	1.02624226
-2.450	-2.250	0.000	1.01466894
-2.350	-2.250	0.000	1.01381004
-2.250	-2.250	0.000	1.01581466
-2.150	-2.250	0.000	1.01496148
-2.050	-2.250	0.000	1.01609719
-1.950	-2.250	0.000	1.01548326
-1.850	-2.250	0.000	1.01528656
-1.750	-2.250	0.000	1.01494002
-1.650	-2.250	0.000	1.01545453
-1.550	-2.250	0.000	1.01585507
-1.450	-2.250	0.000	1.01596570
-1.350	-2.250	0.000	1.01617944
-1.250	-2.250	0.000	1.01651251
-1.150	-2.250	0.000	1.01715326
-1.050	-2.250	0.000	1.01784015
-0.950	-2.250	0.000	1.01852894
-0.850	-2.250	0.000	1.01890123
-0.750	-2.250	0.000	1.01919758
-0.650	-2.250	0.000	1.01947141
-0.550	-2.250	0.000	1.01977491
-0.450	-2.250	0.000	1.01952946
-0.350	-2.250	0.000	1.01921725
-0.250	-2.250	0.000	1.01900542
-0.150	-2.250	0.000	1.01868773
-0.050	-2.250	0.000	1.01818001
0.050	-2.250	0.000	1.01745939
0.150	-2.250	0.000	1.01637924
0.250	-2.250	0.000	1.01528752
0.350	-2.250	0.000	1.01451015
0.450	-2.250	0.000	1.01413095
0.550	-2.250	0.000	1.01386642
0.650	-2.250	0.000	1.01352739
0.750	-2.250	0.000	1.01307511
0.850	-2.250	0.000	1.01240206
0.950	-2.250	0.000	1.01161623
1.050	-2.250	0.000	1.01090205
1.150	-2.250	0.000	1.01055288
1.250	-2.250	0.000	1.01052165
1.350	-2.250	0.000	1.01092005
1.450	-2.250	0.000	1.01195383
1.550	-2.250	0.000	1.01360357
1.650	-2.250	0.000	1.01629400
1.750	-2.250	0.000	1.01931643
1.850	-2.250	0.000	1.02298760
1.950	-2.250	0.000	1.02621341
2.050	-2.250	0.000	1.02857125
2.150	-2.250	0.000	1.02860928
2.250	-2.250	0.000	1.02756011
2.350	-2.250	0.000	1.02612829
2.450	-2.250	0.000	1.02589440
-2.450	-2.150	0.000	1.01432705
-2.350	-2.150	0.000	1.01336873
-2.250	-2.150	0.000	1.01546121
-2.150	-2.150	0.000	1.01462471
-2.050	-2.150	0.000	1.01566434
-1.950	-2.150	0.000	1.01522529
-1.850	-2.150	0.000	1.01502597
-1.750	-2.150	0.000	1.01468766
-1.650	-2.150	0.000	1.01516974
-1.550	-2.150	0.000	1.01571155
-1.450	-2.150	0.000	1.01587009
-1.350	-2.150	0.000	1.01605463
-1.250	-2.150	0.000	1.01633358
-1.150	-2.150	0.000	1.01700783
-1.050	-2.150	0.000	1.01766789
-0.950	-2.150	0.000	1.01834774
-0.850	-2.150	0.000	1.01872182
-0.750	-2.150	0.000	1.01909304
-0.650	-2.150	0.000	1.01937640
-0.550	-2.150	0.000	1.01977551
-0.450	-2.150	0.000	1.01963520
-0.350	-2.150	0.000	1.01941979
-0.250	-2.150	0.000	1.01929724
-0.150	-2.150	0.000	1.01900566
-0.050	-2.150	0.000	1.01846683
0.050	-2.150	0.000	1.01772118
0.150	-2.150	0.000	1.01660895
0.250	-2.150	0.000	1.01546216
0.350	-2.150	0.000	1.01453078
0.450	-2.150	0.000	1.01392376
0.550	-2.150	0.000	1.01351762
0.650	-2.150	0.000	1.01312876
0.750	-2.150	0.000	1.01277590
0.850	-2.150	0.000	1.01228786
0.950	-2.150	0.000	1.01166725
1.050	-2.150	0.000	1.01112580
1.150	-2.150	0.000	1.01092350
1.250	-2.150	0.000	1.01094830
1.350	-2.150	0.000	1.01132667
1.450	-2.150	0.000	1.01226652
1.550	-2.150	0.000	1.01378787
1.650	-2.150	0.000	1.01630831
1.750	-2.150	0.000	1.01929915
1.850	-2.150	0.000	1.02300572
1.950	-2.150	0.000	1.02635312
2.050	-2.150	0.000	1.02869058
2.150	-2.150	0.000	1.02878523
2.250	-2.150	0.000	1.02770567
2.350	-2.150	0.000	1.02609289
2.450	-2.150	0.000	1.02519584
-2.450	-2.050	0.000	1.01390254
-2.350	-2.050	0.000	1.01298237
-2.250	-2.050	0.000	1.01516736
-2.150	-2.050	0.000	1.01456821
-2.050	-2.050	0.000	1.01555502
-1.950	-2.050	0.000	1.01534975
-1.850	-2.050	0.000	1.01509964
-1.750	-2.050	0.000	1.01481748
-1.650	-2.050	0.000	1.01517594
-1.550	-2.050	0.000	1.01573491
-1.450	-2.050	0.000	1.01591229
-1.350	-2.050	0.000	1.01608610
-1.250	-2.050	0.000	1.01628041
-1.150	-2.050	0.000	1.01695287
-1.050	-2.050	0.000	1.01757777
-0.950	-2.050	0.000	1.01823592
-0.850	-2.050	0.000	1.01857948
-0.750	-2.050	0.000	1.01895368
-0.650	-2.050	0.000	1.01926148
-0.550	-2.050	0.000	1.01967466
-0.450	-2.050	0.000	1.01966298
-0.350	-2.050	0.000	1.01958752
-0.250	-2.050	0.000	1.01959825
-0.150	-2.050	0.000	1.01938128
-0.050	-2.050	0.000	1.01886582
0.050	-2.050	0.000	1.01818275
0.150	-2.050	0.000	1.01713145
0.250	-2.050	0.000	1.01595116
0.350	-2.050	0.000	1.01493156
0.450	-2.050	0.000	1.01423407
0.550	-2.050	0.000	1.01382101
0.650	-2.050	0.000	1.01346338
0.750	-2.050	0.000	1.01319110
0.850	-2.050	0.000	1.01278245
0.950	-2.050	0.000	1.01220500
1.050	-2.050	0.000	1.01159108
1.150	-2.050	0.000	1.01135218
1.250	-2.050	0.000	1.01128972
1.350	-2.050	0.000	1.01147020
1.450	-2.050	0.000	1.01206636
1.550	-2.050	0.000	1.01321483
1.650	-2.050	0.000	1.01518273
1.750	-2.050	0.000	1.01769185
1.850	-2.050	0.000	1.02125633
1.950	-2.050	0.000	1.02458286
2.050	-2.050	0.000	1.02741873
2.150	-2.050	0.000	1.02825499
2.250	-2.050	0.000	1.02750230
2.350	-2.050	0.000	1.02650595
2.450	-2.050	0.000	1.02509558
-2.450	-1.950	0.000	1.01362336
-2.350	-1.950	0.000	1.01277852
-2.250	-1.950	0.000	1.01491952
-2.150	-1.950	0.000	1.01440430
-2.050	-1.950	0.000	1.01537192
-1.950	-1.950	0.000	1.01544917
-1.850	-1.950	0.000	1.01520431
-1.750	-1.950	0.000	1.01502335
-1.650	-1.950	0.000	1.01521444
-1.550	-1.950	0.000	1.01579690
-1.450	-1.950	0.000	1.01600409
-1.350	-1.950	0.000	1.01619089
-1.250	-1.950	0.000	1.01631093
-1.150	-1.950	0.000	1.01695025
-1.050	-1.950	0.000	1.01755691
-0.950	-1.950	0.000	1.01820362
-0.850	-1.950	0.000	1.01852179
-0.750	-1.950	0.000	1.01892161
-0.650	-1.950	0.000	1.01929712
-0.550	-1.950	0.000	1.01968431
-0.450	-1.950	0.000	1.01970649
-0.350	-1.950	0.000	1.01972902
-0.250	-1.950	0.000	1.01983190
-0.150	-1.950	0.000	1.01974905
-0.050	-1.950	0.000	1.01923871
0.050	-1.950	0.000	1.01856947
0.150	-1.950	0.000	1.01753318
0.250	-1.950	0.000	1.01633811
0.350	-1.950	0.000	1.01521373
0.450	-1.950	0.000	1.01437891
0.550	-1.950	0.000	1.01400781
0.650	-1.950	0.000	1.01383626
0.750	-1.950	0.000	1.01367521
0.850	-1.950	0.000	1.01339042
0.950	-1.950	0.000	1.01281643
1.050	-1.950	0.000	1.01213217
1.150	-1.950	0.000	1.01173484
1.250	-1.950	0.000	1.01151431
1.350	-1.950	0.000	1.01155877
1.450	-1.950	0.000	1.01200318
1.550	-1.950	0.000	1.01290023
1.650	-1.950	0.000	1.01447523
1.750	-1.950	0.000	1.01641595
1.850	-1.950	0.000	1.01945388
1.950	-1.950	0.000	1.02253819
2.050	-1.950	0.000	1.02530789
2.150	-1.950	0.000	1.02714324
2.250	-1.950	0.000	1.02685010
2.350	-1.950	0.000	1.02632535
2.450	-1.950	0.000	1.02503371
-2.450	-1.850	0.000	1.01335633
-2.350	-1.850	0.000	1.01259971
-2.250	-1.850	0.000	1.01468694
-2.150	-1.850	0.000	1.01425576
-2.050	-1.850	0.000	1.01519608
-1.950	-1.850	0.000	1.01545835
-1.850	-1.850	0.000	1.01524699
-1.750	-1.850	0.000	1.01517129
-1.650	-1.850	0.000	1.01523399
-1.550	-1.850	0.000	1.01578474
-1.450	-1.850	0.000	1.01596975
-1.350	-1.850	0.000	1.01620269
-1.250	-1.850	0.000	1.01633132
-1.150	-1.850	0.000	1.01693225
-1.050	-1.850	0.000	1.01752448
-0.950	-1.850	0.000	1.01817024
-0.850	-1.850	0.000	1.01849794
-0.750	-1.850	0.000	1.01892364
-0.650	-1.850	0.000	1.01929855
-0.550	-1.850	0.000	1.01967859
-0.450	-1.850	0.000	1.01970935
-0.350	-1.850	0.000	1.01976216
-0.250	-1.850	0.000	1.01990604
-0.150	-1.850	0.000	1.02006543
-0.050	-1.850	0.000	1.01966345
0.050	-1.850	0.000	1.01902175
0.150	-1.850	0.000	1.01801825
0.250	-1.850	0.000	1.01691425
0.350	-1.850	0.000	1.01582289
0.450	-1.850	0.000	1.01493132
0.550	-1.850	0.000	1.01445222
0.650	-1.850	0.000	1.01428795
0.750	-1.850	0.000	1.01412642
0.850	-1.850	0.000	1.01386070
0.950	-1.850	0.000	1.01327407
1.050	-1.850	0.000	1.01242983
1.150	-1.850	0.000	1.01172698
1.250	-1.850	0.000	1.01122367
1.350	-1.850	0.000	1.01104343
1.450	-1.850	0.000	1.01122820
1.550	-1.850	0.000	1.01196539
1.650	-1.850	0.000	1.01342607
1.750	-1.850	0.000	1.01521885
1.850	-1.850	0.000	1.01781309
1.950	-1.850	0.000	1.02057552
2.050	-1.850	0.000	1.02286506
2.150	-1.850	0.000	1.02522600
2.250	-1.850	0.000	1.02583468
2.350	-1.850	0.000	1.02595007
2.450	-1.850	0.000	1.02492464
-2.450	-1.750	0.000	1.01311111
-2.350	-1.750	0.000	1.01249874
-2.250	-1.750	0.000	1.01454210
-2.150	-1.750	0.000	1.01411664
-2.050	-1.750	0.000	1.01500762
-1.950	-1.750	0.000	1.01534176
-1.850	-1.750	0.000	1.01515520
-1.750	-1.750	0.000	1.01513815
-1.650	-1.750	0.000	1.01511359
-1.550	-1.750	0.000	1.01562309
-1.450	-1.750	0.000	1.01580596
-1.350	-1.750	0.000	1.01606238
-1.250	-1.750	0.000	1.01620281
-1.150	-1.750	0.000	1.01676571
-1.050	-1.750	0.000	1.01731384
-0.950	-1.750	0.000	1.01796210
-0.850	-1.750	0.000	1.01833141
-0.750	-1.750	0.000	1.01879430
-0.650	-1.750	0.000	1.01914966
-0.550	-1.750	0.000	1.01950800
-0.450	-1.750	0.000	1.01958680
-0.350	-1.750	0.000	1.01965928
-0.250	-1.750	0.000	1.01982546
-0.150	-1.750	0.000	1.02011931
-0.050	-1.750	0.000	1.01988149
0.050	-1.750	0.000	1.01932871
0.150	-1.750	0.000	1.01841152
0.250	-1.750	0.000	1.01739478
0.350	-1.750	0.000	1.01637471
0.450	-1.750	0.000	1.01551962
0.550	-1.750	0.000	1.01497912
0.650	-1.750	0.000	1.01475382
0.750	-1.750	0.000	1.01452029
0.850	-1.750	0.000	1.01410365
0.950	-1.750	0.000	1.01342964
1.050	-1.750	0.000	1.01249027
1.150	-1.750	0.000	1.01162159
1.250	-1.750	0.000	1.01088762
1.350	-1.750	0.000	1.01050031
1.450	-1.750	0.000	1.01051736
1.550	-1.750	0.000	1.01115441
1.650	-1.750	0.000	1.01262140
1.750	-1.750	0.000	1.01452172
1.850	-1.750	0.000	1.01671124
1.950	-1.750	0.000	1.01941323
2.050	-1.750	0.000	1.02118301
2.150	-1.750	0.000	1.02321851
2.250	-1.750	0.000	1.02404547
2.350	-1.750	0.000	1.02500343
2.450	-1.750	0.000	1.02481723
-2.450	-1.650	0.000	1.01289868
-2.350	-1.650	0.000	1.01235974
-2.250	-1.650	0.000	1.01436293
-2.150	-1.650	0.000	1.01399076
-2.050	-1.650	0.000	1.01474321
-1.950	-1.650	0.000	1.01512933
-1.850	-1.650	0.000	1.01492774
-1.750	-1.650	0.000	1.01493514
-1.650	-1.650	0.000	1.01483464
-1.550	-1.650	0.000	1.01532006
-1.450	-1.650	0.000	1.01550555
-1.350	-1.650	0.000	1.01580548
-1.250	-1.650	0.000	1.01595891
-1.150	-1.650	0.000	1.01648927
-1.050	-1.650	0.000	1.01700175
-0.950	-1.650	0.000	1.01761603
-0.850	-1.650	0.000	1.01796770
-0.750	-1.650	0.000	1.01844561
-0.650	-1.650	0.000	1.01882231
-0.550	-1.650	0.000	1.01916802
-0.450	-1.650	0.000	1.01936340
-0.350	-1.650	0.000	1.01960909
-0.250	-1.650	0.000	1.01992905
-0.150	-1.650	0.000	1.02029860
-0.050	-1.650	0.000	1.02020621
0.050	-1.650	0.000	1.01975977
0.150	-1.650	0.000	1.01896906
0.250	-1.650	0.000	1.01807058
0.350	-1.650	0.000	1.01707792
0.450	-1.650	0.000	1.01616240
0.550	-1.650	0.000	1.01543486
0.650	-1.650	0.000	1.01494646
0.750	-1.650	0.000	1.01453114
0.850	-1.650	0.000	1.01397336
0.950	-1.650	0.000	1.01315820
1.050	-1.650	0.000	1.01213598
1.150	-1.650	0.000	1.01121855
1.250	-1.650	0.000	1.01047790
1.350	-1.650	0.000	1.01007974
1.450	-1.650	0.000	1.01009607
1.550	-1.650	0.000	1.01067591
1.650	-1.650	0.000	1.01202631
1.750	-1.650	0.000	1.01396954
1.850	-1.650	0.000	1.01596332
1.950	-1.650	0.000	1.01858675
2.050	-1.650	0.000	1.02026188
2.150	-1.650	0.000	1.02191699
2.250	-1.650	0.000	1.02252340
2.350	-1.650	0.000	1.02374160
2.450	-1.650	0.000	1.02454162
-2.450	-1.550	0.000	1.01267493
-2.350	-1.550	0.000	1.01220071
-2.250	-1.550	0.000	1.01418102
-2.150	-1.550	0.000	1.01391864
-2.050	-1.550	0.000	1.01446903
-1.950	-1.550	0.000	1.01485896
-1.850	-1.550	0.000	1.01456666
-1.750	-1.550	0.000	1.01457512
-1.650	-1.550	0.000	1.01438630
-1.550	-1.550	0.000	1.01482666
-1.450	-1.550	0.000	1.01499403
-1.350	-1.550	0.000	1.01530647
-1.250	-1.550	0.000	1.01546705
-1.150	-1.550	0.000	1.01595747
-1.050	-1.550	0.000	1.01645052
-0.950	-1.550	0.000	1.01703537
-0.850	-1.550	0.000	1.01738131
-0.750	-1.550	0.000	1.01786339
-0.650	-1.550	0.000	1.01825452
-0.550	-1.550	0.000	1.01858199
-0.450	-1.550	0.000	1.01881087
-0.350	-1.550	0.000	1.01914752
-0.250	-1.550	0.000	1.01958978
-0.150	-1.550	0.000	1.02008963
-0.050	-1.550	0.000	1.02024245
0.050	-1.550	0.000	1.01999581
0.150	-1.550	0.000	1.01939034
0.250	-1.550	0.000	1.01864135
0.350	-1.550	0.000	1.01770627
0.450	-1.550	0.000	1.01674604
0.550	-1.550	0.000	1.01591289
0.650	-1.550	0.000	1.01518416
0.750	-1.550	0.000	1.01454127
0.850	-1.550	0.000	1.01385415
0.950	-1.550	0.000	1.01292944
1.050	-1.550	0.000	1.01183045
1.150	-1.550	0.000	1.01088834
1.250	-1.550	0.000	1.01020849
1.350	-1.550	0.000	1.00987840
1.450	-1.550	0.000	1.00995564
1.550	-1.550	0.000	1.01059353
1.650	-1.550	0.000	1.01191497
1.750	-1.550	0.000	1.01374185
1.850	-1.550	0.000	1.01551878
1.950	-1.550	0.000	1.01777256
2.050	-1.550	0.000	1.01923203
2.150	-1.550	0.000	1.02071023
2.250	-1.550	0.000	1.02120042
2.350	-1.550	0.000	1.02264905
2.450	-1.550	0.000	1.02406359
-2.450	-1.450	0.000	1.01254594
-2.350	-1.450	0.000	1.01211715
-2.250	-1.450	0.000	1.01402771
-2.150	-1.450	0.000	1.01384997
-2.050	-1.450	0.000	1.01426625
-1.950	-1.450	0.000	1.01464665
-1.850	-1.450	0.000	1.01428187
-1.750	-1.450	0.000	1.01430380
-1.650	-1.450	0.000	1.01400542
-1.550	-1.450	0.000	1.01442695
-1.450	-1.450	0.000	1.01459849
-1.350	-1.450	0.000	1.01491892
-1.250	-1.450	0.000	1.01506114
-1.150	-1.450	0.000	1.01550961
-1.050	-1.450	0.000	1.01597536
-0.950	-1.450	0.000	1.01650620
-0.850	-1.450	0.000	1.01682639
-0.750	-1.450	0.000	1.01731825
-0.650	-1.450	0.000	1.01775610
-0.550	-1.450	0.000	1.01806557
-0.450	-1.450	0.000	1.01831985
-0.350	-1.450	0.000	1.01868880
-0.250	-1.450	0.000	1.01919460
-0.150	-1.450	0.000	1.01975167
-0.050	-1.450	0.000	1.02004075
0.050	-1.450	0.000	1.01998472
0.150	-1.450	0.000	1.01959741
0.250	-1.450	0.000	1.01898515
0.350	-1.450	0.000	1.01815021
0.450	-1.450	0.000	1.01723540
0.550	-1.450	0.000	1.01637495
0.650	-1.450	0.000	1.01550055
0.750	-1.450	0.000	1.01468492
0.850	-1.450	0.000	1.01386738
0.950	-1.450	0.000	1.01290631
1.050	-1.450	0.000	1.01177955
1.150	-1.450	0.000	1.01079535
1.250	-1.450	0.000	1.01006544
1.350	-1.450	0.000	1.00971818
1.450	-1.450	0.000	1.00979495
1.550	-1.450	0.000	1.01047599
1.650	-1.450	0.000	1.01188004
1.750	-1.450	0.000	1.01382339
1.850	-1.450	0.000	1.01558447
1.950	-1.450	0.000	1.01763535
2.050	-1.450	0.000	1.01879120
2.150	-1.450	0.000	1.01993859
2.250	-1.450	0.000	1.02022231
2.350	-1.450	0.000	1.02146196
2.450	-1.450	0.000	1.02352726
-2.450	-1.350	0.000	1.01252103
-2.350	-1.350	0.000	1.01212060
-2.250	-1.350	0.000	1.01396072
-2.150	-1.350	0.000	1.01384413
-2.050	-1.350	0.000	1.01427305
-1.950	-1.350	0.000	1.01456177
-1.850	-1.350	0.000	1.01415193
-1.750	-1.350	0.000	1.01409471
-1.650	-1.350	0.000	1.01366937
-1.550	-1.350	0.000	1.01401353
-1.450	-1.350	0.000	1.01415813
-1.350	-1.350	0.000	1.01449394
-1.250	-1.350	0.000	1.01462269
-1.150	-1.350	0.000	1.01502097
-1.050	-1.350	0.000	1.01546705
-0.950	-1.350	0.000	1.01597273
-0.850	-1.350	0.000	1.01627874
-0.750	-1.350	0.000	1.01675749
-0.650	-1.350	0.000	1.01722538
-0.550	-1.350	0.000	1.01751518
-0.450	-1.350	0.000	1.01776063
-0.350	-1.350	0.000	1.01811826
-0.250	-1.350	0.000	1.01864672
-0.150	-1.350	0.000	1.01923680
-0.050	-1.350	0.000	1.01961696
0.050	-1.350	0.000	1.01974797
0.150	-1.350	0.000	1.01954496
0.250	-1.350	0.000	1.01901257
0.350	-1.350	0.000	1.01833487
0.450	-1.350	0.000	1.01756680
0.550	-1.350	0.000	1.01681232
0.650	-1.350	0.000	1.01594174
0.750	-1.350	0.000	1.01511037
0.850	-1.350	0.000	1.01427996
0.950	-1.350	0.000	1.01332998
1.050	-1.350	0.000	1.01216996
1.150	-1.350	0.000	1.01108599
1.250	-1.350	0.000	1.01026607
1.350	-1.350	0.000	1.00983620
1.450	-1.350	0.000	1.00983012
1.550	-1.350	0.000	1.01041663
1.650	-1.350	0.000	1.01172638
1.750	-1.350	0.000	1.01363981
1.850	-1.350	0.000	1.01552260
1.950	-1.350	0.000	1.01754248
2.050	-1.350	0.000	1.01859093
2.150	-1.350	0.000	1.01958835
2.250	-1.350	0.000	1.01973784
2.350	-1.350	0.000	1.02063072
2.450	-1.350	0.000	1.02282262
-2.450	-1.250	0.000	1.01290154
-2.350	-1.250	0.000	1.01243401
-2.250	-1.250	0.000	1.01414645
-2.150	-1.250	0.000	1.01405168
-2.050	-1.250	0.000	1.01456189
-1.950	-1.250	0.000	1.01472855
-1.850	-1.250	0.000	1.01431918
-1.750	-1.250	0.000	1.01411963
-1.650	-1.250	0.000	1.01360595
-1.550	-1.250	0.000	1.01380384
-1.450	-1.250	0.000	1.01393628
-1.350	-1.250	0.000	1.01430345
-1.250	-1.250	0.000	1.01444018
-1.150	-1.250	0.000	1.01479065
-1.050	-1.250	0.000	1.01519227
-0.950	-1.250	0.000	1.01566494
-0.850	-1.250	0.000	1.01596022
-0.750	-1.250	0.000	1.01641381
-0.650	-1.250	0.000	1.01688099
-0.550	-1.250	0.000	1.01714015
-0.450	-1.250	0.000	1.01733887
-0.350	-1.250	0.000	1.01761270
-0.250	-1.250	0.000	1.01808572
-0.150	-1.250	0.000	1.01859093
-0.050	-1.250	0.000	1.01893878
0.050	-1.250	0.000	1.01912880
0.150	-1.250	0.000	1.01907766
0.250	-1.250	0.000	1.01876247
0.350	-1.250	0.000	1.01819527
0.450	-1.250	0.000	1.01750541
0.550	-1.250	0.000	1.01683748
0.650	-1.250	0.000	1.01614177
0.750	-1.250	0.000	1.01545966
0.850	-1.250	0.000	1.01474464
0.950	-1.250	0.000	1.01384699
1.050	-1.250	0.000	1.01268578
1.150	-1.250	0.000	1.01151502
1.250	-1.250	0.000	1.01063704
1.350	-1.250	0.000	1.01015234
1.450	-1.250	0.000	1.01011026
1.550	-1.250	0.000	1.01061642
1.650	-1.250	0.000	1.01178229
1.750	-1.250	0.000	1.01356792
1.850	-1.250	0.000	1.01539624
1.950	-1.250	0.000	1.01742542
2.050	-1.250	0.000	1.01851737
2.150	-1.250	0.000	1.01951885
2.250	-1.250	0.000	1.01968038
2.350	-1.250	0.000	1.02032936
2.450	-1.250	0.000	1.02250123
-2.450	-1.150	0.000	1.01360655
-2.350	-1.150	0.000	1.01304579
-2.250	-1.150	0.000	1.01466000
-2.150	-1.150	0.000	1.01449156
-2.050	-1.150	0.000	1.01507139
-1.950	-1.150	0.000	1.01508188
-1.850	-1.150	0.000	1.01474845
-1.750	-1.150	0.000	1.01437426
-1.650	-1.150	0.000	1.01379693
-1.550	-1.150	0.000	1.01378775
-1.450	-1.150	0.000	1.01385677
-1.350	-1.150	0.000	1.01425087
-1.250	-1.150	0.000	1.01441944
-1.150	-1.150	0.000	1.01472378
-1.050	-1.150	0.000	1.01505828
-0.950	-1.150	0.000	1.01549101
-0.850	-1.150	0.000	1.01580071
-0.750	-1.150	0.000	1.01622748
-0.650	-1.150	0.000	1.01667798
-0.550	-1.150	0.000	1.01689780
-0.450	-1.150	0.000	1.01700068
-0.350	-1.150	0.000	1.01715803
-0.250	-1.150	0.000	1.01748204
-0.150	-1.150	0.000	1.01782572
-0.050	-1.150	0.000	1.01807773
0.050	-1.150	0.000	1.01822174
0.150	-1.150	0.000	1.01820123
0.250	-1.150	0.000	1.01794815
0.350	-1.150	0.000	1.01758170
0.450	-1.150	0.000	1.01715326
0.550	-1.150	0.000	1.01674402
0.650	-1.150	0.000	1.01627231
0.750	-1.150	0.000	1.01573026
0.850	-1.150	0.000	1.01514661
0.950	-1.150	0.000	1.01427853
1.050	-1.150	0.000	1.01311696
1.150	-1.150	0.000	1.01189446
1.250	-1.150	0.000	1.01089334
1.350	-1.150	0.000	1.01030588
1.450	-1.150	0.000	1.01019108
1.550	-1.150	0.000	1.01066101
1.650	-1.150	0.000	1.01173091
1.750	-1.150	0.000	1.01341736
1.850	-1.150	0.000	1.01524997
1.950	-1.150	0.000	1.01728725
2.050	-1.150	0.000	1.01841438
2.150	-1.150	0.000	1.01941860
2.250	-1.150	0.000	1.01962423
2.350	-1.150	0.000	1.02003384
2.450	-1.150	0.000	1.02206624
-2.450	-1.050	0.000	1.01420319
-2.350	-1.050	0.000	1.01354373
-2.250	-1.050	0.000	1.01510549
-2.150	-1.050	0.000	1.01485920
-2.050	-1.050	0.000	1.01559246
-1.950	-1.050	0.000	1.01542842
-1.850	-1.050	0.000	1.01524496
-1.750	-1.050	0.000	1.01470757
-1.650	-1.050	0.000	1.01415527
-1.550	-1.050	0.000	1.01385617
-1.450	-1.050	0.000	1.01388037
-1.350	-1.050	0.000	1.01429200
-1.250	-1.050	0.000	1.01455295
-1.150	-1.050	0.000	1.01485133
-1.050	-1.050	0.000	1.01511407
-0.950	-1.050	0.000	1.01551867
-0.850	-1.050	0.000	1.01588786
-0.750	-1.050	0.000	1.01630580
-0.650	-1.050	0.000	1.01669192
-0.550	-1.050	0.000	1.01686716
-0.450	-1.050	0.000	1.01685154
-0.350	-1.050	0.000	1.01685107
-0.250	-1.050	0.000	1.01693988
-0.150	-1.050	0.000	1.01705623
-0.050	-1.050	0.000	1.01710224
0.050	-1.050	0.000	1.01711512
0.150	-1.050	0.000	1.01705837
0.250	-1.050	0.000	1.01683462
0.350	-1.050	0.000	1.01650465
0.450	-1.050	0.000	1.01617551
0.550	-1.050	0.000	1.01590836
0.650	-1.050	0.000	1.01567602
0.750	-1.050	0.000	1.01538551
0.850	-1.050	0.000	1.01506758
0.950	-1.050	0.000	1.01448488
1.050	-1.050	0.000	1.01347744
1.150	-1.050	0.000	1.01233816
1.250	-1.050	0.000	1.01136601
1.350	-1.050	0.000	1.01071334
1.450	-1.050	0.000	1.01048470
1.550	-1.050	0.000	1.01085806
1.650	-1.050	0.000	1.01184022
1.750	-1.050	0.000	1.01342392
1.850	-1.050	0.000	1.01523018
1.950	-1.050	0.000	1.01724720
2.050	-1.050	0.000	1.01847541
2.150	-1.050	0.000	1.01955950
2.250	-1.050	0.000	1.01986885
2.350	-1.050	0.000	1.02017319
2.450	-1.050	0.000	1.02191365
-2.450	-0.950	0.000	1.01471627
-2.350	-0.950	0.000	1.01387393
-2.250	-0.950	0.000	1.01535666
-2.150	-0.950	0.000	1.01491427
-2.050	-0.950	0.000	1.01572096
-1.950	-0.950	0.000	1.01548946
-1.850	-0.950	0.000	1.01548159
-1.750	-0.950	0.000	1.01488709
-1.650	-0.950	0.000	1.01431751
-1.550	-0.950	0.000	1.01380777
-1.450	-0.950	0.000	1.01377523
-1.350	-0.950	0.000	1.01417780
-1.250	-0.950	0.000	1.01457334
-1.150	-0.950	0.000	1.01493859
-1.050	-0.950	0.000	1.01519942
-0.950	-0.950	0.000	1.01560295
-0.850	-0.950	0.000	1.01605642
-0.750	-0.950	0.000	1.01652467
-0.650	-0.950	0.000	1.01688838
-0.550	-0.950	0.000	1.01704240
-0.450	-0.950	0.000	1.01688194
-0.350	-0.950	0.000	1.01675987
-0.250	-0.950	0.000	1.01651764
-0.150	-0.950	0.000	1.01636529
-0.050	-0.950	0.000	1.01614177
0.050	-0.950	0.000	1.01594055
0.150	-0.950	0.000	1.01582372
0.250	-0.950	0.000	1.01557910
0.350	-0.950	0.000	1.01527822
0.450	-0.950	0.000	1.01499867
0.550	-0.950	0.000	1.01480353
0.650	-0.950	0.000	1.01466143
0.750	-0.950	0.000	1.01451945
0.850	-0.950	0.000	1.01434660
0.950	-0.950	0.000	1.01398587
1.050	-0.950	0.000	1.01320159
1.150	-0.950	0.000	1.01222670
1.250	-0.950	0.000	1.01143885
1.350	-0.950	0.000	1.01093066
1.450	-0.950	0.000	1.01078022
1.550	-0.950	0.000	1.01115859
1.650	-0.950	0.000	1.01209056
1.750	-0.950	0.000	1.01358032
1.850	-0.950	0.000	1.01534986
1.950	-0.950	0.000	1.01728427
2.050	-0.950	0.000	1.01854432
2.150	-0.950	0.000	1.01961112
2.250	-0.950	0.000	1.01995897
2.350	-0.950	0.000	1.02021444
2.450	-0.950	0.000	1.02173555
-2.450	-0.850	0.000	1.01488030
-2.350	-0.850	0.000	1.01385450
-2.250	-0.850	0.000	1.01515210
-2.150	-0.850	0.000	1.01460016
-2.050	-0.850	0.000	1.01534832
-1.950	-0.850	0.000	1.01520491
-1.850	-0.850	0.000	1.01527464
-1.750	-0.850	0.000	1.01482391
-1.650	-0.850	0.000	1.01410985
-1.550	-0.850	0.000	1.01357102
-1.450	-0.850	0.000	1.01341498
-1.350	-0.850	0.000	1.01378429
-1.250	-0.850	0.000	1.01428652
-1.150	-0.850	0.000	1.01476419
-1.050	-0.850	0.000	1.01511884
-0.950	-0.850	0.000	1.01556396
-0.850	-0.850	0.000	1.01612234
-0.750	-0.850	0.000	1.01668406
-0.650	-0.850	0.000	1.01707327
-0.550	-0.850	0.000	1.01722717
-0.450	-0.850	0.000	1.01700830
-0.350	-0.850	0.000	1.01671338
-0.250	-0.850	0.000	1.01629412
-0.150	-0.850	0.000	1.01577985
-0.050	-0.850	0.000	1.01523530
0.050	-0.850	0.000	1.01485384
0.150	-0.850	0.000	1.01463997
0.250	-0.850	0.000	1.01436257
0.350	-0.850	0.000	1.01405811
0.450	-0.850	0.000	1.01381075
0.550	-0.850	0.000	1.01362646
0.650	-0.850	0.000	1.01352608
0.750	-0.850	0.000	1.01346445
0.850	-0.850	0.000	1.01339269
0.950	-0.850	0.000	1.01321602
1.050	-0.850	0.000	1.01271665
1.150	-0.850	0.000	1.01201391
1.250	-0.850	0.000	1.01140058
1.350	-0.850	0.000	1.01102197
1.450	-0.850	0.000	1.01094329
1.550	-0.850	0.000	1.01138997
1.650	-0.850	0.000	1.01235986
1.750	-0.850	0.000	1.01379526
1.850	-0.850	0.000	1.01553977
1.950	-0.850	0.000	1.01741171
2.050	-0.850	0.000	1.01873028
2.150	-0.850	0.000	1.01980352
2.250	-0.850	0.000	1.02016711
2.350	-0.850	0.000	1.02037179
2.450	-0.850	0.000	1.02157283
-2.450	-0.750	0.000	1.01466835
-2.350	-0.750	0.000	1.01365757
-2.250	-0.750	0.000	1.01467144
-2.150	-0.750	0.000	1.01407862
-2.050	-0.750	0.000	1.01477480
-1.950	-0.750	0.000	1.01467550
-1.850	-0.750	0.000	1.01466322
-1.750	-0.750	0.000	1.01439750
-1.650	-0.750	0.000	1.01360965
-1.550	-0.750	0.000	1.01304543
-1.450	-0.750	0.000	1.01274252
-1.350	-0.750	0.000	1.01305771
-1.250	-0.750	0.000	1.01363397
-1.150	-0.750	0.000	1.01419139
-1.050	-0.750	0.000	1.01468205
-0.950	-0.750	0.000	1.01522875
-0.850	-0.750	0.000	1.01593578
-0.750	-0.750	0.000	1.01664066
-0.650	-0.750	0.000	1.01713169
-0.550	-0.750	0.000	1.01729834
-0.450	-0.750	0.000	1.01716781
-0.350	-0.750	0.000	1.01671445
-0.250	-0.750	0.000	1.01614523
-0.150	-0.750	0.000	1.01537061
-0.050	-0.750	0.000	1.01454711
0.050	-0.750	0.000	1.01393485
0.150	-0.750	0.000	1.01364195
0.250	-0.750	0.000	1.01332426
0.350	-0.750	0.000	1.01305437
0.450	-0.750	0.000	1.01283979
0.550	-0.750	0.000	1.01262903
0.650	-0.750	0.000	1.01253104
0.750	-0.750	0.000	1.01248896
0.850	-0.750	0.000	1.01241076
0.950	-0.750	0.000	1.01230776
1.050	-0.750	0.000	1.01199734
1.150	-0.750	0.000	1.01152873
1.250	-0.750	0.000	1.01114297
1.350	-0.750	0.000	1.01093924
1.450	-0.750	0.000	1.01095974
1.550	-0.750	0.000	1.01146126
1.650	-0.750	0.000	1.01248109
1.750	-0.750	0.000	1.01392245
1.850	-0.750	0.000	1.01563764
1.950	-0.750	0.000	1.01738179
2.050	-0.750	0.000	1.01867700
2.150	-0.750	0.000	1.01974821
2.250	-0.750	0.000	1.02016592
2.350	-0.750	0.000	1.02041912
2.450	-0.750	0.000	1.02131057
-2.450	-0.650	0.000	1.01443601
-2.350	-0.650	0.000	1.01342344
-2.250	-0.650	0.000	1.01417208
-2.150	-0.650	0.000	1.01339948
-2.050	-0.650	0.000	1.01394928
-1.950	-0.650	0.000	1.01383471
-1.850	-0.650	0.000	1.01383734
-1.750	-0.650	0.000	1.01364505
-1.650	-0.650	0.000	1.01292920
-1.550	-0.650	0.000	1.01229429
-1.450	-0.650	0.000	1.01190937
-1.350	-0.650	0.000	1.01214516
-1.250	-0.650	0.000	1.01272547
-1.150	-0.650	0.000	1.01332521
-1.050	-0.650	0.000	1.01389790
-0.950	-0.650	0.000	1.01456165
-0.850	-0.650	0.000	1.01542377
-0.750	-0.650	0.000	1.01630211
-0.650	-0.650	0.000	1.01696658
-0.550	-0.650	0.000	1.01720285
-0.450	-0.650	0.000	1.01720214
-0.350	-0.650	0.000	1.01671922
-0.250	-0.650	0.000	1.01599777
-0.150	-0.650	0.000	1.01504779
-0.050	-0.650	0.000	1.01404977
0.050	-0.650	0.000	1.01323617
0.150	-0.650	0.000	1.01287580
0.250	-0.650	0.000	1.01255453
0.350	-0.650	0.000	1.01229393
0.450	-0.650	0.000	1.01211619
0.550	-0.650	0.000	1.01188827
0.650	-0.650	0.000	1.01178122
0.750	-0.650	0.000	1.01176286
0.850	-0.650	0.000	1.01168263
0.950	-0.650	0.000	1.01158559
1.050	-0.650	0.000	1.01134944
1.150	-0.650	0.000	1.01102042
1.250	-0.650	0.000	1.01079547
1.350	-0.650	0.000	1.01074910
1.450	-0.650	0.000	1.01089799
1.550	-0.650	0.000	1.01147592
1.650	-0.650	0.000	1.01256323
1.750	-0.650	0.000	1.01404941
1.850	-0.650	0.000	1.01582646
1.950	-0.650	0.000	1.01746142
2.050	-0.650	0.000	1.01869571
2.150	-0.650	0.000	1.01967084
2.250	-0.650	0.000	1.02006757
2.350	-0.650	0.000	1.02036929
2.450	-0.650	0.000	1.02096128
-2.450	-0.550	0.000	1.01409388
-2.350	-0.550	0.000	1.01308393
-2.250	-0.550	0.000	1.01354146
-2.150	-0.550	0.000	1.01259577
-2.050	-0.550	0.000	1.01301706
-1.950	-0.550	0.000	1.01286519
-1.850	-0.550	0.000	1.01287210
-1.750	-0.550	0.000	1.01269233
-1.650	-0.550	0.000	1.01209188
-1.550	-0.550	0.000	1.01152372
-1.450	-0.550	0.000	1.01113319
-1.350	-0.550	0.000	1.01123881
-1.250	-0.550	0.000	1.01176357
-1.150	-0.550	0.000	1.01235700
-1.050	-0.550	0.000	1.01295185
-0.950	-0.550	0.000	1.01370525
-0.850	-0.550	0.000	1.01470792
-0.750	-0.550	0.000	1.01575828
-0.650	-0.550	0.000	1.01661551
-0.550	-0.550	0.000	1.01696968
-0.450	-0.550	0.000	1.01710284
-0.350	-0.550	0.000	1.01664770
-0.250	-0.550	0.000	1.01583016
-0.150	-0.550	0.000	1.01476336
-0.050	-0.550	0.000	1.01368034
0.050	-0.550	0.000	1.01276183
0.150	-0.550	0.000	1.01238930
0.250	-0.550	0.000	1.01208758
0.350	-0.550	0.000	1.01183629
0.450	-0.550	0.000	1.01170540
0.550	-0.550	0.000	1.01145279
0.650	-0.550	0.000	1.01129711
0.750	-0.550	0.000	1.01123798
0.850	-0.550	0.000	1.01113975
0.950	-0.550	0.000	1.01103747
1.050	-0.550	0.000	1.01082850
1.150	-0.550	0.000	1.01054287
1.250	-0.550	0.000	1.01040244
1.350	-0.550	0.000	1.01043963
1.450	-0.550	0.000	1.01067531
1.550	-0.550	0.000	1.01129639
1.650	-0.550	0.000	1.01239920
1.750	-0.550	0.000	1.01387310
1.850	-0.550	0.000	1.01571012
1.950	-0.550	0.000	1.01727915
2.050	-0.550	0.000	1.01860237
2.150	-0.550	0.000	1.01943672
2.250	-0.550	0.000	1.01975513
2.350	-0.550	0.000	1.02015865
2.450	-0.550	0.000	1.02059507
-2.450	-0.450	0.000	1.01351058
-2.350	-0.450	0.000	1.01251829
-2.250	-0.450	0.000	1.01267910
-2.150	-0.450	0.000	1.01165080
-2.050	-0.450	0.000	1.01189125
-1.950	-0.450	0.000	1.01166463
-1.850	-0.450	0.000	1.01171827
-1.750	-0.450	0.000	1.01155102
-1.650	-0.450	0.000	1.01118398
-1.550	-0.450	0.000	1.01071894
-1.450	-0.450	0.000	1.01044595
-1.350	-0.450	0.000	1.01049960
-1.250	-0.450	0.000	1.01093960
-1.150	-0.450	0.000	1.01151848
-1.050	-0.450	0.000	1.01208639
-0.950	-0.450	0.000	1.01287234
-0.850	-0.450	0.000	1.01393902
-0.750	-0.450	0.000	1.01510656
-0.650	-0.450	0.000	1.01609266
-0.550	-0.450	0.000	1.01655507
-0.450	-0.450	0.000	1.01677227
-0.350	-0.450	0.000	1.01638460
-0.250	-0.450	0.000	1.01554680
-0.150	-0.450	0.000	1.01442409
-0.050	-0.450	0.000	1.01334524
0.050	-0.450	0.000	1.01243055
0.150	-0.450	0.000	1.01210344
0.250	-0.450	0.000	1.01187634
0.350	-0.450	0.000	1.01168549
0.450	-0.450	0.000	1.01159310
0.550	-0.450	0.000	1.01130927
0.650	-0.450	0.000	1.01109576
0.750	-0.450	0.000	1.01092935
0.850	-0.450	0.000	1.01079285
0.950	-0.450	0.000	1.01069188
1.050	-0.450	0.000	1.01051092
1.150	-0.450	0.000	1.01031470
1.250	-0.450	0.000	1.01022589
1.350	-0.450	0.000	1.01032043
1.450	-0.450	0.000	1.01061034
1.550	-0.450	0.000	1.01124108
1.650	-0.450	0.000	1.01231718
1.750	-0.450	0.000	1.01372862
1.850	-0.450	0.000	1.01555872
1.950	-0.450	0.000	1.01707995
2.050	-0.450	0.000	1.01843929
2.150	-0.450	0.000	1.01912081
2.250	-0.450	0.000	1.01949704
2.350	-0.450	0.000	1.01988244
2.450	-0.450	0.000	1.02016890
-2.450	-0.350	0.000	1.01278913
-2.350	-0.350	0.000	1.01184964
-2.250	-0.350	0.000	1.01164675
-2.150	-0.350	0.000	1.01058066
-2.050	-0.350	0.000	1.01059043
-1.950	-0.350	0.000	1.01025903
-1.850	-0.350	0.000	1.01038492
-1.750	-0.350	0.000	1.01022208
-1.650	-0.350	0.000	1.01018274
-1.550	-0.350	0.000	1.00996590
-1.450	-0.350	0.000	1.00981736
-1.350	-0.350	0.000	1.00993037
-1.250	-0.350	0.000	1.01035464
-1.150	-0.350	0.000	1.01091957
-1.050	-0.350	0.000	1.01147532
-0.950	-0.350	0.000	1.01226020
-0.850	-0.350	0.000	1.01330543
-0.750	-0.350	0.000	1.01447749
-0.650	-0.350	0.000	1.01550782
-0.550	-0.350	0.000	1.01603353
-0.450	-0.350	0.000	1.01629460
-0.350	-0.350	0.000	1.01596022
-0.250	-0.350	0.000	1.01512408
-0.150	-0.350	0.000	1.01399279
-0.050	-0.350	0.000	1.01295280
0.050	-0.350	0.000	1.01210093
0.150	-0.350	0.000	1.01186097
0.250	-0.350	0.000	1.01175427
0.350	-0.350	0.000	1.01168418
0.450	-0.350	0.000	1.01164818
0.550	-0.350	0.000	1.01134324
0.650	-0.350	0.000	1.01108956
0.750	-0.350	0.000	1.01080811
0.850	-0.350	0.000	1.01056337
0.950	-0.350	0.000	1.01040483
1.050	-0.350	0.000	1.01021361
1.150	-0.350	0.000	1.01009762
1.250	-0.350	0.000	1.01008236
1.350	-0.350	0.000	1.01024795
1.450	-0.350	0.000	1.01056743
1.550	-0.350	0.000	1.01116264
1.650	-0.350	0.000	1.01216078
1.750	-0.350	0.000	1.01345038
1.850	-0.350	0.000	1.01519561
1.950	-0.350	0.000	1.01662922
2.050	-0.350	0.000	1.01794302
2.150	-0.350	0.000	1.01856744
2.250	-0.350	0.000	1.01900995
2.350	-0.350	0.000	1.01944470
2.450	-0.350	0.000	1.01961458
-2.450	-0.250	0.000	1.01195025
-2.350	-0.250	0.000	1.01117074
-2.250	-0.250	0.000	1.01057446
-2.150	-0.250	0.000	1.00948894
-2.050	-0.250	0.000	1.00922346
-1.950	-0.250	0.000	1.00879991
-1.850	-0.250	0.000	1.00897670
-1.750	-0.250	0.000	1.00893068
-1.650	-0.250	0.000	1.00916481
-1.550	-0.250	0.000	1.00925756
-1.450	-0.250	0.000	1.00928259
-1.350	-0.250	0.000	1.00948381
-1.250	-0.250	0.000	1.00995076
-1.150	-0.250	0.000	1.01054192
-1.050	-0.250	0.000	1.01112521
-0.950	-0.250	0.000	1.01191390
-0.850	-0.250	0.000	1.01290095
-0.750	-0.250	0.000	1.01399660
-0.650	-0.250	0.000	1.01498628
-0.550	-0.250	0.000	1.01552916
-0.450	-0.250	0.000	1.01579201
-0.350	-0.250	0.000	1.01549876
-0.250	-0.250	0.000	1.01468456
-0.150	-0.250	0.000	1.01356924
-0.050	-0.250	0.000	1.01258326
0.050	-0.250	0.000	1.01182878
0.150	-0.250	0.000	1.01168084
0.250	-0.250	0.000	1.01172280
0.350	-0.250	0.000	1.01177812
0.450	-0.250	0.000	1.01179945
0.550	-0.250	0.000	1.01149738
0.650	-0.250	0.000	1.01121593
0.750	-0.250	0.000	1.01091337
0.850	-0.250	0.000	1.01063395
0.950	-0.250	0.000	1.01039565
1.050	-0.250	0.000	1.01017797
1.150	-0.250	0.000	1.01005518
1.250	-0.250	0.000	1.01007736
1.350	-0.250	0.000	1.01031792
1.450	-0.250	0.000	1.01072049
1.550	-0.250	0.000	1.01135051
1.650	-0.250	0.000	1.01233315
1.750	-0.250	0.000	1.01353168
1.850	-0.250	0.000	1.01516569
1.950	-0.250	0.000	1.01646984
2.050	-0.250	0.000	1.01766384
2.150	-0.250	0.000	1.01820076
2.250	-0.250	0.000	1.01870787
2.350	-0.250	0.000	1.01919508
2.450	-0.250	0.000	1.01934528
-2.450	-0.150	0.000	1.01100004
-2.350	-0.150	0.000	1.01048923
-2.250	-0.150	0.000	1.00954425
-2.150	-0.150	0.000	1.00847709
-2.050	-0.150	0.000	1.00796616
-1.950	-0.150	0.000	1.00740862
-1.850	-0.150	0.000	1.00761926
-1.750	-0.150	0.000	1.00784361
-1.650	-0.150	0.000	1.00831282
-1.550	-0.150	0.000	1.00866652
-1.450	-0.150	0.000	1.00886726
-1.350	-0.150	0.000	1.00913823
-1.250	-0.150	0.000	1.00963783
-1.150	-0.150	0.000	1.01025975
-1.050	-0.150	0.000	1.01090837
-0.950	-0.150	0.000	1.01171863
-0.850	-0.150	0.000	1.01264226
-0.750	-0.150	0.000	1.01360083
-0.650	-0.150	0.000	1.01446533
-0.550	-0.150	0.000	1.01493812
-0.450	-0.150	0.000	1.01516390
-0.350	-0.150	0.000	1.01492023
-0.250	-0.150	0.000	1.01417983
-0.150	-0.150	0.000	1.01312411
-0.050	-0.150	0.000	1.01219165
0.050	-0.150	0.000	1.01149380
0.150	-0.150	0.000	1.01142931
0.250	-0.150	0.000	1.01161671
0.350	-0.150	0.000	1.01180696
0.450	-0.150	0.000	1.01189113
0.550	-0.150	0.000	1.01160932
0.650	-0.150	0.000	1.01131356
0.750	-0.150	0.000	1.01098990
0.850	-0.150	0.000	1.01068127
0.950	-0.150	0.000	1.01045442
1.050	-0.150	0.000	1.01025343
1.150	-0.150	0.000	1.01014698
1.250	-0.150	0.000	1.01018500
1.350	-0.150	0.000	1.01045239
1.450	-0.150	0.000	1.01089847
1.550	-0.150	0.000	1.01154840
1.650	-0.150	0.000	1.01248264
1.750	-0.150	0.000	1.01352787
1.850	-0.150	0.000	1.01500225
1.950	-0.150	0.000	1.01612353
2.050	-0.150	0.000	1.01720154
2.150	-0.150	0.000	1.01770461
2.250	-0.150	0.000	1.01820695
2.350	-0.150	0.000	1.01867437
2.450	-0.150	0.000	1.01897311
-2.450	-0.050	0.000	1.01003170
-2.350	-0.050	0.000	1.00984192
-2.250	-0.050	0.000	1.00866389
-2.150	-0.050	0.000	1.00761521
-2.050	-0.050	0.000	1.00690305
-1.950	-0.050	0.000	1.00616145
-1.850	-0.050	0.000	1.00640821
-1.750	-0.050	0.000	1.00687528
-1.650	-0.050	0.000	1.00768232
-1.550	-0.050	0.000	1.00825477
-1.450	-0.050	0.000	1.00863862
-1.350	-0.050	0.000	1.00898421
-1.250	-0.050	0.000	1.00946009
-1.150	-0.050	0.000	1.01007473
-1.050	-0.050	0.000	1.01079631
-0.950	-0.050	0.000	1.01166856
-0.850	-0.050	0.000	1.01260304
-0.750	-0.050	0.000	1.01349306
-0.650	-0.050	0.000	1.01426506
-0.550	-0.050	0.000	1.01468492
-0.450	-0.050	0.000	1.01487362
-0.350	-0.050	0.000	1.01463580
-0.250	-0.050	0.000	1.01391101
-0.150	-0.050	0.000	1.01288140
-0.050	-0.050	0.000	1.01197231
0.050	-0.050	0.000	1.01130784
0.150	-0.050	0.000	1.01126301
0.250	-0.050	0.000	1.01154113
0.350	-0.050	0.000	1.01180553
0.450	-0.050	0.000	1.01197469
0.550	-0.050	0.000	1.01181364
0.650	-0.050	0.000	1.01153886
0.750	-0.050	0.000	1.01119304
0.850	-0.050	0.000	1.01083004
0.950	-0.050	0.000	1.01055849
1.050	-0.050	0.000	1.01035297
1.150	-0.050	0.000	1.01026666
1.250	-0.050	0.000	1.01031792
1.350	-0.050	0.000	1.01059651
1.450	-0.050	0.000	1.01108074
1.550	-0.050	0.000	1.01180315
1.650	-0.050	0.000	1.01283038
1.750	-0.050	0.000	1.01392317
1.850	-0.050	0.000	1.01534247
1.950	-0.050	0.000	1.01630807
2.050	-0.050	0.000	1.01724160
2.150	-0.050	0.000	1.01764441
2.250	-0.050	0.000	1.01813757
2.350	-0.050	0.000	1.01860988
2.450	-0.050	0.000	1.01900971
-2.450	0.050	0.000	1.00923705
-2.350	0.050	0.000	1.00936890
-2.250	0.050	0.000	1.00806153
-2.150	0.050	0.000	1.00701034
-2.050	0.050	0.000	1.00614572
-1.950	0.050	0.000	1.00523245
-1.850	0.050	0.000	1.00548613
-1.750	0.050	0.000	1.00615513
-1.650	0.050	0.000	1.00719345
-1.550	0.050	0.000	1.00799274
-1.450	0.050	0.000	1.00853467
-1.350	0.050	0.000	1.00893486
-1.250	0.050	0.000	1.00931489
-1.150	0.050	0.000	1.00978816
-1.050	0.050	0.000	1.01039469
-0.950	0.050	0.000	1.01120389
-0.850	0.050	0.000	1.01209342
-0.750	0.050	0.000	1.01295340
-0.650	0.050	0.000	1.01373994
-0.550	0.050	0.000	1.01423931
-0.450	0.050	0.000	1.01453388
-0.350	0.050	0.000	1.01442409
-0.250	0.050	0.000	1.01383328
-0.150	0.050	0.000	1.01287043
-0.050	0.050	0.000	1.01192677
0.050	0.050	0.000	1.01123667
0.150	0.050	0.000	1.01116729
0.250	0.050	0.000	1.01147878
0.350	0.050	0.000	1.01180530
0.450	0.050	0.000	1.01207912
0.550	0.050	0.000	1.01198018
0.650	0.050	0.000	1.01171279
0.750	0.050	0.000	1.01137602
0.850	0.050	0.000	1.01101851
0.950	0.050	0.000	1.01079500
1.050	0.050	0.000	1.01063514
1.150	0.050	0.000	1.01058841
1.250	0.050	0.000	1.01065361
1.350	0.050	0.000	1.01090407
1.450	0.050	0.000	1.01134193
1.550	0.050	0.000	1.01201046
1.650	0.050	0.000	1.01301634
1.750	0.050	0.000	1.01409781
1.850	0.050	0.000	1.01543522
1.950	0.050	0.000	1.01631927
2.050	0.050	0.000	1.01714492
2.150	0.050	0.000	1.01752710
2.250	0.050	0.000	1.01803112
2.350	0.050	0.000	1.01835871
2.450	0.050	0.000	1.01893115
-2.450	0.150	0.000	1.00878894
-2.350	0.150	0.000	1.00920486
-2.250	0.150	0.000	1.00785613
-2.150	0.150	0.000	1.00679576
-2.050	0.150	0.000	1.00580966
-1.950	0.150	0.000	1.00473583
-1.850	0.150	0.000	1.00491333
-1.750	0.150	0.000	1.00567257
-1.650	0.150	0.000	1.00688159
-1.550	0.150	0.000	1.00793624
-1.450	0.150	0.000	1.00866222
-1.350	0.150	0.000	1.00910139
-1.250	0.150	0.000	1.00944757
-1.150	0.150	0.000	1.00983679
-1.050	0.150	0.000	1.01038158
-0.950	0.150	0.000	1.01112604
-0.850	0.150	0.000	1.01197052
-0.750	0.150	0.000	1.01277554
-0.650	0.150	0.000	1.01352072
-0.550	0.150	0.000	1.01405060
-0.450	0.150	0.000	1.01445305
-0.350	0.150	0.000	1.01443481
-0.250	0.150	0.000	1.01396155
-0.150	0.150	0.000	1.01308095
-0.050	0.150	0.000	1.01211119
0.050	0.150	0.000	1.01137531
0.150	0.150	0.000	1.01118934
0.250	0.150	0.000	1.01145816
0.350	0.150	0.000	1.01182556
0.450	0.150	0.000	1.01216781
0.550	0.150	0.000	1.01220989
0.650	0.150	0.000	1.01198530
0.750	0.150	0.000	1.01159167
0.850	0.150	0.000	1.01117408
0.950	0.150	0.000	1.01091373
1.050	0.150	0.000	1.01078415
1.150	0.150	0.000	1.01082444
1.250	0.150	0.000	1.01097965
1.350	0.150	0.000	1.01126790
1.450	0.150	0.000	1.01168323
1.550	0.150	0.000	1.01232326
1.650	0.150	0.000	1.01330638
1.750	0.150	0.000	1.01440561
1.850	0.150	0.000	1.01576018
1.950	0.150	0.000	1.01675379
2.050	0.150	0.000	1.01760900
2.150	0.150	0.000	1.01802063
2.250	0.150	0.000	1.01847446
2.350	0.150	0.000	1.01871717
2.450	0.150	0.000	1.01939058
-2.450	0.250	0.000	1.00880373
-2.350	0.250	0.000	1.00945294
-2.250	0.250	0.000	1.00808752
-2.150	0.250	0.000	1.00699639
-2.050	0.250	0.000	1.00586379
-1.950	0.250	0.000	1.00461137
-1.850	0.250	0.000	1.00464511
-1.750	0.250	0.000	1.00534534
-1.650	0.250	0.000	1.00657129
-1.550	0.250	0.000	1.00775647
-1.450	0.250	0.000	1.00862515
-1.350	0.250	0.000	1.00906539
-1.250	0.250	0.000	1.00931156
-1.150	0.250	0.000	1.00954580
-1.050	0.250	0.000	1.00994492
-0.950	0.250	0.000	1.01061118
-0.850	0.250	0.000	1.01147425
-0.750	0.250	0.000	1.01238847
-0.650	0.250	0.000	1.01331270
-0.550	0.250	0.000	1.01405501
-0.450	0.250	0.000	1.01469553
-0.350	0.250	0.000	1.01485300
-0.250	0.250	0.000	1.01446986
-0.150	0.250	0.000	1.01358831
-0.050	0.250	0.000	1.01257849
0.050	0.250	0.000	1.01176202
0.150	0.250	0.000	1.01146770
0.250	0.250	0.000	1.01169932
0.350	0.250	0.000	1.01210892
0.450	0.250	0.000	1.01249719
0.550	0.250	0.000	1.01258302
0.650	0.250	0.000	1.01236045
0.750	0.250	0.000	1.01191294
0.850	0.250	0.000	1.01140833
0.950	0.250	0.000	1.01109862
1.050	0.250	0.000	1.01096308
1.150	0.250	0.000	1.01102352
1.250	0.250	0.000	1.01122391
1.350	0.250	0.000	1.01159954
1.450	0.250	0.000	1.01207387
1.550	0.250	0.000	1.01263893
1.650	0.250	0.000	1.01350045
1.750	0.250	0.000	1.01456678
1.850	0.250	0.000	1.01589036
1.950	0.250	0.000	1.01690841
2.050	0.250	0.000	1.01773226
2.150	0.250	0.000	1.01812601
2.250	0.250	0.000	1.01851118
2.350	0.250	0.000	1.01861012
2.450	0.250	0.000	1.01940763
-2.450	0.350	0.000	1.00923181
-2.350	0.350	0.000	1.01015580
-2.250	0.350	0.000	1.00881231
-2.150	0.350	0.000	1.00771821
-2.050	0.350	0.000	1.00648725
-1.950	0.350	0.000	1.00506365
-1.850	0.350	0.000	1.00483704
-1.750	0.350	0.000	1.00533521
-1.650	0.350	0.000	1.00651562
-1.550	0.350	0.000	1.00779688
-1.450	0.350	0.000	1.00878549
-1.350	0.350	0.000	1.00926316
-1.250	0.350	0.000	1.00946832
-1.150	0.350	0.000	1.00962102
-1.050	0.350	0.000	1.00992250
-0.950	0.350	0.000	1.01046610
-0.850	0.350	0.000	1.01123846
-0.750	0.350	0.000	1.01215923
-0.650	0.350	0.000	1.01314712
-0.550	0.350	0.000	1.01408887
-0.450	0.350	0.000	1.01484525
-0.350	0.350	0.000	1.01517200
-0.250	0.350	0.000	1.01492727
-0.150	0.350	0.000	1.01415265
-0.050	0.350	0.000	1.01317394
0.050	0.350	0.000	1.01232350
0.150	0.350	0.000	1.01190317
0.250	0.350	0.000	1.01208436
0.350	0.350	0.000	1.01251280
0.450	0.350	0.000	1.01292968
0.550	0.350	0.000	1.01305139
0.650	0.350	0.000	1.01285577
0.750	0.350	0.000	1.01241469
0.850	0.350	0.000	1.01186156
0.950	0.350	0.000	1.01143968
1.050	0.350	0.000	1.01123250
1.150	0.350	0.000	1.01124978
1.250	0.350	0.000	1.01144671
1.350	0.350	0.000	1.01181901
1.450	0.350	0.000	1.01230180
1.550	0.350	0.000	1.01295459
1.650	0.350	0.000	1.01387799
1.750	0.350	0.000	1.01495135
1.850	0.350	0.000	1.01626956
1.950	0.350	0.000	1.01737320
2.050	0.350	0.000	1.01814425
2.150	0.350	0.000	1.01857936
2.250	0.350	0.000	1.01890278
2.350	0.350	0.000	1.01899803
2.450	0.350	0.000	1.01993418
-2.450	0.450	0.000	1.01013851
-2.350	0.450	0.000	1.01129735
-2.250	0.450	0.000	1.01001549
-2.150	0.450	0.000	1.00888872
-2.050	0.450	0.000	1.00756884
-1.950	0.450	0.000	1.00600302
-1.850	0.450	0.000	1.00543177
-1.750	0.450	0.000	1.00565350
-1.650	0.450	0.000	1.00661898
-1.550	0.450	0.000	1.00783467
-1.450	0.450	0.000	1.00883996
-1.350	0.450	0.000	1.00932682
-1.250	0.450	0.000	1.00951445
-1.150	0.450	0.000	1.00963676
-1.050	0.450	0.000	1.00994909
-0.950	0.450	0.000	1.01056445
-0.850	0.450	0.000	1.01143324
-0.750	0.450	0.000	1.01248837
-0.650	0.450	0.000	1.01354933
-0.550	0.450	0.000	1.01450443
-0.450	0.450	0.000	1.01520967
-0.350	0.450	0.000	1.01552641
-0.250	0.450	0.000	1.01532054
-0.150	0.450	0.000	1.01463103
-0.050	0.450	0.000	1.01376343
0.050	0.450	0.000	1.01302028
0.150	0.450	0.000	1.01257062
0.250	0.450	0.000	1.01267660
0.350	0.450	0.000	1.01304603
0.450	0.450	0.000	1.01345539
0.550	0.450	0.000	1.01362479
0.650	0.450	0.000	1.01341081
0.750	0.450	0.000	1.01293588
0.850	0.450	0.000	1.01233077
0.950	0.450	0.000	1.01189506
1.050	0.450	0.000	1.01165736
1.150	0.450	0.000	1.01161098
1.250	0.450	0.000	1.01171947
1.350	0.450	0.000	1.01204371
1.450	0.450	0.000	1.01250434
1.550	0.450	0.000	1.01308703
1.650	0.450	0.000	1.01396608
1.750	0.450	0.000	1.01506686
1.850	0.450	0.000	1.01636469
1.950	0.450	0.000	1.01746893
2.050	0.450	0.000	1.01815736
2.150	0.450	0.000	1.01860261
2.250	0.450	0.000	1.01887822
2.350	0.450	0.000	1.01895845
2.450	0.450	0.000	1.02013767
-2.450	0.550	0.000	1.01125431
-2.350	0.550	0.000	1.01258600
-2.250	0.550	0.000	1.01140082
-2.150	0.550	0.000	1.01034427
-2.050	0.550	0.000	1.00903118
-1.950	0.550	0.000	1.00733185
-1.850	0.550	0.000	1.00640750
-1.750	0.550	0.000	1.00624824
-1.650	0.550	0.000	1.00692642
-1.550	0.550	0.000	1.00799119
-1.450	0.550	0.000	1.00901616
-1.350	0.550	0.000	1.00959218
-1.250	0.550	0.000	1.00976765
-1.150	0.550	0.000	1.00984991
-1.050	0.550	0.000	1.01004088
-0.950	0.550	0.000	1.01052237
-0.850	0.550	0.000	1.01135182
-0.750	0.550	0.000	1.01248837
-0.650	0.550	0.000	1.01371658
-0.550	0.550	0.000	1.01472974
-0.450	0.550	0.000	1.01543212
-0.350	0.550	0.000	1.01567984
-0.250	0.550	0.000	1.01551485
-0.150	0.550	0.000	1.01492274
-0.050	0.550	0.000	1.01416743
0.050	0.550	0.000	1.01353157
0.150	0.550	0.000	1.01315570
0.250	0.550	0.000	1.01325762
0.350	0.550	0.000	1.01363266
0.450	0.550	0.000	1.01405382
0.550	0.550	0.000	1.01426792
0.650	0.550	0.000	1.01412785
0.750	0.550	0.000	1.01369572
0.850	0.550	0.000	1.01308274
0.950	0.550	0.000	1.01252735
1.050	0.550	0.000	1.01223660
1.150	0.550	0.000	1.01214111
1.250	0.550	0.000	1.01218438
1.350	0.550	0.000	1.01242316
1.450	0.550	0.000	1.01281774
1.550	0.550	0.000	1.01337612
1.650	0.550	0.000	1.01424694
1.750	0.550	0.000	1.01533699
1.850	0.550	0.000	1.01658249
1.950	0.550	0.000	1.01768792
2.050	0.550	0.000	1.01837099
2.150	0.550	0.000	1.01886070
2.250	0.550	0.000	1.01916003
2.350	0.550	0.000	1.01943588
2.450	0.550	0.000	1.02081084
-2.450	0.650	0.000	1.01194334
-2.350	0.650	0.000	1.01338744
-2.250	0.650	0.000	1.01237881
-2.150	0.650	0.000	1.01140893
-2.050	0.650	0.000	1.01025236
-1.950	0.650	0.000	1.00856066
-1.850	0.650	0.000	1.00750256
-1.750	0.650	0.000	1.00694776
-1.650	0.650	0.000	1.00719821
-1.550	0.650	0.000	1.00798094
-1.450	0.650	0.000	1.00889194
-1.350	0.650	0.000	1.00962877
-1.250	0.650	0.000	1.01001894
-1.150	0.650	0.000	1.01019073
-1.050	0.650	0.000	1.01034153
-0.950	0.650	0.000	1.01071811
-0.850	0.650	0.000	1.01142144
-0.750	0.650	0.000	1.01242042
-0.650	0.650	0.000	1.01355267
-0.550	0.650	0.000	1.01455057
-0.450	0.650	0.000	1.01525223
-0.350	0.650	0.000	1.01555514
-0.250	0.650	0.000	1.01550722
-0.150	0.650	0.000	1.01506722
-0.050	0.650	0.000	1.01446033
0.050	0.650	0.000	1.01393926
0.150	0.650	0.000	1.01360774
0.250	0.650	0.000	1.01369834
0.350	0.650	0.000	1.01404524
0.450	0.650	0.000	1.01448023
0.550	0.650	0.000	1.01478255
0.650	0.650	0.000	1.01472628
0.750	0.650	0.000	1.01435637
0.850	0.650	0.000	1.01373684
0.950	0.650	0.000	1.01313663
1.050	0.650	0.000	1.01277411
1.150	0.650	0.000	1.01264644
1.250	0.650	0.000	1.01264191
1.350	0.650	0.000	1.01280999
1.450	0.650	0.000	1.01313901
1.550	0.650	0.000	1.01364434
1.650	0.650	0.000	1.01449668
1.750	0.650	0.000	1.01559067
1.850	0.650	0.000	1.01681662
1.950	0.650	0.000	1.01788449
2.050	0.650	0.000	1.01850629
2.150	0.650	0.000	1.01897144
2.250	0.650	0.000	1.01923382
2.350	0.650	0.000	1.01971960
2.450	0.650	0.000	1.02120054
-2.450	0.750	0.000	1.01249421
-2.350	0.750	0.000	1.01394236
-2.250	0.750	0.000	1.01312983
-2.150	0.750	0.000	1.01223087
-2.050	0.750	0.000	1.01120698
-1.950	0.750	0.000	1.00954950
-1.850	0.750	0.000	1.00841403
-1.750	0.750	0.000	1.00752223
-1.650	0.750	0.000	1.00738466
-1.550	0.750	0.000	1.00784302
-1.450	0.750	0.000	1.00857186
-1.350	0.750	0.000	1.00933754
-1.250	0.750	0.000	1.00990415
-1.150	0.750	0.000	1.01024842
-1.050	0.750	0.000	1.01048660
-0.950	0.750	0.000	1.01084137
-0.850	0.750	0.000	1.01148975
-0.750	0.750	0.000	1.01241243
-0.650	0.750	0.000	1.01345289
-0.550	0.750	0.000	1.01433969
-0.450	0.750	0.000	1.01500070
-0.350	0.750	0.000	1.01535165
-0.250	0.750	0.000	1.01537263
-0.150	0.750	0.000	1.01505053
-0.050	0.750	0.000	1.01453662
0.050	0.750	0.000	1.01406050
0.150	0.750	0.000	1.01378167
0.250	0.750	0.000	1.01383901
0.350	0.750	0.000	1.01417792
0.450	0.750	0.000	1.01467204
0.550	0.750	0.000	1.01504493
0.650	0.750	0.000	1.01505864
0.750	0.750	0.000	1.01479614
0.850	0.750	0.000	1.01427221
0.950	0.750	0.000	1.01375067
1.050	0.750	0.000	1.01340413
1.150	0.750	0.000	1.01327157
1.250	0.750	0.000	1.01326299
1.350	0.750	0.000	1.01340032
1.450	0.750	0.000	1.01366174
1.550	0.750	0.000	1.01403010
1.650	0.750	0.000	1.01474762
1.750	0.750	0.000	1.01575744
1.850	0.750	0.000	1.01693177
1.950	0.750	0.000	1.01801825
2.050	0.750	0.000	1.01869202
2.150	0.750	0.000	1.01927400
2.250	0.750	0.000	1.01961696
2.350	0.750	0.000	1.02030706
2.450	0.750	0.000	1.02182305
-2.450	0.850	0.000	1.01303148
-2.350	0.850	0.000	1.01452971
-2.250	0.850	0.000	1.01392543
-2.150	0.850	0.000	1.01314735
-2.050	0.850	0.000	1.01224506
-1.950	0.850	0.000	1.01067948
-1.850	0.850	0.000	1.00945961
-1.750	0.850	0.000	1.00829959
-1.650	0.850	0.000	1.00767994
-1.550	0.850	0.000	1.00768685
-1.450	0.850	0.000	1.00818479
-1.350	0.850	0.000	1.00894439
-1.250	0.850	0.000	1.00971556
-1.150	0.850	0.000	1.01029670
-1.050	0.850	0.000	1.01063323
-0.950	0.850	0.000	1.01086819
-0.850	0.850	0.000	1.01125526
-0.750	0.850	0.000	1.01198792
-0.650	0.850	0.000	1.01293373
-0.550	0.850	0.000	1.01383412
-0.450	0.850	0.000	1.01448214
-0.350	0.850	0.000	1.01487553
-0.250	0.850	0.000	1.01495850
-0.150	0.850	0.000	1.01473320
-0.050	0.850	0.000	1.01432955
0.050	0.850	0.000	1.01391160
0.150	0.850	0.000	1.01367676
0.250	0.850	0.000	1.01371396
0.350	0.850	0.000	1.01403725
0.450	0.850	0.000	1.01454055
0.550	0.850	0.000	1.01501739
0.650	0.850	0.000	1.01522243
0.750	0.850	0.000	1.01510155
0.850	0.850	0.000	1.01465893
0.950	0.850	0.000	1.01413870
1.050	0.850	0.000	1.01375151
1.150	0.850	0.000	1.01362383
1.250	0.850	0.000	1.01365387
1.350	0.850	0.000	1.01382530
1.450	0.850	0.000	1.01414263
1.550	0.850	0.000	1.01455927
1.650	0.850	0.000	1.01527941
1.750	0.850	0.000	1.01621330
1.850	0.850	0.000	1.01726687
1.950	0.850	0.000	1.01823092
2.050	0.850	0.000	1.01887548
2.150	0.850	0.000	1.01950550
2.250	0.850	0.000	1.01993513
2.350	0.850	0.000	1.02098513
2.450	0.850	0.000	1.02240741
-2.450	0.950	0.000	1.01360083
-2.350	0.950	0.000	1.01512933
-2.250	0.950	0.000	1.01463783
-2.150	0.950	0.000	1.01392484
-2.050	0.950	0.000	1.01311958
-1.950	0.950	0.000	1.01163852
-1.850	0.950	0.000	1.01039314
-1.750	0.950	0.000	1.00905466
-1.650	0.950	0.000	1.00801766
-1.550	0.950	0.000	1.00751889
-1.450	0.950	0.000	1.00771177
-1.350	0.950	0.000	1.00839591
-1.250	0.950	0.000	1.00930333
-1.150	0.950	0.000	1.01025605
-1.050	0.950	0.000	1.01103234
-0.950	0.950	0.000	1.01154006
-0.850	0.950	0.000	1.01187944
-0.750	0.950	0.000	1.01226366
-0.650	0.950	0.000	1.01290464
-0.550	0.950	0.000	1.01365471
-0.450	0.950	0.000	1.01436889
-0.350	0.950	0.000	1.01473987
-0.250	0.950	0.000	1.01484561
-0.150	0.950	0.000	1.01459289
-0.050	0.950	0.000	1.01415718
0.050	0.950	0.000	1.01374853
0.150	0.950	0.000	1.01355875
0.250	0.950	0.000	1.01357198
0.350	0.950	0.000	1.01387298
0.450	0.950	0.000	1.01436710
0.550	0.950	0.000	1.01484823
0.650	0.950	0.000	1.01515007
0.750	0.950	0.000	1.01512694
0.850	0.950	0.000	1.01483440
0.950	0.950	0.000	1.01443112
1.050	0.950	0.000	1.01411927
1.150	0.950	0.000	1.01403832
1.250	0.950	0.000	1.01411438
1.350	0.950	0.000	1.01429558
1.450	0.950	0.000	1.01460528
1.550	0.950	0.000	1.01502228
1.650	0.950	0.000	1.01574528
1.750	0.950	0.000	1.01665461
1.850	0.950	0.000	1.01769924
1.950	0.950	0.000	1.01862967
2.050	0.950	0.000	1.01922774
2.150	0.950	0.000	1.01980102
2.250	0.950	0.000	1.02016246
2.350	0.950	0.000	1.02126002
2.450	0.950	0.000	1.02283037
-2.450	1.050	0.000	1.01459193
-2.350	1.050	0.000	1.01628304
-2.250	1.050	0.000	1.01592541
-2.150	1.050	0.000	1.01526666
-2.050	1.050	0.000	1.01450515
-1.950	1.050	0.000	1.01303208
-1.850	1.050	0.000	1.01165318
-1.750	1.050	0.000	1.01015556
-1.650	1.050	0.000	1.00864458
-1.550	1.050	0.000	1.00753379
-1.450	1.050	0.000	1.00720561
-1.350	1.050	0.000	1.00766718
-1.250	1.050	0.000	1.00871253
-1.150	1.050	0.000	1.00986874
-1.050	1.050	0.000	1.01079285
-0.950	1.050	0.000	1.01156950
-0.850	1.050	0.000	1.01207280
-0.750	1.050	0.000	1.01256871
-0.650	1.050	0.000	1.01310217
-0.550	1.050	0.000	1.01368701
-0.450	1.050	0.000	1.01424754
-0.350	1.050	0.000	1.01458669
-0.250	1.050	0.000	1.01467848
-0.150	1.050	0.000	1.01450872
-0.050	1.050	0.000	1.01413381
0.050	1.050	0.000	1.01373160
0.150	1.050	0.000	1.01348531
0.250	1.050	0.000	1.01344061
0.350	1.050	0.000	1.01361215
0.450	1.050	0.000	1.01399744
0.550	1.050	0.000	1.01445532
0.650	1.050	0.000	1.01481164
0.750	1.050	0.000	1.01490629
0.850	1.050	0.000	1.01471782
0.950	1.050	0.000	1.01434815
1.050	1.050	0.000	1.01400924
1.150	1.050	0.000	1.01387942
1.250	1.050	0.000	1.01399517
1.350	1.050	0.000	1.01428318
1.450	1.050	0.000	1.01470065
1.550	1.050	0.000	1.01520395
1.650	1.050	0.000	1.01602554
1.750	1.050	0.000	1.01698697
1.850	1.050	0.000	1.01806009
1.950	1.050	0.000	1.01906061
2.050	1.050	0.000	1.01980376
2.150	1.050	0.000	1.02037346
2.250	1.050	0.000	1.02060568
2.350	1.050	0.000	1.02151811
2.450	1.050	0.000	1.02280438
-2.450	1.150	0.000	1.01575136
-2.350	1.150	0.000	1.01761365
-2.250	1.150	0.000	1.01754177
-2.150	1.150	0.000	1.01705456
-2.050	1.150	0.000	1.01649642
-1.950	1.150	0.000	1.01513302
-1.850	1.150	0.000	1.01374435
-1.750	1.150	0.000	1.01218128
-1.650	1.150	0.000	1.01029325
-1.550	1.150	0.000	1.00859606
-1.450	1.150	0.000	1.00758255
-1.350	1.150	0.000	1.00735152
-1.250	1.150	0.000	1.00808859
-1.150	1.150	0.000	1.00956321
-1.050	1.150	0.000	1.01097488
-0.950	1.150	0.000	1.01206195
-0.850	1.150	0.000	1.01269901
-0.750	1.150	0.000	1.01314652
-0.650	1.150	0.000	1.01363957
-0.550	1.150	0.000	1.01430416
-0.450	1.150	0.000	1.01484478
-0.350	1.150	0.000	1.01509070
-0.250	1.150	0.000	1.01495612
-0.150	1.150	0.000	1.01463497
-0.050	1.150	0.000	1.01429462
0.050	1.150	0.000	1.01401711
0.150	1.150	0.000	1.01391006
0.250	1.150	0.000	1.01393008
0.350	1.150	0.000	1.01404130
0.450	1.150	0.000	1.01426411
0.550	1.150	0.000	1.01455688
0.650	1.150	0.000	1.01482892
0.750	1.150	0.000	1.01493406
0.850	1.150	0.000	1.01482415
0.950	1.150	0.000	1.01453698
1.050	1.150	0.000	1.01419818
1.150	1.150	0.000	1.01399875
1.250	1.150	0.000	1.01401460
1.350	1.150	0.000	1.01424611
1.450	1.150	0.000	1.01470602
1.550	1.150	0.000	1.01538658
1.650	1.150	0.000	1.01643860
1.750	1.150	0.000	1.01759636
1.850	1.150	0.000	1.01880848
1.950	1.150	0.000	1.01970696
2.050	1.150	0.000	1.02021623
2.150	1.150	0.000	1.02051473
2.250	1.150	0.000	1.02067912
2.350	1.150	0.000	1.02134216
2.450	1.150	0.000	1.02261627
-2.450	1.250	0.000	1.01671278
-2.350	1.250	0.000	1.01874769
-2.250	1.250	0.000	1.01893592
-2.150	1.250	0.000	1.01863039
-2.050	1.250	0.000	1.01826334
-1.950	1.250	0.000	1.01711309
-1.850	1.250	0.000	1.01589847
-1.750	1.250	0.000	1.01447153
-1.650	1.250	0.000	1.01250362
-1.550	1.250	0.000	1.01037347
-1.450	1.250	0.000	1.00859106
-1.350	1.250	0.000	1.00769341
-1.250	1.250	0.000	1.00766850
-1.150	1.250	0.000	1.00859022
-1.050	1.250	0.000	1.01017118
-0.950	1.250	0.000	1.01177144
-0.850	1.250	0.000	1.01311994
-0.750	1.250	0.000	1.01391292
-0.650	1.250	0.000	1.01444578
-0.550	1.250	0.000	1.01478136
-0.450	1.250	0.000	1.01512623
-0.350	1.250	0.000	1.01538718
-0.250	1.250	0.000	1.01532924
-0.150	1.250	0.000	1.01497495
-0.050	1.250	0.000	1.01451588
0.050	1.250	0.000	1.01422656
0.150	1.250	0.000	1.01415813
0.250	1.250	0.000	1.01419353
0.350	1.250	0.000	1.01433289
0.450	1.250	0.000	1.01455724
0.550	1.250	0.000	1.01482856
0.650	1.250	0.000	1.01508331
0.750	1.250	0.000	1.01519132
0.850	1.250	0.000	1.01503170
0.950	1.250	0.000	1.01470017
1.050	1.250	0.000	1.01432133
1.150	1.250	0.000	1.01407146
1.250	1.250	0.000	1.01402843
1.350	1.250	0.000	1.01423240
1.450	1.250	0.000	1.01469254
1.550	1.250	0.000	1.01536882
1.650	1.250	0.000	1.01647484
1.750	1.250	0.000	1.01770127
1.850	1.250	0.000	1.01906788
1.950	1.250	0.000	1.02013719
2.050	1.250	0.000	1.02078736
2.150	1.250	0.000	1.02107882
2.250	1.250	0.000	1.02124989
2.350	1.250	0.000	1.02178872
2.450	1.250	0.000	1.02257383
-2.450	1.350	0.000	1.01715732
-2.350	1.350	0.000	1.01940536
-2.250	1.350	0.000	1.01990628
-2.150	1.350	0.000	1.01984918
-2.050	1.350	0.000	1.01969075
-1.950	1.350	0.000	1.01890004
-1.850	1.350	0.000	1.01802588
-1.750	1.350	0.000	1.01694977
-1.650	1.350	0.000	1.01521623
-1.550	1.350	0.000	1.01292086
-1.450	1.350	0.000	1.01048696
-1.350	1.350	0.000	1.00863695
-1.250	1.350	0.000	1.00779462
-1.150	1.350	0.000	1.00818026
-1.050	1.350	0.000	1.00943649
-0.950	1.350	0.000	1.01089132
-0.850	1.350	0.000	1.01241910
-0.750	1.350	0.000	1.01381028
-0.650	1.350	0.000	1.01511860
-0.550	1.350	0.000	1.01601315
-0.450	1.350	0.000	1.01620555
-0.350	1.350	0.000	1.01605785
-0.250	1.350	0.000	1.01559782
-0.150	1.350	0.000	1.01518500
-0.050	1.350	0.000	1.01489091
0.050	1.350	0.000	1.01476455
0.150	1.350	0.000	1.01480758
0.250	1.350	0.000	1.01490796
0.350	1.350	0.000	1.01502931
0.450	1.350	0.000	1.01516163
0.550	1.350	0.000	1.01527512
0.650	1.350	0.000	1.01538348
0.750	1.350	0.000	1.01546395
0.850	1.350	0.000	1.01541138
0.950	1.350	0.000	1.01520407
1.050	1.350	0.000	1.01485944
1.150	1.350	0.000	1.01453233
1.250	1.350	0.000	1.01431954
1.350	1.350	0.000	1.01434124
1.450	1.350	0.000	1.01467919
1.550	1.350	0.000	1.01529562
1.650	1.350	0.000	1.01646233
1.750	1.350	0.000	1.01782596
1.850	1.350	0.000	1.01937759
1.950	1.350	0.000	1.02052844
2.050	1.350	0.000	1.02125645
2.150	1.350	0.000	1.02137756
2.250	1.350	0.000	1.02146959
2.350	1.350	0.000	1.02153158
2.450	1.350	0.000	1.02210295
-2.450	1.450	0.000	1.01689315
-2.350	1.450	0.000	1.01921129
-2.250	1.450	0.000	1.02003884
-2.150	1.450	0.000	1.02032852
-2.050	1.450	0.000	1.02044797
-1.950	1.450	0.000	1.01995850
-1.850	1.450	0.000	1.01929247
-1.750	1.450	0.000	1.01849127
-1.650	1.450	0.000	1.01725769
-1.550	1.450	0.000	1.01537979
-1.450	1.450	0.000	1.01302826
-1.350	1.450	0.000	1.01062417
-1.250	1.450	0.000	1.00883687
-1.150	1.450	0.000	1.00799060
-1.050	1.450	0.000	1.00841594
-0.950	1.450	0.000	1.00969982
-0.850	1.450	0.000	1.01137662
-0.750	1.450	0.000	1.01297259
-0.650	1.450	0.000	1.01442659
-0.550	1.450	0.000	1.01564753
-0.450	1.450	0.000	1.01619148
-0.350	1.450	0.000	1.01631176
-0.250	1.450	0.000	1.01595986
-0.150	1.450	0.000	1.01545322
-0.050	1.450	0.000	1.01499975
0.050	1.450	0.000	1.01476312
0.150	1.450	0.000	1.01478684
0.250	1.450	0.000	1.01493216
0.350	1.450	0.000	1.01515865
0.450	1.450	0.000	1.01537693
0.550	1.450	0.000	1.01552904
0.650	1.450	0.000	1.01559091
0.750	1.450	0.000	1.01553857
0.850	1.450	0.000	1.01537871
0.950	1.450	0.000	1.01517153
1.050	1.450	0.000	1.01497197
1.150	1.450	0.000	1.01489210
1.250	1.450	0.000	1.01488793
1.350	1.450	0.000	1.01496029
1.450	1.450	0.000	1.01522386
1.550	1.450	0.000	1.01569068
1.650	1.450	0.000	1.01668000
1.750	1.450	0.000	1.01787889
1.850	1.450	0.000	1.01937509
1.950	1.450	0.000	1.02055800
2.050	1.450	0.000	1.02142596
2.150	1.450	0.000	1.02182567
2.250	1.450	0.000	1.02202201
2.350	1.450	0.000	1.02249908
2.450	1.450	0.000	1.02268767
-2.450	1.550	0.000	1.01653671
-2.350	1.550	0.000	1.01877403
-2.250	1.550	0.000	1.01975393
-2.150	1.550	0.000	1.02023387
-2.050	1.550	0.000	1.02057850
-1.950	1.550	0.000	1.02043772
-1.850	1.550	0.000	1.02022696
-1.750	1.550	0.000	1.01973498
-1.650	1.550	0.000	1.01897216
-1.550	1.550	0.000	1.01752377
-1.450	1.550	0.000	1.01555967
-1.350	1.550	0.000	1.01328468
-1.250	1.550	0.000	1.01106417
-1.150	1.550	0.000	1.00952160
-1.050	1.550	0.000	1.00913465
-0.950	1.550	0.000	1.00970852
-0.850	1.550	0.000	1.01080441
-0.750	1.550	0.000	1.01230657
-0.650	1.550	0.000	1.01384175
-0.550	1.550	0.000	1.01514888
-0.450	1.550	0.000	1.01589429
-0.350	1.550	0.000	1.01626456
-0.250	1.550	0.000	1.01627064
-0.150	1.550	0.000	1.01599038
-0.050	1.550	0.000	1.01556981
0.050	1.550	0.000	1.01522219
0.150	1.550	0.000	1.01512671
0.250	1.550	0.000	1.01519704
0.350	1.550	0.000	1.01542044
0.450	1.550	0.000	1.01570725
0.550	1.550	0.000	1.01592350
0.650	1.550	0.000	1.01602268
0.750	1.550	0.000	1.01599836
0.850	1.550	0.000	1.01582205
0.950	1.550	0.000	1.01561642
1.050	1.550	0.000	1.01532412
1.150	1.550	0.000	1.01508617
1.250	1.550	0.000	1.01496863
1.350	1.550	0.000	1.01498020
1.450	1.550	0.000	1.01521289
1.550	1.550	0.000	1.01572239
1.650	1.550	0.000	1.01669466
1.750	1.550	0.000	1.01776671
1.850	1.550	0.000	1.01922679
1.950	1.550	0.000	1.02032578
2.050	1.550	0.000	1.02123713
2.150	1.550	0.000	1.02168608
2.250	1.550	0.000	1.02201772
2.350	1.550	0.000	1.02212524
2.450	1.550	0.000	1.02217233
-2.450	1.650	0.000	1.01618445
-2.350	1.650	0.000	1.01834989
-2.250	1.650	0.000	1.01941025
-2.150	1.650	0.000	1.01998281
-2.050	1.650	0.000	1.02047956
-1.950	1.650	0.000	1.02041757
-1.850	1.650	0.000	1.02027941
-1.750	1.650	0.000	1.02006149
-1.650	1.650	0.000	1.01964498
-1.550	1.650	0.000	1.01872301
-1.450	1.650	0.000	1.01736450
-1.350	1.650	0.000	1.01548457
-1.250	1.650	0.000	1.01336038
-1.150	1.650	0.000	1.01145279
-1.050	1.650	0.000	1.01001036
-0.950	1.650	0.000	1.00977004
-0.850	1.650	0.000	1.01039314
-0.750	1.650	0.000	1.01162612
-0.650	1.650	0.000	1.01301670
-0.550	1.650	0.000	1.01443458
-0.450	1.650	0.000	1.01539969
-0.350	1.650	0.000	1.01586437
-0.250	1.650	0.000	1.01595652
-0.150	1.650	0.000	1.01576090
-0.050	1.650	0.000	1.01548636
0.050	1.650	0.000	1.01532257
0.150	1.650	0.000	1.01530778
0.250	1.650	0.000	1.01539576
0.350	1.650	0.000	1.01555312
0.450	1.650	0.000	1.01575184
0.550	1.650	0.000	1.01590991
0.650	1.650	0.000	1.01597881
0.750	1.650	0.000	1.01592457
0.850	1.650	0.000	1.01581395
0.950	1.650	0.000	1.01562381
1.050	1.650	0.000	1.01543236
1.150	1.650	0.000	1.01542711
1.250	1.650	0.000	1.01565588
1.350	1.650	0.000	1.01605558
1.450	1.650	0.000	1.01640296
1.550	1.650	0.000	1.01662016
1.650	1.650	0.000	1.01711965
1.750	1.650	0.000	1.01798570
1.850	1.650	0.000	1.01922703
1.950	1.650	0.000	1.02016568
2.050	1.650	0.000	1.02102864
2.150	1.650	0.000	1.02167332
2.250	1.650	0.000	1.02223456
2.350	1.650	0.000	1.02316737
2.450	1.650	0.000	1.02334988
-2.450	1.750	0.000	1.01600587
-2.350	1.750	0.000	1.01826954
-2.250	1.750	0.000	1.01956403
-2.150	1.750	0.000	1.02024257
-2.050	1.750	0.000	1.02083862
-1.950	1.750	0.000	1.02095258
-1.850	1.750	0.000	1.02110815
-1.750	1.750	0.000	1.02106810
-1.650	1.750	0.000	1.02079272
-1.550	1.750	0.000	1.02003801
-1.450	1.750	0.000	1.01892972
-1.350	1.750	0.000	1.01749182
-1.250	1.750	0.000	1.01577377
-1.150	1.750	0.000	1.01396692
-1.050	1.750	0.000	1.01233876
-0.950	1.750	0.000	1.01129723
-0.850	1.750	0.000	1.01101625
-0.750	1.750	0.000	1.01139998
-0.650	1.750	0.000	1.01228249
-0.550	1.750	0.000	1.01342571
-0.450	1.750	0.000	1.01449907
-0.350	1.750	0.000	1.01515639
-0.250	1.750	0.000	1.01545990
-0.150	1.750	0.000	1.01553714
-0.050	1.750	0.000	1.01554847
0.050	1.750	0.000	1.01565635
0.150	1.750	0.000	1.01584530
0.250	1.750	0.000	1.01607275
0.350	1.750	0.000	1.01623046
0.450	1.750	0.000	1.01636052
0.550	1.750	0.000	1.01647484
0.650	1.750	0.000	1.01655066
0.750	1.750	0.000	1.01650643
0.850	1.750	0.000	1.01623285
0.950	1.750	0.000	1.01586366
1.050	1.750	0.000	1.01554859
1.150	1.750	0.000	1.01535046
1.250	1.750	0.000	1.01547086
1.350	1.750	0.000	1.01585495
1.450	1.750	0.000	1.01643038
1.550	1.750	0.000	1.01702321
1.650	1.750	0.000	1.01774013
1.750	1.750	0.000	1.01825678
1.850	1.750	0.000	1.01903725
1.950	1.750	0.000	1.01974046
2.050	1.750	0.000	1.02055252
2.150	1.750	0.000	1.02122676
2.250	1.750	0.000	1.02223563
2.350	1.750	0.000	1.02336860
2.450	1.750	0.000	1.02348101
-2.450	1.850	0.000	1.01455140
-2.350	1.850	0.000	1.01666951
-2.250	1.850	0.000	1.01815367
-2.150	1.850	0.000	1.01920950
-2.050	1.850	0.000	1.02015746
-1.950	1.850	0.000	1.02049923
-1.850	1.850	0.000	1.02090526
-1.750	1.850	0.000	1.02110767
-1.650	1.850	0.000	1.02109134
-1.550	1.850	0.000	1.02063799
-1.450	1.850	0.000	1.01983452
-1.350	1.850	0.000	1.01880598
-1.250	1.850	0.000	1.01759601
-1.150	1.850	0.000	1.01614511
-1.050	1.850	0.000	1.01469302
-0.950	1.850	0.000	1.01348507
-0.850	1.850	0.000	1.01276326
-0.750	1.850	0.000	1.01261175
-0.650	1.850	0.000	1.01290166
-0.550	1.850	0.000	1.01346958
-0.450	1.850	0.000	1.01419902
-0.350	1.850	0.000	1.01476419
-0.250	1.850	0.000	1.01504564
-0.150	1.850	0.000	1.01514077
-0.050	1.850	0.000	1.01519918
0.050	1.850	0.000	1.01536894
0.150	1.850	0.000	1.01564050
0.250	1.850	0.000	1.01603830
0.350	1.850	0.000	1.01644361
0.450	1.850	0.000	1.01683581
0.550	1.850	0.000	1.01720893
0.650	1.850	0.000	1.01743805
0.750	1.850	0.000	1.01743853
0.850	1.850	0.000	1.01717210
0.950	1.850	0.000	1.01672387
1.050	1.850	0.000	1.01634848
1.150	1.850	0.000	1.01618028
1.250	1.850	0.000	1.01622808
1.350	1.850	0.000	1.01656258
1.450	1.850	0.000	1.01724088
1.550	1.850	0.000	1.01793754
1.650	1.850	0.000	1.01864922
1.750	1.850	0.000	1.01923203
1.850	1.850	0.000	1.01992881
1.950	1.850	0.000	1.02044094
2.050	1.850	0.000	1.02086532
2.150	1.850	0.000	1.02140379
2.250	1.850	0.000	1.02220809
2.350	1.850	0.000	1.02391899
2.450	1.850	0.000	1.02451980
-2.450	1.950	0.000	1.01388383
-2.350	1.950	0.000	1.01583374
-2.250	1.950	0.000	1.01727939
-2.150	1.950	0.000	1.01842260
-2.050	1.950	0.000	1.01952183
-1.950	1.950	0.000	1.01996315
-1.850	1.950	0.000	1.02042866
-1.750	1.950	0.000	1.02081561
-1.650	1.950	0.000	1.02106965
-1.550	1.950	0.000	1.02098203
-1.450	1.950	0.000	1.02047372
-1.350	1.950	0.000	1.01968479
-1.250	1.950	0.000	1.01889849
-1.150	1.950	0.000	1.01795530
-1.050	1.950	0.000	1.01686132
-0.950	1.950	0.000	1.01581645
-0.850	1.950	0.000	1.01504314
-0.750	1.950	0.000	1.01458728
-0.650	1.950	0.000	1.01439953
-0.550	1.950	0.000	1.01437080
-0.450	1.950	0.000	1.01444757
-0.350	1.950	0.000	1.01467156
-0.250	1.950	0.000	1.01486516
-0.150	1.950	0.000	1.01501012
-0.050	1.950	0.000	1.01521707
0.050	1.950	0.000	1.01550066
0.150	1.950	0.000	1.01587331
0.250	1.950	0.000	1.01636171
0.350	1.950	0.000	1.01690185
0.450	1.950	0.000	1.01741004
0.550	1.950	0.000	1.01785040
0.650	1.950	0.000	1.01823783
0.750	1.950	0.000	1.01838076
0.850	1.950	0.000	1.01818597
0.950	1.950	0.000	1.01759529
1.050	1.950	0.000	1.01691425
1.150	1.950	0.000	1.01643443
1.250	1.950	0.000	1.01628447
1.350	1.950	0.000	1.01657021
1.450	1.950	0.000	1.01718211
1.550	1.950	0.000	1.01791489
1.650	1.950	0.000	1.01877618
1.750	1.950	0.000	1.01952028
1.850	1.950	0.000	1.02030301
1.950	1.950	0.000	1.02075803
2.050	1.950	0.000	1.02111888
2.150	1.950	0.000	1.02163672
2.250	1.950	0.000	1.02259529
2.350	1.950	0.000	1.02459908
2.450	1.950	0.000	1.02531242
-2.450	2.050	0.000	1.01295257
-2.350	2.050	0.000	1.01488602
-2.250	2.050	0.000	1.01639402
-2.150	2.050	0.000	1.01747191
-2.050	2.050	0.000	1.01856709
-1.950	2.050	0.000	1.01899552
-1.850	2.050	0.000	1.01944792
-1.750	2.050	0.000	1.01979423
-1.650	2.050	0.000	1.02017176
-1.550	2.050	0.000	1.02039158
-1.450	2.050	0.000	1.02032113
-1.350	2.050	0.000	1.02003860
-1.250	2.050	0.000	1.01949763
-1.150	2.050	0.000	1.01883113
-1.050	2.050	0.000	1.01818395
-0.950	2.050	0.000	1.01760900
-0.850	2.050	0.000	1.01711309
-0.750	2.050	0.000	1.01672745
-0.650	2.050	0.000	1.01645696
-0.550	2.050	0.000	1.01615942
-0.450	2.050	0.000	1.01584613
-0.350	2.050	0.000	1.01567471
-0.250	2.050	0.000	1.01554823
-0.150	2.050	0.000	1.01536262
-0.050	2.050	0.000	1.01533282
0.050	2.050	0.000	1.01559138
0.150	2.050	0.000	1.01605272
0.250	2.050	0.000	1.01667094
0.350	2.050	0.000	1.01733148
0.450	2.050	0.000	1.01795781
0.550	2.050	0.000	1.01855516
0.650	2.050	0.000	1.01906037
0.750	2.050	0.000	1.01942718
0.850	2.050	0.000	1.01950669
0.950	2.050	0.000	1.01923299
1.050	2.050	0.000	1.01876521
1.150	2.050	0.000	1.01832187
1.250	2.050	0.000	1.01809335
1.350	2.050	0.000	1.01816881
1.450	2.050	0.000	1.01853549
1.550	2.050	0.000	1.01913106
1.650	2.050	0.000	1.01990485
1.750	2.050	0.000	1.02066505
1.850	2.050	0.000	1.02147877
1.950	2.050	0.000	1.02208352
2.050	2.050	0.000	1.02234757
2.150	2.050	0.000	1.02246523
2.250	2.050	0.000	1.02281976
2.350	2.050	0.000	1.02455270
2.450	2.050	0.000	1.02626646
-2.450	2.150	0.000	1.01261055
-2.350	2.150	0.000	1.01452088
-2.250	2.150	0.000	1.01630878
-2.150	2.150	0.000	1.01743495
-2.050	2.150	0.000	1.01842082
-1.950	2.150	0.000	1.01868677
-1.850	2.150	0.000	1.01902628
-1.750	2.150	0.000	1.01936781
-1.650	2.150	0.000	1.01972902
-1.550	2.150	0.000	1.02009428
-1.450	2.150	0.000	1.02025652
-1.350	2.150	0.000	1.02025175
-1.250	2.150	0.000	1.02011025
-1.150	2.150	0.000	1.01986623
-1.050	2.150	0.000	1.01952505
-0.950	2.150	0.000	1.01918674
-0.850	2.150	0.000	1.01903117
-0.750	2.150	0.000	1.01894069
-0.650	2.150	0.000	1.01874971
-0.550	2.150	0.000	1.01843739
-0.450	2.150	0.000	1.01791167
-0.350	2.150	0.000	1.01732361
-0.250	2.150	0.000	1.01679134
-0.150	2.150	0.000	1.01640344
-0.050	2.150	0.000	1.01624620
0.050	2.150	0.000	1.01636910
0.150	2.150	0.000	1.01666152
0.250	2.150	0.000	1.01710534
0.350	2.150	0.000	1.01764202
0.450	2.150	0.000	1.01819003
0.550	2.150	0.000	1.01872158
0.650	2.150	0.000	1.01927412
0.750	2.150	0.000	1.01975608
0.850	2.150	0.000	1.02011395
0.950	2.150	0.000	1.02017665
1.050	2.150	0.000	1.02004600
1.150	2.150	0.000	1.01973629
1.250	2.150	0.000	1.01948464
1.350	2.150	0.000	1.01944733
1.450	2.150	0.000	1.01962256
1.550	2.150	0.000	1.02008653
1.650	2.150	0.000	1.02075136
1.750	2.150	0.000	1.02143681
1.850	2.150	0.000	1.02225316
1.950	2.150	0.000	1.02293205
2.050	2.150	0.000	1.02350342
2.150	2.150	0.000	1.02387404
2.250	2.150	0.000	1.02421212
2.350	2.150	0.000	1.02579522
2.450	2.150	0.000	1.02732670
-2.450	2.250	0.000	1.01158988
-2.350	2.250	0.000	1.01319766
-2.250	2.250	0.000	1.01504934
-2.150	2.250	0.000	1.01632881
-2.050	2.250	0.000	1.01750648
-1.950	2.250	0.000	1.01790309
-1.850	2.250	0.000	1.01823843
-1.750	2.250	0.000	1.01857388
-1.650	2.250	0.000	1.01901507
-1.550	2.250	0.000	1.01947498
-1.450	2.250	0.000	1.01982331
-1.350	2.250	0.000	1.01996732
-1.250	2.250	0.000	1.02003086
-1.150	2.250	0.000	1.02001357
-1.050	2.250	0.000	1.02007306
-0.950	2.250	0.000	1.02017605
-0.850	2.250	0.000	1.02036119
-0.750	2.250	0.000	1.02043891
-0.650	2.250	0.000	1.02036464
-0.550	2.250	0.000	1.02023470
-0.450	2.250	0.000	1.01972520
-0.350	2.250	0.000	1.01906836
-0.250	2.250	0.000	1.01832032
-0.150	2.250	0.000	1.01767230
-0.050	2.250	0.000	1.01716614
0.050	2.250	0.000	1.01695490
0.150	2.250	0.000	1.01701438
0.250	2.250	0.000	1.01726747
0.350	2.250	0.000	1.01768422
0.450	2.250	0.000	1.01820886
0.550	2.250	0.000	1.01885438
0.650	2.250	0.000	1.01959348
0.750	2.250	0.000	1.02039218
0.850	2.250	0.000	1.02113271
0.950	2.250	0.000	1.02162325
1.050	2.250	0.000	1.02184808
1.150	2.250	0.000	1.02184033
1.250	2.250	0.000	1.02165318
1.350	2.250	0.000	1.02169752
1.450	2.250	0.000	1.02189291
1.550	2.250	0.000	1.02210581
1.650	2.250	0.000	1.02235985
1.750	2.250	0.000	1.02265751
1.850	2.250	0.000	1.02326620
1.950	2.250	0.000	1.02382684
2.050	2.250	0.000	1.02424443
2.150	2.250	0.000	1.02459836
2.250	2.250	0.000	1.02495205
2.350	2.250	0.000	1.02607167
2.450	2.250	0.000	1.02800322
-2.450	2.350	0.000	1.01170635
-2.350	2.350	0.000	1.01321924
-2.250	2.350	0.000	1.01504624
-2.150	2.350	0.000	1.01625276
-2.050	2.350	0.000	1.01747203
-1.950	2.350	0.000	1.01787865
-1.850	2.350	0.000	1.01819134
-1.750	2.350	0.000	1.01866114
-1.650	2.350	0.000	1.01925838
-1.550	2.350	0.000	1.01984155
-1.450	2.350	0.000	1.02029192
-1.350	2.350	0.000	1.02048421
-1.250	2.350	0.000	1.02062380
-1.150	2.350	0.000	1.02074587
-1.050	2.350	0.000	1.02086127
-0.950	2.350	0.000	1.02105200
-0.850	2.350	0.000	1.02137232
-0.750	2.350	0.000	1.02166927
-0.650	2.350	0.000	1.02178824
-0.550	2.350	0.000	1.02187181
-0.450	2.350	0.000	1.02154458
-0.350	2.350	0.000	1.02093339
-0.250	2.350	0.000	1.02016258
-0.150	2.350	0.000	1.01929581
-0.050	2.350	0.000	1.01854146
0.050	2.350	0.000	1.01786876
0.150	2.350	0.000	1.01758754
0.250	2.350	0.000	1.01752365
0.350	2.350	0.000	1.01765442
0.450	2.350	0.000	1.01791346
0.550	2.350	0.000	1.01831257
0.650	2.350	0.000	1.01890767
0.750	2.350	0.000	1.01969910
0.850	2.350	0.000	1.02061808
0.950	2.350	0.000	1.02145195
1.050	2.350	0.000	1.02211952
1.150	2.350	0.000	1.02256775
1.250	2.350	0.000	1.02260351
1.350	2.350	0.000	1.02254081
1.450	2.350	0.000	1.02264869
1.550	2.350	0.000	1.02298224
1.650	2.350	0.000	1.02351558
1.750	2.350	0.000	1.02392280
1.850	2.350	0.000	1.02454960
1.950	2.350	0.000	1.02517676
2.050	2.350	0.000	1.02565420
2.150	2.350	0.000	1.02604783
2.250	2.350	0.000	1.02651536
2.350	2.350	0.000	1.02755880
2.450	2.350	0.000	1.02944016
-2.450	2.450	0.000	1.01018500
-2.350	2.450	0.000	1.01146889
-2.250	2.450	0.000	1.01321602
-2.150	2.450	0.000	1.01437759
-2.050	2.450	0.000	1.01564550
-1.950	2.450	0.000	1.01621616
-1.850	2.450	0.000	1.01665676
-1.750	2.450	0.000	1.01721728
-1.650	2.450	0.000	1.01791513
-1.550	2.450	0.000	1.01857793
-1.450	2.450	0.000	1.01907694
-1.350	2.450	0.000	1.01937902
-1.250	2.450	0.000	1.01955283
-1.150	2.450	0.000	1.01971483
-1.050	2.450	0.000	1.02006781
-0.950	2.450	0.000	1.02043843
-0.850	2.450	0.000	1.02092266
-0.750	2.450	0.000	1.02130616
-0.650	2.450	0.000	1.02154672
-0.550	2.450	0.000	1.02173817
-0.450	2.450	0.000	1.02171540
-0.350	2.450	0.000	1.02135336
-0.250	2.450	0.000	1.02086306
-0.150	2.450	0.000	1.02022755
-0.050	2.450	0.000	1.01967967
0.050	2.450	0.000	1.01919627
0.150	2.450	0.000	1.01889873
0.250	2.450	0.000	1.01872754
0.350	2.450	0.000	1.01862180
0.450	2.450	0.000	1.01856971
0.550	2.450	0.000	1.01859891
0.650	2.450	0.000	1.01878536
0.750	2.450	0.000	1.01915574
0.850	2.450	0.000	1.01971889
0.950	2.450	0.000	1.02040172
1.050	2.450	0.000	1.02109492
1.150	2.450	0.000	1.02180600
1.250	2.450	0.000	1.02231336
1.350	2.450	0.000	1.02273929
1.450	2.450	0.000	1.02322257
1.550	2.450	0.000	1.02360487
1.650	2.450	0.000	1.02379799
1.750	2.450	0.000	1.02379727
1.850	2.450	0.000	1.02399039
1.950	2.450	0.000	1.02438653
2.050	2.450	0.000	1.02488554
2.150	2.450	0.000	1.02543437
2.250	2.450	0.000	1.02669346
2.350	2.450	0.000	1.02769518
2.450	2.450	0.000	1.03030014
