-2.450	-2.450	0.000	1.02159834
-2.350	-2.450	0.000	1.02092135
-2.250	-2.450	0.000	1.02005243
-2.150	-2.450	0.000	1.01930380
-2.050	-2.450	0.000	1.01865864
-1.950	-2.450	0.000	1.01833510
-1.850	-2.450	0.000	1.01830268
-1.750	-2.450	0.000	1.01845789
-1.650	-2.450	0.000	1.01875317
-1.550	-2.450	0.000	1.01899242
-1.450	-2.450	0.000	1.01916623
-1.350	-2.450	0.000	1.01921570
-1.250	-2.450	0.000	1.01906776
-1.150	-2.450	0.000	1.01899362
-1.050	-2.450	0.000	1.01916122
-0.950	-2.450	0.000	1.01957262
-0.850	-2.450	0.000	1.02014601
-0.750	-2.450	0.000	1.02082169
-0.650	-2.450	0.000	1.02159321
-0.550	-2.450	0.000	1.02258408
-0.450	-2.450	0.000	1.02367330
-0.350	-2.450	0.000	1.02394295
-0.250	-2.450	0.000	1.02370155
-0.150	-2.450	0.000	1.02301812
-0.050	-2.450	0.000	1.02200043
0.050	-2.450	0.000	1.02146983
0.150	-2.450	0.000	1.02148819
0.250	-2.450	0.000	1.02203906
0.350	-2.450	0.000	1.02253723
0.450	-2.450	0.000	1.02254725
0.550	-2.450	0.000	1.02214646
0.650	-2.450	0.000	1.02117419
0.750	-2.450	0.000	1.02007353
0.850	-2.450	0.000	1.01914537
0.950	-2.450	0.000	1.01874781
1.050	-2.450	0.000	1.01876926
1.150	-2.450	0.000	1.01908767
1.250	-2.450	0.000	1.01983356
1.350	-2.450	0.000	1.02093804
1.450	-2.450	0.000	1.02225339
1.550	-2.450	0.000	1.02364588
1.650	-2.450	0.000	1.02495682
1.750	-2.450	0.000	1.02605796
1.850	-2.450	0.000	1.02674925
1.950	-2.450	0.000	1.02724683
2.050	-2.450	0.000	1.02757287
2.150	-2.450	0.000	1.02782214
2.250	-2.450	0.000	1.02781558
2.350	-2.450	0.000	1.02783787
2.450	-2.450	0.000	1.02737510
-2.450	-2.350	0.000	1.02205980
-2.350	-2.350	0.000	1.02127397
-2.250	-2.350	0.000	1.02045774
-2.150	-2.350	0.000	1.01976097
-2.050	-2.350	0.000	1.01915610
-1.950	-2.350	0.000	1.01878715
-1.850	-2.350	0.000	1.01879561
-1.750	-2.350	0.000	1.01892400
-1.650	-2.350	0.000	1.01912808
-1.550	-2.350	0.000	1.01922798
-1.450	-2.350	0.000	1.01928651
-1.350	-2.350	0.000	1.01930535
-1.250	-2.350	0.000	1.01915908
-1.150	-2.350	0.000	1.01909435
-1.050	-2.350	0.000	1.01928806
-0.950	-2.350	0.000	1.01974320
-0.850	-2.350	0.000	1.02032912
-0.750	-2.350	0.000	1.02097285
-0.650	-2.350	0.000	1.02170849
-0.550	-2.350	0.000	1.02257788
-0.450	-2.350	0.000	1.02362955
-0.350	-2.350	0.000	1.02398598
-0.250	-2.350	0.000	1.02386177
-0.150	-2.350	0.000	1.02332687
-0.050	-2.350	0.000	1.02240300
0.050	-2.350	0.000	1.02186453
0.150	-2.350	0.000	1.02183795
0.250	-2.350	0.000	1.02232730
0.350	-2.350	0.000	1.02279139
0.450	-2.350	0.000	1.02283168
0.550	-2.350	0.000	1.02246094
0.650	-2.350	0.000	1.02156222
0.750	-2.350	0.000	1.02052081
0.850	-2.350	0.000	1.01963806
0.950	-2.350	0.000	1.01928365
1.050	-2.350	0.000	1.01929510
1.150	-2.350	0.000	1.01957107
1.250	-2.350	0.000	1.02026117
1.350	-2.350	0.000	1.02130866
1.450	-2.350	0.000	1.02259827
1.550	-2.350	0.000	1.02400041
1.650	-2.350	0.000	1.02533507
1.750	-2.350	0.000	1.02642334
1.850	-2.350	0.000	1.02706516
1.950	-2.350	0.000	1.02748883
2.050	-2.350	0.000	1.02772915
2.150	-2.350	0.000	1.02785361
2.250	-2.350	0.000	1.02770710
2.350	-2.350	0.000	1.02761972
2.450	-2.350	0.000	1.02703595
-2.450	-2.250	0.000	1.02265584
-2.350	-2.250	0.000	1.02175462
-2.250	-2.250	0.000	1.02089226
-2.150	-2.250	0.000	1.02018237
-2.050	-2.250	0.000	1.01959193
-1.950	-2.250	0.000	1.01927984
-1.850	-2.250	0.000	1.01927555
-1.750	-2.250	0.000	1.01942205
-1.650	-2.250	0.000	1.01963186
-1.550	-2.250	0.000	1.01972604
-1.450	-2.250	0.000	1.01974046
-1.350	-2.250	0.000	1.01976442
-1.250	-2.250	0.000	1.01964390
-1.150	-2.250	0.000	1.01966679
-1.050	-2.250	0.000	1.01985049
-0.950	-2.250	0.000	1.02025294
-0.850	-2.250	0.000	1.02075911
-0.750	-2.250	0.000	1.02133119
-0.650	-2.250	0.000	1.02202141
-0.550	-2.250	0.000	1.02286053
-0.450	-2.250	0.000	1.02383673
-0.350	-2.250	0.000	1.02418530
-0.250	-2.250	0.000	1.02405751
-0.150	-2.250	0.000	1.02355063
-0.050	-2.250	0.000	1.02267432
0.050	-2.250	0.000	1.02211308
0.150	-2.250	0.000	1.02207208
0.250	-2.250	0.000	1.02256632
0.350	-2.250	0.000	1.02303946
0.450	-2.250	0.000	1.02311337
0.550	-2.250	0.000	1.02278066
0.650	-2.250	0.000	1.02192283
0.750	-2.250	0.000	1.02089226
0.850	-2.250	0.000	1.02003133
0.950	-2.250	0.000	1.01970553
1.050	-2.250	0.000	1.01971912
1.150	-2.250	0.000	1.01996899
1.250	-2.250	0.000	1.02059329
1.350	-2.250	0.000	1.02152240
1.450	-2.250	0.000	1.02266920
1.550	-2.250	0.000	1.02392828
1.650	-2.250	0.000	1.02508235
1.750	-2.250	0.000	1.02594960
1.850	-2.250	0.000	1.02638221
1.950	-2.250	0.000	1.02661216
2.050	-2.250	0.000	1.02659261
2.150	-2.250	0.000	1.02658308
2.250	-2.250	0.000	1.02641726
2.350	-2.250	0.000	1.02633500
2.450	-2.250	0.000	1.02610481
-2.450	-2.150	0.000	1.02376032
-2.350	-2.150	0.000	1.02284217
-2.250	-2.150	0.000	1.02198565
-2.150	-2.150	0.000	1.02127087
-2.050	-2.150	0.000	1.02065635
-1.950	-2.150	0.000	1.02044368
-1.850	-2.150	0.000	1.02039897
-1.750	-2.150	0.000	1.02049387
-1.650	-2.150	0.000	1.02065945
-1.550	-2.150	0.000	1.02072132
-1.450	-2.150	0.000	1.02071285
-1.350	-2.150	0.000	1.02070117
-1.250	-2.150	0.000	1.02063811
-1.150	-2.150	0.000	1.02067053
-1.050	-2.150	0.000	1.02081239
-0.950	-2.150	0.000	1.02113354
-0.850	-2.150	0.000	1.02153265
-0.750	-2.150	0.000	1.02198768
-0.650	-2.150	0.000	1.02253973
-0.550	-2.150	0.000	1.02324414
-0.450	-2.150	0.000	1.02407181
-0.350	-2.150	0.000	1.02440691
-0.250	-2.150	0.000	1.02430069
-0.150	-2.150	0.000	1.02386713
-0.050	-2.150	0.000	1.02311718
0.050	-2.150	0.000	1.02256060
0.150	-2.150	0.000	1.02248240
0.250	-2.150	0.000	1.02294517
0.350	-2.150	0.000	1.02340209
0.450	-2.150	0.000	1.02350509
0.550	-2.150	0.000	1.02326429
0.650	-2.150	0.000	1.02256095
0.750	-2.150	0.000	1.02165198
0.850	-2.150	0.000	1.02085841
0.950	-2.150	0.000	1.02057874
1.050	-2.150	0.000	1.02059603
1.150	-2.150	0.000	1.02081072
1.250	-2.150	0.000	1.02135301
1.350	-2.150	0.000	1.02214980
1.450	-2.150	0.000	1.02308059
1.550	-2.150	0.000	1.02404511
1.650	-2.150	0.000	1.02484238
1.750	-2.150	0.000	1.02543962
1.850	-2.150	0.000	1.02576566
1.950	-2.150	0.000	1.02588665
2.050	-2.150	0.000	1.02583230
2.150	-2.150	0.000	1.02583134
2.250	-2.150	0.000	1.02571237
2.350	-2.150	0.000	1.02566493
2.450	-2.150	0.000	1.02551579
-2.450	-2.050	0.000	1.02475750
-2.350	-2.050	0.000	1.02382040
-2.250	-2.050	0.000	1.02299488
-2.150	-2.050	0.000	1.02239382
-2.050	-2.050	0.000	1.02183270
-1.950	-2.050	0.000	1.02162516
-1.850	-2.050	0.000	1.02150905
-1.750	-2.050	0.000	1.02158248
-1.650	-2.050	0.000	1.02172816
-1.550	-2.050	0.000	1.02172554
-1.450	-2.050	0.000	1.02169979
-1.350	-2.050	0.000	1.02161443
-1.250	-2.050	0.000	1.02156460
-1.150	-2.050	0.000	1.02158856
-1.050	-2.050	0.000	1.02171230
-0.950	-2.050	0.000	1.02199972
-0.850	-2.050	0.000	1.02237833
-0.750	-2.050	0.000	1.02278912
-0.650	-2.050	0.000	1.02324378
-0.550	-2.050	0.000	1.02379560
-0.450	-2.050	0.000	1.02444541
-0.350	-2.050	0.000	1.02474082
-0.250	-2.050	0.000	1.02460647
-0.150	-2.050	0.000	1.02419579
-0.050	-2.050	0.000	1.02353883
0.050	-2.050	0.000	1.02297735
0.150	-2.050	0.000	1.02286184
0.250	-2.050	0.000	1.02325559
0.350	-2.050	0.000	1.02369916
0.450	-2.050	0.000	1.02382064
0.550	-2.050	0.000	1.02364039
0.650	-2.050	0.000	1.02304375
0.750	-2.050	0.000	1.02225578
0.850	-2.050	0.000	1.02154839
0.950	-2.050	0.000	1.02132297
1.050	-2.050	0.000	1.02134955
1.150	-2.050	0.000	1.02151692
1.250	-2.050	0.000	1.02192569
1.350	-2.050	0.000	1.02252793
1.450	-2.050	0.000	1.02323329
1.550	-2.050	0.000	1.02395487
1.650	-2.050	0.000	1.02449739
1.750	-2.050	0.000	1.02493525
1.850	-2.050	0.000	1.02517605
1.950	-2.050	0.000	1.02521932
2.050	-2.050	0.000	1.02513373
2.150	-2.050	0.000	1.02511847
2.250	-2.050	0.000	1.02503669
2.350	-2.050	0.000	1.02500319
2.450	-2.050	0.000	1.02494466
-2.450	-1.950	0.000	1.02600515
-2.350	-1.950	0.000	1.02511775
-2.250	-1.950	0.000	1.02431846
-2.150	-1.950	0.000	1.02372563
-2.050	-1.950	0.000	1.02323616
-1.950	-1.950	0.000	1.02300966
-1.850	-1.950	0.000	1.02293742
-1.750	-1.950	0.000	1.02300262
-1.650	-1.950	0.000	1.02307236
-1.550	-1.950	0.000	1.02303183
-1.450	-1.950	0.000	1.02291811
-1.350	-1.950	0.000	1.02276385
-1.250	-1.950	0.000	1.02260256
-1.150	-1.950	0.000	1.02259874
-1.050	-1.950	0.000	1.02262723
-0.950	-1.950	0.000	1.02284384
-0.850	-1.950	0.000	1.02319551
-0.750	-1.950	0.000	1.02356303
-0.650	-1.950	0.000	1.02397001
-0.550	-1.950	0.000	1.02442837
-0.450	-1.950	0.000	1.02497172
-0.350	-1.950	0.000	1.02524185
-0.250	-1.950	0.000	1.02510560
-0.150	-1.950	0.000	1.02471149
-0.050	-1.950	0.000	1.02412796
0.050	-1.950	0.000	1.02355599
0.150	-1.950	0.000	1.02338898
0.250	-1.950	0.000	1.02368760
0.350	-1.950	0.000	1.02410650
0.450	-1.950	0.000	1.02427340
0.550	-1.950	0.000	1.02416384
0.650	-1.950	0.000	1.02366900
0.750	-1.950	0.000	1.02298033
0.850	-1.950	0.000	1.02236831
0.950	-1.950	0.000	1.02223027
1.050	-1.950	0.000	1.02229095
1.150	-1.950	0.000	1.02243197
1.250	-1.950	0.000	1.02273512
1.350	-1.950	0.000	1.02318788
1.450	-1.950	0.000	1.02374327
1.550	-1.950	0.000	1.02430856
1.650	-1.950	0.000	1.02478051
1.750	-1.950	0.000	1.02515066
1.850	-1.950	0.000	1.02530921
1.950	-1.950	0.000	1.02525663
2.050	-1.950	0.000	1.02513552
2.150	-1.950	0.000	1.02504587
2.250	-1.950	0.000	1.02486861
2.350	-1.950	0.000	1.02476990
2.450	-1.950	0.000	1.02465284
-2.450	-1.850	0.000	1.02693534
-2.350	-1.850	0.000	1.02610993
-2.250	-1.850	0.000	1.02531946
-2.150	-1.850	0.000	1.02468812
-2.050	-1.850	0.000	1.02423108
-1.950	-1.850	0.000	1.02400148
-1.850	-1.850	0.000	1.02397251
-1.750	-1.850	0.000	1.02395058
-1.650	-1.850	0.000	1.02397025
-1.550	-1.850	0.000	1.02388883
-1.450	-1.850	0.000	1.02367830
-1.350	-1.850	0.000	1.02345407
-1.250	-1.850	0.000	1.02320933
-1.150	-1.850	0.000	1.02318835
-1.050	-1.850	0.000	1.02316487
-0.950	-1.850	0.000	1.02336967
-0.850	-1.850	0.000	1.02362788
-0.750	-1.850	0.000	1.02391124
-0.650	-1.850	0.000	1.02423131
-0.550	-1.850	0.000	1.02460206
-0.450	-1.850	0.000	1.02505958
-0.350	-1.850	0.000	1.02529848
-0.250	-1.850	0.000	1.02517402
-0.150	-1.850	0.000	1.02480435
-0.050	-1.850	0.000	1.02428949
0.050	-1.850	0.000	1.02378559
0.150	-1.850	0.000	1.02361822
0.250	-1.850	0.000	1.02384317
0.350	-1.850	0.000	1.02419710
0.450	-1.850	0.000	1.02434790
0.550	-1.850	0.000	1.02426291
0.650	-1.850	0.000	1.02383220
0.750	-1.850	0.000	1.02322257
0.850	-1.850	0.000	1.02265680
0.950	-1.850	0.000	1.02255356
1.050	-1.850	0.000	1.02263165
1.150	-1.850	0.000	1.02274144
1.250	-1.850	0.000	1.02298224
1.350	-1.850	0.000	1.02337372
1.450	-1.850	0.000	1.02387691
1.550	-1.850	0.000	1.02444541
1.650	-1.850	0.000	1.02499962
1.750	-1.850	0.000	1.02546096
1.850	-1.850	0.000	1.02563703
1.950	-1.850	0.000	1.02559471
2.050	-1.850	0.000	1.02545547
2.150	-1.850	0.000	1.02532327
2.250	-1.850	0.000	1.02504575
2.350	-1.850	0.000	1.02484298
2.450	-1.850	0.000	1.02458310
-2.450	-1.750	0.000	1.02808535
-2.350	-1.750	0.000	1.02731216
-2.250	-1.750	0.000	1.02651525
-2.150	-1.750	0.000	1.02587712
-2.050	-1.750	0.000	1.02538455
-1.950	-1.750	0.000	1.02515721
-1.850	-1.750	0.000	1.02511334
-1.750	-1.750	0.000	1.02513289
-1.650	-1.750	0.000	1.02513182
-1.550	-1.750	0.000	1.02499783
-1.450	-1.750	0.000	1.02467430
-1.350	-1.750	0.000	1.02432883
-1.250	-1.750	0.000	1.02396679
-1.150	-1.750	0.000	1.02382755
-1.050	-1.750	0.000	1.02377427
-0.950	-1.750	0.000	1.02397895
-0.850	-1.750	0.000	1.02418256
-0.750	-1.750	0.000	1.02441251
-0.650	-1.750	0.000	1.02467275
-0.550	-1.750	0.000	1.02492845
-0.450	-1.750	0.000	1.02527070
-0.350	-1.750	0.000	1.02544403
-0.250	-1.750	0.000	1.02529979
-0.150	-1.750	0.000	1.02496207
-0.050	-1.750	0.000	1.02451718
0.050	-1.750	0.000	1.02406466
0.150	-1.750	0.000	1.02389097
0.250	-1.750	0.000	1.02402520
0.350	-1.750	0.000	1.02431166
0.450	-1.750	0.000	1.02442896
0.550	-1.750	0.000	1.02434123
0.650	-1.750	0.000	1.02393615
0.750	-1.750	0.000	1.02339697
0.850	-1.750	0.000	1.02286339
0.950	-1.750	0.000	1.02271533
1.050	-1.750	0.000	1.02276313
1.150	-1.750	0.000	1.02282119
1.250	-1.750	0.000	1.02299678
1.350	-1.750	0.000	1.02335274
1.450	-1.750	0.000	1.02385652
1.550	-1.750	0.000	1.02444327
1.650	-1.750	0.000	1.02507448
1.750	-1.750	0.000	1.02568305
1.850	-1.750	0.000	1.02604580
1.950	-1.750	0.000	1.02614856
2.050	-1.750	0.000	1.02603090
2.150	-1.750	0.000	1.02590716
2.250	-1.750	0.000	1.02557290
2.350	-1.750	0.000	1.02527225
2.450	-1.750	0.000	1.02472448
-2.450	-1.650	0.000	1.02904403
-2.350	-1.650	0.000	1.02831328
-2.250	-1.650	0.000	1.02751005
-2.150	-1.650	0.000	1.02686334
-2.050	-1.650	0.000	1.02636755
-1.950	-1.650	0.000	1.02613246
-1.850	-1.650	0.000	1.02610207
-1.750	-1.650	0.000	1.02617252
-1.650	-1.650	0.000	1.02615750
-1.550	-1.650	0.000	1.02598202
-1.450	-1.650	0.000	1.02558053
-1.350	-1.650	0.000	1.02509010
-1.250	-1.650	0.000	1.02457178
-1.150	-1.650	0.000	1.02425838
-1.050	-1.650	0.000	1.02409065
-0.950	-1.650	0.000	1.02417743
-0.850	-1.650	0.000	1.02440715
-0.750	-1.650	0.000	1.02461243
-0.650	-1.650	0.000	1.02485561
-0.550	-1.650	0.000	1.02506363
-0.450	-1.650	0.000	1.02529263
-0.350	-1.650	0.000	1.02539337
-0.250	-1.650	0.000	1.02521563
-0.150	-1.650	0.000	1.02489424
-0.050	-1.650	0.000	1.02449310
0.050	-1.650	0.000	1.02407336
0.150	-1.650	0.000	1.02391315
0.250	-1.650	0.000	1.02400839
0.350	-1.650	0.000	1.02425563
0.450	-1.650	0.000	1.02433848
0.550	-1.650	0.000	1.02425098
0.650	-1.650	0.000	1.02386308
0.750	-1.650	0.000	1.02338588
0.850	-1.650	0.000	1.02287745
0.950	-1.650	0.000	1.02262950
1.050	-1.650	0.000	1.02263868
1.150	-1.650	0.000	1.02263188
1.250	-1.650	0.000	1.02270091
1.350	-1.650	0.000	1.02301788
1.450	-1.650	0.000	1.02351463
1.550	-1.650	0.000	1.02415431
1.650	-1.650	0.000	1.02487099
1.750	-1.650	0.000	1.02564943
1.850	-1.650	0.000	1.02620137
1.950	-1.650	0.000	1.02652001
2.050	-1.650	0.000	1.02650928
2.150	-1.650	0.000	1.02646363
2.250	-1.650	0.000	1.02616942
2.350	-1.650	0.000	1.02589309
2.450	-1.650	0.000	1.02512383
-2.450	-1.550	0.000	1.03000212
-2.350	-1.550	0.000	1.02931368
-2.250	-1.550	0.000	1.02853942
-2.150	-1.550	0.000	1.02790499
-2.050	-1.550	0.000	1.02739298
-1.950	-1.550	0.000	1.02716541
-1.850	-1.550	0.000	1.02710617
-1.750	-1.550	0.000	1.02716351
-1.650	-1.550	0.000	1.02714682
-1.550	-1.550	0.000	1.02695370
-1.450	-1.550	0.000	1.02650428
-1.350	-1.550	0.000	1.02589691
-1.250	-1.550	0.000	1.02522111
-1.150	-1.550	0.000	1.02475965
-1.050	-1.550	0.000	1.02447867
-0.950	-1.550	0.000	1.02444446
-0.850	-1.550	0.000	1.02454829
-0.750	-1.550	0.000	1.02470601
-0.650	-1.550	0.000	1.02488494
-0.550	-1.550	0.000	1.02508152
-0.450	-1.550	0.000	1.02525663
-0.350	-1.550	0.000	1.02532244
-0.250	-1.550	0.000	1.02514207
-0.150	-1.550	0.000	1.02483952
-0.050	-1.550	0.000	1.02448547
0.050	-1.550	0.000	1.02410483
0.150	-1.550	0.000	1.02396500
0.250	-1.550	0.000	1.02403927
0.350	-1.550	0.000	1.02426815
0.450	-1.550	0.000	1.02434051
0.550	-1.550	0.000	1.02425706
0.650	-1.550	0.000	1.02390862
0.750	-1.550	0.000	1.02345932
0.850	-1.550	0.000	1.02296257
0.950	-1.550	0.000	1.02263427
1.050	-1.550	0.000	1.02259839
1.150	-1.550	0.000	1.02254832
1.250	-1.550	0.000	1.02249801
1.350	-1.550	0.000	1.02269030
1.450	-1.550	0.000	1.02311313
1.550	-1.550	0.000	1.02372742
1.650	-1.550	0.000	1.02446520
1.750	-1.550	0.000	1.02534127
1.850	-1.550	0.000	1.02608109
1.950	-1.550	0.000	1.02659166
2.050	-1.550	0.000	1.02676356
2.150	-1.550	0.000	1.02681315
2.250	-1.550	0.000	1.02657294
2.350	-1.550	0.000	1.02633619
2.450	-1.550	0.000	1.02550352
-2.450	-1.450	0.000	1.03061855
-2.350	-1.450	0.000	1.03000021
-2.250	-1.450	0.000	1.02931201
-2.150	-1.450	0.000	1.02875769
-2.050	-1.450	0.000	1.02829278
-1.950	-1.450	0.000	1.02806938
-1.850	-1.450	0.000	1.02803051
-1.750	-1.450	0.000	1.02807260
-1.650	-1.450	0.000	1.02800775
-1.550	-1.450	0.000	1.02775359
-1.450	-1.450	0.000	1.02725029
-1.350	-1.450	0.000	1.02661371
-1.250	-1.450	0.000	1.02589548
-1.150	-1.450	0.000	1.02528143
-1.050	-1.450	0.000	1.02486753
-0.950	-1.450	0.000	1.02472353
-0.850	-1.450	0.000	1.02469671
-0.750	-1.450	0.000	1.02474535
-0.650	-1.450	0.000	1.02481985
-0.550	-1.450	0.000	1.02497995
-0.450	-1.450	0.000	1.02515852
-0.350	-1.450	0.000	1.02524507
-0.250	-1.450	0.000	1.02509236
-0.150	-1.450	0.000	1.02482235
-0.050	-1.450	0.000	1.02451181
0.050	-1.450	0.000	1.02416253
0.150	-1.450	0.000	1.02404749
0.250	-1.450	0.000	1.02412593
0.350	-1.450	0.000	1.02435029
0.450	-1.450	0.000	1.02441418
0.550	-1.450	0.000	1.02432179
0.650	-1.450	0.000	1.02398038
0.750	-1.450	0.000	1.02351987
0.850	-1.450	0.000	1.02308941
0.950	-1.450	0.000	1.02274430
1.050	-1.450	0.000	1.02264345
1.150	-1.450	0.000	1.02255607
1.250	-1.450	0.000	1.02244508
1.350	-1.450	0.000	1.02248919
1.450	-1.450	0.000	1.02275598
1.550	-1.450	0.000	1.02331233
1.650	-1.450	0.000	1.02401698
1.750	-1.450	0.000	1.02488339
1.850	-1.450	0.000	1.02570128
1.950	-1.450	0.000	1.02639675
2.050	-1.450	0.000	1.02675259
2.150	-1.450	0.000	1.02695370
2.250	-1.450	0.000	1.02679896
2.350	-1.450	0.000	1.02666521
2.450	-1.450	0.000	1.02583909
-2.450	-1.350	0.000	1.03087676
-2.350	-1.350	0.000	1.03032303
-2.250	-1.350	0.000	1.02975881
-2.150	-1.350	0.000	1.02933359
-2.050	-1.350	0.000	1.02894700
-1.950	-1.350	0.000	1.02872133
-1.850	-1.350	0.000	1.02869463
-1.750	-1.350	0.000	1.02872622
-1.650	-1.350	0.000	1.02862406
-1.550	-1.350	0.000	1.02833235
-1.450	-1.350	0.000	1.02780020
-1.350	-1.350	0.000	1.02712190
-1.250	-1.350	0.000	1.02636957
-1.150	-1.350	0.000	1.02571833
-1.050	-1.350	0.000	1.02521098
-0.950	-1.350	0.000	1.02491581
-0.850	-1.350	0.000	1.02478659
-0.750	-1.350	0.000	1.02475810
-0.650	-1.350	0.000	1.02483225
-0.550	-1.350	0.000	1.02497196
-0.450	-1.350	0.000	1.02514529
-0.350	-1.350	0.000	1.02523828
-0.250	-1.350	0.000	1.02511573
-0.150	-1.350	0.000	1.02488589
-0.050	-1.350	0.000	1.02463412
0.050	-1.350	0.000	1.02433181
0.150	-1.350	0.000	1.02423286
0.250	-1.350	0.000	1.02430940
0.350	-1.350	0.000	1.02452862
0.450	-1.350	0.000	1.02460396
0.550	-1.350	0.000	1.02450645
0.650	-1.350	0.000	1.02419913
0.750	-1.350	0.000	1.02374220
0.850	-1.350	0.000	1.02337170
0.950	-1.350	0.000	1.02296638
1.050	-1.350	0.000	1.02278733
1.150	-1.350	0.000	1.02267969
1.250	-1.350	0.000	1.02253604
1.350	-1.350	0.000	1.02247167
1.450	-1.350	0.000	1.02261424
1.550	-1.350	0.000	1.02303910
1.650	-1.350	0.000	1.02368331
1.750	-1.350	0.000	1.02449906
1.850	-1.350	0.000	1.02531254
1.950	-1.350	0.000	1.02610910
2.050	-1.350	0.000	1.02659607
2.150	-1.350	0.000	1.02690864
2.250	-1.350	0.000	1.02681565
2.350	-1.350	0.000	1.02680385
2.450	-1.350	0.000	1.02604580
-2.450	-1.250	0.000	1.03100622
-2.350	-1.250	0.000	1.03051877
-2.250	-1.250	0.000	1.03003275
-2.150	-1.250	0.000	1.02971327
-2.050	-1.250	0.000	1.02937186
-1.950	-1.250	0.000	1.02913809
-1.850	-1.250	0.000	1.02907240
-1.750	-1.250	0.000	1.02901113
-1.650	-1.250	0.000	1.02887928
-1.550	-1.250	0.000	1.02855492
-1.450	-1.250	0.000	1.02802408
-1.350	-1.250	0.000	1.02733779
-1.250	-1.250	0.000	1.02655017
-1.150	-1.250	0.000	1.02583992
-1.050	-1.250	0.000	1.02524030
-0.950	-1.250	0.000	1.02480876
-0.850	-1.250	0.000	1.02457285
-0.750	-1.250	0.000	1.02451825
-0.650	-1.250	0.000	1.02469623
-0.550	-1.250	0.000	1.02496982
-0.450	-1.250	0.000	1.02517998
-0.350	-1.250	0.000	1.02527714
-0.250	-1.250	0.000	1.02518237
-0.150	-1.250	0.000	1.02499127
-0.050	-1.250	0.000	1.02479041
0.050	-1.250	0.000	1.02454281
0.150	-1.250	0.000	1.02445531
0.250	-1.250	0.000	1.02450836
0.350	-1.250	0.000	1.02468562
0.450	-1.250	0.000	1.02476144
0.550	-1.250	0.000	1.02465189
0.650	-1.250	0.000	1.02434921
0.750	-1.250	0.000	1.02384686
0.850	-1.250	0.000	1.02348316
0.950	-1.250	0.000	1.02313733
1.050	-1.250	0.000	1.02294898
1.150	-1.250	0.000	1.02284813
1.250	-1.250	0.000	1.02270710
1.350	-1.250	0.000	1.02259219
1.450	-1.250	0.000	1.02263868
1.550	-1.250	0.000	1.02295876
1.650	-1.250	0.000	1.02352023
1.750	-1.250	0.000	1.02428007
1.850	-1.250	0.000	1.02505898
1.950	-1.250	0.000	1.02589786
2.050	-1.250	0.000	1.02649093
2.150	-1.250	0.000	1.02689326
2.250	-1.250	0.000	1.02684450
2.350	-1.250	0.000	1.02690315
2.450	-1.250	0.000	1.02621186
-2.450	-1.150	0.000	1.03079641
-2.350	-1.150	0.000	1.03037953
-2.250	-1.150	0.000	1.03005862
-2.150	-1.150	0.000	1.02989304
-2.050	-1.150	0.000	1.02962661
-1.950	-1.150	0.000	1.02939665
-1.850	-1.150	0.000	1.02927613
-1.750	-1.150	0.000	1.02910638
-1.650	-1.150	0.000	1.02884114
-1.550	-1.150	0.000	1.02846110
-1.450	-1.150	0.000	1.02798450
-1.350	-1.150	0.000	1.02734971
-1.250	-1.150	0.000	1.02659822
-1.150	-1.150	0.000	1.02582693
-1.050	-1.150	0.000	1.02505088
-0.950	-1.150	0.000	1.02444112
-0.850	-1.150	0.000	1.02409840
-0.750	-1.150	0.000	1.02405071
-0.650	-1.150	0.000	1.02431452
-0.550	-1.150	0.000	1.02473903
-0.450	-1.150	0.000	1.02510583
-0.350	-1.150	0.000	1.02531362
-0.250	-1.150	0.000	1.02529049
-0.150	-1.150	0.000	1.02513361
-0.050	-1.150	0.000	1.02495718
0.050	-1.150	0.000	1.02475834
0.150	-1.150	0.000	1.02469885
0.250	-1.150	0.000	1.02475953
0.350	-1.150	0.000	1.02492106
0.450	-1.150	0.000	1.02497649
0.550	-1.150	0.000	1.02482951
0.650	-1.150	0.000	1.02448666
0.750	-1.150	0.000	1.02397287
0.850	-1.150	0.000	1.02358806
0.950	-1.150	0.000	1.02323616
1.050	-1.150	0.000	1.02301443
1.150	-1.150	0.000	1.02292407
1.250	-1.150	0.000	1.02280998
1.350	-1.150	0.000	1.02271771
1.450	-1.150	0.000	1.02276516
1.550	-1.150	0.000	1.02302790
1.650	-1.150	0.000	1.02350211
1.750	-1.150	0.000	1.02420747
1.850	-1.150	0.000	1.02492309
1.950	-1.150	0.000	1.02574253
2.050	-1.150	0.000	1.02640772
2.150	-1.150	0.000	1.02692127
2.250	-1.150	0.000	1.02696168
2.350	-1.150	0.000	1.02711129
2.450	-1.150	0.000	1.02646589
-2.450	-1.050	0.000	1.03023267
-2.350	-1.050	0.000	1.02983332
-2.250	-1.050	0.000	1.02964044
-2.150	-1.050	0.000	1.02958095
-2.050	-1.050	0.000	1.02941167
-1.950	-1.050	0.000	1.02922475
-1.850	-1.050	0.000	1.02911937
-1.750	-1.050	0.000	1.02893639
-1.650	-1.050	0.000	1.02861249
-1.550	-1.050	0.000	1.02816486
-1.450	-1.050	0.000	1.02768111
-1.350	-1.050	0.000	1.02702665
-1.250	-1.050	0.000	1.02627671
-1.150	-1.050	0.000	1.02548337
-1.050	-1.050	0.000	1.02466547
-0.950	-1.050	0.000	1.02396715
-0.850	-1.050	0.000	1.02350342
-0.750	-1.050	0.000	1.02351654
-0.650	-1.050	0.000	1.02394259
-0.550	-1.050	0.000	1.02444005
-0.450	-1.050	0.000	1.02490139
-0.350	-1.050	0.000	1.02520609
-0.250	-1.050	0.000	1.02525270
-0.150	-1.050	0.000	1.02515376
-0.050	-1.050	0.000	1.02502239
0.050	-1.050	0.000	1.02488017
0.150	-1.050	0.000	1.02480376
0.250	-1.050	0.000	1.02487087
0.350	-1.050	0.000	1.02502179
0.450	-1.050	0.000	1.02514243
0.550	-1.050	0.000	1.02499688
0.650	-1.050	0.000	1.02465618
0.750	-1.050	0.000	1.02410388
0.850	-1.050	0.000	1.02364469
0.950	-1.050	0.000	1.02326965
1.050	-1.050	0.000	1.02302444
1.150	-1.050	0.000	1.02295387
1.250	-1.050	0.000	1.02288163
1.350	-1.050	0.000	1.02283764
1.450	-1.050	0.000	1.02292454
1.550	-1.050	0.000	1.02318406
1.650	-1.050	0.000	1.02361262
1.750	-1.050	0.000	1.02425468
1.850	-1.050	0.000	1.02491319
1.950	-1.050	0.000	1.02566993
2.050	-1.050	0.000	1.02633226
2.150	-1.050	0.000	1.02698112
2.250	-1.050	0.000	1.02714539
2.350	-1.050	0.000	1.02740431
2.450	-1.050	0.000	1.02683866
-2.450	-0.950	0.000	1.02929115
-2.350	-0.950	0.000	1.02893758
-2.250	-0.950	0.000	1.02882922
-2.150	-0.950	0.000	1.02884114
-2.050	-0.950	0.000	1.02874124
-1.950	-0.950	0.000	1.02856600
-1.850	-0.950	0.000	1.02849030
-1.750	-0.950	0.000	1.02828979
-1.650	-0.950	0.000	1.02795315
-1.550	-0.950	0.000	1.02752256
-1.450	-0.950	0.000	1.02704740
-1.350	-0.950	0.000	1.02640021
-1.250	-0.950	0.000	1.02566516
-1.150	-0.950	0.000	1.02490270
-1.050	-0.950	0.000	1.02401471
-0.950	-0.950	0.000	1.02322376
-0.850	-0.950	0.000	1.02270436
-0.750	-0.950	0.000	1.02293897
-0.650	-0.950	0.000	1.02349710
-0.550	-0.950	0.000	1.02417493
-0.450	-0.950	0.000	1.02473378
-0.350	-0.950	0.000	1.02508986
-0.250	-0.950	0.000	1.02515483
-0.150	-0.950	0.000	1.02508020
-0.050	-0.950	0.000	1.02495527
0.050	-0.950	0.000	1.02486837
0.150	-0.950	0.000	1.02480054
0.250	-0.950	0.000	1.02489090
0.350	-0.950	0.000	1.02505362
0.450	-0.950	0.000	1.02522027
0.550	-0.950	0.000	1.02511764
0.650	-0.950	0.000	1.02482700
0.750	-0.950	0.000	1.02433836
0.850	-0.950	0.000	1.02385426
0.950	-0.950	0.000	1.02344084
1.050	-0.950	0.000	1.02311635
1.150	-0.950	0.000	1.02300155
1.250	-0.950	0.000	1.02293897
1.350	-0.950	0.000	1.02291024
1.450	-0.950	0.000	1.02301872
1.550	-0.950	0.000	1.02330089
1.650	-0.950	0.000	1.02370906
1.750	-0.950	0.000	1.02429903
1.850	-0.950	0.000	1.02489829
1.950	-0.950	0.000	1.02561009
2.050	-0.950	0.000	1.02626753
2.150	-0.950	0.000	1.02698219
2.250	-0.950	0.000	1.02724755
2.350	-0.950	0.000	1.02759337
2.450	-0.950	0.000	1.02715921
-2.450	-0.850	0.000	1.02823246
-2.350	-0.850	0.000	1.02791953
-2.250	-0.850	0.000	1.02786231
-2.150	-0.850	0.000	1.02793241
-2.050	-0.850	0.000	1.02790856
-1.950	-0.850	0.000	1.02780163
-1.850	-0.850	0.000	1.02776253
-1.750	-0.850	0.000	1.02755904
-1.650	-0.850	0.000	1.02718079
-1.550	-0.850	0.000	1.02671707
-1.450	-0.850	0.000	1.02621198
-1.350	-0.850	0.000	1.02561426
-1.250	-0.850	0.000	1.02484453
-1.150	-0.850	0.000	1.02402568
-1.050	-0.850	0.000	1.02313030
-0.950	-0.850	0.000	1.02231514
-0.850	-0.850	0.000	1.02203381
-0.750	-0.850	0.000	1.02242041
-0.650	-0.850	0.000	1.02308488
-0.550	-0.850	0.000	1.02391958
-0.450	-0.850	0.000	1.02459800
-0.350	-0.850	0.000	1.02501190
-0.250	-0.850	0.000	1.02505314
-0.150	-0.850	0.000	1.02495360
-0.050	-0.850	0.000	1.02478099
0.050	-0.850	0.000	1.02468419
0.150	-0.850	0.000	1.02461314
0.250	-0.850	0.000	1.02475011
0.350	-0.850	0.000	1.02497637
0.450	-0.850	0.000	1.02519214
0.550	-0.850	0.000	1.02523232
0.650	-0.850	0.000	1.02503097
0.750	-0.850	0.000	1.02465928
0.850	-0.850	0.000	1.02420771
0.950	-0.850	0.000	1.02378654
1.050	-0.850	0.000	1.02339625
1.150	-0.850	0.000	1.02318144
1.250	-0.850	0.000	1.02309155
1.350	-0.850	0.000	1.02304482
1.450	-0.850	0.000	1.02313149
1.550	-0.850	0.000	1.02341449
1.650	-0.850	0.000	1.02380836
1.750	-0.850	0.000	1.02435958
1.850	-0.850	0.000	1.02489161
1.950	-0.850	0.000	1.02554750
2.050	-0.850	0.000	1.02614796
2.150	-0.850	0.000	1.02687478
2.250	-0.850	0.000	1.02726185
2.350	-0.850	0.000	1.02768838
2.450	-0.850	0.000	1.02745330
-2.450	-0.750	0.000	1.02719831
-2.350	-0.750	0.000	1.02691579
-2.250	-0.750	0.000	1.02691221
-2.150	-0.750	0.000	1.02702880
-2.050	-0.750	0.000	1.02707314
-1.950	-0.750	0.000	1.02704108
-1.850	-0.750	0.000	1.02698350
-1.750	-0.750	0.000	1.02678704
-1.650	-0.750	0.000	1.02638721
-1.550	-0.750	0.000	1.02586377
-1.450	-0.750	0.000	1.02531826
-1.350	-0.750	0.000	1.02470517
-1.250	-0.750	0.000	1.02389574
-1.150	-0.750	0.000	1.02301180
-1.050	-0.750	0.000	1.02205873
-0.950	-0.750	0.000	1.02132428
-0.850	-0.750	0.000	1.02132738
-0.750	-0.750	0.000	1.02187979
-0.650	-0.750	0.000	1.02272117
-0.550	-0.750	0.000	1.02369630
-0.450	-0.750	0.000	1.02450907
-0.350	-0.750	0.000	1.02495027
-0.250	-0.750	0.000	1.02505064
-0.150	-0.750	0.000	1.02490866
-0.050	-0.750	0.000	1.02467275
0.050	-0.750	0.000	1.02450955
0.150	-0.750	0.000	1.02436793
0.250	-0.750	0.000	1.02444124
0.350	-0.750	0.000	1.02469921
0.450	-0.750	0.000	1.02498019
0.550	-0.750	0.000	1.02520347
0.650	-0.750	0.000	1.02516139
0.750	-0.750	0.000	1.02492321
0.850	-0.750	0.000	1.02455270
0.950	-0.750	0.000	1.02417040
1.050	-0.750	0.000	1.02377653
1.150	-0.750	0.000	1.02348506
1.250	-0.750	0.000	1.02333307
1.350	-0.750	0.000	1.02325916
1.450	-0.750	0.000	1.02329898
1.550	-0.750	0.000	1.02355874
1.650	-0.750	0.000	1.02393579
1.750	-0.750	0.000	1.02444184
1.850	-0.750	0.000	1.02493024
1.950	-0.750	0.000	1.02553213
2.050	-0.750	0.000	1.02608633
2.150	-0.750	0.000	1.02678668
2.250	-0.750	0.000	1.02723587
2.350	-0.750	0.000	1.02765095
2.450	-0.750	0.000	1.02759933
-2.450	-0.650	0.000	1.02628207
-2.350	-0.650	0.000	1.02602422
-2.250	-0.650	0.000	1.02607679
-2.150	-0.650	0.000	1.02623582
-2.050	-0.650	0.000	1.02632189
-1.950	-0.650	0.000	1.02635205
-1.850	-0.650	0.000	1.02627921
-1.750	-0.650	0.000	1.02610600
-1.650	-0.650	0.000	1.02568233
-1.550	-0.650	0.000	1.02505279
-1.450	-0.650	0.000	1.02444971
-1.350	-0.650	0.000	1.02370656
-1.250	-0.650	0.000	1.02283978
-1.150	-0.650	0.000	1.02192235
-1.050	-0.650	0.000	1.02096546
-0.950	-0.650	0.000	1.02045667
-0.850	-0.650	0.000	1.02066469
-0.750	-0.650	0.000	1.02142525
-0.650	-0.650	0.000	1.02240658
-0.550	-0.650	0.000	1.02353406
-0.450	-0.650	0.000	1.02444148
-0.350	-0.650	0.000	1.02496684
-0.250	-0.650	0.000	1.02512276
-0.150	-0.650	0.000	1.02499747
-0.050	-0.650	0.000	1.02472866
0.050	-0.650	0.000	1.02447975
0.150	-0.650	0.000	1.02430403
0.250	-0.650	0.000	1.02423930
0.350	-0.650	0.000	1.02442050
0.450	-0.650	0.000	1.02468657
0.550	-0.650	0.000	1.02494383
0.650	-0.650	0.000	1.02512467
0.750	-0.650	0.000	1.02504253
0.850	-0.650	0.000	1.02481806
0.950	-0.650	0.000	1.02449989
1.050	-0.650	0.000	1.02413905
1.150	-0.650	0.000	1.02383137
1.250	-0.650	0.000	1.02362871
1.350	-0.650	0.000	1.02353120
1.450	-0.650	0.000	1.02352130
1.550	-0.650	0.000	1.02372277
1.650	-0.650	0.000	1.02407622
1.750	-0.650	0.000	1.02456820
1.850	-0.650	0.000	1.02505004
1.950	-0.650	0.000	1.02562630
2.050	-0.650	0.000	1.02614629
2.150	-0.650	0.000	1.02678382
2.250	-0.650	0.000	1.02721834
2.350	-0.650	0.000	1.02759707
2.450	-0.650	0.000	1.02764332
-2.450	-0.550	0.000	1.02564788
-2.350	-0.550	0.000	1.02541935
-2.250	-0.550	0.000	1.02552640
-2.150	-0.550	0.000	1.02573204
-2.050	-0.550	0.000	1.02587271
-1.950	-0.550	0.000	1.02597022
-1.850	-0.550	0.000	1.02589071
-1.750	-0.550	0.000	1.02568972
-1.650	-0.550	0.000	1.02518165
-1.550	-0.550	0.000	1.02442217
-1.450	-0.550	0.000	1.02374732
-1.350	-0.550	0.000	1.02284205
-1.250	-0.550	0.000	1.02192318
-1.150	-0.550	0.000	1.02092123
-1.050	-0.550	0.000	1.02003872
-0.950	-0.550	0.000	1.01970875
-0.850	-0.550	0.000	1.02019763
-0.750	-0.550	0.000	1.02112889
-0.650	-0.550	0.000	1.02224779
-0.550	-0.550	0.000	1.02344513
-0.450	-0.550	0.000	1.02438641
-0.350	-0.550	0.000	1.02497089
-0.250	-0.550	0.000	1.02518201
-0.150	-0.550	0.000	1.02512634
-0.050	-0.550	0.000	1.02488565
0.050	-0.550	0.000	1.02458715
0.150	-0.550	0.000	1.02438700
0.250	-0.550	0.000	1.02418911
0.350	-0.550	0.000	1.02428710
0.450	-0.550	0.000	1.02450180
0.550	-0.550	0.000	1.02471495
0.650	-0.550	0.000	1.02490616
0.750	-0.550	0.000	1.02498519
0.850	-0.550	0.000	1.02489138
0.950	-0.550	0.000	1.02471197
1.050	-0.550	0.000	1.02441847
1.150	-0.550	0.000	1.02413726
1.250	-0.550	0.000	1.02392220
1.350	-0.550	0.000	1.02379370
1.450	-0.550	0.000	1.02376068
1.550	-0.550	0.000	1.02390885
1.650	-0.550	0.000	1.02420712
1.750	-0.550	0.000	1.02467847
1.850	-0.550	0.000	1.02517748
1.950	-0.550	0.000	1.02575719
2.050	-0.550	0.000	1.02624249
2.150	-0.550	0.000	1.02679217
2.250	-0.550	0.000	1.02718186
2.350	-0.550	0.000	1.02751756
2.450	-0.550	0.000	1.02760148
-2.450	-0.450	0.000	1.02523887
-2.350	-0.450	0.000	1.02504551
-2.250	-0.450	0.000	1.02518725
-2.150	-0.450	0.000	1.02544296
-2.050	-0.450	0.000	1.02565253
-1.950	-0.450	0.000	1.02581358
-1.850	-0.450	0.000	1.02578819
-1.750	-0.450	0.000	1.02561021
-1.650	-0.450	0.000	1.02501237
-1.550	-0.450	0.000	1.02412808
-1.450	-0.450	0.000	1.02332032
-1.350	-0.450	0.000	1.02225184
-1.250	-0.450	0.000	1.02128911
-1.150	-0.450	0.000	1.02031994
-1.050	-0.450	0.000	1.01961875
-0.950	-0.450	0.000	1.01947212
-0.850	-0.450	0.000	1.02007306
-0.750	-0.450	0.000	1.02104294
-0.650	-0.450	0.000	1.02216697
-0.550	-0.450	0.000	1.02330935
-0.450	-0.450	0.000	1.02425396
-0.350	-0.450	0.000	1.02492332
-0.250	-0.450	0.000	1.02517259
-0.150	-0.450	0.000	1.02519894
-0.050	-0.450	0.000	1.02502489
0.050	-0.450	0.000	1.02474666
0.150	-0.450	0.000	1.02457166
0.250	-0.450	0.000	1.02435303
0.350	-0.450	0.000	1.02433240
0.450	-0.450	0.000	1.02447367
0.550	-0.450	0.000	1.02464473
0.650	-0.450	0.000	1.02479959
0.750	-0.450	0.000	1.02487683
0.850	-0.450	0.000	1.02484715
0.950	-0.450	0.000	1.02476287
1.050	-0.450	0.000	1.02456880
1.150	-0.450	0.000	1.02433121
1.250	-0.450	0.000	1.02412999
1.350	-0.450	0.000	1.02399409
1.450	-0.450	0.000	1.02395093
1.550	-0.450	0.000	1.02403378
1.650	-0.450	0.000	1.02428055
1.750	-0.450	0.000	1.02472484
1.850	-0.450	0.000	1.02523816
1.950	-0.450	0.000	1.02582836
2.050	-0.450	0.000	1.02628720
2.150	-0.450	0.000	1.02675271
2.250	-0.450	0.000	1.02708924
2.350	-0.450	0.000	1.02737927
2.450	-0.450	0.000	1.02746117
-2.450	-0.350	0.000	1.02500820
-2.350	-0.350	0.000	1.02483320
-2.250	-0.350	0.000	1.02498472
-2.150	-0.350	0.000	1.02526414
-2.050	-0.350	0.000	1.02556229
-1.950	-0.350	0.000	1.02580678
-1.850	-0.350	0.000	1.02588010
-1.750	-0.350	0.000	1.02575994
-1.650	-0.350	0.000	1.02511322
-1.550	-0.350	0.000	1.02413726
-1.450	-0.350	0.000	1.02314639
-1.350	-0.350	0.000	1.02203143
-1.250	-0.350	0.000	1.02097392
-1.150	-0.350	0.000	1.02014697
-1.050	-0.350	0.000	1.01961911
-0.950	-0.350	0.000	1.01966608
-0.850	-0.350	0.000	1.02030909
-0.750	-0.350	0.000	1.02121353
-0.650	-0.350	0.000	1.02227688
-0.550	-0.350	0.000	1.02333009
-0.450	-0.350	0.000	1.02423644
-0.350	-0.350	0.000	1.02489746
-0.250	-0.350	0.000	1.02515757
-0.150	-0.350	0.000	1.02523124
-0.050	-0.350	0.000	1.02510774
0.050	-0.350	0.000	1.02489126
0.150	-0.350	0.000	1.02473211
0.250	-0.350	0.000	1.02455223
0.350	-0.350	0.000	1.02452970
0.450	-0.350	0.000	1.02463770
0.550	-0.350	0.000	1.02478015
0.650	-0.350	0.000	1.02490342
0.750	-0.350	0.000	1.02492619
0.850	-0.350	0.000	1.02486300
0.950	-0.350	0.000	1.02477694
1.050	-0.350	0.000	1.02460790
1.150	-0.350	0.000	1.02439773
1.250	-0.350	0.000	1.02422464
1.350	-0.350	0.000	1.02410901
1.450	-0.350	0.000	1.02404869
1.550	-0.350	0.000	1.02407730
1.650	-0.350	0.000	1.02426851
1.750	-0.350	0.000	1.02468467
1.850	-0.350	0.000	1.02519727
1.950	-0.350	0.000	1.02578807
2.050	-0.350	0.000	1.02623665
2.150	-0.350	0.000	1.02664411
2.250	-0.350	0.000	1.02691901
2.350	-0.350	0.000	1.02716959
2.450	-0.350	0.000	1.02723014
-2.450	-0.250	0.000	1.02489436
-2.350	-0.250	0.000	1.02471530
-2.250	-0.250	0.000	1.02485180
-2.150	-0.250	0.000	1.02514911
-2.050	-0.250	0.000	1.02552807
-1.950	-0.250	0.000	1.02588153
-1.850	-0.250	0.000	1.02607942
-1.750	-0.250	0.000	1.02603471
-1.650	-0.250	0.000	1.02536917
-1.550	-0.250	0.000	1.02433383
-1.450	-0.250	0.000	1.02320683
-1.350	-0.250	0.000	1.02198434
-1.250	-0.250	0.000	1.02088439
-1.150	-0.250	0.000	1.02012193
-1.050	-0.250	0.000	1.01981044
-0.950	-0.250	0.000	1.01997864
-0.850	-0.250	0.000	1.02057302
-0.750	-0.250	0.000	1.02141154
-0.650	-0.250	0.000	1.02238882
-0.550	-0.250	0.000	1.02339089
-0.450	-0.250	0.000	1.02427173
-0.350	-0.250	0.000	1.02488971
-0.250	-0.250	0.000	1.02517343
-0.150	-0.250	0.000	1.02527082
-0.050	-0.250	0.000	1.02520859
0.050	-0.250	0.000	1.02505517
0.150	-0.250	0.000	1.02491319
0.250	-0.250	0.000	1.02475893
0.350	-0.250	0.000	1.02475417
0.450	-0.250	0.000	1.02484262
0.550	-0.250	0.000	1.02499652
0.650	-0.250	0.000	1.02514637
0.750	-0.250	0.000	1.02511954
0.850	-0.250	0.000	1.02500987
0.950	-0.250	0.000	1.02488554
1.050	-0.250	0.000	1.02468050
1.150	-0.250	0.000	1.02442503
1.250	-0.250	0.000	1.02424359
1.350	-0.250	0.000	1.02412808
1.450	-0.250	0.000	1.02405465
1.550	-0.250	0.000	1.02407372
1.650	-0.250	0.000	1.02425170
1.750	-0.250	0.000	1.02464509
1.850	-0.250	0.000	1.02514219
1.950	-0.250	0.000	1.02572310
2.050	-0.250	0.000	1.02615523
2.150	-0.250	0.000	1.02652049
2.250	-0.250	0.000	1.02672935
2.350	-0.250	0.000	1.02691698
2.450	-0.250	0.000	1.02699220
-2.450	-0.150	0.000	1.02482963
-2.350	-0.150	0.000	1.02464354
-2.250	-0.150	0.000	1.02475917
-2.150	-0.150	0.000	1.02507079
-2.050	-0.150	0.000	1.02551699
-1.950	-0.150	0.000	1.02595520
-1.850	-0.150	0.000	1.02624488
-1.750	-0.150	0.000	1.02626908
-1.650	-0.150	0.000	1.02562726
-1.550	-0.150	0.000	1.02460325
-1.450	-0.150	0.000	1.02341175
-1.350	-0.150	0.000	1.02211189
-1.250	-0.150	0.000	1.02100778
-1.150	-0.150	0.000	1.02027929
-1.050	-0.150	0.000	1.02005756
-0.950	-0.150	0.000	1.02027106
-0.850	-0.150	0.000	1.02082801
-0.750	-0.150	0.000	1.02161109
-0.650	-0.150	0.000	1.02253366
-0.550	-0.150	0.000	1.02347863
-0.450	-0.150	0.000	1.02432275
-0.350	-0.150	0.000	1.02494323
-0.250	-0.150	0.000	1.02527106
-0.150	-0.150	0.000	1.02537751
-0.050	-0.150	0.000	1.02536726
0.050	-0.150	0.000	1.02523923
0.150	-0.150	0.000	1.02510178
0.250	-0.150	0.000	1.02497077
0.350	-0.150	0.000	1.02496374
0.450	-0.150	0.000	1.02503908
0.550	-0.150	0.000	1.02519119
0.650	-0.150	0.000	1.02534080
0.750	-0.150	0.000	1.02531767
0.850	-0.150	0.000	1.02519691
0.950	-0.150	0.000	1.02507174
1.050	-0.150	0.000	1.02486038
1.150	-0.150	0.000	1.02455044
1.250	-0.150	0.000	1.02430511
1.350	-0.150	0.000	1.02416945
1.450	-0.150	0.000	1.02407861
1.550	-0.150	0.000	1.02408206
1.650	-0.150	0.000	1.02426350
1.750	-0.150	0.000	1.02467370
1.850	-0.150	0.000	1.02515948
1.950	-0.150	0.000	1.02572429
2.050	-0.150	0.000	1.02617061
2.150	-0.150	0.000	1.02654040
2.250	-0.150	0.000	1.02666330
2.350	-0.150	0.000	1.02676904
2.450	-0.150	0.000	1.02684271
-2.450	-0.050	0.000	1.02503049
-2.350	-0.050	0.000	1.02478766
-2.250	-0.050	0.000	1.02483213
-2.150	-0.050	0.000	1.02508187
-2.050	-0.050	0.000	1.02549160
-1.950	-0.050	0.000	1.02604175
-1.850	-0.050	0.000	1.02648056
-1.750	-0.050	0.000	1.02658880
-1.650	-0.050	0.000	1.02598357
-1.550	-0.050	0.000	1.02501512
-1.450	-0.050	0.000	1.02379501
-1.350	-0.050	0.000	1.02249002
-1.250	-0.050	0.000	1.02142537
-1.150	-0.050	0.000	1.02072585
-1.050	-0.050	0.000	1.02055037
-0.950	-0.050	0.000	1.02074933
-0.850	-0.050	0.000	1.02122092
-0.750	-0.050	0.000	1.02191758
-0.650	-0.050	0.000	1.02275085
-0.550	-0.050	0.000	1.02361727
-0.450	-0.050	0.000	1.02442312
-0.350	-0.050	0.000	1.02506292
-0.250	-0.050	0.000	1.02544558
-0.150	-0.050	0.000	1.02562892
-0.050	-0.050	0.000	1.02563798
0.050	-0.050	0.000	1.02548730
0.150	-0.050	0.000	1.02531493
0.250	-0.050	0.000	1.02519155
0.350	-0.050	0.000	1.02516651
0.450	-0.050	0.000	1.02520728
0.550	-0.050	0.000	1.02532947
0.650	-0.050	0.000	1.02548790
0.750	-0.050	0.000	1.02548516
0.850	-0.050	0.000	1.02537715
0.950	-0.050	0.000	1.02527118
1.050	-0.050	0.000	1.02508330
1.150	-0.050	0.000	1.02478707
1.250	-0.050	0.000	1.02452362
1.350	-0.050	0.000	1.02431369
1.450	-0.050	0.000	1.02416813
1.550	-0.050	0.000	1.02413476
1.650	-0.050	0.000	1.02430511
1.750	-0.050	0.000	1.02474892
1.850	-0.050	0.000	1.02528286
1.950	-0.050	0.000	1.02588725
2.050	-0.050	0.000	1.02634990
2.150	-0.050	0.000	1.02667546
2.250	-0.050	0.000	1.02676094
2.350	-0.050	0.000	1.02676499
2.450	-0.050	0.000	1.02681267
-2.450	0.050	0.000	1.02544749
-2.350	0.050	0.000	1.02513254
-2.250	0.050	0.000	1.02511668
-2.150	0.050	0.000	1.02532697
-2.050	0.050	0.000	1.02571130
-1.950	0.050	0.000	1.02631259
-1.850	0.050	0.000	1.02681661
-1.750	0.050	0.000	1.02700353
-1.650	0.050	0.000	1.02646244
-1.550	0.050	0.000	1.02553499
-1.450	0.050	0.000	1.02433109
-1.350	0.050	0.000	1.02305233
-1.250	0.050	0.000	1.02203739
-1.150	0.050	0.000	1.02134860
-1.050	0.050	0.000	1.02112234
-0.950	0.050	0.000	1.02123725
-0.850	0.050	0.000	1.02159452
-0.750	0.050	0.000	1.02216566
-0.650	0.050	0.000	1.02289629
-0.550	0.050	0.000	1.02370882
-0.450	0.050	0.000	1.02450991
-0.350	0.050	0.000	1.02518296
-0.250	0.050	0.000	1.02563250
-0.150	0.050	0.000	1.02584541
-0.050	0.050	0.000	1.02589691
0.050	0.050	0.000	1.02575946
0.150	0.050	0.000	1.02557075
0.250	0.050	0.000	1.02542198
0.350	0.050	0.000	1.02536821
0.450	0.050	0.000	1.02537036
0.550	0.050	0.000	1.02544880
0.650	0.050	0.000	1.02558625
0.750	0.050	0.000	1.02559900
0.850	0.050	0.000	1.02551842
0.950	0.050	0.000	1.02545285
1.050	0.050	0.000	1.02535248
1.150	0.050	0.000	1.02512419
1.250	0.050	0.000	1.02484632
1.350	0.050	0.000	1.02459002
1.450	0.050	0.000	1.02438402
1.550	0.050	0.000	1.02429199
1.650	0.050	0.000	1.02440464
1.750	0.050	0.000	1.02482438
1.850	0.050	0.000	1.02538264
1.950	0.050	0.000	1.02599728
2.050	0.050	0.000	1.02647638
2.150	0.050	0.000	1.02677238
2.250	0.050	0.000	1.02685475
2.350	0.050	0.000	1.02678859
2.450	0.050	0.000	1.02681518
-2.450	0.150	0.000	1.02597547
-2.350	0.150	0.000	1.02561033
-2.250	0.150	0.000	1.02551031
-2.150	0.150	0.000	1.02565777
-2.050	0.150	0.000	1.02600944
-1.950	0.150	0.000	1.02665651
-1.850	0.150	0.000	1.02718639
-1.750	0.150	0.000	1.02741921
-1.650	0.150	0.000	1.02694619
-1.550	0.150	0.000	1.02607226
-1.450	0.150	0.000	1.02493155
-1.350	0.150	0.000	1.02372825
-1.250	0.150	0.000	1.02275074
-1.150	0.150	0.000	1.02207828
-1.050	0.150	0.000	1.02180469
-0.950	0.150	0.000	1.02181220
-0.850	0.150	0.000	1.02203560
-0.750	0.150	0.000	1.02245569
-0.650	0.150	0.000	1.02306557
-0.550	0.150	0.000	1.02380693
-0.450	0.150	0.000	1.02459633
-0.350	0.150	0.000	1.02530885
-0.250	0.150	0.000	1.02580988
-0.150	0.150	0.000	1.02607715
-0.050	0.150	0.000	1.02611744
0.050	0.150	0.000	1.02596629
0.150	0.150	0.000	1.02578831
0.250	0.150	0.000	1.02565384
0.350	0.150	0.000	1.02558434
0.450	0.150	0.000	1.02556396
0.550	0.150	0.000	1.02559710
0.650	0.150	0.000	1.02568591
0.750	0.150	0.000	1.02569938
0.850	0.150	0.000	1.02565622
0.950	0.150	0.000	1.02562630
1.050	0.150	0.000	1.02563035
1.150	0.150	0.000	1.02549601
1.250	0.150	0.000	1.02526355
1.350	0.150	0.000	1.02501273
1.450	0.150	0.000	1.02476048
1.550	0.150	0.000	1.02461863
1.650	0.150	0.000	1.02465510
1.750	0.150	0.000	1.02501059
1.850	0.150	0.000	1.02554381
1.950	0.150	0.000	1.02614069
2.050	0.150	0.000	1.02664506
2.150	0.150	0.000	1.02690756
2.250	0.150	0.000	1.02698052
2.350	0.150	0.000	1.02688086
2.450	0.150	0.000	1.02684855
-2.450	0.250	0.000	1.02664351
-2.350	0.250	0.000	1.02620888
-2.250	0.250	0.000	1.02604485
-2.150	0.250	0.000	1.02611649
-2.050	0.250	0.000	1.02640927
-1.950	0.250	0.000	1.02704942
-1.850	0.250	0.000	1.02758563
-1.750	0.250	0.000	1.02784646
-1.650	0.250	0.000	1.02747285
-1.550	0.250	0.000	1.02662003
-1.450	0.250	0.000	1.02551198
-1.350	0.250	0.000	1.02438819
-1.250	0.250	0.000	1.02348375
-1.150	0.250	0.000	1.02286017
-1.050	0.250	0.000	1.02256262
-0.950	0.250	0.000	1.02247632
-0.850	0.250	0.000	1.02255678
-0.750	0.250	0.000	1.02281666
-0.650	0.250	0.000	1.02326834
-0.550	0.250	0.000	1.02389872
-0.450	0.250	0.000	1.02463138
-0.350	0.250	0.000	1.02533710
-0.250	0.250	0.000	1.02586591
-0.150	0.250	0.000	1.02618730
-0.050	0.250	0.000	1.02626038
0.050	0.250	0.000	1.02615118
0.150	0.250	0.000	1.02599597
0.250	0.250	0.000	1.02586007
0.350	0.250	0.000	1.02580380
0.450	0.250	0.000	1.02577770
0.550	0.250	0.000	1.02577579
0.650	0.250	0.000	1.02583468
0.750	0.250	0.000	1.02585554
0.850	0.250	0.000	1.02585292
0.950	0.250	0.000	1.02582669
1.050	0.250	0.000	1.02586269
1.150	0.250	0.000	1.02580035
1.250	0.250	0.000	1.02564692
1.350	0.250	0.000	1.02545059
1.450	0.250	0.000	1.02520764
1.550	0.250	0.000	1.02505112
1.650	0.250	0.000	1.02503920
1.750	0.250	0.000	1.02533162
1.850	0.250	0.000	1.02580369
1.950	0.250	0.000	1.02632427
2.050	0.250	0.000	1.02685916
2.150	0.250	0.000	1.02709317
2.250	0.250	0.000	1.02711344
2.350	0.250	0.000	1.02698016
2.450	0.250	0.000	1.02690470
-2.450	0.350	0.000	1.02736604
-2.350	0.350	0.000	1.02690506
-2.250	0.350	0.000	1.02665198
-2.150	0.350	0.000	1.02667022
-2.050	0.350	0.000	1.02693462
-1.950	0.350	0.000	1.02758765
-1.850	0.350	0.000	1.02816141
-1.750	0.350	0.000	1.02842081
-1.650	0.350	0.000	1.02811444
-1.550	0.350	0.000	1.02725029
-1.450	0.350	0.000	1.02613986
-1.350	0.350	0.000	1.02504492
-1.250	0.350	0.000	1.02420473
-1.150	0.350	0.000	1.02364886
-1.050	0.350	0.000	1.02338922
-0.950	0.350	0.000	1.02327597
-0.850	0.350	0.000	1.02325869
-0.750	0.350	0.000	1.02336168
-0.650	0.350	0.000	1.02365828
-0.550	0.350	0.000	1.02413893
-0.450	0.350	0.000	1.02471900
-0.350	0.350	0.000	1.02532375
-0.250	0.350	0.000	1.02582479
-0.150	0.350	0.000	1.02617526
-0.050	0.350	0.000	1.02628577
0.050	0.350	0.000	1.02625120
0.150	0.350	0.000	1.02616048
0.250	0.350	0.000	1.02607703
0.350	0.350	0.000	1.02607763
0.450	0.350	0.000	1.02607441
0.550	0.350	0.000	1.02608418
0.650	0.350	0.000	1.02611375
0.750	0.350	0.000	1.02608871
0.850	0.350	0.000	1.02603769
0.950	0.350	0.000	1.02597058
1.050	0.350	0.000	1.02596903
1.150	0.350	0.000	1.02592766
1.250	0.350	0.000	1.02585018
1.350	0.350	0.000	1.02575016
1.450	0.350	0.000	1.02560794
1.550	0.350	0.000	1.02551675
1.650	0.350	0.000	1.02555537
1.750	0.350	0.000	1.02582443
1.850	0.350	0.000	1.02623093
1.950	0.350	0.000	1.02666605
2.050	0.350	0.000	1.02716148
2.150	0.350	0.000	1.02731848
2.250	0.350	0.000	1.02728796
2.350	0.350	0.000	1.02714145
2.450	0.350	0.000	1.02699625
-2.450	0.450	0.000	1.02818429
-2.350	0.450	0.000	1.02771235
-2.250	0.450	0.000	1.02735758
-2.150	0.450	0.000	1.02731407
-2.050	0.450	0.000	1.02753389
-1.950	0.450	0.000	1.02816367
-1.850	0.450	0.000	1.02874470
-1.750	0.450	0.000	1.02901256
-1.650	0.450	0.000	1.02875757
-1.550	0.450	0.000	1.02791858
-1.450	0.450	0.000	1.02680671
-1.350	0.450	0.000	1.02574527
-1.250	0.450	0.000	1.02496123
-1.150	0.450	0.000	1.02446675
-1.050	0.450	0.000	1.02426696
-0.950	0.450	0.000	1.02417767
-0.850	0.450	0.000	1.02413189
-0.750	0.450	0.000	1.02414131
-0.650	0.450	0.000	1.02429020
-0.550	0.450	0.000	1.02460122
-0.450	0.450	0.000	1.02505386
-0.350	0.450	0.000	1.02556491
-0.250	0.450	0.000	1.02595019
-0.150	0.450	0.000	1.02625465
-0.050	0.450	0.000	1.02636337
0.050	0.450	0.000	1.02634525
0.150	0.450	0.000	1.02629256
0.250	0.450	0.000	1.02631569
0.350	0.450	0.000	1.02639723
0.450	0.450	0.000	1.02644610
0.550	0.450	0.000	1.02647066
0.650	0.450	0.000	1.02649581
0.750	0.450	0.000	1.02645350
0.850	0.450	0.000	1.02633417
0.950	0.450	0.000	1.02621579
1.050	0.450	0.000	1.02615321
1.150	0.450	0.000	1.02605200
1.250	0.450	0.000	1.02596033
1.350	0.450	0.000	1.02591562
1.450	0.450	0.000	1.02587295
1.550	0.450	0.000	1.02587414
1.650	0.450	0.000	1.02595997
1.750	0.450	0.000	1.02623320
1.850	0.450	0.000	1.02662051
1.950	0.450	0.000	1.02702510
2.050	0.450	0.000	1.02746594
2.150	0.450	0.000	1.02760053
2.250	0.450	0.000	1.02753770
2.350	0.450	0.000	1.02737188
2.450	0.450	0.000	1.02712989
-2.450	0.550	0.000	1.02894187
-2.350	0.550	0.000	1.02849936
-2.250	0.550	0.000	1.02808690
-2.150	0.550	0.000	1.02796948
-2.050	0.550	0.000	1.02811217
-1.950	0.550	0.000	1.02870548
-1.850	0.550	0.000	1.02928531
-1.750	0.550	0.000	1.02959681
-1.650	0.550	0.000	1.02938426
-1.550	0.550	0.000	1.02859628
-1.450	0.550	0.000	1.02747321
-1.350	0.550	0.000	1.02641010
-1.250	0.550	0.000	1.02565658
-1.150	0.550	0.000	1.02523005
-1.050	0.550	0.000	1.02511048
-0.950	0.550	0.000	1.02509344
-0.850	0.550	0.000	1.02509439
-0.750	0.550	0.000	1.02509737
-0.650	0.550	0.000	1.02517927
-0.550	0.550	0.000	1.02537370
-0.450	0.550	0.000	1.02564633
-0.350	0.550	0.000	1.02595198
-0.250	0.550	0.000	1.02619636
-0.150	0.550	0.000	1.02633846
-0.050	0.550	0.000	1.02635992
0.050	0.550	0.000	1.02633762
0.150	0.550	0.000	1.02637732
0.250	0.550	0.000	1.02651644
0.350	0.550	0.000	1.02668715
0.450	0.550	0.000	1.02681518
0.550	0.550	0.000	1.02691305
0.650	0.550	0.000	1.02698398
0.750	0.550	0.000	1.02688491
0.850	0.550	0.000	1.02667332
0.950	0.550	0.000	1.02648103
1.050	0.550	0.000	1.02632439
1.150	0.550	0.000	1.02615392
1.250	0.550	0.000	1.02600825
1.350	0.550	0.000	1.02597523
1.450	0.550	0.000	1.02600098
1.550	0.550	0.000	1.02608144
1.650	0.550	0.000	1.02623713
1.750	0.550	0.000	1.02654970
1.850	0.550	0.000	1.02694941
1.950	0.550	0.000	1.02732360
2.050	0.550	0.000	1.02770424
2.150	0.550	0.000	1.02781141
2.250	0.550	0.000	1.02770960
2.350	0.550	0.000	1.02753448
2.450	0.550	0.000	1.02722967
-2.450	0.650	0.000	1.02950573
-2.350	0.650	0.000	1.02915406
-2.250	0.650	0.000	1.02867472
-2.150	0.650	0.000	1.02836645
-2.050	0.650	0.000	1.02844882
-1.950	0.650	0.000	1.02901566
-1.850	0.650	0.000	1.02962434
-1.750	0.650	0.000	1.02999520
-1.650	0.650	0.000	1.02985060
-1.550	0.650	0.000	1.02913904
-1.450	0.650	0.000	1.02802312
-1.350	0.650	0.000	1.02695322
-1.250	0.650	0.000	1.02622128
-1.150	0.650	0.000	1.02586424
-1.050	0.650	0.000	1.02583277
-0.950	0.650	0.000	1.02592003
-0.850	0.650	0.000	1.02601111
-0.750	0.650	0.000	1.02606654
-0.650	0.650	0.000	1.02615738
-0.550	0.650	0.000	1.02631092
-0.450	0.650	0.000	1.02648544
-0.350	0.650	0.000	1.02664411
-0.250	0.650	0.000	1.02669680
-0.150	0.650	0.000	1.02668166
-0.050	0.650	0.000	1.02657044
0.050	0.650	0.000	1.02641404
0.150	0.650	0.000	1.02640831
0.250	0.650	0.000	1.02656424
0.350	0.650	0.000	1.02682281
0.450	0.650	0.000	1.02706778
0.550	0.650	0.000	1.02727020
0.650	0.650	0.000	1.02741253
0.750	0.650	0.000	1.02730739
0.850	0.650	0.000	1.02705264
0.950	0.650	0.000	1.02676749
1.050	0.650	0.000	1.02649593
1.150	0.650	0.000	1.02619624
1.250	0.650	0.000	1.02595520
1.350	0.650	0.000	1.02591431
1.450	0.650	0.000	1.02595711
1.550	0.650	0.000	1.02612650
1.650	0.650	0.000	1.02636421
1.750	0.650	0.000	1.02671087
1.850	0.650	0.000	1.02711213
1.950	0.650	0.000	1.02744555
2.050	0.650	0.000	1.02776551
2.150	0.650	0.000	1.02788234
2.250	0.650	0.000	1.02778196
2.350	0.650	0.000	1.02761388
2.450	0.650	0.000	1.02725410
-2.450	0.750	0.000	1.02963126
-2.350	0.750	0.000	1.02937424
-2.250	0.750	0.000	1.02889180
-2.150	0.750	0.000	1.02859771
-2.050	0.750	0.000	1.02859139
-1.950	0.750	0.000	1.02905858
-1.850	0.750	0.000	1.02965486
-1.750	0.750	0.000	1.03007352
-1.650	0.750	0.000	1.03001606
-1.550	0.750	0.000	1.02938068
-1.450	0.750	0.000	1.02829993
-1.350	0.750	0.000	1.02724147
-1.250	0.750	0.000	1.02655566
-1.150	0.750	0.000	1.02626586
-1.050	0.750	0.000	1.02633095
-0.950	0.750	0.000	1.02653325
-0.850	0.750	0.000	1.02675104
-0.750	0.750	0.000	1.02692342
-0.650	0.750	0.000	1.02709115
-0.550	0.750	0.000	1.02725732
-0.450	0.750	0.000	1.02737749
-0.350	0.750	0.000	1.02743542
-0.250	0.750	0.000	1.02737427
-0.150	0.750	0.000	1.02721310
-0.050	0.750	0.000	1.02694142
0.050	0.750	0.000	1.02668881
0.150	0.750	0.000	1.02656472
0.250	0.750	0.000	1.02665889
0.350	0.750	0.000	1.02689207
0.450	0.750	0.000	1.02715611
0.550	0.750	0.000	1.02742696
0.650	0.750	0.000	1.02763104
0.750	0.750	0.000	1.02754653
0.850	0.750	0.000	1.02731228
0.950	0.750	0.000	1.02698576
1.050	0.750	0.000	1.02665615
1.150	0.750	0.000	1.02630591
1.250	0.750	0.000	1.02599955
1.350	0.750	0.000	1.02592039
1.450	0.750	0.000	1.02592504
1.550	0.750	0.000	1.02604735
1.650	0.750	0.000	1.02630115
1.750	0.750	0.000	1.02670312
1.850	0.750	0.000	1.02714992
1.950	0.750	0.000	1.02749026
2.050	0.750	0.000	1.02781689
2.150	0.750	0.000	1.02792668
2.250	0.750	0.000	1.02780199
2.350	0.750	0.000	1.02765119
2.450	0.750	0.000	1.02725637
-2.450	0.850	0.000	1.02959919
-2.350	0.850	0.000	1.02942944
-2.250	0.850	0.000	1.02890706
-2.150	0.850	0.000	1.02857208
-2.050	0.850	0.000	1.02855802
-1.950	0.850	0.000	1.02893150
-1.850	0.850	0.000	1.02950430
-1.750	0.850	0.000	1.02993417
-1.650	0.850	0.000	1.02992785
-1.550	0.850	0.000	1.02935922
-1.450	0.850	0.000	1.02836382
-1.350	0.850	0.000	1.02734423
-1.250	0.850	0.000	1.02664948
-1.150	0.850	0.000	1.02633488
-1.050	0.850	0.000	1.02648592
-0.950	0.850	0.000	1.02682221
-0.850	0.850	0.000	1.02720559
-0.750	0.850	0.000	1.02753890
-0.650	0.850	0.000	1.02781773
-0.550	0.850	0.000	1.02802789
-0.450	0.850	0.000	1.02817416
-0.350	0.850	0.000	1.02822506
-0.250	0.850	0.000	1.02813756
-0.150	0.850	0.000	1.02788436
-0.050	0.850	0.000	1.02751493
0.050	0.850	0.000	1.02714407
0.150	0.850	0.000	1.02689517
0.250	0.850	0.000	1.02689695
0.350	0.850	0.000	1.02706921
0.450	0.850	0.000	1.02730548
0.550	0.850	0.000	1.02754605
0.650	0.850	0.000	1.02773941
0.750	0.850	0.000	1.02764583
0.850	0.850	0.000	1.02741826
0.950	0.850	0.000	1.02707708
1.050	0.850	0.000	1.02671528
1.150	0.850	0.000	1.02634871
1.250	0.850	0.000	1.02596140
1.350	0.850	0.000	1.02580023
1.450	0.850	0.000	1.02578485
1.550	0.850	0.000	1.02591002
1.650	0.850	0.000	1.02618349
1.750	0.850	0.000	1.02661216
1.850	0.850	0.000	1.02710700
1.950	0.850	0.000	1.02746010
2.050	0.850	0.000	1.02780330
2.150	0.850	0.000	1.02793849
2.250	0.850	0.000	1.02783155
2.350	0.850	0.000	1.02769458
2.450	0.850	0.000	1.02729011
-2.450	0.950	0.000	1.02949405
-2.350	0.950	0.000	1.02936196
-2.250	0.950	0.000	1.02881968
-2.150	0.950	0.000	1.02847302
-2.050	0.950	0.000	1.02846634
-1.950	0.950	0.000	1.02874899
-1.850	0.950	0.000	1.02925599
-1.750	0.950	0.000	1.02962482
-1.650	0.950	0.000	1.02961338
-1.550	0.950	0.000	1.02907324
-1.450	0.950	0.000	1.02814174
-1.350	0.950	0.000	1.02716756
-1.250	0.950	0.000	1.02650380
-1.150	0.950	0.000	1.02624381
-1.050	0.950	0.000	1.02644742
-0.950	0.950	0.000	1.02683544
-0.850	0.950	0.000	1.02730167
-0.750	0.950	0.000	1.02774930
-0.650	0.950	0.000	1.02813447
-0.550	0.950	0.000	1.02844632
-0.450	0.950	0.000	1.02869070
-0.350	0.950	0.000	1.02883577
-0.250	0.950	0.000	1.02877474
-0.150	0.950	0.000	1.02853060
-0.050	0.950	0.000	1.02816010
0.050	0.950	0.000	1.02774870
0.150	0.950	0.000	1.02745378
0.250	0.950	0.000	1.02738595
0.350	0.950	0.000	1.02749515
0.450	0.950	0.000	1.02764761
0.550	0.950	0.000	1.02781165
0.650	0.950	0.000	1.02787507
0.750	0.950	0.000	1.02769673
0.850	0.950	0.000	1.02744889
0.950	0.950	0.000	1.02713406
1.050	0.950	0.000	1.02677274
1.150	0.950	0.000	1.02642035
1.250	0.950	0.000	1.02602506
1.350	0.950	0.000	1.02578425
1.450	0.950	0.000	1.02573955
1.550	0.950	0.000	1.02581775
1.650	0.950	0.000	1.02606893
1.750	0.950	0.000	1.02648020
1.850	0.950	0.000	1.02699614
1.950	0.950	0.000	1.02737951
2.050	0.950	0.000	1.02775276
2.150	0.950	0.000	1.02796674
2.250	0.950	0.000	1.02793026
2.350	0.950	0.000	1.02785158
2.450	0.950	0.000	1.02746987
-2.450	1.050	0.000	1.02935886
-2.350	1.050	0.000	1.02925217
-2.250	1.050	0.000	1.02870667
-2.150	1.050	0.000	1.02835917
-2.050	1.050	0.000	1.02835011
-1.950	1.050	0.000	1.02857542
-1.850	1.050	0.000	1.02900600
-1.750	1.050	0.000	1.02932370
-1.650	1.050	0.000	1.02929008
-1.550	1.050	0.000	1.02876139
-1.450	1.050	0.000	1.02785182
-1.350	1.050	0.000	1.02689970
-1.250	1.050	0.000	1.02622807
-1.150	1.050	0.000	1.02591097
-1.050	1.050	0.000	1.02610373
-0.950	1.050	0.000	1.02656353
-0.850	1.050	0.000	1.02715552
-0.750	1.050	0.000	1.02774203
-0.650	1.050	0.000	1.02823782
-0.550	1.050	0.000	1.02862382
-0.450	1.050	0.000	1.02891803
-0.350	1.050	0.000	1.02912402
-0.250	1.050	0.000	1.02918577
-0.150	1.050	0.000	1.02907419
-0.050	1.050	0.000	1.02875137
0.050	1.050	0.000	1.02837479
0.150	1.050	0.000	1.02809262
0.250	1.050	0.000	1.02799726
0.350	1.050	0.000	1.02803469
0.450	1.050	0.000	1.02813184
0.550	1.050	0.000	1.02822292
0.650	1.050	0.000	1.02818978
0.750	1.050	0.000	1.02791548
0.850	1.050	0.000	1.02760589
0.950	1.050	0.000	1.02727616
1.050	1.050	0.000	1.02690792
1.150	1.050	0.000	1.02659035
1.250	1.050	0.000	1.02624345
1.350	1.050	0.000	1.02595723
1.450	1.050	0.000	1.02588427
1.550	1.050	0.000	1.02590251
1.650	1.050	0.000	1.02609777
1.750	1.050	0.000	1.02645898
1.850	1.050	0.000	1.02696276
1.950	1.050	0.000	1.02736270
2.050	1.050	0.000	1.02776134
2.150	1.050	0.000	1.02802479
2.250	1.050	0.000	1.02804732
2.350	1.050	0.000	1.02804828
2.450	1.050	0.000	1.02774322
-2.450	1.150	0.000	1.02938330
-2.350	1.150	0.000	1.02928817
-2.250	1.150	0.000	1.02874660
-2.150	1.150	0.000	1.02844715
-2.050	1.150	0.000	1.02839160
-1.950	1.150	0.000	1.02858591
-1.850	1.150	0.000	1.02897429
-1.750	1.150	0.000	1.02922547
-1.650	1.150	0.000	1.02911127
-1.550	1.150	0.000	1.02860165
-1.450	1.150	0.000	1.02770543
-1.350	1.150	0.000	1.02674341
-1.250	1.150	0.000	1.02601171
-1.150	1.150	0.000	1.02565014
-1.050	1.150	0.000	1.02574146
-0.950	1.150	0.000	1.02616215
-0.850	1.150	0.000	1.02678025
-0.750	1.150	0.000	1.02740765
-0.650	1.150	0.000	1.02794492
-0.550	1.150	0.000	1.02838027
-0.450	1.150	0.000	1.02876294
-0.350	1.150	0.000	1.02909076
-0.250	1.150	0.000	1.02927852
-0.150	1.150	0.000	1.02931499
-0.050	1.150	0.000	1.02915263
0.050	1.150	0.000	1.02895880
0.150	1.150	0.000	1.02877617
0.250	1.150	0.000	1.02872181
0.350	1.150	0.000	1.02876425
0.450	1.150	0.000	1.02883422
0.550	1.150	0.000	1.02889025
0.650	1.150	0.000	1.02877474
0.750	1.150	0.000	1.02843106
0.850	1.150	0.000	1.02805686
0.950	1.150	0.000	1.02767348
1.050	1.150	0.000	1.02723849
1.150	1.150	0.000	1.02685797
1.250	1.150	0.000	1.02650642
1.350	1.150	0.000	1.02619874
1.450	1.150	0.000	1.02612543
1.550	1.150	0.000	1.02616394
1.650	1.150	0.000	1.02637410
1.750	1.150	0.000	1.02673399
1.850	1.150	0.000	1.02723503
1.950	1.150	0.000	1.02765214
2.050	1.150	0.000	1.02801085
2.150	1.150	0.000	1.02822924
2.250	1.150	0.000	1.02825522
2.350	1.150	0.000	1.02827215
2.450	1.150	0.000	1.02800930
-2.450	1.250	0.000	1.02963185
-2.350	1.250	0.000	1.02954495
-2.250	1.250	0.000	1.02902007
-2.150	1.250	0.000	1.02876866
-2.050	1.250	0.000	1.02870381
-1.950	1.250	0.000	1.02889657
-1.850	1.250	0.000	1.02926576
-1.750	1.250	0.000	1.02946413
-1.650	1.250	0.000	1.02930665
-1.550	1.250	0.000	1.02877736
-1.450	1.250	0.000	1.02789581
-1.350	1.250	0.000	1.02693343
-1.250	1.250	0.000	1.02611327
-1.150	1.250	0.000	1.02565658
-1.050	1.250	0.000	1.02555597
-0.950	1.250	0.000	1.02583814
-0.850	1.250	0.000	1.02636766
-0.750	1.250	0.000	1.02694821
-0.650	1.250	0.000	1.02746689
-0.550	1.250	0.000	1.02791810
-0.450	1.250	0.000	1.02834189
-0.350	1.250	0.000	1.02873123
-0.250	1.250	0.000	1.02902675
-0.150	1.250	0.000	1.02920961
-0.050	1.250	0.000	1.02927506
0.050	1.250	0.000	1.02928805
0.150	1.250	0.000	1.02928531
0.250	1.250	0.000	1.02935004
0.350	1.250	0.000	1.02945805
0.450	1.250	0.000	1.02956688
0.550	1.250	0.000	1.02965951
0.650	1.250	0.000	1.02957451
0.750	1.250	0.000	1.02922988
0.850	1.250	0.000	1.02881968
0.950	1.250	0.000	1.02836287
1.050	1.250	0.000	1.02784109
1.150	1.250	0.000	1.02737868
1.250	1.250	0.000	1.02697265
1.350	1.250	0.000	1.02661562
1.450	1.250	0.000	1.02649140
1.550	1.250	0.000	1.02650893
1.650	1.250	0.000	1.02670395
1.750	1.250	0.000	1.02706838
1.850	1.250	0.000	1.02756393
1.950	1.250	0.000	1.02792716
2.050	1.250	0.000	1.02830696
2.150	1.250	0.000	1.02842104
2.250	1.250	0.000	1.02845132
2.350	1.250	0.000	1.02846193
2.450	1.250	0.000	1.02823794
-2.450	1.350	0.000	1.03032601
-2.350	1.350	0.000	1.03027129
-2.250	1.350	0.000	1.02973855
-2.150	1.350	0.000	1.02949452
-2.050	1.350	0.000	1.02940512
-1.950	1.350	0.000	1.02959061
-1.850	1.350	0.000	1.02992916
-1.750	1.350	0.000	1.03004742
-1.650	1.350	0.000	1.02987659
-1.550	1.350	0.000	1.02931118
-1.450	1.350	0.000	1.02844870
-1.350	1.350	0.000	1.02750552
-1.250	1.350	0.000	1.02662694
-1.150	1.350	0.000	1.02601230
-1.050	1.350	0.000	1.02565825
-0.950	1.350	0.000	1.02572107
-0.850	1.350	0.000	1.02600348
-0.750	1.350	0.000	1.02646983
-0.650	1.350	0.000	1.02693987
-0.550	1.350	0.000	1.02736616
-0.450	1.350	0.000	1.02779543
-0.350	1.350	0.000	1.02822530
-0.250	1.350	0.000	1.02861762
-0.150	1.350	0.000	1.02894151
-0.050	1.350	0.000	1.02919483
0.050	1.350	0.000	1.02938092
0.150	1.350	0.000	1.02961457
0.250	1.350	0.000	1.02986586
0.350	1.350	0.000	1.03009915
0.450	1.350	0.000	1.03025997
0.550	1.350	0.000	1.03041446
0.650	1.350	0.000	1.03040886
0.750	1.350	0.000	1.03013742
0.850	1.350	0.000	1.02977228
0.950	1.350	0.000	1.02929413
1.050	1.350	0.000	1.02870023
1.150	1.350	0.000	1.02811038
1.250	1.350	0.000	1.02758384
1.350	1.350	0.000	1.02712846
1.450	1.350	0.000	1.02694809
1.550	1.350	0.000	1.02694488
1.650	1.350	0.000	1.02714050
1.750	1.350	0.000	1.02751017
1.850	1.350	0.000	1.02800715
1.950	1.350	0.000	1.02834833
2.050	1.350	0.000	1.02863717
2.150	1.350	0.000	1.02872694
2.250	1.350	0.000	1.02874923
2.350	1.350	0.000	1.02869797
2.450	1.350	0.000	1.02842057
-2.450	1.450	0.000	1.03132415
-2.350	1.450	0.000	1.03131700
-2.250	1.450	0.000	1.03069699
-2.150	1.450	0.000	1.03045213
-2.050	1.450	0.000	1.03035355
-1.950	1.450	0.000	1.03055894
-1.850	1.450	0.000	1.03088093
-1.750	1.450	0.000	1.03089285
-1.650	1.450	0.000	1.03067708
-1.550	1.450	0.000	1.03008294
-1.450	1.450	0.000	1.02923977
-1.350	1.450	0.000	1.02832508
-1.250	1.450	0.000	1.02742505
-1.150	1.450	0.000	1.02667284
-1.050	1.450	0.000	1.02611196
-0.950	1.450	0.000	1.02594292
-0.850	1.450	0.000	1.02594054
-0.750	1.450	0.000	1.02624035
-0.650	1.450	0.000	1.02662718
-0.550	1.450	0.000	1.02703142
-0.450	1.450	0.000	1.02744150
-0.350	1.450	0.000	1.02786016
-0.250	1.450	0.000	1.02826595
-0.150	1.450	0.000	1.02866209
-0.050	1.450	0.000	1.02904546
0.050	1.450	0.000	1.02940929
0.150	1.450	0.000	1.02979875
0.250	1.450	0.000	1.03020096
0.350	1.450	0.000	1.03056610
0.450	1.450	0.000	1.03082120
0.550	1.450	0.000	1.03104818
0.650	1.450	0.000	1.03113401
0.750	1.450	0.000	1.03095102
0.850	1.450	0.000	1.03064644
0.950	1.450	0.000	1.03020525
1.050	1.450	0.000	1.02962756
1.150	1.450	0.000	1.02898622
1.250	1.450	0.000	1.02837479
1.350	1.450	0.000	1.02782702
1.450	1.450	0.000	1.02754569
1.550	1.450	0.000	1.02745628
1.650	1.450	0.000	1.02756357
1.750	1.450	0.000	1.02789152
1.850	1.450	0.000	1.02836013
1.950	1.450	0.000	1.02872276
2.050	1.450	0.000	1.02897871
2.150	1.450	0.000	1.02893937
2.250	1.450	0.000	1.02889049
2.350	1.450	0.000	1.02882075
2.450	1.450	0.000	1.02860093
-2.450	1.550	0.000	1.03213835
-2.350	1.550	0.000	1.03222597
-2.250	1.550	0.000	1.03162432
-2.150	1.550	0.000	1.03141248
-2.050	1.550	0.000	1.03133368
-1.950	1.550	0.000	1.03153491
-1.850	1.550	0.000	1.03181934
-1.750	1.550	0.000	1.03177643
-1.650	1.550	0.000	1.03149855
-1.550	1.550	0.000	1.03086877
-1.450	1.550	0.000	1.03006434
-1.350	1.550	0.000	1.02924263
-1.250	1.550	0.000	1.02838957
-1.150	1.550	0.000	1.02758038
-1.050	1.550	0.000	1.02689993
-0.950	1.550	0.000	1.02654862
-0.850	1.550	0.000	1.02636266
-0.750	1.550	0.000	1.02652192
-0.650	1.550	0.000	1.02683413
-0.550	1.550	0.000	1.02721798
-0.450	1.550	0.000	1.02759337
-0.350	1.550	0.000	1.02795267
-0.250	1.550	0.000	1.02830350
-0.150	1.550	0.000	1.02868199
-0.050	1.550	0.000	1.02910304
0.050	1.550	0.000	1.02955854
0.150	1.550	0.000	1.03005528
0.250	1.550	0.000	1.03054368
0.350	1.550	0.000	1.03098238
0.450	1.550	0.000	1.03129888
0.550	1.550	0.000	1.03156650
0.650	1.550	0.000	1.03171849
0.750	1.550	0.000	1.03163636
0.850	1.550	0.000	1.03143370
0.950	1.550	0.000	1.03105354
1.050	1.550	0.000	1.03050447
1.150	1.550	0.000	1.02984834
1.250	1.550	0.000	1.02920389
1.350	1.550	0.000	1.02860940
1.450	1.550	0.000	1.02826142
1.550	1.550	0.000	1.02812219
1.650	1.550	0.000	1.02817702
1.750	1.550	0.000	1.02840281
1.850	1.550	0.000	1.02871883
1.950	1.550	0.000	1.02891386
2.050	1.550	0.000	1.02906251
2.150	1.550	0.000	1.02901542
2.250	1.550	0.000	1.02894092
2.350	1.550	0.000	1.02883792
2.450	1.550	0.000	1.02861845
-2.450	1.650	0.000	1.03281260
-2.350	1.650	0.000	1.03303158
-2.250	1.650	0.000	1.03252518
-2.150	1.650	0.000	1.03231251
-2.050	1.650	0.000	1.03224409
-1.950	1.650	0.000	1.03244758
-1.850	1.650	0.000	1.03266943
-1.750	1.650	0.000	1.03256261
-1.650	1.650	0.000	1.03221345
-1.550	1.650	0.000	1.03154612
-1.450	1.650	0.000	1.03078997
-1.350	1.650	0.000	1.03007209
-1.250	1.650	0.000	1.02935410
-1.150	1.650	0.000	1.02862608
-1.050	1.650	0.000	1.02791429
-0.950	1.650	0.000	1.02744412
-0.850	1.650	0.000	1.02715528
-0.750	1.650	0.000	1.02720892
-0.650	1.650	0.000	1.02747047
-0.550	1.650	0.000	1.02783537
-0.450	1.650	0.000	1.02817261
-0.350	1.650	0.000	1.02846253
-0.250	1.650	0.000	1.02873027
-0.150	1.650	0.000	1.02903295
-0.050	1.650	0.000	1.02940893
0.050	1.650	0.000	1.02985334
0.150	1.650	0.000	1.03034401
0.250	1.650	0.000	1.03083289
0.350	1.650	0.000	1.03125572
0.450	1.650	0.000	1.03158331
0.550	1.650	0.000	1.03187108
0.650	1.650	0.000	1.03203464
0.750	1.650	0.000	1.03200674
0.850	1.650	0.000	1.03185582
0.950	1.650	0.000	1.03152049
1.050	1.650	0.000	1.03104806
1.150	1.650	0.000	1.03045237
1.250	1.650	0.000	1.02982879
1.350	1.650	0.000	1.02929044
1.450	1.650	0.000	1.02891469
1.550	1.650	0.000	1.02869570
1.650	1.650	0.000	1.02869081
1.750	1.650	0.000	1.02887440
1.850	1.650	0.000	1.02916455
1.950	1.650	0.000	1.02934527
2.050	1.650	0.000	1.02943897
2.150	1.650	0.000	1.02929258
2.250	1.650	0.000	1.02915919
2.350	1.650	0.000	1.02902162
2.450	1.650	0.000	1.02879810
-2.450	1.750	0.000	1.03317332
-2.350	1.750	0.000	1.03357995
-2.250	1.750	0.000	1.03335083
-2.150	1.750	0.000	1.03314424
-2.050	1.750	0.000	1.03314066
-1.950	1.750	0.000	1.03334808
-1.850	1.750	0.000	1.03351009
-1.750	1.750	0.000	1.03333461
-1.650	1.750	0.000	1.03288770
-1.550	1.750	0.000	1.03215468
-1.450	1.750	0.000	1.03138995
-1.350	1.750	0.000	1.03070796
-1.250	1.750	0.000	1.03007948
-1.150	1.750	0.000	1.02944744
-1.050	1.750	0.000	1.02880085
-0.950	1.750	0.000	1.02831304
-0.850	1.750	0.000	1.02799284
-0.750	1.750	0.000	1.02799249
-0.650	1.750	0.000	1.02821863
-0.550	1.750	0.000	1.02856016
-0.450	1.750	0.000	1.02886820
-0.350	1.750	0.000	1.02909648
-0.250	1.750	0.000	1.02927220
-0.150	1.750	0.000	1.02946675
-0.050	1.750	0.000	1.02974725
0.050	1.750	0.000	1.03011370
0.150	1.750	0.000	1.03054273
0.250	1.750	0.000	1.03096044
0.350	1.750	0.000	1.03132296
0.450	1.750	0.000	1.03160703
0.550	1.750	0.000	1.03185141
0.650	1.750	0.000	1.03198254
0.750	1.750	0.000	1.03196287
0.850	1.750	0.000	1.03182042
0.950	1.750	0.000	1.03151202
1.050	1.750	0.000	1.03108704
1.150	1.750	0.000	1.03055692
1.250	1.750	0.000	1.02997673
1.350	1.750	0.000	1.02947378
1.450	1.750	0.000	1.02914751
1.550	1.750	0.000	1.02894008
1.650	1.750	0.000	1.02893007
1.750	1.750	0.000	1.02911055
1.850	1.750	0.000	1.02939510
1.950	1.750	0.000	1.02960134
2.050	1.750	0.000	1.02974772
2.150	1.750	0.000	1.02964520
2.250	1.750	0.000	1.02953863
2.350	1.750	0.000	1.02938819
2.450	1.750	0.000	1.02912211
-2.450	1.850	0.000	1.03319311
-2.350	1.850	0.000	1.03379822
-2.250	1.850	0.000	1.03393269
-2.150	1.850	0.000	1.03382826
-2.050	1.850	0.000	1.03388631
-1.950	1.850	0.000	1.03409231
-1.850	1.850	0.000	1.03420460
-1.750	1.850	0.000	1.03396487
-1.650	1.850	0.000	1.03342640
-1.550	1.850	0.000	1.03262496
-1.450	1.850	0.000	1.03181350
-1.350	1.850	0.000	1.03107464
-1.250	1.850	0.000	1.03041339
-1.150	1.850	0.000	1.02978218
-1.050	1.850	0.000	1.02916980
-0.950	1.850	0.000	1.02865469
-0.850	1.850	0.000	1.02836895
-0.750	1.850	0.000	1.02833271
-0.650	1.850	0.000	1.02854180
-0.550	1.850	0.000	1.02888274
-0.450	1.850	0.000	1.02919483
-0.350	1.850	0.000	1.02940571
-0.250	1.850	0.000	1.02952731
-0.150	1.850	0.000	1.02964294
-0.050	1.850	0.000	1.02982247
0.050	1.850	0.000	1.03008187
0.150	1.850	0.000	1.03040516
0.250	1.850	0.000	1.03070211
0.350	1.850	0.000	1.03096592
0.450	1.850	0.000	1.03121054
0.550	1.850	0.000	1.03145909
0.650	1.850	0.000	1.03159797
0.750	1.850	0.000	1.03159773
0.850	1.850	0.000	1.03146791
0.950	1.850	0.000	1.03117168
1.050	1.850	0.000	1.03078902
1.150	1.850	0.000	1.03034520
1.250	1.850	0.000	1.02985024
1.350	1.850	0.000	1.02946329
1.450	1.850	0.000	1.02920794
1.550	1.850	0.000	1.02904916
1.650	1.850	0.000	1.02907789
1.750	1.850	0.000	1.02931166
1.850	1.850	0.000	1.02964759
1.950	1.850	0.000	1.02992594
2.050	1.850	0.000	1.03013611
2.150	1.850	0.000	1.03009832
2.250	1.850	0.000	1.03003430
2.350	1.850	0.000	1.02991772
2.450	1.850	0.000	1.02964723
-2.450	1.950	0.000	1.03289092
-2.350	1.950	0.000	1.03372216
-2.250	1.950	0.000	1.03411555
-2.150	1.950	0.000	1.03417325
-2.050	1.950	0.000	1.03430629
-1.950	1.950	0.000	1.03455043
-1.850	1.950	0.000	1.03457880
-1.750	1.950	0.000	1.03423941
-1.650	1.950	0.000	1.03359747
-1.550	1.950	0.000	1.03272891
-1.450	1.950	0.000	1.03184068
-1.350	1.950	0.000	1.03103375
-1.250	1.950	0.000	1.03032804
-1.150	1.950	0.000	1.02966702
-1.050	1.950	0.000	1.02905893
-0.950	1.950	0.000	1.02850759
-0.850	1.950	0.000	1.02819991
-0.750	1.950	0.000	1.02812016
-0.650	1.950	0.000	1.02831233
-0.550	1.950	0.000	1.02866054
-0.450	1.950	0.000	1.02901316
-0.350	1.950	0.000	1.02925420
-0.250	1.950	0.000	1.02937341
-0.150	1.950	0.000	1.02946329
-0.050	1.950	0.000	1.02956963
0.050	1.950	0.000	1.02973175
0.150	1.950	0.000	1.02994597
0.250	1.950	0.000	1.03011954
0.350	1.950	0.000	1.03024900
0.450	1.950	0.000	1.03040016
0.550	1.950	0.000	1.03059316
0.650	1.950	0.000	1.03071451
0.750	1.950	0.000	1.03070807
0.850	1.950	0.000	1.03058040
0.950	1.950	0.000	1.03029144
1.050	1.950	0.000	1.02993131
1.150	1.950	0.000	1.02954602
1.250	1.950	0.000	1.02915227
1.350	1.950	0.000	1.02888763
1.450	1.950	0.000	1.02874112
1.550	1.950	0.000	1.02866912
1.650	1.950	0.000	1.02877736
1.750	1.950	0.000	1.02907062
1.850	1.950	0.000	1.02946579
1.950	1.950	0.000	1.02980518
2.050	1.950	0.000	1.03010488
2.150	1.950	0.000	1.03014982
2.250	1.950	0.000	1.03015375
2.350	1.950	0.000	1.03006589
2.450	1.950	0.000	1.02985024
-2.450	2.050	0.000	1.03200364
-2.350	2.050	0.000	1.03293884
-2.250	2.050	0.000	1.03359342
-2.150	2.050	0.000	1.03390014
-2.050	2.050	0.000	1.03410518
-1.950	2.050	0.000	1.03449059
-1.850	2.050	0.000	1.03453159
-1.750	2.050	0.000	1.03413010
-1.650	2.050	0.000	1.03341210
-1.550	2.050	0.000	1.03251040
-1.450	2.050	0.000	1.03156567
-1.350	2.050	0.000	1.03071535
-1.250	2.050	0.000	1.02997291
-1.150	2.050	0.000	1.02928054
-1.050	2.050	0.000	1.02865100
-0.950	2.050	0.000	1.02810872
-0.850	2.050	0.000	1.02776098
-0.750	2.050	0.000	1.02767837
-0.650	2.050	0.000	1.02786410
-0.550	2.050	0.000	1.02822125
-0.450	2.050	0.000	1.02862298
-0.350	2.050	0.000	1.02892947
-0.250	2.050	0.000	1.02911019
-0.150	2.050	0.000	1.02922821
-0.050	2.050	0.000	1.02932489
0.050	2.050	0.000	1.02943313
0.150	2.050	0.000	1.02956402
0.250	2.050	0.000	1.02961361
0.350	2.050	0.000	1.02962935
0.450	2.050	0.000	1.02968585
0.550	2.050	0.000	1.02983129
0.650	2.050	0.000	1.02995193
0.750	2.050	0.000	1.02995968
0.850	2.050	0.000	1.02985144
0.950	2.050	0.000	1.02958119
1.050	2.050	0.000	1.02924192
1.150	2.050	0.000	1.02889431
1.250	2.050	0.000	1.02857530
1.350	2.050	0.000	1.02842116
1.450	2.050	0.000	1.02837336
1.550	2.050	0.000	1.02837944
1.650	2.050	0.000	1.02855074
1.750	2.050	0.000	1.02885830
1.850	2.050	0.000	1.02925265
1.950	2.050	0.000	1.02958679
2.050	2.050	0.000	1.02988958
2.150	2.050	0.000	1.02994382
2.250	2.050	0.000	1.02997172
2.350	2.050	0.000	1.02990329
2.450	2.050	0.000	1.02975237
-2.450	2.150	0.000	1.03074467
-2.350	2.150	0.000	1.03162849
-2.250	2.150	0.000	1.03235102
-2.150	2.150	0.000	1.03285515
-2.050	2.150	0.000	1.03324330
-1.950	2.150	0.000	1.03386283
-1.850	2.150	0.000	1.03400171
-1.750	2.150	0.000	1.03363669
-1.650	2.150	0.000	1.03293681
-1.550	2.150	0.000	1.03207922
-1.450	2.150	0.000	1.03118742
-1.350	2.150	0.000	1.03037632
-1.250	2.150	0.000	1.02965474
-1.150	2.150	0.000	1.02896309
-1.050	2.150	0.000	1.02829623
-0.950	2.150	0.000	1.02773201
-0.850	2.150	0.000	1.02733457
-0.750	2.150	0.000	1.02720940
-0.650	2.150	0.000	1.02735877
-0.550	2.150	0.000	1.02771223
-0.450	2.150	0.000	1.02813387
-0.350	2.150	0.000	1.02848566
-0.250	2.150	0.000	1.02872837
-0.150	2.150	0.000	1.02889776
-0.050	2.150	0.000	1.02900207
0.050	2.150	0.000	1.02907836
0.150	2.150	0.000	1.02911890
0.250	2.150	0.000	1.02903390
0.350	2.150	0.000	1.02891433
0.450	2.150	0.000	1.02884328
0.550	2.150	0.000	1.02888620
0.650	2.150	0.000	1.02894330
0.750	2.150	0.000	1.02891934
0.850	2.150	0.000	1.02881849
0.950	2.150	0.000	1.02857351
1.050	2.150	0.000	1.02825701
1.150	2.150	0.000	1.02793205
1.250	2.150	0.000	1.02768397
1.350	2.150	0.000	1.02761817
1.450	2.150	0.000	1.02766263
1.550	2.150	0.000	1.02777040
1.650	2.150	0.000	1.02802765
1.750	2.150	0.000	1.02838159
1.850	2.150	0.000	1.02878821
1.950	2.150	0.000	1.02912402
2.050	2.150	0.000	1.02942467
2.150	2.150	0.000	1.02948546
2.250	2.150	0.000	1.02950633
2.350	2.150	0.000	1.02940512
2.450	2.150	0.000	1.02928245
-2.450	2.250	0.000	1.02965474
-2.350	2.250	0.000	1.03048098
-2.250	2.250	0.000	1.03126764
-2.150	2.250	0.000	1.03196871
-2.050	2.250	0.000	1.03256214
-1.950	2.250	0.000	1.03331625
-1.850	2.250	0.000	1.03348470
-1.750	2.250	0.000	1.03313982
-1.650	2.250	0.000	1.03240967
-1.550	2.250	0.000	1.03157055
-1.450	2.250	0.000	1.03077912
-1.350	2.250	0.000	1.03006113
-1.250	2.250	0.000	1.02941895
-1.150	2.250	0.000	1.02882051
-1.050	2.250	0.000	1.02825332
-0.950	2.250	0.000	1.02779818
-0.850	2.250	0.000	1.02744687
-0.750	2.250	0.000	1.02729630
-0.650	2.250	0.000	1.02734935
-0.550	2.250	0.000	1.02760530
-0.450	2.250	0.000	1.02796412
-0.350	2.250	0.000	1.02830982
-0.250	2.250	0.000	1.02859855
-0.150	2.250	0.000	1.02883792
-0.050	2.250	0.000	1.02898204
0.050	2.250	0.000	1.02906537
0.150	2.250	0.000	1.02904987
0.250	2.250	0.000	1.02891707
0.350	2.250	0.000	1.02873385
0.450	2.250	0.000	1.02860212
0.550	2.250	0.000	1.02854168
0.650	2.250	0.000	1.02849209
0.750	2.250	0.000	1.02836227
0.850	2.250	0.000	1.02818322
0.950	2.250	0.000	1.02787268
1.050	2.250	0.000	1.02750552
1.150	2.250	0.000	1.02712619
1.250	2.250	0.000	1.02684379
1.350	2.250	0.000	1.02677047
1.450	2.250	0.000	1.02679372
1.550	2.250	0.000	1.02691376
1.650	2.250	0.000	1.02719879
1.750	2.250	0.000	1.02759564
1.850	2.250	0.000	1.02803314
1.950	2.250	0.000	1.02837205
2.050	2.250	0.000	1.02864277
2.150	2.250	0.000	1.02867150
2.250	2.250	0.000	1.02866900
2.350	2.250	0.000	1.02853131
2.450	2.250	0.000	1.02844894
-2.450	2.350	0.000	1.02883101
-2.350	2.350	0.000	1.02949440
-2.250	2.350	0.000	1.03022254
-2.150	2.350	0.000	1.03112364
-2.050	2.350	0.000	1.03198385
-1.950	2.350	0.000	1.03302038
-1.850	2.350	0.000	1.03360951
-1.750	2.350	0.000	1.03344381
-1.650	2.350	0.000	1.03276134
-1.550	2.350	0.000	1.03188396
-1.450	2.350	0.000	1.03099811
-1.350	2.350	0.000	1.03018963
-1.250	2.350	0.000	1.02950311
-1.150	2.350	0.000	1.02888882
-1.050	2.350	0.000	1.02835643
-0.950	2.350	0.000	1.02794194
-0.850	2.350	0.000	1.02768147
-0.750	2.350	0.000	1.02755773
-0.650	2.350	0.000	1.02757502
-0.550	2.350	0.000	1.02772164
-0.450	2.350	0.000	1.02794635
-0.350	2.350	0.000	1.02818799
-0.250	2.350	0.000	1.02841628
-0.150	2.350	0.000	1.02864170
-0.050	2.350	0.000	1.02877212
0.050	2.350	0.000	1.02880573
0.150	2.350	0.000	1.02872753
0.250	2.350	0.000	1.02854824
0.350	2.350	0.000	1.02831471
0.450	2.350	0.000	1.02815700
0.550	2.350	0.000	1.02807570
0.650	2.350	0.000	1.02799308
0.750	2.350	0.000	1.02783501
0.850	2.350	0.000	1.02762306
0.950	2.350	0.000	1.02728105
1.050	2.350	0.000	1.02690935
1.150	2.350	0.000	1.02653682
1.250	2.350	0.000	1.02628946
1.350	2.350	0.000	1.02625191
1.450	2.350	0.000	1.02627909
1.550	2.350	0.000	1.02638793
1.650	2.350	0.000	1.02664161
1.750	2.350	0.000	1.02699959
1.850	2.350	0.000	1.02741182
1.950	2.350	0.000	1.02775705
2.050	2.350	0.000	1.02804971
2.150	2.350	0.000	1.02809310
2.250	2.350	0.000	1.02810740
2.350	2.350	0.000	1.02799785
2.450	2.350	0.000	1.02791643
-2.450	2.450	0.000	1.02833605
-2.350	2.450	0.000	1.02875030
-2.250	2.450	0.000	1.02919662
-2.150	2.450	0.000	1.03014743
-2.050	2.450	0.000	1.03113317
-1.950	2.450	0.000	1.03237486
-1.850	2.450	0.000	1.03323674
-1.750	2.450	0.000	1.03329968
-1.650	2.450	0.000	1.03284764
-1.550	2.450	0.000	1.03202426
-1.450	2.450	0.000	1.03117049
-1.350	2.450	0.000	1.03035009
-1.250	2.450	0.000	1.02959931
-1.150	2.450	0.000	1.02891994
-1.050	2.450	0.000	1.02830517
-0.950	2.450	0.000	1.02787292
-0.850	2.450	0.000	1.02763593
-0.750	2.450	0.000	1.02757978
-0.650	2.450	0.000	1.02768409
-0.550	2.450	0.000	1.02788746
-0.450	2.450	0.000	1.02810252
-0.350	2.450	0.000	1.02828658
-0.250	2.450	0.000	1.02845204
-0.150	2.450	0.000	1.02863216
-0.050	2.450	0.000	1.02876186
0.050	2.450	0.000	1.02875400
0.150	2.450	0.000	1.02863908
0.250	2.450	0.000	1.02837801
0.350	2.450	0.000	1.02805591
0.450	2.450	0.000	1.02781320
0.550	2.450	0.000	1.02766037
0.650	2.450	0.000	1.02749753
0.750	2.450	0.000	1.02725148
0.850	2.450	0.000	1.02693808
0.950	2.450	0.000	1.02649093
1.050	2.450	0.000	1.02604842
1.150	2.450	0.000	1.02562475
1.250	2.450	0.000	1.02539122
1.350	2.450	0.000	1.02540851
1.450	2.450	0.000	1.02548385
1.550	2.450	0.000	1.02564621
1.650	2.450	0.000	1.02591991
1.750	2.450	0.000	1.02627587
1.850	2.450	0.000	1.02668405
1.950	2.450	0.000	1.02703476
2.050	2.450	0.000	1.02734876
2.150	2.450	0.000	1.02740216
2.250	2.450	0.000	1.02743614
2.350	2.450	0.000	1.02729094
2.450	2.450	0.000	1.02720416
