-2.450	-2.450	0.000	1.01562285
-2.350	-2.450	0.000	1.01664460
-2.250	-2.450	0.000	1.01670599
-2.150	-2.450	0.000	1.01740873
-2.050	-2.450	0.000	1.01745903
-1.950	-2.450	0.000	1.01769269
-1.850	-2.450	0.000	1.01795292
-1.750	-2.450	0.000	1.01832724
-1.650	-2.450	0.000	1.01809156
-1.550	-2.450	0.000	1.01765823
-1.450	-2.450	0.000	1.01658690
-1.350	-2.450	0.000	1.01506460
-1.250	-2.450	0.000	1.01399589
-1.150	-2.450	0.000	1.01355839
-1.050	-2.450	0.000	1.01359308
-0.950	-2.450	0.000	1.01372778
-0.850	-2.450	0.000	1.01357472
-0.750	-2.450	0.000	1.01311743
-0.650	-2.450	0.000	1.01224530
-0.550	-2.450	0.000	1.01137400
-0.450	-2.450	0.000	1.01083422
-0.350	-2.450	0.000	1.01065528
-0.250	-2.450	0.000	1.01069760
-0.150	-2.450	0.000	1.01113892
-0.050	-2.450	0.000	1.01216507
0.050	-2.450	0.000	1.01372826
0.150	-2.450	0.000	1.01574588
0.250	-2.450	0.000	1.01804328
0.350	-2.450	0.000	1.02032733
0.450	-2.450	0.000	1.02221298
0.550	-2.450	0.000	1.02334499
0.650	-2.450	0.000	1.02371204
0.750	-2.450	0.000	1.02357566
0.850	-2.450	0.000	1.02330923
0.950	-2.450	0.000	1.02317894
1.050	-2.450	0.000	1.02325726
1.150	-2.450	0.000	1.02328908
1.250	-2.450	0.000	1.02348101
1.350	-2.450	0.000	1.02365625
1.450	-2.450	0.000	1.02368581
1.550	-2.450	0.000	1.02363145
1.650	-2.450	0.000	1.02355385
1.750	-2.450	0.000	1.02360308
1.850	-2.450	0.000	1.02375746
1.950	-2.450	0.000	1.02406108
2.050	-2.450	0.000	1.02428532
2.150	-2.450	0.000	1.02437055
2.250	-2.450	0.000	1.02422905
2.350	-2.450	0.000	1.02402663
2.450	-2.450	0.000	1.02336562
-2.450	-2.350	0.000	1.01473856
-2.350	-2.350	0.000	1.01580691
-2.250	-2.350	0.000	1.01585090
-2.150	-2.350	0.000	1.01662493
-2.050	-2.350	0.000	1.01674557
-1.950	-2.350	0.000	1.01697206
-1.850	-2.350	0.000	1.01718819
-1.750	-2.350	0.000	1.01761639
-1.650	-2.350	0.000	1.01747489
-1.550	-2.350	0.000	1.01712692
-1.450	-2.350	0.000	1.01619375
-1.350	-2.350	0.000	1.01469481
-1.250	-2.350	0.000	1.01357234
-1.150	-2.350	0.000	1.01305318
-1.050	-2.350	0.000	1.01305604
-0.950	-2.350	0.000	1.01321697
-0.850	-2.350	0.000	1.01315439
-0.750	-2.350	0.000	1.01279068
-0.650	-2.350	0.000	1.01194882
-0.550	-2.350	0.000	1.01102996
-0.450	-2.350	0.000	1.01037860
-0.350	-2.350	0.000	1.01013899
-0.250	-2.350	0.000	1.01013064
-0.150	-2.350	0.000	1.01048660
-0.050	-2.350	0.000	1.01141560
0.050	-2.350	0.000	1.01293147
0.150	-2.350	0.000	1.01488590
0.250	-2.350	0.000	1.01711500
0.350	-2.350	0.000	1.01933241
0.450	-2.350	0.000	1.02117562
0.550	-2.350	0.000	1.02240646
0.650	-2.350	0.000	1.02280879
0.750	-2.350	0.000	1.02287424
0.850	-2.350	0.000	1.02276897
0.950	-2.350	0.000	1.02285337
1.050	-2.350	0.000	1.02311063
1.150	-2.350	0.000	1.02339482
1.250	-2.350	0.000	1.02375484
1.350	-2.350	0.000	1.02403212
1.450	-2.350	0.000	1.02407980
1.550	-2.350	0.000	1.02402198
1.650	-2.350	0.000	1.02391148
1.750	-2.350	0.000	1.02393126
1.850	-2.350	0.000	1.02401435
1.950	-2.350	0.000	1.02412379
2.050	-2.350	0.000	1.02401626
2.150	-2.350	0.000	1.02387774
2.250	-2.350	0.000	1.02352679
2.350	-2.350	0.000	1.02317333
2.450	-2.350	0.000	1.02249014
-2.450	-2.250	0.000	1.01488495
-2.350	-2.250	0.000	1.01602042
-2.250	-2.250	0.000	1.01608551
-2.150	-2.250	0.000	1.01685715
-2.050	-2.250	0.000	1.01707017
-1.950	-2.250	0.000	1.01736367
-1.850	-2.250	0.000	1.01758480
-1.750	-2.250	0.000	1.01796627
-1.650	-2.250	0.000	1.01787543
-1.550	-2.250	0.000	1.01752508
-1.450	-2.250	0.000	1.01658499
-1.350	-2.250	0.000	1.01508558
-1.250	-2.250	0.000	1.01395345
-1.150	-2.250	0.000	1.01342142
-1.050	-2.250	0.000	1.01341569
-0.950	-2.250	0.000	1.01356924
-0.850	-2.250	0.000	1.01349270
-0.750	-2.250	0.000	1.01311707
-0.650	-2.250	0.000	1.01227975
-0.550	-2.250	0.000	1.01137066
-0.450	-2.250	0.000	1.01071763
-0.350	-2.250	0.000	1.01045203
-0.250	-2.250	0.000	1.01045179
-0.150	-2.250	0.000	1.01080573
-0.050	-2.250	0.000	1.01168919
0.050	-2.250	0.000	1.01311767
0.150	-2.250	0.000	1.01497781
0.250	-2.250	0.000	1.01712358
0.350	-2.250	0.000	1.01927292
0.450	-2.250	0.000	1.02108955
0.550	-2.250	0.000	1.02231467
0.650	-2.250	0.000	1.02281141
0.750	-2.250	0.000	1.02288675
0.850	-2.250	0.000	1.02286279
0.950	-2.250	0.000	1.02298462
1.050	-2.250	0.000	1.02332962
1.150	-2.250	0.000	1.02371526
1.250	-2.250	0.000	1.02411938
1.350	-2.250	0.000	1.02434623
1.450	-2.250	0.000	1.02436614
1.550	-2.250	0.000	1.02425110
1.650	-2.250	0.000	1.02399826
1.750	-2.250	0.000	1.02384138
1.850	-2.250	0.000	1.02369940
1.950	-2.250	0.000	1.02361631
2.050	-2.250	0.000	1.02337861
2.150	-2.250	0.000	1.02318418
2.250	-2.250	0.000	1.02285564
2.350	-2.250	0.000	1.02252769
2.450	-2.250	0.000	1.02196693
-2.450	-2.150	0.000	1.01451457
-2.350	-2.150	0.000	1.01571691
-2.250	-2.150	0.000	1.01582778
-2.150	-2.150	0.000	1.01661694
-2.050	-2.150	0.000	1.01690745
-1.950	-2.150	0.000	1.01726460
-1.850	-2.150	0.000	1.01748288
-1.750	-2.150	0.000	1.01779652
-1.650	-2.150	0.000	1.01769114
-1.550	-2.150	0.000	1.01733983
-1.450	-2.150	0.000	1.01646149
-1.350	-2.150	0.000	1.01501477
-1.250	-2.150	0.000	1.01387537
-1.150	-2.150	0.000	1.01330614
-1.050	-2.150	0.000	1.01324964
-0.950	-2.150	0.000	1.01340306
-0.850	-2.150	0.000	1.01336873
-0.750	-2.150	0.000	1.01305354
-0.650	-2.150	0.000	1.01224804
-0.550	-2.150	0.000	1.01133215
-0.450	-2.150	0.000	1.01063418
-0.350	-2.150	0.000	1.01030219
-0.250	-2.150	0.000	1.01028264
-0.150	-2.150	0.000	1.01060641
-0.050	-2.150	0.000	1.01146173
0.050	-2.150	0.000	1.01286328
0.150	-2.150	0.000	1.01465356
0.250	-2.150	0.000	1.01670265
0.350	-2.150	0.000	1.01874864
0.450	-2.150	0.000	1.02051985
0.550	-2.150	0.000	1.02172387
0.650	-2.150	0.000	1.02236092
0.750	-2.150	0.000	1.02256119
0.850	-2.150	0.000	1.02269661
0.950	-2.150	0.000	1.02294838
1.050	-2.150	0.000	1.02335966
1.150	-2.150	0.000	1.02382326
1.250	-2.150	0.000	1.02420175
1.350	-2.150	0.000	1.02428555
1.450	-2.150	0.000	1.02416730
1.550	-2.150	0.000	1.02390087
1.650	-2.150	0.000	1.02345717
1.750	-2.150	0.000	1.02309489
1.850	-2.150	0.000	1.02274883
1.950	-2.150	0.000	1.02249789
2.050	-2.150	0.000	1.02220738
2.150	-2.150	0.000	1.02199447
2.250	-2.150	0.000	1.02173078
2.350	-2.150	0.000	1.02148879
2.450	-2.150	0.000	1.02112234
-2.450	-2.050	0.000	1.01509881
-2.350	-2.050	0.000	1.01636982
-2.250	-2.050	0.000	1.01653218
-2.150	-2.050	0.000	1.01732635
-2.050	-2.050	0.000	1.01766253
-1.950	-2.050	0.000	1.01802778
-1.850	-2.050	0.000	1.01824558
-1.750	-2.050	0.000	1.01847279
-1.650	-2.050	0.000	1.01832604
-1.550	-2.050	0.000	1.01795399
-1.450	-2.050	0.000	1.01703668
-1.350	-2.050	0.000	1.01557362
-1.250	-2.050	0.000	1.01437783
-1.150	-2.050	0.000	1.01377010
-1.050	-2.050	0.000	1.01368701
-0.950	-2.050	0.000	1.01385283
-0.850	-2.050	0.000	1.01386011
-0.750	-2.050	0.000	1.01359928
-0.650	-2.050	0.000	1.01283371
-0.550	-2.050	0.000	1.01191008
-0.450	-2.050	0.000	1.01118386
-0.350	-2.050	0.000	1.01082528
-0.250	-2.050	0.000	1.01078975
-0.150	-2.050	0.000	1.01107574
-0.050	-2.050	0.000	1.01187038
0.050	-2.050	0.000	1.01319635
0.150	-2.050	0.000	1.01491570
0.250	-2.050	0.000	1.01689649
0.350	-2.050	0.000	1.01884198
0.450	-2.050	0.000	1.02052021
0.550	-2.050	0.000	1.02167022
0.650	-2.050	0.000	1.02229476
0.750	-2.050	0.000	1.02258253
0.850	-2.050	0.000	1.02281845
0.950	-2.050	0.000	1.02309549
1.050	-2.050	0.000	1.02342832
1.150	-2.050	0.000	1.02378869
1.250	-2.050	0.000	1.02399361
1.350	-2.050	0.000	1.02391922
1.450	-2.050	0.000	1.02357018
1.550	-2.050	0.000	1.02313817
1.650	-2.050	0.000	1.02263892
1.750	-2.050	0.000	1.02226055
1.850	-2.050	0.000	1.02191103
1.950	-2.050	0.000	1.02165484
2.050	-2.050	0.000	1.02141464
2.150	-2.050	0.000	1.02125394
2.250	-2.050	0.000	1.02107334
2.350	-2.050	0.000	1.02090538
2.450	-2.050	0.000	1.02065372
-2.450	-1.950	0.000	1.01564610
-2.350	-1.950	0.000	1.01695204
-2.250	-1.950	0.000	1.01716638
-2.150	-1.950	0.000	1.01795292
-2.050	-1.950	0.000	1.01832855
-1.950	-1.950	0.000	1.01866841
-1.850	-1.950	0.000	1.01889479
-1.750	-1.950	0.000	1.01901281
-1.650	-1.950	0.000	1.01876497
-1.550	-1.950	0.000	1.01839650
-1.450	-1.950	0.000	1.01746368
-1.350	-1.950	0.000	1.01606190
-1.250	-1.950	0.000	1.01480317
-1.150	-1.950	0.000	1.01409149
-1.050	-1.950	0.000	1.01398253
-0.950	-1.950	0.000	1.01414907
-0.850	-1.950	0.000	1.01419961
-0.750	-1.950	0.000	1.01398849
-0.650	-1.950	0.000	1.01327372
-0.550	-1.950	0.000	1.01233816
-0.450	-1.950	0.000	1.01155317
-0.350	-1.950	0.000	1.01112258
-0.250	-1.950	0.000	1.01102972
-0.150	-1.950	0.000	1.01125205
-0.050	-1.950	0.000	1.01196742
0.050	-1.950	0.000	1.01323283
0.150	-1.950	0.000	1.01492000
0.250	-1.950	0.000	1.01685679
0.350	-1.950	0.000	1.01876724
0.450	-1.950	0.000	1.02041817
0.550	-1.950	0.000	1.02155507
0.650	-1.950	0.000	1.02221251
0.750	-1.950	0.000	1.02251291
0.850	-1.950	0.000	1.02278912
0.950	-1.950	0.000	1.02302027
1.050	-1.950	0.000	1.02328181
1.150	-1.950	0.000	1.02342176
1.250	-1.950	0.000	1.02334058
1.350	-1.950	0.000	1.02300513
1.450	-1.950	0.000	1.02250230
1.550	-1.950	0.000	1.02204192
1.650	-1.950	0.000	1.02159631
1.750	-1.950	0.000	1.02122545
1.850	-1.950	0.000	1.02088642
1.950	-1.950	0.000	1.02064049
2.050	-1.950	0.000	1.02045405
2.150	-1.950	0.000	1.02031028
2.250	-1.950	0.000	1.02020681
2.350	-1.950	0.000	1.02010739
2.450	-1.950	0.000	1.01995742
-2.450	-1.850	0.000	1.01677334
-2.350	-1.850	0.000	1.01813543
-2.250	-1.850	0.000	1.01839745
-2.150	-1.850	0.000	1.01914442
-2.050	-1.850	0.000	1.01954150
-1.950	-1.850	0.000	1.01982713
-1.850	-1.850	0.000	1.02003109
-1.750	-1.850	0.000	1.02007782
-1.650	-1.850	0.000	1.01970220
-1.550	-1.850	0.000	1.01924741
-1.450	-1.850	0.000	1.01823306
-1.350	-1.850	0.000	1.01689744
-1.250	-1.850	0.000	1.01568532
-1.150	-1.850	0.000	1.01499307
-1.050	-1.850	0.000	1.01485538
-0.950	-1.850	0.000	1.01499808
-0.850	-1.850	0.000	1.01504672
-0.750	-1.850	0.000	1.01481390
-0.650	-1.850	0.000	1.01411414
-0.550	-1.850	0.000	1.01315582
-0.450	-1.850	0.000	1.01231921
-0.350	-1.850	0.000	1.01184344
-0.250	-1.850	0.000	1.01172268
-0.150	-1.850	0.000	1.01189184
-0.050	-1.850	0.000	1.01251483
0.050	-1.850	0.000	1.01366365
0.150	-1.850	0.000	1.01527524
0.250	-1.850	0.000	1.01714039
0.350	-1.850	0.000	1.01898634
0.450	-1.850	0.000	1.02055049
0.550	-1.850	0.000	1.02166522
0.650	-1.850	0.000	1.02225804
0.750	-1.850	0.000	1.02260685
0.850	-1.850	0.000	1.02281606
0.950	-1.850	0.000	1.02294159
1.050	-1.850	0.000	1.02307618
1.150	-1.850	0.000	1.02308297
1.250	-1.850	0.000	1.02279150
1.350	-1.850	0.000	1.02227712
1.450	-1.850	0.000	1.02169335
1.550	-1.850	0.000	1.02123570
1.650	-1.850	0.000	1.02085090
1.750	-1.850	0.000	1.02056408
1.850	-1.850	0.000	1.02029693
1.950	-1.850	0.000	1.02006423
2.050	-1.850	0.000	1.01990402
2.150	-1.850	0.000	1.01977241
2.250	-1.850	0.000	1.01970494
2.350	-1.850	0.000	1.01963615
2.450	-1.850	0.000	1.01948416
-2.450	-1.750	0.000	1.01805782
-2.350	-1.750	0.000	1.01949561
-2.250	-1.750	0.000	1.01982558
-2.150	-1.750	0.000	1.02058554
-2.050	-1.750	0.000	1.02093410
-1.950	-1.750	0.000	1.02123737
-1.850	-1.750	0.000	1.02134514
-1.750	-1.750	0.000	1.02130353
-1.650	-1.750	0.000	1.02089882
-1.550	-1.750	0.000	1.02032053
-1.450	-1.750	0.000	1.01930380
-1.350	-1.750	0.000	1.01797616
-1.250	-1.750	0.000	1.01678646
-1.150	-1.750	0.000	1.01606619
-1.050	-1.750	0.000	1.01580966
-0.950	-1.750	0.000	1.01588976
-0.850	-1.750	0.000	1.01588678
-0.750	-1.750	0.000	1.01562893
-0.650	-1.750	0.000	1.01492631
-0.550	-1.750	0.000	1.01392341
-0.450	-1.750	0.000	1.01301968
-0.350	-1.750	0.000	1.01247537
-0.250	-1.750	0.000	1.01233065
-0.150	-1.750	0.000	1.01246738
-0.050	-1.750	0.000	1.01303589
0.050	-1.750	0.000	1.01410317
0.150	-1.750	0.000	1.01564455
0.250	-1.750	0.000	1.01744366
0.350	-1.750	0.000	1.01923943
0.450	-1.750	0.000	1.02075016
0.550	-1.750	0.000	1.02181911
0.650	-1.750	0.000	1.02234876
0.750	-1.750	0.000	1.02266955
0.850	-1.750	0.000	1.02274954
0.950	-1.750	0.000	1.02279758
1.050	-1.750	0.000	1.02280414
1.150	-1.750	0.000	1.02266657
1.250	-1.750	0.000	1.02225411
1.350	-1.750	0.000	1.02165222
1.450	-1.750	0.000	1.02099633
1.550	-1.750	0.000	1.02051473
1.650	-1.750	0.000	1.02013886
1.750	-1.750	0.000	1.01988006
1.850	-1.750	0.000	1.01965833
1.950	-1.750	0.000	1.01943576
2.050	-1.750	0.000	1.01930380
2.150	-1.750	0.000	1.01918983
2.250	-1.750	0.000	1.01917422
2.350	-1.750	0.000	1.01913416
2.450	-1.750	0.000	1.01897562
-2.450	-1.650	0.000	1.01964295
-2.350	-1.650	0.000	1.02116311
-2.250	-1.650	0.000	1.02155423
-2.150	-1.650	0.000	1.02234125
-2.050	-1.650	0.000	1.02262723
-1.950	-1.650	0.000	1.02291989
-1.850	-1.650	0.000	1.02294874
-1.750	-1.650	0.000	1.02282953
-1.650	-1.650	0.000	1.02237034
-1.550	-1.650	0.000	1.02170444
-1.450	-1.650	0.000	1.02074385
-1.350	-1.650	0.000	1.01945102
-1.250	-1.650	0.000	1.01828957
-1.150	-1.650	0.000	1.01748765
-1.050	-1.650	0.000	1.01705599
-0.950	-1.650	0.000	1.01697898
-0.850	-1.650	0.000	1.01688659
-0.750	-1.650	0.000	1.01657653
-0.650	-1.650	0.000	1.01586056
-0.550	-1.650	0.000	1.01482952
-0.450	-1.650	0.000	1.01385760
-0.350	-1.650	0.000	1.01324511
-0.250	-1.650	0.000	1.01307881
-0.150	-1.650	0.000	1.01319456
-0.050	-1.650	0.000	1.01371086
0.050	-1.650	0.000	1.01468599
0.150	-1.650	0.000	1.01612794
0.250	-1.650	0.000	1.01784348
0.350	-1.650	0.000	1.01957059
0.450	-1.650	0.000	1.02103829
0.550	-1.650	0.000	1.02202082
0.650	-1.650	0.000	1.02254176
0.750	-1.650	0.000	1.02276027
0.850	-1.650	0.000	1.02278757
0.950	-1.650	0.000	1.02278996
1.050	-1.650	0.000	1.02272451
1.150	-1.650	0.000	1.02254307
1.250	-1.650	0.000	1.02211881
1.350	-1.650	0.000	1.02151024
1.450	-1.650	0.000	1.02082968
1.550	-1.650	0.000	1.02030706
1.650	-1.650	0.000	1.01990855
1.750	-1.650	0.000	1.01963496
1.850	-1.650	0.000	1.01942599
1.950	-1.650	0.000	1.01919544
2.050	-1.650	0.000	1.01905048
2.150	-1.650	0.000	1.01890671
2.250	-1.650	0.000	1.01885152
2.350	-1.650	0.000	1.01879144
2.450	-1.650	0.000	1.01856494
-2.450	-1.550	0.000	1.02101147
-2.350	-1.550	0.000	1.02261436
-2.250	-1.550	0.000	1.02310789
-2.150	-1.550	0.000	1.02391601
-2.050	-1.550	0.000	1.02414310
-1.950	-1.550	0.000	1.02441323
-1.850	-1.550	0.000	1.02434874
-1.750	-1.550	0.000	1.02419817
-1.650	-1.550	0.000	1.02367783
-1.550	-1.550	0.000	1.02292776
-1.450	-1.550	0.000	1.02196717
-1.350	-1.550	0.000	1.02068222
-1.250	-1.550	0.000	1.01952660
-1.150	-1.550	0.000	1.01860094
-1.050	-1.550	0.000	1.01797271
-0.950	-1.550	0.000	1.01772487
-0.850	-1.550	0.000	1.01748502
-0.750	-1.550	0.000	1.01711702
-0.650	-1.550	0.000	1.01640272
-0.550	-1.550	0.000	1.01541042
-0.450	-1.550	0.000	1.01441765
-0.350	-1.550	0.000	1.01373494
-0.250	-1.550	0.000	1.01355088
-0.150	-1.550	0.000	1.01366556
-0.050	-1.550	0.000	1.01416183
0.050	-1.550	0.000	1.01507509
0.150	-1.550	0.000	1.01644325
0.250	-1.550	0.000	1.01809180
0.350	-1.550	0.000	1.01976156
0.450	-1.550	0.000	1.02120137
0.550	-1.550	0.000	1.02213216
0.650	-1.550	0.000	1.02263880
0.750	-1.550	0.000	1.02278543
0.850	-1.550	0.000	1.02278090
0.950	-1.550	0.000	1.02272451
1.050	-1.550	0.000	1.02264118
1.150	-1.550	0.000	1.02246451
1.250	-1.550	0.000	1.02207899
1.350	-1.550	0.000	1.02152002
1.450	-1.550	0.000	1.02085972
1.550	-1.550	0.000	1.02030802
1.650	-1.550	0.000	1.01987839
1.750	-1.550	0.000	1.01955831
1.850	-1.550	0.000	1.01933455
1.950	-1.550	0.000	1.01909328
2.050	-1.550	0.000	1.01893628
2.150	-1.550	0.000	1.01875746
2.250	-1.550	0.000	1.01864505
2.350	-1.550	0.000	1.01855361
2.450	-1.550	0.000	1.01825154
-2.450	-1.450	0.000	1.02206874
-2.350	-1.450	0.000	1.02368462
-2.250	-1.450	0.000	1.02429152
-2.150	-1.450	0.000	1.02509379
-2.050	-1.450	0.000	1.02533531
-1.950	-1.450	0.000	1.02552021
-1.850	-1.450	0.000	1.02539802
-1.750	-1.450	0.000	1.02511764
-1.650	-1.450	0.000	1.02451539
-1.550	-1.450	0.000	1.02371991
-1.450	-1.450	0.000	1.02277887
-1.350	-1.450	0.000	1.02153206
-1.250	-1.450	0.000	1.02045298
-1.150	-1.450	0.000	1.01947808
-1.050	-1.450	0.000	1.01872110
-0.950	-1.450	0.000	1.01829410
-0.850	-1.450	0.000	1.01790750
-0.750	-1.450	0.000	1.01747501
-0.650	-1.450	0.000	1.01676142
-0.550	-1.450	0.000	1.01583982
-0.450	-1.450	0.000	1.01488590
-0.350	-1.450	0.000	1.01417518
-0.250	-1.450	0.000	1.01398265
-0.150	-1.450	0.000	1.01408851
-0.050	-1.450	0.000	1.01455843
0.050	-1.450	0.000	1.01541686
0.150	-1.450	0.000	1.01671398
0.250	-1.450	0.000	1.01828134
0.350	-1.450	0.000	1.01987886
0.450	-1.450	0.000	1.02127838
0.550	-1.450	0.000	1.02211607
0.650	-1.450	0.000	1.02264094
0.750	-1.450	0.000	1.02274776
0.850	-1.450	0.000	1.02270651
0.950	-1.450	0.000	1.02266312
1.050	-1.450	0.000	1.02261686
1.150	-1.450	0.000	1.02247345
1.250	-1.450	0.000	1.02215350
1.350	-1.450	0.000	1.02167368
1.450	-1.450	0.000	1.02108395
1.550	-1.450	0.000	1.02054763
1.650	-1.450	0.000	1.02011323
1.750	-1.450	0.000	1.01974845
1.850	-1.450	0.000	1.01947546
1.950	-1.450	0.000	1.01918137
2.050	-1.450	0.000	1.01896346
2.150	-1.450	0.000	1.01872396
2.250	-1.450	0.000	1.01854432
2.350	-1.450	0.000	1.01845217
2.450	-1.450	0.000	1.01803148
-2.450	-1.350	0.000	1.02273726
-2.350	-1.350	0.000	1.02433705
-2.250	-1.350	0.000	1.02496254
-2.150	-1.350	0.000	1.02570069
-2.050	-1.350	0.000	1.02598906
-1.950	-1.350	0.000	1.02606845
-1.850	-1.350	0.000	1.02591574
-1.750	-1.350	0.000	1.02548492
-1.650	-1.350	0.000	1.02476084
-1.550	-1.350	0.000	1.02390647
-1.450	-1.350	0.000	1.02293789
-1.350	-1.350	0.000	1.02181721
-1.250	-1.350	0.000	1.02076471
-1.150	-1.350	0.000	1.01983809
-1.050	-1.350	0.000	1.01902521
-0.950	-1.350	0.000	1.01851285
-0.850	-1.350	0.000	1.01802087
-0.750	-1.350	0.000	1.01753330
-0.650	-1.350	0.000	1.01686049
-0.550	-1.350	0.000	1.01603210
-0.450	-1.350	0.000	1.01516950
-0.350	-1.350	0.000	1.01445699
-0.250	-1.350	0.000	1.01427126
-0.150	-1.350	0.000	1.01438916
-0.050	-1.350	0.000	1.01484096
0.050	-1.350	0.000	1.01564431
0.150	-1.350	0.000	1.01686645
0.250	-1.350	0.000	1.01835597
0.350	-1.350	0.000	1.01987350
0.450	-1.350	0.000	1.02119184
0.550	-1.350	0.000	1.02195024
0.650	-1.350	0.000	1.02241707
0.750	-1.350	0.000	1.02251565
0.850	-1.350	0.000	1.02244461
0.950	-1.350	0.000	1.02240098
1.050	-1.350	0.000	1.02240133
1.150	-1.350	0.000	1.02232766
1.250	-1.350	0.000	1.02209997
1.350	-1.350	0.000	1.02171636
1.450	-1.350	0.000	1.02120900
1.550	-1.350	0.000	1.02072048
1.650	-1.350	0.000	1.02031541
1.750	-1.350	0.000	1.01996315
1.850	-1.350	0.000	1.01968729
1.950	-1.350	0.000	1.01937830
2.050	-1.350	0.000	1.01911426
2.150	-1.350	0.000	1.01884747
2.250	-1.350	0.000	1.01857352
2.350	-1.350	0.000	1.01848161
2.450	-1.350	0.000	1.01796687
-2.450	-1.250	0.000	1.02311945
-2.350	-1.250	0.000	1.02469778
-2.250	-1.250	0.000	1.02539134
-2.150	-1.250	0.000	1.02608550
-2.050	-1.250	0.000	1.02636063
-1.950	-1.250	0.000	1.02634096
-1.850	-1.250	0.000	1.02609015
-1.750	-1.250	0.000	1.02552199
-1.650	-1.250	0.000	1.02468562
-1.550	-1.250	0.000	1.02375722
-1.450	-1.250	0.000	1.02278388
-1.350	-1.250	0.000	1.02172530
-1.250	-1.250	0.000	1.02069962
-1.150	-1.250	0.000	1.01974475
-1.050	-1.250	0.000	1.01892495
-0.950	-1.250	0.000	1.01834333
-0.850	-1.250	0.000	1.01783180
-0.750	-1.250	0.000	1.01739728
-0.650	-1.250	0.000	1.01681793
-0.550	-1.250	0.000	1.01610315
-0.450	-1.250	0.000	1.01536226
-0.350	-1.250	0.000	1.01467824
-0.250	-1.250	0.000	1.01447535
-0.150	-1.250	0.000	1.01459849
-0.050	-1.250	0.000	1.01504147
0.050	-1.250	0.000	1.01582527
0.150	-1.250	0.000	1.01700103
0.250	-1.250	0.000	1.01843452
0.350	-1.250	0.000	1.01989913
0.450	-1.250	0.000	1.02115297
0.550	-1.250	0.000	1.02183700
0.650	-1.250	0.000	1.02221835
0.750	-1.250	0.000	1.02227020
0.850	-1.250	0.000	1.02214515
0.950	-1.250	0.000	1.02205968
1.050	-1.250	0.000	1.02206302
1.150	-1.250	0.000	1.02207243
1.250	-1.250	0.000	1.02195525
1.350	-1.250	0.000	1.02164936
1.450	-1.250	0.000	1.02121758
1.550	-1.250	0.000	1.02080238
1.650	-1.250	0.000	1.02046859
1.750	-1.250	0.000	1.02017748
1.850	-1.250	0.000	1.01993299
1.950	-1.250	0.000	1.01963854
2.050	-1.250	0.000	1.01934898
2.150	-1.250	0.000	1.01908350
2.250	-1.250	0.000	1.01874614
2.350	-1.250	0.000	1.01865923
2.450	-1.250	0.000	1.01804900
-2.450	-1.150	0.000	1.02323580
-2.350	-1.150	0.000	1.02469480
-2.250	-1.150	0.000	1.02545118
-2.150	-1.150	0.000	1.02625620
-2.050	-1.150	0.000	1.02660000
-1.950	-1.150	0.000	1.02654099
-1.850	-1.150	0.000	1.02622414
-1.750	-1.150	0.000	1.02560735
-1.650	-1.150	0.000	1.02471709
-1.550	-1.150	0.000	1.02369845
-1.450	-1.150	0.000	1.02269995
-1.350	-1.150	0.000	1.02166808
-1.250	-1.150	0.000	1.02062786
-1.150	-1.150	0.000	1.01963687
-1.050	-1.150	0.000	1.01876533
-0.950	-1.150	0.000	1.01812613
-0.850	-1.150	0.000	1.01760364
-0.750	-1.150	0.000	1.01721716
-0.650	-1.150	0.000	1.01674688
-0.550	-1.150	0.000	1.01615024
-0.450	-1.150	0.000	1.01553655
-0.350	-1.150	0.000	1.01492774
-0.250	-1.150	0.000	1.01471877
-0.150	-1.150	0.000	1.01484442
-0.050	-1.150	0.000	1.01526248
0.050	-1.150	0.000	1.01600146
0.150	-1.150	0.000	1.01711631
0.250	-1.150	0.000	1.01847756
0.350	-1.150	0.000	1.01989269
0.450	-1.150	0.000	1.02111995
0.550	-1.150	0.000	1.02178180
0.650	-1.150	0.000	1.02214277
0.750	-1.150	0.000	1.02212560
0.850	-1.150	0.000	1.02191472
0.950	-1.150	0.000	1.02172637
1.050	-1.150	0.000	1.02162933
1.150	-1.150	0.000	1.02158594
1.250	-1.150	0.000	1.02149117
1.350	-1.150	0.000	1.02126694
1.450	-1.150	0.000	1.02095020
1.550	-1.150	0.000	1.02065039
1.650	-1.150	0.000	1.02042472
1.750	-1.150	0.000	1.02022839
1.850	-1.150	0.000	1.02004325
1.950	-1.150	0.000	1.01980686
2.050	-1.150	0.000	1.01954257
2.150	-1.150	0.000	1.01933527
2.250	-1.150	0.000	1.01898968
2.350	-1.150	0.000	1.01892412
2.450	-1.150	0.000	1.01825404
-2.450	-1.050	0.000	1.02328718
-2.350	-1.050	0.000	1.02462363
-2.250	-1.050	0.000	1.02533698
-2.150	-1.050	0.000	1.02621901
-2.050	-1.050	0.000	1.02670157
-1.950	-1.050	0.000	1.02672768
-1.850	-1.050	0.000	1.02640367
-1.750	-1.050	0.000	1.02578270
-1.650	-1.050	0.000	1.02489769
-1.550	-1.050	0.000	1.02387047
-1.450	-1.050	0.000	1.02288508
-1.350	-1.050	0.000	1.02188206
-1.250	-1.050	0.000	1.02084339
-1.150	-1.050	0.000	1.01981461
-1.050	-1.050	0.000	1.01887202
-0.950	-1.050	0.000	1.01814198
-0.850	-1.050	0.000	1.01757610
-0.750	-1.050	0.000	1.01717329
-0.650	-1.050	0.000	1.01675189
-0.550	-1.050	0.000	1.01624453
-0.450	-1.050	0.000	1.01575041
-0.350	-1.050	0.000	1.01523077
-0.250	-1.050	0.000	1.01504481
-0.150	-1.050	0.000	1.01517379
-0.050	-1.050	0.000	1.01558697
0.050	-1.050	0.000	1.01630735
0.150	-1.050	0.000	1.01737106
0.250	-1.050	0.000	1.01866031
0.350	-1.050	0.000	1.01999962
0.450	-1.050	0.000	1.02116740
0.550	-1.050	0.000	1.02179456
0.650	-1.050	0.000	1.02212000
0.750	-1.050	0.000	1.02203786
0.850	-1.050	0.000	1.02176750
0.950	-1.050	0.000	1.02151847
1.050	-1.050	0.000	1.02135098
1.150	-1.050	0.000	1.02126753
1.250	-1.050	0.000	1.02117801
1.350	-1.050	0.000	1.02092957
1.450	-1.050	0.000	1.02060318
1.550	-1.050	0.000	1.02032137
1.650	-1.050	0.000	1.02016985
1.750	-1.050	0.000	1.02009487
1.850	-1.050	0.000	1.02000117
1.950	-1.050	0.000	1.01984382
2.050	-1.050	0.000	1.01960790
2.150	-1.050	0.000	1.01945746
2.250	-1.050	0.000	1.01915777
2.350	-1.050	0.000	1.01915538
2.450	-1.050	0.000	1.01850593
-2.450	-0.950	0.000	1.02342975
-2.350	-0.950	0.000	1.02459025
-2.250	-0.950	0.000	1.02530706
-2.150	-0.950	0.000	1.02627969
-2.050	-0.950	0.000	1.02685225
-1.950	-0.950	0.000	1.02694631
-1.850	-0.950	0.000	1.02662027
-1.750	-0.950	0.000	1.02594900
-1.650	-0.950	0.000	1.02506816
-1.550	-0.950	0.000	1.02407265
-1.450	-0.950	0.000	1.02311528
-1.350	-0.950	0.000	1.02214348
-1.250	-0.950	0.000	1.02110481
-1.150	-0.950	0.000	1.02007484
-1.050	-0.950	0.000	1.01912892
-0.950	-0.950	0.000	1.01836050
-0.850	-0.950	0.000	1.01773381
-0.750	-0.950	0.000	1.01729608
-0.650	-0.950	0.000	1.01688457
-0.550	-0.950	0.000	1.01639557
-0.450	-0.950	0.000	1.01596403
-0.350	-0.950	0.000	1.01549911
-0.250	-0.950	0.000	1.01535249
-0.150	-0.950	0.000	1.01550257
-0.050	-0.950	0.000	1.01592374
0.050	-0.950	0.000	1.01663208
0.150	-0.950	0.000	1.01766753
0.250	-0.950	0.000	1.01891160
0.350	-0.950	0.000	1.02024567
0.450	-0.950	0.000	1.02140284
0.550	-0.950	0.000	1.02208495
0.650	-0.950	0.000	1.02243114
0.750	-0.950	0.000	1.02224672
0.850	-0.950	0.000	1.02185678
0.950	-0.950	0.000	1.02144790
1.050	-0.950	0.000	1.02115262
1.150	-0.950	0.000	1.02098131
1.250	-0.950	0.000	1.02088153
1.350	-0.950	0.000	1.02066576
1.450	-0.950	0.000	1.02035868
1.550	-0.950	0.000	1.02006423
1.650	-0.950	0.000	1.01989126
1.750	-0.950	0.000	1.01983416
1.850	-0.950	0.000	1.01979434
1.950	-0.950	0.000	1.01971984
2.050	-0.950	0.000	1.01955640
2.150	-0.950	0.000	1.01946688
2.250	-0.950	0.000	1.01921272
2.350	-0.950	0.000	1.01924706
2.450	-0.950	0.000	1.01867557
-2.450	-0.850	0.000	1.02360570
-2.350	-0.850	0.000	1.02456379
-2.250	-0.850	0.000	1.02516472
-2.150	-0.850	0.000	1.02629316
-2.050	-0.850	0.000	1.02696800
-1.950	-0.850	0.000	1.02712655
-1.850	-0.850	0.000	1.02683508
-1.750	-0.850	0.000	1.02609229
-1.650	-0.850	0.000	1.02514899
-1.550	-0.850	0.000	1.02413630
-1.450	-0.850	0.000	1.02320540
-1.350	-0.850	0.000	1.02225983
-1.250	-0.850	0.000	1.02126634
-1.150	-0.850	0.000	1.02033854
-1.050	-0.850	0.000	1.01943827
-0.950	-0.850	0.000	1.01867533
-0.850	-0.850	0.000	1.01802540
-0.750	-0.850	0.000	1.01753247
-0.650	-0.850	0.000	1.01711893
-0.550	-0.850	0.000	1.01661432
-0.450	-0.850	0.000	1.01623559
-0.350	-0.850	0.000	1.01579499
-0.250	-0.850	0.000	1.01565349
-0.150	-0.850	0.000	1.01581526
-0.050	-0.850	0.000	1.01622880
0.050	-0.850	0.000	1.01691651
0.150	-0.850	0.000	1.01793110
0.250	-0.850	0.000	1.01913249
0.350	-0.850	0.000	1.02047944
0.450	-0.850	0.000	1.02166617
0.550	-0.850	0.000	1.02245593
0.650	-0.850	0.000	1.02293730
0.750	-0.850	0.000	1.02281976
0.850	-0.850	0.000	1.02244186
0.950	-0.850	0.000	1.02195895
1.050	-0.850	0.000	1.02153242
1.150	-0.850	0.000	1.02119124
1.250	-0.850	0.000	1.02090085
1.350	-0.850	0.000	1.02057409
1.450	-0.850	0.000	1.02023351
1.550	-0.850	0.000	1.01994717
1.650	-0.850	0.000	1.01976311
1.750	-0.850	0.000	1.01967597
1.850	-0.850	0.000	1.01960361
1.950	-0.850	0.000	1.01952720
2.050	-0.850	0.000	1.01936710
2.150	-0.850	0.000	1.01928997
2.250	-0.850	0.000	1.01909137
2.350	-0.850	0.000	1.01917839
2.450	-0.850	0.000	1.01872802
-2.450	-0.750	0.000	1.02342510
-2.350	-0.750	0.000	1.02420056
-2.250	-0.750	0.000	1.02471375
-2.150	-0.750	0.000	1.02592790
-2.050	-0.750	0.000	1.02673984
-1.950	-0.750	0.000	1.02696300
-1.850	-0.750	0.000	1.02671742
-1.750	-0.750	0.000	1.02597702
-1.650	-0.750	0.000	1.02497864
-1.550	-0.750	0.000	1.02397680
-1.450	-0.750	0.000	1.02301455
-1.350	-0.750	0.000	1.02207863
-1.250	-0.750	0.000	1.02117968
-1.150	-0.750	0.000	1.02043211
-1.050	-0.750	0.000	1.01974058
-0.950	-0.750	0.000	1.01906073
-0.850	-0.750	0.000	1.01844251
-0.750	-0.750	0.000	1.01786637
-0.650	-0.750	0.000	1.01743591
-0.550	-0.750	0.000	1.01691186
-0.450	-0.750	0.000	1.01653183
-0.350	-0.750	0.000	1.01611769
-0.250	-0.750	0.000	1.01593173
-0.150	-0.750	0.000	1.01609099
-0.050	-0.750	0.000	1.01648211
0.050	-0.750	0.000	1.01712823
0.150	-0.750	0.000	1.01807833
0.250	-0.750	0.000	1.01923728
0.350	-0.750	0.000	1.02057147
0.450	-0.750	0.000	1.02182174
0.550	-0.750	0.000	1.02269137
0.650	-0.750	0.000	1.02334654
0.750	-0.750	0.000	1.02344024
0.850	-0.750	0.000	1.02314878
0.950	-0.750	0.000	1.02269638
1.050	-0.750	0.000	1.02221370
1.150	-0.750	0.000	1.02177858
1.250	-0.750	0.000	1.02138948
1.350	-0.750	0.000	1.02096021
1.450	-0.750	0.000	1.02050495
1.550	-0.750	0.000	1.02010655
1.650	-0.750	0.000	1.01981556
1.750	-0.750	0.000	1.01964331
1.850	-0.750	0.000	1.01952505
1.950	-0.750	0.000	1.01942539
2.050	-0.750	0.000	1.01923358
2.150	-0.750	0.000	1.01910233
2.250	-0.750	0.000	1.01889813
2.350	-0.750	0.000	1.01892292
2.450	-0.750	0.000	1.01858318
-2.450	-0.650	0.000	1.02301967
-2.350	-0.650	0.000	1.02371407
-2.250	-0.650	0.000	1.02415466
-2.150	-0.650	0.000	1.02536798
-2.050	-0.650	0.000	1.02625322
-1.950	-0.650	0.000	1.02647173
-1.850	-0.650	0.000	1.02617431
-1.750	-0.650	0.000	1.02535260
-1.650	-0.650	0.000	1.02436268
-1.550	-0.650	0.000	1.02340138
-1.450	-0.650	0.000	1.02246046
-1.350	-0.650	0.000	1.02155554
-1.250	-0.650	0.000	1.02077770
-1.150	-0.650	0.000	1.02029216
-1.050	-0.650	0.000	1.01985240
-0.950	-0.650	0.000	1.01937556
-0.850	-0.650	0.000	1.01885164
-0.750	-0.650	0.000	1.01825750
-0.650	-0.650	0.000	1.01776958
-0.550	-0.650	0.000	1.01719058
-0.450	-0.650	0.000	1.01672435
-0.350	-0.650	0.000	1.01636767
-0.250	-0.650	0.000	1.01611888
-0.150	-0.650	0.000	1.01624858
-0.050	-0.650	0.000	1.01659739
0.050	-0.650	0.000	1.01719940
0.150	-0.650	0.000	1.01808083
0.250	-0.650	0.000	1.01919389
0.350	-0.650	0.000	1.02047575
0.450	-0.650	0.000	1.02176273
0.550	-0.650	0.000	1.02266085
0.650	-0.650	0.000	1.02343237
0.750	-0.650	0.000	1.02384734
0.850	-0.650	0.000	1.02368486
0.950	-0.650	0.000	1.02339530
1.050	-0.650	0.000	1.02297235
1.150	-0.650	0.000	1.02252853
1.250	-0.650	0.000	1.02207220
1.350	-0.650	0.000	1.02157283
1.450	-0.650	0.000	1.02104998
1.550	-0.650	0.000	1.02058876
1.650	-0.650	0.000	1.02022994
1.750	-0.650	0.000	1.01997459
1.850	-0.650	0.000	1.01972902
1.950	-0.650	0.000	1.01948202
2.050	-0.650	0.000	1.01920474
2.150	-0.650	0.000	1.01898730
2.250	-0.650	0.000	1.01872742
2.350	-0.650	0.000	1.01870334
2.450	-0.650	0.000	1.01833618
-2.450	-0.550	0.000	1.02251768
-2.350	-0.550	0.000	1.02321911
-2.250	-0.550	0.000	1.02362204
-2.150	-0.550	0.000	1.02482891
-2.050	-0.550	0.000	1.02562439
-1.950	-0.550	0.000	1.02584624
-1.850	-0.550	0.000	1.02554274
-1.750	-0.550	0.000	1.02465594
-1.650	-0.550	0.000	1.02355921
-1.550	-0.550	0.000	1.02247059
-1.450	-0.550	0.000	1.02145755
-1.350	-0.550	0.000	1.02056932
-1.250	-0.550	0.000	1.02001834
-1.150	-0.550	0.000	1.01981354
-1.050	-0.550	0.000	1.01978493
-0.950	-0.550	0.000	1.01951647
-0.850	-0.550	0.000	1.01913714
-0.750	-0.550	0.000	1.01862848
-0.650	-0.550	0.000	1.01811934
-0.550	-0.550	0.000	1.01751590
-0.450	-0.550	0.000	1.01693964
-0.350	-0.550	0.000	1.01658952
-0.250	-0.550	0.000	1.01624405
-0.150	-0.550	0.000	1.01630092
-0.050	-0.550	0.000	1.01661408
0.050	-0.550	0.000	1.01717985
0.150	-0.550	0.000	1.01797915
0.250	-0.550	0.000	1.01902175
0.350	-0.550	0.000	1.02023113
0.450	-0.550	0.000	1.02153134
0.550	-0.550	0.000	1.02249980
0.650	-0.550	0.000	1.02326465
0.750	-0.550	0.000	1.02385771
0.850	-0.550	0.000	1.02385128
0.950	-0.550	0.000	1.02368557
1.050	-0.550	0.000	1.02343488
1.150	-0.550	0.000	1.02310634
1.250	-0.550	0.000	1.02267826
1.350	-0.550	0.000	1.02215672
1.450	-0.550	0.000	1.02160251
1.550	-0.550	0.000	1.02111280
1.650	-0.550	0.000	1.02073097
1.750	-0.550	0.000	1.02044261
1.850	-0.550	0.000	1.02015603
1.950	-0.550	0.000	1.01981127
2.050	-0.550	0.000	1.01939535
2.150	-0.550	0.000	1.01902175
2.250	-0.550	0.000	1.01866138
2.350	-0.550	0.000	1.01855338
2.450	-0.550	0.000	1.01810861
-2.450	-0.450	0.000	1.02198756
-2.350	-0.450	0.000	1.02278328
-2.250	-0.450	0.000	1.02318180
-2.150	-0.450	0.000	1.02434385
-2.050	-0.450	0.000	1.02513182
-1.950	-0.450	0.000	1.02531600
-1.850	-0.450	0.000	1.02499831
-1.750	-0.450	0.000	1.02410519
-1.650	-0.450	0.000	1.02291906
-1.550	-0.450	0.000	1.02166736
-1.450	-0.450	0.000	1.02048850
-1.350	-0.450	0.000	1.01957333
-1.250	-0.450	0.000	1.01928771
-1.150	-0.450	0.000	1.01936448
-1.050	-0.450	0.000	1.01967621
-0.950	-0.450	0.000	1.01952434
-0.850	-0.450	0.000	1.01940298
-0.750	-0.450	0.000	1.01898468
-0.650	-0.450	0.000	1.01846576
-0.550	-0.450	0.000	1.01790917
-0.450	-0.450	0.000	1.01731133
-0.350	-0.450	0.000	1.01692522
-0.250	-0.450	0.000	1.01651943
-0.150	-0.450	0.000	1.01642072
-0.050	-0.450	0.000	1.01665246
0.050	-0.450	0.000	1.01715660
0.150	-0.450	0.000	1.01789594
0.250	-0.450	0.000	1.01888323
0.350	-0.450	0.000	1.01998806
0.450	-0.450	0.000	1.02123129
0.550	-0.450	0.000	1.02225268
0.650	-0.450	0.000	1.02298558
0.750	-0.450	0.000	1.02365315
0.850	-0.450	0.000	1.02383721
0.950	-0.450	0.000	1.02374101
1.050	-0.450	0.000	1.02362239
1.150	-0.450	0.000	1.02339911
1.250	-0.450	0.000	1.02303720
1.350	-0.450	0.000	1.02255487
1.450	-0.450	0.000	1.02202880
1.550	-0.450	0.000	1.02157152
1.650	-0.450	0.000	1.02122223
1.750	-0.450	0.000	1.02094460
1.850	-0.450	0.000	1.02064896
1.950	-0.450	0.000	1.02022552
2.050	-0.450	0.000	1.01967382
2.150	-0.450	0.000	1.01916742
2.250	-0.450	0.000	1.01871431
2.350	-0.450	0.000	1.01857102
2.450	-0.450	0.000	1.01800740
-2.450	-0.350	0.000	1.02143526
-2.350	-0.350	0.000	1.02242577
-2.250	-0.350	0.000	1.02285480
-2.150	-0.350	0.000	1.02393818
-2.050	-0.350	0.000	1.02470255
-1.950	-0.350	0.000	1.02491415
-1.850	-0.350	0.000	1.02463365
-1.750	-0.350	0.000	1.02375174
-1.650	-0.350	0.000	1.02244866
-1.550	-0.350	0.000	1.02112496
-1.450	-0.350	0.000	1.01973021
-1.350	-0.350	0.000	1.01892531
-1.250	-0.350	0.000	1.01883721
-1.150	-0.350	0.000	1.01908898
-1.050	-0.350	0.000	1.01964903
-0.950	-0.350	0.000	1.01968122
-0.850	-0.350	0.000	1.01974416
-0.750	-0.350	0.000	1.01935804
-0.650	-0.350	0.000	1.01882744
-0.550	-0.350	0.000	1.01827025
-0.450	-0.350	0.000	1.01766789
-0.350	-0.350	0.000	1.01721454
-0.250	-0.350	0.000	1.01681924
-0.150	-0.350	0.000	1.01658010
-0.050	-0.350	0.000	1.01672208
0.050	-0.350	0.000	1.01711655
0.150	-0.350	0.000	1.01776528
0.250	-0.350	0.000	1.01865065
0.350	-0.350	0.000	1.01971340
0.450	-0.350	0.000	1.02084243
0.550	-0.350	0.000	1.02194655
0.650	-0.350	0.000	1.02269745
0.750	-0.350	0.000	1.02324390
0.850	-0.350	0.000	1.02363050
0.950	-0.350	0.000	1.02364647
1.050	-0.350	0.000	1.02359235
1.150	-0.350	0.000	1.02345669
1.250	-0.350	0.000	1.02317023
1.350	-0.350	0.000	1.02269614
1.450	-0.350	0.000	1.02215004
1.550	-0.350	0.000	1.02169228
1.650	-0.350	0.000	1.02140391
1.750	-0.350	0.000	1.02121770
1.850	-0.350	0.000	1.02099586
1.950	-0.350	0.000	1.02059197
2.050	-0.350	0.000	1.01999021
2.150	-0.350	0.000	1.01942825
2.250	-0.350	0.000	1.01886320
2.350	-0.350	0.000	1.01866174
2.450	-0.350	0.000	1.01797700
-2.450	-0.250	0.000	1.02079117
-2.350	-0.250	0.000	1.02198207
-2.250	-0.250	0.000	1.02243960
-2.150	-0.250	0.000	1.02350259
-2.050	-0.250	0.000	1.02428079
-1.950	-0.250	0.000	1.02450323
-1.850	-0.250	0.000	1.02428234
-1.750	-0.250	0.000	1.02341545
-1.650	-0.250	0.000	1.02203441
-1.550	-0.250	0.000	1.02075148
-1.450	-0.250	0.000	1.01942742
-1.350	-0.250	0.000	1.01868773
-1.250	-0.250	0.000	1.01878023
-1.150	-0.250	0.000	1.01927149
-1.050	-0.250	0.000	1.01997447
-0.950	-0.250	0.000	1.02010429
-0.850	-0.250	0.000	1.02013505
-0.750	-0.250	0.000	1.01980400
-0.650	-0.250	0.000	1.01927602
-0.550	-0.250	0.000	1.01872122
-0.450	-0.250	0.000	1.01809704
-0.350	-0.250	0.000	1.01759434
-0.250	-0.250	0.000	1.01716471
-0.150	-0.250	0.000	1.01684904
-0.050	-0.250	0.000	1.01686370
0.050	-0.250	0.000	1.01714921
0.150	-0.250	0.000	1.01770782
0.250	-0.250	0.000	1.01850414
0.350	-0.250	0.000	1.01951659
0.450	-0.250	0.000	1.02058518
0.550	-0.250	0.000	1.02159047
0.650	-0.250	0.000	1.02239525
0.750	-0.250	0.000	1.02289808
0.850	-0.250	0.000	1.02326500
0.950	-0.250	0.000	1.02339816
1.050	-0.250	0.000	1.02337885
1.150	-0.250	0.000	1.02331579
1.250	-0.250	0.000	1.02311230
1.350	-0.250	0.000	1.02270794
1.450	-0.250	0.000	1.02217245
1.550	-0.250	0.000	1.02165580
1.650	-0.250	0.000	1.02128136
1.750	-0.250	0.000	1.02104664
1.850	-0.250	0.000	1.02085912
1.950	-0.250	0.000	1.02056408
2.050	-0.250	0.000	1.02005601
2.150	-0.250	0.000	1.01957214
2.250	-0.250	0.000	1.01899362
2.350	-0.250	0.000	1.01876783
2.450	-0.250	0.000	1.01804554
-2.450	-0.150	0.000	1.02016640
-2.350	-0.150	0.000	1.02149689
-2.250	-0.150	0.000	1.02198398
-2.150	-0.150	0.000	1.02304053
-2.050	-0.150	0.000	1.02385831
-1.950	-0.150	0.000	1.02410197
-1.850	-0.150	0.000	1.02390826
-1.750	-0.150	0.000	1.02305043
-1.650	-0.150	0.000	1.02171159
-1.550	-0.150	0.000	1.02043557
-1.450	-0.150	0.000	1.01927221
-1.350	-0.150	0.000	1.01871228
-1.250	-0.150	0.000	1.01895976
-1.150	-0.150	0.000	1.01960731
-1.050	-0.150	0.000	1.02034020
-0.950	-0.150	0.000	1.02059782
-0.850	-0.150	0.000	1.02055609
-0.750	-0.150	0.000	1.02021110
-0.650	-0.150	0.000	1.01969385
-0.550	-0.150	0.000	1.01914549
-0.450	-0.150	0.000	1.01859748
-0.350	-0.150	0.000	1.01814914
-0.250	-0.150	0.000	1.01767766
-0.150	-0.150	0.000	1.01728737
-0.050	-0.150	0.000	1.01716506
0.050	-0.150	0.000	1.01731741
0.150	-0.150	0.000	1.01776886
0.250	-0.150	0.000	1.01846802
0.350	-0.150	0.000	1.01933563
0.450	-0.150	0.000	1.02036321
0.550	-0.150	0.000	1.02133417
0.650	-0.150	0.000	1.02215540
0.750	-0.150	0.000	1.02266824
0.850	-0.150	0.000	1.02295494
0.950	-0.150	0.000	1.02312505
1.050	-0.150	0.000	1.02319813
1.150	-0.150	0.000	1.02318740
1.250	-0.150	0.000	1.02305782
1.350	-0.150	0.000	1.02271485
1.450	-0.150	0.000	1.02219796
1.550	-0.150	0.000	1.02165508
1.650	-0.150	0.000	1.02120590
1.750	-0.150	0.000	1.02086520
1.850	-0.150	0.000	1.02057374
1.950	-0.150	0.000	1.02026236
2.050	-0.150	0.000	1.01981819
2.150	-0.150	0.000	1.01940250
2.250	-0.150	0.000	1.01887262
2.350	-0.150	0.000	1.01863837
2.450	-0.150	0.000	1.01797009
-2.450	-0.050	0.000	1.01950586
-2.350	-0.050	0.000	1.02092505
-2.250	-0.050	0.000	1.02147877
-2.150	-0.050	0.000	1.02253115
-2.050	-0.050	0.000	1.02336025
-1.950	-0.050	0.000	1.02363229
-1.850	-0.050	0.000	1.02344024
-1.750	-0.050	0.000	1.02255976
-1.650	-0.050	0.000	1.02122033
-1.550	-0.050	0.000	1.02001643
-1.450	-0.050	0.000	1.01900876
-1.350	-0.050	0.000	1.01858330
-1.250	-0.050	0.000	1.01892078
-1.150	-0.050	0.000	1.01968908
-1.050	-0.050	0.000	1.02048063
-0.950	-0.050	0.000	1.02082002
-0.850	-0.050	0.000	1.02080631
-0.750	-0.050	0.000	1.02052450
-0.650	-0.050	0.000	1.02005613
-0.550	-0.050	0.000	1.01951909
-0.450	-0.050	0.000	1.01902461
-0.350	-0.050	0.000	1.01864588
-0.250	-0.050	0.000	1.01821482
-0.150	-0.050	0.000	1.01782489
-0.050	-0.050	0.000	1.01762342
0.050	-0.050	0.000	1.01765203
0.150	-0.050	0.000	1.01795459
0.250	-0.050	0.000	1.01855314
0.350	-0.050	0.000	1.01936579
0.450	-0.050	0.000	1.02026308
0.550	-0.050	0.000	1.02112484
0.650	-0.050	0.000	1.02187240
0.750	-0.050	0.000	1.02238905
0.850	-0.050	0.000	1.02267826
0.950	-0.050	0.000	1.02284324
1.050	-0.050	0.000	1.02299654
1.150	-0.050	0.000	1.02310622
1.250	-0.050	0.000	1.02304673
1.350	-0.050	0.000	1.02278531
1.450	-0.050	0.000	1.02230668
1.550	-0.050	0.000	1.02175808
1.650	-0.050	0.000	1.02129114
1.750	-0.050	0.000	1.02093494
1.850	-0.050	0.000	1.02061021
1.950	-0.050	0.000	1.02024555
2.050	-0.050	0.000	1.01979363
2.150	-0.050	0.000	1.01936376
2.250	-0.050	0.000	1.01884234
2.350	-0.050	0.000	1.01856172
2.450	-0.050	0.000	1.01797020
-2.450	0.050	0.000	1.01899457
-2.350	0.050	0.000	1.02043974
-2.250	0.050	0.000	1.02108347
-2.150	0.050	0.000	1.02214277
-2.050	0.050	0.000	1.02298272
-1.950	0.050	0.000	1.02323270
-1.850	0.050	0.000	1.02301228
-1.750	0.050	0.000	1.02211714
-1.650	0.050	0.000	1.02079666
-1.550	0.050	0.000	1.01958096
-1.450	0.050	0.000	1.01864350
-1.350	0.050	0.000	1.01835001
-1.250	0.050	0.000	1.01878738
-1.150	0.050	0.000	1.01958382
-1.050	0.050	0.000	1.02037656
-0.950	0.050	0.000	1.02075946
-0.850	0.050	0.000	1.02078712
-0.750	0.050	0.000	1.02058089
-0.650	0.050	0.000	1.02016723
-0.550	0.050	0.000	1.01977575
-0.450	0.050	0.000	1.01944065
-0.350	0.050	0.000	1.01922143
-0.250	0.050	0.000	1.01891410
-0.150	0.050	0.000	1.01846159
-0.050	0.050	0.000	1.01816964
0.050	0.050	0.000	1.01811695
0.150	0.050	0.000	1.01830423
0.250	0.050	0.000	1.01877463
0.350	0.050	0.000	1.01945949
0.450	0.050	0.000	1.02029061
0.550	0.050	0.000	1.02110994
0.650	0.050	0.000	1.02174640
0.750	0.050	0.000	1.02217782
0.850	0.050	0.000	1.02242494
0.950	0.050	0.000	1.02257419
1.050	0.050	0.000	1.02274549
1.150	0.050	0.000	1.02295184
1.250	0.050	0.000	1.02306032
1.350	0.050	0.000	1.02291644
1.450	0.050	0.000	1.02260077
1.550	0.050	0.000	1.02209949
1.650	0.050	0.000	1.02157283
1.750	0.050	0.000	1.02115250
1.850	0.050	0.000	1.02079761
1.950	0.050	0.000	1.02040541
2.050	0.050	0.000	1.01991212
2.150	0.050	0.000	1.01937687
2.250	0.050	0.000	1.01881194
2.350	0.050	0.000	1.01844585
2.450	0.050	0.000	1.01787448
-2.450	0.150	0.000	1.01858985
-2.350	0.150	0.000	1.02002656
-2.250	0.150	0.000	1.02073979
-2.150	0.150	0.000	1.02180445
-2.050	0.150	0.000	1.02266455
-1.950	0.150	0.000	1.02293253
-1.850	0.150	0.000	1.02275360
-1.750	0.150	0.000	1.02190924
-1.650	0.150	0.000	1.02063715
-1.550	0.150	0.000	1.01951170
-1.450	0.150	0.000	1.01863337
-1.350	0.150	0.000	1.01834607
-1.250	0.150	0.000	1.01874590
-1.150	0.150	0.000	1.01945341
-1.050	0.150	0.000	1.02019274
-0.950	0.150	0.000	1.02056539
-0.850	0.150	0.000	1.02054584
-0.750	0.150	0.000	1.02035844
-0.650	0.150	0.000	1.02003098
-0.550	0.150	0.000	1.01979220
-0.450	0.150	0.000	1.01958215
-0.350	0.150	0.000	1.01950634
-0.250	0.150	0.000	1.01937282
-0.150	0.150	0.000	1.01909101
-0.050	0.150	0.000	1.01889694
0.050	0.150	0.000	1.01883376
0.150	0.150	0.000	1.01893032
0.250	0.150	0.000	1.01927423
0.350	0.150	0.000	1.01984906
0.450	0.150	0.000	1.02054727
0.550	0.150	0.000	1.02123666
0.650	0.150	0.000	1.02178037
0.750	0.150	0.000	1.02214539
0.850	0.150	0.000	1.02229965
0.950	0.150	0.000	1.02238274
1.050	0.150	0.000	1.02253902
1.150	0.150	0.000	1.02281642
1.250	0.150	0.000	1.02312374
1.350	0.150	0.000	1.02314317
1.450	0.150	0.000	1.02293217
1.550	0.150	0.000	1.02254260
1.650	0.150	0.000	1.02209365
1.750	0.150	0.000	1.02168858
1.850	0.150	0.000	1.02128804
1.950	0.150	0.000	1.02080476
2.050	0.150	0.000	1.02025831
2.150	0.150	0.000	1.01963198
2.250	0.150	0.000	1.01905525
2.350	0.150	0.000	1.01862109
2.450	0.150	0.000	1.01810372
-2.450	0.250	0.000	1.01831901
-2.350	0.250	0.000	1.01971304
-2.250	0.250	0.000	1.02048421
-2.150	0.250	0.000	1.02154386
-2.050	0.250	0.000	1.02245128
-1.950	0.250	0.000	1.02280688
-1.850	0.250	0.000	1.02268028
-1.750	0.250	0.000	1.02192116
-1.650	0.250	0.000	1.02074564
-1.550	0.250	0.000	1.01969635
-1.450	0.250	0.000	1.01882851
-1.350	0.250	0.000	1.01850319
-1.250	0.250	0.000	1.01881111
-1.150	0.250	0.000	1.01941836
-1.050	0.250	0.000	1.02005303
-0.950	0.250	0.000	1.02044356
-0.850	0.250	0.000	1.02036583
-0.750	0.250	0.000	1.02014673
-0.650	0.250	0.000	1.01980555
-0.550	0.250	0.000	1.01963151
-0.450	0.250	0.000	1.01951742
-0.350	0.250	0.000	1.01956248
-0.250	0.250	0.000	1.01954615
-0.150	0.250	0.000	1.01942205
-0.050	0.250	0.000	1.01938021
0.050	0.250	0.000	1.01943088
0.150	0.250	0.000	1.01961625
0.250	0.250	0.000	1.01999116
0.350	0.250	0.000	1.02053845
0.450	0.250	0.000	1.02119279
0.550	0.250	0.000	1.02182984
0.650	0.250	0.000	1.02228224
0.750	0.250	0.000	1.02246547
0.850	0.250	0.000	1.02250350
0.950	0.250	0.000	1.02250481
1.050	0.250	0.000	1.02258313
1.150	0.250	0.000	1.02280200
1.250	0.250	0.000	1.02312779
1.350	0.250	0.000	1.02333736
1.450	0.250	0.000	1.02324867
1.550	0.250	0.000	1.02298760
1.650	0.250	0.000	1.02259851
1.750	0.250	0.000	1.02217913
1.850	0.250	0.000	1.02177799
1.950	0.250	0.000	1.02123439
2.050	0.250	0.000	1.02059996
2.150	0.250	0.000	1.01984930
2.250	0.250	0.000	1.01920593
2.350	0.250	0.000	1.01864648
2.450	0.250	0.000	1.01807570
-2.450	0.350	0.000	1.01832628
-2.350	0.350	0.000	1.01967478
-2.250	0.350	0.000	1.02048588
-2.150	0.350	0.000	1.02153599
-2.050	0.350	0.000	1.02247167
-1.950	0.350	0.000	1.02290750
-1.850	0.350	0.000	1.02284741
-1.750	0.350	0.000	1.02219605
-1.650	0.350	0.000	1.02108777
-1.550	0.350	0.000	1.02006173
-1.450	0.350	0.000	1.01922023
-1.350	0.350	0.000	1.01885617
-1.250	0.350	0.000	1.01904809
-1.150	0.350	0.000	1.01954508
-1.050	0.350	0.000	1.02003789
-0.950	0.350	0.000	1.02039647
-0.850	0.350	0.000	1.02031040
-0.750	0.350	0.000	1.02000844
-0.650	0.350	0.000	1.01957154
-0.550	0.350	0.000	1.01933134
-0.450	0.350	0.000	1.01917577
-0.350	0.350	0.000	1.01929343
-0.250	0.350	0.000	1.01940000
-0.150	0.350	0.000	1.01953185
-0.050	0.350	0.000	1.01969528
0.050	0.350	0.000	1.01985955
0.150	0.350	0.000	1.02015805
0.250	0.350	0.000	1.02061844
0.350	0.350	0.000	1.02120650
0.450	0.350	0.000	1.02186430
0.550	0.350	0.000	1.02250946
0.650	0.350	0.000	1.02302670
0.750	0.350	0.000	1.02324224
0.850	0.350	0.000	1.02321863
0.950	0.350	0.000	1.02313900
1.050	0.350	0.000	1.02312040
1.150	0.350	0.000	1.02320635
1.250	0.350	0.000	1.02337968
1.350	0.350	0.000	1.02358639
1.450	0.350	0.000	1.02350318
1.550	0.350	0.000	1.02328813
1.650	0.350	0.000	1.02302527
1.750	0.350	0.000	1.02272439
1.850	0.350	0.000	1.02236927
1.950	0.350	0.000	1.02182674
2.050	0.350	0.000	1.02118468
2.150	0.350	0.000	1.02043140
2.250	0.350	0.000	1.01977718
2.350	0.350	0.000	1.01919818
2.450	0.350	0.000	1.01857936
-2.450	0.450	0.000	1.01850331
-2.350	0.450	0.000	1.01977587
-2.250	0.450	0.000	1.02061677
-2.150	0.450	0.000	1.02164948
-2.050	0.450	0.000	1.02257204
-1.950	0.450	0.000	1.02306426
-1.850	0.450	0.000	1.02304673
-1.750	0.450	0.000	1.02249610
-1.650	0.450	0.000	1.02154803
-1.550	0.450	0.000	1.02063429
-1.450	0.450	0.000	1.01980233
-1.350	0.450	0.000	1.01934946
-1.250	0.450	0.000	1.01938820
-1.150	0.450	0.000	1.01974547
-1.050	0.450	0.000	1.02017140
-0.950	0.450	0.000	1.02050936
-0.850	0.450	0.000	1.02047586
-0.750	0.450	0.000	1.02013206
-0.650	0.450	0.000	1.01955688
-0.550	0.450	0.000	1.01915705
-0.450	0.450	0.000	1.01885426
-0.350	0.450	0.000	1.01886606
-0.250	0.450	0.000	1.01891458
-0.150	0.450	0.000	1.01918769
-0.050	0.450	0.000	1.01951897
0.050	0.450	0.000	1.01992059
0.150	0.450	0.000	1.02043986
0.250	0.450	0.000	1.02107716
0.350	0.450	0.000	1.02177811
0.450	0.450	0.000	1.02252018
0.550	0.450	0.000	1.02314615
0.650	0.450	0.000	1.02367783
0.750	0.450	0.000	1.02393115
0.850	0.450	0.000	1.02386761
0.950	0.450	0.000	1.02374911
1.050	0.450	0.000	1.02367163
1.150	0.450	0.000	1.02370298
1.250	0.450	0.000	1.02377963
1.350	0.450	0.000	1.02394640
1.450	0.450	0.000	1.02388060
1.550	0.450	0.000	1.02360272
1.650	0.450	0.000	1.02324891
1.750	0.450	0.000	1.02284968
1.850	0.450	0.000	1.02245176
1.950	0.450	0.000	1.02190602
2.050	0.450	0.000	1.02127230
2.150	0.450	0.000	1.02052438
2.250	0.450	0.000	1.01991439
2.350	0.450	0.000	1.01935482
2.450	0.450	0.000	1.01875508
-2.450	0.550	0.000	1.01891398
-2.350	0.550	0.000	1.02011096
-2.250	0.550	0.000	1.02095354
-2.150	0.550	0.000	1.02197552
-2.050	0.550	0.000	1.02287519
-1.950	0.550	0.000	1.02340055
-1.850	0.550	0.000	1.02339566
-1.750	0.550	0.000	1.02290416
-1.650	0.550	0.000	1.02204227
-1.550	0.550	0.000	1.02117682
-1.450	0.550	0.000	1.02039146
-1.350	0.550	0.000	1.01992500
-1.250	0.550	0.000	1.01986885
-1.150	0.550	0.000	1.02010536
-1.050	0.550	0.000	1.02041245
-0.950	0.550	0.000	1.02070868
-0.850	0.550	0.000	1.02066278
-0.750	0.550	0.000	1.02031028
-0.650	0.550	0.000	1.01966667
-0.550	0.550	0.000	1.01914692
-0.450	0.550	0.000	1.01873600
-0.350	0.550	0.000	1.01864386
-0.250	0.550	0.000	1.01862550
-0.150	0.550	0.000	1.01886547
-0.050	0.550	0.000	1.01922965
0.050	0.550	0.000	1.01968074
0.150	0.550	0.000	1.02032244
0.250	0.550	0.000	1.02110040
0.350	0.550	0.000	1.02195752
0.450	0.550	0.000	1.02277350
0.550	0.550	0.000	1.02345347
0.650	0.550	0.000	1.02391326
0.750	0.550	0.000	1.02422106
0.850	0.550	0.000	1.02438474
0.950	0.550	0.000	1.02441633
1.050	0.550	0.000	1.02439606
1.150	0.550	0.000	1.02441382
1.250	0.550	0.000	1.02441859
1.350	0.550	0.000	1.02448320
1.450	0.550	0.000	1.02440810
1.550	0.550	0.000	1.02410948
1.650	0.550	0.000	1.02375174
1.750	0.550	0.000	1.02337706
1.850	0.550	0.000	1.02294958
1.950	0.550	0.000	1.02233744
2.050	0.550	0.000	1.02161598
2.150	0.550	0.000	1.02077520
2.250	0.550	0.000	1.02010119
2.350	0.550	0.000	1.01951468
2.450	0.550	0.000	1.01892340
-2.450	0.650	0.000	1.01954961
-2.350	0.650	0.000	1.02069557
-2.250	0.650	0.000	1.02158570
-2.150	0.650	0.000	1.02262092
-2.050	0.650	0.000	1.02342188
-1.950	0.650	0.000	1.02395117
-1.850	0.650	0.000	1.02390468
-1.750	0.650	0.000	1.02342355
-1.650	0.650	0.000	1.02264977
-1.550	0.650	0.000	1.02186084
-1.450	0.650	0.000	1.02107346
-1.350	0.650	0.000	1.02056301
-1.250	0.650	0.000	1.02040756
-1.150	0.650	0.000	1.02055085
-1.050	0.650	0.000	1.02081943
-0.950	0.650	0.000	1.02110553
-0.850	0.650	0.000	1.02104759
-0.750	0.650	0.000	1.02067208
-0.650	0.650	0.000	1.01993263
-0.550	0.650	0.000	1.01927066
-0.450	0.650	0.000	1.01870120
-0.350	0.650	0.000	1.01855719
-0.250	0.650	0.000	1.01850379
-0.150	0.650	0.000	1.01862264
-0.050	0.650	0.000	1.01895785
0.050	0.650	0.000	1.01940441
0.150	0.650	0.000	1.02005816
0.250	0.650	0.000	1.02090585
0.350	0.650	0.000	1.02187908
0.450	0.650	0.000	1.02284729
0.550	0.650	0.000	1.02363360
0.650	0.650	0.000	1.02420080
0.750	0.650	0.000	1.02452266
0.850	0.650	0.000	1.02450657
0.950	0.650	0.000	1.02449989
1.050	0.650	0.000	1.02450192
1.150	0.650	0.000	1.02455342
1.250	0.650	0.000	1.02450383
1.350	0.650	0.000	1.02444613
1.450	0.650	0.000	1.02445936
1.550	0.650	0.000	1.02423286
1.650	0.650	0.000	1.02390552
1.750	0.650	0.000	1.02354181
1.850	0.650	0.000	1.02312863
1.950	0.650	0.000	1.02250540
2.050	0.650	0.000	1.02178836
2.150	0.650	0.000	1.02090371
2.250	0.650	0.000	1.02022803
2.350	0.650	0.000	1.01957715
2.450	0.650	0.000	1.01896179
-2.450	0.750	0.000	1.01997387
-2.350	0.750	0.000	1.02107453
-2.250	0.750	0.000	1.02202690
-2.150	0.750	0.000	1.02313769
-2.050	0.750	0.000	1.02389896
-1.950	0.750	0.000	1.02447128
-1.850	0.750	0.000	1.02437365
-1.750	0.750	0.000	1.02392209
-1.650	0.750	0.000	1.02322292
-1.550	0.750	0.000	1.02246463
-1.450	0.750	0.000	1.02170396
-1.350	0.750	0.000	1.02117074
-1.250	0.750	0.000	1.02094388
-1.150	0.750	0.000	1.02102768
-1.050	0.750	0.000	1.02127492
-0.950	0.750	0.000	1.02157140
-0.850	0.750	0.000	1.02153552
-0.750	0.750	0.000	1.02111566
-0.650	0.750	0.000	1.02030504
-0.550	0.750	0.000	1.01951218
-0.450	0.750	0.000	1.01882648
-0.350	0.750	0.000	1.01848912
-0.250	0.750	0.000	1.01842427
-0.150	0.750	0.000	1.01850104
-0.050	0.750	0.000	1.01875603
0.050	0.750	0.000	1.01910090
0.150	0.750	0.000	1.01964939
0.250	0.750	0.000	1.02042317
0.350	0.750	0.000	1.02139711
0.450	0.750	0.000	1.02242780
0.550	0.750	0.000	1.02330446
0.650	0.750	0.000	1.02392709
0.750	0.750	0.000	1.02434242
0.850	0.750	0.000	1.02456558
0.950	0.750	0.000	1.02467525
1.050	0.750	0.000	1.02474904
1.150	0.750	0.000	1.02480066
1.250	0.750	0.000	1.02480936
1.350	0.750	0.000	1.02469349
1.450	0.750	0.000	1.02459586
1.550	0.750	0.000	1.02436686
1.650	0.750	0.000	1.02403855
1.750	0.750	0.000	1.02366889
1.850	0.750	0.000	1.02325463
1.950	0.750	0.000	1.02262843
2.050	0.750	0.000	1.02190375
2.150	0.750	0.000	1.02095354
2.250	0.750	0.000	1.02021253
2.350	0.750	0.000	1.01956773
2.450	0.750	0.000	1.01889968
-2.450	0.850	0.000	1.02014041
-2.350	0.850	0.000	1.02119243
-2.250	0.850	0.000	1.02220261
-2.150	0.850	0.000	1.02340066
-2.050	0.850	0.000	1.02415943
-1.950	0.850	0.000	1.02476037
-1.850	0.850	0.000	1.02465308
-1.750	0.850	0.000	1.02422512
-1.650	0.850	0.000	1.02358806
-1.550	0.850	0.000	1.02288520
-1.450	0.850	0.000	1.02217638
-1.350	0.850	0.000	1.02163661
-1.250	0.850	0.000	1.02136922
-1.150	0.850	0.000	1.02139580
-1.050	0.850	0.000	1.02162075
-0.950	0.850	0.000	1.02189469
-0.850	0.850	0.000	1.02189648
-0.750	0.850	0.000	1.02148783
-0.650	0.850	0.000	1.02066600
-0.550	0.850	0.000	1.01975286
-0.450	0.850	0.000	1.01895964
-0.350	0.850	0.000	1.01847029
-0.250	0.850	0.000	1.01836395
-0.150	0.850	0.000	1.01842606
-0.050	0.850	0.000	1.01863384
0.050	0.850	0.000	1.01892507
0.150	0.850	0.000	1.01937783
0.250	0.850	0.000	1.02004671
0.350	0.850	0.000	1.02094352
0.450	0.850	0.000	1.02194917
0.550	0.850	0.000	1.02283859
0.650	0.850	0.000	1.02350414
0.750	0.850	0.000	1.02393091
0.850	0.850	0.000	1.02411437
0.950	0.850	0.000	1.02419782
1.050	0.850	0.000	1.02428973
1.150	0.850	0.000	1.02438796
1.250	0.850	0.000	1.02449429
1.350	0.850	0.000	1.02448380
1.450	0.850	0.000	1.02450550
1.550	0.850	0.000	1.02443600
1.650	0.850	0.000	1.02413988
1.750	0.850	0.000	1.02374816
1.850	0.850	0.000	1.02337134
1.950	0.850	0.000	1.02276206
2.050	0.850	0.000	1.02202845
2.150	0.850	0.000	1.02108347
2.250	0.850	0.000	1.02027822
2.350	0.850	0.000	1.01963806
2.450	0.850	0.000	1.01881218
-2.450	0.950	0.000	1.02010202
-2.350	0.950	0.000	1.02106082
-2.250	0.950	0.000	1.02210081
-2.150	0.950	0.000	1.02346730
-2.050	0.950	0.000	1.02430058
-1.950	0.950	0.000	1.02493167
-1.850	0.950	0.000	1.02482498
-1.750	0.950	0.000	1.02441776
-1.650	0.950	0.000	1.02381742
-1.550	0.950	0.000	1.02316451
-1.450	0.950	0.000	1.02251697
-1.350	0.950	0.000	1.02197230
-1.250	0.950	0.000	1.02166665
-1.150	0.950	0.000	1.02162552
-1.050	0.950	0.000	1.02181494
-0.950	0.950	0.000	1.02208436
-0.850	0.950	0.000	1.02218831
-0.750	0.950	0.000	1.02182603
-0.650	0.950	0.000	1.02101886
-0.550	0.950	0.000	1.02003276
-0.450	0.950	0.000	1.01914728
-0.350	0.950	0.000	1.01853156
-0.250	0.950	0.000	1.01834309
-0.150	0.950	0.000	1.01833105
-0.050	0.950	0.000	1.01851654
0.050	0.950	0.000	1.01879263
0.150	0.950	0.000	1.01918828
0.250	0.950	0.000	1.01975632
0.350	0.950	0.000	1.02054167
0.450	0.950	0.000	1.02146327
0.550	0.950	0.000	1.02233386
0.650	0.950	0.000	1.02303338
0.750	0.950	0.000	1.02353895
0.850	0.950	0.000	1.02379572
0.950	0.950	0.000	1.02386844
1.050	0.950	0.000	1.02390468
1.150	0.950	0.000	1.02394581
1.250	0.950	0.000	1.02402067
1.350	0.950	0.000	1.02405798
1.450	0.950	0.000	1.02414274
1.550	0.950	0.000	1.02424681
1.650	0.950	0.000	1.02419817
1.750	0.950	0.000	1.02390230
1.850	0.950	0.000	1.02354276
1.950	0.950	0.000	1.02292967
2.050	0.950	0.000	1.02216709
2.150	0.950	0.000	1.02120650
2.250	0.950	0.000	1.02037907
2.350	0.950	0.000	1.01980793
2.450	0.950	0.000	1.01893699
-2.450	1.050	0.000	1.02004039
-2.350	1.050	0.000	1.02088296
-2.250	1.050	0.000	1.02188218
-2.150	1.050	0.000	1.02335763
-2.050	1.050	0.000	1.02426720
-1.950	1.050	0.000	1.02495492
-1.850	1.050	0.000	1.02493858
-1.750	1.050	0.000	1.02458227
-1.650	1.050	0.000	1.02403831
-1.550	1.050	0.000	1.02345347
-1.450	1.050	0.000	1.02283776
-1.350	1.050	0.000	1.02228987
-1.250	1.050	0.000	1.02193463
-1.150	1.050	0.000	1.02179945
-1.050	1.050	0.000	1.02193534
-0.950	1.050	0.000	1.02215278
-0.850	1.050	0.000	1.02227223
-0.750	1.050	0.000	1.02196360
-0.650	1.050	0.000	1.02128601
-0.550	1.050	0.000	1.02037168
-0.450	1.050	0.000	1.01945972
-0.350	1.050	0.000	1.01874471
-0.250	1.050	0.000	1.01843607
-0.150	1.050	0.000	1.01832604
-0.050	1.050	0.000	1.01849163
0.050	1.050	0.000	1.01875496
0.150	1.050	0.000	1.01911819
0.250	1.050	0.000	1.01962674
0.350	1.050	0.000	1.02032173
0.450	1.050	0.000	1.02114081
0.550	1.050	0.000	1.02192330
0.650	1.050	0.000	1.02256727
0.750	1.050	0.000	1.02304149
0.850	1.050	0.000	1.02330804
0.950	1.050	0.000	1.02339423
1.050	1.050	0.000	1.02342319
1.150	1.050	0.000	1.02346396
1.250	1.050	0.000	1.02354336
1.350	1.050	0.000	1.02363074
1.450	1.050	0.000	1.02379155
1.550	1.050	0.000	1.02400911
1.650	1.050	0.000	1.02414024
1.750	1.050	0.000	1.02397072
1.850	1.050	0.000	1.02369320
1.950	1.050	0.000	1.02319491
2.050	1.050	0.000	1.02246261
2.150	1.050	0.000	1.02151442
2.250	1.050	0.000	1.02062750
2.350	1.050	0.000	1.02001810
2.450	1.050	0.000	1.01913595
-2.450	1.150	0.000	1.01999247
-2.350	1.150	0.000	1.02071893
-2.250	1.150	0.000	1.02160406
-2.150	1.150	0.000	1.02315331
-2.050	1.150	0.000	1.02410758
-1.950	1.150	0.000	1.02481759
-1.850	1.150	0.000	1.02494764
-1.750	1.150	0.000	1.02471590
-1.650	1.150	0.000	1.02429223
-1.550	1.150	0.000	1.02378356
-1.450	1.150	0.000	1.02321732
-1.350	1.150	0.000	1.02268374
-1.250	1.150	0.000	1.02229118
-1.150	1.150	0.000	1.02210271
-1.050	1.150	0.000	1.02216125
-0.950	1.150	0.000	1.02228808
-0.850	1.150	0.000	1.02236450
-0.750	1.150	0.000	1.02207541
-0.650	1.150	0.000	1.02148116
-0.550	1.150	0.000	1.02062988
-0.450	1.150	0.000	1.01972747
-0.350	1.150	0.000	1.01896179
-0.250	1.150	0.000	1.01858163
-0.150	1.150	0.000	1.01843655
-0.050	1.150	0.000	1.01859033
0.050	1.150	0.000	1.01884210
0.150	1.150	0.000	1.01916814
0.250	1.150	0.000	1.01962233
0.350	1.150	0.000	1.02025676
0.450	1.150	0.000	1.02101672
0.550	1.150	0.000	1.02173495
0.650	1.150	0.000	1.02228689
0.750	1.150	0.000	1.02267385
0.850	1.150	0.000	1.02288067
0.950	1.150	0.000	1.02292693
1.050	1.150	0.000	1.02295423
1.150	1.150	0.000	1.02301455
1.250	1.150	0.000	1.02309966
1.350	1.150	0.000	1.02320194
1.450	1.150	0.000	1.02343905
1.550	1.150	0.000	1.02377546
1.650	1.150	0.000	1.02413332
1.750	1.150	0.000	1.02413797
1.850	1.150	0.000	1.02389503
1.950	1.150	0.000	1.02340400
2.050	1.150	0.000	1.02267432
2.150	1.150	0.000	1.02175117
2.250	1.150	0.000	1.02085388
2.350	1.150	0.000	1.02020812
2.450	1.150	0.000	1.01933861
-2.450	1.250	0.000	1.01993060
-2.350	1.250	0.000	1.02059126
-2.250	1.250	0.000	1.02127862
-2.150	1.250	0.000	1.02281809
-2.050	1.250	0.000	1.02379286
-1.950	1.250	0.000	1.02450383
-1.850	1.250	0.000	1.02474749
-1.750	1.250	0.000	1.02465665
-1.650	1.250	0.000	1.02442133
-1.550	1.250	0.000	1.02403080
-1.450	1.250	0.000	1.02359331
-1.350	1.250	0.000	1.02311361
-1.250	1.250	0.000	1.02274394
-1.150	1.250	0.000	1.02254069
-1.050	1.250	0.000	1.02248633
-0.950	1.250	0.000	1.02250934
-0.850	1.250	0.000	1.02244735
-0.750	1.250	0.000	1.02217007
-0.650	1.250	0.000	1.02163041
-0.550	1.250	0.000	1.02085054
-0.450	1.250	0.000	1.01997221
-0.350	1.250	0.000	1.01920295
-0.250	1.250	0.000	1.01876569
-0.150	1.250	0.000	1.01857173
-0.050	1.250	0.000	1.01872814
0.050	1.250	0.000	1.01900530
0.150	1.250	0.000	1.01934719
0.250	1.250	0.000	1.01979172
0.350	1.250	0.000	1.02038288
0.450	1.250	0.000	1.02107215
0.550	1.250	0.000	1.02171338
0.650	1.250	0.000	1.02217948
0.750	1.250	0.000	1.02247989
0.850	1.250	0.000	1.02262330
0.950	1.250	0.000	1.02263129
1.050	1.250	0.000	1.02264667
1.150	1.250	0.000	1.02271223
1.250	1.250	0.000	1.02279949
1.350	1.250	0.000	1.02290463
1.450	1.250	0.000	1.02313912
1.550	1.250	0.000	1.02350271
1.650	1.250	0.000	1.02386022
1.750	1.250	0.000	1.02395833
1.850	1.250	0.000	1.02380610
1.950	1.250	0.000	1.02343833
2.050	1.250	0.000	1.02279603
2.150	1.250	0.000	1.02190888
2.250	1.250	0.000	1.02100348
2.350	1.250	0.000	1.02034771
2.450	1.250	0.000	1.01941907
-2.450	1.350	0.000	1.01974404
-2.350	1.350	0.000	1.02046549
-2.250	1.350	0.000	1.02096987
-2.150	1.350	0.000	1.02242577
-2.050	1.350	0.000	1.02334476
-1.950	1.350	0.000	1.02401841
-1.850	1.350	0.000	1.02438855
-1.750	1.350	0.000	1.02448511
-1.650	1.350	0.000	1.02445221
-1.550	1.350	0.000	1.02421820
-1.450	1.350	0.000	1.02391517
-1.350	1.350	0.000	1.02354121
-1.250	1.350	0.000	1.02325916
-1.150	1.350	0.000	1.02308309
-1.050	1.350	0.000	1.02293754
-0.950	1.350	0.000	1.02283323
-0.850	1.350	0.000	1.02262926
-0.750	1.350	0.000	1.02232337
-0.650	1.350	0.000	1.02179790
-0.550	1.350	0.000	1.02107489
-0.450	1.350	0.000	1.02023005
-0.350	1.350	0.000	1.01945913
-0.250	1.350	0.000	1.01896346
-0.150	1.350	0.000	1.01872301
-0.050	1.350	0.000	1.01885426
0.050	1.350	0.000	1.01914728
0.150	1.350	0.000	1.01951969
0.250	1.350	0.000	1.01998866
0.350	1.350	0.000	1.02057922
0.450	1.350	0.000	1.02124012
0.550	1.350	0.000	1.02180374
0.650	1.350	0.000	1.02218854
0.750	1.350	0.000	1.02241826
0.850	1.350	0.000	1.02252209
0.950	1.350	0.000	1.02256441
1.050	1.350	0.000	1.02262604
1.150	1.350	0.000	1.02273083
1.250	1.350	0.000	1.02282941
1.350	1.350	0.000	1.02290702
1.450	1.350	0.000	1.02310228
1.550	1.350	0.000	1.02345026
1.650	1.350	0.000	1.02382851
1.750	1.350	0.000	1.02398431
1.850	1.350	0.000	1.02386975
1.950	1.350	0.000	1.02351356
2.050	1.350	0.000	1.02289939
2.150	1.350	0.000	1.02202237
2.250	1.350	0.000	1.02114177
2.350	1.350	0.000	1.02051282
2.450	1.350	0.000	1.01959074
-2.450	1.450	0.000	1.01933646
-2.350	1.450	0.000	1.02023172
-2.250	1.450	0.000	1.02066505
-2.150	1.450	0.000	1.02200973
-2.050	1.450	0.000	1.02282476
-1.950	1.450	0.000	1.02341390
-1.850	1.450	0.000	1.02392149
-1.750	1.450	0.000	1.02423453
-1.650	1.450	0.000	1.02441645
-1.550	1.450	0.000	1.02435696
-1.450	1.450	0.000	1.02417576
-1.350	1.450	0.000	1.02391350
-1.250	1.450	0.000	1.02371728
-1.150	1.450	0.000	1.02356923
-1.050	1.450	0.000	1.02342737
-0.950	1.450	0.000	1.02321553
-0.850	1.450	0.000	1.02289307
-0.750	1.450	0.000	1.02249181
-0.650	1.450	0.000	1.02194571
-0.550	1.450	0.000	1.02128303
-0.450	1.450	0.000	1.02049363
-0.350	1.450	0.000	1.01980841
-0.250	1.450	0.000	1.01926219
-0.150	1.450	0.000	1.01900196
-0.050	1.450	0.000	1.01911163
0.050	1.450	0.000	1.01943922
0.150	1.450	0.000	1.01988482
0.250	1.450	0.000	1.02039039
0.350	1.450	0.000	1.02095878
0.450	1.450	0.000	1.02157760
0.550	1.450	0.000	1.02206826
0.650	1.450	0.000	1.02235270
0.750	1.450	0.000	1.02246499
0.850	1.450	0.000	1.02246618
0.950	1.450	0.000	1.02243757
1.050	1.450	0.000	1.02248120
1.150	1.450	0.000	1.02261853
1.250	1.450	0.000	1.02275157
1.350	1.450	0.000	1.02283323
1.450	1.450	0.000	1.02297640
1.550	1.450	0.000	1.02324188
1.650	1.450	0.000	1.02357578
1.750	1.450	0.000	1.02374923
1.850	1.450	0.000	1.02373433
1.950	1.450	0.000	1.02346551
2.050	1.450	0.000	1.02288687
2.150	1.450	0.000	1.02198970
2.250	1.450	0.000	1.02108192
2.350	1.450	0.000	1.02039516
2.450	1.450	0.000	1.01948488
-2.450	1.550	0.000	1.01893961
-2.350	1.550	0.000	1.02011383
-2.250	1.550	0.000	1.02060604
-2.150	1.550	0.000	1.02179885
-2.050	1.550	0.000	1.02249050
-1.950	1.550	0.000	1.02296960
-1.850	1.550	0.000	1.02356982
-1.750	1.550	0.000	1.02407026
-1.650	1.550	0.000	1.02443850
-1.550	1.550	0.000	1.02454019
-1.450	1.550	0.000	1.02443755
-1.350	1.550	0.000	1.02423275
-1.250	1.550	0.000	1.02406216
-1.150	1.550	0.000	1.02391684
-1.050	1.550	0.000	1.02376342
-0.950	1.550	0.000	1.02346802
-0.850	1.550	0.000	1.02313542
-0.750	1.550	0.000	1.02273536
-0.650	1.550	0.000	1.02224576
-0.550	1.550	0.000	1.02164161
-0.450	1.550	0.000	1.02090704
-0.350	1.550	0.000	1.02023530
-0.250	1.550	0.000	1.01964438
-0.150	1.550	0.000	1.01938903
-0.050	1.550	0.000	1.01943815
0.050	1.550	0.000	1.01972175
0.150	1.550	0.000	1.02019477
0.250	1.550	0.000	1.02077854
0.350	1.550	0.000	1.02142084
0.450	1.550	0.000	1.02206147
0.550	1.550	0.000	1.02252471
0.650	1.550	0.000	1.02274883
0.750	1.550	0.000	1.02278852
0.850	1.550	0.000	1.02273786
0.950	1.550	0.000	1.02270782
1.050	1.550	0.000	1.02276862
1.150	1.550	0.000	1.02292514
1.250	1.550	0.000	1.02302182
1.350	1.550	0.000	1.02306414
1.450	1.550	0.000	1.02317321
1.550	1.550	0.000	1.02338696
1.650	1.550	0.000	1.02367032
1.750	1.550	0.000	1.02384031
1.850	1.550	0.000	1.02379835
1.950	1.550	0.000	1.02350628
2.050	1.550	0.000	1.02296031
2.150	1.550	0.000	1.02212107
2.250	1.550	0.000	1.02124989
2.350	1.550	0.000	1.02057099
2.450	1.550	0.000	1.01965177
-2.450	1.650	0.000	1.01868331
-2.350	1.650	0.000	1.02024961
-2.250	1.650	0.000	1.02098322
-2.150	1.650	0.000	1.02191186
-2.050	1.650	0.000	1.02251124
-1.950	1.650	0.000	1.02286732
-1.850	1.650	0.000	1.02350247
-1.750	1.650	0.000	1.02412295
-1.650	1.650	0.000	1.02463973
-1.550	1.650	0.000	1.02488637
-1.450	1.650	0.000	1.02487004
-1.350	1.650	0.000	1.02466774
-1.250	1.650	0.000	1.02441263
-1.150	1.650	0.000	1.02424800
-1.050	1.650	0.000	1.02399969
-0.950	1.650	0.000	1.02373409
-0.850	1.650	0.000	1.02341080
-0.750	1.650	0.000	1.02301192
-0.650	1.650	0.000	1.02257562
-0.550	1.650	0.000	1.02205312
-0.450	1.650	0.000	1.02140152
-0.350	1.650	0.000	1.02082348
-0.250	1.650	0.000	1.02022290
-0.150	1.650	0.000	1.01993978
-0.050	1.650	0.000	1.01998460
0.050	1.650	0.000	1.02029765
0.150	1.650	0.000	1.02077878
0.250	1.650	0.000	1.02136302
0.350	1.650	0.000	1.02199543
0.450	1.650	0.000	1.02260530
0.550	1.650	0.000	1.02302790
0.650	1.650	0.000	1.02320135
0.750	1.650	0.000	1.02318811
0.850	1.650	0.000	1.02307165
0.950	1.650	0.000	1.02297091
1.050	1.650	0.000	1.02300203
1.150	1.650	0.000	1.02313757
1.250	1.650	0.000	1.02325726
1.350	1.650	0.000	1.02328563
1.450	1.650	0.000	1.02332854
1.550	1.650	0.000	1.02346420
1.650	1.650	0.000	1.02365327
1.750	1.650	0.000	1.02374125
1.850	1.650	0.000	1.02374828
1.950	1.650	0.000	1.02355695
2.050	1.650	0.000	1.02310073
2.150	1.650	0.000	1.02229416
2.250	1.650	0.000	1.02146351
2.350	1.650	0.000	1.02082098
2.450	1.650	0.000	1.01986325
-2.450	1.750	0.000	1.01848304
-2.350	1.750	0.000	1.02040541
-2.250	1.750	0.000	1.02165496
-2.150	1.750	0.000	1.02233469
-2.050	1.750	0.000	1.02282870
-1.950	1.750	0.000	1.02299702
-1.850	1.750	0.000	1.02353954
-1.750	1.750	0.000	1.02420664
-1.650	1.750	0.000	1.02483332
-1.550	1.750	0.000	1.02523041
-1.450	1.750	0.000	1.02534997
-1.350	1.750	0.000	1.02520347
-1.250	1.750	0.000	1.02497411
-1.150	1.750	0.000	1.02476454
-1.050	1.750	0.000	1.02450407
-0.950	1.750	0.000	1.02424216
-0.850	1.750	0.000	1.02393270
-0.750	1.750	0.000	1.02357745
-0.650	1.750	0.000	1.02322114
-0.550	1.750	0.000	1.02278996
-0.450	1.750	0.000	1.02224815
-0.350	1.750	0.000	1.02174282
-0.250	1.750	0.000	1.02119982
-0.150	1.750	0.000	1.02086759
-0.050	1.750	0.000	1.02084076
0.050	1.750	0.000	1.02105856
0.150	1.750	0.000	1.02148235
0.250	1.750	0.000	1.02205038
0.350	1.750	0.000	1.02269638
0.450	1.750	0.000	1.02329779
0.550	1.750	0.000	1.02372360
0.650	1.750	0.000	1.02392375
0.750	1.750	0.000	1.02396905
0.850	1.750	0.000	1.02391827
0.950	1.750	0.000	1.02386332
1.050	1.750	0.000	1.02388084
1.150	1.750	0.000	1.02393603
1.250	1.750	0.000	1.02395308
1.350	1.750	0.000	1.02386856
1.450	1.750	0.000	1.02382791
1.550	1.750	0.000	1.02392161
1.650	1.750	0.000	1.02404976
1.750	1.750	0.000	1.02400362
1.850	1.750	0.000	1.02388930
1.950	1.750	0.000	1.02362275
2.050	1.750	0.000	1.02312446
2.150	1.750	0.000	1.02240252
2.250	1.750	0.000	1.02165866
2.350	1.750	0.000	1.02111721
2.450	1.750	0.000	1.02019680
-2.450	1.850	0.000	1.01819015
-2.350	1.850	0.000	1.02050960
-2.250	1.850	0.000	1.02231455
-2.150	1.850	0.000	1.02290750
-2.050	1.850	0.000	1.02330458
-1.950	1.850	0.000	1.02331030
-1.850	1.850	0.000	1.02365911
-1.750	1.850	0.000	1.02427590
-1.650	1.850	0.000	1.02501988
-1.550	1.850	0.000	1.02564740
-1.450	1.850	0.000	1.02600968
-1.350	1.850	0.000	1.02605212
-1.250	1.850	0.000	1.02590072
-1.150	1.850	0.000	1.02571809
-1.050	1.850	0.000	1.02544808
-0.950	1.850	0.000	1.02517509
-0.850	1.850	0.000	1.02488947
-0.750	1.850	0.000	1.02455997
-0.650	1.850	0.000	1.02423859
-0.550	1.850	0.000	1.02388036
-0.450	1.850	0.000	1.02340865
-0.350	1.850	0.000	1.02299595
-0.250	1.850	0.000	1.02253807
-0.150	1.850	0.000	1.02217317
-0.050	1.850	0.000	1.02211809
0.050	1.850	0.000	1.02225018
0.150	1.850	0.000	1.02258444
0.250	1.850	0.000	1.02306902
0.350	1.850	0.000	1.02362621
0.450	1.850	0.000	1.02411294
0.550	1.850	0.000	1.02443266
0.650	1.850	0.000	1.02455938
0.750	1.850	0.000	1.02457893
0.850	1.850	0.000	1.02454424
0.950	1.850	0.000	1.02449667
1.050	1.850	0.000	1.02448797
1.150	1.850	0.000	1.02448058
1.250	1.850	0.000	1.02444255
1.350	1.850	0.000	1.02432442
1.450	1.850	0.000	1.02424550
1.550	1.850	0.000	1.02433324
1.650	1.850	0.000	1.02445388
1.750	1.850	0.000	1.02442372
1.850	1.850	0.000	1.02434707
1.950	1.850	0.000	1.02410960
2.050	1.850	0.000	1.02363813
2.150	1.850	0.000	1.02287138
2.250	1.850	0.000	1.02204108
2.350	1.850	0.000	1.02145851
2.450	1.850	0.000	1.02056634
-2.450	1.950	0.000	1.01780641
-2.350	1.950	0.000	1.02036428
-2.250	1.950	0.000	1.02280259
-2.150	1.950	0.000	1.02344179
-2.050	1.950	0.000	1.02373326
-1.950	1.950	0.000	1.02362442
-1.850	1.950	0.000	1.02375352
-1.750	1.950	0.000	1.02422369
-1.650	1.950	0.000	1.02494979
-1.550	1.950	0.000	1.02573192
-1.450	1.950	0.000	1.02635813
-1.350	1.950	0.000	1.02677596
-1.250	1.950	0.000	1.02692962
-1.150	1.950	0.000	1.02704346
-1.050	1.950	0.000	1.02696121
-0.950	1.950	0.000	1.02674127
-0.850	1.950	0.000	1.02645612
-0.750	1.950	0.000	1.02606761
-0.650	1.950	0.000	1.02568090
-0.550	1.950	0.000	1.02531135
-0.450	1.950	0.000	1.02481401
-0.350	1.950	0.000	1.02439010
-0.250	1.950	0.000	1.02397251
-0.150	1.950	0.000	1.02356553
-0.050	1.950	0.000	1.02348292
0.050	1.950	0.000	1.02353346
0.150	1.950	0.000	1.02378213
0.250	1.950	0.000	1.02419734
0.350	1.950	0.000	1.02469647
0.450	1.950	0.000	1.02513385
0.550	1.950	0.000	1.02542400
0.650	1.950	0.000	1.02554381
0.750	1.950	0.000	1.02554882
0.850	1.950	0.000	1.02548289
0.950	1.950	0.000	1.02538979
1.050	1.950	0.000	1.02531910
1.150	1.950	0.000	1.02525520
1.250	1.950	0.000	1.02518070
1.350	1.950	0.000	1.02504110
1.450	1.950	0.000	1.02492881
1.550	1.950	0.000	1.02499986
1.650	1.950	0.000	1.02514541
1.750	1.950	0.000	1.02520943
1.850	1.950	0.000	1.02515852
1.950	1.950	0.000	1.02496064
2.050	1.950	0.000	1.02445090
2.150	1.950	0.000	1.02363050
2.250	1.950	0.000	1.02276862
2.350	1.950	0.000	1.02217042
2.450	1.950	0.000	1.02125311
-2.450	2.050	0.000	1.01727068
-2.350	2.050	0.000	1.01982653
-2.250	2.050	0.000	1.02287507
-2.150	2.050	0.000	1.02393520
-2.050	2.050	0.000	1.02449071
-1.950	2.050	0.000	1.02444971
-1.850	2.050	0.000	1.02445066
-1.750	2.050	0.000	1.02468681
-1.650	2.050	0.000	1.02514029
-1.550	2.050	0.000	1.02573884
-1.450	2.050	0.000	1.02632070
-1.350	2.050	0.000	1.02682364
-1.250	2.050	0.000	1.02721596
-1.150	2.050	0.000	1.02760899
-1.050	2.050	0.000	1.02774549
-0.950	2.050	0.000	1.02768731
-0.850	2.050	0.000	1.02750421
-0.750	2.050	0.000	1.02716458
-0.650	2.050	0.000	1.02671349
-0.550	2.050	0.000	1.02624714
-0.450	2.050	0.000	1.02569520
-0.350	2.050	0.000	1.02522385
-0.250	2.050	0.000	1.02485073
-0.150	2.050	0.000	1.02448153
-0.050	2.050	0.000	1.02442539
0.050	2.050	0.000	1.02445841
0.150	2.050	0.000	1.02464163
0.250	2.050	0.000	1.02499068
0.350	2.050	0.000	1.02544677
0.450	2.050	0.000	1.02588153
0.550	2.050	0.000	1.02619934
0.650	2.050	0.000	1.02635300
0.750	2.050	0.000	1.02636647
0.850	2.050	0.000	1.02625930
0.950	2.050	0.000	1.02611113
1.050	2.050	0.000	1.02599120
1.150	2.050	0.000	1.02589273
1.250	2.050	0.000	1.02580154
1.350	2.050	0.000	1.02566814
1.450	2.050	0.000	1.02556419
1.550	2.050	0.000	1.02561450
1.650	2.050	0.000	1.02574956
1.750	2.050	0.000	1.02574980
1.850	2.050	0.000	1.02562070
1.950	2.050	0.000	1.02534544
2.050	2.050	0.000	1.02485430
2.150	2.050	0.000	1.02408814
2.250	2.050	0.000	1.02323782
2.350	2.050	0.000	1.02266061
2.450	2.050	0.000	1.02180052
-2.450	2.150	0.000	1.01660132
-2.350	2.150	0.000	1.01867020
-2.250	2.150	0.000	1.02188873
-2.150	2.150	0.000	1.02333546
-2.050	2.150	0.000	1.02429247
-1.950	2.150	0.000	1.02463555
-1.850	2.150	0.000	1.02478039
-1.750	2.150	0.000	1.02491617
-1.650	2.150	0.000	1.02523208
-1.550	2.150	0.000	1.02575266
-1.450	2.150	0.000	1.02630258
-1.350	2.150	0.000	1.02678192
-1.250	2.150	0.000	1.02720237
-1.150	2.150	0.000	1.02760589
-1.050	2.150	0.000	1.02782488
-0.950	2.150	0.000	1.02786267
-0.850	2.150	0.000	1.02783251
-0.750	2.150	0.000	1.02765036
-0.650	2.150	0.000	1.02726173
-0.550	2.150	0.000	1.02674937
-0.450	2.150	0.000	1.02613199
-0.350	2.150	0.000	1.02556837
-0.250	2.150	0.000	1.02516675
-0.150	2.150	0.000	1.02483404
-0.050	2.150	0.000	1.02484477
0.050	2.150	0.000	1.02496564
0.150	2.150	0.000	1.02521431
0.250	2.150	0.000	1.02557397
0.350	2.150	0.000	1.02601886
0.450	2.150	0.000	1.02647364
0.550	2.150	0.000	1.02685046
0.650	2.150	0.000	1.02708793
0.750	2.150	0.000	1.02715695
0.850	2.150	0.000	1.02707148
0.950	2.150	0.000	1.02690184
1.050	2.150	0.000	1.02672791
1.150	2.150	0.000	1.02660429
1.250	2.150	0.000	1.02653193
1.350	2.150	0.000	1.02645016
1.450	2.150	0.000	1.02635181
1.550	2.150	0.000	1.02632880
1.650	2.150	0.000	1.02632928
1.750	2.150	0.000	1.02612293
1.850	2.150	0.000	1.02588546
1.950	2.150	0.000	1.02555060
2.050	2.150	0.000	1.02511454
2.150	2.150	0.000	1.02443492
2.250	2.150	0.000	1.02362752
2.350	2.150	0.000	1.02306736
2.450	2.150	0.000	1.02230537
-2.450	2.250	0.000	1.01636672
-2.350	2.250	0.000	1.01771712
-2.250	2.250	0.000	1.02086461
-2.150	2.250	0.000	1.02301514
-2.050	2.250	0.000	1.02449822
-1.950	2.250	0.000	1.02516615
-1.850	2.250	0.000	1.02530289
-1.750	2.250	0.000	1.02518165
-1.650	2.250	0.000	1.02503693
-1.550	2.250	0.000	1.02501273
-1.450	2.250	0.000	1.02521336
-1.350	2.250	0.000	1.02560318
-1.250	2.250	0.000	1.02603626
-1.150	2.250	0.000	1.02655542
-1.050	2.250	0.000	1.02700818
-0.950	2.250	0.000	1.02726269
-0.850	2.250	0.000	1.02746749
-0.750	2.250	0.000	1.02748621
-0.650	2.250	0.000	1.02722991
-0.550	2.250	0.000	1.02681947
-0.450	2.250	0.000	1.02625656
-0.350	2.250	0.000	1.02565801
-0.250	2.250	0.000	1.02520096
-0.150	2.250	0.000	1.02481902
-0.050	2.250	0.000	1.02481353
0.050	2.250	0.000	1.02495420
0.150	2.250	0.000	1.02523077
0.250	2.250	0.000	1.02561677
0.350	2.250	0.000	1.02608252
0.450	2.250	0.000	1.02659535
0.550	2.250	0.000	1.02708578
0.650	2.250	0.000	1.02747560
0.750	2.250	0.000	1.02767670
0.850	2.250	0.000	1.02769709
0.950	2.250	0.000	1.02757585
1.050	2.250	0.000	1.02739167
1.150	2.250	0.000	1.02721000
1.250	2.250	0.000	1.02709961
1.350	2.250	0.000	1.02698541
1.450	2.250	0.000	1.02683938
1.550	2.250	0.000	1.02670586
1.650	2.250	0.000	1.02654982
1.750	2.250	0.000	1.02621830
1.850	2.250	0.000	1.02585757
1.950	2.250	0.000	1.02543938
2.050	2.250	0.000	1.02498460
2.150	2.250	0.000	1.02437878
2.250	2.250	0.000	1.02371359
2.350	2.250	0.000	1.02321267
2.450	2.250	0.000	1.02254844
-2.450	2.350	0.000	1.01529014
-2.350	2.350	0.000	1.01506746
-2.250	2.350	0.000	1.01730633
-2.150	2.350	0.000	1.01952052
-2.050	2.350	0.000	1.02163827
-1.950	2.350	0.000	1.02316511
-1.850	2.350	0.000	1.02399504
-1.750	2.350	0.000	1.02426004
-1.650	2.350	0.000	1.02429450
-1.550	2.350	0.000	1.02433729
-1.450	2.350	0.000	1.02445269
-1.350	2.350	0.000	1.02460492
-1.250	2.350	0.000	1.02486789
-1.150	2.350	0.000	1.02527261
-1.050	2.350	0.000	1.02576876
-0.950	2.350	0.000	1.02618933
-0.850	2.350	0.000	1.02658558
-0.750	2.350	0.000	1.02691150
-0.650	2.350	0.000	1.02686083
-0.550	2.350	0.000	1.02663851
-0.450	2.350	0.000	1.02618253
-0.350	2.350	0.000	1.02559888
-0.250	2.350	0.000	1.02511585
-0.150	2.350	0.000	1.02472353
-0.050	2.350	0.000	1.02471173
0.050	2.350	0.000	1.02488470
0.150	2.350	0.000	1.02522242
0.250	2.350	0.000	1.02565050
0.350	2.350	0.000	1.02612162
0.450	2.350	0.000	1.02663231
0.550	2.350	0.000	1.02712691
0.650	2.350	0.000	1.02755344
0.750	2.350	0.000	1.02785182
0.850	2.350	0.000	1.02799594
0.950	2.350	0.000	1.02795601
1.050	2.350	0.000	1.02784014
1.150	2.350	0.000	1.02765822
1.250	2.350	0.000	1.02750695
1.350	2.350	0.000	1.02736545
1.450	2.350	0.000	1.02719986
1.550	2.350	0.000	1.02696931
1.650	2.350	0.000	1.02667141
1.750	2.350	0.000	1.02625704
1.850	2.350	0.000	1.02584028
1.950	2.350	0.000	1.02539659
2.050	2.350	0.000	1.02496362
2.150	2.350	0.000	1.02444530
2.250	2.350	0.000	1.02383137
2.350	2.350	0.000	1.02336144
2.450	2.350	0.000	1.02277660
-2.450	2.450	0.000	1.01672518
-2.350	2.450	0.000	1.01546872
-2.250	2.450	0.000	1.01624620
-2.150	2.450	0.000	1.01730132
-2.050	2.450	0.000	1.01868224
-1.950	2.450	0.000	1.02024996
-1.850	2.450	0.000	1.02165926
-1.750	2.450	0.000	1.02281368
-1.650	2.450	0.000	1.02366912
-1.550	2.450	0.000	1.02423441
-1.450	2.450	0.000	1.02462745
-1.350	2.450	0.000	1.02490878
-1.250	2.450	0.000	1.02515793
-1.150	2.450	0.000	1.02544081
-1.050	2.450	0.000	1.02577269
-0.950	2.450	0.000	1.02610815
-0.850	2.450	0.000	1.02641678
-0.750	2.450	0.000	1.02673721
-0.650	2.450	0.000	1.02674544
-0.550	2.450	0.000	1.02658176
-0.450	2.450	0.000	1.02617538
-0.350	2.450	0.000	1.02560723
-0.250	2.450	0.000	1.02508473
-0.150	2.450	0.000	1.02461970
-0.050	2.450	0.000	1.02451658
0.050	2.450	0.000	1.02463269
0.150	2.450	0.000	1.02496004
0.250	2.450	0.000	1.02538157
0.350	2.450	0.000	1.02583146
0.450	2.450	0.000	1.02633369
0.550	2.450	0.000	1.02683508
0.650	2.450	0.000	1.02728927
0.750	2.450	0.000	1.02764928
0.850	2.450	0.000	1.02789724
0.950	2.450	0.000	1.02800202
1.050	2.450	0.000	1.02806175
1.150	2.450	0.000	1.02805758
1.250	2.450	0.000	1.02802813
1.350	2.450	0.000	1.02794933
1.450	2.450	0.000	1.02779543
1.550	2.450	0.000	1.02746069
1.650	2.450	0.000	1.02708495
1.750	2.450	0.000	1.02658868
1.850	2.450	0.000	1.02606726
1.950	2.450	0.000	1.02552092
2.050	2.450	0.000	1.02504170
2.150	2.450	0.000	1.02453160
2.250	2.450	0.000	1.02404487
2.350	2.450	0.000	1.02363765
2.450	2.450	0.000	1.02310967
