-2.450	-2.450	0.000	1.02654338
-2.350	-2.450	0.000	1.02698636
-2.250	-2.450	0.000	1.02781045
-2.150	-2.450	0.000	1.02885962
-2.050	-2.450	0.000	1.03003490
-1.950	-2.450	0.000	1.03118408
-1.850	-2.450	0.000	1.03226721
-1.750	-2.450	0.000	1.03321755
-1.650	-2.450	0.000	1.03399873
-1.550	-2.450	0.000	1.03447247
-1.450	-2.450	0.000	1.03465509
-1.350	-2.450	0.000	1.03456700
-1.250	-2.450	0.000	1.03432453
-1.150	-2.450	0.000	1.03397655
-1.050	-2.450	0.000	1.03371942
-0.950	-2.450	0.000	1.03370321
-0.850	-2.450	0.000	1.03388965
-0.750	-2.450	0.000	1.03416622
-0.650	-2.450	0.000	1.03430843
-0.550	-2.450	0.000	1.03434837
-0.450	-2.450	0.000	1.03425002
-0.350	-2.450	0.000	1.03399682
-0.250	-2.450	0.000	1.03372860
-0.150	-2.450	0.000	1.03351784
-0.050	-2.450	0.000	1.03332937
0.050	-2.450	0.000	1.03309333
0.150	-2.450	0.000	1.03282487
0.250	-2.450	0.000	1.03253841
0.350	-2.450	0.000	1.03225529
0.450	-2.450	0.000	1.03198266
0.550	-2.450	0.000	1.03174341
0.650	-2.450	0.000	1.03160512
0.750	-2.450	0.000	1.03156257
0.850	-2.450	0.000	1.03159535
0.950	-2.450	0.000	1.03165114
1.050	-2.450	0.000	1.03169918
1.150	-2.450	0.000	1.03165650
1.250	-2.450	0.000	1.03154182
1.350	-2.450	0.000	1.03145051
1.450	-2.450	0.000	1.03140402
1.550	-2.450	0.000	1.03134978
1.650	-2.450	0.000	1.03106201
1.750	-2.450	0.000	1.03049612
1.850	-2.450	0.000	1.02970529
1.950	-2.450	0.000	1.02892780
2.050	-2.450	0.000	1.02842748
2.150	-2.450	0.000	1.02852058
2.250	-2.450	0.000	1.02869225
2.350	-2.450	0.000	1.02917671
2.450	-2.450	0.000	1.02879298
-2.450	-2.350	0.000	1.02832830
-2.350	-2.350	0.000	1.02872682
-2.250	-2.350	0.000	1.02955270
-2.150	-2.350	0.000	1.03069329
-2.050	-2.350	0.000	1.03195202
-1.950	-2.350	0.000	1.03318560
-1.850	-2.350	0.000	1.03434193
-1.750	-2.350	0.000	1.03533232
-1.650	-2.350	0.000	1.03611040
-1.550	-2.350	0.000	1.03655756
-1.450	-2.350	0.000	1.03672504
-1.350	-2.350	0.000	1.03663397
-1.250	-2.350	0.000	1.03638446
-1.150	-2.350	0.000	1.03605020
-1.050	-2.350	0.000	1.03572917
-0.950	-2.350	0.000	1.03563786
-0.850	-2.350	0.000	1.03569698
-0.750	-2.350	0.000	1.03579891
-0.650	-2.350	0.000	1.03577995
-0.550	-2.350	0.000	1.03565419
-0.450	-2.350	0.000	1.03537071
-0.350	-2.350	0.000	1.03499794
-0.250	-2.350	0.000	1.03464472
-0.150	-2.350	0.000	1.03436673
-0.050	-2.350	0.000	1.03409469
0.050	-2.350	0.000	1.03379118
0.150	-2.350	0.000	1.03344989
0.250	-2.350	0.000	1.03312230
0.350	-2.350	0.000	1.03281176
0.450	-2.350	0.000	1.03251588
0.550	-2.350	0.000	1.03224659
0.650	-2.350	0.000	1.03205574
0.750	-2.350	0.000	1.03196657
0.850	-2.350	0.000	1.03194630
0.950	-2.350	0.000	1.03197098
1.050	-2.350	0.000	1.03198349
1.150	-2.350	0.000	1.03192365
1.250	-2.350	0.000	1.03182471
1.350	-2.350	0.000	1.03174305
1.450	-2.350	0.000	1.03173423
1.550	-2.350	0.000	1.03167558
1.650	-2.350	0.000	1.03140831
1.750	-2.350	0.000	1.03088748
1.850	-2.350	0.000	1.03012550
1.950	-2.350	0.000	1.02930856
2.050	-2.350	0.000	1.02865779
2.150	-2.350	0.000	1.02854717
2.250	-2.350	0.000	1.02850950
2.350	-2.350	0.000	1.02872074
2.450	-2.350	0.000	1.02827692
-2.450	-2.250	0.000	1.02917504
-2.350	-2.250	0.000	1.02952838
-2.250	-2.250	0.000	1.03034723
-2.150	-2.250	0.000	1.03152120
-2.050	-2.250	0.000	1.03280556
-1.950	-2.250	0.000	1.03405201
-1.850	-2.250	0.000	1.03521395
-1.750	-2.250	0.000	1.03621292
-1.650	-2.250	0.000	1.03701723
-1.550	-2.250	0.000	1.03746760
-1.450	-2.250	0.000	1.03768170
-1.350	-2.250	0.000	1.03761244
-1.250	-2.250	0.000	1.03738177
-1.150	-2.250	0.000	1.03707790
-1.050	-2.250	0.000	1.03677154
-0.950	-2.250	0.000	1.03665948
-0.850	-2.250	0.000	1.03668118
-0.750	-2.250	0.000	1.03672361
-0.650	-2.250	0.000	1.03665078
-0.550	-2.250	0.000	1.03644884
-0.450	-2.250	0.000	1.03607821
-0.350	-2.250	0.000	1.03561342
-0.250	-2.250	0.000	1.03517163
-0.150	-2.250	0.000	1.03480577
-0.050	-2.250	0.000	1.03447616
0.050	-2.250	0.000	1.03413618
0.150	-2.250	0.000	1.03376794
0.250	-2.250	0.000	1.03340340
0.350	-2.250	0.000	1.03306782
0.450	-2.250	0.000	1.03277493
0.550	-2.250	0.000	1.03254128
0.650	-2.250	0.000	1.03236318
0.750	-2.250	0.000	1.03226006
0.850	-2.250	0.000	1.03222704
0.950	-2.250	0.000	1.03222859
1.050	-2.250	0.000	1.03220809
1.150	-2.250	0.000	1.03211737
1.250	-2.250	0.000	1.03199124
1.350	-2.250	0.000	1.03186691
1.450	-2.250	0.000	1.03179884
1.550	-2.250	0.000	1.03166854
1.650	-2.250	0.000	1.03132534
1.750	-2.250	0.000	1.03075683
1.850	-2.250	0.000	1.02996159
1.950	-2.250	0.000	1.02913177
2.050	-2.250	0.000	1.02849257
2.150	-2.250	0.000	1.02838564
2.250	-2.250	0.000	1.02829981
2.350	-2.250	0.000	1.02849281
2.450	-2.250	0.000	1.02800679
-2.450	-2.150	0.000	1.03018379
-2.350	-2.150	0.000	1.03050101
-2.250	-2.150	0.000	1.03129303
-2.150	-2.150	0.000	1.03247297
-2.050	-2.150	0.000	1.03379023
-1.950	-2.150	0.000	1.03508496
-1.850	-2.150	0.000	1.03629005
-1.750	-2.150	0.000	1.03732717
-1.650	-2.150	0.000	1.03815877
-1.550	-2.150	0.000	1.03861070
-1.450	-2.150	0.000	1.03887546
-1.350	-2.150	0.000	1.03882372
-1.250	-2.150	0.000	1.03861248
-1.150	-2.150	0.000	1.03833425
-1.050	-2.150	0.000	1.03803587
-0.950	-2.150	0.000	1.03785527
-0.850	-2.150	0.000	1.03779578
-0.750	-2.150	0.000	1.03773928
-0.650	-2.150	0.000	1.03760183
-0.550	-2.150	0.000	1.03732145
-0.450	-2.150	0.000	1.03688073
-0.350	-2.150	0.000	1.03635728
-0.250	-2.150	0.000	1.03583753
-0.150	-2.150	0.000	1.03537381
-0.050	-2.150	0.000	1.03494132
0.050	-2.150	0.000	1.03450334
0.150	-2.150	0.000	1.03404069
0.250	-2.150	0.000	1.03357875
0.350	-2.150	0.000	1.03316760
0.450	-2.150	0.000	1.03285217
0.550	-2.150	0.000	1.03264236
0.650	-2.150	0.000	1.03250670
0.750	-2.150	0.000	1.03241372
0.850	-2.150	0.000	1.03236055
0.950	-2.150	0.000	1.03234375
1.050	-2.150	0.000	1.03231919
1.150	-2.150	0.000	1.03224492
1.250	-2.150	0.000	1.03213024
1.350	-2.150	0.000	1.03201270
1.450	-2.150	0.000	1.03191566
1.550	-2.150	0.000	1.03169882
1.650	-2.150	0.000	1.03128839
1.750	-2.150	0.000	1.03066289
1.850	-2.150	0.000	1.02980959
1.950	-2.150	0.000	1.02898872
2.050	-2.150	0.000	1.02834666
2.150	-2.150	0.000	1.02820098
2.250	-2.150	0.000	1.02806926
2.350	-2.150	0.000	1.02824235
2.450	-2.150	0.000	1.02780020
-2.450	-2.050	0.000	1.03100920
-2.350	-2.050	0.000	1.03131533
-2.250	-2.050	0.000	1.03209364
-2.150	-2.050	0.000	1.03324568
-2.050	-2.050	0.000	1.03455627
-1.950	-2.050	0.000	1.03585768
-1.850	-2.050	0.000	1.03707230
-1.750	-2.050	0.000	1.03812373
-1.650	-2.050	0.000	1.03898764
-1.550	-2.050	0.000	1.03946471
-1.450	-2.050	0.000	1.03978395
-1.350	-2.050	0.000	1.03976309
-1.250	-2.050	0.000	1.03958797
-1.150	-2.050	0.000	1.03935504
-1.050	-2.050	0.000	1.03907764
-0.950	-2.050	0.000	1.03886580
-0.850	-2.050	0.000	1.03873670
-0.750	-2.050	0.000	1.03860819
-0.650	-2.050	0.000	1.03839886
-0.550	-2.050	0.000	1.03803980
-0.450	-2.050	0.000	1.03751731
-0.350	-2.050	0.000	1.03693247
-0.250	-2.050	0.000	1.03637576
-0.150	-2.050	0.000	1.03587043
-0.050	-2.050	0.000	1.03538609
0.050	-2.050	0.000	1.03487837
0.150	-2.050	0.000	1.03434670
0.250	-2.050	0.000	1.03384221
0.350	-2.050	0.000	1.03340673
0.450	-2.050	0.000	1.03306210
0.550	-2.050	0.000	1.03280449
0.650	-2.050	0.000	1.03263474
0.750	-2.050	0.000	1.03253078
0.850	-2.050	0.000	1.03246617
0.950	-2.050	0.000	1.03242242
1.050	-2.050	0.000	1.03239000
1.150	-2.050	0.000	1.03233433
1.250	-2.050	0.000	1.03224313
1.350	-2.050	0.000	1.03212142
1.450	-2.050	0.000	1.03195703
1.550	-2.050	0.000	1.03166032
1.650	-2.050	0.000	1.03118730
1.750	-2.050	0.000	1.03051329
1.850	-2.050	0.000	1.02964032
1.950	-2.050	0.000	1.02881265
2.050	-2.050	0.000	1.02822292
2.150	-2.050	0.000	1.02808857
2.250	-2.050	0.000	1.02793574
2.350	-2.050	0.000	1.02810967
2.450	-2.050	0.000	1.02771664
-2.450	-1.950	0.000	1.03164780
-2.350	-1.950	0.000	1.03195345
-2.250	-1.950	0.000	1.03273022
-2.150	-1.950	0.000	1.03387511
-2.050	-1.950	0.000	1.03518593
-1.950	-1.950	0.000	1.03648925
-1.850	-1.950	0.000	1.03769946
-1.750	-1.950	0.000	1.03875172
-1.650	-1.950	0.000	1.03961778
-1.550	-1.950	0.000	1.04012966
-1.450	-1.950	0.000	1.04050446
-1.350	-1.950	0.000	1.04055560
-1.250	-1.950	0.000	1.04041374
-1.150	-1.950	0.000	1.04022861
-1.050	-1.950	0.000	1.03996634
-0.950	-1.950	0.000	1.03973079
-0.850	-1.950	0.000	1.03953648
-0.750	-1.950	0.000	1.03932559
-0.650	-1.950	0.000	1.03904033
-0.550	-1.950	0.000	1.03859925
-0.450	-1.950	0.000	1.03800738
-0.350	-1.950	0.000	1.03736627
-0.250	-1.950	0.000	1.03674185
-0.150	-1.950	0.000	1.03616786
-0.050	-1.950	0.000	1.03562951
0.050	-1.950	0.000	1.03509176
0.150	-1.950	0.000	1.03454590
0.250	-1.950	0.000	1.03403234
0.350	-1.950	0.000	1.03359509
0.450	-1.950	0.000	1.03325236
0.550	-1.950	0.000	1.03300989
0.650	-1.950	0.000	1.03283727
0.750	-1.950	0.000	1.03269982
0.850	-1.950	0.000	1.03259063
0.950	-1.950	0.000	1.03250349
1.050	-1.950	0.000	1.03244913
1.150	-1.950	0.000	1.03240240
1.250	-1.950	0.000	1.03231001
1.350	-1.950	0.000	1.03216553
1.450	-1.950	0.000	1.03197491
1.550	-1.950	0.000	1.03165615
1.650	-1.950	0.000	1.03115559
1.750	-1.950	0.000	1.03049707
1.850	-1.950	0.000	1.02963662
1.950	-1.950	0.000	1.02885520
2.050	-1.950	0.000	1.02828884
2.150	-1.950	0.000	1.02815366
2.250	-1.950	0.000	1.02799690
2.350	-1.950	0.000	1.02819133
2.450	-1.950	0.000	1.02790153
-2.450	-1.850	0.000	1.03206587
-2.350	-1.850	0.000	1.03239858
-2.250	-1.850	0.000	1.03320420
-2.150	-1.850	0.000	1.03433120
-2.050	-1.850	0.000	1.03561628
-1.950	-1.850	0.000	1.03690970
-1.850	-1.850	0.000	1.03809285
-1.750	-1.850	0.000	1.03911495
-1.650	-1.850	0.000	1.03995454
-1.550	-1.850	0.000	1.04048610
-1.450	-1.850	0.000	1.04090989
-1.350	-1.850	0.000	1.04105937
-1.250	-1.850	0.000	1.04100871
-1.150	-1.850	0.000	1.04088092
-1.050	-1.850	0.000	1.04063070
-0.950	-1.850	0.000	1.04037702
-0.850	-1.850	0.000	1.04012907
-0.750	-1.850	0.000	1.03984487
-0.650	-1.850	0.000	1.03946245
-0.550	-1.850	0.000	1.03895128
-0.450	-1.850	0.000	1.03830934
-0.350	-1.850	0.000	1.03761864
-0.250	-1.850	0.000	1.03693819
-0.150	-1.850	0.000	1.03629875
-0.050	-1.850	0.000	1.03569746
0.050	-1.850	0.000	1.03513396
0.150	-1.850	0.000	1.03461134
0.250	-1.850	0.000	1.03415072
0.350	-1.850	0.000	1.03376710
0.450	-1.850	0.000	1.03347588
0.550	-1.850	0.000	1.03326213
0.650	-1.850	0.000	1.03309691
0.750	-1.850	0.000	1.03295422
0.850	-1.850	0.000	1.03283060
0.950	-1.850	0.000	1.03272486
1.050	-1.850	0.000	1.03262854
1.150	-1.850	0.000	1.03252804
1.250	-1.850	0.000	1.03239858
1.350	-1.850	0.000	1.03222227
1.450	-1.850	0.000	1.03198564
1.550	-1.850	0.000	1.03161907
1.650	-1.850	0.000	1.03111672
1.750	-1.850	0.000	1.03051305
1.850	-1.850	0.000	1.02974319
1.950	-1.850	0.000	1.02902412
2.050	-1.850	0.000	1.02848923
2.150	-1.850	0.000	1.02833498
2.250	-1.850	0.000	1.02816665
2.350	-1.850	0.000	1.02835190
2.450	-1.850	0.000	1.02817130
-2.450	-1.750	0.000	1.03221083
-2.350	-1.750	0.000	1.03258061
-2.250	-1.750	0.000	1.03339982
-2.150	-1.750	0.000	1.03450429
-2.050	-1.750	0.000	1.03576076
-1.950	-1.750	0.000	1.03702283
-1.850	-1.750	0.000	1.03816140
-1.750	-1.750	0.000	1.03914964
-1.650	-1.750	0.000	1.03997743
-1.550	-1.750	0.000	1.04055464
-1.450	-1.750	0.000	1.04100549
-1.350	-1.750	0.000	1.04125094
-1.250	-1.750	0.000	1.04127550
-1.150	-1.750	0.000	1.04123366
-1.050	-1.750	0.000	1.04105210
-0.950	-1.750	0.000	1.04079854
-0.850	-1.750	0.000	1.04050088
-0.750	-1.750	0.000	1.04012656
-0.650	-1.750	0.000	1.03964341
-0.550	-1.750	0.000	1.03904378
-0.450	-1.750	0.000	1.03833461
-0.350	-1.750	0.000	1.03758204
-0.250	-1.750	0.000	1.03684604
-0.150	-1.750	0.000	1.03617060
-0.050	-1.750	0.000	1.03557134
0.050	-1.750	0.000	1.03503668
0.150	-1.750	0.000	1.03456724
0.250	-1.750	0.000	1.03418136
0.350	-1.750	0.000	1.03389525
0.450	-1.750	0.000	1.03369248
0.550	-1.750	0.000	1.03354430
0.650	-1.750	0.000	1.03341651
0.750	-1.750	0.000	1.03328717
0.850	-1.750	0.000	1.03314841
0.950	-1.750	0.000	1.03300393
1.050	-1.750	0.000	1.03287327
1.150	-1.750	0.000	1.03275001
1.250	-1.750	0.000	1.03258514
1.350	-1.750	0.000	1.03233135
1.450	-1.750	0.000	1.03199434
1.550	-1.750	0.000	1.03158462
1.650	-1.750	0.000	1.03110111
1.750	-1.750	0.000	1.03056347
1.850	-1.750	0.000	1.02988291
1.950	-1.750	0.000	1.02923322
2.050	-1.750	0.000	1.02876723
2.150	-1.750	0.000	1.02863431
2.250	-1.750	0.000	1.02848303
2.350	-1.750	0.000	1.02865458
2.450	-1.750	0.000	1.02852857
-2.450	-1.650	0.000	1.03217709
-2.350	-1.650	0.000	1.03256464
-2.250	-1.650	0.000	1.03336787
-2.150	-1.650	0.000	1.03442907
-2.050	-1.650	0.000	1.03564906
-1.950	-1.650	0.000	1.03688240
-1.850	-1.650	0.000	1.03800237
-1.750	-1.650	0.000	1.03897560
-1.650	-1.650	0.000	1.03979564
-1.550	-1.650	0.000	1.04037738
-1.450	-1.650	0.000	1.04085231
-1.350	-1.650	0.000	1.04116035
-1.250	-1.650	0.000	1.04126096
-1.150	-1.650	0.000	1.04128504
-1.050	-1.650	0.000	1.04116142
-0.950	-1.650	0.000	1.04094744
-0.850	-1.650	0.000	1.04064333
-0.750	-1.650	0.000	1.04021156
-0.650	-1.650	0.000	1.03964806
-0.550	-1.650	0.000	1.03896165
-0.450	-1.650	0.000	1.03815782
-0.350	-1.650	0.000	1.03730118
-0.250	-1.650	0.000	1.03646874
-0.150	-1.650	0.000	1.03576124
-0.050	-1.650	0.000	1.03519630
0.050	-1.650	0.000	1.03473377
0.150	-1.650	0.000	1.03436196
0.250	-1.650	0.000	1.03407311
0.350	-1.650	0.000	1.03388715
0.450	-1.650	0.000	1.03378332
0.550	-1.650	0.000	1.03372490
0.650	-1.650	0.000	1.03367221
0.750	-1.650	0.000	1.03359401
0.850	-1.650	0.000	1.03348315
0.950	-1.650	0.000	1.03335547
1.050	-1.650	0.000	1.03321743
1.150	-1.650	0.000	1.03304052
1.250	-1.650	0.000	1.03279734
1.350	-1.650	0.000	1.03246653
1.450	-1.650	0.000	1.03205955
1.550	-1.650	0.000	1.03160369
1.650	-1.650	0.000	1.03109980
1.750	-1.650	0.000	1.03059936
1.850	-1.650	0.000	1.03001189
1.950	-1.650	0.000	1.02944303
2.050	-1.650	0.000	1.02904284
2.150	-1.650	0.000	1.02892447
2.250	-1.650	0.000	1.02880979
2.350	-1.650	0.000	1.02895904
2.450	-1.650	0.000	1.02886164
-2.450	-1.550	0.000	1.03189480
-2.350	-1.550	0.000	1.03229666
-2.250	-1.550	0.000	1.03306651
-2.150	-1.550	0.000	1.03408659
-2.050	-1.550	0.000	1.03528810
-1.950	-1.550	0.000	1.03651977
-1.850	-1.550	0.000	1.03765273
-1.750	-1.550	0.000	1.03865302
-1.650	-1.550	0.000	1.03947735
-1.550	-1.550	0.000	1.04003990
-1.450	-1.550	0.000	1.04054070
-1.350	-1.550	0.000	1.04090393
-1.250	-1.550	0.000	1.04106760
-1.150	-1.550	0.000	1.04114187
-1.050	-1.550	0.000	1.04108965
-0.950	-1.550	0.000	1.04092336
-0.850	-1.550	0.000	1.04063237
-0.750	-1.550	0.000	1.04015791
-0.650	-1.550	0.000	1.03951335
-0.550	-1.550	0.000	1.03870511
-0.450	-1.550	0.000	1.03778839
-0.350	-1.550	0.000	1.03683043
-0.250	-1.550	0.000	1.03592241
-0.150	-1.550	0.000	1.03520143
-0.050	-1.550	0.000	1.03472960
0.050	-1.550	0.000	1.03435266
0.150	-1.550	0.000	1.03407669
0.250	-1.550	0.000	1.03388643
0.350	-1.550	0.000	1.03378737
0.450	-1.550	0.000	1.03375614
0.550	-1.550	0.000	1.03377545
0.650	-1.550	0.000	1.03379691
0.750	-1.550	0.000	1.03378654
0.850	-1.550	0.000	1.03374267
0.950	-1.550	0.000	1.03365421
1.050	-1.550	0.000	1.03351247
1.150	-1.550	0.000	1.03330362
1.250	-1.550	0.000	1.03301430
1.350	-1.550	0.000	1.03264093
1.450	-1.550	0.000	1.03218389
1.550	-1.550	0.000	1.03168094
1.650	-1.550	0.000	1.03114033
1.750	-1.550	0.000	1.03063464
1.850	-1.550	0.000	1.03011549
1.950	-1.550	0.000	1.02962196
2.050	-1.550	0.000	1.02927887
2.150	-1.550	0.000	1.02917314
2.250	-1.550	0.000	1.02909505
2.350	-1.550	0.000	1.02922630
2.450	-1.550	0.000	1.02912545
-2.450	-1.450	0.000	1.03103054
-2.350	-1.450	0.000	1.03145683
-2.250	-1.450	0.000	1.03219819
-2.150	-1.450	0.000	1.03318179
-2.050	-1.450	0.000	1.03436673
-1.950	-1.450	0.000	1.03557873
-1.850	-1.450	0.000	1.03668094
-1.750	-1.450	0.000	1.03763628
-1.650	-1.450	0.000	1.03841186
-1.550	-1.450	0.000	1.03895485
-1.450	-1.450	0.000	1.03948152
-1.350	-1.450	0.000	1.03991318
-1.250	-1.450	0.000	1.04016745
-1.150	-1.450	0.000	1.04037392
-1.050	-1.450	0.000	1.04046702
-0.950	-1.450	0.000	1.04049969
-0.850	-1.450	0.000	1.04033983
-0.750	-1.450	0.000	1.03992796
-0.650	-1.450	0.000	1.03922057
-0.550	-1.450	0.000	1.03830457
-0.450	-1.450	0.000	1.03724182
-0.350	-1.450	0.000	1.03612506
-0.250	-1.450	0.000	1.03511572
-0.150	-1.450	0.000	1.03448117
-0.050	-1.450	0.000	1.03412294
0.050	-1.450	0.000	1.03389680
0.150	-1.450	0.000	1.03374791
0.250	-1.450	0.000	1.03366315
0.350	-1.450	0.000	1.03364921
0.450	-1.450	0.000	1.03366077
0.550	-1.450	0.000	1.03372252
0.650	-1.450	0.000	1.03378940
0.750	-1.450	0.000	1.03383291
0.850	-1.450	0.000	1.03383756
0.950	-1.450	0.000	1.03379405
1.050	-1.450	0.000	1.03368306
1.150	-1.450	0.000	1.03348184
1.250	-1.450	0.000	1.03318107
1.350	-1.450	0.000	1.03278768
1.450	-1.450	0.000	1.03231239
1.550	-1.450	0.000	1.03178346
1.650	-1.450	0.000	1.03121758
1.750	-1.450	0.000	1.03068745
1.850	-1.450	0.000	1.03018773
1.950	-1.450	0.000	1.02976620
2.050	-1.450	0.000	1.02944875
2.150	-1.450	0.000	1.02935064
2.250	-1.450	0.000	1.02928948
2.350	-1.450	0.000	1.02940333
2.450	-1.450	0.000	1.02929425
-2.450	-1.350	0.000	1.02987933
-2.350	-1.350	0.000	1.03032815
-2.250	-1.350	0.000	1.03103065
-2.150	-1.350	0.000	1.03193855
-2.050	-1.350	0.000	1.03304350
-1.950	-1.350	0.000	1.03419089
-1.850	-1.350	0.000	1.03524733
-1.750	-1.350	0.000	1.03618300
-1.650	-1.350	0.000	1.03692615
-1.550	-1.350	0.000	1.03746748
-1.450	-1.350	0.000	1.03804612
-1.350	-1.350	0.000	1.03848040
-1.250	-1.350	0.000	1.03887582
-1.150	-1.350	0.000	1.03923607
-1.050	-1.350	0.000	1.03941858
-0.950	-1.350	0.000	1.03954840
-0.850	-1.350	0.000	1.03939629
-0.750	-1.350	0.000	1.03902149
-0.650	-1.350	0.000	1.03826129
-0.550	-1.350	0.000	1.03726423
-0.450	-1.350	0.000	1.03609550
-0.350	-1.350	0.000	1.03486049
-0.250	-1.350	0.000	1.03391802
-0.150	-1.350	0.000	1.03360367
-0.050	-1.350	0.000	1.03344119
0.050	-1.350	0.000	1.03342545
0.150	-1.350	0.000	1.03347003
0.250	-1.350	0.000	1.03351450
0.350	-1.350	0.000	1.03355026
0.450	-1.350	0.000	1.03356910
0.550	-1.350	0.000	1.03363848
0.650	-1.350	0.000	1.03370857
0.750	-1.350	0.000	1.03376377
0.850	-1.350	0.000	1.03378892
0.950	-1.350	0.000	1.03375113
1.050	-1.350	0.000	1.03364182
1.150	-1.350	0.000	1.03345823
1.250	-1.350	0.000	1.03319085
1.350	-1.350	0.000	1.03282678
1.450	-1.350	0.000	1.03237009
1.550	-1.350	0.000	1.03185368
1.650	-1.350	0.000	1.03130889
1.750	-1.350	0.000	1.03078604
1.850	-1.350	0.000	1.03029954
1.950	-1.350	0.000	1.02992094
2.050	-1.350	0.000	1.02957118
2.150	-1.350	0.000	1.02943850
2.250	-1.350	0.000	1.02936077
2.350	-1.350	0.000	1.02942550
2.450	-1.350	0.000	1.02932978
-2.450	-1.250	0.000	1.02859247
-2.350	-1.250	0.000	1.02906573
-2.250	-1.250	0.000	1.02974701
-2.150	-1.250	0.000	1.03058612
-2.050	-1.250	0.000	1.03161347
-1.950	-1.250	0.000	1.03270209
-1.850	-1.250	0.000	1.03373706
-1.750	-1.250	0.000	1.03467345
-1.650	-1.250	0.000	1.03540969
-1.550	-1.250	0.000	1.03598428
-1.450	-1.250	0.000	1.03659046
-1.350	-1.250	0.000	1.03708243
-1.250	-1.250	0.000	1.03755498
-1.150	-1.250	0.000	1.03799891
-1.050	-1.250	0.000	1.03825963
-0.950	-1.250	0.000	1.03847039
-0.850	-1.250	0.000	1.03841162
-0.750	-1.250	0.000	1.03799152
-0.650	-1.250	0.000	1.03713918
-0.550	-1.250	0.000	1.03602254
-0.450	-1.250	0.000	1.03471696
-0.350	-1.250	0.000	1.03343892
-0.250	-1.250	0.000	1.03275263
-0.150	-1.250	0.000	1.03270626
-0.050	-1.250	0.000	1.03282356
0.050	-1.250	0.000	1.03302169
0.150	-1.250	0.000	1.03324270
0.250	-1.250	0.000	1.03342855
0.350	-1.250	0.000	1.03350043
0.450	-1.250	0.000	1.03350794
0.550	-1.250	0.000	1.03355467
0.650	-1.250	0.000	1.03359890
0.750	-1.250	0.000	1.03363621
0.850	-1.250	0.000	1.03364551
0.950	-1.250	0.000	1.03359795
1.050	-1.250	0.000	1.03348458
1.150	-1.250	0.000	1.03330290
1.250	-1.250	0.000	1.03305244
1.350	-1.250	0.000	1.03273356
1.450	-1.250	0.000	1.03234065
1.550	-1.250	0.000	1.03189135
1.650	-1.250	0.000	1.03139973
1.750	-1.250	0.000	1.03091395
1.850	-1.250	0.000	1.03044939
1.950	-1.250	0.000	1.03010786
2.050	-1.250	0.000	1.02973890
2.150	-1.250	0.000	1.02955747
2.250	-1.250	0.000	1.02944267
2.350	-1.250	0.000	1.02945244
2.450	-1.250	0.000	1.02935600
-2.450	-1.150	0.000	1.02736557
-2.350	-1.150	0.000	1.02785468
-2.250	-1.150	0.000	1.02852583
-2.150	-1.150	0.000	1.02930295
-2.050	-1.150	0.000	1.03026474
-1.950	-1.150	0.000	1.03128970
-1.850	-1.150	0.000	1.03229833
-1.750	-1.150	0.000	1.03323245
-1.650	-1.150	0.000	1.03396666
-1.550	-1.150	0.000	1.03457749
-1.450	-1.150	0.000	1.03519833
-1.350	-1.150	0.000	1.03571188
-1.250	-1.150	0.000	1.03622639
-1.150	-1.150	0.000	1.03673339
-1.050	-1.150	0.000	1.03703022
-0.950	-1.150	0.000	1.03729784
-0.850	-1.150	0.000	1.03728175
-0.750	-1.150	0.000	1.03679454
-0.650	-1.150	0.000	1.03587461
-0.550	-1.150	0.000	1.03468025
-0.450	-1.150	0.000	1.03327131
-0.350	-1.150	0.000	1.03210306
-0.250	-1.150	0.000	1.03183663
-0.150	-1.150	0.000	1.03191531
-0.050	-1.150	0.000	1.03226125
0.050	-1.150	0.000	1.03268659
0.150	-1.150	0.000	1.03312838
0.250	-1.150	0.000	1.03341293
0.350	-1.150	0.000	1.03347301
0.450	-1.150	0.000	1.03346229
0.550	-1.150	0.000	1.03347015
0.650	-1.150	0.000	1.03347838
0.750	-1.150	0.000	1.03347707
0.850	-1.150	0.000	1.03346348
0.950	-1.150	0.000	1.03341115
1.050	-1.150	0.000	1.03328848
1.150	-1.150	0.000	1.03310001
1.250	-1.150	0.000	1.03286028
1.350	-1.150	0.000	1.03256309
1.450	-1.150	0.000	1.03220797
1.550	-1.150	0.000	1.03179932
1.650	-1.150	0.000	1.03135622
1.750	-1.150	0.000	1.03092945
1.850	-1.150	0.000	1.03051305
1.950	-1.150	0.000	1.03021157
2.050	-1.150	0.000	1.02988744
2.150	-1.150	0.000	1.02966487
2.250	-1.150	0.000	1.02950811
2.350	-1.150	0.000	1.02947342
2.450	-1.150	0.000	1.02936280
-2.450	-1.050	0.000	1.02625489
-2.350	-1.050	0.000	1.02675140
-2.250	-1.050	0.000	1.02742255
-2.150	-1.050	0.000	1.02814531
-2.050	-1.050	0.000	1.02904332
-1.950	-1.050	0.000	1.02999473
-1.850	-1.050	0.000	1.03095889
-1.750	-1.050	0.000	1.03187108
-1.650	-1.050	0.000	1.03260493
-1.550	-1.050	0.000	1.03327572
-1.450	-1.050	0.000	1.03389561
-1.350	-1.050	0.000	1.03444099
-1.250	-1.050	0.000	1.03497410
-1.150	-1.050	0.000	1.03548706
-1.050	-1.050	0.000	1.03578460
-0.950	-1.050	0.000	1.03600514
-0.850	-1.050	0.000	1.03597045
-0.750	-1.050	0.000	1.03542399
-0.650	-1.050	0.000	1.03445077
-0.550	-1.050	0.000	1.03321600
-0.450	-1.050	0.000	1.03182554
-0.350	-1.050	0.000	1.03095233
-0.250	-1.050	0.000	1.03098929
-0.150	-1.050	0.000	1.03125668
-0.050	-1.050	0.000	1.03185642
0.050	-1.050	0.000	1.03249407
0.150	-1.050	0.000	1.03302264
0.250	-1.050	0.000	1.03340173
0.350	-1.050	0.000	1.03343320
0.450	-1.050	0.000	1.03339982
0.550	-1.050	0.000	1.03335309
0.650	-1.050	0.000	1.03333247
0.750	-1.050	0.000	1.03333235
0.850	-1.050	0.000	1.03331375
0.950	-1.050	0.000	1.03324640
1.050	-1.050	0.000	1.03310788
1.150	-1.050	0.000	1.03290904
1.250	-1.050	0.000	1.03268135
1.350	-1.050	0.000	1.03241253
1.450	-1.050	0.000	1.03208137
1.550	-1.050	0.000	1.03169417
1.650	-1.050	0.000	1.03127980
1.750	-1.050	0.000	1.03090286
1.850	-1.050	0.000	1.03054321
1.950	-1.050	0.000	1.03029025
2.050	-1.050	0.000	1.03003657
2.150	-1.050	0.000	1.02981007
2.250	-1.050	0.000	1.02960825
2.350	-1.050	0.000	1.02951217
2.450	-1.050	0.000	1.02936995
-2.450	-0.950	0.000	1.02533853
-2.350	-0.950	0.000	1.02583587
-2.250	-0.950	0.000	1.02649915
-2.150	-0.950	0.000	1.02719271
-2.050	-0.950	0.000	1.02803159
-1.950	-0.950	0.000	1.02890968
-1.850	-0.950	0.000	1.02982199
-1.750	-0.950	0.000	1.03070188
-1.650	-0.950	0.000	1.03143370
-1.550	-0.950	0.000	1.03215408
-1.450	-0.950	0.000	1.03275800
-1.350	-0.950	0.000	1.03332829
-1.250	-0.950	0.000	1.03387284
-1.150	-0.950	0.000	1.03435659
-1.050	-0.950	0.000	1.03459454
-0.950	-0.950	0.000	1.03475678
-0.850	-0.950	0.000	1.03466201
-0.750	-0.950	0.000	1.03402853
-0.650	-0.950	0.000	1.03303969
-0.550	-0.950	0.000	1.03179908
-0.450	-0.950	0.000	1.03061175
-0.350	-0.950	0.000	1.02997983
-0.250	-0.950	0.000	1.03027058
-0.150	-0.950	0.000	1.03083479
-0.050	-0.950	0.000	1.03161716
0.050	-0.950	0.000	1.03242683
0.150	-0.950	0.000	1.03298044
0.250	-0.950	0.000	1.03334451
0.350	-0.950	0.000	1.03338361
0.450	-0.950	0.000	1.03333426
0.550	-0.950	0.000	1.03325832
0.650	-0.950	0.000	1.03322840
0.750	-0.950	0.000	1.03322840
0.850	-0.950	0.000	1.03321385
0.950	-0.950	0.000	1.03314066
1.050	-0.950	0.000	1.03297377
1.150	-0.950	0.000	1.03274322
1.250	-0.950	0.000	1.03250289
1.350	-0.950	0.000	1.03226173
1.450	-0.950	0.000	1.03197539
1.550	-0.950	0.000	1.03163898
1.650	-0.950	0.000	1.03126764
1.750	-0.950	0.000	1.03093028
1.850	-0.950	0.000	1.03060246
1.950	-0.950	0.000	1.03038383
2.050	-0.950	0.000	1.03018069
2.150	-0.950	0.000	1.02996778
2.250	-0.950	0.000	1.02972913
2.350	-0.950	0.000	1.02958107
2.450	-0.950	0.000	1.02940404
-2.450	-0.850	0.000	1.02468538
-2.350	-0.850	0.000	1.02518880
-2.250	-0.850	0.000	1.02587247
-2.150	-0.850	0.000	1.02654350
-2.050	-0.850	0.000	1.02732146
-1.950	-0.850	0.000	1.02813244
-1.850	-0.850	0.000	1.02899206
-1.750	-0.850	0.000	1.02983975
-1.650	-0.850	0.000	1.03055859
-1.550	-0.850	0.000	1.03128302
-1.450	-0.850	0.000	1.03186417
-1.350	-0.850	0.000	1.03240359
-1.250	-0.850	0.000	1.03291690
-1.150	-0.850	0.000	1.03332770
-1.050	-0.850	0.000	1.03352070
-0.950	-0.850	0.000	1.03360069
-0.850	-0.850	0.000	1.03339398
-0.750	-0.850	0.000	1.03272629
-0.650	-0.850	0.000	1.03177261
-0.550	-0.850	0.000	1.03065979
-0.450	-0.850	0.000	1.02966726
-0.350	-0.850	0.000	1.02948928
-0.250	-0.850	0.000	1.02995789
-0.150	-0.850	0.000	1.03063703
-0.050	-0.850	0.000	1.03150451
0.050	-0.850	0.000	1.03238261
0.150	-0.850	0.000	1.03294289
0.250	-0.850	0.000	1.03324234
0.350	-0.850	0.000	1.03332627
0.450	-0.850	0.000	1.03327489
0.550	-0.850	0.000	1.03321910
0.650	-0.850	0.000	1.03320408
0.750	-0.850	0.000	1.03320944
0.850	-0.850	0.000	1.03318226
0.950	-0.850	0.000	1.03308630
1.050	-0.850	0.000	1.03290820
1.150	-0.850	0.000	1.03266215
1.250	-0.850	0.000	1.03241086
1.350	-0.850	0.000	1.03217816
1.450	-0.850	0.000	1.03191280
1.550	-0.850	0.000	1.03160298
1.650	-0.850	0.000	1.03125799
1.750	-0.850	0.000	1.03095746
1.850	-0.850	0.000	1.03067136
1.950	-0.850	0.000	1.03047943
2.050	-0.850	0.000	1.03030288
2.150	-0.850	0.000	1.03010821
2.250	-0.850	0.000	1.02985120
2.350	-0.850	0.000	1.02965736
2.450	-0.850	0.000	1.02945244
-2.450	-0.750	0.000	1.02427721
-2.350	-0.750	0.000	1.02478862
-2.250	-0.750	0.000	1.02550101
-2.150	-0.750	0.000	1.02614987
-2.050	-0.750	0.000	1.02688503
-1.950	-0.750	0.000	1.02764440
-1.850	-0.750	0.000	1.02845621
-1.750	-0.750	0.000	1.02927852
-1.650	-0.750	0.000	1.02998602
-1.550	-0.750	0.000	1.03071117
-1.450	-0.750	0.000	1.03128242
-1.350	-0.750	0.000	1.03178895
-1.250	-0.750	0.000	1.03222799
-1.150	-0.750	0.000	1.03254449
-1.050	-0.750	0.000	1.03268647
-0.950	-0.750	0.000	1.03268242
-0.850	-0.750	0.000	1.03240585
-0.750	-0.750	0.000	1.03174496
-0.650	-0.750	0.000	1.03087723
-0.550	-0.750	0.000	1.02991247
-0.450	-0.750	0.000	1.02921367
-0.350	-0.750	0.000	1.02937770
-0.250	-0.750	0.000	1.02987909
-0.150	-0.750	0.000	1.03058684
-0.050	-0.750	0.000	1.03144467
0.050	-0.750	0.000	1.03227329
0.150	-0.750	0.000	1.03283274
0.250	-0.750	0.000	1.03309548
0.350	-0.750	0.000	1.03323889
0.450	-0.750	0.000	1.03323734
0.550	-0.750	0.000	1.03320456
0.650	-0.750	0.000	1.03323066
0.750	-0.750	0.000	1.03327513
0.850	-0.750	0.000	1.03326845
0.950	-0.750	0.000	1.03317726
1.050	-0.750	0.000	1.03298271
1.150	-0.750	0.000	1.03271198
1.250	-0.750	0.000	1.03242385
1.350	-0.750	0.000	1.03216076
1.450	-0.750	0.000	1.03189659
1.550	-0.750	0.000	1.03159332
1.650	-0.750	0.000	1.03125143
1.750	-0.750	0.000	1.03096390
1.850	-0.750	0.000	1.03071070
1.950	-0.750	0.000	1.03054845
2.050	-0.750	0.000	1.03040385
2.150	-0.750	0.000	1.03023779
2.250	-0.750	0.000	1.02998602
2.350	-0.750	0.000	1.02975476
2.450	-0.750	0.000	1.02953017
-2.450	-0.650	0.000	1.02400279
-2.350	-0.650	0.000	1.02451432
-2.250	-0.650	0.000	1.02525651
-2.150	-0.650	0.000	1.02589417
-2.050	-0.650	0.000	1.02660728
-1.950	-0.650	0.000	1.02733219
-1.850	-0.650	0.000	1.02810836
-1.750	-0.650	0.000	1.02890456
-1.650	-0.650	0.000	1.02960181
-1.550	-0.650	0.000	1.03033090
-1.450	-0.650	0.000	1.03089285
-1.350	-0.650	0.000	1.03138113
-1.250	-0.650	0.000	1.03176033
-1.150	-0.650	0.000	1.03202903
-1.050	-0.650	0.000	1.03212655
-0.950	-0.650	0.000	1.03206360
-0.850	-0.650	0.000	1.03175545
-0.750	-0.650	0.000	1.03114951
-0.650	-0.650	0.000	1.03040004
-0.550	-0.650	0.000	1.02964079
-0.450	-0.650	0.000	1.02915120
-0.350	-0.650	0.000	1.02944362
-0.250	-0.650	0.000	1.02995300
-0.150	-0.650	0.000	1.03061521
-0.050	-0.650	0.000	1.03137732
0.050	-0.650	0.000	1.03211308
0.150	-0.650	0.000	1.03264654
0.250	-0.650	0.000	1.03289878
0.350	-0.650	0.000	1.03308117
0.450	-0.650	0.000	1.03316951
0.550	-0.650	0.000	1.03320611
0.650	-0.650	0.000	1.03327596
0.750	-0.650	0.000	1.03336537
0.850	-0.650	0.000	1.03340018
0.950	-0.650	0.000	1.03333807
1.050	-0.650	0.000	1.03315580
1.150	-0.650	0.000	1.03288341
1.250	-0.650	0.000	1.03258252
1.350	-0.650	0.000	1.03229070
1.450	-0.650	0.000	1.03198791
1.550	-0.650	0.000	1.03164864
1.650	-0.650	0.000	1.03127646
1.750	-0.650	0.000	1.03097558
1.850	-0.650	0.000	1.03072953
1.950	-0.650	0.000	1.03059733
2.050	-0.650	0.000	1.03048217
2.150	-0.650	0.000	1.03034246
2.250	-0.650	0.000	1.03011942
2.350	-0.650	0.000	1.02986956
2.450	-0.650	0.000	1.02963376
-2.450	-0.550	0.000	1.02387941
-2.350	-0.550	0.000	1.02439630
-2.250	-0.550	0.000	1.02517653
-2.150	-0.550	0.000	1.02580070
-2.050	-0.550	0.000	1.02650440
-1.950	-0.550	0.000	1.02721560
-1.850	-0.550	0.000	1.02797222
-1.750	-0.550	0.000	1.02874303
-1.650	-0.550	0.000	1.02941537
-1.550	-0.550	0.000	1.03012848
-1.450	-0.550	0.000	1.03066528
-1.350	-0.550	0.000	1.03112221
-1.250	-0.550	0.000	1.03145719
-1.150	-0.550	0.000	1.03167319
-1.050	-0.550	0.000	1.03175843
-0.950	-0.550	0.000	1.03166580
-0.850	-0.550	0.000	1.03137279
-0.750	-0.550	0.000	1.03083348
-0.650	-0.550	0.000	1.03018606
-0.550	-0.550	0.000	1.02962446
-0.450	-0.550	0.000	1.02937317
-0.350	-0.550	0.000	1.02965701
-0.250	-0.550	0.000	1.03010023
-0.150	-0.550	0.000	1.03069460
-0.050	-0.550	0.000	1.03134167
0.050	-0.550	0.000	1.03193605
0.150	-0.550	0.000	1.03240812
0.250	-0.550	0.000	1.03267634
0.350	-0.550	0.000	1.03285861
0.450	-0.550	0.000	1.03302836
0.550	-0.550	0.000	1.03315938
0.650	-0.550	0.000	1.03329039
0.750	-0.550	0.000	1.03341842
0.850	-0.550	0.000	1.03348196
0.950	-0.550	0.000	1.03342795
1.050	-0.550	0.000	1.03325808
1.150	-0.550	0.000	1.03300571
1.250	-0.550	0.000	1.03272128
1.350	-0.550	0.000	1.03242850
1.450	-0.550	0.000	1.03209925
1.550	-0.550	0.000	1.03173387
1.650	-0.550	0.000	1.03134727
1.750	-0.550	0.000	1.03103471
1.850	-0.550	0.000	1.03079081
1.950	-0.550	0.000	1.03067434
2.050	-0.550	0.000	1.03057647
2.150	-0.550	0.000	1.03044736
2.250	-0.550	0.000	1.03025281
2.350	-0.550	0.000	1.03000867
2.450	-0.550	0.000	1.02977431
-2.450	-0.450	0.000	1.02405322
-2.350	-0.450	0.000	1.02458286
-2.250	-0.450	0.000	1.02542615
-2.150	-0.450	0.000	1.02605200
-2.050	-0.450	0.000	1.02675819
-1.950	-0.450	0.000	1.02745140
-1.850	-0.450	0.000	1.02816880
-1.750	-0.450	0.000	1.02889073
-1.650	-0.450	0.000	1.02951312
-1.550	-0.450	0.000	1.03017962
-1.450	-0.450	0.000	1.03066707
-1.350	-0.450	0.000	1.03105223
-1.250	-0.450	0.000	1.03135157
-1.150	-0.450	0.000	1.03149474
-1.050	-0.450	0.000	1.03154278
-0.950	-0.450	0.000	1.03142560
-0.850	-0.450	0.000	1.03111017
-0.750	-0.450	0.000	1.03062892
-0.650	-0.450	0.000	1.03015518
-0.550	-0.450	0.000	1.02981889
-0.450	-0.450	0.000	1.02971828
-0.350	-0.450	0.000	1.02998066
-0.250	-0.450	0.000	1.03035975
-0.150	-0.450	0.000	1.03084338
-0.050	-0.450	0.000	1.03136003
0.050	-0.450	0.000	1.03182805
0.150	-0.450	0.000	1.03222263
0.250	-0.450	0.000	1.03250241
0.350	-0.450	0.000	1.03268909
0.450	-0.450	0.000	1.03287721
0.550	-0.450	0.000	1.03308344
0.650	-0.450	0.000	1.03328788
0.750	-0.450	0.000	1.03342521
0.850	-0.450	0.000	1.03350222
0.950	-0.450	0.000	1.03346586
1.050	-0.450	0.000	1.03331709
1.150	-0.450	0.000	1.03308964
1.250	-0.450	0.000	1.03282893
1.350	-0.450	0.000	1.03253794
1.450	-0.450	0.000	1.03220463
1.550	-0.450	0.000	1.03184068
1.650	-0.450	0.000	1.03146064
1.750	-0.450	0.000	1.03115034
1.850	-0.450	0.000	1.03090703
1.950	-0.450	0.000	1.03079474
2.050	-0.450	0.000	1.03070724
2.150	-0.450	0.000	1.03057039
2.250	-0.450	0.000	1.03039420
2.350	-0.450	0.000	1.03015924
2.450	-0.450	0.000	1.02992952
-2.450	-0.350	0.000	1.02456784
-2.350	-0.350	0.000	1.02510560
-2.250	-0.350	0.000	1.02598107
-2.150	-0.350	0.000	1.02661562
-2.050	-0.350	0.000	1.02731037
-1.950	-0.350	0.000	1.02798510
-1.850	-0.350	0.000	1.02868605
-1.750	-0.350	0.000	1.02940440
-1.650	-0.350	0.000	1.03000247
-1.550	-0.350	0.000	1.03062797
-1.450	-0.350	0.000	1.03107738
-1.350	-0.350	0.000	1.03137338
-1.250	-0.350	0.000	1.03158951
-1.150	-0.350	0.000	1.03161633
-1.050	-0.350	0.000	1.03156936
-0.950	-0.350	0.000	1.03133798
-0.850	-0.350	0.000	1.03111446
-0.750	-0.350	0.000	1.03077912
-0.650	-0.350	0.000	1.03047085
-0.550	-0.350	0.000	1.03024411
-0.450	-0.350	0.000	1.03024304
-0.350	-0.350	0.000	1.03045237
-0.250	-0.350	0.000	1.03075504
-0.150	-0.350	0.000	1.03109324
-0.050	-0.350	0.000	1.03145146
0.050	-0.350	0.000	1.03180230
0.150	-0.350	0.000	1.03212297
0.250	-0.350	0.000	1.03238666
0.350	-0.350	0.000	1.03261304
0.450	-0.350	0.000	1.03282571
0.550	-0.350	0.000	1.03304112
0.650	-0.350	0.000	1.03324497
0.750	-0.350	0.000	1.03336191
0.850	-0.350	0.000	1.03343427
0.950	-0.350	0.000	1.03341556
1.050	-0.350	0.000	1.03329766
1.150	-0.350	0.000	1.03311181
1.250	-0.350	0.000	1.03288448
1.350	-0.350	0.000	1.03262389
1.450	-0.350	0.000	1.03231943
1.550	-0.350	0.000	1.03198946
1.650	-0.350	0.000	1.03164303
1.750	-0.350	0.000	1.03134894
1.850	-0.350	0.000	1.03110158
1.950	-0.350	0.000	1.03096426
2.050	-0.350	0.000	1.03086925
2.150	-0.350	0.000	1.03072107
2.250	-0.350	0.000	1.03054082
2.350	-0.350	0.000	1.03031433
2.450	-0.350	0.000	1.03011072
-2.450	-0.250	0.000	1.02518189
-2.350	-0.250	0.000	1.02572179
-2.250	-0.250	0.000	1.02663493
-2.150	-0.250	0.000	1.02729261
-2.050	-0.250	0.000	1.02798879
-1.950	-0.250	0.000	1.02868462
-1.850	-0.250	0.000	1.02938747
-1.750	-0.250	0.000	1.03008270
-1.650	-0.250	0.000	1.03064382
-1.550	-0.250	0.000	1.03123248
-1.450	-0.250	0.000	1.03164458
-1.350	-0.250	0.000	1.03189242
-1.250	-0.250	0.000	1.03205001
-1.150	-0.250	0.000	1.03206348
-1.050	-0.250	0.000	1.03192925
-0.950	-0.250	0.000	1.03179073
-0.850	-0.250	0.000	1.03150785
-0.750	-0.250	0.000	1.03118396
-0.650	-0.250	0.000	1.03092885
-0.550	-0.250	0.000	1.03079140
-0.450	-0.250	0.000	1.03082180
-0.350	-0.250	0.000	1.03098071
-0.250	-0.250	0.000	1.03120327
-0.150	-0.250	0.000	1.03142858
-0.050	-0.250	0.000	1.03166425
0.050	-0.250	0.000	1.03192306
0.150	-0.250	0.000	1.03218639
0.250	-0.250	0.000	1.03241086
0.350	-0.250	0.000	1.03260064
0.450	-0.250	0.000	1.03280270
0.550	-0.250	0.000	1.03300059
0.650	-0.250	0.000	1.03321004
0.750	-0.250	0.000	1.03334010
0.850	-0.250	0.000	1.03341365
0.950	-0.250	0.000	1.03340507
1.050	-0.250	0.000	1.03330600
1.150	-0.250	0.000	1.03314066
1.250	-0.250	0.000	1.03294325
1.350	-0.250	0.000	1.03271663
1.450	-0.250	0.000	1.03245592
1.550	-0.250	0.000	1.03216815
1.650	-0.250	0.000	1.03186738
1.750	-0.250	0.000	1.03160203
1.850	-0.250	0.000	1.03136337
1.950	-0.250	0.000	1.03120470
2.050	-0.250	0.000	1.03109741
2.150	-0.250	0.000	1.03092575
2.250	-0.250	0.000	1.03074086
2.350	-0.250	0.000	1.03050494
2.450	-0.250	0.000	1.03030169
-2.450	-0.150	0.000	1.02591980
-2.350	-0.150	0.000	1.02644813
-2.250	-0.150	0.000	1.02737975
-2.150	-0.150	0.000	1.02804434
-2.050	-0.150	0.000	1.02873015
-1.950	-0.150	0.000	1.02944422
-1.850	-0.150	0.000	1.03016269
-1.750	-0.150	0.000	1.03085840
-1.650	-0.150	0.000	1.03141141
-1.550	-0.150	0.000	1.03198123
-1.450	-0.150	0.000	1.03237736
-1.350	-0.150	0.000	1.03259397
-1.250	-0.150	0.000	1.03268290
-1.150	-0.150	0.000	1.03263354
-1.050	-0.150	0.000	1.03237486
-0.950	-0.150	0.000	1.03219271
-0.850	-0.150	0.000	1.03187943
-0.750	-0.150	0.000	1.03158760
-0.650	-0.150	0.000	1.03137267
-0.550	-0.150	0.000	1.03128397
-0.450	-0.150	0.000	1.03134048
-0.350	-0.150	0.000	1.03148103
-0.250	-0.150	0.000	1.03164208
-0.150	-0.150	0.000	1.03180170
-0.050	-0.150	0.000	1.03196704
0.050	-0.150	0.000	1.03215158
0.150	-0.150	0.000	1.03234899
0.250	-0.150	0.000	1.03251994
0.350	-0.150	0.000	1.03269804
0.450	-0.150	0.000	1.03289425
0.550	-0.150	0.000	1.03308690
0.650	-0.150	0.000	1.03328323
0.750	-0.150	0.000	1.03341448
0.850	-0.150	0.000	1.03348470
0.950	-0.150	0.000	1.03347921
1.050	-0.150	0.000	1.03339565
1.150	-0.150	0.000	1.03324306
1.250	-0.150	0.000	1.03305280
1.350	-0.150	0.000	1.03284848
1.450	-0.150	0.000	1.03261876
1.550	-0.150	0.000	1.03238368
1.650	-0.150	0.000	1.03213573
1.750	-0.150	0.000	1.03190529
1.850	-0.150	0.000	1.03167605
1.950	-0.150	0.000	1.03149939
2.050	-0.150	0.000	1.03136814
2.150	-0.150	0.000	1.03117549
2.250	-0.150	0.000	1.03096640
2.350	-0.150	0.000	1.03072011
2.450	-0.150	0.000	1.03052211
-2.450	-0.050	0.000	1.02662301
-2.350	-0.050	0.000	1.02711260
-2.250	-0.050	0.000	1.02804816
-2.150	-0.050	0.000	1.02874458
-2.050	-0.050	0.000	1.02942348
-1.950	-0.050	0.000	1.03015423
-1.850	-0.050	0.000	1.03088498
-1.750	-0.050	0.000	1.03158092
-1.650	-0.050	0.000	1.03212464
-1.550	-0.050	0.000	1.03269529
-1.450	-0.050	0.000	1.03308654
-1.350	-0.050	0.000	1.03331792
-1.250	-0.050	0.000	1.03338552
-1.150	-0.050	0.000	1.03330564
-1.050	-0.050	0.000	1.03299952
-0.950	-0.050	0.000	1.03279853
-0.850	-0.050	0.000	1.03241301
-0.750	-0.050	0.000	1.03209400
-0.650	-0.050	0.000	1.03186560
-0.550	-0.050	0.000	1.03179181
-0.450	-0.050	0.000	1.03184319
-0.350	-0.050	0.000	1.03195596
-0.250	-0.050	0.000	1.03207195
-0.150	-0.050	0.000	1.03219259
-0.050	-0.050	0.000	1.03232670
0.050	-0.050	0.000	1.03247809
0.150	-0.050	0.000	1.03263676
0.250	-0.050	0.000	1.03276992
0.350	-0.050	0.000	1.03290331
0.450	-0.050	0.000	1.03306603
0.550	-0.050	0.000	1.03323460
0.650	-0.050	0.000	1.03341484
0.750	-0.050	0.000	1.03355384
0.850	-0.050	0.000	1.03363597
0.950	-0.050	0.000	1.03364038
1.050	-0.050	0.000	1.03355849
1.150	-0.050	0.000	1.03339958
1.250	-0.050	0.000	1.03320670
1.350	-0.050	0.000	1.03300869
1.450	-0.050	0.000	1.03278697
1.550	-0.050	0.000	1.03257942
1.650	-0.050	0.000	1.03237665
1.750	-0.050	0.000	1.03218150
1.850	-0.050	0.000	1.03198326
1.950	-0.050	0.000	1.03181922
2.050	-0.050	0.000	1.03168321
2.150	-0.050	0.000	1.03148985
2.250	-0.050	0.000	1.03127587
2.350	-0.050	0.000	1.03099334
2.450	-0.050	0.000	1.03078032
-2.450	0.050	0.000	1.02725124
-2.350	0.050	0.000	1.02767646
-2.250	0.050	0.000	1.02859652
-2.150	0.050	0.000	1.02932942
-2.050	0.050	0.000	1.03002238
-1.950	0.050	0.000	1.03076863
-1.850	0.050	0.000	1.03150344
-1.750	0.050	0.000	1.03219545
-1.650	0.050	0.000	1.03274155
-1.550	0.050	0.000	1.03332341
-1.450	0.050	0.000	1.03373432
-1.350	0.050	0.000	1.03401160
-1.250	0.050	0.000	1.03408480
-1.150	0.050	0.000	1.03397954
-1.050	0.050	0.000	1.03365731
-0.950	0.050	0.000	1.03341067
-0.850	0.050	0.000	1.03298843
-0.750	0.050	0.000	1.03264618
-0.650	0.050	0.000	1.03239250
-0.550	0.050	0.000	1.03228581
-0.450	0.050	0.000	1.03229725
-0.350	0.050	0.000	1.03237379
-0.250	0.050	0.000	1.03246832
-0.150	0.050	0.000	1.03257310
-0.050	0.050	0.000	1.03270137
0.050	0.050	0.000	1.03283918
0.150	0.050	0.000	1.03297460
0.250	0.050	0.000	1.03307211
0.350	0.050	0.000	1.03316247
0.450	0.050	0.000	1.03329706
0.550	0.050	0.000	1.03345251
0.650	0.050	0.000	1.03362238
0.750	0.050	0.000	1.03374565
0.850	0.050	0.000	1.03382564
0.950	0.050	0.000	1.03382432
1.050	0.050	0.000	1.03373289
1.150	0.050	0.000	1.03355634
1.250	0.050	0.000	1.03334522
1.350	0.050	0.000	1.03314674
1.450	0.050	0.000	1.03294146
1.550	0.050	0.000	1.03277278
1.650	0.050	0.000	1.03261137
1.750	0.050	0.000	1.03243721
1.850	0.050	0.000	1.03225565
1.950	0.050	0.000	1.03209496
2.050	0.050	0.000	1.03195167
2.150	0.050	0.000	1.03177023
2.250	0.050	0.000	1.03156745
2.350	0.050	0.000	1.03129530
2.450	0.050	0.000	1.03108597
-2.450	0.150	0.000	1.02777815
-2.350	0.150	0.000	1.02809954
-2.250	0.150	0.000	1.02897894
-2.150	0.150	0.000	1.02974379
-2.050	0.150	0.000	1.03046906
-1.950	0.150	0.000	1.03123868
-1.850	0.150	0.000	1.03196955
-1.750	0.150	0.000	1.03264463
-1.650	0.150	0.000	1.03318131
-1.550	0.150	0.000	1.03377044
-1.450	0.150	0.000	1.03420532
-1.350	0.150	0.000	1.03455830
-1.250	0.150	0.000	1.03468955
-1.150	0.150	0.000	1.03461146
-1.050	0.150	0.000	1.03431821
-0.950	0.150	0.000	1.03405571
-0.850	0.150	0.000	1.03362763
-0.750	0.150	0.000	1.03322470
-0.650	0.150	0.000	1.03292525
-0.550	0.150	0.000	1.03274643
-0.450	0.150	0.000	1.03268528
-0.350	0.150	0.000	1.03270817
-0.250	0.150	0.000	1.03278041
-0.150	0.150	0.000	1.03289425
-0.050	0.150	0.000	1.03304517
0.050	0.150	0.000	1.03319299
0.150	0.150	0.000	1.03332067
0.250	0.150	0.000	1.03340411
0.350	0.150	0.000	1.03347719
0.450	0.150	0.000	1.03358185
0.550	0.150	0.000	1.03371131
0.650	0.150	0.000	1.03388000
0.750	0.150	0.000	1.03402412
0.850	0.150	0.000	1.03410208
0.950	0.150	0.000	1.03408527
1.050	0.150	0.000	1.03395534
1.150	0.150	0.000	1.03375351
1.250	0.150	0.000	1.03352547
1.350	0.150	0.000	1.03331971
1.450	0.150	0.000	1.03311646
1.550	0.150	0.000	1.03293943
1.650	0.150	0.000	1.03278720
1.750	0.150	0.000	1.03262639
1.850	0.150	0.000	1.03245819
1.950	0.150	0.000	1.03230941
2.050	0.150	0.000	1.03218162
2.150	0.150	0.000	1.03202128
2.250	0.150	0.000	1.03183389
2.350	0.150	0.000	1.03156233
2.450	0.150	0.000	1.03137493
-2.450	0.250	0.000	1.02819979
-2.350	0.250	0.000	1.02839208
-2.250	0.250	0.000	1.02920485
-2.150	0.250	0.000	1.02997077
-2.050	0.250	0.000	1.03071332
-1.950	0.250	0.000	1.03153110
-1.850	0.250	0.000	1.03228915
-1.750	0.250	0.000	1.03295588
-1.650	0.250	0.000	1.03347826
-1.550	0.250	0.000	1.03405249
-1.450	0.250	0.000	1.03450894
-1.350	0.250	0.000	1.03491735
-1.250	0.250	0.000	1.03512967
-1.150	0.250	0.000	1.03510833
-1.050	0.250	0.000	1.03486884
-0.950	0.250	0.000	1.03461564
-0.850	0.250	0.000	1.03421843
-0.750	0.250	0.000	1.03379321
-0.650	0.250	0.000	1.03345573
-0.550	0.250	0.000	1.03320980
-0.450	0.250	0.000	1.03306735
-0.350	0.250	0.000	1.03301764
-0.250	0.250	0.000	1.03304827
-0.150	0.250	0.000	1.03315544
-0.050	0.250	0.000	1.03332376
0.050	0.250	0.000	1.03350389
0.150	0.250	0.000	1.03366101
0.250	0.250	0.000	1.03375602
0.350	0.250	0.000	1.03380656
0.450	0.250	0.000	1.03388214
0.550	0.250	0.000	1.03399789
0.650	0.250	0.000	1.03415859
0.750	0.250	0.000	1.03430545
0.850	0.250	0.000	1.03437257
0.950	0.250	0.000	1.03433824
1.050	0.250	0.000	1.03417885
1.150	0.250	0.000	1.03394473
1.250	0.250	0.000	1.03369033
1.350	0.250	0.000	1.03346825
1.450	0.250	0.000	1.03326654
1.550	0.250	0.000	1.03309453
1.650	0.250	0.000	1.03293931
1.750	0.250	0.000	1.03278589
1.850	0.250	0.000	1.03262317
1.950	0.250	0.000	1.03247178
2.050	0.250	0.000	1.03236091
2.150	0.250	0.000	1.03223622
2.250	0.250	0.000	1.03207469
2.350	0.250	0.000	1.03183138
2.450	0.250	0.000	1.03167164
-2.450	0.350	0.000	1.02862382
-2.350	0.350	0.000	1.02866149
-2.250	0.350	0.000	1.02938092
-2.150	0.350	0.000	1.03012943
-2.050	0.350	0.000	1.03088117
-1.950	0.350	0.000	1.03169787
-1.850	0.350	0.000	1.03245270
-1.750	0.350	0.000	1.03311884
-1.650	0.350	0.000	1.03363729
-1.550	0.350	0.000	1.03418958
-1.450	0.350	0.000	1.03467405
-1.350	0.350	0.000	1.03511715
-1.250	0.350	0.000	1.03540850
-1.150	0.350	0.000	1.03545880
-1.050	0.350	0.000	1.03528321
-0.950	0.350	0.000	1.03506434
-0.850	0.350	0.000	1.03471160
-0.750	0.350	0.000	1.03431702
-0.650	0.350	0.000	1.03396368
-0.550	0.350	0.000	1.03367674
-0.450	0.350	0.000	1.03347230
-0.350	0.350	0.000	1.03334987
-0.250	0.350	0.000	1.03332555
-0.150	0.350	0.000	1.03340781
-0.050	0.350	0.000	1.03358305
0.050	0.350	0.000	1.03378737
0.150	0.350	0.000	1.03395712
0.250	0.350	0.000	1.03406286
0.350	0.350	0.000	1.03412807
0.450	0.350	0.000	1.03420556
0.550	0.350	0.000	1.03430951
0.650	0.350	0.000	1.03445601
0.750	0.350	0.000	1.03460014
0.850	0.350	0.000	1.03466201
0.950	0.350	0.000	1.03462386
1.050	0.350	0.000	1.03444910
1.150	0.350	0.000	1.03419495
1.250	0.350	0.000	1.03392172
1.350	0.350	0.000	1.03367531
1.450	0.350	0.000	1.03346515
1.550	0.350	0.000	1.03328085
1.650	0.350	0.000	1.03310883
1.750	0.350	0.000	1.03295135
1.850	0.350	0.000	1.03279388
1.950	0.350	0.000	1.03264046
2.050	0.350	0.000	1.03252590
2.150	0.350	0.000	1.03241575
2.250	0.350	0.000	1.03228962
2.350	0.350	0.000	1.03207874
2.450	0.350	0.000	1.03195977
-2.450	0.450	0.000	1.02914262
-2.350	0.450	0.000	1.02902377
-2.250	0.450	0.000	1.02962530
-2.150	0.450	0.000	1.03030717
-2.050	0.450	0.000	1.03103018
-1.950	0.450	0.000	1.03183961
-1.850	0.450	0.000	1.03257859
-1.750	0.450	0.000	1.03322053
-1.650	0.450	0.000	1.03371096
-1.550	0.450	0.000	1.03424585
-1.450	0.450	0.000	1.03475606
-1.350	0.450	0.000	1.03521597
-1.250	0.450	0.000	1.03558266
-1.150	0.450	0.000	1.03566074
-1.050	0.450	0.000	1.03555942
-0.950	0.450	0.000	1.03537536
-0.850	0.450	0.000	1.03507602
-0.750	0.450	0.000	1.03473353
-0.650	0.450	0.000	1.03440905
-0.550	0.450	0.000	1.03414071
-0.450	0.450	0.000	1.03391755
-0.350	0.450	0.000	1.03374505
-0.250	0.450	0.000	1.03366184
-0.150	0.450	0.000	1.03369284
-0.050	0.450	0.000	1.03383565
0.050	0.450	0.000	1.03403211
0.150	0.450	0.000	1.03422177
0.250	0.450	0.000	1.03436077
0.350	0.450	0.000	1.03444290
0.450	0.450	0.000	1.03451300
0.550	0.450	0.000	1.03460360
0.650	0.450	0.000	1.03473854
0.750	0.450	0.000	1.03487313
0.850	0.450	0.000	1.03493226
0.950	0.450	0.000	1.03489447
1.050	0.450	0.000	1.03472495
1.150	0.450	0.000	1.03447390
1.250	0.450	0.000	1.03419721
1.350	0.450	0.000	1.03395128
1.450	0.450	0.000	1.03374231
1.550	0.450	0.000	1.03355622
1.650	0.450	0.000	1.03336990
1.750	0.450	0.000	1.03319621
1.850	0.450	0.000	1.03302503
1.950	0.450	0.000	1.03285933
2.050	0.450	0.000	1.03274703
2.150	0.450	0.000	1.03263307
2.250	0.450	0.000	1.03251112
2.350	0.450	0.000	1.03230059
2.450	0.450	0.000	1.03221774
-2.450	0.550	0.000	1.02975249
-2.350	0.550	0.000	1.02950561
-2.250	0.550	0.000	1.02997088
-2.150	0.550	0.000	1.03058743
-2.050	0.550	0.000	1.03127694
-1.950	0.550	0.000	1.03203869
-1.850	0.550	0.000	1.03273153
-1.750	0.550	0.000	1.03332007
-1.650	0.550	0.000	1.03376973
-1.550	0.550	0.000	1.03429413
-1.450	0.550	0.000	1.03482592
-1.350	0.550	0.000	1.03531778
-1.250	0.550	0.000	1.03572500
-1.150	0.550	0.000	1.03581917
-1.050	0.550	0.000	1.03577602
-0.950	0.550	0.000	1.03561485
-0.850	0.550	0.000	1.03535056
-0.750	0.550	0.000	1.03505433
-0.650	0.550	0.000	1.03478968
-0.550	0.550	0.000	1.03457868
-0.450	0.550	0.000	1.03438485
-0.350	0.550	0.000	1.03418624
-0.250	0.550	0.000	1.03405666
-0.150	0.550	0.000	1.03401363
-0.050	0.550	0.000	1.03408992
0.050	0.550	0.000	1.03424668
0.150	0.550	0.000	1.03441906
0.250	0.550	0.000	1.03456473
0.350	0.550	0.000	1.03466678
0.450	0.550	0.000	1.03474534
0.550	0.550	0.000	1.03482699
0.650	0.550	0.000	1.03494406
0.750	0.550	0.000	1.03506267
0.850	0.550	0.000	1.03513157
0.950	0.550	0.000	1.03512108
1.050	0.550	0.000	1.03499079
1.150	0.550	0.000	1.03477168
1.250	0.550	0.000	1.03451598
1.350	0.550	0.000	1.03427947
1.450	0.550	0.000	1.03407145
1.550	0.550	0.000	1.03388619
1.650	0.550	0.000	1.03370094
1.750	0.550	0.000	1.03351593
1.850	0.550	0.000	1.03332901
1.950	0.550	0.000	1.03312385
2.050	0.550	0.000	1.03295815
2.150	0.550	0.000	1.03284490
2.250	0.550	0.000	1.03274798
2.350	0.550	0.000	1.03255868
2.450	0.550	0.000	1.03249395
-2.450	0.650	0.000	1.03043747
-2.350	0.650	0.000	1.03010440
-2.250	0.650	0.000	1.03044844
-2.150	0.650	0.000	1.03098774
-2.050	0.650	0.000	1.03161395
-1.950	0.650	0.000	1.03231287
-1.850	0.650	0.000	1.03294730
-1.750	0.650	0.000	1.03346992
-1.650	0.650	0.000	1.03386939
-1.550	0.650	0.000	1.03439641
-1.450	0.650	0.000	1.03494966
-1.350	0.650	0.000	1.03548706
-1.250	0.650	0.000	1.03593481
-1.150	0.650	0.000	1.03607082
-1.050	0.650	0.000	1.03607202
-0.950	0.650	0.000	1.03592372
-0.850	0.650	0.000	1.03566563
-0.750	0.650	0.000	1.03538740
-0.650	0.650	0.000	1.03515720
-0.550	0.650	0.000	1.03498113
-0.450	0.650	0.000	1.03480577
-0.350	0.650	0.000	1.03459597
-0.250	0.650	0.000	1.03443968
-0.150	0.650	0.000	1.03432643
-0.050	0.650	0.000	1.03431523
0.050	0.650	0.000	1.03441226
0.150	0.650	0.000	1.03455329
0.250	0.650	0.000	1.03469348
0.350	0.650	0.000	1.03480494
0.450	0.650	0.000	1.03489435
0.550	0.650	0.000	1.03497303
0.650	0.650	0.000	1.03507221
0.750	0.650	0.000	1.03516936
0.850	0.650	0.000	1.03524399
0.950	0.650	0.000	1.03526616
1.050	0.650	0.000	1.03519440
1.150	0.650	0.000	1.03503978
1.250	0.650	0.000	1.03484321
1.350	0.650	0.000	1.03464556
1.450	0.650	0.000	1.03445780
1.550	0.650	0.000	1.03428042
1.650	0.650	0.000	1.03409219
1.750	0.650	0.000	1.03389072
1.850	0.650	0.000	1.03368175
1.950	0.650	0.000	1.03346348
2.050	0.650	0.000	1.03327847
2.150	0.650	0.000	1.03312898
2.250	0.650	0.000	1.03300059
2.350	0.650	0.000	1.03279495
2.450	0.650	0.000	1.03277016
-2.450	0.750	0.000	1.03123736
-2.350	0.750	0.000	1.03086209
-2.250	0.750	0.000	1.03111613
-2.150	0.750	0.000	1.03161919
-2.050	0.750	0.000	1.03220904
-1.950	0.750	0.000	1.03284252
-1.850	0.750	0.000	1.03339684
-1.750	0.750	0.000	1.03381908
-1.650	0.750	0.000	1.03413713
-1.550	0.750	0.000	1.03463399
-1.450	0.750	0.000	1.03518534
-1.350	0.750	0.000	1.03577161
-1.250	0.750	0.000	1.03626871
-1.150	0.750	0.000	1.03648341
-1.050	0.750	0.000	1.03652847
-0.950	0.750	0.000	1.03640628
-0.850	0.750	0.000	1.03613365
-0.750	0.750	0.000	1.03583825
-0.650	0.750	0.000	1.03559065
-0.550	0.750	0.000	1.03539646
-0.450	0.750	0.000	1.03519297
-0.350	0.750	0.000	1.03495908
-0.250	0.750	0.000	1.03474438
-0.150	0.750	0.000	1.03457415
-0.050	0.750	0.000	1.03448009
0.050	0.750	0.000	1.03452671
0.150	0.750	0.000	1.03463173
0.250	0.750	0.000	1.03475964
0.350	0.750	0.000	1.03488290
0.450	0.750	0.000	1.03499234
0.550	0.750	0.000	1.03507590
0.650	0.750	0.000	1.03515959
0.750	0.750	0.000	1.03523898
0.850	0.750	0.000	1.03530872
0.950	0.750	0.000	1.03535247
1.050	0.750	0.000	1.03534019
1.150	0.750	0.000	1.03526914
1.250	0.750	0.000	1.03516567
1.350	0.750	0.000	1.03504634
1.450	0.750	0.000	1.03490782
1.550	0.750	0.000	1.03475225
1.650	0.750	0.000	1.03456330
1.750	0.750	0.000	1.03433716
1.850	0.750	0.000	1.03408957
1.950	0.750	0.000	1.03383827
2.050	0.750	0.000	1.03363037
2.150	0.750	0.000	1.03346896
2.250	0.750	0.000	1.03333569
2.350	0.750	0.000	1.03311944
2.450	0.750	0.000	1.03310800
-2.450	0.850	0.000	1.03214896
-2.350	0.850	0.000	1.03175759
-2.250	0.850	0.000	1.03196001
-2.150	0.850	0.000	1.03245270
-2.050	0.850	0.000	1.03304255
-1.950	0.850	0.000	1.03364229
-1.850	0.850	0.000	1.03413177
-1.750	0.850	0.000	1.03445232
-1.650	0.850	0.000	1.03468525
-1.550	0.850	0.000	1.03510559
-1.450	0.850	0.000	1.03562665
-1.350	0.850	0.000	1.03623068
-1.250	0.850	0.000	1.03677416
-1.150	0.850	0.000	1.03707540
-1.050	0.850	0.000	1.03717518
-0.950	0.850	0.000	1.03708863
-0.850	0.850	0.000	1.03681862
-0.750	0.850	0.000	1.03650069
-0.650	0.850	0.000	1.03621817
-0.550	0.850	0.000	1.03595781
-0.450	0.850	0.000	1.03567612
-0.350	0.850	0.000	1.03536034
-0.250	0.850	0.000	1.03502738
-0.150	0.850	0.000	1.03476179
-0.050	0.850	0.000	1.03459787
0.050	0.850	0.000	1.03457677
0.150	0.850	0.000	1.03466272
0.250	0.850	0.000	1.03480244
0.350	0.850	0.000	1.03495109
0.450	0.850	0.000	1.03509009
0.550	0.850	0.000	1.03519499
0.650	0.850	0.000	1.03528011
0.750	0.850	0.000	1.03534758
0.850	0.850	0.000	1.03540087
0.950	0.850	0.000	1.03545523
1.050	0.850	0.000	1.03549647
1.150	0.850	0.000	1.03550279
1.250	0.850	0.000	1.03548968
1.350	0.850	0.000	1.03545022
1.450	0.850	0.000	1.03536963
1.550	0.850	0.000	1.03525162
1.650	0.850	0.000	1.03508031
1.750	0.850	0.000	1.03485072
1.850	0.850	0.000	1.03457677
1.950	0.850	0.000	1.03429413
2.050	0.850	0.000	1.03406203
2.150	0.850	0.000	1.03387845
2.250	0.850	0.000	1.03373373
2.350	0.850	0.000	1.03352273
2.450	0.850	0.000	1.03353918
-2.450	0.950	0.000	1.03320634
-2.350	0.950	0.000	1.03280783
-2.250	0.950	0.000	1.03295577
-2.150	0.950	0.000	1.03347576
-2.050	0.950	0.000	1.03410208
-1.950	0.950	0.000	1.03471744
-1.850	0.950	0.000	1.03517544
-1.750	0.950	0.000	1.03540897
-1.650	0.950	0.000	1.03554094
-1.550	0.950	0.000	1.03583145
-1.450	0.950	0.000	1.03629434
-1.350	0.950	0.000	1.03688252
-1.250	0.950	0.000	1.03744781
-1.150	0.950	0.000	1.03782439
-1.050	0.950	0.000	1.03798997
-0.950	0.950	0.000	1.03796339
-0.850	0.950	0.000	1.03772855
-0.750	0.950	0.000	1.03741670
-0.650	0.950	0.000	1.03709555
-0.550	0.950	0.000	1.03674626
-0.450	0.950	0.000	1.03634202
-0.350	0.950	0.000	1.03588378
-0.250	0.950	0.000	1.03541434
-0.150	0.950	0.000	1.03501570
-0.050	0.950	0.000	1.03477359
0.050	0.950	0.000	1.03466010
0.150	0.950	0.000	1.03473365
0.250	0.950	0.000	1.03488266
0.350	0.950	0.000	1.03506494
0.450	0.950	0.000	1.03526115
0.550	0.950	0.000	1.03541875
0.650	0.950	0.000	1.03551626
0.750	0.950	0.000	1.03558087
0.850	0.950	0.000	1.03563392
0.950	0.950	0.000	1.03569341
1.050	0.950	0.000	1.03575230
1.150	0.950	0.000	1.03579557
1.250	0.950	0.000	1.03584123
1.350	0.950	0.000	1.03586173
1.450	0.950	0.000	1.03582704
1.550	0.950	0.000	1.03574669
1.650	0.950	0.000	1.03559685
1.750	0.950	0.000	1.03536916
1.850	0.950	0.000	1.03508091
1.950	0.950	0.000	1.03478014
2.050	0.950	0.000	1.03453624
2.150	0.950	0.000	1.03434551
2.250	0.950	0.000	1.03419125
2.350	0.950	0.000	1.03397799
2.450	0.950	0.000	1.03400791
-2.450	1.050	0.000	1.03428304
-2.350	1.050	0.000	1.03387845
-2.250	1.050	0.000	1.03396297
-2.150	1.050	0.000	1.03451645
-2.050	1.050	0.000	1.03518951
-1.950	1.050	0.000	1.03586590
-1.850	1.050	0.000	1.03635597
-1.750	1.050	0.000	1.03655839
-1.650	1.050	0.000	1.03660786
-1.550	1.050	0.000	1.03676081
-1.450	1.050	0.000	1.03713632
-1.350	1.050	0.000	1.03765774
-1.250	1.050	0.000	1.03821063
-1.150	1.050	0.000	1.03863740
-1.050	1.050	0.000	1.03886104
-0.950	1.050	0.000	1.03890657
-0.850	1.050	0.000	1.03874218
-0.750	1.050	0.000	1.03848410
-0.650	1.050	0.000	1.03818440
-0.550	1.050	0.000	1.03780031
-0.450	1.050	0.000	1.03730214
-0.350	1.050	0.000	1.03671277
-0.250	1.050	0.000	1.03609788
-0.150	1.050	0.000	1.03554869
-0.050	1.050	0.000	1.03517139
0.050	1.050	0.000	1.03497148
0.150	1.050	0.000	1.03500533
0.250	1.050	0.000	1.03516138
0.350	1.050	0.000	1.03538167
0.450	1.050	0.000	1.03563452
0.550	1.050	0.000	1.03586626
0.650	1.050	0.000	1.03601050
0.750	1.050	0.000	1.03610742
0.850	1.050	0.000	1.03616750
0.950	1.050	0.000	1.03621137
1.050	1.050	0.000	1.03623903
1.150	1.050	0.000	1.03625917
1.250	1.050	0.000	1.03628850
1.350	1.050	0.000	1.03631639
1.450	1.050	0.000	1.03628957
1.550	1.050	0.000	1.03622949
1.650	1.050	0.000	1.03609204
1.750	1.050	0.000	1.03587103
1.850	1.050	0.000	1.03557825
1.950	1.050	0.000	1.03526986
2.050	1.050	0.000	1.03502226
2.150	1.050	0.000	1.03482962
2.250	1.050	0.000	1.03466499
2.350	1.050	0.000	1.03444898
2.450	1.050	0.000	1.03447747
-2.450	1.150	0.000	1.03524947
-2.350	1.150	0.000	1.03482580
-2.250	1.150	0.000	1.03485787
-2.150	1.150	0.000	1.03541720
-2.050	1.150	0.000	1.03613186
-1.950	1.150	0.000	1.03688288
-1.850	1.150	0.000	1.03745973
-1.750	1.150	0.000	1.03769660
-1.650	1.150	0.000	1.03771329
-1.550	1.150	0.000	1.03776813
-1.450	1.150	0.000	1.03805482
-1.350	1.150	0.000	1.03848231
-1.250	1.150	0.000	1.03898823
-1.150	1.150	0.000	1.03941691
-1.050	1.150	0.000	1.03967524
-0.950	1.150	0.000	1.03977597
-0.850	1.150	0.000	1.03968871
-0.750	1.150	0.000	1.03951967
-0.650	1.150	0.000	1.03929710
-0.550	1.150	0.000	1.03896999
-0.450	1.150	0.000	1.03849053
-0.350	1.150	0.000	1.03785861
-0.250	1.150	0.000	1.03714919
-0.150	1.150	0.000	1.03648937
-0.050	1.150	0.000	1.03598762
0.050	1.150	0.000	1.03571415
0.150	1.150	0.000	1.03565681
0.250	1.150	0.000	1.03581941
0.350	1.150	0.000	1.03606260
0.450	1.150	0.000	1.03635621
0.550	1.150	0.000	1.03664398
0.650	1.150	0.000	1.03685570
0.750	1.150	0.000	1.03696930
0.850	1.150	0.000	1.03701687
0.950	1.150	0.000	1.03702044
1.050	1.150	0.000	1.03698766
1.150	1.150	0.000	1.03693950
1.250	1.150	0.000	1.03690445
1.350	1.150	0.000	1.03687489
1.450	1.150	0.000	1.03682184
1.550	1.150	0.000	1.03674221
1.650	1.150	0.000	1.03658676
1.750	1.150	0.000	1.03635991
1.850	1.150	0.000	1.03606153
1.950	1.150	0.000	1.03575301
2.050	1.150	0.000	1.03550947
2.150	1.150	0.000	1.03531015
2.250	1.150	0.000	1.03513670
2.350	1.150	0.000	1.03491843
2.450	1.150	0.000	1.03493619
-2.450	1.250	0.000	1.03603113
-2.350	1.250	0.000	1.03560042
-2.250	1.250	0.000	1.03559029
-2.150	1.250	0.000	1.03611422
-2.050	1.250	0.000	1.03684020
-1.950	1.250	0.000	1.03765857
-1.850	1.250	0.000	1.03834951
-1.750	1.250	0.000	1.03866923
-1.650	1.250	0.000	1.03871107
-1.550	1.250	0.000	1.03873229
-1.450	1.250	0.000	1.03895772
-1.350	1.250	0.000	1.03928328
-1.250	1.250	0.000	1.03969610
-1.150	1.250	0.000	1.04005623
-1.050	1.250	0.000	1.04029143
-0.950	1.250	0.000	1.04037702
-0.850	1.250	0.000	1.04032934
-0.750	1.250	0.000	1.04025435
-0.650	1.250	0.000	1.04015696
-0.550	1.250	0.000	1.03996348
-0.450	1.250	0.000	1.03960133
-0.350	1.250	0.000	1.03904688
-0.250	1.250	0.000	1.03835523
-0.150	1.250	0.000	1.03767586
-0.050	1.250	0.000	1.03711450
0.050	1.250	0.000	1.03675270
0.150	1.250	0.000	1.03660619
0.250	1.250	0.000	1.03667545
0.350	1.250	0.000	1.03687668
0.450	1.250	0.000	1.03715110
0.550	1.250	0.000	1.03747272
0.650	1.250	0.000	1.03772581
0.750	1.250	0.000	1.03788066
0.850	1.250	0.000	1.03794777
0.950	1.250	0.000	1.03794229
1.050	1.250	0.000	1.03787029
1.150	1.250	0.000	1.03775287
1.250	1.250	0.000	1.03762102
1.350	1.250	0.000	1.03750026
1.450	1.250	0.000	1.03738105
1.550	1.250	0.000	1.03722537
1.650	1.250	0.000	1.03701377
1.750	1.250	0.000	1.03676915
1.850	1.250	0.000	1.03647149
1.950	1.250	0.000	1.03618801
2.050	1.250	0.000	1.03597856
2.150	1.250	0.000	1.03578877
2.250	1.250	0.000	1.03562319
2.350	1.250	0.000	1.03539324
2.450	1.250	0.000	1.03537774
-2.450	1.350	0.000	1.03660703
-2.350	1.350	0.000	1.03615880
-2.250	1.350	0.000	1.03610516
-2.150	1.350	0.000	1.03659785
-2.050	1.350	0.000	1.03730857
-1.950	1.350	0.000	1.03815436
-1.850	1.350	0.000	1.03893471
-1.750	1.350	0.000	1.03935516
-1.650	1.350	0.000	1.03948903
-1.550	1.350	0.000	1.03955865
-1.450	1.350	0.000	1.03975344
-1.350	1.350	0.000	1.03999436
-1.250	1.350	0.000	1.04028368
-1.150	1.350	0.000	1.04049349
-1.050	1.350	0.000	1.04060948
-0.950	1.350	0.000	1.04060435
-0.850	1.350	0.000	1.04051924
-0.750	1.350	0.000	1.04046237
-0.650	1.350	0.000	1.04043281
-0.550	1.350	0.000	1.04035985
-0.450	1.350	0.000	1.04015946
-0.350	1.350	0.000	1.03977847
-0.250	1.350	0.000	1.03924131
-0.150	1.350	0.000	1.03865290
-0.050	1.350	0.000	1.03811359
0.050	1.350	0.000	1.03771317
0.150	1.350	0.000	1.03750300
0.250	1.350	0.000	1.03748024
0.350	1.350	0.000	1.03759575
0.450	1.350	0.000	1.03781760
0.550	1.350	0.000	1.03812563
0.650	1.350	0.000	1.03840733
0.750	1.350	0.000	1.03860879
0.850	1.350	0.000	1.03873122
0.950	1.350	0.000	1.03874433
1.050	1.350	0.000	1.03867471
1.150	1.350	0.000	1.03850770
1.250	1.350	0.000	1.03828621
1.350	1.350	0.000	1.03807282
1.450	1.350	0.000	1.03784287
1.550	1.350	0.000	1.03759921
1.650	1.350	0.000	1.03733194
1.750	1.350	0.000	1.03705764
1.850	1.350	0.000	1.03674734
1.950	1.350	0.000	1.03647637
2.050	1.350	0.000	1.03628719
2.150	1.350	0.000	1.03611112
2.250	1.350	0.000	1.03599191
2.350	1.350	0.000	1.03577352
2.450	1.350	0.000	1.03576314
-2.450	1.450	0.000	1.03693187
-2.350	1.450	0.000	1.03649151
-2.250	1.450	0.000	1.03641236
-2.150	1.450	0.000	1.03684664
-2.050	1.450	0.000	1.03748572
-1.950	1.450	0.000	1.03831446
-1.850	1.450	0.000	1.03913236
-1.750	1.450	0.000	1.03965127
-1.650	1.450	0.000	1.03991127
-1.550	1.450	0.000	1.04008543
-1.450	1.450	0.000	1.04028392
-1.350	1.450	0.000	1.04043245
-1.250	1.450	0.000	1.04064012
-1.150	1.450	0.000	1.04070258
-1.050	1.450	0.000	1.04070055
-0.950	1.450	0.000	1.04056406
-0.850	1.450	0.000	1.04034877
-0.750	1.450	0.000	1.04018211
-0.650	1.450	0.000	1.04010582
-0.550	1.450	0.000	1.04007971
-0.450	1.450	0.000	1.03999472
-0.350	1.450	0.000	1.03978407
-0.250	1.450	0.000	1.03941453
-0.150	1.450	0.000	1.03895664
-0.050	1.450	0.000	1.03852522
0.050	1.450	0.000	1.03818154
0.150	1.450	0.000	1.03797162
0.250	1.450	0.000	1.03788662
0.350	1.450	0.000	1.03793132
0.450	1.450	0.000	1.03808951
0.550	1.450	0.000	1.03834033
0.650	1.450	0.000	1.03860617
0.750	1.450	0.000	1.03885150
0.850	1.450	0.000	1.03904843
0.950	1.450	0.000	1.03913414
1.050	1.450	0.000	1.03911459
1.150	1.450	0.000	1.03894424
1.250	1.450	0.000	1.03870010
1.350	1.450	0.000	1.03840959
1.450	1.450	0.000	1.03809369
1.550	1.450	0.000	1.03776288
1.650	1.450	0.000	1.03742599
1.750	1.450	0.000	1.03710914
1.850	1.450	0.000	1.03679323
1.950	1.450	0.000	1.03657413
2.050	1.450	0.000	1.03642976
2.150	1.450	0.000	1.03630221
2.250	1.450	0.000	1.03626120
2.350	1.450	0.000	1.03606868
2.450	1.450	0.000	1.03606999
-2.450	1.550	0.000	1.03707421
-2.350	1.550	0.000	1.03663242
-2.250	1.550	0.000	1.03655481
-2.150	1.550	0.000	1.03696465
-2.050	1.550	0.000	1.03755856
-1.950	1.550	0.000	1.03837585
-1.850	1.550	0.000	1.03920388
-1.750	1.550	0.000	1.03978896
-1.650	1.550	0.000	1.04017413
-1.550	1.550	0.000	1.04048502
-1.450	1.550	0.000	1.04072154
-1.350	1.550	0.000	1.04083776
-1.250	1.550	0.000	1.04097450
-1.150	1.550	0.000	1.04093242
-1.050	1.550	0.000	1.04080617
-0.950	1.550	0.000	1.04051161
-0.850	1.550	0.000	1.04016197
-0.750	1.550	0.000	1.03987825
-0.650	1.550	0.000	1.03969479
-0.550	1.550	0.000	1.03960645
-0.450	1.550	0.000	1.03952551
-0.350	1.550	0.000	1.03938770
-0.250	1.550	0.000	1.03913748
-0.150	1.550	0.000	1.03880489
-0.050	1.550	0.000	1.03845036
0.050	1.550	0.000	1.03818929
0.150	1.550	0.000	1.03803325
0.250	1.550	0.000	1.03796434
0.350	1.550	0.000	1.03798890
0.450	1.550	0.000	1.03810692
0.550	1.550	0.000	1.03829110
0.650	1.550	0.000	1.03849816
0.750	1.550	0.000	1.03872883
0.850	1.550	0.000	1.03892970
0.950	1.550	0.000	1.03907311
1.050	1.550	0.000	1.03910863
1.150	1.550	0.000	1.03899968
1.250	1.550	0.000	1.03879344
1.350	1.550	0.000	1.03849983
1.450	1.550	0.000	1.03815150
1.550	1.550	0.000	1.03778422
1.650	1.550	0.000	1.03740370
1.750	1.550	0.000	1.03703368
1.850	1.550	0.000	1.03670263
1.950	1.550	0.000	1.03650987
2.050	1.550	0.000	1.03639460
2.150	1.550	0.000	1.03631592
2.250	1.550	0.000	1.03634632
2.350	1.550	0.000	1.03621829
2.450	1.550	0.000	1.03624201
-2.450	1.650	0.000	1.03699541
-2.350	1.650	0.000	1.03654885
-2.250	1.650	0.000	1.03648305
-2.150	1.650	0.000	1.03684998
-2.050	1.650	0.000	1.03735232
-1.950	1.650	0.000	1.03810823
-1.850	1.650	0.000	1.03891861
-1.750	1.650	0.000	1.03957748
-1.650	1.650	0.000	1.04010010
-1.550	1.650	0.000	1.04056990
-1.450	1.650	0.000	1.04089999
-1.350	1.650	0.000	1.04108953
-1.250	1.650	0.000	1.04123914
-1.150	1.650	0.000	1.04118466
-1.050	1.650	0.000	1.04098403
-0.950	1.650	0.000	1.04058278
-0.850	1.650	0.000	1.04008138
-0.750	1.650	0.000	1.03960872
-0.650	1.650	0.000	1.03927255
-0.550	1.650	0.000	1.03906929
-0.450	1.650	0.000	1.03892970
-0.350	1.650	0.000	1.03877366
-0.250	1.650	0.000	1.03858399
-0.150	1.650	0.000	1.03833723
-0.050	1.650	0.000	1.03811324
0.050	1.650	0.000	1.03795898
0.150	1.650	0.000	1.03788352
0.250	1.650	0.000	1.03788376
0.350	1.650	0.000	1.03792679
0.450	1.650	0.000	1.03799939
0.550	1.650	0.000	1.03811371
0.650	1.650	0.000	1.03828430
0.750	1.650	0.000	1.03850186
0.850	1.650	0.000	1.03873479
0.950	1.650	0.000	1.03891778
1.050	1.650	0.000	1.03898418
1.150	1.650	0.000	1.03891599
1.250	1.650	0.000	1.03873706
1.350	1.650	0.000	1.03845131
1.450	1.650	0.000	1.03810930
1.550	1.650	0.000	1.03773344
1.650	1.650	0.000	1.03734219
1.750	1.650	0.000	1.03695285
1.850	1.650	0.000	1.03662217
1.950	1.650	0.000	1.03642571
2.050	1.650	0.000	1.03632402
2.150	1.650	0.000	1.03627515
2.250	1.650	0.000	1.03634107
2.350	1.650	0.000	1.03625298
2.450	1.650	0.000	1.03628182
-2.450	1.750	0.000	1.03684044
-2.350	1.750	0.000	1.03638577
-2.250	1.750	0.000	1.03633547
-2.150	1.750	0.000	1.03666532
-2.050	1.750	0.000	1.03708363
-1.950	1.750	0.000	1.03775775
-1.850	1.750	0.000	1.03852427
-1.750	1.750	0.000	1.03922927
-1.650	1.750	0.000	1.03987253
-1.550	1.750	0.000	1.04052031
-1.450	1.750	0.000	1.04098177
-1.350	1.750	0.000	1.04132831
-1.250	1.750	0.000	1.04157102
-1.150	1.750	0.000	1.04158068
-1.050	1.750	0.000	1.04138672
-0.950	1.750	0.000	1.04095566
-0.850	1.750	0.000	1.04035485
-0.750	1.750	0.000	1.03972542
-0.650	1.750	0.000	1.03918660
-0.550	1.750	0.000	1.03877890
-0.450	1.750	0.000	1.03849101
-0.350	1.750	0.000	1.03826356
-0.250	1.750	0.000	1.03802896
-0.150	1.750	0.000	1.03778601
-0.050	1.750	0.000	1.03758597
0.050	1.750	0.000	1.03748465
0.150	1.750	0.000	1.03746009
0.250	1.750	0.000	1.03749180
0.350	1.750	0.000	1.03757715
0.450	1.750	0.000	1.03769898
0.550	1.750	0.000	1.03784561
0.650	1.750	0.000	1.03804326
0.750	1.750	0.000	1.03828311
0.850	1.750	0.000	1.03848708
0.950	1.750	0.000	1.03864884
1.050	1.750	0.000	1.03870595
1.150	1.750	0.000	1.03865516
1.250	1.750	0.000	1.03849244
1.350	1.750	0.000	1.03824031
1.450	1.750	0.000	1.03793561
1.550	1.750	0.000	1.03760409
1.650	1.750	0.000	1.03724766
1.750	1.750	0.000	1.03689492
1.850	1.750	0.000	1.03658390
1.950	1.750	0.000	1.03638411
2.050	1.750	0.000	1.03628361
2.150	1.750	0.000	1.03624225
2.250	1.750	0.000	1.03629839
2.350	1.750	0.000	1.03623402
2.450	1.750	0.000	1.03620100
-2.450	1.850	0.000	1.03680360
-2.350	1.850	0.000	1.03634703
-2.250	1.850	0.000	1.03630948
-2.150	1.850	0.000	1.03658569
-2.050	1.850	0.000	1.03690159
-1.950	1.850	0.000	1.03745401
-1.850	1.850	0.000	1.03816366
-1.750	1.850	0.000	1.03889585
-1.650	1.850	0.000	1.03964281
-1.550	1.850	0.000	1.04045475
-1.450	1.850	0.000	1.04109359
-1.350	1.850	0.000	1.04165959
-1.250	1.850	0.000	1.04209054
-1.150	1.850	0.000	1.04219854
-1.050	1.850	0.000	1.04208922
-0.950	1.850	0.000	1.04169250
-0.850	1.850	0.000	1.04107749
-0.750	1.850	0.000	1.04037285
-0.650	1.850	0.000	1.03968513
-0.550	1.850	0.000	1.03908026
-0.450	1.850	0.000	1.03858471
-0.350	1.850	0.000	1.03818393
-0.250	1.850	0.000	1.03783119
-0.150	1.850	0.000	1.03751314
-0.050	1.850	0.000	1.03724957
0.050	1.850	0.000	1.03710437
0.150	1.850	0.000	1.03708291
0.250	1.850	0.000	1.03714645
0.350	1.850	0.000	1.03725779
0.450	1.850	0.000	1.03740215
0.550	1.850	0.000	1.03756189
0.650	1.850	0.000	1.03777385
0.750	1.850	0.000	1.03801847
0.850	1.850	0.000	1.03822970
0.950	1.850	0.000	1.03837693
1.050	1.850	0.000	1.03840542
1.150	1.850	0.000	1.03832924
1.250	1.850	0.000	1.03815496
1.350	1.850	0.000	1.03793478
1.450	1.850	0.000	1.03768003
1.550	1.850	0.000	1.03739309
1.650	1.850	0.000	1.03709066
1.750	1.850	0.000	1.03679025
1.850	1.850	0.000	1.03652000
1.950	1.850	0.000	1.03632534
2.050	1.850	0.000	1.03622913
2.150	1.850	0.000	1.03618360
2.250	1.850	0.000	1.03618383
2.350	1.850	0.000	1.03609169
2.450	1.850	0.000	1.03596747
-2.450	1.950	0.000	1.03688514
-2.350	1.950	0.000	1.03643394
-2.250	1.950	0.000	1.03641164
-2.150	1.950	0.000	1.03662217
-2.050	1.950	0.000	1.03688407
-1.950	1.950	0.000	1.03734338
-1.850	1.950	0.000	1.03796387
-1.750	1.950	0.000	1.03867114
-1.650	1.950	0.000	1.03947568
-1.550	1.950	0.000	1.04040492
-1.450	1.950	0.000	1.04121137
-1.350	1.950	0.000	1.04193509
-1.250	1.950	0.000	1.04250109
-1.150	1.950	0.000	1.04269290
-1.050	1.950	0.000	1.04267240
-0.950	1.950	0.000	1.04237366
-0.850	1.950	0.000	1.04183638
-0.750	1.950	0.000	1.04116416
-0.650	1.950	0.000	1.04045224
-0.550	1.950	0.000	1.03975952
-0.450	1.950	0.000	1.03912616
-0.350	1.950	0.000	1.03855753
-0.250	1.950	0.000	1.03804660
-0.150	1.950	0.000	1.03759885
-0.050	1.950	0.000	1.03723848
0.050	1.950	0.000	1.03700960
0.150	1.950	0.000	1.03691792
0.250	1.950	0.000	1.03691506
0.350	1.950	0.000	1.03697228
0.450	1.950	0.000	1.03706849
0.550	1.950	0.000	1.03721333
0.650	1.950	0.000	1.03743148
0.750	1.950	0.000	1.03769553
0.850	1.950	0.000	1.03792965
0.950	1.950	0.000	1.03808105
1.050	1.950	0.000	1.03810632
1.150	1.950	0.000	1.03801012
1.250	1.950	0.000	1.03782678
1.350	1.950	0.000	1.03761506
1.450	1.950	0.000	1.03738427
1.550	1.950	0.000	1.03714144
1.650	1.950	0.000	1.03687954
1.750	1.950	0.000	1.03661442
1.850	1.950	0.000	1.03637898
1.950	1.950	0.000	1.03619051
2.050	1.950	0.000	1.03609765
2.150	1.950	0.000	1.03604174
2.250	1.950	0.000	1.03598320
2.350	1.950	0.000	1.03584528
2.450	1.950	0.000	1.03565633
-2.450	2.050	0.000	1.03711998
-2.350	2.050	0.000	1.03668642
-2.250	2.050	0.000	1.03667605
-2.150	2.050	0.000	1.03681397
-2.050	2.050	0.000	1.03702593
-1.950	2.050	0.000	1.03737462
-1.850	2.050	0.000	1.03789282
-1.750	2.050	0.000	1.03855562
-1.650	2.050	0.000	1.03933942
-1.550	2.050	0.000	1.04029858
-1.450	2.050	0.000	1.04120195
-1.350	2.050	0.000	1.04205203
-1.250	2.050	0.000	1.04272401
-1.150	2.050	0.000	1.04301798
-1.050	2.050	0.000	1.04306257
-0.950	2.050	0.000	1.04284191
-0.850	2.050	0.000	1.04237509
-0.750	2.050	0.000	1.04177952
-0.650	2.050	0.000	1.04115617
-0.550	2.050	0.000	1.04051173
-0.450	2.050	0.000	1.03983903
-0.350	2.050	0.000	1.03915846
-0.250	2.050	0.000	1.03850043
-0.150	2.050	0.000	1.03789985
-0.050	2.050	0.000	1.03740823
0.050	2.050	0.000	1.03705466
0.150	2.050	0.000	1.03683090
0.250	2.050	0.000	1.03671324
0.350	2.050	0.000	1.03665102
0.450	2.050	0.000	1.03668618
0.550	2.050	0.000	1.03678358
0.650	2.050	0.000	1.03696430
0.750	2.050	0.000	1.03721964
0.850	2.050	0.000	1.03748679
0.950	2.050	0.000	1.03767753
1.050	2.050	0.000	1.03773868
1.150	2.050	0.000	1.03765583
1.250	2.050	0.000	1.03747499
1.350	2.050	0.000	1.03724325
1.450	2.050	0.000	1.03698683
1.550	2.050	0.000	1.03674912
1.650	2.050	0.000	1.03653181
1.750	2.050	0.000	1.03631997
1.850	2.050	0.000	1.03612912
1.950	2.050	0.000	1.03599513
2.050	2.050	0.000	1.03590441
2.150	2.050	0.000	1.03585649
2.250	2.050	0.000	1.03578699
2.350	2.050	0.000	1.03564298
2.450	2.050	0.000	1.03538513
-2.450	2.150	0.000	1.03715622
-2.350	2.150	0.000	1.03672945
-2.250	2.150	0.000	1.03675342
-2.150	2.150	0.000	1.03686213
-2.050	2.150	0.000	1.03703284
-1.950	2.150	0.000	1.03729665
-1.850	2.150	0.000	1.03769851
-1.750	2.150	0.000	1.03824902
-1.650	2.150	0.000	1.03893220
-1.550	2.150	0.000	1.03984034
-1.450	2.150	0.000	1.04075027
-1.350	2.150	0.000	1.04164624
-1.250	2.150	0.000	1.04238439
-1.150	2.150	0.000	1.04276991
-1.050	2.150	0.000	1.04290485
-0.950	2.150	0.000	1.04281247
-0.850	2.150	0.000	1.04249144
-0.750	2.150	0.000	1.04204607
-0.650	2.150	0.000	1.04153669
-0.550	2.150	0.000	1.04098034
-0.450	2.150	0.000	1.04037178
-0.350	2.150	0.000	1.03971601
-0.250	2.150	0.000	1.03904033
-0.150	2.150	0.000	1.03839135
-0.050	2.150	0.000	1.03783023
0.050	2.150	0.000	1.03738928
0.150	2.150	0.000	1.03705430
0.250	2.150	0.000	1.03681374
0.350	2.150	0.000	1.03664386
0.450	2.150	0.000	1.03656518
0.550	2.150	0.000	1.03652775
0.650	2.150	0.000	1.03659678
0.750	2.150	0.000	1.03680563
0.850	2.150	0.000	1.03704953
0.950	2.150	0.000	1.03722787
1.050	2.150	0.000	1.03728211
1.150	2.150	0.000	1.03719938
1.250	2.150	0.000	1.03703320
1.350	2.150	0.000	1.03682554
1.450	2.150	0.000	1.03660047
1.550	2.150	0.000	1.03638339
1.650	2.150	0.000	1.03617299
1.750	2.150	0.000	1.03597403
1.850	2.150	0.000	1.03581250
1.950	2.150	0.000	1.03570426
2.050	2.150	0.000	1.03561771
2.150	2.150	0.000	1.03555131
2.250	2.150	0.000	1.03545296
2.350	2.150	0.000	1.03529167
2.450	2.150	0.000	1.03502429
-2.450	2.250	0.000	1.03693759
-2.350	2.250	0.000	1.03651202
-2.250	2.250	0.000	1.03654778
-2.150	2.250	0.000	1.03666031
-2.050	2.250	0.000	1.03682852
-1.950	2.250	0.000	1.03705573
-1.850	2.250	0.000	1.03737020
-1.750	2.250	0.000	1.03780055
-1.650	2.250	0.000	1.03834665
-1.550	2.250	0.000	1.03916526
-1.450	2.250	0.000	1.04001272
-1.350	2.250	0.000	1.04089999
-1.250	2.250	0.000	1.04167223
-1.150	2.250	0.000	1.04213500
-1.050	2.250	0.000	1.04231536
-0.950	2.250	0.000	1.04232240
-0.850	2.250	0.000	1.04210782
-0.750	2.250	0.000	1.04180062
-0.650	2.250	0.000	1.04145193
-0.550	2.250	0.000	1.04104078
-0.450	2.250	0.000	1.04057360
-0.350	2.250	0.000	1.04005098
-0.250	2.250	0.000	1.03947270
-0.150	2.250	0.000	1.03887808
-0.050	2.250	0.000	1.03833449
0.050	2.250	0.000	1.03786957
0.150	2.250	0.000	1.03747904
0.250	2.250	0.000	1.03712535
0.350	2.250	0.000	1.03683090
0.450	2.250	0.000	1.03659499
0.550	2.250	0.000	1.03649390
0.650	2.250	0.000	1.03653181
0.750	2.250	0.000	1.03663266
0.850	2.250	0.000	1.03677511
0.950	2.250	0.000	1.03689945
1.050	2.250	0.000	1.03692913
1.150	2.250	0.000	1.03684378
1.250	2.250	0.000	1.03667676
1.350	2.250	0.000	1.03647697
1.450	2.250	0.000	1.03625500
1.550	2.250	0.000	1.03604007
1.650	2.250	0.000	1.03583872
1.750	2.250	0.000	1.03566241
1.850	2.250	0.000	1.03553987
1.950	2.250	0.000	1.03546929
2.050	2.250	0.000	1.03539431
2.150	2.250	0.000	1.03531015
2.250	2.250	0.000	1.03518665
2.350	2.250	0.000	1.03501117
2.450	2.250	0.000	1.03472972
-2.450	2.350	0.000	1.03656137
-2.350	2.350	0.000	1.03612828
-2.250	2.350	0.000	1.03617108
-2.150	2.350	0.000	1.03630781
-2.050	2.350	0.000	1.03648663
-1.950	2.350	0.000	1.03671896
-1.850	2.350	0.000	1.03700781
-1.750	2.350	0.000	1.03737056
-1.650	2.350	0.000	1.03781593
-1.550	2.350	0.000	1.03853416
-1.450	2.350	0.000	1.03927815
-1.350	2.350	0.000	1.04009986
-1.250	2.350	0.000	1.04082584
-1.150	2.350	0.000	1.04130161
-1.050	2.350	0.000	1.04150617
-0.950	2.350	0.000	1.04155147
-0.850	2.350	0.000	1.04142547
-0.750	2.350	0.000	1.04127038
-0.650	2.350	0.000	1.04114056
-0.550	2.350	0.000	1.04099953
-0.450	2.350	0.000	1.04077888
-0.350	2.350	0.000	1.04044795
-0.250	2.350	0.000	1.04000366
-0.150	2.350	0.000	1.03947949
-0.050	2.350	0.000	1.03895617
0.050	2.350	0.000	1.03849697
0.150	2.350	0.000	1.03811681
0.250	2.350	0.000	1.03777301
0.350	2.350	0.000	1.03742969
0.450	2.350	0.000	1.03710008
0.550	2.350	0.000	1.03680658
0.650	2.350	0.000	1.03661096
0.750	2.350	0.000	1.03652155
0.850	2.350	0.000	1.03651023
0.950	2.350	0.000	1.03653800
1.050	2.350	0.000	1.03652024
1.150	2.350	0.000	1.03641045
1.250	2.350	0.000	1.03622234
1.350	2.350	0.000	1.03599167
1.450	2.350	0.000	1.03575444
1.550	2.350	0.000	1.03555441
1.650	2.350	0.000	1.03538609
1.750	2.350	0.000	1.03526473
1.850	2.350	0.000	1.03520131
1.950	2.350	0.000	1.03519571
2.050	2.350	0.000	1.03516304
2.150	2.350	0.000	1.03509057
2.250	2.350	0.000	1.03496337
2.350	2.350	0.000	1.03479993
2.450	2.350	0.000	1.03451455
-2.450	2.450	0.000	1.03636563
-2.350	2.450	0.000	1.03589332
-2.250	2.450	0.000	1.03591645
-2.150	2.450	0.000	1.03606999
-2.050	2.450	0.000	1.03626406
-1.950	2.450	0.000	1.03651309
-1.850	2.450	0.000	1.03680718
-1.750	2.450	0.000	1.03714478
-1.650	2.450	0.000	1.03752613
-1.550	2.450	0.000	1.03815305
-1.450	2.450	0.000	1.03880811
-1.350	2.450	0.000	1.03955090
-1.250	2.450	0.000	1.04020619
-1.150	2.450	0.000	1.04064214
-1.050	2.450	0.000	1.04081011
-0.950	2.450	0.000	1.04082489
-0.850	2.450	0.000	1.04069138
-0.750	2.450	0.000	1.04057539
-0.650	2.450	0.000	1.04054260
-0.550	2.450	0.000	1.04055238
-0.450	2.450	0.000	1.04051352
-0.350	2.450	0.000	1.04037428
-0.250	2.450	0.000	1.04010201
-0.150	2.450	0.000	1.03972793
-0.050	2.450	0.000	1.03933704
0.050	2.450	0.000	1.03898704
0.150	2.450	0.000	1.03868258
0.250	2.450	0.000	1.03838396
0.350	2.450	0.000	1.03805995
0.450	2.450	0.000	1.03772235
0.550	2.450	0.000	1.03739429
0.650	2.450	0.000	1.03712475
0.750	2.450	0.000	1.03692508
0.850	2.450	0.000	1.03674555
0.950	2.450	0.000	1.03658998
1.050	2.450	0.000	1.03641105
1.150	2.450	0.000	1.03616858
1.250	2.450	0.000	1.03588736
1.350	2.450	0.000	1.03560352
1.450	2.450	0.000	1.03535450
1.550	2.450	0.000	1.03515232
1.650	2.450	0.000	1.03499413
1.750	2.450	0.000	1.03493011
1.850	2.450	0.000	1.03491342
1.950	2.450	0.000	1.03497994
2.050	2.450	0.000	1.03501320
2.150	2.450	0.000	1.03499353
2.250	2.450	0.000	1.03488266
2.350	2.450	0.000	1.03475130
2.450	2.450	0.000	1.03448093
