-2.450	-2.450	0.000	1.02106953
-2.350	-2.450	0.000	1.02047360
-2.250	-2.450	0.000	1.02091157
-2.150	-2.450	0.000	1.02114177
-2.050	-2.450	0.000	1.02164578
-1.950	-2.450	0.000	1.02197325
-1.850	-2.450	0.000	1.02211976
-1.750	-2.450	0.000	1.02218533
-1.650	-2.450	0.000	1.02228832
-1.550	-2.450	0.000	1.02257526
-1.450	-2.450	0.000	1.02315891
-1.350	-2.450	0.000	1.02407086
-1.250	-2.450	0.000	1.02518177
-1.150	-2.450	0.000	1.02629864
-1.050	-2.450	0.000	1.02739298
-0.950	-2.450	0.000	1.02828109
-0.850	-2.450	0.000	1.02890575
-0.750	-2.450	0.000	1.02917647
-0.650	-2.450	0.000	1.02899086
-0.550	-2.450	0.000	1.02849030
-0.450	-2.450	0.000	1.02798748
-0.350	-2.450	0.000	1.02739823
-0.250	-2.450	0.000	1.02681696
-0.150	-2.450	0.000	1.02634370
-0.050	-2.450	0.000	1.02609575
0.050	-2.450	0.000	1.02601898
0.150	-2.450	0.000	1.02595043
0.250	-2.450	0.000	1.02581882
0.350	-2.450	0.000	1.02552295
0.450	-2.450	0.000	1.02492917
0.550	-2.450	0.000	1.02430844
0.650	-2.450	0.000	1.02416432
0.750	-2.450	0.000	1.02429509
0.850	-2.450	0.000	1.02482557
0.950	-2.450	0.000	1.02552962
1.050	-2.450	0.000	1.02607107
1.150	-2.450	0.000	1.02625167
1.250	-2.450	0.000	1.02621377
1.350	-2.450	0.000	1.02578473
1.450	-2.450	0.000	1.02521586
1.550	-2.450	0.000	1.02484345
1.650	-2.450	0.000	1.02479553
1.750	-2.450	0.000	1.02487779
1.850	-2.450	0.000	1.02504933
1.950	-2.450	0.000	1.02545130
2.050	-2.450	0.000	1.02600157
2.150	-2.450	0.000	1.02668953
2.250	-2.450	0.000	1.02738881
2.350	-2.450	0.000	1.02784109
2.450	-2.450	0.000	1.02811646
-2.450	-2.350	0.000	1.02265334
-2.350	-2.350	0.000	1.02205420
-2.250	-2.350	0.000	1.02235186
-2.150	-2.350	0.000	1.02249813
-2.050	-2.350	0.000	1.02288651
-1.950	-2.350	0.000	1.02321458
-1.850	-2.350	0.000	1.02336895
-1.750	-2.350	0.000	1.02348876
-1.650	-2.350	0.000	1.02366102
-1.550	-2.350	0.000	1.02398729
-1.450	-2.350	0.000	1.02451730
-1.350	-2.350	0.000	1.02530420
-1.250	-2.350	0.000	1.02628160
-1.150	-2.350	0.000	1.02730215
-1.050	-2.350	0.000	1.02833736
-0.950	-2.350	0.000	1.02920568
-0.850	-2.350	0.000	1.02983308
-0.750	-2.350	0.000	1.03010130
-0.650	-2.350	0.000	1.02994275
-0.550	-2.350	0.000	1.02941489
-0.450	-2.350	0.000	1.02883136
-0.350	-2.350	0.000	1.02821231
-0.250	-2.350	0.000	1.02761137
-0.150	-2.350	0.000	1.02718294
-0.050	-2.350	0.000	1.02688432
0.050	-2.350	0.000	1.02673173
0.150	-2.350	0.000	1.02659535
0.250	-2.350	0.000	1.02640712
0.350	-2.350	0.000	1.02610528
0.450	-2.350	0.000	1.02558959
0.550	-2.350	0.000	1.02497196
0.650	-2.350	0.000	1.02477765
0.750	-2.350	0.000	1.02484822
0.850	-2.350	0.000	1.02527666
0.950	-2.350	0.000	1.02593219
1.050	-2.350	0.000	1.02652049
1.150	-2.350	0.000	1.02678680
1.250	-2.350	0.000	1.02686703
1.350	-2.350	0.000	1.02657187
1.450	-2.350	0.000	1.02610075
1.550	-2.350	0.000	1.02578139
1.650	-2.350	0.000	1.02572644
1.750	-2.350	0.000	1.02578151
1.850	-2.350	0.000	1.02590215
1.950	-2.350	0.000	1.02620375
2.050	-2.350	0.000	1.02662706
2.150	-2.350	0.000	1.02722287
2.250	-2.350	0.000	1.02769589
2.350	-2.350	0.000	1.02811515
2.450	-2.350	0.000	1.02810872
-2.450	-2.250	0.000	1.02327716
-2.350	-2.250	0.000	1.02268374
-2.250	-2.250	0.000	1.02297342
-2.150	-2.250	0.000	1.02306485
-2.050	-2.250	0.000	1.02341044
-1.950	-2.250	0.000	1.02369344
-1.850	-2.250	0.000	1.02383482
-1.750	-2.250	0.000	1.02394402
-1.650	-2.250	0.000	1.02410710
-1.550	-2.250	0.000	1.02444994
-1.450	-2.250	0.000	1.02500570
-1.350	-2.250	0.000	1.02579439
-1.250	-2.250	0.000	1.02676487
-1.150	-2.250	0.000	1.02777278
-1.050	-2.250	0.000	1.02877879
-0.950	-2.250	0.000	1.02959621
-0.850	-2.250	0.000	1.03014147
-0.750	-2.250	0.000	1.03031278
-0.650	-2.250	0.000	1.03009474
-0.550	-2.250	0.000	1.02951348
-0.450	-2.250	0.000	1.02882183
-0.350	-2.250	0.000	1.02813566
-0.250	-2.250	0.000	1.02750003
-0.150	-2.250	0.000	1.02701759
-0.050	-2.250	0.000	1.02668309
0.050	-2.250	0.000	1.02649796
0.150	-2.250	0.000	1.02634645
0.250	-2.250	0.000	1.02612698
0.350	-2.250	0.000	1.02583230
0.450	-2.250	0.000	1.02536666
0.550	-2.250	0.000	1.02484512
0.650	-2.250	0.000	1.02469778
0.750	-2.250	0.000	1.02478802
0.850	-2.250	0.000	1.02519321
0.950	-2.250	0.000	1.02580678
1.050	-2.250	0.000	1.02636492
1.150	-2.250	0.000	1.02662671
1.250	-2.250	0.000	1.02669668
1.350	-2.250	0.000	1.02638853
1.450	-2.250	0.000	1.02585614
1.550	-2.250	0.000	1.02541041
1.650	-2.250	0.000	1.02518547
1.750	-2.250	0.000	1.02513671
1.850	-2.250	0.000	1.02516162
1.950	-2.250	0.000	1.02540231
2.050	-2.250	0.000	1.02581859
2.150	-2.250	0.000	1.02647281
2.250	-2.250	0.000	1.02700067
2.350	-2.250	0.000	1.02756286
2.450	-2.250	0.000	1.02782357
-2.450	-2.150	0.000	1.02441859
-2.350	-2.150	0.000	1.02390718
-2.250	-2.150	0.000	1.02419722
-2.150	-2.150	0.000	1.02426004
-2.050	-2.150	0.000	1.02450514
-1.950	-2.150	0.000	1.02475166
-1.850	-2.150	0.000	1.02490616
-1.750	-2.150	0.000	1.02502441
-1.650	-2.150	0.000	1.02521241
-1.550	-2.150	0.000	1.02556658
-1.450	-2.150	0.000	1.02614558
-1.350	-2.150	0.000	1.02693379
-1.250	-2.150	0.000	1.02786350
-1.150	-2.150	0.000	1.02880621
-1.050	-2.150	0.000	1.02972722
-0.950	-2.150	0.000	1.03045762
-0.850	-2.150	0.000	1.03096104
-0.750	-2.150	0.000	1.03108573
-0.650	-2.150	0.000	1.03085101
-0.550	-2.150	0.000	1.03025246
-0.450	-2.150	0.000	1.02944767
-0.350	-2.150	0.000	1.02868342
-0.250	-2.150	0.000	1.02797937
-0.150	-2.150	0.000	1.02741575
-0.050	-2.150	0.000	1.02701449
0.050	-2.150	0.000	1.02671683
0.150	-2.150	0.000	1.02648640
0.250	-2.150	0.000	1.02620590
0.350	-2.150	0.000	1.02591479
0.450	-2.150	0.000	1.02549398
0.550	-2.150	0.000	1.02506316
0.650	-2.150	0.000	1.02495158
0.750	-2.150	0.000	1.02503133
0.850	-2.150	0.000	1.02540576
0.950	-2.150	0.000	1.02599144
1.050	-2.150	0.000	1.02653944
1.150	-2.150	0.000	1.02679300
1.250	-2.150	0.000	1.02683127
1.350	-2.150	0.000	1.02644730
1.450	-2.150	0.000	1.02581811
1.550	-2.150	0.000	1.02524996
1.650	-2.150	0.000	1.02484596
1.750	-2.150	0.000	1.02463591
1.850	-2.150	0.000	1.02452016
1.950	-2.150	0.000	1.02469754
2.050	-2.150	0.000	1.02510047
2.150	-2.150	0.000	1.02583241
2.250	-2.150	0.000	1.02650058
2.350	-2.150	0.000	1.02719164
2.450	-2.150	0.000	1.02765954
-2.450	-2.050	0.000	1.02530563
-2.350	-2.050	0.000	1.02483237
-2.250	-2.050	0.000	1.02509642
-2.150	-2.050	0.000	1.02517462
-2.050	-2.050	0.000	1.02537501
-1.950	-2.050	0.000	1.02558017
-1.850	-2.050	0.000	1.02568114
-1.750	-2.050	0.000	1.02578104
-1.650	-2.050	0.000	1.02600372
-1.550	-2.050	0.000	1.02640486
-1.450	-2.050	0.000	1.02702534
-1.350	-2.050	0.000	1.02782571
-1.250	-2.050	0.000	1.02873814
-1.150	-2.050	0.000	1.02966046
-1.050	-2.050	0.000	1.03051591
-0.950	-2.050	0.000	1.03116059
-0.850	-2.050	0.000	1.03154683
-0.750	-2.050	0.000	1.03161120
-0.650	-2.050	0.000	1.03129363
-0.550	-2.050	0.000	1.03065968
-0.450	-2.050	0.000	1.02982426
-0.350	-2.050	0.000	1.02901888
-0.250	-2.050	0.000	1.02825177
-0.150	-2.050	0.000	1.02763128
-0.050	-2.050	0.000	1.02714670
0.050	-2.050	0.000	1.02677119
0.150	-2.050	0.000	1.02646470
0.250	-2.050	0.000	1.02614701
0.350	-2.050	0.000	1.02584219
0.450	-2.050	0.000	1.02544737
0.550	-2.050	0.000	1.02510989
0.650	-2.050	0.000	1.02505469
0.750	-2.050	0.000	1.02514064
0.850	-2.050	0.000	1.02547729
0.950	-2.050	0.000	1.02603579
1.050	-2.050	0.000	1.02656615
1.150	-2.050	0.000	1.02680600
1.250	-2.050	0.000	1.02681088
1.350	-2.050	0.000	1.02632451
1.450	-2.050	0.000	1.02556992
1.550	-2.050	0.000	1.02483368
1.650	-2.050	0.000	1.02421057
1.750	-2.050	0.000	1.02385914
1.850	-2.050	0.000	1.02369034
1.950	-2.050	0.000	1.02380919
2.050	-2.050	0.000	1.02418399
2.150	-2.050	0.000	1.02493882
2.250	-2.050	0.000	1.02572632
2.350	-2.050	0.000	1.02648830
2.450	-2.050	0.000	1.02729797
-2.450	-1.950	0.000	1.02630723
-2.350	-1.950	0.000	1.02588141
-2.250	-1.950	0.000	1.02613866
-2.150	-1.950	0.000	1.02626181
-2.050	-1.950	0.000	1.02639937
-1.950	-1.950	0.000	1.02653718
-1.850	-1.950	0.000	1.02655947
-1.750	-1.950	0.000	1.02661932
-1.650	-1.950	0.000	1.02680802
-1.550	-1.950	0.000	1.02725184
-1.450	-1.950	0.000	1.02787006
-1.350	-1.950	0.000	1.02869248
-1.250	-1.950	0.000	1.02959764
-1.150	-1.950	0.000	1.03052318
-1.050	-1.950	0.000	1.03133500
-0.950	-1.950	0.000	1.03193700
-0.850	-1.950	0.000	1.03219259
-0.750	-1.950	0.000	1.03221571
-0.650	-1.950	0.000	1.03184509
-0.550	-1.950	0.000	1.03116679
-0.450	-1.950	0.000	1.03031349
-0.350	-1.950	0.000	1.02944660
-0.250	-1.950	0.000	1.02863300
-0.150	-1.950	0.000	1.02795339
-0.050	-1.950	0.000	1.02738631
0.050	-1.950	0.000	1.02692342
0.150	-1.950	0.000	1.02653551
0.250	-1.950	0.000	1.02617300
0.350	-1.950	0.000	1.02586353
0.450	-1.950	0.000	1.02549374
0.550	-1.950	0.000	1.02522469
0.650	-1.950	0.000	1.02520359
0.750	-1.950	0.000	1.02529800
0.850	-1.950	0.000	1.02560937
0.950	-1.950	0.000	1.02613413
1.050	-1.950	0.000	1.02665377
1.150	-1.950	0.000	1.02690291
1.250	-1.950	0.000	1.02691555
1.350	-1.950	0.000	1.02644241
1.450	-1.950	0.000	1.02564716
1.550	-1.950	0.000	1.02482772
1.650	-1.950	0.000	1.02409804
1.750	-1.950	0.000	1.02362943
1.850	-1.950	0.000	1.02336407
1.950	-1.950	0.000	1.02337193
2.050	-1.950	0.000	1.02364194
2.150	-1.950	0.000	1.02426875
2.250	-1.950	0.000	1.02507997
2.350	-1.950	0.000	1.02579546
2.450	-1.950	0.000	1.02679813
-2.450	-1.850	0.000	1.02714348
-2.350	-1.850	0.000	1.02678168
-2.250	-1.850	0.000	1.02698445
-2.150	-1.850	0.000	1.02708244
-2.050	-1.850	0.000	1.02714074
-1.950	-1.850	0.000	1.02728069
-1.850	-1.850	0.000	1.02724504
-1.750	-1.850	0.000	1.02726972
-1.650	-1.850	0.000	1.02744567
-1.550	-1.850	0.000	1.02792776
-1.450	-1.850	0.000	1.02852130
-1.350	-1.850	0.000	1.02934051
-1.250	-1.850	0.000	1.03023732
-1.150	-1.850	0.000	1.03109586
-1.050	-1.850	0.000	1.03184974
-0.950	-1.850	0.000	1.03239167
-0.850	-1.850	0.000	1.03265059
-0.750	-1.850	0.000	1.03261447
-0.650	-1.850	0.000	1.03219461
-0.550	-1.850	0.000	1.03149879
-0.450	-1.850	0.000	1.03062224
-0.350	-1.850	0.000	1.02975440
-0.250	-1.850	0.000	1.02896130
-0.150	-1.850	0.000	1.02828288
-0.050	-1.850	0.000	1.02769613
0.050	-1.850	0.000	1.02718544
0.150	-1.850	0.000	1.02672827
0.250	-1.850	0.000	1.02630973
0.350	-1.850	0.000	1.02599561
0.450	-1.850	0.000	1.02563655
0.550	-1.850	0.000	1.02537680
0.650	-1.850	0.000	1.02535772
0.750	-1.850	0.000	1.02543640
0.850	-1.850	0.000	1.02567720
0.950	-1.850	0.000	1.02614069
1.050	-1.850	0.000	1.02659059
1.150	-1.850	0.000	1.02679574
1.250	-1.850	0.000	1.02677989
1.350	-1.850	0.000	1.02631450
1.450	-1.850	0.000	1.02552629
1.550	-1.850	0.000	1.02472138
1.650	-1.850	0.000	1.02398992
1.750	-1.850	0.000	1.02347922
1.850	-1.850	0.000	1.02317095
1.950	-1.850	0.000	1.02310121
2.050	-1.850	0.000	1.02331865
2.150	-1.850	0.000	1.02385736
2.250	-1.850	0.000	1.02464116
2.350	-1.850	0.000	1.02527320
2.450	-1.850	0.000	1.02637875
-2.450	-1.750	0.000	1.02788007
-2.350	-1.750	0.000	1.02756023
-2.250	-1.750	0.000	1.02769983
-2.150	-1.750	0.000	1.02777421
-2.050	-1.750	0.000	1.02779186
-1.950	-1.750	0.000	1.02782094
-1.850	-1.750	0.000	1.02774239
-1.750	-1.750	0.000	1.02774870
-1.650	-1.750	0.000	1.02789080
-1.550	-1.750	0.000	1.02835453
-1.450	-1.750	0.000	1.02896583
-1.350	-1.750	0.000	1.02981389
-1.250	-1.750	0.000	1.03069448
-1.150	-1.750	0.000	1.03142118
-1.050	-1.750	0.000	1.03210819
-0.950	-1.750	0.000	1.03254390
-0.850	-1.750	0.000	1.03273308
-0.750	-1.750	0.000	1.03264725
-0.650	-1.750	0.000	1.03222346
-0.550	-1.750	0.000	1.03156233
-0.450	-1.750	0.000	1.03074062
-0.350	-1.750	0.000	1.02990401
-0.250	-1.750	0.000	1.02913094
-0.150	-1.750	0.000	1.02847350
-0.050	-1.750	0.000	1.02792645
0.050	-1.750	0.000	1.02743912
0.150	-1.750	0.000	1.02697372
0.250	-1.750	0.000	1.02652419
0.350	-1.750	0.000	1.02620339
0.450	-1.750	0.000	1.02585936
0.550	-1.750	0.000	1.02560031
0.650	-1.750	0.000	1.02558553
0.750	-1.750	0.000	1.02564192
0.850	-1.750	0.000	1.02580786
0.950	-1.750	0.000	1.02617037
1.050	-1.750	0.000	1.02650321
1.150	-1.750	0.000	1.02665138
1.250	-1.750	0.000	1.02662325
1.350	-1.750	0.000	1.02621496
1.450	-1.750	0.000	1.02551126
1.550	-1.750	0.000	1.02476406
1.650	-1.750	0.000	1.02407670
1.750	-1.750	0.000	1.02359140
1.850	-1.750	0.000	1.02328241
1.950	-1.750	0.000	1.02316272
2.050	-1.750	0.000	1.02332187
2.150	-1.750	0.000	1.02373958
2.250	-1.750	0.000	1.02447307
2.350	-1.750	0.000	1.02496290
2.450	-1.750	0.000	1.02610111
-2.450	-1.650	0.000	1.02842450
-2.350	-1.650	0.000	1.02814245
-2.250	-1.650	0.000	1.02821136
-2.150	-1.650	0.000	1.02820241
-2.050	-1.650	0.000	1.02814841
-1.950	-1.650	0.000	1.02811253
-1.850	-1.650	0.000	1.02798522
-1.750	-1.650	0.000	1.02797091
-1.650	-1.650	0.000	1.02817214
-1.550	-1.650	0.000	1.02867126
-1.450	-1.650	0.000	1.02928543
-1.350	-1.650	0.000	1.03014004
-1.250	-1.650	0.000	1.03103209
-1.150	-1.650	0.000	1.03170872
-1.050	-1.650	0.000	1.03238201
-0.950	-1.650	0.000	1.03270519
-0.850	-1.650	0.000	1.03280199
-0.750	-1.650	0.000	1.03258479
-0.650	-1.650	0.000	1.03205860
-0.550	-1.650	0.000	1.03131187
-0.450	-1.650	0.000	1.03045714
-0.350	-1.650	0.000	1.02966392
-0.250	-1.650	0.000	1.02899218
-0.150	-1.650	0.000	1.02844882
-0.050	-1.650	0.000	1.02798223
0.050	-1.650	0.000	1.02755022
0.150	-1.650	0.000	1.02712321
0.250	-1.650	0.000	1.02668273
0.350	-1.650	0.000	1.02639091
0.450	-1.650	0.000	1.02611637
0.550	-1.650	0.000	1.02586877
0.650	-1.650	0.000	1.02585375
0.750	-1.650	0.000	1.02588093
0.850	-1.650	0.000	1.02596343
0.950	-1.650	0.000	1.02618277
1.050	-1.650	0.000	1.02639258
1.150	-1.650	0.000	1.02646589
1.250	-1.650	0.000	1.02640545
1.350	-1.650	0.000	1.02603793
1.450	-1.650	0.000	1.02542233
1.550	-1.650	0.000	1.02475214
1.650	-1.650	0.000	1.02413094
1.750	-1.650	0.000	1.02370799
1.850	-1.650	0.000	1.02344322
1.950	-1.650	0.000	1.02333534
2.050	-1.650	0.000	1.02346599
2.150	-1.650	0.000	1.02378213
2.250	-1.650	0.000	1.02446783
2.350	-1.650	0.000	1.02483916
2.450	-1.650	0.000	1.02594030
-2.450	-1.550	0.000	1.02882183
-2.350	-1.550	0.000	1.02856445
-2.250	-1.550	0.000	1.02856696
-2.150	-1.550	0.000	1.02846992
-2.050	-1.550	0.000	1.02836967
-1.950	-1.550	0.000	1.02824330
-1.850	-1.550	0.000	1.02809393
-1.750	-1.550	0.000	1.02808785
-1.650	-1.550	0.000	1.02830327
-1.550	-1.550	0.000	1.02882338
-1.450	-1.550	0.000	1.02942121
-1.350	-1.550	0.000	1.03027737
-1.250	-1.550	0.000	1.03116810
-1.150	-1.550	0.000	1.03184485
-1.050	-1.550	0.000	1.03245485
-0.950	-1.550	0.000	1.03273106
-0.850	-1.550	0.000	1.03275728
-0.750	-1.550	0.000	1.03245139
-0.650	-1.550	0.000	1.03182209
-0.550	-1.550	0.000	1.03097582
-0.450	-1.550	0.000	1.03007901
-0.350	-1.550	0.000	1.02930021
-0.250	-1.550	0.000	1.02869761
-0.150	-1.550	0.000	1.02824306
-0.050	-1.550	0.000	1.02790225
0.050	-1.550	0.000	1.02757740
0.150	-1.550	0.000	1.02722001
0.250	-1.550	0.000	1.02681088
0.350	-1.550	0.000	1.02653813
0.450	-1.550	0.000	1.02635479
0.550	-1.550	0.000	1.02615738
0.650	-1.550	0.000	1.02615225
0.750	-1.550	0.000	1.02616203
0.850	-1.550	0.000	1.02620089
0.950	-1.550	0.000	1.02628970
1.050	-1.550	0.000	1.02636445
1.150	-1.550	0.000	1.02638507
1.250	-1.550	0.000	1.02627230
1.350	-1.550	0.000	1.02592576
1.450	-1.550	0.000	1.02538180
1.550	-1.550	0.000	1.02476835
1.650	-1.550	0.000	1.02421677
1.750	-1.550	0.000	1.02386367
1.850	-1.550	0.000	1.02365124
1.950	-1.550	0.000	1.02355778
2.050	-1.550	0.000	1.02367783
2.150	-1.550	0.000	1.02390838
2.250	-1.550	0.000	1.02455306
2.350	-1.550	0.000	1.02483189
2.450	-1.550	0.000	1.02591240
-2.450	-1.450	0.000	1.02915192
-2.350	-1.450	0.000	1.02888846
-2.250	-1.450	0.000	1.02881026
-2.150	-1.450	0.000	1.02858937
-2.050	-1.450	0.000	1.02836573
-1.950	-1.450	0.000	1.02813041
-1.850	-1.450	0.000	1.02798700
-1.750	-1.450	0.000	1.02803278
-1.650	-1.450	0.000	1.02830303
-1.550	-1.450	0.000	1.02885520
-1.450	-1.450	0.000	1.02941084
-1.350	-1.450	0.000	1.03021491
-1.250	-1.450	0.000	1.03106713
-1.150	-1.450	0.000	1.03172886
-1.050	-1.450	0.000	1.03230679
-0.950	-1.450	0.000	1.03262532
-0.850	-1.450	0.000	1.03258216
-0.750	-1.450	0.000	1.03220367
-0.650	-1.450	0.000	1.03150129
-0.550	-1.450	0.000	1.03062177
-0.450	-1.450	0.000	1.02975726
-0.350	-1.450	0.000	1.02902782
-0.250	-1.450	0.000	1.02845991
-0.150	-1.450	0.000	1.02806556
-0.050	-1.450	0.000	1.02779114
0.050	-1.450	0.000	1.02754343
0.150	-1.450	0.000	1.02726090
0.250	-1.450	0.000	1.02691031
0.350	-1.450	0.000	1.02665281
0.450	-1.450	0.000	1.02651429
0.550	-1.450	0.000	1.02638423
0.650	-1.450	0.000	1.02641261
0.750	-1.450	0.000	1.02641618
0.850	-1.450	0.000	1.02642524
0.950	-1.450	0.000	1.02643263
1.050	-1.450	0.000	1.02642465
1.150	-1.450	0.000	1.02638090
1.250	-1.450	0.000	1.02621889
1.350	-1.450	0.000	1.02588844
1.450	-1.450	0.000	1.02536201
1.550	-1.450	0.000	1.02475774
1.650	-1.450	0.000	1.02423191
1.750	-1.450	0.000	1.02395833
1.850	-1.450	0.000	1.02378488
1.950	-1.450	0.000	1.02375853
2.050	-1.450	0.000	1.02392113
2.150	-1.450	0.000	1.02410400
2.250	-1.450	0.000	1.02471590
2.350	-1.450	0.000	1.02490509
2.450	-1.450	0.000	1.02593398
-2.450	-1.350	0.000	1.02941036
-2.350	-1.350	0.000	1.02915585
-2.250	-1.350	0.000	1.02896726
-2.150	-1.350	0.000	1.02865005
-2.050	-1.350	0.000	1.02834332
-1.950	-1.350	0.000	1.02808344
-1.850	-1.350	0.000	1.02793884
-1.750	-1.350	0.000	1.02799833
-1.650	-1.350	0.000	1.02827978
-1.550	-1.350	0.000	1.02884305
-1.450	-1.350	0.000	1.02937031
-1.350	-1.350	0.000	1.03014052
-1.250	-1.350	0.000	1.03096128
-1.150	-1.350	0.000	1.03155482
-1.050	-1.350	0.000	1.03202307
-0.950	-1.350	0.000	1.03230643
-0.850	-1.350	0.000	1.03219354
-0.750	-1.350	0.000	1.03175175
-0.650	-1.350	0.000	1.03100693
-0.550	-1.350	0.000	1.03014338
-0.450	-1.350	0.000	1.02936268
-0.350	-1.350	0.000	1.02872074
-0.250	-1.350	0.000	1.02824509
-0.150	-1.350	0.000	1.02790976
-0.050	-1.350	0.000	1.02767408
0.050	-1.350	0.000	1.02746856
0.150	-1.350	0.000	1.02721405
0.250	-1.350	0.000	1.02688372
0.350	-1.350	0.000	1.02663481
0.450	-1.350	0.000	1.02653694
0.550	-1.350	0.000	1.02648127
0.650	-1.350	0.000	1.02655542
0.750	-1.350	0.000	1.02657604
0.850	-1.350	0.000	1.02656388
0.950	-1.350	0.000	1.02653825
1.050	-1.350	0.000	1.02649105
1.150	-1.350	0.000	1.02641916
1.250	-1.350	0.000	1.02624786
1.350	-1.350	0.000	1.02593911
1.450	-1.350	0.000	1.02544188
1.550	-1.350	0.000	1.02485549
1.650	-1.350	0.000	1.02430809
1.750	-1.350	0.000	1.02401626
1.850	-1.350	0.000	1.02392638
1.950	-1.350	0.000	1.02396905
2.050	-1.350	0.000	1.02416444
2.150	-1.350	0.000	1.02432168
2.250	-1.350	0.000	1.02489889
2.350	-1.350	0.000	1.02503467
2.450	-1.350	0.000	1.02599657
-2.450	-1.250	0.000	1.02969301
-2.350	-1.250	0.000	1.02945578
-2.250	-1.250	0.000	1.02917659
-2.150	-1.250	0.000	1.02879202
-2.050	-1.250	0.000	1.02836120
-1.950	-1.250	0.000	1.02796054
-1.850	-1.250	0.000	1.02774072
-1.750	-1.250	0.000	1.02780759
-1.650	-1.250	0.000	1.02814555
-1.550	-1.250	0.000	1.02869785
-1.450	-1.250	0.000	1.02921331
-1.350	-1.250	0.000	1.02993083
-1.250	-1.250	0.000	1.03070605
-1.150	-1.250	0.000	1.03130603
-1.050	-1.250	0.000	1.03174984
-0.950	-1.250	0.000	1.03191972
-0.850	-1.250	0.000	1.03169918
-0.750	-1.250	0.000	1.03114331
-0.650	-1.250	0.000	1.03032374
-0.550	-1.250	0.000	1.02951634
-0.450	-1.250	0.000	1.02887309
-0.350	-1.250	0.000	1.02831447
-0.250	-1.250	0.000	1.02795303
-0.150	-1.250	0.000	1.02773011
-0.050	-1.250	0.000	1.02757740
0.050	-1.250	0.000	1.02742970
0.150	-1.250	0.000	1.02719676
0.250	-1.250	0.000	1.02686203
0.350	-1.250	0.000	1.02659118
0.450	-1.250	0.000	1.02645671
0.550	-1.250	0.000	1.02643621
0.650	-1.250	0.000	1.02654803
0.750	-1.250	0.000	1.02659178
0.850	-1.250	0.000	1.02657282
0.950	-1.250	0.000	1.02654815
1.050	-1.250	0.000	1.02648783
1.150	-1.250	0.000	1.02642345
1.250	-1.250	0.000	1.02630007
1.350	-1.250	0.000	1.02605522
1.450	-1.250	0.000	1.02561748
1.550	-1.250	0.000	1.02503359
1.650	-1.250	0.000	1.02448070
1.750	-1.250	0.000	1.02421427
1.850	-1.250	0.000	1.02412558
1.950	-1.250	0.000	1.02414322
2.050	-1.250	0.000	1.02434456
2.150	-1.250	0.000	1.02446520
2.250	-1.250	0.000	1.02500784
2.350	-1.250	0.000	1.02512467
2.450	-1.250	0.000	1.02601433
-2.450	-1.150	0.000	1.02941549
-2.350	-1.150	0.000	1.02921224
-2.250	-1.150	0.000	1.02885342
-2.150	-1.150	0.000	1.02838278
-2.050	-1.150	0.000	1.02786613
-1.950	-1.150	0.000	1.02745795
-1.850	-1.150	0.000	1.02723002
-1.750	-1.150	0.000	1.02730370
-1.650	-1.150	0.000	1.02768874
-1.550	-1.150	0.000	1.02827322
-1.450	-1.150	0.000	1.02880764
-1.350	-1.150	0.000	1.02946281
-1.250	-1.150	0.000	1.03010488
-1.150	-1.150	0.000	1.03059959
-1.050	-1.150	0.000	1.03090608
-0.950	-1.150	0.000	1.03106689
-0.850	-1.150	0.000	1.03077972
-0.750	-1.150	0.000	1.03014815
-0.650	-1.150	0.000	1.02935362
-0.550	-1.150	0.000	1.02879870
-0.450	-1.150	0.000	1.02831459
-0.350	-1.150	0.000	1.02792716
-0.250	-1.150	0.000	1.02771008
-0.150	-1.150	0.000	1.02757716
-0.050	-1.150	0.000	1.02751553
0.050	-1.150	0.000	1.02743733
0.150	-1.150	0.000	1.02725101
0.250	-1.150	0.000	1.02692604
0.350	-1.150	0.000	1.02662480
0.450	-1.150	0.000	1.02644730
0.550	-1.150	0.000	1.02642226
0.650	-1.150	0.000	1.02653039
0.750	-1.150	0.000	1.02658129
0.850	-1.150	0.000	1.02655661
0.950	-1.150	0.000	1.02654004
1.050	-1.150	0.000	1.02648234
1.150	-1.150	0.000	1.02642798
1.250	-1.150	0.000	1.02633727
1.350	-1.150	0.000	1.02618861
1.450	-1.150	0.000	1.02586651
1.550	-1.150	0.000	1.02538598
1.650	-1.150	0.000	1.02483380
1.750	-1.150	0.000	1.02448547
1.850	-1.150	0.000	1.02439249
1.950	-1.150	0.000	1.02435565
2.050	-1.150	0.000	1.02452219
2.150	-1.150	0.000	1.02461255
2.250	-1.150	0.000	1.02512205
2.350	-1.150	0.000	1.02522707
2.450	-1.150	0.000	1.02603114
-2.450	-1.050	0.000	1.02902436
-2.350	-1.050	0.000	1.02883828
-2.250	-1.050	0.000	1.02843165
-2.150	-1.050	0.000	1.02787757
-2.050	-1.050	0.000	1.02725339
-1.950	-1.050	0.000	1.02676702
-1.850	-1.050	0.000	1.02653372
-1.750	-1.050	0.000	1.02665007
-1.650	-1.050	0.000	1.02712548
-1.550	-1.050	0.000	1.02774918
-1.450	-1.050	0.000	1.02831280
-1.350	-1.050	0.000	1.02891862
-1.250	-1.050	0.000	1.02945387
-1.150	-1.050	0.000	1.02985609
-1.050	-1.050	0.000	1.03002095
-0.950	-1.050	0.000	1.03007114
-0.850	-1.050	0.000	1.02969277
-0.750	-1.050	0.000	1.02902615
-0.650	-1.050	0.000	1.02835679
-0.550	-1.050	0.000	1.02805984
-0.450	-1.050	0.000	1.02773857
-0.350	-1.050	0.000	1.02753150
-0.250	-1.050	0.000	1.02744544
-0.150	-1.050	0.000	1.02743089
-0.050	-1.050	0.000	1.02743518
0.050	-1.050	0.000	1.02742565
0.150	-1.050	0.000	1.02730095
0.250	-1.050	0.000	1.02701545
0.350	-1.050	0.000	1.02670860
0.450	-1.050	0.000	1.02651179
0.550	-1.050	0.000	1.02646255
0.650	-1.050	0.000	1.02655137
0.750	-1.050	0.000	1.02661514
0.850	-1.050	0.000	1.02657664
0.950	-1.050	0.000	1.02656019
1.050	-1.050	0.000	1.02652204
1.150	-1.050	0.000	1.02647126
1.250	-1.050	0.000	1.02641404
1.350	-1.050	0.000	1.02629721
1.450	-1.050	0.000	1.02605081
1.550	-1.050	0.000	1.02566063
1.650	-1.050	0.000	1.02515113
1.750	-1.050	0.000	1.02476513
1.850	-1.050	0.000	1.02464056
1.950	-1.050	0.000	1.02454674
2.050	-1.050	0.000	1.02464843
2.150	-1.050	0.000	1.02468836
2.250	-1.050	0.000	1.02513540
2.350	-1.050	0.000	1.02522671
2.450	-1.050	0.000	1.02594960
-2.450	-0.950	0.000	1.02844608
-2.350	-0.950	0.000	1.02827621
-2.250	-0.950	0.000	1.02784228
-2.150	-0.950	0.000	1.02722323
-2.050	-0.950	0.000	1.02653205
-1.950	-0.950	0.000	1.02599561
-1.850	-0.950	0.000	1.02575576
-1.750	-0.950	0.000	1.02591074
-1.650	-0.950	0.000	1.02645409
-1.550	-0.950	0.000	1.02714431
-1.450	-0.950	0.000	1.02774549
-1.350	-0.950	0.000	1.02831888
-1.250	-0.950	0.000	1.02875078
-1.150	-0.950	0.000	1.02906299
-1.050	-0.950	0.000	1.02909327
-0.950	-0.950	0.000	1.02898872
-0.850	-0.950	0.000	1.02853274
-0.750	-0.950	0.000	1.02791512
-0.650	-0.950	0.000	1.02748525
-0.550	-0.950	0.000	1.02742386
-0.450	-0.950	0.000	1.02729952
-0.350	-0.950	0.000	1.02725494
-0.250	-0.950	0.000	1.02729642
-0.150	-0.950	0.000	1.02736902
-0.050	-0.950	0.000	1.02741194
0.050	-0.950	0.000	1.02743924
0.150	-0.950	0.000	1.02734470
0.250	-0.950	0.000	1.02709055
0.350	-0.950	0.000	1.02680326
0.450	-0.950	0.000	1.02662587
0.550	-0.950	0.000	1.02658010
0.650	-0.950	0.000	1.02663481
0.750	-0.950	0.000	1.02671921
0.850	-0.950	0.000	1.02669001
0.950	-0.950	0.000	1.02660584
1.050	-0.950	0.000	1.02658057
1.150	-0.950	0.000	1.02654099
1.250	-0.950	0.000	1.02650547
1.350	-0.950	0.000	1.02641749
1.450	-0.950	0.000	1.02622831
1.550	-0.950	0.000	1.02592397
1.650	-0.950	0.000	1.02546489
1.750	-0.950	0.000	1.02503967
1.850	-0.950	0.000	1.02485549
1.950	-0.950	0.000	1.02470529
2.050	-0.950	0.000	1.02471650
2.150	-0.950	0.000	1.02468777
2.250	-0.950	0.000	1.02506495
2.350	-0.950	0.000	1.02514303
2.450	-0.950	0.000	1.02580261
-2.450	-0.850	0.000	1.02776206
-2.350	-0.850	0.000	1.02762020
-2.250	-0.850	0.000	1.02717483
-2.150	-0.850	0.000	1.02651751
-2.050	-0.850	0.000	1.02577817
-1.950	-0.850	0.000	1.02521169
-1.850	-0.850	0.000	1.02496529
-1.750	-0.850	0.000	1.02514887
-1.650	-0.850	0.000	1.02576411
-1.550	-0.850	0.000	1.02650046
-1.450	-0.850	0.000	1.02712119
-1.350	-0.850	0.000	1.02767730
-1.250	-0.850	0.000	1.02801454
-1.150	-0.850	0.000	1.02817786
-1.050	-0.850	0.000	1.02811134
-0.950	-0.850	0.000	1.02783418
-0.850	-0.850	0.000	1.02738786
-0.750	-0.850	0.000	1.02689052
-0.650	-0.850	0.000	1.02682817
-0.550	-0.850	0.000	1.02693725
-0.450	-0.850	0.000	1.02697480
-0.350	-0.850	0.000	1.02706015
-0.250	-0.850	0.000	1.02720213
-0.150	-0.850	0.000	1.02734804
-0.050	-0.850	0.000	1.02743363
0.050	-0.850	0.000	1.02748883
0.150	-0.850	0.000	1.02742290
0.250	-0.850	0.000	1.02719164
0.350	-0.850	0.000	1.02689195
0.450	-0.850	0.000	1.02666843
0.550	-0.850	0.000	1.02663434
0.650	-0.850	0.000	1.02670062
0.750	-0.850	0.000	1.02678585
0.850	-0.850	0.000	1.02682877
0.950	-0.850	0.000	1.02673638
1.050	-0.850	0.000	1.02666807
1.150	-0.850	0.000	1.02662361
1.250	-0.850	0.000	1.02656686
1.350	-0.850	0.000	1.02650261
1.450	-0.850	0.000	1.02637196
1.550	-0.850	0.000	1.02612972
1.650	-0.850	0.000	1.02576077
1.750	-0.850	0.000	1.02535307
1.850	-0.850	0.000	1.02509654
1.950	-0.850	0.000	1.02488780
2.050	-0.850	0.000	1.02480245
2.150	-0.850	0.000	1.02469206
2.250	-0.850	0.000	1.02498412
2.350	-0.850	0.000	1.02502823
2.450	-0.850	0.000	1.02564919
-2.450	-0.750	0.000	1.02715218
-2.350	-0.750	0.000	1.02703953
-2.250	-0.750	0.000	1.02659082
-2.150	-0.750	0.000	1.02591288
-2.050	-0.750	0.000	1.02513242
-1.950	-0.750	0.000	1.02453589
-1.850	-0.750	0.000	1.02426636
-1.750	-0.750	0.000	1.02446342
-1.650	-0.750	0.000	1.02511966
-1.550	-0.750	0.000	1.02585673
-1.450	-0.750	0.000	1.02647889
-1.350	-0.750	0.000	1.02700794
-1.250	-0.750	0.000	1.02726746
-1.150	-0.750	0.000	1.02729690
-1.050	-0.750	0.000	1.02712643
-0.950	-0.750	0.000	1.02676249
-0.850	-0.750	0.000	1.02640009
-0.750	-0.750	0.000	1.02612400
-0.650	-0.750	0.000	1.02638781
-0.550	-0.750	0.000	1.02662575
-0.450	-0.750	0.000	1.02683187
-0.350	-0.750	0.000	1.02702808
-0.250	-0.750	0.000	1.02719510
-0.150	-0.750	0.000	1.02736819
-0.050	-0.750	0.000	1.02749527
0.050	-0.750	0.000	1.02757859
0.150	-0.750	0.000	1.02753663
0.250	-0.750	0.000	1.02729857
0.350	-0.750	0.000	1.02696908
0.450	-0.750	0.000	1.02670932
0.550	-0.750	0.000	1.02666855
0.650	-0.750	0.000	1.02669823
0.750	-0.750	0.000	1.02673566
0.850	-0.750	0.000	1.02677202
0.950	-0.750	0.000	1.02675617
1.050	-0.750	0.000	1.02668583
1.150	-0.750	0.000	1.02665818
1.250	-0.750	0.000	1.02664518
1.350	-0.750	0.000	1.02659261
1.450	-0.750	0.000	1.02649093
1.550	-0.750	0.000	1.02629995
1.650	-0.750	0.000	1.02602315
1.750	-0.750	0.000	1.02566886
1.850	-0.750	0.000	1.02536762
1.950	-0.750	0.000	1.02511847
2.050	-0.750	0.000	1.02501106
2.150	-0.750	0.000	1.02486324
2.250	-0.750	0.000	1.02503121
2.350	-0.750	0.000	1.02502227
2.450	-0.750	0.000	1.02559733
-2.450	-0.650	0.000	1.02669287
-2.350	-0.650	0.000	1.02662742
-2.250	-0.650	0.000	1.02618480
-2.150	-0.650	0.000	1.02550447
-2.050	-0.650	0.000	1.02469778
-1.950	-0.650	0.000	1.02406013
-1.850	-0.650	0.000	1.02375484
-1.750	-0.650	0.000	1.02393496
-1.650	-0.650	0.000	1.02459526
-1.550	-0.650	0.000	1.02530122
-1.450	-0.650	0.000	1.02591062
-1.350	-0.650	0.000	1.02641523
-1.250	-0.650	0.000	1.02660334
-1.150	-0.650	0.000	1.02649498
-1.050	-0.650	0.000	1.02620685
-0.950	-0.650	0.000	1.02588570
-0.850	-0.650	0.000	1.02561212
-0.750	-0.650	0.000	1.02558815
-0.650	-0.650	0.000	1.02614188
-0.550	-0.650	0.000	1.02658737
-0.450	-0.650	0.000	1.02696407
-0.350	-0.650	0.000	1.02721262
-0.250	-0.650	0.000	1.02735019
-0.150	-0.650	0.000	1.02744412
-0.050	-0.650	0.000	1.02756727
0.050	-0.650	0.000	1.02765071
0.150	-0.650	0.000	1.02765381
0.250	-0.650	0.000	1.02748168
0.350	-0.650	0.000	1.02719367
0.450	-0.650	0.000	1.02688539
0.550	-0.650	0.000	1.02670670
0.650	-0.650	0.000	1.02668738
0.750	-0.650	0.000	1.02666783
0.850	-0.650	0.000	1.02666283
0.950	-0.650	0.000	1.02665377
1.050	-0.650	0.000	1.02662849
1.150	-0.650	0.000	1.02664566
1.250	-0.650	0.000	1.02672076
1.350	-0.650	0.000	1.02673697
1.450	-0.650	0.000	1.02668202
1.550	-0.650	0.000	1.02654612
1.650	-0.650	0.000	1.02631199
1.750	-0.650	0.000	1.02599382
1.850	-0.650	0.000	1.02569544
1.950	-0.650	0.000	1.02542710
2.050	-0.650	0.000	1.02530587
2.150	-0.650	0.000	1.02514279
2.250	-0.650	0.000	1.02523732
2.350	-0.650	0.000	1.02518225
2.450	-0.650	0.000	1.02568853
-2.450	-0.550	0.000	1.02650142
-2.350	-0.550	0.000	1.02648842
-2.250	-0.550	0.000	1.02607632
-2.150	-0.550	0.000	1.02541316
-2.050	-0.550	0.000	1.02458727
-1.950	-0.550	0.000	1.02386582
-1.850	-0.550	0.000	1.02350008
-1.750	-0.550	0.000	1.02365804
-1.650	-0.550	0.000	1.02428102
-1.550	-0.550	0.000	1.02492428
-1.450	-0.550	0.000	1.02548969
-1.350	-0.550	0.000	1.02591920
-1.250	-0.550	0.000	1.02600968
-1.150	-0.550	0.000	1.02585578
-1.050	-0.550	0.000	1.02559638
-0.950	-0.550	0.000	1.02533424
-0.850	-0.550	0.000	1.02529383
-0.750	-0.550	0.000	1.02553594
-0.650	-0.550	0.000	1.02626359
-0.550	-0.550	0.000	1.02673137
-0.450	-0.550	0.000	1.02713704
-0.350	-0.550	0.000	1.02733195
-0.250	-0.550	0.000	1.02743173
-0.150	-0.550	0.000	1.02752805
-0.050	-0.550	0.000	1.02762043
0.050	-0.550	0.000	1.02768695
0.150	-0.550	0.000	1.02770901
0.250	-0.550	0.000	1.02758646
0.350	-0.550	0.000	1.02732682
0.450	-0.550	0.000	1.02704287
0.550	-0.550	0.000	1.02685845
0.650	-0.550	0.000	1.02680135
0.750	-0.550	0.000	1.02670574
0.850	-0.550	0.000	1.02662897
0.950	-0.550	0.000	1.02658653
1.050	-0.550	0.000	1.02657068
1.150	-0.550	0.000	1.02661729
1.250	-0.550	0.000	1.02674723
1.350	-0.550	0.000	1.02687120
1.450	-0.550	0.000	1.02689373
1.550	-0.550	0.000	1.02681935
1.650	-0.550	0.000	1.02662897
1.750	-0.550	0.000	1.02632403
1.850	-0.550	0.000	1.02602363
1.950	-0.550	0.000	1.02574444
2.050	-0.550	0.000	1.02560341
2.150	-0.550	0.000	1.02544332
2.250	-0.550	0.000	1.02552056
2.350	-0.550	0.000	1.02543116
2.450	-0.550	0.000	1.02588224
-2.450	-0.450	0.000	1.02648044
-2.350	-0.450	0.000	1.02652669
-2.250	-0.450	0.000	1.02614510
-2.150	-0.450	0.000	1.02549005
-2.050	-0.450	0.000	1.02463043
-1.950	-0.450	0.000	1.02381837
-1.850	-0.450	0.000	1.02340961
-1.750	-0.450	0.000	1.02351618
-1.650	-0.450	0.000	1.02411056
-1.550	-0.450	0.000	1.02473366
-1.450	-0.450	0.000	1.02526772
-1.350	-0.450	0.000	1.02566671
-1.250	-0.450	0.000	1.02572453
-1.150	-0.450	0.000	1.02555609
-1.050	-0.450	0.000	1.02532864
-0.950	-0.450	0.000	1.02522600
-0.850	-0.450	0.000	1.02540982
-0.750	-0.450	0.000	1.02585816
-0.650	-0.450	0.000	1.02660668
-0.550	-0.450	0.000	1.02706456
-0.450	-0.450	0.000	1.02739668
-0.350	-0.450	0.000	1.02752280
-0.250	-0.450	0.000	1.02754688
-0.150	-0.450	0.000	1.02757037
-0.050	-0.450	0.000	1.02761495
0.050	-0.450	0.000	1.02767515
0.150	-0.450	0.000	1.02771449
0.250	-0.450	0.000	1.02765203
0.350	-0.450	0.000	1.02748132
0.450	-0.450	0.000	1.02726567
0.550	-0.450	0.000	1.02709424
0.650	-0.450	0.000	1.02703762
0.750	-0.450	0.000	1.02693439
0.850	-0.450	0.000	1.02680731
0.950	-0.450	0.000	1.02670360
1.050	-0.450	0.000	1.02664602
1.150	-0.450	0.000	1.02665353
1.250	-0.450	0.000	1.02679098
1.350	-0.450	0.000	1.02697659
1.450	-0.450	0.000	1.02709746
1.550	-0.450	0.000	1.02707684
1.650	-0.450	0.000	1.02694523
1.750	-0.450	0.000	1.02665460
1.850	-0.450	0.000	1.02634788
1.950	-0.450	0.000	1.02606595
2.050	-0.450	0.000	1.02591097
2.150	-0.450	0.000	1.02577102
2.250	-0.450	0.000	1.02585208
2.350	-0.450	0.000	1.02575052
2.450	-0.450	0.000	1.02616334
-2.450	-0.350	0.000	1.02652287
-2.350	-0.350	0.000	1.02663338
-2.250	-0.350	0.000	1.02630007
-2.150	-0.350	0.000	1.02565193
-2.050	-0.350	0.000	1.02475131
-1.950	-0.350	0.000	1.02382338
-1.850	-0.350	0.000	1.02336466
-1.750	-0.350	0.000	1.02341509
-1.650	-0.350	0.000	1.02398217
-1.550	-0.350	0.000	1.02459526
-1.450	-0.350	0.000	1.02511537
-1.350	-0.350	0.000	1.02550435
-1.250	-0.350	0.000	1.02556467
-1.150	-0.350	0.000	1.02540493
-1.050	-0.350	0.000	1.02525461
-0.950	-0.350	0.000	1.02531350
-0.850	-0.350	0.000	1.02565348
-0.750	-0.350	0.000	1.02622128
-0.650	-0.350	0.000	1.02696311
-0.550	-0.350	0.000	1.02741444
-0.450	-0.350	0.000	1.02768278
-0.350	-0.350	0.000	1.02777386
-0.250	-0.350	0.000	1.02771938
-0.150	-0.350	0.000	1.02762091
-0.050	-0.350	0.000	1.02757382
0.050	-0.350	0.000	1.02761650
0.150	-0.350	0.000	1.02769268
0.250	-0.350	0.000	1.02768850
0.350	-0.350	0.000	1.02759719
0.450	-0.350	0.000	1.02747130
0.550	-0.350	0.000	1.02738595
0.650	-0.350	0.000	1.02735841
0.750	-0.350	0.000	1.02729964
0.850	-0.350	0.000	1.02717590
0.950	-0.350	0.000	1.02703023
1.050	-0.350	0.000	1.02693844
1.150	-0.350	0.000	1.02691722
1.250	-0.350	0.000	1.02702475
1.350	-0.350	0.000	1.02717733
1.450	-0.350	0.000	1.02734625
1.550	-0.350	0.000	1.02739120
1.650	-0.350	0.000	1.02730381
1.750	-0.350	0.000	1.02704012
1.850	-0.350	0.000	1.02672303
1.950	-0.350	0.000	1.02641642
2.050	-0.350	0.000	1.02623022
2.150	-0.350	0.000	1.02608097
2.250	-0.350	0.000	1.02616620
2.350	-0.350	0.000	1.02607608
2.450	-0.350	0.000	1.02648818
-2.450	-0.250	0.000	1.02665353
-2.350	-0.250	0.000	1.02687216
-2.250	-0.250	0.000	1.02664006
-2.150	-0.250	0.000	1.02602768
-2.050	-0.250	0.000	1.02513540
-1.950	-0.250	0.000	1.02411842
-1.850	-0.250	0.000	1.02356005
-1.750	-0.250	0.000	1.02348769
-1.650	-0.250	0.000	1.02396834
-1.550	-0.250	0.000	1.02453470
-1.450	-0.250	0.000	1.02504241
-1.350	-0.250	0.000	1.02542198
-1.250	-0.250	0.000	1.02546096
-1.150	-0.250	0.000	1.02533388
-1.050	-0.250	0.000	1.02529180
-0.950	-0.250	0.000	1.02548277
-0.850	-0.250	0.000	1.02593708
-0.750	-0.250	0.000	1.02658737
-0.650	-0.250	0.000	1.02728260
-0.550	-0.250	0.000	1.02774429
-0.450	-0.250	0.000	1.02797711
-0.350	-0.250	0.000	1.02800918
-0.250	-0.250	0.000	1.02788699
-0.150	-0.250	0.000	1.02772164
-0.050	-0.250	0.000	1.02759957
0.050	-0.250	0.000	1.02758372
0.150	-0.250	0.000	1.02763379
0.250	-0.250	0.000	1.02767301
0.350	-0.250	0.000	1.02766681
0.450	-0.250	0.000	1.02763879
0.550	-0.250	0.000	1.02763474
0.650	-0.250	0.000	1.02766907
0.750	-0.250	0.000	1.02767909
0.850	-0.250	0.000	1.02759635
0.950	-0.250	0.000	1.02743626
1.050	-0.250	0.000	1.02728963
1.150	-0.250	0.000	1.02721977
1.250	-0.250	0.000	1.02730322
1.350	-0.250	0.000	1.02744961
1.450	-0.250	0.000	1.02762949
1.550	-0.250	0.000	1.02774203
1.650	-0.250	0.000	1.02768600
1.750	-0.250	0.000	1.02745891
1.850	-0.250	0.000	1.02713382
1.950	-0.250	0.000	1.02681291
2.050	-0.250	0.000	1.02660620
2.150	-0.250	0.000	1.02643776
2.250	-0.250	0.000	1.02649665
2.350	-0.250	0.000	1.02640426
2.450	-0.250	0.000	1.02681804
-2.450	-0.150	0.000	1.02700412
-2.350	-0.150	0.000	1.02734613
-2.250	-0.150	0.000	1.02722728
-2.150	-0.150	0.000	1.02665508
-2.050	-0.150	0.000	1.02575314
-1.950	-0.150	0.000	1.02466178
-1.850	-0.150	0.000	1.02397990
-1.750	-0.150	0.000	1.02378130
-1.650	-0.150	0.000	1.02416122
-1.550	-0.150	0.000	1.02469015
-1.450	-0.150	0.000	1.02514899
-1.350	-0.150	0.000	1.02553093
-1.250	-0.150	0.000	1.02562022
-1.150	-0.150	0.000	1.02557313
-1.050	-0.150	0.000	1.02562618
-0.950	-0.150	0.000	1.02593076
-0.850	-0.150	0.000	1.02645922
-0.750	-0.150	0.000	1.02711415
-0.650	-0.150	0.000	1.02770436
-0.550	-0.150	0.000	1.02818370
-0.450	-0.150	0.000	1.02831316
-0.350	-0.150	0.000	1.02826250
-0.250	-0.150	0.000	1.02808034
-0.150	-0.150	0.000	1.02787566
-0.050	-0.150	0.000	1.02772188
0.050	-0.150	0.000	1.02768087
0.150	-0.150	0.000	1.02767897
0.250	-0.150	0.000	1.02767527
0.350	-0.150	0.000	1.02768481
0.450	-0.150	0.000	1.02771544
0.550	-0.150	0.000	1.02779949
0.650	-0.150	0.000	1.02790534
0.750	-0.150	0.000	1.02798796
0.850	-0.150	0.000	1.02795267
0.950	-0.150	0.000	1.02782118
1.050	-0.150	0.000	1.02766120
1.150	-0.150	0.000	1.02758360
1.250	-0.150	0.000	1.02765918
1.350	-0.150	0.000	1.02781999
1.450	-0.150	0.000	1.02799463
1.550	-0.150	0.000	1.02808797
1.650	-0.150	0.000	1.02803683
1.750	-0.150	0.000	1.02782845
1.850	-0.150	0.000	1.02750802
1.950	-0.150	0.000	1.02719498
2.050	-0.150	0.000	1.02699673
2.150	-0.150	0.000	1.02683032
2.250	-0.150	0.000	1.02684975
2.350	-0.150	0.000	1.02672970
2.450	-0.150	0.000	1.02713311
-2.450	-0.050	0.000	1.02744222
-2.350	-0.050	0.000	1.02791250
-2.250	-0.050	0.000	1.02795589
-2.150	-0.050	0.000	1.02745247
-2.050	-0.050	0.000	1.02656317
-1.950	-0.050	0.000	1.02545023
-1.850	-0.050	0.000	1.02464163
-1.750	-0.050	0.000	1.02431965
-1.650	-0.050	0.000	1.02457404
-1.550	-0.050	0.000	1.02502823
-1.450	-0.050	0.000	1.02542615
-1.350	-0.050	0.000	1.02581227
-1.250	-0.050	0.000	1.02596390
-1.150	-0.050	0.000	1.02599156
-1.050	-0.050	0.000	1.02611256
-0.950	-0.050	0.000	1.02646911
-0.850	-0.050	0.000	1.02701044
-0.750	-0.050	0.000	1.02766085
-0.650	-0.050	0.000	1.02815497
-0.550	-0.050	0.000	1.02858627
-0.450	-0.050	0.000	1.02863216
-0.350	-0.050	0.000	1.02854109
-0.250	-0.050	0.000	1.02832961
-0.150	-0.050	0.000	1.02809787
-0.050	-0.050	0.000	1.02791560
0.050	-0.050	0.000	1.02781558
0.150	-0.050	0.000	1.02777326
0.250	-0.050	0.000	1.02775693
0.350	-0.050	0.000	1.02776384
0.450	-0.050	0.000	1.02782238
0.550	-0.050	0.000	1.02793574
0.650	-0.050	0.000	1.02807558
0.750	-0.050	0.000	1.02820218
0.850	-0.050	0.000	1.02819729
0.950	-0.050	0.000	1.02808785
1.050	-0.050	0.000	1.02793801
1.150	-0.050	0.000	1.02789235
1.250	-0.050	0.000	1.02799082
1.350	-0.050	0.000	1.02820385
1.450	-0.050	0.000	1.02840579
1.550	-0.050	0.000	1.02848482
1.650	-0.050	0.000	1.02841592
1.750	-0.050	0.000	1.02818835
1.850	-0.050	0.000	1.02784657
1.950	-0.050	0.000	1.02752006
2.050	-0.050	0.000	1.02731919
2.150	-0.050	0.000	1.02715671
2.250	-0.050	0.000	1.02715302
2.350	-0.050	0.000	1.02699375
2.450	-0.050	0.000	1.02738082
-2.450	0.050	0.000	1.02781892
-2.350	0.050	0.000	1.02838099
-2.250	0.050	0.000	1.02857435
-2.150	0.050	0.000	1.02819049
-2.050	0.050	0.000	1.02737212
-1.950	0.050	0.000	1.02629912
-1.850	0.050	0.000	1.02543247
-1.750	0.050	0.000	1.02498865
-1.650	0.050	0.000	1.02510059
-1.550	0.050	0.000	1.02549362
-1.450	0.050	0.000	1.02581704
-1.350	0.050	0.000	1.02618396
-1.250	0.050	0.000	1.02638435
-1.150	0.050	0.000	1.02645302
-1.050	0.050	0.000	1.02659822
-0.950	0.050	0.000	1.02697301
-0.850	0.050	0.000	1.02752745
-0.750	0.050	0.000	1.02814579
-0.650	0.050	0.000	1.02861989
-0.550	0.050	0.000	1.02893341
-0.450	0.050	0.000	1.02896392
-0.350	0.050	0.000	1.02883458
-0.250	0.050	0.000	1.02859890
-0.150	0.050	0.000	1.02835023
-0.050	0.050	0.000	1.02815247
0.050	0.050	0.000	1.02798688
0.150	0.050	0.000	1.02787769
0.250	0.050	0.000	1.02783000
0.350	0.050	0.000	1.02782750
0.450	0.050	0.000	1.02791059
0.550	0.050	0.000	1.02803802
0.650	0.050	0.000	1.02821243
0.750	0.050	0.000	1.02835488
0.850	0.050	0.000	1.02836585
0.950	0.050	0.000	1.02828145
1.050	0.050	0.000	1.02815592
1.150	0.050	0.000	1.02813518
1.250	0.050	0.000	1.02825916
1.350	0.050	0.000	1.02851450
1.450	0.050	0.000	1.02875388
1.550	0.050	0.000	1.02887297
1.650	0.050	0.000	1.02881074
1.750	0.050	0.000	1.02857602
1.850	0.050	0.000	1.02820194
1.950	0.050	0.000	1.02783871
2.050	0.050	0.000	1.02758479
2.150	0.050	0.000	1.02740431
2.250	0.050	0.000	1.02739501
2.350	0.050	0.000	1.02721059
2.450	0.050	0.000	1.02757812
-2.450	0.150	0.000	1.02808964
-2.350	0.150	0.000	1.02871013
-2.250	0.150	0.000	1.02905965
-2.150	0.150	0.000	1.02877843
-2.050	0.150	0.000	1.02803051
-1.950	0.150	0.000	1.02704871
-1.850	0.150	0.000	1.02617776
-1.750	0.150	0.000	1.02568650
-1.650	0.150	0.000	1.02569163
-1.550	0.150	0.000	1.02599442
-1.450	0.150	0.000	1.02625632
-1.350	0.150	0.000	1.02656078
-1.250	0.150	0.000	1.02678955
-1.150	0.150	0.000	1.02691305
-1.050	0.150	0.000	1.02708173
-0.950	0.150	0.000	1.02747285
-0.850	0.150	0.000	1.02802801
-0.750	0.150	0.000	1.02862382
-0.650	0.150	0.000	1.02906322
-0.550	0.150	0.000	1.02930331
-0.450	0.150	0.000	1.02930307
-0.350	0.150	0.000	1.02912605
-0.250	0.150	0.000	1.02885127
-0.150	0.150	0.000	1.02858078
-0.050	0.150	0.000	1.02836919
0.050	0.150	0.000	1.02817905
0.150	0.150	0.000	1.02803504
0.250	0.150	0.000	1.02795708
0.350	0.150	0.000	1.02791727
0.450	0.150	0.000	1.02797616
0.550	0.150	0.000	1.02808917
0.650	0.150	0.000	1.02826893
0.750	0.150	0.000	1.02841938
0.850	0.150	0.000	1.02846849
0.950	0.150	0.000	1.02843046
1.050	0.150	0.000	1.02835405
1.150	0.150	0.000	1.02832997
1.250	0.150	0.000	1.02845478
1.350	0.150	0.000	1.02873206
1.450	0.150	0.000	1.02901638
1.550	0.150	0.000	1.02916849
1.650	0.150	0.000	1.02912045
1.750	0.150	0.000	1.02891624
1.850	0.150	0.000	1.02856183
1.950	0.150	0.000	1.02818322
2.050	0.150	0.000	1.02787423
2.150	0.150	0.000	1.02765608
2.250	0.150	0.000	1.02761745
2.350	0.150	0.000	1.02739060
2.450	0.150	0.000	1.02771604
-2.450	0.250	0.000	1.02827251
-2.350	0.250	0.000	1.02889156
-2.250	0.250	0.000	1.02934098
-2.150	0.250	0.000	1.02917433
-2.050	0.250	0.000	1.02858317
-1.950	0.250	0.000	1.02768922
-1.850	0.250	0.000	1.02679956
-1.750	0.250	0.000	1.02628887
-1.650	0.250	0.000	1.02626312
-1.550	0.250	0.000	1.02650678
-1.450	0.250	0.000	1.02672100
-1.350	0.250	0.000	1.02694023
-1.250	0.250	0.000	1.02711189
-1.150	0.250	0.000	1.02726293
-1.050	0.250	0.000	1.02748227
-0.950	0.250	0.000	1.02788460
-0.850	0.250	0.000	1.02843559
-0.750	0.250	0.000	1.02901042
-0.650	0.250	0.000	1.02944064
-0.550	0.250	0.000	1.02963591
-0.450	0.250	0.000	1.02960896
-0.350	0.250	0.000	1.02940369
-0.250	0.250	0.000	1.02910030
-0.150	0.250	0.000	1.02880871
-0.050	0.250	0.000	1.02858150
0.050	0.250	0.000	1.02838123
0.150	0.250	0.000	1.02823126
0.250	0.250	0.000	1.02813709
0.350	0.250	0.000	1.02806914
0.450	0.250	0.000	1.02808642
0.550	0.250	0.000	1.02817523
0.650	0.250	0.000	1.02830493
0.750	0.250	0.000	1.02845109
0.850	0.250	0.000	1.02853644
0.950	0.250	0.000	1.02854240
1.050	0.250	0.000	1.02851593
1.150	0.250	0.000	1.02851140
1.250	0.250	0.000	1.02863157
1.350	0.250	0.000	1.02890253
1.450	0.250	0.000	1.02919531
1.550	0.250	0.000	1.02936792
1.650	0.250	0.000	1.02934825
1.750	0.250	0.000	1.02916491
1.850	0.250	0.000	1.02880406
1.950	0.250	0.000	1.02839816
2.050	0.250	0.000	1.02806115
2.150	0.250	0.000	1.02784336
2.250	0.250	0.000	1.02781534
2.350	0.250	0.000	1.02758729
2.450	0.250	0.000	1.02784860
-2.450	0.350	0.000	1.02845287
-2.350	0.350	0.000	1.02904594
-2.250	0.350	0.000	1.02954578
-2.150	0.350	0.000	1.02946293
-2.050	0.350	0.000	1.02894664
-1.950	0.350	0.000	1.02817249
-1.850	0.350	0.000	1.02733290
-1.750	0.350	0.000	1.02682507
-1.650	0.350	0.000	1.02681530
-1.550	0.350	0.000	1.02699411
-1.450	0.350	0.000	1.02716565
-1.350	0.350	0.000	1.02734149
-1.250	0.350	0.000	1.02745688
-1.150	0.350	0.000	1.02754700
-1.050	0.350	0.000	1.02771771
-0.950	0.350	0.000	1.02810311
-0.850	0.350	0.000	1.02866089
-0.750	0.350	0.000	1.02923572
-0.650	0.350	0.000	1.02968884
-0.550	0.350	0.000	1.02989280
-0.450	0.350	0.000	1.02987635
-0.350	0.350	0.000	1.02967262
-0.250	0.350	0.000	1.02937210
-0.150	0.350	0.000	1.02908456
-0.050	0.350	0.000	1.02883780
0.050	0.350	0.000	1.02862811
0.150	0.350	0.000	1.02845407
0.250	0.350	0.000	1.02832150
0.350	0.350	0.000	1.02822745
0.450	0.350	0.000	1.02821398
0.550	0.350	0.000	1.02827442
0.650	0.350	0.000	1.02834439
0.750	0.350	0.000	1.02849412
0.850	0.350	0.000	1.02861345
0.950	0.350	0.000	1.02865422
1.050	0.350	0.000	1.02867675
1.150	0.350	0.000	1.02871561
1.250	0.350	0.000	1.02884316
1.350	0.350	0.000	1.02906978
1.450	0.350	0.000	1.02934718
1.550	0.350	0.000	1.02950692
1.650	0.350	0.000	1.02949476
1.750	0.350	0.000	1.02934158
1.850	0.350	0.000	1.02902102
1.950	0.350	0.000	1.02863932
2.050	0.350	0.000	1.02828574
2.150	0.350	0.000	1.02803326
2.250	0.350	0.000	1.02796650
2.350	0.350	0.000	1.02772808
2.450	0.350	0.000	1.02795506
-2.450	0.450	0.000	1.02866590
-2.350	0.450	0.000	1.02919292
-2.250	0.450	0.000	1.02971208
-2.150	0.450	0.000	1.02970564
-2.050	0.450	0.000	1.02923369
-1.950	0.450	0.000	1.02849996
-1.850	0.450	0.000	1.02767980
-1.750	0.450	0.000	1.02715230
-1.650	0.450	0.000	1.02719307
-1.550	0.450	0.000	1.02736998
-1.450	0.450	0.000	1.02756512
-1.350	0.450	0.000	1.02774644
-1.250	0.450	0.000	1.02782071
-1.150	0.450	0.000	1.02785587
-1.050	0.450	0.000	1.02796900
-0.950	0.450	0.000	1.02827513
-0.850	0.450	0.000	1.02874672
-0.750	0.450	0.000	1.02924669
-0.650	0.450	0.000	1.02970827
-0.550	0.450	0.000	1.02992094
-0.450	0.450	0.000	1.02999115
-0.350	0.450	0.000	1.02987075
-0.250	0.450	0.000	1.02962661
-0.150	0.450	0.000	1.02936149
-0.050	0.450	0.000	1.02911758
0.050	0.450	0.000	1.02892017
0.150	0.450	0.000	1.02872884
0.250	0.450	0.000	1.02857184
0.350	0.450	0.000	1.02843547
0.450	0.450	0.000	1.02836299
0.550	0.450	0.000	1.02836037
0.650	0.450	0.000	1.02836394
0.750	0.450	0.000	1.02848613
0.850	0.450	0.000	1.02863371
0.950	0.450	0.000	1.02875459
1.050	0.450	0.000	1.02885640
1.150	0.450	0.000	1.02896881
1.250	0.450	0.000	1.02910268
1.350	0.450	0.000	1.02928090
1.450	0.450	0.000	1.02951241
1.550	0.450	0.000	1.02965629
1.650	0.450	0.000	1.02961934
1.750	0.450	0.000	1.02944207
1.850	0.450	0.000	1.02911413
1.950	0.450	0.000	1.02874649
2.050	0.450	0.000	1.02841961
2.150	0.450	0.000	1.02819967
2.250	0.450	0.000	1.02815890
2.350	0.450	0.000	1.02794576
2.450	0.450	0.000	1.02811396
-2.450	0.550	0.000	1.02884936
-2.350	0.550	0.000	1.02931225
-2.250	0.550	0.000	1.02982533
-2.150	0.550	0.000	1.02988303
-2.050	0.550	0.000	1.02944303
-1.950	0.550	0.000	1.02876222
-1.850	0.550	0.000	1.02797258
-1.750	0.550	0.000	1.02745461
-1.650	0.550	0.000	1.02746832
-1.550	0.550	0.000	1.02768171
-1.450	0.550	0.000	1.02790773
-1.350	0.550	0.000	1.02809560
-1.250	0.550	0.000	1.02816331
-1.150	0.550	0.000	1.02816439
-1.050	0.550	0.000	1.02820909
-0.950	0.550	0.000	1.02841794
-0.850	0.550	0.000	1.02879155
-0.750	0.550	0.000	1.02919674
-0.650	0.550	0.000	1.02960539
-0.550	0.550	0.000	1.02980900
-0.450	0.550	0.000	1.02993226
-0.350	0.550	0.000	1.02988446
-0.250	0.550	0.000	1.02975953
-0.150	0.550	0.000	1.02959514
-0.050	0.550	0.000	1.02941597
0.050	0.550	0.000	1.02924526
0.150	0.550	0.000	1.02905500
0.250	0.550	0.000	1.02885461
0.350	0.550	0.000	1.02865088
0.450	0.550	0.000	1.02849352
0.550	0.550	0.000	1.02839530
0.650	0.550	0.000	1.02836204
0.750	0.550	0.000	1.02851439
0.850	0.550	0.000	1.02870214
0.950	0.550	0.000	1.02888739
1.050	0.550	0.000	1.02903271
1.150	0.550	0.000	1.02920520
1.250	0.550	0.000	1.02938008
1.350	0.550	0.000	1.02954900
1.450	0.550	0.000	1.02973509
1.550	0.550	0.000	1.02983534
1.650	0.550	0.000	1.02977049
1.750	0.550	0.000	1.02958739
1.850	0.550	0.000	1.02925158
1.950	0.550	0.000	1.02888322
2.050	0.550	0.000	1.02856541
2.150	0.550	0.000	1.02834833
2.250	0.550	0.000	1.02831018
2.350	0.550	0.000	1.02812767
2.450	0.550	0.000	1.02828336
-2.450	0.650	0.000	1.02906132
-2.350	0.650	0.000	1.02943289
-2.250	0.650	0.000	1.02991438
-2.150	0.650	0.000	1.03003311
-2.050	0.650	0.000	1.02962768
-1.950	0.650	0.000	1.02900243
-1.850	0.650	0.000	1.02824461
-1.750	0.650	0.000	1.02773833
-1.650	0.650	0.000	1.02771616
-1.550	0.650	0.000	1.02795720
-1.450	0.650	0.000	1.02823567
-1.350	0.650	0.000	1.02847624
-1.250	0.650	0.000	1.02858388
-1.150	0.650	0.000	1.02858293
-1.050	0.650	0.000	1.02856553
-0.950	0.650	0.000	1.02866435
-0.850	0.650	0.000	1.02889037
-0.750	0.650	0.000	1.02916181
-0.650	0.650	0.000	1.02943254
-0.550	0.650	0.000	1.02960014
-0.450	0.650	0.000	1.02972496
-0.350	0.650	0.000	1.02974522
-0.250	0.650	0.000	1.02972615
-0.150	0.650	0.000	1.02968085
-0.050	0.650	0.000	1.02965915
0.050	0.650	0.000	1.02956510
0.150	0.650	0.000	1.02941775
0.250	0.650	0.000	1.02919543
0.350	0.650	0.000	1.02893865
0.450	0.650	0.000	1.02869070
0.550	0.650	0.000	1.02846467
0.650	0.650	0.000	1.02835929
0.750	0.650	0.000	1.02846205
0.850	0.650	0.000	1.02866054
0.950	0.650	0.000	1.02891147
1.050	0.650	0.000	1.02917337
1.150	0.650	0.000	1.02946985
1.250	0.650	0.000	1.02971780
1.350	0.650	0.000	1.02988970
1.450	0.650	0.000	1.03004944
1.550	0.650	0.000	1.03013492
1.650	0.650	0.000	1.03005016
1.750	0.650	0.000	1.02981138
1.850	0.650	0.000	1.02941787
1.950	0.650	0.000	1.02903402
2.050	0.650	0.000	1.02873123
2.150	0.650	0.000	1.02852345
2.250	0.650	0.000	1.02848840
2.350	0.650	0.000	1.02833664
2.450	0.650	0.000	1.02847171
-2.450	0.750	0.000	1.02943480
-2.350	0.750	0.000	1.02971125
-2.250	0.750	0.000	1.03012776
-2.150	0.750	0.000	1.03027511
-2.050	0.750	0.000	1.02991986
-1.950	0.750	0.000	1.02934778
-1.850	0.750	0.000	1.02862155
-1.750	0.750	0.000	1.02808726
-1.650	0.750	0.000	1.02803111
-1.550	0.750	0.000	1.02824473
-1.450	0.750	0.000	1.02855146
-1.350	0.750	0.000	1.02886951
-1.250	0.750	0.000	1.02905953
-1.150	0.750	0.000	1.02906716
-1.050	0.750	0.000	1.02900052
-0.950	0.750	0.000	1.02902782
-0.850	0.750	0.000	1.02913499
-0.750	0.750	0.000	1.02932394
-0.650	0.750	0.000	1.02946484
-0.550	0.750	0.000	1.02956247
-0.450	0.750	0.000	1.02960229
-0.350	0.750	0.000	1.02958977
-0.250	0.750	0.000	1.02956748
-0.150	0.750	0.000	1.02962279
-0.050	0.750	0.000	1.02971292
0.050	0.750	0.000	1.02974212
0.150	0.750	0.000	1.02970076
0.250	0.750	0.000	1.02949679
0.350	0.750	0.000	1.02921212
0.450	0.750	0.000	1.02891767
0.550	0.750	0.000	1.02863395
0.650	0.750	0.000	1.02850640
0.750	0.750	0.000	1.02854812
0.850	0.750	0.000	1.02870536
0.950	0.750	0.000	1.02894521
1.050	0.750	0.000	1.02925181
1.150	0.750	0.000	1.02961826
1.250	0.750	0.000	1.02997673
1.350	0.750	0.000	1.03024006
1.450	0.750	0.000	1.03042555
1.550	0.750	0.000	1.03045058
1.650	0.750	0.000	1.03032744
1.750	0.750	0.000	1.03005385
1.850	0.750	0.000	1.02966845
1.950	0.750	0.000	1.02926981
2.050	0.750	0.000	1.02892816
2.150	0.750	0.000	1.02870357
2.250	0.750	0.000	1.02867627
2.350	0.750	0.000	1.02856314
2.450	0.750	0.000	1.02869761
-2.450	0.850	0.000	1.02992857
-2.350	0.850	0.000	1.03010201
-2.250	0.850	0.000	1.03041899
-2.150	0.850	0.000	1.03055811
-2.050	0.850	0.000	1.03025413
-1.950	0.850	0.000	1.02973843
-1.850	0.850	0.000	1.02909482
-1.750	0.850	0.000	1.02857649
-1.650	0.850	0.000	1.02848816
-1.550	0.850	0.000	1.02863002
-1.450	0.850	0.000	1.02892375
-1.350	0.850	0.000	1.02928650
-1.250	0.850	0.000	1.02954912
-1.150	0.850	0.000	1.02968454
-1.050	0.850	0.000	1.02970338
-0.950	0.850	0.000	1.02970326
-0.850	0.850	0.000	1.02968407
-0.750	0.850	0.000	1.02971017
-0.650	0.850	0.000	1.02965832
-0.550	0.850	0.000	1.02959549
-0.450	0.850	0.000	1.02950704
-0.350	0.850	0.000	1.02945924
-0.250	0.850	0.000	1.02940333
-0.150	0.850	0.000	1.02948225
-0.050	0.850	0.000	1.02963972
0.050	0.850	0.000	1.02976763
0.150	0.850	0.000	1.02983391
0.250	0.850	0.000	1.02971506
0.350	0.850	0.000	1.02948368
0.450	0.850	0.000	1.02919257
0.550	0.850	0.000	1.02887654
0.650	0.850	0.000	1.02868485
0.750	0.850	0.000	1.02864289
0.850	0.850	0.000	1.02873480
0.950	0.850	0.000	1.02896750
1.050	0.850	0.000	1.02931798
1.150	0.850	0.000	1.02975261
1.250	0.850	0.000	1.03018510
1.350	0.850	0.000	1.03050148
1.450	0.850	0.000	1.03072333
1.550	0.850	0.000	1.03077281
1.650	0.850	0.000	1.03065443
1.750	0.850	0.000	1.03033793
1.850	0.850	0.000	1.02989757
1.950	0.850	0.000	1.02947366
2.050	0.850	0.000	1.02913809
2.150	0.850	0.000	1.02891338
2.250	0.850	0.000	1.02888441
2.350	0.850	0.000	1.02879930
2.450	0.850	0.000	1.02896106
-2.450	0.950	0.000	1.03051579
-2.350	0.950	0.000	1.03060842
-2.250	0.950	0.000	1.03083837
-2.150	0.950	0.000	1.03090465
-2.050	0.950	0.000	1.03059602
-1.950	0.950	0.000	1.03014517
-1.850	0.950	0.000	1.02956831
-1.750	0.950	0.000	1.02905941
-1.650	0.950	0.000	1.02894735
-1.550	0.950	0.000	1.02902651
-1.450	0.950	0.000	1.02931595
-1.350	0.950	0.000	1.02971697
-1.250	0.950	0.000	1.03009236
-1.150	0.950	0.000	1.03033221
-1.050	0.950	0.000	1.03043807
-0.950	0.950	0.000	1.03048933
-0.850	0.950	0.000	1.03046441
-0.750	0.950	0.000	1.03040087
-0.650	0.950	0.000	1.03023481
-0.550	0.950	0.000	1.03001451
-0.450	0.950	0.000	1.02975750
-0.350	0.950	0.000	1.02955770
-0.250	0.950	0.000	1.02941930
-0.150	0.950	0.000	1.02941966
-0.050	0.950	0.000	1.02952838
0.050	0.950	0.000	1.02966785
0.150	0.950	0.000	1.02975643
0.250	0.950	0.000	1.02972019
0.350	0.950	0.000	1.02959049
0.450	0.950	0.000	1.02936137
0.550	0.950	0.000	1.02909458
0.650	0.950	0.000	1.02892327
0.750	0.950	0.000	1.02886689
0.850	0.950	0.000	1.02893901
0.950	0.950	0.000	1.02914405
1.050	0.950	0.000	1.02948320
1.150	0.950	0.000	1.02991533
1.250	0.950	0.000	1.03036821
1.350	0.950	0.000	1.03075325
1.450	0.950	0.000	1.03102708
1.550	0.950	0.000	1.03106475
1.650	0.950	0.000	1.03095162
1.750	0.950	0.000	1.03061497
1.850	0.950	0.000	1.03014421
1.950	0.950	0.000	1.02966762
2.050	0.950	0.000	1.02930212
2.150	0.950	0.000	1.02908885
2.250	0.950	0.000	1.02905893
2.350	0.950	0.000	1.02897823
2.450	0.950	0.000	1.02915835
-2.450	1.050	0.000	1.03120100
-2.350	1.050	0.000	1.03121877
-2.250	1.050	0.000	1.03136206
-2.150	1.050	0.000	1.03134203
-2.050	1.050	0.000	1.03102672
-1.950	1.050	0.000	1.03062713
-1.850	1.050	0.000	1.03009510
-1.750	1.050	0.000	1.02961087
-1.650	1.050	0.000	1.02947414
-1.550	1.050	0.000	1.02948713
-1.450	1.050	0.000	1.02975535
-1.350	1.050	0.000	1.03015220
-1.250	1.050	0.000	1.03059077
-1.150	1.050	0.000	1.03094757
-1.050	1.050	0.000	1.03120685
-0.950	1.050	0.000	1.03135550
-0.850	1.050	0.000	1.03136778
-0.750	1.050	0.000	1.03125346
-0.650	1.050	0.000	1.03101850
-0.550	1.050	0.000	1.03066754
-0.450	1.050	0.000	1.03024459
-0.350	1.050	0.000	1.02985561
-0.250	1.050	0.000	1.02958238
-0.150	1.050	0.000	1.02946675
-0.050	1.050	0.000	1.02948701
0.050	1.050	0.000	1.02958798
0.150	1.050	0.000	1.02967036
0.250	1.050	0.000	1.02966034
0.350	1.050	0.000	1.02957642
0.450	1.050	0.000	1.02943289
0.550	1.050	0.000	1.02927625
0.650	1.050	0.000	1.02915204
0.750	1.050	0.000	1.02909577
0.850	1.050	0.000	1.02914059
0.950	1.050	0.000	1.02931905
1.050	1.050	0.000	1.02964878
1.150	1.050	0.000	1.03007615
1.250	1.050	0.000	1.03054178
1.350	1.050	0.000	1.03093040
1.450	1.050	0.000	1.03122211
1.550	1.050	0.000	1.03128660
1.650	1.050	0.000	1.03118896
1.750	1.050	0.000	1.03087008
1.850	1.050	0.000	1.03041387
1.950	1.050	0.000	1.02993977
2.050	1.050	0.000	1.02957094
2.150	1.050	0.000	1.02933466
2.250	1.050	0.000	1.02926731
2.350	1.050	0.000	1.02915275
2.450	1.050	0.000	1.02931380
-2.450	1.150	0.000	1.03197217
-2.350	1.150	0.000	1.03195167
-2.250	1.150	0.000	1.03200495
-2.150	1.150	0.000	1.03190041
-2.050	1.150	0.000	1.03153896
-1.950	1.150	0.000	1.03115988
-1.850	1.150	0.000	1.03067291
-1.750	1.150	0.000	1.03024244
-1.650	1.150	0.000	1.03008866
-1.550	1.150	0.000	1.03001285
-1.450	1.150	0.000	1.03022385
-1.350	1.150	0.000	1.03058350
-1.250	1.150	0.000	1.03106642
-1.150	1.150	0.000	1.03154743
-1.050	1.150	0.000	1.03193176
-0.950	1.150	0.000	1.03215539
-0.850	1.150	0.000	1.03221977
-0.750	1.150	0.000	1.03208196
-0.650	1.150	0.000	1.03182495
-0.550	1.150	0.000	1.03141320
-0.450	1.150	0.000	1.03092074
-0.350	1.150	0.000	1.03041077
-0.250	1.150	0.000	1.03000307
-0.150	1.150	0.000	1.02972865
-0.050	1.150	0.000	1.02960813
0.050	1.150	0.000	1.02957177
0.150	1.150	0.000	1.02958739
0.250	1.150	0.000	1.02955914
0.350	1.150	0.000	1.02947760
0.450	1.150	0.000	1.02938306
0.550	1.150	0.000	1.02929735
0.650	1.150	0.000	1.02925777
0.750	1.150	0.000	1.02930021
0.850	1.150	0.000	1.02938473
0.950	1.150	0.000	1.02955830
1.050	1.150	0.000	1.02986240
1.150	1.150	0.000	1.03024316
1.250	1.150	0.000	1.03066206
1.350	1.150	0.000	1.03102207
1.450	1.150	0.000	1.03128028
1.550	1.150	0.000	1.03133333
1.650	1.150	0.000	1.03124475
1.750	1.150	0.000	1.03096211
1.850	1.150	0.000	1.03055048
1.950	1.150	0.000	1.03010213
2.050	1.150	0.000	1.02975535
2.150	1.150	0.000	1.02952421
2.250	1.150	0.000	1.02942884
2.350	1.150	0.000	1.02928448
2.450	1.150	0.000	1.02940893
-2.450	1.250	0.000	1.03280199
-2.350	1.250	0.000	1.03279209
-2.250	1.250	0.000	1.03277993
-2.150	1.250	0.000	1.03257942
-2.050	1.250	0.000	1.03212833
-1.950	1.250	0.000	1.03175044
-1.850	1.250	0.000	1.03128350
-1.750	1.250	0.000	1.03089070
-1.650	1.250	0.000	1.03068995
-1.550	1.250	0.000	1.03052330
-1.450	1.250	0.000	1.03066814
-1.350	1.250	0.000	1.03096473
-1.250	1.250	0.000	1.03144538
-1.150	1.250	0.000	1.03201902
-1.050	1.250	0.000	1.03252387
-0.950	1.250	0.000	1.03285956
-0.850	1.250	0.000	1.03292131
-0.750	1.250	0.000	1.03278053
-0.650	1.250	0.000	1.03250098
-0.550	1.250	0.000	1.03209400
-0.450	1.250	0.000	1.03162074
-0.350	1.250	0.000	1.03111720
-0.250	1.250	0.000	1.03069389
-0.150	1.250	0.000	1.03032446
-0.050	1.250	0.000	1.03008831
0.050	1.250	0.000	1.02990723
0.150	1.250	0.000	1.02980614
0.250	1.250	0.000	1.02972472
0.350	1.250	0.000	1.02961671
0.450	1.250	0.000	1.02949190
0.550	1.250	0.000	1.02938211
0.650	1.250	0.000	1.02935958
0.750	1.250	0.000	1.02944767
0.850	1.250	0.000	1.02956533
0.950	1.250	0.000	1.02974749
1.050	1.250	0.000	1.03003204
1.150	1.250	0.000	1.03037155
1.250	1.250	0.000	1.03072989
1.350	1.250	0.000	1.03104115
1.450	1.250	0.000	1.03125787
1.550	1.250	0.000	1.03129768
1.650	1.250	0.000	1.03121948
1.750	1.250	0.000	1.03097105
1.850	1.250	0.000	1.03061485
1.950	1.250	0.000	1.03021753
2.050	1.250	0.000	1.02990091
2.150	1.250	0.000	1.02969527
2.250	1.250	0.000	1.02959371
2.350	1.250	0.000	1.02943981
2.450	1.250	0.000	1.02952230
-2.450	1.350	0.000	1.03351963
-2.350	1.350	0.000	1.03351033
-2.250	1.350	0.000	1.03343630
-2.150	1.350	0.000	1.03318775
-2.050	1.350	0.000	1.03269482
-1.950	1.350	0.000	1.03232014
-1.850	1.350	0.000	1.03187001
-1.750	1.350	0.000	1.03152943
-1.650	1.350	0.000	1.03131044
-1.550	1.350	0.000	1.03104389
-1.450	1.350	0.000	1.03107214
-1.350	1.350	0.000	1.03125775
-1.250	1.350	0.000	1.03168654
-1.150	1.350	0.000	1.03230584
-1.050	1.350	0.000	1.03290141
-0.950	1.350	0.000	1.03334153
-0.850	1.350	0.000	1.03350222
-0.750	1.350	0.000	1.03342044
-0.650	1.350	0.000	1.03315842
-0.550	1.350	0.000	1.03280413
-0.450	1.350	0.000	1.03241003
-0.350	1.350	0.000	1.03199744
-0.250	1.350	0.000	1.03162980
-0.150	1.350	0.000	1.03128803
-0.050	1.350	0.000	1.03098011
0.050	1.350	0.000	1.03068626
0.150	1.350	0.000	1.03044534
0.250	1.350	0.000	1.03027070
0.350	1.350	0.000	1.03010190
0.450	1.350	0.000	1.02991462
0.550	1.350	0.000	1.02973306
0.650	1.350	0.000	1.02965772
0.750	1.350	0.000	1.02970922
0.850	1.350	0.000	1.02980745
0.950	1.350	0.000	1.02998364
1.050	1.350	0.000	1.03026378
1.150	1.350	0.000	1.03059030
1.250	1.350	0.000	1.03091192
1.350	1.350	0.000	1.03117597
1.450	1.350	0.000	1.03131402
1.550	1.350	0.000	1.03132486
1.650	1.350	0.000	1.03123689
1.750	1.350	0.000	1.03099036
1.850	1.350	0.000	1.03065550
1.950	1.350	0.000	1.03030705
2.050	1.350	0.000	1.03002334
2.150	1.350	0.000	1.02984142
2.250	1.350	0.000	1.02974820
2.350	1.350	0.000	1.02959895
2.450	1.350	0.000	1.02965033
-2.450	1.450	0.000	1.03416431
-2.350	1.450	0.000	1.03414690
-2.250	1.450	0.000	1.03399909
-2.150	1.450	0.000	1.03366005
-2.050	1.450	0.000	1.03313565
-1.950	1.450	0.000	1.03278995
-1.850	1.450	0.000	1.03237605
-1.750	1.450	0.000	1.03210330
-1.650	1.450	0.000	1.03190076
-1.550	1.450	0.000	1.03155088
-1.450	1.450	0.000	1.03146350
-1.350	1.450	0.000	1.03147864
-1.250	1.450	0.000	1.03181946
-1.150	1.450	0.000	1.03244507
-1.050	1.450	0.000	1.03311205
-0.950	1.450	0.000	1.03366518
-0.850	1.450	0.000	1.03395116
-0.750	1.450	0.000	1.03397310
-0.650	1.450	0.000	1.03380287
-0.550	1.450	0.000	1.03357995
-0.450	1.450	0.000	1.03334022
-0.350	1.450	0.000	1.03309274
-0.250	1.450	0.000	1.03282607
-0.150	1.450	0.000	1.03253317
-0.050	1.450	0.000	1.03223205
0.050	1.450	0.000	1.03191710
0.150	1.450	0.000	1.03160584
0.250	1.450	0.000	1.03135121
0.350	1.450	0.000	1.03110731
0.450	1.450	0.000	1.03084683
0.550	1.450	0.000	1.03060520
0.650	1.450	0.000	1.03037548
0.750	1.450	0.000	1.03023672
0.850	1.450	0.000	1.03022170
0.950	1.450	0.000	1.03032613
1.050	1.450	0.000	1.03055668
1.150	1.450	0.000	1.03083694
1.250	1.450	0.000	1.03112650
1.350	1.450	0.000	1.03136182
1.450	1.450	0.000	1.03149772
1.550	1.450	0.000	1.03150749
1.650	1.450	0.000	1.03141081
1.750	1.450	0.000	1.03115249
1.850	1.450	0.000	1.03080738
1.950	1.450	0.000	1.03046227
2.050	1.450	0.000	1.03018641
2.150	1.450	0.000	1.02999711
2.250	1.450	0.000	1.02990985
2.350	1.450	0.000	1.02977765
2.450	1.450	0.000	1.02985108
-2.450	1.550	0.000	1.03469324
-2.350	1.550	0.000	1.03465497
-2.250	1.550	0.000	1.03445697
-2.150	1.550	0.000	1.03407979
-2.050	1.550	0.000	1.03354716
-1.950	1.550	0.000	1.03322566
-1.850	1.550	0.000	1.03288817
-1.750	1.550	0.000	1.03270721
-1.650	1.550	0.000	1.03253448
-1.550	1.550	0.000	1.03213131
-1.450	1.550	0.000	1.03187525
-1.350	1.550	0.000	1.03173113
-1.250	1.550	0.000	1.03194118
-1.150	1.550	0.000	1.03249717
-1.050	1.550	0.000	1.03320146
-0.950	1.550	0.000	1.03383231
-0.850	1.550	0.000	1.03423846
-0.750	1.550	0.000	1.03436339
-0.650	1.550	0.000	1.03430772
-0.550	1.550	0.000	1.03423226
-0.450	1.550	0.000	1.03418601
-0.350	1.550	0.000	1.03414655
-0.250	1.550	0.000	1.03405583
-0.150	1.550	0.000	1.03386986
-0.050	1.550	0.000	1.03360987
0.050	1.550	0.000	1.03331852
0.150	1.550	0.000	1.03301561
0.250	1.550	0.000	1.03271091
0.350	1.550	0.000	1.03242254
0.450	1.550	0.000	1.03208065
0.550	1.550	0.000	1.03171194
0.650	1.550	0.000	1.03140938
0.750	1.550	0.000	1.03119135
0.850	1.550	0.000	1.03103542
0.950	1.550	0.000	1.03096414
1.050	1.550	0.000	1.03103590
1.150	1.550	0.000	1.03118587
1.250	1.550	0.000	1.03139162
1.350	1.550	0.000	1.03158033
1.450	1.550	0.000	1.03170514
1.550	1.550	0.000	1.03173482
1.650	1.550	0.000	1.03165329
1.750	1.550	0.000	1.03140664
1.850	1.550	0.000	1.03108180
1.950	1.550	0.000	1.03074348
2.050	1.550	0.000	1.03047228
2.150	1.550	0.000	1.03028727
2.250	1.550	0.000	1.03022313
2.350	1.550	0.000	1.03008592
2.450	1.550	0.000	1.03017676
-2.450	1.650	0.000	1.03533757
-2.350	1.650	0.000	1.03527188
-2.250	1.650	0.000	1.03500473
-2.150	1.650	0.000	1.03459203
-2.050	1.650	0.000	1.03404391
-1.950	1.650	0.000	1.03374445
-1.850	1.650	0.000	1.03345418
-1.750	1.650	0.000	1.03331912
-1.650	1.650	0.000	1.03317487
-1.550	1.650	0.000	1.03273463
-1.450	1.650	0.000	1.03238523
-1.350	1.650	0.000	1.03208518
-1.250	1.650	0.000	1.03209281
-1.150	1.650	0.000	1.03245187
-1.050	1.650	0.000	1.03305030
-0.950	1.650	0.000	1.03368950
-0.850	1.650	0.000	1.03416848
-0.750	1.650	0.000	1.03438389
-0.650	1.650	0.000	1.03444958
-0.550	1.650	0.000	1.03449738
-0.450	1.650	0.000	1.03460479
-0.350	1.650	0.000	1.03472650
-0.250	1.650	0.000	1.03481400
-0.150	1.650	0.000	1.03479791
-0.050	1.650	0.000	1.03467917
0.050	1.650	0.000	1.03449333
0.150	1.650	0.000	1.03425217
0.250	1.650	0.000	1.03398013
0.350	1.650	0.000	1.03372192
0.450	1.650	0.000	1.03338003
0.550	1.650	0.000	1.03298759
0.650	1.650	0.000	1.03260028
0.750	1.650	0.000	1.03223991
0.850	1.650	0.000	1.03190935
0.950	1.650	0.000	1.03165066
1.050	1.650	0.000	1.03155410
1.150	1.650	0.000	1.03156626
1.250	1.650	0.000	1.03165758
1.350	1.650	0.000	1.03178561
1.450	1.650	0.000	1.03189611
1.550	1.650	0.000	1.03192902
1.650	1.650	0.000	1.03183794
1.750	1.650	0.000	1.03156662
1.850	1.650	0.000	1.03124392
1.950	1.650	0.000	1.03095961
2.050	1.650	0.000	1.03079438
2.150	1.650	0.000	1.03068197
2.250	1.650	0.000	1.03067780
2.350	1.650	0.000	1.03058374
2.450	1.650	0.000	1.03069019
-2.450	1.750	0.000	1.03601694
-2.350	1.750	0.000	1.03591609
-2.250	1.750	0.000	1.03553092
-2.150	1.750	0.000	1.03504884
-2.050	1.750	0.000	1.03447413
-1.950	1.750	0.000	1.03417218
-1.850	1.750	0.000	1.03389645
-1.750	1.750	0.000	1.03378820
-1.650	1.750	0.000	1.03365481
-1.550	1.750	0.000	1.03319013
-1.450	1.750	0.000	1.03275084
-1.350	1.750	0.000	1.03228474
-1.250	1.750	0.000	1.03211999
-1.150	1.750	0.000	1.03227425
-1.050	1.750	0.000	1.03272128
-0.950	1.750	0.000	1.03328741
-0.850	1.750	0.000	1.03372288
-0.750	1.750	0.000	1.03395057
-0.650	1.750	0.000	1.03403401
-0.550	1.750	0.000	1.03413653
-0.450	1.750	0.000	1.03431547
-0.350	1.750	0.000	1.03454816
-0.250	1.750	0.000	1.03477752
-0.150	1.750	0.000	1.03492200
-0.050	1.750	0.000	1.03495848
0.050	1.750	0.000	1.03491557
0.150	1.750	0.000	1.03482151
0.250	1.750	0.000	1.03469002
0.350	1.750	0.000	1.03451157
0.450	1.750	0.000	1.03425384
0.550	1.750	0.000	1.03390217
0.650	1.750	0.000	1.03353870
0.750	1.750	0.000	1.03318703
0.850	1.750	0.000	1.03278792
0.950	1.750	0.000	1.03240240
1.050	1.750	0.000	1.03213775
1.150	1.750	0.000	1.03201449
1.250	1.750	0.000	1.03197968
1.350	1.750	0.000	1.03202295
1.450	1.750	0.000	1.03207624
1.550	1.750	0.000	1.03210461
1.650	1.750	0.000	1.03202522
1.750	1.750	0.000	1.03176987
1.850	1.750	0.000	1.03145778
1.950	1.750	0.000	1.03116977
2.050	1.750	0.000	1.03105032
2.150	1.750	0.000	1.03100991
2.250	1.750	0.000	1.03111351
2.350	1.750	0.000	1.03113115
2.450	1.750	0.000	1.03139353
-2.450	1.850	0.000	1.03645158
-2.350	1.850	0.000	1.03635001
-2.250	1.850	0.000	1.03586996
-2.150	1.850	0.000	1.03533375
-2.050	1.850	0.000	1.03472292
-1.950	1.850	0.000	1.03436244
-1.850	1.850	0.000	1.03404295
-1.750	1.850	0.000	1.03392839
-1.650	1.850	0.000	1.03383362
-1.550	1.850	0.000	1.03341842
-1.450	1.850	0.000	1.03299677
-1.350	1.850	0.000	1.03247917
-1.250	1.850	0.000	1.03218222
-1.150	1.850	0.000	1.03214192
-1.050	1.850	0.000	1.03240728
-0.950	1.850	0.000	1.03282928
-0.850	1.850	0.000	1.03318727
-0.750	1.850	0.000	1.03341150
-0.650	1.850	0.000	1.03349268
-0.550	1.850	0.000	1.03357792
-0.450	1.850	0.000	1.03374743
-0.350	1.850	0.000	1.03400397
-0.250	1.850	0.000	1.03429806
-0.150	1.850	0.000	1.03453696
-0.050	1.850	0.000	1.03470063
0.050	1.850	0.000	1.03479683
0.150	1.850	0.000	1.03484488
0.250	1.850	0.000	1.03484440
0.350	1.850	0.000	1.03479099
0.450	1.850	0.000	1.03466451
0.550	1.850	0.000	1.03444409
0.650	1.850	0.000	1.03415060
0.750	1.850	0.000	1.03381228
0.850	1.850	0.000	1.03341985
0.950	1.850	0.000	1.03301120
1.050	1.850	0.000	1.03267658
1.150	1.850	0.000	1.03244436
1.250	1.850	0.000	1.03229356
1.350	1.850	0.000	1.03225088
1.450	1.850	0.000	1.03221798
1.550	1.850	0.000	1.03219986
1.650	1.850	0.000	1.03207386
1.750	1.850	0.000	1.03177392
1.850	1.850	0.000	1.03143156
1.950	1.850	0.000	1.03115535
2.050	1.850	0.000	1.03109801
2.150	1.850	0.000	1.03106892
2.250	1.850	0.000	1.03119397
2.350	1.850	0.000	1.03121161
2.450	1.850	0.000	1.03155088
-2.450	1.950	0.000	1.03653443
-2.350	1.950	0.000	1.03644526
-2.250	1.950	0.000	1.03587997
-2.150	1.950	0.000	1.03533113
-2.050	1.950	0.000	1.03473234
-1.950	1.950	0.000	1.03430557
-1.850	1.950	0.000	1.03392208
-1.750	1.950	0.000	1.03377116
-1.650	1.950	0.000	1.03366554
-1.550	1.950	0.000	1.03327489
-1.450	1.950	0.000	1.03288853
-1.350	1.950	0.000	1.03236246
-1.250	1.950	0.000	1.03203416
-1.150	1.950	0.000	1.03188312
-1.050	1.950	0.000	1.03206146
-0.950	1.950	0.000	1.03236663
-0.850	1.950	0.000	1.03264034
-0.750	1.950	0.000	1.03280902
-0.650	1.950	0.000	1.03286028
-0.550	1.950	0.000	1.03288865
-0.450	1.950	0.000	1.03301001
-0.350	1.950	0.000	1.03322482
-0.250	1.950	0.000	1.03352273
-0.150	1.950	0.000	1.03379750
-0.050	1.950	0.000	1.03403902
0.050	1.950	0.000	1.03423548
0.150	1.950	0.000	1.03442001
0.250	1.950	0.000	1.03456223
0.350	1.950	0.000	1.03465843
0.450	1.950	0.000	1.03464782
0.550	1.950	0.000	1.03455019
0.650	1.950	0.000	1.03437543
0.750	1.950	0.000	1.03415155
0.850	1.950	0.000	1.03384173
0.950	1.950	0.000	1.03346920
1.050	1.950	0.000	1.03312588
1.150	1.950	0.000	1.03286088
1.250	1.950	0.000	1.03267288
1.350	1.950	0.000	1.03257847
1.450	1.950	0.000	1.03250003
1.550	1.950	0.000	1.03244662
1.650	1.950	0.000	1.03229105
1.750	1.950	0.000	1.03195143
1.850	1.950	0.000	1.03156543
1.950	1.950	0.000	1.03123784
2.050	1.950	0.000	1.03113151
2.150	1.950	0.000	1.03106153
2.250	1.950	0.000	1.03119314
2.350	1.950	0.000	1.03120077
2.450	1.950	0.000	1.03152215
-2.450	2.050	0.000	1.03626263
-2.350	2.050	0.000	1.03625560
-2.250	2.050	0.000	1.03564823
-2.150	2.050	0.000	1.03506958
-2.050	2.050	0.000	1.03444099
-1.950	2.050	0.000	1.03394949
-1.850	2.050	0.000	1.03351784
-1.750	2.050	0.000	1.03334236
-1.650	2.050	0.000	1.03325868
-1.550	2.050	0.000	1.03296292
-1.450	2.050	0.000	1.03267920
-1.350	2.050	0.000	1.03227198
-1.250	2.050	0.000	1.03199577
-1.150	2.050	0.000	1.03186071
-1.050	2.050	0.000	1.03195405
-0.950	2.050	0.000	1.03216767
-0.850	2.050	0.000	1.03238177
-0.750	2.050	0.000	1.03249705
-0.650	2.050	0.000	1.03251219
-0.550	2.050	0.000	1.03248835
-0.450	2.050	0.000	1.03251743
-0.350	2.050	0.000	1.03264558
-0.250	2.050	0.000	1.03286493
-0.150	2.050	0.000	1.03311229
-0.050	2.050	0.000	1.03335476
0.050	2.050	0.000	1.03358424
0.150	2.050	0.000	1.03381646
0.250	2.050	0.000	1.03405368
0.350	2.050	0.000	1.03424072
0.450	2.050	0.000	1.03432035
0.550	2.050	0.000	1.03431058
0.650	2.050	0.000	1.03422558
0.750	2.050	0.000	1.03406477
0.850	2.050	0.000	1.03382373
0.950	2.050	0.000	1.03352928
1.050	2.050	0.000	1.03322530
1.150	2.050	0.000	1.03298116
1.250	2.050	0.000	1.03280365
1.350	2.050	0.000	1.03268027
1.450	2.050	0.000	1.03257632
1.550	2.050	0.000	1.03248858
1.650	2.050	0.000	1.03229463
1.750	2.050	0.000	1.03189361
1.850	2.050	0.000	1.03143632
1.950	2.050	0.000	1.03100622
2.050	2.050	0.000	1.03078902
2.150	2.050	0.000	1.03062654
2.250	2.050	0.000	1.03069186
2.350	2.050	0.000	1.03063595
2.450	2.050	0.000	1.03090024
-2.450	2.150	0.000	1.03616416
-2.350	2.150	0.000	1.03627574
-2.250	2.150	0.000	1.03570354
-2.150	2.150	0.000	1.03512931
-2.050	2.150	0.000	1.03448880
-1.950	2.150	0.000	1.03395796
-1.850	2.150	0.000	1.03347409
-1.750	2.150	0.000	1.03328073
-1.650	2.150	0.000	1.03318250
-1.550	2.150	0.000	1.03287232
-1.450	2.150	0.000	1.03258705
-1.350	2.150	0.000	1.03222382
-1.250	2.150	0.000	1.03198850
-1.150	2.150	0.000	1.03190124
-1.050	2.150	0.000	1.03198290
-0.950	2.150	0.000	1.03214431
-0.850	2.150	0.000	1.03231311
-0.750	2.150	0.000	1.03241301
-0.650	2.150	0.000	1.03240728
-0.550	2.150	0.000	1.03233874
-0.450	2.150	0.000	1.03226733
-0.350	2.150	0.000	1.03228855
-0.250	2.150	0.000	1.03239667
-0.150	2.150	0.000	1.03255773
-0.050	2.150	0.000	1.03274775
0.050	2.150	0.000	1.03295720
0.150	2.150	0.000	1.03319645
0.250	2.150	0.000	1.03346241
0.350	2.150	0.000	1.03370750
0.450	2.150	0.000	1.03387356
0.550	2.150	0.000	1.03394973
0.650	2.150	0.000	1.03394639
0.750	2.150	0.000	1.03383672
0.850	2.150	0.000	1.03365064
0.950	2.150	0.000	1.03346539
1.050	2.150	0.000	1.03328538
1.150	2.150	0.000	1.03313065
1.250	2.150	0.000	1.03300369
1.350	2.150	0.000	1.03286433
1.450	2.150	0.000	1.03271437
1.550	2.150	0.000	1.03255522
1.650	2.150	0.000	1.03228891
1.750	2.150	0.000	1.03183258
1.850	2.150	0.000	1.03133178
1.950	2.150	0.000	1.03085935
2.050	2.150	0.000	1.03056526
2.150	2.150	0.000	1.03033864
2.250	2.150	0.000	1.03033459
2.350	2.150	0.000	1.03023028
2.450	2.150	0.000	1.03038549
-2.450	2.250	0.000	1.03600419
-2.350	2.250	0.000	1.03625309
-2.250	2.250	0.000	1.03579569
-2.150	2.250	0.000	1.03521359
-2.050	2.250	0.000	1.03459966
-1.950	2.250	0.000	1.03412235
-1.850	2.250	0.000	1.03365231
-1.750	2.250	0.000	1.03353810
-1.650	2.250	0.000	1.03347862
-1.550	2.250	0.000	1.03313899
-1.450	2.250	0.000	1.03283060
-1.350	2.250	0.000	1.03248000
-1.250	2.250	0.000	1.03222299
-1.150	2.250	0.000	1.03214288
-1.050	2.250	0.000	1.03217983
-0.950	2.250	0.000	1.03230870
-0.850	2.250	0.000	1.03245854
-0.750	2.250	0.000	1.03252840
-0.650	2.250	0.000	1.03249562
-0.550	2.250	0.000	1.03238535
-0.450	2.250	0.000	1.03224695
-0.350	2.250	0.000	1.03216112
-0.250	2.250	0.000	1.03212798
-0.150	2.250	0.000	1.03213787
-0.050	2.250	0.000	1.03218913
0.050	2.250	0.000	1.03228140
0.150	2.250	0.000	1.03243148
0.250	2.250	0.000	1.03262901
0.350	2.250	0.000	1.03283978
0.450	2.250	0.000	1.03301191
0.550	2.250	0.000	1.03311670
0.650	2.250	0.000	1.03312409
0.750	2.250	0.000	1.03304875
0.850	2.250	0.000	1.03288758
0.950	2.250	0.000	1.03275955
1.050	2.250	0.000	1.03264928
1.150	2.250	0.000	1.03256345
1.250	2.250	0.000	1.03251243
1.350	2.250	0.000	1.03241968
1.450	2.250	0.000	1.03228319
1.550	2.250	0.000	1.03211963
1.650	2.250	0.000	1.03184414
1.750	2.250	0.000	1.03136611
1.850	2.250	0.000	1.03084505
1.950	2.250	0.000	1.03035653
2.050	2.250	0.000	1.03001022
2.150	2.250	0.000	1.02973068
2.250	2.250	0.000	1.02966273
2.350	2.250	0.000	1.02949464
2.450	2.250	0.000	1.02956903
-2.450	2.350	0.000	1.03613019
-2.350	2.350	0.000	1.03665268
-2.250	2.350	0.000	1.03645372
-2.150	2.350	0.000	1.03588378
-2.050	2.350	0.000	1.03523374
-1.950	2.350	0.000	1.03469646
-1.850	2.350	0.000	1.03416657
-1.750	2.350	0.000	1.03402448
-1.650	2.350	0.000	1.03393781
-1.550	2.350	0.000	1.03355634
-1.450	2.350	0.000	1.03322291
-1.350	2.350	0.000	1.03282988
-1.250	2.350	0.000	1.03250182
-1.150	2.350	0.000	1.03232765
-1.050	2.350	0.000	1.03226793
-0.950	2.350	0.000	1.03230023
-0.850	2.350	0.000	1.03235233
-0.750	2.350	0.000	1.03237057
-0.650	2.350	0.000	1.03234088
-0.550	2.350	0.000	1.03227115
-0.450	2.350	0.000	1.03217077
-0.350	2.350	0.000	1.03208017
-0.250	2.350	0.000	1.03198719
-0.150	2.350	0.000	1.03190804
-0.050	2.350	0.000	1.03185070
0.050	2.350	0.000	1.03182817
0.150	2.350	0.000	1.03186047
0.250	2.350	0.000	1.03196061
0.350	2.350	0.000	1.03209865
0.450	2.350	0.000	1.03223825
0.550	2.350	0.000	1.03233683
0.650	2.350	0.000	1.03237450
0.750	2.350	0.000	1.03234851
0.850	2.350	0.000	1.03227353
0.950	2.350	0.000	1.03221798
1.050	2.350	0.000	1.03219283
1.150	2.350	0.000	1.03220308
1.250	2.350	0.000	1.03225124
1.350	2.350	0.000	1.03228188
1.450	2.350	0.000	1.03225839
1.550	2.350	0.000	1.03216779
1.650	2.350	0.000	1.03192270
1.750	2.350	0.000	1.03142798
1.850	2.350	0.000	1.03086674
1.950	2.350	0.000	1.03033566
2.050	2.350	0.000	1.02993882
2.150	2.350	0.000	1.02961850
2.250	2.350	0.000	1.02951109
2.350	2.350	0.000	1.02932262
2.450	2.350	0.000	1.02936649
-2.450	2.450	0.000	1.03569782
-2.350	2.450	0.000	1.03641272
-2.250	2.450	0.000	1.03648353
-2.150	2.450	0.000	1.03600752
-2.050	2.450	0.000	1.03541720
-1.950	2.450	0.000	1.03484941
-1.850	2.450	0.000	1.03427076
-1.750	2.450	0.000	1.03405535
-1.650	2.450	0.000	1.03389072
-1.550	2.450	0.000	1.03347099
-1.450	2.450	0.000	1.03309035
-1.350	2.450	0.000	1.03267145
-1.250	2.450	0.000	1.03232718
-1.150	2.450	0.000	1.03212714
-1.050	2.450	0.000	1.03201556
-0.950	2.450	0.000	1.03196239
-0.850	2.450	0.000	1.03192484
-0.750	2.450	0.000	1.03186047
-0.650	2.450	0.000	1.03176403
-0.550	2.450	0.000	1.03165400
-0.450	2.450	0.000	1.03155661
-0.350	2.450	0.000	1.03147960
-0.250	2.450	0.000	1.03139448
-0.150	2.450	0.000	1.03128421
-0.050	2.450	0.000	1.03115368
0.050	2.450	0.000	1.03105783
0.150	2.450	0.000	1.03101206
0.250	2.450	0.000	1.03103018
0.350	2.450	0.000	1.03109801
0.450	2.450	0.000	1.03118217
0.550	2.450	0.000	1.03123760
0.650	2.450	0.000	1.03127897
0.750	2.450	0.000	1.03124750
0.850	2.450	0.000	1.03120613
0.950	2.450	0.000	1.03120589
1.050	2.450	0.000	1.03125203
1.150	2.450	0.000	1.03134286
1.250	2.450	0.000	1.03149033
1.350	2.450	0.000	1.03162575
1.450	2.450	0.000	1.03168321
1.550	2.450	0.000	1.03166354
1.650	2.450	0.000	1.03145707
1.750	2.450	0.000	1.03099167
1.850	2.450	0.000	1.03044760
1.950	2.450	0.000	1.02992094
2.050	2.450	0.000	1.02952111
2.150	2.450	0.000	1.02920532
2.250	2.450	0.000	1.02909231
2.350	2.450	0.000	1.02889192
2.450	2.450	0.000	1.02892280
