-2.450	-2.450	0.000	1.04643774
-2.350	-2.450	0.000	1.04619288
-2.250	-2.450	0.000	1.04594851
-2.150	-2.450	0.000	1.04600477
-2.050	-2.450	0.000	1.04605603
-1.950	-2.450	0.000	1.04618263
-1.850	-2.450	0.000	1.04635739
-1.750	-2.450	0.000	1.04647422
-1.650	-2.450	0.000	1.04655409
-1.550	-2.450	0.000	1.04664075
-1.450	-2.450	0.000	1.04677641
-1.350	-2.450	0.000	1.04696572
-1.250	-2.450	0.000	1.04717720
-1.150	-2.450	0.000	1.04721677
-1.050	-2.450	0.000	1.04718077
-0.950	-2.450	0.000	1.04697502
-0.850	-2.450	0.000	1.04668236
-0.750	-2.450	0.000	1.04643786
-0.650	-2.450	0.000	1.04627848
-0.550	-2.450	0.000	1.04629290
-0.450	-2.450	0.000	1.04632950
-0.350	-2.450	0.000	1.04630566
-0.250	-2.450	0.000	1.04619169
-0.150	-2.450	0.000	1.04596198
-0.050	-2.450	0.000	1.04555821
0.050	-2.450	0.000	1.04496026
0.150	-2.450	0.000	1.04421592
0.250	-2.450	0.000	1.04339325
0.350	-2.450	0.000	1.04254031
0.450	-2.450	0.000	1.04172301
0.550	-2.450	0.000	1.04097712
0.650	-2.450	0.000	1.04032624
0.750	-2.450	0.000	1.03977084
0.850	-2.450	0.000	1.03931570
0.950	-2.450	0.000	1.03897548
1.050	-2.450	0.000	1.03870642
1.150	-2.450	0.000	1.03847408
1.250	-2.450	0.000	1.03822625
1.350	-2.450	0.000	1.03797841
1.450	-2.450	0.000	1.03777206
1.550	-2.450	0.000	1.03761292
1.650	-2.450	0.000	1.03759170
1.750	-2.450	0.000	1.03762615
1.850	-2.450	0.000	1.03768170
1.950	-2.450	0.000	1.03774619
2.050	-2.450	0.000	1.03778172
2.150	-2.450	0.000	1.03780937
2.250	-2.450	0.000	1.03776443
2.350	-2.450	0.000	1.03771317
2.450	-2.450	0.000	1.03743684
-2.450	-2.350	0.000	1.04705894
-2.350	-2.350	0.000	1.04677927
-2.250	-2.350	0.000	1.04650295
-2.150	-2.350	0.000	1.04649091
-2.050	-2.350	0.000	1.04650688
-1.950	-2.350	0.000	1.04661846
-1.850	-2.350	0.000	1.04676950
-1.750	-2.350	0.000	1.04691362
-1.650	-2.350	0.000	1.04701984
-1.550	-2.350	0.000	1.04714882
-1.450	-2.350	0.000	1.04731905
-1.350	-2.350	0.000	1.04755449
-1.250	-2.350	0.000	1.04780447
-1.150	-2.350	0.000	1.04789758
-1.050	-2.350	0.000	1.04789937
-0.950	-2.350	0.000	1.04771757
-0.850	-2.350	0.000	1.04744458
-0.750	-2.350	0.000	1.04719615
-0.650	-2.350	0.000	1.04703712
-0.550	-2.350	0.000	1.04708552
-0.450	-2.350	0.000	1.04715991
-0.350	-2.350	0.000	1.04720521
-0.250	-2.350	0.000	1.04717648
-0.150	-2.350	0.000	1.04701924
-0.050	-2.350	0.000	1.04667950
0.050	-2.350	0.000	1.04611564
0.150	-2.350	0.000	1.04534531
0.250	-2.350	0.000	1.04438615
0.350	-2.350	0.000	1.04332399
0.450	-2.350	0.000	1.04225814
0.550	-2.350	0.000	1.04125929
0.650	-2.350	0.000	1.04038799
0.750	-2.350	0.000	1.03968573
0.850	-2.350	0.000	1.03917325
0.950	-2.350	0.000	1.03882754
1.050	-2.350	0.000	1.03858042
1.150	-2.350	0.000	1.03837442
1.250	-2.350	0.000	1.03815866
1.350	-2.350	0.000	1.03793621
1.450	-2.350	0.000	1.03774822
1.550	-2.350	0.000	1.03759730
1.650	-2.350	0.000	1.03756797
1.750	-2.350	0.000	1.03760672
1.850	-2.350	0.000	1.03766894
1.950	-2.350	0.000	1.03773975
2.050	-2.350	0.000	1.03777361
2.150	-2.350	0.000	1.03777802
2.250	-2.350	0.000	1.03771937
2.350	-2.350	0.000	1.03765941
2.450	-2.350	0.000	1.03739345
-2.450	-2.250	0.000	1.04712605
-2.350	-2.250	0.000	1.04682946
-2.250	-2.250	0.000	1.04652631
-2.150	-2.250	0.000	1.04647076
-2.050	-2.250	0.000	1.04648459
-1.950	-2.250	0.000	1.04658484
-1.850	-2.250	0.000	1.04673135
-1.750	-2.250	0.000	1.04688251
-1.650	-2.250	0.000	1.04699564
-1.550	-2.250	0.000	1.04712915
-1.450	-2.250	0.000	1.04730785
-1.350	-2.250	0.000	1.04756522
-1.250	-2.250	0.000	1.04783571
-1.150	-2.250	0.000	1.04796398
-1.050	-2.250	0.000	1.04799104
-0.950	-2.250	0.000	1.04783726
-0.850	-2.250	0.000	1.04758537
-0.750	-2.250	0.000	1.04735327
-0.650	-2.250	0.000	1.04720902
-0.550	-2.250	0.000	1.04727340
-0.450	-2.250	0.000	1.04736710
-0.350	-2.250	0.000	1.04744184
-0.250	-2.250	0.000	1.04744279
-0.150	-2.250	0.000	1.04729950
-0.050	-2.250	0.000	1.04695010
0.050	-2.250	0.000	1.04635692
0.150	-2.250	0.000	1.04552495
0.250	-2.250	0.000	1.04450226
0.350	-2.250	0.000	1.04339266
0.450	-2.250	0.000	1.04228139
0.550	-2.250	0.000	1.04125190
0.650	-2.250	0.000	1.04038250
0.750	-2.250	0.000	1.03970039
0.850	-2.250	0.000	1.03920984
0.950	-2.250	0.000	1.03888416
1.050	-2.250	0.000	1.03866327
1.150	-2.250	0.000	1.03850698
1.250	-2.250	0.000	1.03837049
1.350	-2.250	0.000	1.03821492
1.450	-2.250	0.000	1.03806782
1.550	-2.250	0.000	1.03794718
1.650	-2.250	0.000	1.03788078
1.750	-2.250	0.000	1.03787696
1.850	-2.250	0.000	1.03788590
1.950	-2.250	0.000	1.03789461
2.050	-2.250	0.000	1.03786707
2.150	-2.250	0.000	1.03782129
2.250	-2.250	0.000	1.03772068
2.350	-2.250	0.000	1.03763950
2.450	-2.250	0.000	1.03734624
-2.450	-2.150	0.000	1.04712129
-2.350	-2.150	0.000	1.04682124
-2.250	-2.150	0.000	1.04650581
-2.150	-2.150	0.000	1.04640269
-2.050	-2.150	0.000	1.04641938
-1.950	-2.150	0.000	1.04650855
-1.850	-2.150	0.000	1.04666519
-1.750	-2.150	0.000	1.04684281
-1.650	-2.150	0.000	1.04697347
-1.550	-2.150	0.000	1.04710710
-1.450	-2.150	0.000	1.04727507
-1.350	-2.150	0.000	1.04752445
-1.250	-2.150	0.000	1.04778624
-1.150	-2.150	0.000	1.04793334
-1.050	-2.150	0.000	1.04797769
-0.950	-2.150	0.000	1.04786265
-0.850	-2.150	0.000	1.04763937
-0.750	-2.150	0.000	1.04742789
-0.650	-2.150	0.000	1.04730976
-0.550	-2.150	0.000	1.04739022
-0.450	-2.150	0.000	1.04751313
-0.350	-2.150	0.000	1.04762375
-0.250	-2.150	0.000	1.04768169
-0.150	-2.150	0.000	1.04757214
-0.050	-2.150	0.000	1.04724610
0.050	-2.150	0.000	1.04663229
0.150	-2.150	0.000	1.04571772
0.250	-2.150	0.000	1.04460061
0.350	-2.150	0.000	1.04339325
0.450	-2.150	0.000	1.04218626
0.550	-2.150	0.000	1.04105282
0.650	-2.150	0.000	1.04011083
0.750	-2.150	0.000	1.03942287
0.850	-2.150	0.000	1.03895342
0.950	-2.150	0.000	1.03866374
1.050	-2.150	0.000	1.03851366
1.150	-2.150	0.000	1.03845048
1.250	-2.150	0.000	1.03839076
1.350	-2.150	0.000	1.03828633
1.450	-2.150	0.000	1.03816259
1.550	-2.150	0.000	1.03808570
1.650	-2.150	0.000	1.03804207
1.750	-2.150	0.000	1.03802609
1.850	-2.150	0.000	1.03801620
1.950	-2.150	0.000	1.03797972
2.050	-2.150	0.000	1.03788686
2.150	-2.150	0.000	1.03780901
2.250	-2.150	0.000	1.03767073
2.350	-2.150	0.000	1.03757095
2.450	-2.150	0.000	1.03727198
-2.450	-2.050	0.000	1.04640257
-2.350	-2.050	0.000	1.04608834
-2.250	-2.050	0.000	1.04574466
-2.150	-2.050	0.000	1.04563546
-2.050	-2.050	0.000	1.04564869
-1.950	-2.050	0.000	1.04573071
-1.850	-2.050	0.000	1.04588914
-1.750	-2.050	0.000	1.04607236
-1.650	-2.050	0.000	1.04621243
-1.550	-2.050	0.000	1.04635596
-1.450	-2.050	0.000	1.04654884
-1.350	-2.050	0.000	1.04681993
-1.250	-2.050	0.000	1.04707074
-1.150	-2.050	0.000	1.04724836
-1.050	-2.050	0.000	1.04728234
-0.950	-2.050	0.000	1.04715073
-0.850	-2.050	0.000	1.04692256
-0.750	-2.050	0.000	1.04674137
-0.650	-2.050	0.000	1.04668617
-0.550	-2.050	0.000	1.04687142
-0.450	-2.050	0.000	1.04715240
-0.350	-2.050	0.000	1.04741108
-0.250	-2.050	0.000	1.04761600
-0.150	-2.050	0.000	1.04761541
-0.050	-2.050	0.000	1.04738259
0.050	-2.050	0.000	1.04678369
0.150	-2.050	0.000	1.04582655
0.250	-2.050	0.000	1.04464340
0.350	-2.050	0.000	1.04332280
0.450	-2.050	0.000	1.04194951
0.550	-2.050	0.000	1.04069436
0.650	-2.050	0.000	1.03977549
0.750	-2.050	0.000	1.03921568
0.850	-2.050	0.000	1.03881943
0.950	-2.050	0.000	1.03859448
1.050	-2.050	0.000	1.03852236
1.150	-2.050	0.000	1.03851283
1.250	-2.050	0.000	1.03847384
1.350	-2.050	0.000	1.03838170
1.450	-2.050	0.000	1.03828323
1.550	-2.050	0.000	1.03823304
1.650	-2.050	0.000	1.03821981
1.750	-2.050	0.000	1.03821242
1.850	-2.050	0.000	1.03821194
1.950	-2.050	0.000	1.03818107
2.050	-2.050	0.000	1.03807712
2.150	-2.050	0.000	1.03797007
2.250	-2.050	0.000	1.03777337
2.350	-2.050	0.000	1.03764403
2.450	-2.050	0.000	1.03730524
-2.450	-1.950	0.000	1.04507840
-2.350	-1.950	0.000	1.04475391
-2.250	-1.950	0.000	1.04439890
-2.150	-1.950	0.000	1.04427660
-2.050	-1.950	0.000	1.04428828
-1.950	-1.950	0.000	1.04436970
-1.850	-1.950	0.000	1.04452181
-1.750	-1.950	0.000	1.04471159
-1.650	-1.950	0.000	1.04486954
-1.550	-1.950	0.000	1.04502904
-1.450	-1.950	0.000	1.04524958
-1.350	-1.950	0.000	1.04551518
-1.250	-1.950	0.000	1.04573393
-1.150	-1.950	0.000	1.04588068
-1.050	-1.950	0.000	1.04588795
-0.950	-1.950	0.000	1.04573750
-0.850	-1.950	0.000	1.04552674
-0.750	-1.950	0.000	1.04540384
-0.650	-1.950	0.000	1.04545796
-0.550	-1.950	0.000	1.04577506
-0.450	-1.950	0.000	1.04615855
-0.350	-1.950	0.000	1.04651856
-0.250	-1.950	0.000	1.04683673
-0.150	-1.950	0.000	1.04695773
-0.050	-1.950	0.000	1.04685342
0.050	-1.950	0.000	1.04628444
0.150	-1.950	0.000	1.04533160
0.250	-1.950	0.000	1.04405010
0.350	-1.950	0.000	1.04258919
0.450	-1.950	0.000	1.04106402
0.550	-1.950	0.000	1.03980160
0.650	-1.950	0.000	1.03910339
0.750	-1.950	0.000	1.03862953
0.850	-1.950	0.000	1.03833890
0.950	-1.950	0.000	1.03826797
1.050	-1.950	0.000	1.03836119
1.150	-1.950	0.000	1.03846455
1.250	-1.950	0.000	1.03848720
1.350	-1.950	0.000	1.03843153
1.450	-1.950	0.000	1.03837264
1.550	-1.950	0.000	1.03834927
1.650	-1.950	0.000	1.03833139
1.750	-1.950	0.000	1.03832853
1.850	-1.950	0.000	1.03831375
1.950	-1.950	0.000	1.03829825
2.050	-1.950	0.000	1.03819633
2.150	-1.950	0.000	1.03806543
2.250	-1.950	0.000	1.03784752
2.350	-1.950	0.000	1.03771317
2.450	-1.950	0.000	1.03734827
-2.450	-1.850	0.000	1.04361606
-2.350	-1.850	0.000	1.04329932
-2.250	-1.850	0.000	1.04292941
-2.150	-1.850	0.000	1.04279327
-2.050	-1.850	0.000	1.04276860
-1.950	-1.850	0.000	1.04284728
-1.850	-1.850	0.000	1.04299593
-1.750	-1.850	0.000	1.04319882
-1.650	-1.850	0.000	1.04339111
-1.550	-1.850	0.000	1.04358542
-1.450	-1.850	0.000	1.04382777
-1.350	-1.850	0.000	1.04408801
-1.250	-1.850	0.000	1.04426980
-1.150	-1.850	0.000	1.04436827
-1.050	-1.850	0.000	1.04434466
-0.950	-1.850	0.000	1.04417694
-0.850	-1.850	0.000	1.04403305
-0.750	-1.850	0.000	1.04394174
-0.650	-1.850	0.000	1.04411316
-0.550	-1.850	0.000	1.04451108
-0.450	-1.850	0.000	1.04498219
-0.350	-1.850	0.000	1.04543591
-0.250	-1.850	0.000	1.04581702
-0.150	-1.850	0.000	1.04598832
-0.050	-1.850	0.000	1.04588044
0.050	-1.850	0.000	1.04524899
0.150	-1.850	0.000	1.04421902
0.250	-1.850	0.000	1.04288244
0.350	-1.850	0.000	1.04136539
0.450	-1.850	0.000	1.03988945
0.550	-1.850	0.000	1.03889513
0.650	-1.850	0.000	1.03847933
0.750	-1.850	0.000	1.03818667
0.850	-1.850	0.000	1.03808904
0.950	-1.850	0.000	1.03814912
1.050	-1.850	0.000	1.03832710
1.150	-1.850	0.000	1.03847814
1.250	-1.850	0.000	1.03851151
1.350	-1.850	0.000	1.03846788
1.450	-1.850	0.000	1.03842688
1.550	-1.850	0.000	1.03840637
1.650	-1.850	0.000	1.03839695
1.750	-1.850	0.000	1.03841090
1.850	-1.850	0.000	1.03838849
1.950	-1.850	0.000	1.03837395
2.050	-1.850	0.000	1.03831303
2.150	-1.850	0.000	1.03819108
2.250	-1.850	0.000	1.03799498
2.350	-1.850	0.000	1.03787088
2.450	-1.850	0.000	1.03754938
-2.450	-1.750	0.000	1.04218411
-2.350	-1.750	0.000	1.04188490
-2.250	-1.750	0.000	1.04152155
-2.150	-1.750	0.000	1.04138076
-2.050	-1.750	0.000	1.04134738
-1.950	-1.750	0.000	1.04140830
-1.850	-1.750	0.000	1.04154503
-1.750	-1.750	0.000	1.04174113
-1.650	-1.750	0.000	1.04195869
-1.550	-1.750	0.000	1.04218948
-1.450	-1.750	0.000	1.04245400
-1.350	-1.750	0.000	1.04269838
-1.250	-1.750	0.000	1.04284251
-1.150	-1.750	0.000	1.04290819
-1.050	-1.750	0.000	1.04285598
-0.950	-1.750	0.000	1.04269040
-0.850	-1.750	0.000	1.04259813
-0.750	-1.750	0.000	1.04259217
-0.650	-1.750	0.000	1.04285550
-0.550	-1.750	0.000	1.04332542
-0.450	-1.750	0.000	1.04388821
-0.350	-1.750	0.000	1.04439354
-0.250	-1.750	0.000	1.04478633
-0.150	-1.750	0.000	1.04494727
-0.050	-1.750	0.000	1.04473507
0.050	-1.750	0.000	1.04401112
0.150	-1.750	0.000	1.04289389
0.250	-1.750	0.000	1.04147995
0.350	-1.750	0.000	1.03991973
0.450	-1.750	0.000	1.03858590
0.550	-1.750	0.000	1.03797936
0.650	-1.750	0.000	1.03778470
0.750	-1.750	0.000	1.03770363
0.850	-1.750	0.000	1.03780866
0.950	-1.750	0.000	1.03806281
1.050	-1.750	0.000	1.03831840
1.150	-1.750	0.000	1.03848302
1.250	-1.750	0.000	1.03850460
1.350	-1.750	0.000	1.03846002
1.450	-1.750	0.000	1.03842056
1.550	-1.750	0.000	1.03840852
1.650	-1.750	0.000	1.03840542
1.750	-1.750	0.000	1.03843009
1.850	-1.750	0.000	1.03842795
1.950	-1.750	0.000	1.03839898
2.050	-1.750	0.000	1.03835833
2.150	-1.750	0.000	1.03828156
2.250	-1.750	0.000	1.03812182
2.350	-1.750	0.000	1.03801572
2.450	-1.750	0.000	1.03774261
-2.450	-1.650	0.000	1.04089642
-2.350	-1.650	0.000	1.04061460
-2.250	-1.650	0.000	1.04027092
-2.150	-1.650	0.000	1.04013741
-2.050	-1.650	0.000	1.04008961
-1.950	-1.650	0.000	1.04012692
-1.850	-1.650	0.000	1.04025209
-1.750	-1.650	0.000	1.04044199
-1.650	-1.650	0.000	1.04066777
-1.550	-1.650	0.000	1.04093611
-1.450	-1.650	0.000	1.04123163
-1.350	-1.650	0.000	1.04145861
-1.250	-1.650	0.000	1.04158390
-1.150	-1.650	0.000	1.04161608
-1.050	-1.650	0.000	1.04152262
-0.950	-1.650	0.000	1.04136777
-0.850	-1.650	0.000	1.04132605
-0.750	-1.650	0.000	1.04142368
-0.650	-1.650	0.000	1.04173279
-0.550	-1.650	0.000	1.04227519
-0.450	-1.650	0.000	1.04289925
-0.350	-1.650	0.000	1.04340279
-0.250	-1.650	0.000	1.04374957
-0.150	-1.650	0.000	1.04388523
-0.050	-1.650	0.000	1.04353678
0.050	-1.650	0.000	1.04269457
0.150	-1.650	0.000	1.04145730
0.250	-1.650	0.000	1.04000926
0.350	-1.650	0.000	1.03852785
0.450	-1.650	0.000	1.03742206
0.550	-1.650	0.000	1.03717709
0.650	-1.650	0.000	1.03719151
0.750	-1.650	0.000	1.03735352
0.850	-1.650	0.000	1.03767097
0.950	-1.650	0.000	1.03809512
1.050	-1.650	0.000	1.03846133
1.150	-1.650	0.000	1.03860664
1.250	-1.650	0.000	1.03856814
1.350	-1.650	0.000	1.03850520
1.450	-1.650	0.000	1.03842139
1.550	-1.650	0.000	1.03838491
1.650	-1.650	0.000	1.03838217
1.750	-1.650	0.000	1.03840435
1.850	-1.650	0.000	1.03843176
1.950	-1.650	0.000	1.03842866
2.050	-1.650	0.000	1.03836679
2.150	-1.650	0.000	1.03831673
2.250	-1.650	0.000	1.03819299
2.350	-1.650	0.000	1.03811336
2.450	-1.650	0.000	1.03790569
-2.450	-1.550	0.000	1.03988564
-2.350	-1.550	0.000	1.03963578
-2.250	-1.550	0.000	1.03932011
-2.150	-1.550	0.000	1.03917229
-2.050	-1.550	0.000	1.03909373
-1.950	-1.550	0.000	1.03910732
-1.850	-1.550	0.000	1.03920627
-1.750	-1.550	0.000	1.03939033
-1.650	-1.550	0.000	1.03963721
-1.550	-1.550	0.000	1.03994906
-1.450	-1.550	0.000	1.04026306
-1.350	-1.550	0.000	1.04048610
-1.250	-1.550	0.000	1.04060066
-1.150	-1.550	0.000	1.04061639
-1.050	-1.550	0.000	1.04050243
-0.950	-1.550	0.000	1.04036152
-0.850	-1.550	0.000	1.04038155
-0.750	-1.550	0.000	1.04053688
-0.650	-1.550	0.000	1.04088330
-0.550	-1.550	0.000	1.04147696
-0.450	-1.550	0.000	1.04209054
-0.350	-1.550	0.000	1.04253209
-0.250	-1.550	0.000	1.04279518
-0.150	-1.550	0.000	1.04282022
-0.050	-1.550	0.000	1.04232204
0.050	-1.550	0.000	1.04136348
0.150	-1.550	0.000	1.04002500
0.250	-1.550	0.000	1.03857899
0.350	-1.550	0.000	1.03721011
0.450	-1.550	0.000	1.03641617
0.550	-1.550	0.000	1.03655827
0.650	-1.550	0.000	1.03682327
0.750	-1.550	0.000	1.03728342
0.850	-1.550	0.000	1.03777528
0.950	-1.550	0.000	1.03829527
1.050	-1.550	0.000	1.03867793
1.150	-1.550	0.000	1.03874838
1.250	-1.550	0.000	1.03867733
1.350	-1.550	0.000	1.03857696
1.450	-1.550	0.000	1.03847015
1.550	-1.550	0.000	1.03837430
1.650	-1.550	0.000	1.03836238
1.750	-1.550	0.000	1.03838086
1.850	-1.550	0.000	1.03840554
1.950	-1.550	0.000	1.03844106
2.050	-1.550	0.000	1.03841043
2.150	-1.550	0.000	1.03838193
2.250	-1.550	0.000	1.03829217
2.350	-1.550	0.000	1.03820717
2.450	-1.550	0.000	1.03804839
-2.450	-1.450	0.000	1.03918922
-2.350	-1.450	0.000	1.03897607
-2.250	-1.450	0.000	1.03870535
-2.150	-1.450	0.000	1.03855515
-2.050	-1.450	0.000	1.03846049
-1.950	-1.450	0.000	1.03845298
-1.850	-1.450	0.000	1.03852308
-1.750	-1.450	0.000	1.03868234
-1.650	-1.450	0.000	1.03892219
-1.550	-1.450	0.000	1.03925514
-1.450	-1.450	0.000	1.03959560
-1.350	-1.450	0.000	1.03982031
-1.250	-1.450	0.000	1.03993011
-1.150	-1.450	0.000	1.03994298
-1.050	-1.450	0.000	1.03984833
-0.950	-1.450	0.000	1.03973639
-0.850	-1.450	0.000	1.03980088
-0.750	-1.450	0.000	1.03996909
-0.650	-1.450	0.000	1.04034615
-0.550	-1.450	0.000	1.04095125
-0.450	-1.450	0.000	1.04150724
-0.350	-1.450	0.000	1.04182935
-0.250	-1.450	0.000	1.04202700
-0.150	-1.450	0.000	1.04189265
-0.050	-1.450	0.000	1.04128492
0.050	-1.450	0.000	1.04020894
0.150	-1.450	0.000	1.03884518
0.250	-1.450	0.000	1.03739560
0.350	-1.450	0.000	1.03624618
0.450	-1.450	0.000	1.03585911
0.550	-1.450	0.000	1.03629351
0.650	-1.450	0.000	1.03679216
0.750	-1.450	0.000	1.03741646
0.850	-1.450	0.000	1.03801703
0.950	-1.450	0.000	1.03854060
1.050	-1.450	0.000	1.03891289
1.150	-1.450	0.000	1.03892696
1.250	-1.450	0.000	1.03886056
1.350	-1.450	0.000	1.03872406
1.450	-1.450	0.000	1.03860044
1.550	-1.450	0.000	1.03848934
1.650	-1.450	0.000	1.03842759
1.750	-1.450	0.000	1.03842854
1.850	-1.450	0.000	1.03843510
1.950	-1.450	0.000	1.03845572
2.050	-1.450	0.000	1.03844345
2.150	-1.450	0.000	1.03842175
2.250	-1.450	0.000	1.03837228
2.350	-1.450	0.000	1.03831589
2.450	-1.450	0.000	1.03818917
-2.450	-1.350	0.000	1.03875744
-2.350	-1.350	0.000	1.03859985
-2.250	-1.350	0.000	1.03838551
-2.150	-1.350	0.000	1.03825390
-2.050	-1.350	0.000	1.03817046
-1.950	-1.350	0.000	1.03815091
-1.850	-1.350	0.000	1.03820884
-1.750	-1.350	0.000	1.03835177
-1.650	-1.350	0.000	1.03857970
-1.550	-1.350	0.000	1.03890276
-1.450	-1.350	0.000	1.03924215
-1.350	-1.350	0.000	1.03947878
-1.250	-1.350	0.000	1.03959990
-1.150	-1.350	0.000	1.03961539
-1.050	-1.350	0.000	1.03953505
-0.950	-1.350	0.000	1.03946114
-0.850	-1.350	0.000	1.03955567
-0.750	-1.350	0.000	1.03973198
-0.650	-1.350	0.000	1.04011977
-0.550	-1.350	0.000	1.04069948
-0.450	-1.350	0.000	1.04115570
-0.350	-1.350	0.000	1.04137790
-0.250	-1.350	0.000	1.04145396
-0.150	-1.350	0.000	1.04121542
-0.050	-1.350	0.000	1.04049039
0.050	-1.350	0.000	1.03934395
0.150	-1.350	0.000	1.03800666
0.250	-1.350	0.000	1.03682709
0.350	-1.350	0.000	1.03589952
0.450	-1.350	0.000	1.03591609
0.550	-1.350	0.000	1.03642654
0.650	-1.350	0.000	1.03701067
0.750	-1.350	0.000	1.03766990
0.850	-1.350	0.000	1.03834307
0.950	-1.350	0.000	1.03881168
1.050	-1.350	0.000	1.03910589
1.150	-1.350	0.000	1.03912878
1.250	-1.350	0.000	1.03905296
1.350	-1.350	0.000	1.03890765
1.450	-1.350	0.000	1.03876495
1.550	-1.350	0.000	1.03866017
1.650	-1.350	0.000	1.03857028
1.750	-1.350	0.000	1.03855252
1.850	-1.350	0.000	1.03855515
1.950	-1.350	0.000	1.03855753
2.050	-1.350	0.000	1.03853309
2.150	-1.350	0.000	1.03849101
2.250	-1.350	0.000	1.03842521
2.350	-1.350	0.000	1.03836811
2.450	-1.350	0.000	1.03826666
-2.450	-1.250	0.000	1.03860652
-2.350	-1.250	0.000	1.03849328
-2.250	-1.250	0.000	1.03833199
-2.150	-1.250	0.000	1.03824079
-2.050	-1.250	0.000	1.03817284
-1.950	-1.250	0.000	1.03814602
-1.850	-1.250	0.000	1.03818238
-1.750	-1.250	0.000	1.03829360
-1.650	-1.250	0.000	1.03849149
-1.550	-1.250	0.000	1.03879213
-1.450	-1.250	0.000	1.03912568
-1.350	-1.250	0.000	1.03938198
-1.250	-1.250	0.000	1.03951752
-1.150	-1.250	0.000	1.03954709
-1.050	-1.250	0.000	1.03948486
-0.950	-1.250	0.000	1.03944981
-0.850	-1.250	0.000	1.03953826
-0.750	-1.250	0.000	1.03972518
-0.650	-1.250	0.000	1.04011273
-0.550	-1.250	0.000	1.04066145
-0.450	-1.250	0.000	1.04103231
-0.350	-1.250	0.000	1.04116833
-0.250	-1.250	0.000	1.04115808
-0.150	-1.250	0.000	1.04083300
-0.050	-1.250	0.000	1.04006171
0.050	-1.250	0.000	1.03892589
0.150	-1.250	0.000	1.03776538
0.250	-1.250	0.000	1.03669858
0.350	-1.250	0.000	1.03594971
0.450	-1.250	0.000	1.03621876
0.550	-1.250	0.000	1.03674018
0.650	-1.250	0.000	1.03736091
0.750	-1.250	0.000	1.03803837
0.850	-1.250	0.000	1.03867233
0.950	-1.250	0.000	1.03905571
1.050	-1.250	0.000	1.03929460
1.150	-1.250	0.000	1.03937101
1.250	-1.250	0.000	1.03927660
1.350	-1.250	0.000	1.03913784
1.450	-1.250	0.000	1.03899455
1.550	-1.250	0.000	1.03889787
1.650	-1.250	0.000	1.03881454
1.750	-1.250	0.000	1.03875315
1.850	-1.250	0.000	1.03874373
1.950	-1.250	0.000	1.03872538
2.050	-1.250	0.000	1.03869355
2.150	-1.250	0.000	1.03863299
2.250	-1.250	0.000	1.03856850
2.350	-1.250	0.000	1.03848755
2.450	-1.250	0.000	1.03837371
-2.450	-1.150	0.000	1.03855085
-2.350	-1.150	0.000	1.03848946
-2.250	-1.150	0.000	1.03838360
-2.150	-1.150	0.000	1.03830290
-2.050	-1.150	0.000	1.03823102
-1.950	-1.150	0.000	1.03820229
-1.850	-1.150	0.000	1.03823376
-1.750	-1.150	0.000	1.03831840
-1.650	-1.150	0.000	1.03848755
-1.550	-1.150	0.000	1.03877246
-1.450	-1.150	0.000	1.03909731
-1.350	-1.150	0.000	1.03937674
-1.250	-1.150	0.000	1.03953588
-1.150	-1.150	0.000	1.03959215
-1.050	-1.150	0.000	1.03954601
-0.950	-1.150	0.000	1.03953135
-0.850	-1.150	0.000	1.03960109
-0.750	-1.150	0.000	1.03977954
-0.650	-1.150	0.000	1.04018044
-0.550	-1.150	0.000	1.04070437
-0.450	-1.150	0.000	1.04103005
-0.350	-1.150	0.000	1.04111552
-0.250	-1.150	0.000	1.04104626
-0.150	-1.150	0.000	1.04067302
-0.050	-1.150	0.000	1.03986561
0.050	-1.150	0.000	1.03880274
0.150	-1.150	0.000	1.03774559
0.250	-1.150	0.000	1.03680563
0.350	-1.150	0.000	1.03630841
0.450	-1.150	0.000	1.03664124
0.550	-1.150	0.000	1.03716195
0.650	-1.150	0.000	1.03776193
0.750	-1.150	0.000	1.03837979
0.850	-1.150	0.000	1.03890359
0.950	-1.150	0.000	1.03926194
1.050	-1.150	0.000	1.03946400
1.150	-1.150	0.000	1.03954566
1.250	-1.150	0.000	1.03949118
1.350	-1.150	0.000	1.03938913
1.450	-1.150	0.000	1.03928709
1.550	-1.150	0.000	1.03920174
1.650	-1.150	0.000	1.03912544
1.750	-1.150	0.000	1.03905916
1.850	-1.150	0.000	1.03902543
1.950	-1.150	0.000	1.03899074
2.050	-1.150	0.000	1.03892910
2.150	-1.150	0.000	1.03883290
2.250	-1.150	0.000	1.03873110
2.350	-1.150	0.000	1.03863633
2.450	-1.150	0.000	1.03849030
-2.450	-1.050	0.000	1.03849185
-2.350	-1.050	0.000	1.03847742
-2.250	-1.050	0.000	1.03844571
-2.150	-1.050	0.000	1.03842533
-2.050	-1.050	0.000	1.03838015
-1.950	-1.050	0.000	1.03835392
-1.850	-1.050	0.000	1.03836989
-1.750	-1.050	0.000	1.03841627
-1.650	-1.050	0.000	1.03854859
-1.550	-1.050	0.000	1.03880417
-1.450	-1.050	0.000	1.03911483
-1.350	-1.050	0.000	1.03940773
-1.250	-1.050	0.000	1.03958154
-1.150	-1.050	0.000	1.03966916
-1.050	-1.050	0.000	1.03965306
-0.950	-1.050	0.000	1.03967857
-0.850	-1.050	0.000	1.03974056
-0.750	-1.050	0.000	1.03991389
-0.650	-1.050	0.000	1.04028976
-0.550	-1.050	0.000	1.04076469
-0.450	-1.050	0.000	1.04106581
-0.350	-1.050	0.000	1.04112422
-0.250	-1.050	0.000	1.04102516
-0.150	-1.050	0.000	1.04061878
-0.050	-1.050	0.000	1.03981698
0.050	-1.050	0.000	1.03881335
0.150	-1.050	0.000	1.03786850
0.250	-1.050	0.000	1.03717291
0.350	-1.050	0.000	1.03693438
0.450	-1.050	0.000	1.03724968
0.550	-1.050	0.000	1.03771579
0.650	-1.050	0.000	1.03822482
0.750	-1.050	0.000	1.03872597
0.850	-1.050	0.000	1.03915632
0.950	-1.050	0.000	1.03947830
1.050	-1.050	0.000	1.03963804
1.150	-1.050	0.000	1.03968740
1.250	-1.050	0.000	1.03967965
1.350	-1.050	0.000	1.03962314
1.450	-1.050	0.000	1.03956497
1.550	-1.050	0.000	1.03952086
1.650	-1.050	0.000	1.03945911
1.750	-1.050	0.000	1.03939915
1.850	-1.050	0.000	1.03935659
1.950	-1.050	0.000	1.03931725
2.050	-1.050	0.000	1.03924596
2.150	-1.050	0.000	1.03912854
2.250	-1.050	0.000	1.03898680
2.350	-1.050	0.000	1.03884649
2.450	-1.050	0.000	1.03863573
-2.450	-0.950	0.000	1.03871131
-2.350	-0.950	0.000	1.03874147
-2.250	-0.950	0.000	1.03876734
-2.150	-0.950	0.000	1.03880668
-2.050	-0.950	0.000	1.03880954
-1.950	-0.950	0.000	1.03879881
-1.850	-0.950	0.000	1.03884578
-1.750	-0.950	0.000	1.03888965
-1.650	-0.950	0.000	1.03901803
-1.550	-0.950	0.000	1.03925765
-1.450	-0.950	0.000	1.03955185
-1.350	-0.950	0.000	1.03984129
-1.250	-0.950	0.000	1.04003203
-1.150	-0.950	0.000	1.04015517
-1.050	-0.950	0.000	1.04018140
-0.950	-0.950	0.000	1.04021943
-0.850	-0.950	0.000	1.04027867
-0.750	-0.950	0.000	1.04041207
-0.650	-0.950	0.000	1.04072702
-0.550	-0.950	0.000	1.04111671
-0.450	-0.950	0.000	1.04133642
-0.350	-0.950	0.000	1.04128504
-0.250	-0.950	0.000	1.04110956
-0.150	-0.950	0.000	1.04068911
-0.050	-0.950	0.000	1.03996444
0.050	-0.950	0.000	1.03918135
0.150	-0.950	0.000	1.03838861
0.250	-0.950	0.000	1.03784215
0.350	-0.950	0.000	1.03770101
0.450	-0.950	0.000	1.03791702
0.550	-0.950	0.000	1.03828180
0.650	-0.950	0.000	1.03868008
0.750	-0.950	0.000	1.03907931
0.850	-0.950	0.000	1.03942847
0.950	-0.950	0.000	1.03967881
1.050	-0.950	0.000	1.03981566
1.150	-0.950	0.000	1.03986156
1.250	-0.950	0.000	1.03985083
1.350	-0.950	0.000	1.03981936
1.450	-0.950	0.000	1.03980064
1.550	-0.950	0.000	1.03977287
1.650	-0.950	0.000	1.03974390
1.750	-0.950	0.000	1.03970253
1.850	-0.950	0.000	1.03966486
1.950	-0.950	0.000	1.03962398
2.050	-0.950	0.000	1.03955114
2.150	-0.950	0.000	1.03942895
2.250	-0.950	0.000	1.03927553
2.350	-0.950	0.000	1.03911126
2.450	-0.950	0.000	1.03884649
-2.450	-0.850	0.000	1.03921497
-2.350	-0.850	0.000	1.03927541
-2.250	-0.850	0.000	1.03934622
-2.150	-0.850	0.000	1.03942931
-2.050	-0.850	0.000	1.03947163
-1.950	-0.850	0.000	1.03950095
-1.850	-0.850	0.000	1.03955913
-1.750	-0.850	0.000	1.03959191
-1.650	-0.850	0.000	1.03969455
-1.550	-0.850	0.000	1.03989363
-1.450	-0.850	0.000	1.04015338
-1.350	-0.850	0.000	1.04043710
-1.250	-0.850	0.000	1.04065061
-1.150	-0.850	0.000	1.04080379
-1.050	-0.850	0.000	1.04086757
-0.950	-0.850	0.000	1.04091299
-0.850	-0.850	0.000	1.04097354
-0.750	-0.850	0.000	1.04108584
-0.650	-0.850	0.000	1.04134977
-0.550	-0.850	0.000	1.04168630
-0.450	-0.850	0.000	1.04187787
-0.350	-0.850	0.000	1.04182267
-0.250	-0.850	0.000	1.04164505
-0.150	-0.850	0.000	1.04124415
-0.050	-0.850	0.000	1.04056525
0.050	-0.850	0.000	1.03984678
0.150	-0.850	0.000	1.03916037
0.250	-0.850	0.000	1.03867662
0.350	-0.850	0.000	1.03849113
0.450	-0.850	0.000	1.03860080
0.550	-0.850	0.000	1.03884411
0.650	-0.850	0.000	1.03914535
0.750	-0.850	0.000	1.03945327
0.850	-0.850	0.000	1.03971815
0.950	-0.850	0.000	1.03991127
1.050	-0.850	0.000	1.04001534
1.150	-0.850	0.000	1.04004371
1.250	-0.850	0.000	1.04003477
1.350	-0.850	0.000	1.03999972
1.450	-0.850	0.000	1.03997517
1.550	-0.850	0.000	1.03996396
1.650	-0.850	0.000	1.03994370
1.750	-0.850	0.000	1.03993320
1.850	-0.850	0.000	1.03991723
1.950	-0.850	0.000	1.03989482
2.050	-0.850	0.000	1.03983462
2.150	-0.850	0.000	1.03972137
2.250	-0.850	0.000	1.03956211
2.350	-0.850	0.000	1.03940225
2.450	-0.850	0.000	1.03912401
-2.450	-0.750	0.000	1.03975725
-2.350	-0.750	0.000	1.03983629
-2.250	-0.750	0.000	1.03993475
-2.150	-0.750	0.000	1.04005778
-2.050	-0.750	0.000	1.04015160
-1.950	-0.750	0.000	1.04021847
-1.850	-0.750	0.000	1.04028988
-1.750	-0.750	0.000	1.04031467
-1.650	-0.750	0.000	1.04038393
-1.550	-0.750	0.000	1.04054177
-1.450	-0.750	0.000	1.04075956
-1.350	-0.750	0.000	1.04103088
-1.250	-0.750	0.000	1.04125965
-1.150	-0.750	0.000	1.04143524
-1.050	-0.750	0.000	1.04153156
-0.950	-0.750	0.000	1.04159117
-0.850	-0.750	0.000	1.04165816
-0.750	-0.750	0.000	1.04176021
-0.650	-0.750	0.000	1.04198492
-0.550	-0.750	0.000	1.04228044
-0.450	-0.750	0.000	1.04246211
-0.350	-0.750	0.000	1.04241240
-0.250	-0.750	0.000	1.04223847
-0.150	-0.750	0.000	1.04187739
-0.050	-0.750	0.000	1.04122639
0.050	-0.750	0.000	1.04056168
0.150	-0.750	0.000	1.03992999
0.250	-0.750	0.000	1.03947771
0.350	-0.750	0.000	1.03926635
0.450	-0.750	0.000	1.03928471
0.550	-0.750	0.000	1.03942978
0.650	-0.750	0.000	1.03963959
0.750	-0.750	0.000	1.03986406
0.850	-0.750	0.000	1.04006076
0.950	-0.750	0.000	1.04019916
1.050	-0.750	0.000	1.04026783
1.150	-0.750	0.000	1.04026818
1.250	-0.750	0.000	1.04022849
1.350	-0.750	0.000	1.04018223
1.450	-0.750	0.000	1.04014122
1.550	-0.750	0.000	1.04011703
1.650	-0.750	0.000	1.04010952
1.750	-0.750	0.000	1.04011691
1.850	-0.750	0.000	1.04012489
1.950	-0.750	0.000	1.04012632
2.050	-0.750	0.000	1.04009950
2.150	-0.750	0.000	1.04000139
2.250	-0.750	0.000	1.03985476
2.350	-0.750	0.000	1.03969657
2.450	-0.750	0.000	1.03943360
-2.450	-0.650	0.000	1.04028225
-2.350	-0.650	0.000	1.04037154
-2.250	-0.650	0.000	1.04048514
-2.150	-0.650	0.000	1.04063594
-2.050	-0.650	0.000	1.04077733
-1.950	-0.650	0.000	1.04088664
-1.850	-0.650	0.000	1.04098320
-1.750	-0.650	0.000	1.04101205
-1.650	-0.650	0.000	1.04106426
-1.550	-0.650	0.000	1.04118025
-1.450	-0.650	0.000	1.04135120
-1.350	-0.650	0.000	1.04159510
-1.250	-0.650	0.000	1.04182386
-1.150	-0.650	0.000	1.04201484
-1.050	-0.650	0.000	1.04214466
-0.950	-0.650	0.000	1.04222405
-0.850	-0.650	0.000	1.04229844
-0.750	-0.650	0.000	1.04239643
-0.650	-0.650	0.000	1.04259133
-0.550	-0.650	0.000	1.04285312
-0.450	-0.650	0.000	1.04302287
-0.350	-0.650	0.000	1.04298031
-0.250	-0.650	0.000	1.04281378
-0.150	-0.650	0.000	1.04248607
-0.050	-0.650	0.000	1.04187608
0.050	-0.650	0.000	1.04125953
0.150	-0.650	0.000	1.04068017
0.250	-0.650	0.000	1.04025948
0.350	-0.650	0.000	1.04002321
0.450	-0.650	0.000	1.03996575
0.550	-0.650	0.000	1.04001832
0.650	-0.650	0.000	1.04014313
0.750	-0.650	0.000	1.04029334
0.850	-0.650	0.000	1.04043138
0.950	-0.650	0.000	1.04053128
1.050	-0.650	0.000	1.04055965
1.150	-0.650	0.000	1.04052937
1.250	-0.650	0.000	1.04046059
1.350	-0.650	0.000	1.04037786
1.450	-0.650	0.000	1.04030931
1.550	-0.650	0.000	1.04027307
1.650	-0.650	0.000	1.04026687
1.750	-0.650	0.000	1.04028714
1.850	-0.650	0.000	1.04031849
1.950	-0.650	0.000	1.04033959
2.050	-0.650	0.000	1.04032624
2.150	-0.650	0.000	1.04025590
2.250	-0.650	0.000	1.04013479
2.350	-0.650	0.000	1.03998697
2.450	-0.650	0.000	1.03974867
-2.450	-0.550	0.000	1.04079318
-2.350	-0.550	0.000	1.04088283
-2.250	-0.550	0.000	1.04099119
-2.150	-0.550	0.000	1.04115665
-2.050	-0.550	0.000	1.04133368
-1.950	-0.550	0.000	1.04149580
-1.850	-0.550	0.000	1.04162288
-1.750	-0.550	0.000	1.04166460
-1.650	-0.550	0.000	1.04170644
-1.550	-0.550	0.000	1.04178560
-1.450	-0.550	0.000	1.04191279
-1.350	-0.550	0.000	1.04211843
-1.250	-0.550	0.000	1.04233253
-1.150	-0.550	0.000	1.04253030
-1.050	-0.550	0.000	1.04268491
-0.950	-0.550	0.000	1.04278195
-0.850	-0.550	0.000	1.04286516
-0.750	-0.550	0.000	1.04296529
-0.650	-0.550	0.000	1.04314220
-0.550	-0.550	0.000	1.04338658
-0.450	-0.550	0.000	1.04355443
-0.350	-0.550	0.000	1.04351902
-0.250	-0.550	0.000	1.04336643
-0.150	-0.550	0.000	1.04307818
-0.050	-0.550	0.000	1.04252183
0.050	-0.550	0.000	1.04194188
0.150	-0.550	0.000	1.04139936
0.250	-0.550	0.000	1.04098558
0.350	-0.550	0.000	1.04072237
0.450	-0.550	0.000	1.04061007
0.550	-0.550	0.000	1.04059684
0.650	-0.550	0.000	1.04065633
0.750	-0.550	0.000	1.04074609
0.850	-0.550	0.000	1.04083908
0.950	-0.550	0.000	1.04090202
1.050	-0.550	0.000	1.04089510
1.150	-0.550	0.000	1.04083323
1.250	-0.550	0.000	1.04073071
1.350	-0.550	0.000	1.04061437
1.450	-0.550	0.000	1.04051399
1.550	-0.550	0.000	1.04045498
1.650	-0.550	0.000	1.04044044
1.750	-0.550	0.000	1.04046571
1.850	-0.550	0.000	1.04050958
1.950	-0.550	0.000	1.04055035
2.050	-0.550	0.000	1.04055357
2.150	-0.550	0.000	1.04049146
2.250	-0.550	0.000	1.04039168
2.350	-0.550	0.000	1.04024947
2.450	-0.550	0.000	1.04003644
-2.450	-0.450	0.000	1.04124188
-2.350	-0.450	0.000	1.04132831
-2.250	-0.450	0.000	1.04142141
-2.150	-0.450	0.000	1.04158819
-2.050	-0.450	0.000	1.04178727
-1.950	-0.450	0.000	1.04199243
-1.850	-0.450	0.000	1.04214799
-1.750	-0.450	0.000	1.04221797
-1.650	-0.450	0.000	1.04226875
-1.550	-0.450	0.000	1.04233015
-1.450	-0.450	0.000	1.04241824
-1.350	-0.450	0.000	1.04257441
-1.250	-0.450	0.000	1.04275668
-1.150	-0.450	0.000	1.04294741
-1.050	-0.450	0.000	1.04311144
-0.950	-0.450	0.000	1.04322088
-0.850	-0.450	0.000	1.04330933
-0.750	-0.450	0.000	1.04340947
-0.650	-0.450	0.000	1.04357457
-0.550	-0.450	0.000	1.04380584
-0.450	-0.450	0.000	1.04397321
-0.350	-0.450	0.000	1.04396629
-0.250	-0.450	0.000	1.04385006
-0.150	-0.450	0.000	1.04360092
-0.050	-0.450	0.000	1.04309595
0.050	-0.450	0.000	1.04254270
0.150	-0.450	0.000	1.04203725
0.250	-0.450	0.000	1.04163074
0.350	-0.450	0.000	1.04135561
0.450	-0.450	0.000	1.04120648
0.550	-0.450	0.000	1.04114616
0.650	-0.450	0.000	1.04115641
0.750	-0.450	0.000	1.04120660
0.850	-0.450	0.000	1.04126763
0.950	-0.450	0.000	1.04129732
1.050	-0.450	0.000	1.04126537
1.150	-0.450	0.000	1.04117668
1.250	-0.450	0.000	1.04104483
1.350	-0.450	0.000	1.04089904
1.450	-0.450	0.000	1.04077375
1.550	-0.450	0.000	1.04069495
1.650	-0.450	0.000	1.04066324
1.750	-0.450	0.000	1.04067779
1.850	-0.450	0.000	1.04072404
1.950	-0.450	0.000	1.04076707
2.050	-0.450	0.000	1.04078329
2.150	-0.450	0.000	1.04072773
2.250	-0.450	0.000	1.04062784
2.350	-0.450	0.000	1.04049218
2.450	-0.450	0.000	1.04028630
-2.450	-0.350	0.000	1.04159057
-2.350	-0.350	0.000	1.04167295
-2.250	-0.350	0.000	1.04174232
-2.150	-0.350	0.000	1.04189622
-2.050	-0.350	0.000	1.04210556
-1.950	-0.350	0.000	1.04234183
-1.850	-0.350	0.000	1.04252446
-1.750	-0.350	0.000	1.04262459
-1.650	-0.350	0.000	1.04269171
-1.550	-0.350	0.000	1.04274881
-1.450	-0.350	0.000	1.04281187
-1.350	-0.350	0.000	1.04292858
-1.250	-0.350	0.000	1.04307890
-1.150	-0.350	0.000	1.04325044
-1.050	-0.350	0.000	1.04340613
-0.950	-0.350	0.000	1.04351485
-0.850	-0.350	0.000	1.04360223
-0.750	-0.350	0.000	1.04369485
-0.650	-0.350	0.000	1.04384339
-0.550	-0.350	0.000	1.04407501
-0.450	-0.350	0.000	1.04425347
-0.350	-0.350	0.000	1.04426336
-0.250	-0.350	0.000	1.04418612
-0.150	-0.350	0.000	1.04396582
-0.050	-0.350	0.000	1.04354751
0.050	-0.350	0.000	1.04304576
0.150	-0.350	0.000	1.04257417
0.250	-0.350	0.000	1.04218209
0.350	-0.350	0.000	1.04190624
0.450	-0.350	0.000	1.04173422
0.550	-0.350	0.000	1.04164708
0.650	-0.350	0.000	1.04162562
0.750	-0.350	0.000	1.04164934
0.850	-0.350	0.000	1.04168701
0.950	-0.350	0.000	1.04169667
1.050	-0.350	0.000	1.04164660
1.150	-0.350	0.000	1.04153872
1.250	-0.350	0.000	1.04138720
1.350	-0.350	0.000	1.04122150
1.450	-0.350	0.000	1.04107893
1.550	-0.350	0.000	1.04098618
1.650	-0.350	0.000	1.04094195
1.750	-0.350	0.000	1.04094398
1.850	-0.350	0.000	1.04098058
1.950	-0.350	0.000	1.04102337
2.050	-0.350	0.000	1.04102790
2.150	-0.350	0.000	1.04096282
2.250	-0.350	0.000	1.04084921
2.350	-0.350	0.000	1.04070938
2.450	-0.350	0.000	1.04049683
-2.450	-0.250	0.000	1.04180110
-2.350	-0.250	0.000	1.04188561
-2.250	-0.250	0.000	1.04193056
-2.150	-0.250	0.000	1.04206109
-2.050	-0.250	0.000	1.04226065
-1.950	-0.250	0.000	1.04251635
-1.850	-0.250	0.000	1.04271507
-1.750	-0.250	0.000	1.04284096
-1.650	-0.250	0.000	1.04293621
-1.550	-0.250	0.000	1.04300559
-1.450	-0.250	0.000	1.04306149
-1.350	-0.250	0.000	1.04315448
-1.250	-0.250	0.000	1.04328263
-1.150	-0.250	0.000	1.04342997
-1.050	-0.250	0.000	1.04356670
-0.950	-0.250	0.000	1.04366338
-0.850	-0.250	0.000	1.04374599
-0.750	-0.250	0.000	1.04383194
-0.650	-0.250	0.000	1.04397035
-0.550	-0.250	0.000	1.04419351
-0.450	-0.250	0.000	1.04437280
-0.350	-0.250	0.000	1.04441059
-0.250	-0.250	0.000	1.04438043
-0.150	-0.250	0.000	1.04419947
-0.050	-0.250	0.000	1.04381192
0.050	-0.250	0.000	1.04338562
0.150	-0.250	0.000	1.04297614
0.250	-0.250	0.000	1.04263008
0.350	-0.250	0.000	1.04237151
0.450	-0.250	0.000	1.04219568
0.550	-0.250	0.000	1.04209745
0.650	-0.250	0.000	1.04205990
0.750	-0.250	0.000	1.04206765
0.850	-0.250	0.000	1.04208541
0.950	-0.250	0.000	1.04208398
1.050	-0.250	0.000	1.04202223
1.150	-0.250	0.000	1.04190052
1.250	-0.250	0.000	1.04173386
1.350	-0.250	0.000	1.04155588
1.450	-0.250	0.000	1.04140496
1.550	-0.250	0.000	1.04130208
1.650	-0.250	0.000	1.04125071
1.750	-0.250	0.000	1.04124081
1.850	-0.250	0.000	1.04126179
1.950	-0.250	0.000	1.04130077
2.050	-0.250	0.000	1.04128313
2.150	-0.250	0.000	1.04121089
2.250	-0.250	0.000	1.04108560
2.350	-0.250	0.000	1.04092133
2.450	-0.250	0.000	1.04068625
-2.450	-0.150	0.000	1.04192173
-2.350	-0.150	0.000	1.04201019
-2.250	-0.150	0.000	1.04203832
-2.150	-0.150	0.000	1.04214597
-2.050	-0.150	0.000	1.04233694
-1.950	-0.150	0.000	1.04260111
-1.850	-0.150	0.000	1.04281116
-1.750	-0.150	0.000	1.04295683
-1.650	-0.150	0.000	1.04307389
-1.550	-0.150	0.000	1.04315221
-1.450	-0.150	0.000	1.04320955
-1.350	-0.150	0.000	1.04328001
-1.250	-0.150	0.000	1.04338145
-1.150	-0.150	0.000	1.04350424
-1.050	-0.150	0.000	1.04361999
-0.950	-0.150	0.000	1.04370749
-0.850	-0.150	0.000	1.04378843
-0.750	-0.150	0.000	1.04387367
-0.650	-0.150	0.000	1.04399920
-0.550	-0.150	0.000	1.04421771
-0.450	-0.150	0.000	1.04438913
-0.350	-0.150	0.000	1.04444385
-0.250	-0.150	0.000	1.04443181
-0.150	-0.150	0.000	1.04427326
-0.050	-0.150	0.000	1.04397845
0.050	-0.150	0.000	1.04361498
0.150	-0.150	0.000	1.04325628
0.250	-0.150	0.000	1.04296589
0.350	-0.150	0.000	1.04274952
0.450	-0.150	0.000	1.04260123
0.550	-0.150	0.000	1.04250288
0.650	-0.150	0.000	1.04245639
0.750	-0.150	0.000	1.04244924
0.850	-0.150	0.000	1.04244542
0.950	-0.150	0.000	1.04243064
1.050	-0.150	0.000	1.04236543
1.150	-0.150	0.000	1.04223633
1.250	-0.150	0.000	1.04205739
1.350	-0.150	0.000	1.04187489
1.450	-0.150	0.000	1.04172146
1.550	-0.150	0.000	1.04161060
1.650	-0.150	0.000	1.04155505
1.750	-0.150	0.000	1.04153609
1.850	-0.150	0.000	1.04154754
1.950	-0.150	0.000	1.04157710
2.050	-0.150	0.000	1.04155207
2.150	-0.150	0.000	1.04147387
2.250	-0.150	0.000	1.04133701
2.350	-0.150	0.000	1.04115081
2.450	-0.150	0.000	1.04088759
-2.450	-0.050	0.000	1.04203033
-2.350	-0.050	0.000	1.04212677
-2.250	-0.050	0.000	1.04213393
-2.150	-0.050	0.000	1.04221010
-2.050	-0.050	0.000	1.04237437
-1.950	-0.050	0.000	1.04263186
-1.850	-0.050	0.000	1.04284394
-1.750	-0.050	0.000	1.04300475
-1.650	-0.050	0.000	1.04314339
-1.550	-0.050	0.000	1.04324031
-1.450	-0.050	0.000	1.04330719
-1.350	-0.050	0.000	1.04338324
-1.250	-0.050	0.000	1.04348612
-1.150	-0.050	0.000	1.04358411
-1.050	-0.050	0.000	1.04367602
-0.950	-0.050	0.000	1.04374826
-0.850	-0.050	0.000	1.04381990
-0.750	-0.050	0.000	1.04391420
-0.650	-0.050	0.000	1.04404318
-0.550	-0.050	0.000	1.04425883
-0.450	-0.050	0.000	1.04442120
-0.350	-0.050	0.000	1.04448116
-0.250	-0.050	0.000	1.04447377
-0.150	-0.050	0.000	1.04432547
-0.050	-0.050	0.000	1.04406917
0.050	-0.050	0.000	1.04376709
0.150	-0.050	0.000	1.04347265
0.250	-0.050	0.000	1.04324317
0.350	-0.050	0.000	1.04306996
0.450	-0.050	0.000	1.04296267
0.550	-0.050	0.000	1.04286897
0.650	-0.050	0.000	1.04280972
0.750	-0.050	0.000	1.04278016
0.850	-0.050	0.000	1.04275239
0.950	-0.050	0.000	1.04270685
1.050	-0.050	0.000	1.04264081
1.150	-0.050	0.000	1.04250169
1.250	-0.050	0.000	1.04232740
1.350	-0.050	0.000	1.04213715
1.450	-0.050	0.000	1.04198682
1.550	-0.050	0.000	1.04187274
1.650	-0.050	0.000	1.04181230
1.750	-0.050	0.000	1.04179811
1.850	-0.050	0.000	1.04180622
1.950	-0.050	0.000	1.04183590
2.050	-0.050	0.000	1.04181445
2.150	-0.050	0.000	1.04173255
2.250	-0.050	0.000	1.04157853
2.350	-0.050	0.000	1.04139328
2.450	-0.050	0.000	1.04110229
-2.450	0.050	0.000	1.04218090
-2.350	0.050	0.000	1.04228210
-2.250	0.050	0.000	1.04227674
-2.150	0.050	0.000	1.04233098
-2.050	0.050	0.000	1.04247034
-1.950	0.050	0.000	1.04271758
-1.850	0.050	0.000	1.04293227
-1.750	0.050	0.000	1.04311109
-1.650	0.050	0.000	1.04326773
-1.550	0.050	0.000	1.04337680
-1.450	0.050	0.000	1.04344988
-1.350	0.050	0.000	1.04352582
-1.250	0.050	0.000	1.04363692
-1.150	0.050	0.000	1.04373038
-1.050	0.050	0.000	1.04381227
-0.950	0.050	0.000	1.04388011
-0.850	0.050	0.000	1.04394686
-0.750	0.050	0.000	1.04405856
-0.650	0.050	0.000	1.04420757
-0.550	0.050	0.000	1.04442751
-0.450	0.050	0.000	1.04459047
-0.350	0.050	0.000	1.04464591
-0.250	0.050	0.000	1.04462647
-0.150	0.050	0.000	1.04448116
-0.050	0.050	0.000	1.04423594
0.050	0.050	0.000	1.04394138
0.150	0.050	0.000	1.04369092
0.250	0.050	0.000	1.04351115
0.350	0.050	0.000	1.04337275
0.450	0.050	0.000	1.04328382
0.550	0.050	0.000	1.04319108
0.650	0.050	0.000	1.04310477
0.750	0.050	0.000	1.04304039
0.850	0.050	0.000	1.04297352
0.950	0.050	0.000	1.04290664
1.050	0.050	0.000	1.04282165
1.150	0.050	0.000	1.04269087
1.250	0.050	0.000	1.04251337
1.350	0.050	0.000	1.04232049
1.450	0.050	0.000	1.04217625
1.550	0.050	0.000	1.04206610
1.650	0.050	0.000	1.04200613
1.750	0.050	0.000	1.04200482
1.850	0.050	0.000	1.04200923
1.950	0.050	0.000	1.04201722
2.050	0.050	0.000	1.04202747
2.150	0.050	0.000	1.04196167
2.250	0.050	0.000	1.04182267
2.350	0.050	0.000	1.04166353
2.450	0.050	0.000	1.04134750
-2.450	0.150	0.000	1.04248285
-2.350	0.150	0.000	1.04258919
-2.250	0.150	0.000	1.04257452
-2.150	0.150	0.000	1.04260802
-2.050	0.150	0.000	1.04272139
-1.950	0.150	0.000	1.04295504
-1.850	0.150	0.000	1.04316306
-1.750	0.150	0.000	1.04335403
-1.650	0.150	0.000	1.04352474
-1.550	0.150	0.000	1.04364741
-1.450	0.150	0.000	1.04373419
-1.350	0.150	0.000	1.04382157
-1.250	0.150	0.000	1.04395723
-1.150	0.150	0.000	1.04404271
-1.050	0.150	0.000	1.04413319
-0.950	0.150	0.000	1.04419625
-0.850	0.150	0.000	1.04425871
-0.750	0.150	0.000	1.04438925
-0.650	0.150	0.000	1.04456389
-0.550	0.150	0.000	1.04479587
-0.450	0.150	0.000	1.04497468
-0.350	0.150	0.000	1.04502571
-0.250	0.150	0.000	1.04498160
-0.150	0.150	0.000	1.04482365
-0.050	0.150	0.000	1.04457426
0.050	0.150	0.000	1.04428363
0.150	0.150	0.000	1.04402125
0.250	0.150	0.000	1.04382813
0.350	0.150	0.000	1.04369557
0.450	0.150	0.000	1.04358840
0.550	0.150	0.000	1.04347074
0.650	0.150	0.000	1.04333043
0.750	0.150	0.000	1.04321218
0.850	0.150	0.000	1.04310429
0.950	0.150	0.000	1.04299498
1.050	0.150	0.000	1.04288828
1.150	0.150	0.000	1.04276776
1.250	0.150	0.000	1.04259634
1.350	0.150	0.000	1.04241121
1.450	0.150	0.000	1.04227602
1.550	0.150	0.000	1.04217100
1.650	0.150	0.000	1.04211223
1.750	0.150	0.000	1.04210663
1.850	0.150	0.000	1.04213762
1.950	0.150	0.000	1.04216111
2.050	0.150	0.000	1.04217768
2.150	0.150	0.000	1.04215181
2.250	0.150	0.000	1.04203272
2.350	0.150	0.000	1.04189801
2.450	0.150	0.000	1.04160440
-2.450	0.250	0.000	1.04300928
-2.350	0.250	0.000	1.04311621
-2.250	0.250	0.000	1.04308772
-2.150	0.250	0.000	1.04309654
-2.050	0.250	0.000	1.04318917
-1.950	0.250	0.000	1.04340768
-1.850	0.250	0.000	1.04361260
-1.750	0.250	0.000	1.04382253
-1.650	0.250	0.000	1.04400921
-1.550	0.250	0.000	1.04415238
-1.450	0.250	0.000	1.04426014
-1.350	0.250	0.000	1.04436183
-1.250	0.250	0.000	1.04449987
-1.150	0.250	0.000	1.04457486
-1.050	0.250	0.000	1.04466605
-0.950	0.250	0.000	1.04473031
-0.850	0.250	0.000	1.04478872
-0.750	0.250	0.000	1.04492843
-0.650	0.250	0.000	1.04512262
-0.550	0.250	0.000	1.04536617
-0.450	0.250	0.000	1.04558122
-0.350	0.250	0.000	1.04564834
-0.250	0.250	0.000	1.04560852
-0.150	0.250	0.000	1.04544103
-0.050	0.250	0.000	1.04514694
0.050	0.250	0.000	1.04481697
0.150	0.250	0.000	1.04451597
0.250	0.250	0.000	1.04428542
0.350	0.250	0.000	1.04410052
0.450	0.250	0.000	1.04393435
0.550	0.250	0.000	1.04374301
0.650	0.250	0.000	1.04353476
0.750	0.250	0.000	1.04334450
0.850	0.250	0.000	1.04316747
0.950	0.250	0.000	1.04301369
1.050	0.250	0.000	1.04286492
1.150	0.250	0.000	1.04272437
1.250	0.250	0.000	1.04255474
1.350	0.250	0.000	1.04239702
1.450	0.250	0.000	1.04228711
1.550	0.250	0.000	1.04220617
1.650	0.250	0.000	1.04216862
1.750	0.250	0.000	1.04217505
1.850	0.250	0.000	1.04221106
1.950	0.250	0.000	1.04225087
2.050	0.250	0.000	1.04227912
2.150	0.250	0.000	1.04231942
2.250	0.250	0.000	1.04224145
2.350	0.250	0.000	1.04214752
2.450	0.250	0.000	1.04187310
-2.450	0.350	0.000	1.04375374
-2.350	0.350	0.000	1.04386497
-2.250	0.350	0.000	1.04382133
-2.150	0.350	0.000	1.04379296
-2.050	0.350	0.000	1.04386115
-1.950	0.350	0.000	1.04405975
-1.850	0.350	0.000	1.04426420
-1.750	0.350	0.000	1.04448843
-1.650	0.350	0.000	1.04468477
-1.550	0.350	0.000	1.04484832
-1.450	0.350	0.000	1.04498386
-1.350	0.350	0.000	1.04511440
-1.250	0.350	0.000	1.04527378
-1.150	0.350	0.000	1.04535460
-1.050	0.350	0.000	1.04543138
-0.950	0.350	0.000	1.04547715
-0.850	0.350	0.000	1.04551625
-0.750	0.350	0.000	1.04565227
-0.650	0.350	0.000	1.04585707
-0.550	0.350	0.000	1.04612148
-0.450	0.350	0.000	1.04637611
-0.350	0.350	0.000	1.04647386
-0.250	0.350	0.000	1.04644322
-0.150	0.350	0.000	1.04627919
-0.050	0.350	0.000	1.04597175
0.050	0.350	0.000	1.04559267
0.150	0.350	0.000	1.04523563
0.250	0.350	0.000	1.04492700
0.350	0.350	0.000	1.04465771
0.450	0.350	0.000	1.04441142
0.550	0.350	0.000	1.04412436
0.650	0.350	0.000	1.04383171
0.750	0.350	0.000	1.04353678
0.850	0.350	0.000	1.04328167
0.950	0.350	0.000	1.04305887
1.050	0.350	0.000	1.04285395
1.150	0.350	0.000	1.04269552
1.250	0.350	0.000	1.04252899
1.350	0.350	0.000	1.04237914
1.450	0.350	0.000	1.04229009
1.550	0.350	0.000	1.04224670
1.650	0.350	0.000	1.04224944
1.750	0.350	0.000	1.04229486
1.850	0.350	0.000	1.04236484
1.950	0.350	0.000	1.04242063
2.050	0.350	0.000	1.04245579
2.150	0.350	0.000	1.04250991
2.250	0.350	0.000	1.04247057
2.350	0.350	0.000	1.04242015
2.450	0.350	0.000	1.04215908
-2.450	0.450	0.000	1.04464436
-2.350	0.450	0.000	1.04476070
-2.250	0.450	0.000	1.04469371
-2.150	0.450	0.000	1.04462910
-2.050	0.450	0.000	1.04466856
-1.950	0.450	0.000	1.04483795
-1.850	0.450	0.000	1.04503977
-1.750	0.450	0.000	1.04526758
-1.650	0.450	0.000	1.04547489
-1.550	0.450	0.000	1.04566491
-1.450	0.450	0.000	1.04583871
-1.350	0.450	0.000	1.04600871
-1.250	0.450	0.000	1.04619610
-1.150	0.450	0.000	1.04628956
-1.050	0.450	0.000	1.04635251
-0.950	0.450	0.000	1.04636753
-0.850	0.450	0.000	1.04638267
-0.750	0.450	0.000	1.04649794
-0.650	0.450	0.000	1.04670155
-0.550	0.450	0.000	1.04697752
-0.450	0.450	0.000	1.04727888
-0.350	0.450	0.000	1.04742634
-0.250	0.450	0.000	1.04743063
-0.150	0.450	0.000	1.04728389
-0.050	0.450	0.000	1.04696810
0.050	0.450	0.000	1.04655826
0.150	0.450	0.000	1.04614437
0.250	0.450	0.000	1.04577720
0.350	0.450	0.000	1.04542637
0.450	0.450	0.000	1.04509592
0.550	0.450	0.000	1.04471874
0.650	0.450	0.000	1.04430723
0.750	0.450	0.000	1.04391325
0.850	0.450	0.000	1.04357600
0.950	0.450	0.000	1.04328585
1.050	0.450	0.000	1.04303396
1.150	0.450	0.000	1.04284549
1.250	0.450	0.000	1.04268062
1.350	0.450	0.000	1.04253685
1.450	0.450	0.000	1.04246807
1.550	0.450	0.000	1.04244459
1.650	0.450	0.000	1.04247093
1.750	0.450	0.000	1.04253101
1.850	0.450	0.000	1.04262328
1.950	0.450	0.000	1.04272175
2.050	0.450	0.000	1.04278243
2.150	0.450	0.000	1.04285967
2.250	0.450	0.000	1.04282582
2.350	0.450	0.000	1.04279232
2.450	0.450	0.000	1.04252100
-2.450	0.550	0.000	1.04555583
-2.350	0.550	0.000	1.04568028
-2.250	0.550	0.000	1.04559422
-2.150	0.550	0.000	1.04548764
-2.050	0.550	0.000	1.04547429
-1.950	0.550	0.000	1.04560661
-1.850	0.550	0.000	1.04578638
-1.750	0.550	0.000	1.04599929
-1.650	0.550	0.000	1.04621351
-1.550	0.550	0.000	1.04643095
-1.450	0.550	0.000	1.04664850
-1.350	0.550	0.000	1.04687214
-1.250	0.550	0.000	1.04710519
-1.150	0.550	0.000	1.04722655
-1.050	0.550	0.000	1.04729497
-0.950	0.550	0.000	1.04729009
-0.850	0.550	0.000	1.04726493
-0.750	0.550	0.000	1.04735100
-0.650	0.550	0.000	1.04754436
-0.550	0.550	0.000	1.04783189
-0.450	0.550	0.000	1.04818189
-0.350	0.550	0.000	1.04838991
-0.250	0.550	0.000	1.04844010
-0.150	0.550	0.000	1.04832911
-0.050	0.550	0.000	1.04803312
0.050	0.550	0.000	1.04762280
0.150	0.550	0.000	1.04716849
0.250	0.550	0.000	1.04674256
0.350	0.550	0.000	1.04635298
0.450	0.550	0.000	1.04593349
0.550	0.550	0.000	1.04548895
0.650	0.550	0.000	1.04503059
0.750	0.550	0.000	1.04457855
0.850	0.550	0.000	1.04418278
0.950	0.550	0.000	1.04385042
1.050	0.550	0.000	1.04356909
1.150	0.550	0.000	1.04334676
1.250	0.550	0.000	1.04319215
1.350	0.550	0.000	1.04303253
1.450	0.550	0.000	1.04295671
1.550	0.550	0.000	1.04293728
1.650	0.550	0.000	1.04298031
1.750	0.550	0.000	1.04305351
1.850	0.550	0.000	1.04313791
1.950	0.550	0.000	1.04322064
2.050	0.550	0.000	1.04325640
2.150	0.550	0.000	1.04329944
2.250	0.550	0.000	1.04326618
2.350	0.550	0.000	1.04325402
2.450	0.550	0.000	1.04297864
-2.450	0.650	0.000	1.04633832
-2.350	0.650	0.000	1.04647279
-2.250	0.650	0.000	1.04638159
-2.150	0.650	0.000	1.04622447
-2.050	0.650	0.000	1.04616535
-1.950	0.650	0.000	1.04624176
-1.850	0.650	0.000	1.04637825
-1.750	0.650	0.000	1.04656136
-1.650	0.650	0.000	1.04676044
-1.550	0.650	0.000	1.04698253
-1.450	0.650	0.000	1.04723048
-1.350	0.650	0.000	1.04751647
-1.250	0.650	0.000	1.04780686
-1.150	0.650	0.000	1.04796934
-1.050	0.650	0.000	1.04805160
-0.950	0.650	0.000	1.04803908
-0.850	0.650	0.000	1.04799581
-0.750	0.650	0.000	1.04805517
-0.650	0.650	0.000	1.04822135
-0.550	0.650	0.000	1.04849946
-0.450	0.650	0.000	1.04889035
-0.350	0.650	0.000	1.04914045
-0.250	0.650	0.000	1.04924262
-0.150	0.650	0.000	1.04919171
-0.050	0.650	0.000	1.04893196
0.050	0.650	0.000	1.04853845
0.150	0.650	0.000	1.04809296
0.250	0.650	0.000	1.04766893
0.350	0.650	0.000	1.04729581
0.450	0.650	0.000	1.04689240
0.550	0.650	0.000	1.04644942
0.650	0.650	0.000	1.04596770
0.750	0.650	0.000	1.04549825
0.850	0.650	0.000	1.04508257
0.950	0.650	0.000	1.04473686
1.050	0.650	0.000	1.04445553
1.150	0.650	0.000	1.04422283
1.250	0.650	0.000	1.04404616
1.350	0.650	0.000	1.04389274
1.450	0.650	0.000	1.04376864
1.550	0.650	0.000	1.04373956
1.650	0.650	0.000	1.04375637
1.750	0.650	0.000	1.04380345
1.850	0.650	0.000	1.04386199
1.950	0.650	0.000	1.04391837
2.050	0.650	0.000	1.04392540
2.150	0.650	0.000	1.04393291
2.250	0.650	0.000	1.04385304
2.350	0.650	0.000	1.04380107
2.450	0.650	0.000	1.04349494
-2.450	0.750	0.000	1.04679739
-2.350	0.750	0.000	1.04694700
-2.250	0.750	0.000	1.04686642
-2.150	0.750	0.000	1.04668999
-2.050	0.750	0.000	1.04659724
-1.950	0.750	0.000	1.04660344
-1.850	0.750	0.000	1.04666555
-1.750	0.750	0.000	1.04678714
-1.650	0.750	0.000	1.04695272
-1.550	0.750	0.000	1.04716647
-1.450	0.750	0.000	1.04743814
-1.350	0.750	0.000	1.04777253
-1.250	0.750	0.000	1.04811132
-1.150	0.750	0.000	1.04832196
-1.050	0.750	0.000	1.04845309
-0.950	0.750	0.000	1.04845524
-0.850	0.750	0.000	1.04840231
-0.750	0.750	0.000	1.04844344
-0.650	0.750	0.000	1.04858100
-0.550	0.750	0.000	1.04884827
-0.450	0.750	0.000	1.04925680
-0.350	0.750	0.000	1.04952812
-0.250	0.750	0.000	1.04966903
-0.150	0.750	0.000	1.04966962
-0.050	0.750	0.000	1.04944611
0.050	0.750	0.000	1.04909027
0.150	0.750	0.000	1.04868758
0.250	0.750	0.000	1.04830194
0.350	0.750	0.000	1.04797113
0.450	0.750	0.000	1.04763317
0.550	0.750	0.000	1.04723227
0.650	0.750	0.000	1.04681015
0.750	0.750	0.000	1.04639280
0.850	0.750	0.000	1.04602015
0.950	0.750	0.000	1.04570496
1.050	0.750	0.000	1.04545081
1.150	0.750	0.000	1.04524314
1.250	0.750	0.000	1.04504907
1.350	0.750	0.000	1.04488981
1.450	0.750	0.000	1.04473555
1.550	0.750	0.000	1.04466808
1.650	0.750	0.000	1.04465437
1.750	0.750	0.000	1.04466569
1.850	0.750	0.000	1.04467440
1.950	0.750	0.000	1.04467213
2.050	0.750	0.000	1.04462516
2.150	0.750	0.000	1.04457045
2.250	0.750	0.000	1.04444218
2.350	0.750	0.000	1.04434478
2.450	0.750	0.000	1.04400492
-2.450	0.850	0.000	1.04686105
-2.350	0.850	0.000	1.04702795
-2.250	0.850	0.000	1.04697466
-2.150	0.850	0.000	1.04679513
-2.050	0.850	0.000	1.04667938
-1.950	0.850	0.000	1.04662144
-1.850	0.850	0.000	1.04660881
-1.750	0.850	0.000	1.04666352
-1.650	0.850	0.000	1.04677355
-1.550	0.850	0.000	1.04694641
-1.450	0.850	0.000	1.04721212
-1.350	0.850	0.000	1.04755962
-1.250	0.850	0.000	1.04791880
-1.150	0.850	0.000	1.04817736
-1.050	0.850	0.000	1.04836822
-0.950	0.850	0.000	1.04840994
-0.850	0.850	0.000	1.04839039
-0.750	0.850	0.000	1.04844916
-0.650	0.850	0.000	1.04857838
-0.550	0.850	0.000	1.04882574
-0.450	0.850	0.000	1.04920781
-0.350	0.850	0.000	1.04947138
-0.250	0.850	0.000	1.04962540
-0.150	0.850	0.000	1.04966927
-0.050	0.850	0.000	1.04950774
0.050	0.850	0.000	1.04920387
0.150	0.850	0.000	1.04885161
0.250	0.850	0.000	1.04852557
0.350	0.850	0.000	1.04822695
0.450	0.850	0.000	1.04796231
0.550	0.850	0.000	1.04766178
0.650	0.850	0.000	1.04730320
0.750	0.850	0.000	1.04696810
0.850	0.850	0.000	1.04666722
0.950	0.850	0.000	1.04640913
1.050	0.850	0.000	1.04620433
1.150	0.850	0.000	1.04604065
1.250	0.850	0.000	1.04586923
1.350	0.850	0.000	1.04571927
1.450	0.850	0.000	1.04557490
1.550	0.850	0.000	1.04545116
1.650	0.850	0.000	1.04542208
1.750	0.850	0.000	1.04539549
1.850	0.850	0.000	1.04535878
1.950	0.850	0.000	1.04529607
2.050	0.850	0.000	1.04519331
2.150	0.850	0.000	1.04508185
2.250	0.850	0.000	1.04490054
2.350	0.850	0.000	1.04476440
2.450	0.850	0.000	1.04437590
-2.450	0.950	0.000	1.04666054
-2.350	0.950	0.000	1.04684806
-2.250	0.950	0.000	1.04684067
-2.150	0.950	0.000	1.04668784
-2.050	0.950	0.000	1.04656899
-1.950	0.950	0.000	1.04646754
-1.850	0.950	0.000	1.04639757
-1.750	0.950	0.000	1.04639113
-1.650	0.950	0.000	1.04644227
-1.550	0.950	0.000	1.04656184
-1.450	0.950	0.000	1.04678905
-1.350	0.950	0.000	1.04710817
-1.250	0.950	0.000	1.04743981
-1.150	0.950	0.000	1.04772341
-1.050	0.950	0.000	1.04796410
-0.950	0.950	0.000	1.04805303
-0.850	0.950	0.000	1.04809666
-0.750	0.950	0.000	1.04821455
-0.650	0.950	0.000	1.04836321
-0.550	0.950	0.000	1.04860139
-0.450	0.950	0.000	1.04894590
-0.350	0.950	0.000	1.04918134
-0.250	0.950	0.000	1.04932201
-0.150	0.950	0.000	1.04938352
-0.050	0.950	0.000	1.04927158
0.050	0.950	0.000	1.04902005
0.150	0.950	0.000	1.04870522
0.250	0.950	0.000	1.04841340
0.350	0.950	0.000	1.04813898
0.450	0.950	0.000	1.04788995
0.550	0.950	0.000	1.04763865
0.650	0.950	0.000	1.04733956
0.750	0.950	0.000	1.04705739
0.850	0.950	0.000	1.04682326
0.950	0.950	0.000	1.04662740
1.050	0.950	0.000	1.04649997
1.150	0.950	0.000	1.04639697
1.250	0.950	0.000	1.04625738
1.350	0.950	0.000	1.04611039
1.450	0.950	0.000	1.04598844
1.550	0.950	0.000	1.04589713
1.650	0.950	0.000	1.04586351
1.750	0.950	0.000	1.04582334
1.850	0.950	0.000	1.04575288
1.950	0.950	0.000	1.04564488
2.050	0.950	0.000	1.04549456
2.150	0.950	0.000	1.04534101
2.250	0.950	0.000	1.04512465
2.350	0.950	0.000	1.04492366
2.450	0.950	0.000	1.04448807
-2.450	1.050	0.000	1.04646134
-2.350	1.050	0.000	1.04665470
-2.250	1.050	0.000	1.04668093
-2.150	1.050	0.000	1.04656136
-2.050	1.050	0.000	1.04644692
-1.950	1.050	0.000	1.04631376
-1.850	1.050	0.000	1.04620695
-1.750	1.050	0.000	1.04615128
-1.650	1.050	0.000	1.04615772
-1.550	1.050	0.000	1.04623878
-1.450	1.050	0.000	1.04643810
-1.350	1.050	0.000	1.04670954
-1.250	1.050	0.000	1.04699767
-1.150	1.050	0.000	1.04728496
-1.050	1.050	0.000	1.04754591
-0.950	1.050	0.000	1.04765272
-0.850	1.050	0.000	1.04773462
-0.750	1.050	0.000	1.04789639
-0.650	1.050	0.000	1.04807770
-0.550	1.050	0.000	1.04832530
-0.450	1.050	0.000	1.04865706
-0.350	1.050	0.000	1.04890847
-0.250	1.050	0.000	1.04903841
-0.150	1.050	0.000	1.04909706
-0.050	1.050	0.000	1.04901087
0.050	1.050	0.000	1.04878759
0.150	1.050	0.000	1.04850030
0.250	1.050	0.000	1.04822612
0.350	1.050	0.000	1.04796553
0.450	1.050	0.000	1.04771483
0.550	1.050	0.000	1.04746819
0.650	1.050	0.000	1.04718924
0.750	1.050	0.000	1.04692852
0.850	1.050	0.000	1.04672110
0.950	1.050	0.000	1.04656255
1.050	1.050	0.000	1.04647052
1.150	1.050	0.000	1.04638779
1.250	1.050	0.000	1.04627848
1.350	1.050	0.000	1.04616916
1.450	1.050	0.000	1.04606760
1.550	1.050	0.000	1.04597831
1.650	1.050	0.000	1.04593873
1.750	1.050	0.000	1.04589820
1.850	1.050	0.000	1.04582429
1.950	1.050	0.000	1.04570520
2.050	1.050	0.000	1.04552341
2.150	1.050	0.000	1.04533470
2.250	1.050	0.000	1.04510093
2.350	1.050	0.000	1.04488993
2.450	1.050	0.000	1.04445088
-2.450	1.150	0.000	1.04591596
-2.350	1.150	0.000	1.04611993
-2.250	1.150	0.000	1.04621744
-2.150	1.150	0.000	1.04613888
-2.050	1.150	0.000	1.04603958
-1.950	1.150	0.000	1.04589570
-1.850	1.150	0.000	1.04576766
-1.750	1.150	0.000	1.04568684
-1.650	1.150	0.000	1.04565442
-1.550	1.150	0.000	1.04570031
-1.450	1.150	0.000	1.04584014
-1.350	1.150	0.000	1.04602337
-1.250	1.150	0.000	1.04622149
-1.150	1.150	0.000	1.04645538
-1.050	1.150	0.000	1.04669821
-0.950	1.150	0.000	1.04682720
-0.850	1.150	0.000	1.04698706
-0.750	1.150	0.000	1.04724991
-0.650	1.150	0.000	1.04750228
-0.550	1.150	0.000	1.04781759
-0.450	1.150	0.000	1.04820538
-0.350	1.150	0.000	1.04848206
-0.250	1.150	0.000	1.04860854
-0.150	1.150	0.000	1.04868114
-0.050	1.150	0.000	1.04862094
0.050	1.150	0.000	1.04842281
0.150	1.150	0.000	1.04815924
0.250	1.150	0.000	1.04791605
0.350	1.150	0.000	1.04767418
0.450	1.150	0.000	1.04744112
0.550	1.150	0.000	1.04721153
0.650	1.150	0.000	1.04696822
0.750	1.150	0.000	1.04674697
0.850	1.150	0.000	1.04656410
0.950	1.150	0.000	1.04643440
1.050	1.150	0.000	1.04635620
1.150	1.150	0.000	1.04628658
1.250	1.150	0.000	1.04617810
1.350	1.150	0.000	1.04606056
1.450	1.150	0.000	1.04596364
1.550	1.150	0.000	1.04589880
1.650	1.150	0.000	1.04586673
1.750	1.150	0.000	1.04583478
1.850	1.150	0.000	1.04576325
1.950	1.150	0.000	1.04565430
2.050	1.150	0.000	1.04547322
2.150	1.150	0.000	1.04527962
2.250	1.150	0.000	1.04503012
2.350	1.150	0.000	1.04481220
2.450	1.150	0.000	1.04437959
-2.450	1.250	0.000	1.04557705
-2.350	1.250	0.000	1.04582131
-2.250	1.250	0.000	1.04599881
-2.150	1.250	0.000	1.04596245
-2.050	1.250	0.000	1.04585779
-1.950	1.250	0.000	1.04568756
-1.850	1.250	0.000	1.04552555
-1.750	1.250	0.000	1.04542315
-1.650	1.250	0.000	1.04536664
-1.550	1.250	0.000	1.04539299
-1.450	1.250	0.000	1.04549015
-1.350	1.250	0.000	1.04559648
-1.250	1.250	0.000	1.04572129
-1.150	1.250	0.000	1.04589665
-1.050	1.250	0.000	1.04609632
-0.950	1.250	0.000	1.04621673
-0.850	1.250	0.000	1.04643404
-0.750	1.250	0.000	1.04677570
-0.650	1.250	0.000	1.04710543
-0.550	1.250	0.000	1.04750097
-0.450	1.250	0.000	1.04793382
-0.350	1.250	0.000	1.04823601
-0.250	1.250	0.000	1.04835439
-0.150	1.250	0.000	1.04842579
-0.050	1.250	0.000	1.04836321
0.050	1.250	0.000	1.04816127
0.150	1.250	0.000	1.04789257
0.250	1.250	0.000	1.04763293
0.350	1.250	0.000	1.04738486
0.450	1.250	0.000	1.04713976
0.550	1.250	0.000	1.04688680
0.650	1.250	0.000	1.04661953
0.750	1.250	0.000	1.04640031
0.850	1.250	0.000	1.04623759
0.950	1.250	0.000	1.04613912
1.050	1.250	0.000	1.04611003
1.150	1.250	0.000	1.04608750
1.250	1.250	0.000	1.04602075
1.350	1.250	0.000	1.04593110
1.450	1.250	0.000	1.04585481
1.550	1.250	0.000	1.04580140
1.650	1.250	0.000	1.04577219
1.750	1.250	0.000	1.04573691
1.850	1.250	0.000	1.04563618
1.950	1.250	0.000	1.04547906
2.050	1.250	0.000	1.04525709
2.150	1.250	0.000	1.04503798
2.250	1.250	0.000	1.04478145
2.350	1.250	0.000	1.04457593
2.450	1.250	0.000	1.04416311
-2.450	1.350	0.000	1.04552758
-2.350	1.350	0.000	1.04579782
-2.250	1.350	0.000	1.04603136
-2.150	1.350	0.000	1.04605401
-2.050	1.350	0.000	1.04598773
-1.950	1.350	0.000	1.04581845
-1.850	1.350	0.000	1.04564333
-1.750	1.350	0.000	1.04551792
-1.650	1.350	0.000	1.04544675
-1.550	1.350	0.000	1.04544985
-1.450	1.350	0.000	1.04550683
-1.350	1.350	0.000	1.04553986
-1.250	1.350	0.000	1.04559290
-1.150	1.350	0.000	1.04570043
-1.050	1.350	0.000	1.04582822
-0.950	1.350	0.000	1.04592621
-0.850	1.350	0.000	1.04616034
-0.750	1.350	0.000	1.04653943
-0.650	1.350	0.000	1.04691982
-0.550	1.350	0.000	1.04736471
-0.450	1.350	0.000	1.04784453
-0.350	1.350	0.000	1.04820001
-0.250	1.350	0.000	1.04833150
-0.150	1.350	0.000	1.04839337
-0.050	1.350	0.000	1.04829752
0.050	1.350	0.000	1.04806685
0.150	1.350	0.000	1.04779172
0.250	1.350	0.000	1.04752648
0.350	1.350	0.000	1.04725409
0.450	1.350	0.000	1.04697406
0.550	1.350	0.000	1.04668534
0.650	1.350	0.000	1.04637945
0.750	1.350	0.000	1.04612839
0.850	1.350	0.000	1.04595172
0.950	1.350	0.000	1.04586196
1.050	1.350	0.000	1.04582894
1.150	1.350	0.000	1.04581320
1.250	1.350	0.000	1.04575491
1.350	1.350	0.000	1.04567206
1.450	1.350	0.000	1.04560339
1.550	1.350	0.000	1.04557109
1.650	1.350	0.000	1.04554653
1.750	1.350	0.000	1.04549730
1.850	1.350	0.000	1.04539299
1.950	1.350	0.000	1.04523253
2.050	1.350	0.000	1.04500389
2.150	1.350	0.000	1.04477644
2.250	1.350	0.000	1.04451597
2.350	1.350	0.000	1.04431748
2.450	1.350	0.000	1.04392087
-2.450	1.450	0.000	1.04560316
-2.350	1.450	0.000	1.04588628
-2.250	1.450	0.000	1.04615772
-2.150	1.450	0.000	1.04624140
-2.050	1.450	0.000	1.04623449
-1.950	1.450	0.000	1.04610431
-1.850	1.450	0.000	1.04593945
-1.750	1.450	0.000	1.04581583
-1.650	1.450	0.000	1.04574275
-1.550	1.450	0.000	1.04572654
-1.450	1.450	0.000	1.04574215
-1.350	1.450	0.000	1.04570270
-1.250	1.450	0.000	1.04570317
-1.150	1.450	0.000	1.04574323
-1.050	1.450	0.000	1.04581583
-0.950	1.450	0.000	1.04587984
-0.850	1.450	0.000	1.04610312
-0.750	1.450	0.000	1.04647565
-0.650	1.450	0.000	1.04689145
-0.550	1.450	0.000	1.04741585
-0.450	1.450	0.000	1.04794502
-0.350	1.450	0.000	1.04827726
-0.250	1.450	0.000	1.04838896
-0.150	1.450	0.000	1.04842985
-0.050	1.450	0.000	1.04831767
0.050	1.450	0.000	1.04807258
0.150	1.450	0.000	1.04778385
0.250	1.450	0.000	1.04750514
0.350	1.450	0.000	1.04722714
0.450	1.450	0.000	1.04693413
0.550	1.450	0.000	1.04661751
0.650	1.450	0.000	1.04627287
0.750	1.450	0.000	1.04597819
0.850	1.450	0.000	1.04576313
0.950	1.450	0.000	1.04564226
1.050	1.450	0.000	1.04559529
1.150	1.450	0.000	1.04558587
1.250	1.450	0.000	1.04554427
1.350	1.450	0.000	1.04548812
1.450	1.450	0.000	1.04545474
1.550	1.450	0.000	1.04543185
1.650	1.450	0.000	1.04539979
1.750	1.450	0.000	1.04535222
1.850	1.450	0.000	1.04523063
1.950	1.450	0.000	1.04504991
2.050	1.450	0.000	1.04479969
2.150	1.450	0.000	1.04456174
2.250	1.450	0.000	1.04430211
2.350	1.450	0.000	1.04411066
2.450	1.450	0.000	1.04371870
-2.450	1.550	0.000	1.04565799
-2.350	1.550	0.000	1.04594803
-2.250	1.550	0.000	1.04624426
-2.150	1.550	0.000	1.04637396
-2.050	1.550	0.000	1.04641056
-1.950	1.550	0.000	1.04633021
-1.850	1.550	0.000	1.04622054
-1.750	1.550	0.000	1.04613006
-1.650	1.550	0.000	1.04607368
-1.550	1.550	0.000	1.04604793
-1.450	1.550	0.000	1.04602468
-1.350	1.550	0.000	1.04593658
-1.250	1.550	0.000	1.04588866
-1.150	1.550	0.000	1.04586506
-1.050	1.550	0.000	1.04588461
-0.950	1.550	0.000	1.04592049
-0.850	1.550	0.000	1.04615271
-0.750	1.550	0.000	1.04652679
-0.650	1.550	0.000	1.04696071
-0.550	1.550	0.000	1.04749322
-0.450	1.550	0.000	1.04801905
-0.350	1.550	0.000	1.04835713
-0.250	1.550	0.000	1.04847121
-0.150	1.550	0.000	1.04848790
-0.050	1.550	0.000	1.04834712
0.050	1.550	0.000	1.04808426
0.150	1.550	0.000	1.04778826
0.250	1.550	0.000	1.04750979
0.350	1.550	0.000	1.04724133
0.450	1.550	0.000	1.04695344
0.550	1.550	0.000	1.04663301
0.650	1.550	0.000	1.04626787
0.750	1.550	0.000	1.04592848
0.850	1.550	0.000	1.04567277
0.950	1.550	0.000	1.04552460
1.050	1.550	0.000	1.04546094
1.150	1.550	0.000	1.04544330
1.250	1.550	0.000	1.04541719
1.350	1.550	0.000	1.04537690
1.450	1.550	0.000	1.04534829
1.550	1.550	0.000	1.04533637
1.650	1.550	0.000	1.04532635
1.750	1.550	0.000	1.04528105
1.850	1.550	0.000	1.04513907
1.950	1.550	0.000	1.04493856
2.050	1.550	0.000	1.04467714
2.150	1.550	0.000	1.04443491
2.250	1.550	0.000	1.04417217
2.350	1.550	0.000	1.04398179
2.450	1.550	0.000	1.04358327
-2.450	1.650	0.000	1.04572856
-2.350	1.650	0.000	1.04596305
-2.250	1.650	0.000	1.04620683
-2.150	1.650	0.000	1.04636967
-2.050	1.650	0.000	1.04646194
-1.950	1.650	0.000	1.04643273
-1.850	1.650	0.000	1.04638731
-1.750	1.650	0.000	1.04637599
-1.650	1.650	0.000	1.04636669
-1.550	1.650	0.000	1.04634821
-1.450	1.650	0.000	1.04629779
-1.350	1.650	0.000	1.04616249
-1.250	1.650	0.000	1.04603624
-1.150	1.650	0.000	1.04594409
-1.050	1.650	0.000	1.04592538
-0.950	1.650	0.000	1.04593706
-0.850	1.650	0.000	1.04614711
-0.750	1.650	0.000	1.04652321
-0.650	1.650	0.000	1.04697406
-0.550	1.650	0.000	1.04752672
-0.450	1.650	0.000	1.04806507
-0.350	1.650	0.000	1.04842210
-0.250	1.650	0.000	1.04854178
-0.150	1.650	0.000	1.04854572
-0.050	1.650	0.000	1.04838717
0.050	1.650	0.000	1.04810143
0.150	1.650	0.000	1.04778647
0.250	1.650	0.000	1.04749930
0.350	1.650	0.000	1.04724693
0.450	1.650	0.000	1.04698372
0.550	1.650	0.000	1.04668391
0.650	1.650	0.000	1.04632914
0.750	1.650	0.000	1.04598606
0.850	1.650	0.000	1.04570723
0.950	1.650	0.000	1.04552031
1.050	1.650	0.000	1.04541683
1.150	1.650	0.000	1.04536533
1.250	1.650	0.000	1.04532886
1.350	1.650	0.000	1.04528797
1.450	1.650	0.000	1.04526532
1.550	1.650	0.000	1.04526341
1.650	1.650	0.000	1.04526663
1.750	1.650	0.000	1.04522729
1.850	1.650	0.000	1.04508483
1.950	1.650	0.000	1.04487622
2.050	1.650	0.000	1.04461062
2.150	1.650	0.000	1.04436827
2.250	1.650	0.000	1.04410172
2.350	1.650	0.000	1.04391384
2.450	1.650	0.000	1.04350185
-2.450	1.750	0.000	1.04563868
-2.350	1.750	0.000	1.04579604
-2.250	1.750	0.000	1.04599762
-2.150	1.750	0.000	1.04618239
-2.050	1.750	0.000	1.04630411
-1.950	1.750	0.000	1.04634297
-1.850	1.750	0.000	1.04639697
-1.750	1.750	0.000	1.04646420
-1.650	1.750	0.000	1.04652905
-1.550	1.750	0.000	1.04652464
-1.450	1.750	0.000	1.04645002
-1.350	1.750	0.000	1.04628932
-1.250	1.750	0.000	1.04610777
-1.150	1.750	0.000	1.04594874
-1.050	1.750	0.000	1.04586041
-0.950	1.750	0.000	1.04583180
-0.850	1.750	0.000	1.04603243
-0.750	1.750	0.000	1.04642153
-0.650	1.750	0.000	1.04690039
-0.550	1.750	0.000	1.04748607
-0.450	1.750	0.000	1.04806793
-0.350	1.750	0.000	1.04847646
-0.250	1.750	0.000	1.04862547
-0.150	1.750	0.000	1.04863584
-0.050	1.750	0.000	1.04846036
0.050	1.750	0.000	1.04815018
0.150	1.750	0.000	1.04780781
0.250	1.750	0.000	1.04750371
0.350	1.750	0.000	1.04725373
0.450	1.750	0.000	1.04701197
0.550	1.750	0.000	1.04674172
0.650	1.750	0.000	1.04642391
0.750	1.750	0.000	1.04610014
0.850	1.750	0.000	1.04582143
0.950	1.750	0.000	1.04561305
1.050	1.750	0.000	1.04547858
1.150	1.750	0.000	1.04539335
1.250	1.750	0.000	1.04532099
1.350	1.750	0.000	1.04525340
1.450	1.750	0.000	1.04520845
1.550	1.750	0.000	1.04519463
1.650	1.750	0.000	1.04518926
1.750	1.750	0.000	1.04514587
1.850	1.750	0.000	1.04500735
1.950	1.750	0.000	1.04480135
2.050	1.750	0.000	1.04454017
2.150	1.750	0.000	1.04431200
2.250	1.750	0.000	1.04404259
2.350	1.750	0.000	1.04384780
2.450	1.750	0.000	1.04342294
-2.450	1.850	0.000	1.04553640
-2.350	1.850	0.000	1.04561293
-2.250	1.850	0.000	1.04566908
-2.150	1.850	0.000	1.04576230
-2.050	1.850	0.000	1.04587638
-1.950	1.850	0.000	1.04599917
-1.850	1.850	0.000	1.04614031
-1.750	1.850	0.000	1.04629934
-1.650	1.850	0.000	1.04640150
-1.550	1.850	0.000	1.04644048
-1.450	1.850	0.000	1.04640758
-1.350	1.850	0.000	1.04627037
-1.250	1.850	0.000	1.04606855
-1.150	1.850	0.000	1.04586720
-1.050	1.850	0.000	1.04571640
-0.950	1.850	0.000	1.04565215
-0.850	1.850	0.000	1.04580939
-0.750	1.850	0.000	1.04618180
-0.650	1.850	0.000	1.04668617
-0.550	1.850	0.000	1.04733145
-0.450	1.850	0.000	1.04801321
-0.350	1.850	0.000	1.04852593
-0.250	1.850	0.000	1.04871571
-0.150	1.850	0.000	1.04873431
-0.050	1.850	0.000	1.04854250
0.050	1.850	0.000	1.04820859
0.150	1.850	0.000	1.04783499
0.250	1.850	0.000	1.04750288
0.350	1.850	0.000	1.04723072
0.450	1.850	0.000	1.04699302
0.550	1.850	0.000	1.04675019
0.650	1.850	0.000	1.04646790
0.750	1.850	0.000	1.04616523
0.850	1.850	0.000	1.04590452
0.950	1.850	0.000	1.04570198
1.050	1.850	0.000	1.04556286
1.150	1.850	0.000	1.04545772
1.250	1.850	0.000	1.04534936
1.350	1.850	0.000	1.04523695
1.450	1.850	0.000	1.04515147
1.550	1.850	0.000	1.04510093
1.650	1.850	0.000	1.04506636
1.750	1.850	0.000	1.04500914
1.850	1.850	0.000	1.04487145
1.950	1.850	0.000	1.04467213
2.050	1.850	0.000	1.04442263
2.150	1.850	0.000	1.04419899
2.250	1.850	0.000	1.04393816
2.350	1.850	0.000	1.04376078
2.450	1.850	0.000	1.04332948
-2.450	1.950	0.000	1.04548120
-2.350	1.950	0.000	1.04548347
-2.250	1.950	0.000	1.04537213
-2.150	1.950	0.000	1.04535723
-2.050	1.950	0.000	1.04545105
-1.950	1.950	0.000	1.04562271
-1.850	1.950	0.000	1.04583383
-1.750	1.950	0.000	1.04605019
-1.650	1.950	0.000	1.04621959
-1.550	1.950	0.000	1.04633963
-1.450	1.950	0.000	1.04637766
-1.350	1.950	0.000	1.04631436
-1.250	1.950	0.000	1.04614282
-1.150	1.950	0.000	1.04592907
-1.050	1.950	0.000	1.04571044
-0.950	1.950	0.000	1.04556835
-0.850	1.950	0.000	1.04562235
-0.750	1.950	0.000	1.04594171
-0.650	1.950	0.000	1.04642487
-0.550	1.950	0.000	1.04709160
-0.450	1.950	0.000	1.04783797
-0.350	1.950	0.000	1.04844451
-0.250	1.950	0.000	1.04872012
-0.150	1.950	0.000	1.04882646
-0.050	1.950	0.000	1.04865313
0.050	1.950	0.000	1.04830873
0.150	1.950	0.000	1.04789996
0.250	1.950	0.000	1.04752266
0.350	1.950	0.000	1.04720891
0.450	1.950	0.000	1.04694676
0.550	1.950	0.000	1.04667544
0.650	1.950	0.000	1.04640484
0.750	1.950	0.000	1.04613626
0.850	1.950	0.000	1.04591608
0.950	1.950	0.000	1.04574108
1.050	1.950	0.000	1.04560935
1.150	1.950	0.000	1.04550219
1.250	1.950	0.000	1.04537868
1.350	1.950	0.000	1.04523683
1.450	1.950	0.000	1.04511380
1.550	1.950	0.000	1.04502201
1.650	1.950	0.000	1.04495442
1.750	1.950	0.000	1.04487801
1.850	1.950	0.000	1.04474819
1.950	1.950	0.000	1.04456031
2.050	1.950	0.000	1.04430544
2.150	1.950	0.000	1.04406595
2.250	1.950	0.000	1.04380059
2.350	1.950	0.000	1.04362977
2.450	1.950	0.000	1.04319954
-2.450	2.050	0.000	1.04566133
-2.350	2.050	0.000	1.04559863
-2.250	2.050	0.000	1.04534125
-2.150	2.050	0.000	1.04519951
-2.050	2.050	0.000	1.04520035
-1.950	2.050	0.000	1.04534948
-1.850	2.050	0.000	1.04555166
-1.750	2.050	0.000	1.04579568
-1.650	2.050	0.000	1.04603767
-1.550	2.050	0.000	1.04624915
-1.450	2.050	0.000	1.04639316
-1.350	2.050	0.000	1.04642487
-1.250	2.050	0.000	1.04630470
-1.150	2.050	0.000	1.04609847
-1.050	2.050	0.000	1.04583514
-0.950	2.050	0.000	1.04560757
-0.850	2.050	0.000	1.04555798
-0.750	2.050	0.000	1.04579878
-0.650	2.050	0.000	1.04620385
-0.550	2.050	0.000	1.04682982
-0.450	2.050	0.000	1.04758024
-0.350	2.050	0.000	1.04822755
-0.250	2.050	0.000	1.04857779
-0.150	2.050	0.000	1.04877162
-0.050	2.050	0.000	1.04867029
0.050	2.050	0.000	1.04832387
0.150	2.050	0.000	1.04791486
0.250	2.050	0.000	1.04749978
0.350	2.050	0.000	1.04712224
0.450	2.050	0.000	1.04680681
0.550	2.050	0.000	1.04652464
0.650	2.050	0.000	1.04625285
0.750	2.050	0.000	1.04599249
0.850	2.050	0.000	1.04579318
0.950	2.050	0.000	1.04565072
1.050	2.050	0.000	1.04558074
1.150	2.050	0.000	1.04551661
1.250	2.050	0.000	1.04541636
1.350	2.050	0.000	1.04528368
1.450	2.050	0.000	1.04514217
1.550	2.050	0.000	1.04501867
1.650	2.050	0.000	1.04491138
1.750	2.050	0.000	1.04480708
1.850	2.050	0.000	1.04465914
1.950	2.050	0.000	1.04446316
2.050	2.050	0.000	1.04421210
2.150	2.050	0.000	1.04397559
2.250	2.050	0.000	1.04370463
2.350	2.050	0.000	1.04353988
2.450	2.050	0.000	1.04309261
-2.450	2.150	0.000	1.04603970
-2.350	2.150	0.000	1.04595006
-2.250	2.150	0.000	1.04558086
-2.150	2.150	0.000	1.04529047
-2.050	2.150	0.000	1.04517984
-1.950	2.150	0.000	1.04524612
-1.850	2.150	0.000	1.04539073
-1.750	2.150	0.000	1.04563534
-1.650	2.150	0.000	1.04591227
-1.550	2.150	0.000	1.04617298
-1.450	2.150	0.000	1.04638231
-1.350	2.150	0.000	1.04650784
-1.250	2.150	0.000	1.04645669
-1.150	2.150	0.000	1.04629958
-1.050	2.150	0.000	1.04602337
-0.950	2.150	0.000	1.04574239
-0.850	2.150	0.000	1.04558706
-0.750	2.150	0.000	1.04574692
-0.650	2.150	0.000	1.04606330
-0.550	2.150	0.000	1.04660594
-0.450	2.150	0.000	1.04728889
-0.350	2.150	0.000	1.04789257
-0.250	2.150	0.000	1.04826963
-0.150	2.150	0.000	1.04852211
-0.050	2.150	0.000	1.04850101
0.050	2.150	0.000	1.04823005
0.150	2.150	0.000	1.04782641
0.250	2.150	0.000	1.04742241
0.350	2.150	0.000	1.04705238
0.450	2.150	0.000	1.04671681
0.550	2.150	0.000	1.04640746
0.650	2.150	0.000	1.04609537
0.750	2.150	0.000	1.04582596
0.850	2.150	0.000	1.04563665
0.950	2.150	0.000	1.04553485
1.050	2.150	0.000	1.04551959
1.150	2.150	0.000	1.04551184
1.250	2.150	0.000	1.04545391
1.350	2.150	0.000	1.04534304
1.450	2.150	0.000	1.04519856
1.550	2.150	0.000	1.04505754
1.650	2.150	0.000	1.04492700
1.750	2.150	0.000	1.04481351
1.850	2.150	0.000	1.04466057
1.950	2.150	0.000	1.04445899
2.050	2.150	0.000	1.04420400
2.150	2.150	0.000	1.04395771
2.250	2.150	0.000	1.04368031
2.350	2.150	0.000	1.04352021
2.450	2.150	0.000	1.04305911
-2.450	2.250	0.000	1.04648662
-2.350	2.250	0.000	1.04640722
-2.250	2.250	0.000	1.04597497
-2.150	2.250	0.000	1.04558098
-2.050	2.250	0.000	1.04541218
-1.950	2.250	0.000	1.04534781
-1.850	2.250	0.000	1.04541814
-1.750	2.250	0.000	1.04558170
-1.650	2.250	0.000	1.04579556
-1.550	2.250	0.000	1.04602945
-1.450	2.250	0.000	1.04626584
-1.350	2.250	0.000	1.04643738
-1.250	2.250	0.000	1.04644930
-1.150	2.250	0.000	1.04636002
-1.050	2.250	0.000	1.04613423
-0.950	2.250	0.000	1.04585195
-0.850	2.250	0.000	1.04568040
-0.750	2.250	0.000	1.04574037
-0.650	2.250	0.000	1.04595101
-0.550	2.250	0.000	1.04638457
-0.450	2.250	0.000	1.04700553
-0.350	2.250	0.000	1.04756451
-0.250	2.250	0.000	1.04794514
-0.150	2.250	0.000	1.04822147
-0.050	2.250	0.000	1.04825366
0.050	2.250	0.000	1.04806983
0.150	2.250	0.000	1.04775929
0.250	2.250	0.000	1.04740644
0.350	2.250	0.000	1.04706407
0.450	2.250	0.000	1.04672670
0.550	2.250	0.000	1.04638207
0.650	2.250	0.000	1.04602659
0.750	2.250	0.000	1.04572082
0.850	2.250	0.000	1.04551303
0.950	2.250	0.000	1.04541421
1.050	2.250	0.000	1.04543686
1.150	2.250	0.000	1.04548264
1.250	2.250	0.000	1.04548132
1.350	2.250	0.000	1.04541588
1.450	2.250	0.000	1.04529846
1.550	2.250	0.000	1.04516006
1.650	2.250	0.000	1.04501534
1.750	2.250	0.000	1.04487896
1.850	2.250	0.000	1.04470706
1.950	2.250	0.000	1.04449844
2.050	2.250	0.000	1.04423165
2.150	2.250	0.000	1.04397869
2.250	2.250	0.000	1.04369593
2.350	2.250	0.000	1.04353762
2.450	2.250	0.000	1.04306269
-2.450	2.350	0.000	1.04693830
-2.350	2.350	0.000	1.04692090
-2.250	2.350	0.000	1.04650211
-2.150	2.350	0.000	1.04604697
-2.050	2.350	0.000	1.04576623
-1.950	2.350	0.000	1.04556775
-1.850	2.350	0.000	1.04548299
-1.750	2.350	0.000	1.04549992
-1.650	2.350	0.000	1.04561400
-1.550	2.350	0.000	1.04578686
-1.450	2.350	0.000	1.04599249
-1.350	2.350	0.000	1.04619372
-1.250	2.350	0.000	1.04633069
-1.150	2.350	0.000	1.04637790
-1.050	2.350	0.000	1.04627872
-0.950	2.350	0.000	1.04607511
-0.850	2.350	0.000	1.04593873
-0.750	2.350	0.000	1.04596937
-0.650	2.350	0.000	1.04612637
-0.550	2.350	0.000	1.04649353
-0.450	2.350	0.000	1.04706573
-0.350	2.350	0.000	1.04750657
-0.250	2.350	0.000	1.04786122
-0.150	2.350	0.000	1.04810071
-0.050	2.350	0.000	1.04811609
0.050	2.350	0.000	1.04795110
0.150	2.350	0.000	1.04768991
0.250	2.350	0.000	1.04740691
0.350	2.350	0.000	1.04712093
0.450	2.350	0.000	1.04681647
0.550	2.350	0.000	1.04648030
0.650	2.350	0.000	1.04609954
0.750	2.350	0.000	1.04575002
0.850	2.350	0.000	1.04549754
0.950	2.350	0.000	1.04537725
1.050	2.350	0.000	1.04537976
1.150	2.350	0.000	1.04543221
1.250	2.350	0.000	1.04545856
1.350	2.350	0.000	1.04544127
1.450	2.350	0.000	1.04537237
1.550	2.350	0.000	1.04526770
1.650	2.350	0.000	1.04513526
1.750	2.350	0.000	1.04498756
1.850	2.350	0.000	1.04480696
1.950	2.350	0.000	1.04459488
2.050	2.350	0.000	1.04432309
2.150	2.350	0.000	1.04407024
2.250	2.350	0.000	1.04378104
2.350	2.350	0.000	1.04362619
2.450	2.350	0.000	1.04314804
-2.450	2.450	0.000	1.04719937
-2.350	2.450	0.000	1.04725552
-2.250	2.450	0.000	1.04690170
-2.150	2.450	0.000	1.04644299
-2.050	2.450	0.000	1.04610384
-1.950	2.450	0.000	1.04580665
-1.850	2.450	0.000	1.04559779
-1.750	2.450	0.000	1.04551232
-1.650	2.450	0.000	1.04551387
-1.550	2.450	0.000	1.04558384
-1.450	2.450	0.000	1.04570127
-1.350	2.450	0.000	1.04586434
-1.250	2.450	0.000	1.04600847
-1.150	2.450	0.000	1.04612005
-1.050	2.450	0.000	1.04613054
-0.950	2.450	0.000	1.04604661
-0.850	2.450	0.000	1.04603398
-0.750	2.450	0.000	1.04614115
-0.650	2.450	0.000	1.04632092
-0.550	2.450	0.000	1.04668236
-0.450	2.450	0.000	1.04720354
-0.350	2.450	0.000	1.04758215
-0.250	2.450	0.000	1.04787874
-0.150	2.450	0.000	1.04806519
-0.050	2.450	0.000	1.04804718
0.050	2.450	0.000	1.04786682
0.150	2.450	0.000	1.04761481
0.250	2.450	0.000	1.04736125
0.350	2.450	0.000	1.04711068
0.450	2.450	0.000	1.04684174
0.550	2.450	0.000	1.04653740
0.650	2.450	0.000	1.04617035
0.750	2.450	0.000	1.04581916
0.850	2.450	0.000	1.04554701
0.950	2.450	0.000	1.04538965
1.050	2.450	0.000	1.04534054
1.150	2.450	0.000	1.04536533
1.250	2.450	0.000	1.04538679
1.350	2.450	0.000	1.04537737
1.450	2.450	0.000	1.04532719
1.550	2.450	0.000	1.04524767
1.650	2.450	0.000	1.04514062
1.750	2.450	0.000	1.04501832
1.850	2.450	0.000	1.04485869
1.950	2.450	0.000	1.04466593
2.050	2.450	0.000	1.04441118
2.150	2.450	0.000	1.04417300
2.250	2.450	0.000	1.04389238
2.350	2.450	0.000	1.04374456
2.450	2.450	0.000	1.04328012
