-2.450	-2.450	0.000	1.01226532
-2.350	-2.450	0.000	1.01029432
-2.250	-2.450	0.000	1.00971735
-2.150	-2.450	0.000	1.00690281
-2.050	-2.450	0.000	1.00438631
-1.950	-2.450	0.000	1.00346208
-1.850	-2.450	0.000	1.00254536
-1.750	-2.450	0.000	1.00254035
-1.650	-2.450	0.000	1.00286710
-1.550	-2.450	0.000	1.00268829
-1.450	-2.450	0.000	1.00290930
-1.350	-2.450	0.000	1.00283289
-1.250	-2.450	0.000	1.00296569
-1.150	-2.450	0.000	1.00309491
-1.050	-2.450	0.000	1.00342906
-0.950	-2.450	0.000	1.00390542
-0.850	-2.450	0.000	1.00477982
-0.750	-2.450	0.000	1.00584340
-0.650	-2.450	0.000	1.00709820
-0.550	-2.450	0.000	1.00879419
-0.450	-2.450	0.000	1.01098943
-0.350	-2.450	0.000	1.01222014
-0.250	-2.450	0.000	1.00960600
-0.150	-2.450	0.000	1.00513196
-0.050	-2.450	0.000	1.00291562
0.050	-2.450	0.000	1.00365472
0.150	-2.450	0.000	1.00515509
0.250	-2.450	0.000	1.00666332
0.350	-2.450	0.000	1.00758338
0.450	-2.450	0.000	1.00804996
0.550	-2.450	0.000	1.00782681
0.650	-2.450	0.000	1.00642383
0.750	-2.450	0.000	1.00517464
0.850	-2.450	0.000	1.00428438
0.950	-2.450	0.000	1.00386953
1.050	-2.450	0.000	1.00396156
1.150	-2.450	0.000	1.00451076
1.250	-2.450	0.000	1.00534570
1.350	-2.450	0.000	1.00665402
1.450	-2.450	0.000	1.00813258
1.550	-2.450	0.000	1.01032984
1.650	-2.450	0.000	1.01259363
1.750	-2.450	0.000	1.01534891
1.850	-2.450	0.000	1.01823854
1.950	-2.450	0.000	1.02065408
2.050	-2.450	0.000	1.02130270
2.150	-2.450	0.000	1.02074432
2.250	-2.450	0.000	1.01859677
2.350	-2.450	0.000	1.01717544
2.450	-2.450	0.000	1.01488650
-2.450	-2.350	0.000	1.01067424
-2.350	-2.350	0.000	1.00880861
-2.250	-2.350	0.000	1.00823712
-2.150	-2.350	0.000	1.00572991
-2.050	-2.350	0.000	1.00339043
-1.950	-2.350	0.000	1.00256121
-1.850	-2.350	0.000	1.00168109
-1.750	-2.350	0.000	1.00165927
-1.650	-2.350	0.000	1.00201607
-1.550	-2.350	0.000	1.00185549
-1.450	-2.350	0.000	1.00201774
-1.350	-2.350	0.000	1.00197971
-1.250	-2.350	0.000	1.00201547
-1.150	-2.350	0.000	1.00211906
-1.050	-2.350	0.000	1.00242078
-0.950	-2.350	0.000	1.00282812
-0.850	-2.350	0.000	1.00362372
-0.750	-2.350	0.000	1.00463307
-0.650	-2.350	0.000	1.00570846
-0.550	-2.350	0.000	1.00723803
-0.450	-2.350	0.000	1.00958788
-0.350	-2.350	0.000	1.01128602
-0.250	-2.350	0.000	1.00951946
-0.150	-2.350	0.000	1.00529516
-0.050	-2.350	0.000	1.00284731
0.050	-2.350	0.000	1.00371802
0.150	-2.350	0.000	1.00550389
0.250	-2.350	0.000	1.00734389
0.350	-2.350	0.000	1.00837672
0.450	-2.350	0.000	1.00879812
0.550	-2.350	0.000	1.00829160
0.650	-2.350	0.000	1.00650048
0.750	-2.350	0.000	1.00506902
0.850	-2.350	0.000	1.00404072
0.950	-2.350	0.000	1.00348020
1.050	-2.350	0.000	1.00341725
1.150	-2.350	0.000	1.00385523
1.250	-2.350	0.000	1.00465906
1.350	-2.350	0.000	1.00597429
1.450	-2.350	0.000	1.00742793
1.550	-2.350	0.000	1.00960028
1.650	-2.350	0.000	1.01193750
1.750	-2.350	0.000	1.01478231
1.850	-2.350	0.000	1.01779413
1.950	-2.350	0.000	1.02041686
2.050	-2.350	0.000	1.02122295
2.150	-2.350	0.000	1.02092075
2.250	-2.350	0.000	1.01891804
2.350	-2.350	0.000	1.01773047
2.450	-2.350	0.000	1.01525831
-2.450	-2.250	0.000	1.01033044
-2.350	-2.250	0.000	1.00847888
-2.250	-2.250	0.000	1.00788331
-2.150	-2.250	0.000	1.00548637
-2.050	-2.250	0.000	1.00321662
-1.950	-2.250	0.000	1.00241113
-1.850	-2.250	0.000	1.00159168
-1.750	-2.250	0.000	1.00158000
-1.650	-2.250	0.000	1.00194788
-1.550	-2.250	0.000	1.00183344
-1.450	-2.250	0.000	1.00199747
-1.350	-2.250	0.000	1.00195622
-1.250	-2.250	0.000	1.00202286
-1.150	-2.250	0.000	1.00208390
-1.050	-2.250	0.000	1.00241327
-0.950	-2.250	0.000	1.00281799
-0.850	-2.250	0.000	1.00359285
-0.750	-2.250	0.000	1.00458694
-0.650	-2.250	0.000	1.00562906
-0.550	-2.250	0.000	1.00698161
-0.450	-2.250	0.000	1.00897312
-0.350	-2.250	0.000	1.01033449
-0.250	-2.250	0.000	1.00850534
-0.150	-2.250	0.000	1.00446379
-0.050	-2.250	0.000	1.00211716
0.050	-2.250	0.000	1.00300348
0.150	-2.250	0.000	1.00482726
0.250	-2.250	0.000	1.00665927
0.350	-2.250	0.000	1.00757265
0.450	-2.250	0.000	1.00786972
0.550	-2.250	0.000	1.00698137
0.650	-2.250	0.000	1.00512421
0.750	-2.250	0.000	1.00378990
0.850	-2.250	0.000	1.00286257
0.950	-2.250	0.000	1.00242364
1.050	-2.250	0.000	1.00248718
1.150	-2.250	0.000	1.00303102
1.250	-2.250	0.000	1.00394022
1.350	-2.250	0.000	1.00540161
1.450	-2.250	0.000	1.00700736
1.550	-2.250	0.000	1.00930643
1.650	-2.250	0.000	1.01178539
1.750	-2.250	0.000	1.01470673
1.850	-2.250	0.000	1.01772428
1.950	-2.250	0.000	1.02030504
2.050	-2.250	0.000	1.02103031
2.150	-2.250	0.000	1.02078342
2.250	-2.250	0.000	1.01893687
2.350	-2.250	0.000	1.01793599
2.450	-2.250	0.000	1.01549137
-2.450	-2.150	0.000	1.00929523
-2.350	-2.150	0.000	1.00743222
-2.250	-2.150	0.000	1.00683117
-2.150	-2.150	0.000	1.00463128
-2.050	-2.150	0.000	1.00253272
-1.950	-2.150	0.000	1.00179470
-1.850	-2.150	0.000	1.00102031
-1.750	-2.150	0.000	1.00101185
-1.650	-2.150	0.000	1.00139868
-1.550	-2.150	0.000	1.00129700
-1.450	-2.150	0.000	1.00150013
-1.350	-2.150	0.000	1.00145161
-1.250	-2.150	0.000	1.00146973
-1.150	-2.150	0.000	1.00151718
-1.050	-2.150	0.000	1.00178504
-0.950	-2.150	0.000	1.00215077
-0.850	-2.150	0.000	1.00282919
-0.750	-2.150	0.000	1.00379646
-0.650	-2.150	0.000	1.00470996
-0.550	-2.150	0.000	1.00602436
-0.450	-2.150	0.000	1.00804257
-0.350	-2.150	0.000	1.00945508
-0.250	-2.150	0.000	1.00782025
-0.150	-2.150	0.000	1.00390077
-0.050	-2.150	0.000	1.00162518
0.050	-2.150	0.000	1.00269806
0.150	-2.150	0.000	1.00473881
0.250	-2.150	0.000	1.00667834
0.350	-2.150	0.000	1.00754488
0.450	-2.150	0.000	1.00769973
0.550	-2.150	0.000	1.00646627
0.650	-2.150	0.000	1.00446773
0.750	-2.150	0.000	1.00310111
0.850	-2.150	0.000	1.00217545
0.950	-2.150	0.000	1.00180340
1.050	-2.150	0.000	1.00194991
1.150	-2.150	0.000	1.00259411
1.250	-2.150	0.000	1.00358438
1.350	-2.150	0.000	1.00513852
1.450	-2.150	0.000	1.00684381
1.550	-2.150	0.000	1.00914812
1.650	-2.150	0.000	1.01156318
1.750	-2.150	0.000	1.01444614
1.850	-2.150	0.000	1.01739478
1.950	-2.150	0.000	1.01991677
2.050	-2.150	0.000	1.02072275
2.150	-2.150	0.000	1.02070701
2.250	-2.150	0.000	1.01911628
2.350	-2.150	0.000	1.01846433
2.450	-2.150	0.000	1.01602173
-2.450	-2.050	0.000	1.00900841
-2.350	-2.050	0.000	1.00719368
-2.250	-2.050	0.000	1.00660586
-2.150	-2.050	0.000	1.00446534
-2.050	-2.050	0.000	1.00244272
-1.950	-2.050	0.000	1.00174856
-1.850	-2.050	0.000	1.00104535
-1.750	-2.050	0.000	1.00099730
-1.650	-2.050	0.000	1.00141692
-1.550	-2.050	0.000	1.00133300
-1.450	-2.050	0.000	1.00151145
-1.350	-2.050	0.000	1.00144553
-1.250	-2.050	0.000	1.00139081
-1.150	-2.050	0.000	1.00140810
-1.050	-2.050	0.000	1.00162339
-0.950	-2.050	0.000	1.00194156
-0.850	-2.050	0.000	1.00254786
-0.750	-2.050	0.000	1.00346649
-0.650	-2.050	0.000	1.00427485
-0.550	-2.050	0.000	1.00541389
-0.450	-2.050	0.000	1.00723028
-0.350	-2.050	0.000	1.00851333
-0.250	-2.050	0.000	1.00684154
-0.150	-2.050	0.000	1.00295770
-0.050	-2.050	0.000	1.00070822
0.050	-2.050	0.000	1.00176156
0.150	-2.050	0.000	1.00379968
0.250	-2.050	0.000	1.00559425
0.350	-2.050	0.000	1.00633800
0.450	-2.050	0.000	1.00635409
0.550	-2.050	0.000	1.00491369
0.650	-2.050	0.000	1.00295877
0.750	-2.050	0.000	1.00172293
0.850	-2.050	0.000	1.00095749
0.950	-2.050	0.000	1.00077629
1.050	-2.050	0.000	1.00110161
1.150	-2.050	0.000	1.00189221
1.250	-2.050	0.000	1.00294113
1.350	-2.050	0.000	1.00453091
1.450	-2.050	0.000	1.00630701
1.550	-2.050	0.000	1.00866628
1.650	-2.050	0.000	1.01111853
1.750	-2.050	0.000	1.01396358
1.850	-2.050	0.000	1.01680875
1.950	-2.050	0.000	1.01936734
2.050	-2.050	0.000	1.02034998
2.150	-2.050	0.000	1.02046776
2.250	-2.050	0.000	1.01912200
2.350	-2.050	0.000	1.01867020
2.450	-2.050	0.000	1.01642954
-2.450	-1.950	0.000	1.00834382
-2.350	-1.950	0.000	1.00657213
-2.250	-1.950	0.000	1.00599015
-2.150	-1.950	0.000	1.00394726
-2.050	-1.950	0.000	1.00208032
-1.950	-1.950	0.000	1.00145924
-1.850	-1.950	0.000	1.00089681
-1.750	-1.950	0.000	1.00084174
-1.650	-1.950	0.000	1.00135040
-1.550	-1.950	0.000	1.00126827
-1.450	-1.950	0.000	1.00147355
-1.350	-1.950	0.000	1.00138474
-1.250	-1.950	0.000	1.00130403
-1.150	-1.950	0.000	1.00126815
-1.050	-1.950	0.000	1.00144458
-0.950	-1.950	0.000	1.00174022
-0.850	-1.950	0.000	1.00228786
-0.750	-1.950	0.000	1.00322962
-0.650	-1.950	0.000	1.00404346
-0.550	-1.950	0.000	1.00529158
-0.450	-1.950	0.000	1.00719023
-0.350	-1.950	0.000	1.00838721
-0.250	-1.950	0.000	1.00658202
-0.150	-1.950	0.000	1.00251758
-0.050	-1.950	0.000	1.00034463
0.050	-1.950	0.000	1.00154352
0.150	-1.950	0.000	1.00371850
0.250	-1.950	0.000	1.00558519
0.350	-1.950	0.000	1.00629473
0.450	-1.950	0.000	1.00618804
0.550	-1.950	0.000	1.00459325
0.650	-1.950	0.000	1.00260425
0.750	-1.950	0.000	1.00135362
0.850	-1.950	0.000	1.00056970
0.950	-1.950	0.000	1.00037563
1.050	-1.950	0.000	1.00070226
1.150	-1.950	0.000	1.00152874
1.250	-1.950	0.000	1.00260186
1.350	-1.950	0.000	1.00417793
1.450	-1.950	0.000	1.00591826
1.550	-1.950	0.000	1.00816977
1.650	-1.950	0.000	1.01049960
1.750	-1.950	0.000	1.01325822
1.850	-1.950	0.000	1.01596725
1.950	-1.950	0.000	1.01831162
2.050	-1.950	0.000	1.01978636
2.150	-1.950	0.000	1.02005827
2.250	-1.950	0.000	1.01903105
2.350	-1.950	0.000	1.01875603
2.450	-1.950	0.000	1.01672244
-2.450	-1.850	0.000	1.00814652
-2.350	-1.850	0.000	1.00641823
-2.250	-1.850	0.000	1.00585532
-2.150	-1.850	0.000	1.00390041
-2.050	-1.850	0.000	1.00211036
-1.950	-1.850	0.000	1.00153291
-1.850	-1.850	0.000	1.00105453
-1.750	-1.850	0.000	1.00097454
-1.650	-1.850	0.000	1.00154102
-1.550	-1.850	0.000	1.00145864
-1.450	-1.850	0.000	1.00167382
-1.350	-1.850	0.000	1.00158644
-1.250	-1.850	0.000	1.00150251
-1.150	-1.850	0.000	1.00143874
-1.050	-1.850	0.000	1.00157273
-0.950	-1.850	0.000	1.00182259
-0.850	-1.850	0.000	1.00224614
-0.750	-1.850	0.000	1.00306606
-0.650	-1.850	0.000	1.00379527
-0.550	-1.850	0.000	1.00495958
-0.450	-1.850	0.000	1.00685751
-0.350	-1.850	0.000	1.00798202
-0.250	-1.850	0.000	1.00608659
-0.150	-1.850	0.000	1.00204551
-0.050	-1.850	0.000	1.00003636
0.050	-1.850	0.000	1.00121427
0.150	-1.850	0.000	1.00329852
0.250	-1.850	0.000	1.00503433
0.350	-1.850	0.000	1.00560534
0.450	-1.850	0.000	1.00541556
0.550	-1.850	0.000	1.00382626
0.650	-1.850	0.000	1.00197768
0.750	-1.850	0.000	1.00079477
0.850	-1.850	0.000	1.00012660
0.950	-1.850	0.000	1.00006032
1.050	-1.850	0.000	1.00046670
1.150	-1.850	0.000	1.00131464
1.250	-1.850	0.000	1.00236535
1.350	-1.850	0.000	1.00389516
1.450	-1.850	0.000	1.00555742
1.550	-1.850	0.000	1.00763667
1.650	-1.850	0.000	1.00977015
1.750	-1.850	0.000	1.01235855
1.850	-1.850	0.000	1.01498187
1.950	-1.850	0.000	1.01728344
2.050	-1.850	0.000	1.01891363
2.150	-1.850	0.000	1.01954305
2.250	-1.850	0.000	1.01880896
2.350	-1.850	0.000	1.01877785
2.450	-1.850	0.000	1.01710093
-2.450	-1.750	0.000	1.00791526
-2.350	-1.750	0.000	1.00633061
-2.250	-1.750	0.000	1.00579441
-2.150	-1.750	0.000	1.00399995
-2.050	-1.750	0.000	1.00230396
-1.950	-1.750	0.000	1.00178671
-1.850	-1.750	0.000	1.00146234
-1.750	-1.750	0.000	1.00135803
-1.650	-1.750	0.000	1.00203335
-1.550	-1.750	0.000	1.00192535
-1.450	-1.750	0.000	1.00214159
-1.350	-1.750	0.000	1.00200617
-1.250	-1.750	0.000	1.00184238
-1.150	-1.750	0.000	1.00167823
-1.050	-1.750	0.000	1.00177407
-0.950	-1.750	0.000	1.00208342
-0.850	-1.750	0.000	1.00260377
-0.750	-1.750	0.000	1.00354826
-0.650	-1.750	0.000	1.00433803
-0.550	-1.750	0.000	1.00563478
-0.450	-1.750	0.000	1.00752854
-0.350	-1.750	0.000	1.00843024
-0.250	-1.750	0.000	1.00617671
-0.150	-1.750	0.000	1.00184941
-0.050	-1.750	0.000	1.00004661
0.050	-1.750	0.000	1.00136030
0.150	-1.750	0.000	1.00350237
0.250	-1.750	0.000	1.00526011
0.350	-1.750	0.000	1.00582910
0.450	-1.750	0.000	1.00567079
0.550	-1.750	0.000	1.00407612
0.650	-1.750	0.000	1.00219131
0.750	-1.750	0.000	1.00093758
0.850	-1.750	0.000	1.00018156
0.950	-1.750	0.000	1.00003231
1.050	-1.750	0.000	1.00036263
1.150	-1.750	0.000	1.00114095
1.250	-1.750	0.000	1.00213027
1.350	-1.750	0.000	1.00356972
1.450	-1.750	0.000	1.00508201
1.550	-1.750	0.000	1.00696397
1.650	-1.750	0.000	1.00881648
1.750	-1.750	0.000	1.01114893
1.850	-1.750	0.000	1.01355731
1.950	-1.750	0.000	1.01580632
2.050	-1.750	0.000	1.01736927
2.150	-1.750	0.000	1.01825356
2.250	-1.750	0.000	1.01770198
2.350	-1.750	0.000	1.01768661
2.450	-1.750	0.000	1.01680529
-2.450	-1.650	0.000	1.00832283
-2.350	-1.650	0.000	1.00702655
-2.250	-1.650	0.000	1.00631773
-2.150	-1.650	0.000	1.00475514
-2.050	-1.650	0.000	1.00304222
-1.950	-1.650	0.000	1.00258470
-1.850	-1.650	0.000	1.00237989
-1.750	-1.650	0.000	1.00227153
-1.650	-1.650	0.000	1.00299251
-1.550	-1.650	0.000	1.00288963
-1.450	-1.650	0.000	1.00309670
-1.350	-1.650	0.000	1.00292444
-1.250	-1.650	0.000	1.00265181
-1.150	-1.650	0.000	1.00235760
-1.050	-1.650	0.000	1.00233030
-0.950	-1.650	0.000	1.00257182
-0.850	-1.650	0.000	1.00298417
-0.750	-1.650	0.000	1.00377047
-0.650	-1.650	0.000	1.00448835
-0.550	-1.650	0.000	1.00585282
-0.450	-1.650	0.000	1.00777757
-0.350	-1.650	0.000	1.00856233
-0.250	-1.650	0.000	1.00613141
-0.150	-1.650	0.000	1.00185597
-0.050	-1.650	0.000	1.00032258
0.050	-1.650	0.000	1.00160730
0.150	-1.650	0.000	1.00360322
0.250	-1.650	0.000	1.00522625
0.350	-1.650	0.000	1.00573444
0.450	-1.650	0.000	1.00554347
0.550	-1.650	0.000	1.00397265
0.650	-1.650	0.000	1.00220633
0.750	-1.650	0.000	1.00102973
0.850	-1.650	0.000	1.00039029
0.950	-1.650	0.000	1.00033069
1.050	-1.650	0.000	1.00069773
1.150	-1.650	0.000	1.00142634
1.250	-1.650	0.000	1.00226259
1.350	-1.650	0.000	1.00348890
1.450	-1.650	0.000	1.00483322
1.550	-1.650	0.000	1.00655997
1.650	-1.650	0.000	1.00826943
1.750	-1.650	0.000	1.01043499
1.850	-1.650	0.000	1.01266074
1.950	-1.650	0.000	1.01489139
2.050	-1.650	0.000	1.01613021
2.150	-1.650	0.000	1.01693380
2.250	-1.650	0.000	1.01648068
2.350	-1.650	0.000	1.01657033
2.450	-1.650	0.000	1.01664376
-2.450	-1.550	0.000	1.00866818
-2.350	-1.550	0.000	1.00779712
-2.250	-1.550	0.000	1.00701332
-2.150	-1.550	0.000	1.00580990
-2.050	-1.550	0.000	1.00414610
-1.950	-1.550	0.000	1.00374830
-1.850	-1.550	0.000	1.00374424
-1.750	-1.550	0.000	1.00366044
-1.650	-1.550	0.000	1.00449038
-1.550	-1.550	0.000	1.00449347
-1.450	-1.550	0.000	1.00475299
-1.350	-1.550	0.000	1.00460911
-1.250	-1.550	0.000	1.00427079
-1.150	-1.550	0.000	1.00383484
-1.050	-1.550	0.000	1.00354362
-0.950	-1.550	0.000	1.00354302
-0.850	-1.550	0.000	1.00386262
-0.750	-1.550	0.000	1.00482368
-0.650	-1.550	0.000	1.00582337
-0.550	-1.550	0.000	1.00756705
-0.450	-1.550	0.000	1.00945401
-0.350	-1.550	0.000	1.00998235
-0.250	-1.550	0.000	1.00682938
-0.150	-1.550	0.000	1.00221705
-0.050	-1.550	0.000	1.00094950
0.050	-1.550	0.000	1.00234962
0.150	-1.550	0.000	1.00432587
0.250	-1.550	0.000	1.00597513
0.350	-1.550	0.000	1.00645280
0.450	-1.550	0.000	1.00634944
0.550	-1.550	0.000	1.00480187
0.650	-1.550	0.000	1.00290096
0.750	-1.550	0.000	1.00159180
0.850	-1.550	0.000	1.00077295
0.950	-1.550	0.000	1.00055325
1.050	-1.550	0.000	1.00076330
1.150	-1.550	0.000	1.00137544
1.250	-1.550	0.000	1.00208533
1.350	-1.550	0.000	1.00311422
1.450	-1.550	0.000	1.00421333
1.550	-1.550	0.000	1.00567091
1.650	-1.550	0.000	1.00699747
1.750	-1.550	0.000	1.00874138
1.850	-1.550	0.000	1.01057220
1.950	-1.550	0.000	1.01276064
2.050	-1.550	0.000	1.01413226
2.150	-1.550	0.000	1.01542234
2.250	-1.550	0.000	1.01561069
2.350	-1.550	0.000	1.01595497
2.450	-1.550	0.000	1.01670074
-2.450	-1.450	0.000	1.00957096
-2.350	-1.450	0.000	1.00943577
-2.250	-1.450	0.000	1.00849378
-2.150	-1.450	0.000	1.00762212
-2.050	-1.450	0.000	1.00591958
-1.950	-1.450	0.000	1.00553656
-1.850	-1.450	0.000	1.00572741
-1.750	-1.450	0.000	1.00572217
-1.650	-1.450	0.000	1.00670195
-1.550	-1.450	0.000	1.00690687
-1.450	-1.450	0.000	1.00734568
-1.350	-1.450	0.000	1.00736845
-1.250	-1.450	0.000	1.00711143
-1.150	-1.450	0.000	1.00652802
-1.050	-1.450	0.000	1.00592136
-0.950	-1.450	0.000	1.00568748
-0.850	-1.450	0.000	1.00569189
-0.750	-1.450	0.000	1.00618470
-0.650	-1.450	0.000	1.00699925
-0.550	-1.450	0.000	1.00872743
-0.450	-1.450	0.000	1.01030719
-0.350	-1.450	0.000	1.01057887
-0.250	-1.450	0.000	1.00691974
-0.150	-1.450	0.000	1.00241458
-0.050	-1.450	0.000	1.00151432
0.050	-1.450	0.000	1.00293422
0.150	-1.450	0.000	1.00478363
0.250	-1.450	0.000	1.00631166
0.350	-1.450	0.000	1.00678432
0.450	-1.450	0.000	1.00666714
0.550	-1.450	0.000	1.00520313
0.650	-1.450	0.000	1.00334299
0.750	-1.450	0.000	1.00201881
0.850	-1.450	0.000	1.00116992
0.950	-1.450	0.000	1.00090909
1.050	-1.450	0.000	1.00101626
1.150	-1.450	0.000	1.00144374
1.250	-1.450	0.000	1.00194764
1.350	-1.450	0.000	1.00280833
1.450	-1.450	0.000	1.00370491
1.550	-1.450	0.000	1.00491273
1.650	-1.450	0.000	1.00606000
1.750	-1.450	0.000	1.00760078
1.850	-1.450	0.000	1.00904322
1.950	-1.450	0.000	1.01076138
2.050	-1.450	0.000	1.01181209
2.150	-1.450	0.000	1.01316524
2.250	-1.450	0.000	1.01358545
2.350	-1.450	0.000	1.01400769
2.450	-1.450	0.000	1.01531148
-2.450	-1.350	0.000	1.01042497
-2.350	-1.350	0.000	1.01079857
-2.250	-1.350	0.000	1.00949872
-2.150	-1.350	0.000	1.00882602
-2.050	-1.350	0.000	1.00717950
-1.950	-1.350	0.000	1.00673234
-1.850	-1.350	0.000	1.00716078
-1.750	-1.350	0.000	1.00713360
-1.650	-1.350	0.000	1.00835526
-1.550	-1.350	0.000	1.00878584
-1.450	-1.350	0.000	1.00962186
-1.350	-1.350	0.000	1.01016605
-1.250	-1.350	0.000	1.01048779
-1.150	-1.350	0.000	1.01044202
-1.050	-1.350	0.000	1.01006722
-0.950	-1.350	0.000	1.00979137
-0.850	-1.350	0.000	1.00932848
-0.750	-1.350	0.000	1.00900102
-0.650	-1.350	0.000	1.00917363
-0.550	-1.350	0.000	1.01084340
-0.450	-1.350	0.000	1.01265824
-0.350	-1.350	0.000	1.01273751
-0.250	-1.350	0.000	1.00787520
-0.150	-1.350	0.000	1.00312638
-0.050	-1.350	0.000	1.00251222
0.050	-1.350	0.000	1.00398123
0.150	-1.350	0.000	1.00573254
0.250	-1.350	0.000	1.00723588
0.350	-1.350	0.000	1.00766850
0.450	-1.350	0.000	1.00764298
0.550	-1.350	0.000	1.00624025
0.650	-1.350	0.000	1.00424588
0.750	-1.350	0.000	1.00270748
0.850	-1.350	0.000	1.00158083
0.950	-1.350	0.000	1.00107563
1.050	-1.350	0.000	1.00098407
1.150	-1.350	0.000	1.00123549
1.250	-1.350	0.000	1.00158298
1.350	-1.350	0.000	1.00219357
1.450	-1.350	0.000	1.00286531
1.550	-1.350	0.000	1.00392425
1.650	-1.350	0.000	1.00495911
1.750	-1.350	0.000	1.00636101
1.850	-1.350	0.000	1.00780272
1.950	-1.350	0.000	1.00976372
2.050	-1.350	0.000	1.01078594
2.150	-1.350	0.000	1.01216638
2.250	-1.350	0.000	1.01274538
2.350	-1.350	0.000	1.01311088
2.450	-1.350	0.000	1.01446748
-2.450	-1.250	0.000	1.01120126
-2.350	-1.250	0.000	1.01161742
-2.250	-1.250	0.000	1.01009917
-2.150	-1.250	0.000	1.00930762
-2.050	-1.250	0.000	1.00775039
-1.950	-1.250	0.000	1.00712454
-1.850	-1.250	0.000	1.00772226
-1.750	-1.250	0.000	1.00759709
-1.650	-1.250	0.000	1.00896657
-1.550	-1.250	0.000	1.00951731
-1.450	-1.250	0.000	1.01059675
-1.350	-1.250	0.000	1.01157689
-1.250	-1.250	0.000	1.01264703
-1.150	-1.250	0.000	1.01348054
-1.050	-1.250	0.000	1.01405132
-0.950	-1.250	0.000	1.01470327
-0.850	-1.250	0.000	1.01518953
-0.750	-1.250	0.000	1.01503706
-0.650	-1.250	0.000	1.01446366
-0.550	-1.250	0.000	1.01451230
-0.450	-1.250	0.000	1.01460326
-0.350	-1.250	0.000	1.01282334
-0.250	-1.250	0.000	1.00733244
-0.150	-1.250	0.000	1.00310218
-0.050	-1.250	0.000	1.00281072
0.050	-1.250	0.000	1.00429404
0.150	-1.250	0.000	1.00595057
0.250	-1.250	0.000	1.00736606
0.350	-1.250	0.000	1.00784600
0.450	-1.250	0.000	1.00784993
0.550	-1.250	0.000	1.00667298
0.650	-1.250	0.000	1.00462186
0.750	-1.250	0.000	1.00304306
0.850	-1.250	0.000	1.00177836
0.950	-1.250	0.000	1.00113142
1.050	-1.250	0.000	1.00087976
1.150	-1.250	0.000	1.00095391
1.250	-1.250	0.000	1.00112307
1.350	-1.250	0.000	1.00159132
1.450	-1.250	0.000	1.00214756
1.550	-1.250	0.000	1.00299704
1.650	-1.250	0.000	1.00376582
1.750	-1.250	0.000	1.00501430
1.850	-1.250	0.000	1.00628543
1.950	-1.250	0.000	1.00807786
2.050	-1.250	0.000	1.00906825
2.150	-1.250	0.000	1.01031303
2.250	-1.250	0.000	1.01082337
2.350	-1.250	0.000	1.01119673
2.450	-1.250	0.000	1.01251471
-2.450	-1.150	0.000	1.01114714
-2.350	-1.150	0.000	1.01128030
-2.250	-1.150	0.000	1.00977993
-2.150	-1.150	0.000	1.00889349
-2.050	-1.150	0.000	1.00743079
-1.950	-1.150	0.000	1.00681174
-1.850	-1.150	0.000	1.00748360
-1.750	-1.150	0.000	1.00737810
-1.650	-1.150	0.000	1.00877833
-1.550	-1.150	0.000	1.00939441
-1.450	-1.150	0.000	1.01052105
-1.350	-1.150	0.000	1.01165605
-1.250	-1.150	0.000	1.01307046
-1.150	-1.150	0.000	1.01451564
-1.050	-1.150	0.000	1.01589966
-0.950	-1.150	0.000	1.01750350
-0.850	-1.150	0.000	1.01951420
-0.750	-1.150	0.000	1.02156341
-0.650	-1.150	0.000	1.02227831
-0.550	-1.150	0.000	1.02226555
-0.450	-1.150	0.000	1.02024794
-0.350	-1.150	0.000	1.01499748
-0.250	-1.150	0.000	1.00727332
-0.150	-1.150	0.000	1.00306106
-0.050	-1.150	0.000	1.00333309
0.050	-1.150	0.000	1.00492764
0.150	-1.150	0.000	1.00646150
0.250	-1.150	0.000	1.00772202
0.350	-1.150	0.000	1.00811493
0.450	-1.150	0.000	1.00802732
0.550	-1.150	0.000	1.00699198
0.650	-1.150	0.000	1.00490081
0.750	-1.150	0.000	1.00319445
0.850	-1.150	0.000	1.00176251
0.950	-1.150	0.000	1.00095665
1.050	-1.150	0.000	1.00054395
1.150	-1.150	0.000	1.00051105
1.250	-1.150	0.000	1.00064611
1.350	-1.150	0.000	1.00106990
1.450	-1.150	0.000	1.00164402
1.550	-1.150	0.000	1.00255692
1.650	-1.150	0.000	1.00331831
1.750	-1.150	0.000	1.00450099
1.850	-1.150	0.000	1.00555253
1.950	-1.150	0.000	1.00715816
2.050	-1.150	0.000	1.00799489
2.150	-1.150	0.000	1.00919211
2.250	-1.150	0.000	1.00963640
2.350	-1.150	0.000	1.01005018
2.450	-1.150	0.000	1.01112926
-2.450	-1.050	0.000	1.01065183
-2.350	-1.050	0.000	1.01027870
-2.250	-1.050	0.000	1.00894237
-2.150	-1.050	0.000	1.00784814
-2.050	-1.050	0.000	1.00636768
-1.950	-1.050	0.000	1.00592697
-1.850	-1.050	0.000	1.00661540
-1.750	-1.050	0.000	1.00656831
-1.650	-1.050	0.000	1.00798643
-1.550	-1.050	0.000	1.00866079
-1.450	-1.050	0.000	1.00990999
-1.350	-1.050	0.000	1.01126742
-1.250	-1.050	0.000	1.01294315
-1.150	-1.050	0.000	1.01468682
-1.050	-1.050	0.000	1.01636648
-0.950	-1.050	0.000	1.01852214
-0.850	-1.050	0.000	1.02126789
-0.750	-1.050	0.000	1.02493274
-0.650	-1.050	0.000	1.02904391
-0.550	-1.050	0.000	1.03175592
-0.450	-1.050	0.000	1.03075027
-0.350	-1.050	0.000	1.02203190
-0.250	-1.050	0.000	1.00849533
-0.150	-1.050	0.000	1.00211096
-0.050	-1.050	0.000	1.00245380
0.050	-1.050	0.000	1.00427270
0.150	-1.050	0.000	1.00587809
0.250	-1.050	0.000	1.00710857
0.350	-1.050	0.000	1.00758946
0.450	-1.050	0.000	1.00751007
0.550	-1.050	0.000	1.00661850
0.650	-1.050	0.000	1.00467145
0.750	-1.050	0.000	1.00302315
0.850	-1.050	0.000	1.00159252
0.950	-1.050	0.000	1.00078404
1.050	-1.050	0.000	1.00036931
1.150	-1.050	0.000	1.00030637
1.250	-1.050	0.000	1.00042105
1.350	-1.050	0.000	1.00085485
1.450	-1.050	0.000	1.00137448
1.550	-1.050	0.000	1.00215328
1.650	-1.050	0.000	1.00278270
1.750	-1.050	0.000	1.00373566
1.850	-1.050	0.000	1.00443649
1.950	-1.050	0.000	1.00593412
2.050	-1.050	0.000	1.00674617
2.150	-1.050	0.000	1.00792873
2.250	-1.050	0.000	1.00817358
2.350	-1.050	0.000	1.00857520
2.450	-1.050	0.000	1.00943971
-2.450	-0.950	0.000	1.00990951
-2.350	-0.950	0.000	1.00902474
-2.250	-0.950	0.000	1.00772762
-2.150	-0.950	0.000	1.00664008
-2.050	-0.950	0.000	1.00507808
-1.950	-0.950	0.000	1.00471735
-1.850	-0.950	0.000	1.00532782
-1.750	-0.950	0.000	1.00536513
-1.650	-0.950	0.000	1.00664032
-1.550	-0.950	0.000	1.00737917
-1.450	-0.950	0.000	1.00867605
-1.350	-0.950	0.000	1.01010919
-1.250	-0.950	0.000	1.01212394
-1.150	-0.950	0.000	1.01440632
-1.050	-0.950	0.000	1.01673365
-0.950	-0.950	0.000	1.01934350
-0.850	-0.950	0.000	1.02233338
-0.750	-0.950	0.000	1.02587199
-0.650	-0.950	0.000	1.03129685
-0.550	-0.950	0.000	1.03841877
-0.450	-0.950	0.000	1.04205596
-0.350	-0.950	0.000	1.03823173
-0.250	-0.950	0.000	1.01963842
-0.150	-0.950	0.000	1.00277030
-0.050	-0.950	0.000	1.00069416
0.050	-0.950	0.000	1.00286281
0.150	-0.950	0.000	1.00478482
0.250	-0.950	0.000	1.00616384
0.350	-0.950	0.000	1.00684869
0.450	-0.950	0.000	1.00692523
0.550	-0.950	0.000	1.00623667
0.650	-0.950	0.000	1.00451624
0.750	-0.950	0.000	1.00286305
0.850	-0.950	0.000	1.00143957
0.950	-0.950	0.000	1.00059450
1.050	-0.950	0.000	1.00017905
1.150	-0.950	0.000	1.00015295
1.250	-0.950	0.000	1.00029480
1.350	-0.950	0.000	1.00071287
1.450	-0.950	0.000	1.00124609
1.550	-0.950	0.000	1.00201094
1.650	-0.950	0.000	1.00253403
1.750	-0.950	0.000	1.00347877
1.850	-0.950	0.000	1.00416398
1.950	-0.950	0.000	1.00539315
2.050	-0.950	0.000	1.00591838
2.150	-0.950	0.000	1.00717759
2.250	-0.950	0.000	1.00741613
2.350	-0.950	0.000	1.00788772
2.450	-0.950	0.000	1.00841296
-2.450	-0.850	0.000	1.00899935
-2.350	-0.850	0.000	1.00777793
-2.250	-0.850	0.000	1.00661755
-2.150	-0.850	0.000	1.00563991
-2.050	-0.850	0.000	1.00408494
-1.950	-0.850	0.000	1.00385082
-1.850	-0.850	0.000	1.00438797
-1.750	-0.850	0.000	1.00452995
-1.650	-0.850	0.000	1.00570548
-1.550	-0.850	0.000	1.00643361
-1.450	-0.850	0.000	1.00771439
-1.350	-0.850	0.000	1.00907183
-1.250	-0.850	0.000	1.01111436
-1.150	-0.850	0.000	1.01346350
-1.050	-0.850	0.000	1.01616263
-0.950	-0.850	0.000	1.01956999
-0.850	-0.850	0.000	1.02306366
-0.750	-0.850	0.000	1.02654696
-0.650	-0.850	0.000	1.03145635
-0.550	-0.850	0.000	1.03907788
-0.450	-0.850	0.000	1.04603040
-0.350	-0.850	0.000	1.04811931
-0.250	-0.850	0.000	1.04004049
-0.150	-0.850	0.000	1.01555037
-0.050	-0.850	0.000	1.00101900
0.050	-0.850	0.000	1.00082970
0.150	-0.850	0.000	1.00304353
0.250	-0.850	0.000	1.00473332
0.350	-0.850	0.000	1.00569177
0.450	-0.850	0.000	1.00597358
0.550	-0.850	0.000	1.00553370
0.650	-0.850	0.000	1.00415301
0.750	-0.850	0.000	1.00276113
0.850	-0.850	0.000	1.00144351
0.950	-0.850	0.000	1.00063479
1.050	-0.850	0.000	1.00018597
1.150	-0.850	0.000	1.00012636
1.250	-0.850	0.000	1.00029790
1.350	-0.850	0.000	1.00075114
1.450	-0.850	0.000	1.00121307
1.550	-0.850	0.000	1.00185323
1.650	-0.850	0.000	1.00232172
1.750	-0.850	0.000	1.00321007
1.850	-0.850	0.000	1.00370860
1.950	-0.850	0.000	1.00483358
2.050	-0.850	0.000	1.00531995
2.150	-0.850	0.000	1.00659060
2.250	-0.850	0.000	1.00662136
2.350	-0.850	0.000	1.00713015
2.450	-0.850	0.000	1.00748336
-2.450	-0.750	0.000	1.00790524
-2.350	-0.750	0.000	1.00663280
-2.250	-0.750	0.000	1.00566912
-2.150	-0.750	0.000	1.00487685
-2.050	-0.750	0.000	1.00329685
-1.950	-0.750	0.000	1.00309277
-1.850	-0.750	0.000	1.00343955
-1.750	-0.750	0.000	1.00366235
-1.650	-0.750	0.000	1.00466597
-1.550	-0.750	0.000	1.00540102
-1.450	-0.750	0.000	1.00663352
-1.350	-0.750	0.000	1.00801003
-1.250	-0.750	0.000	1.01002598
-1.150	-0.750	0.000	1.01231670
-1.050	-0.750	0.000	1.01475644
-0.950	-0.750	0.000	1.01824379
-0.850	-0.750	0.000	1.02240968
-0.750	-0.750	0.000	1.02654779
-0.650	-0.750	0.000	1.03085446
-0.550	-0.750	0.000	1.03810835
-0.450	-0.750	0.000	1.04577708
-0.350	-0.750	0.000	1.04939854
-0.250	-0.750	0.000	1.04866529
-0.150	-0.750	0.000	1.03486121
-0.050	-0.750	0.000	1.01186800
0.050	-0.750	0.000	1.00200284
0.150	-0.750	0.000	1.00230515
0.250	-0.750	0.000	1.00402367
0.350	-0.750	0.000	1.00509691
0.450	-0.750	0.000	1.00531697
0.550	-0.750	0.000	1.00488043
0.650	-0.750	0.000	1.00368690
0.750	-0.750	0.000	1.00251770
0.850	-0.750	0.000	1.00134492
0.950	-0.750	0.000	1.00058520
1.050	-0.750	0.000	1.00019991
1.150	-0.750	0.000	1.00016510
1.250	-0.750	0.000	1.00037241
1.350	-0.750	0.000	1.00085044
1.450	-0.750	0.000	1.00132692
1.550	-0.750	0.000	1.00197732
1.650	-0.750	0.000	1.00241947
1.750	-0.750	0.000	1.00325072
1.850	-0.750	0.000	1.00364625
1.950	-0.750	0.000	1.00479984
2.050	-0.750	0.000	1.00533473
2.150	-0.750	0.000	1.00683284
2.250	-0.750	0.000	1.00670588
2.350	-0.750	0.000	1.00690770
2.450	-0.750	0.000	1.00691807
-2.450	-0.650	0.000	1.00682938
-2.350	-0.650	0.000	1.00567329
-2.250	-0.650	0.000	1.00480163
-2.150	-0.650	0.000	1.00415218
-2.050	-0.650	0.000	1.00259805
-1.950	-0.650	0.000	1.00235951
-1.850	-0.650	0.000	1.00252509
-1.750	-0.650	0.000	1.00272834
-1.650	-0.650	0.000	1.00355101
-1.550	-0.650	0.000	1.00421524
-1.450	-0.650	0.000	1.00530076
-1.350	-0.650	0.000	1.00657535
-1.250	-0.650	0.000	1.00852156
-1.150	-0.650	0.000	1.01089823
-1.050	-0.650	0.000	1.01352417
-0.950	-0.650	0.000	1.01690948
-0.850	-0.650	0.000	1.02097607
-0.750	-0.650	0.000	1.02539527
-0.650	-0.650	0.000	1.02939689
-0.550	-0.650	0.000	1.03470206
-0.450	-0.650	0.000	1.04207349
-0.350	-0.650	0.000	1.04697943
-0.250	-0.650	0.000	1.04806912
-0.150	-0.650	0.000	1.04191089
-0.050	-0.650	0.000	1.02756548
0.050	-0.650	0.000	1.01171768
0.150	-0.650	0.000	1.00537109
0.250	-0.650	0.000	1.00475550
0.350	-0.650	0.000	1.00482631
0.450	-0.650	0.000	1.00458300
0.550	-0.650	0.000	1.00380969
0.650	-0.650	0.000	1.00279856
0.750	-0.650	0.000	1.00205898
0.850	-0.650	0.000	1.00123262
0.950	-0.650	0.000	1.00068712
1.050	-0.650	0.000	1.00036025
1.150	-0.650	0.000	1.00036347
1.250	-0.650	0.000	1.00061429
1.350	-0.650	0.000	1.00110626
1.450	-0.650	0.000	1.00156486
1.550	-0.650	0.000	1.00227511
1.650	-0.650	0.000	1.00286376
1.750	-0.650	0.000	1.00381720
1.850	-0.650	0.000	1.00421405
1.950	-0.650	0.000	1.00510323
2.050	-0.650	0.000	1.00520658
2.150	-0.650	0.000	1.00646114
2.250	-0.650	0.000	1.00643039
2.350	-0.650	0.000	1.00705016
2.450	-0.650	0.000	1.00700021
-2.450	-0.550	0.000	1.00566626
-2.350	-0.550	0.000	1.00448561
-2.250	-0.550	0.000	1.00376892
-2.150	-0.550	0.000	1.00332379
-2.050	-0.550	0.000	1.00190508
-1.950	-0.550	0.000	1.00174940
-1.850	-0.550	0.000	1.00175738
-1.750	-0.550	0.000	1.00191879
-1.650	-0.550	0.000	1.00254822
-1.550	-0.550	0.000	1.00307989
-1.450	-0.550	0.000	1.00393569
-1.350	-0.550	0.000	1.00501502
-1.250	-0.550	0.000	1.00662184
-1.150	-0.550	0.000	1.00880110
-1.050	-0.550	0.000	1.01131821
-0.950	-0.550	0.000	1.01460195
-0.850	-0.550	0.000	1.01854718
-0.750	-0.550	0.000	1.02333081
-0.650	-0.550	0.000	1.02795660
-0.550	-0.550	0.000	1.03239536
-0.450	-0.550	0.000	1.03706658
-0.350	-0.550	0.000	1.04016459
-0.250	-0.550	0.000	1.04148245
-0.150	-0.550	0.000	1.03959680
-0.050	-0.550	0.000	1.03153825
0.050	-0.550	0.000	1.02163947
0.150	-0.550	0.000	1.01256478
0.250	-0.550	0.000	1.00783646
0.350	-0.550	0.000	1.00540721
0.450	-0.550	0.000	1.00412798
0.550	-0.550	0.000	1.00271261
0.650	-0.550	0.000	1.00187325
0.750	-0.550	0.000	1.00131655
0.850	-0.550	0.000	1.00082040
0.950	-0.550	0.000	1.00052643
1.050	-0.550	0.000	1.00045395
1.150	-0.550	0.000	1.00061107
1.250	-0.550	0.000	1.00094819
1.350	-0.550	0.000	1.00152564
1.450	-0.550	0.000	1.00207078
1.550	-0.550	0.000	1.00291669
1.650	-0.550	0.000	1.00349140
1.750	-0.550	0.000	1.00434911
1.850	-0.550	0.000	1.00459409
1.950	-0.550	0.000	1.00547838
2.050	-0.550	0.000	1.00582504
2.150	-0.550	0.000	1.00735211
2.250	-0.550	0.000	1.00731432
2.350	-0.550	0.000	1.00769830
2.450	-0.550	0.000	1.00736058
-2.450	-0.450	0.000	1.00445855
-2.350	-0.450	0.000	1.00332117
-2.250	-0.450	0.000	1.00277102
-2.150	-0.450	0.000	1.00252676
-2.050	-0.450	0.000	1.00132883
-1.950	-0.450	0.000	1.00124991
-1.850	-0.450	0.000	1.00110185
-1.750	-0.450	0.000	1.00124919
-1.650	-0.450	0.000	1.00170839
-1.550	-0.450	0.000	1.00211549
-1.450	-0.450	0.000	1.00281847
-1.350	-0.450	0.000	1.00372982
-1.250	-0.450	0.000	1.00504637
-1.150	-0.450	0.000	1.00686824
-1.050	-0.450	0.000	1.00907362
-0.950	-0.450	0.000	1.01179945
-0.850	-0.450	0.000	1.01510036
-0.750	-0.450	0.000	1.01952481
-0.650	-0.450	0.000	1.02423966
-0.550	-0.450	0.000	1.02984095
-0.450	-0.450	0.000	1.03424752
-0.350	-0.450	0.000	1.03554726
-0.250	-0.450	0.000	1.03491676
-0.150	-0.450	0.000	1.03268707
-0.050	-0.450	0.000	1.02864873
0.050	-0.450	0.000	1.02315450
0.150	-0.450	0.000	1.01797605
0.250	-0.450	0.000	1.01240981
0.350	-0.450	0.000	1.00781560
0.450	-0.450	0.000	1.00442445
0.550	-0.450	0.000	1.00235212
0.650	-0.450	0.000	1.00124431
0.750	-0.450	0.000	1.00063884
0.850	-0.450	0.000	1.00034881
0.950	-0.450	0.000	1.00031638
1.050	-0.450	0.000	1.00043917
1.150	-0.450	0.000	1.00074804
1.250	-0.450	0.000	1.00117815
1.350	-0.450	0.000	1.00186217
1.450	-0.450	0.000	1.00251961
1.550	-0.450	0.000	1.00345790
1.650	-0.450	0.000	1.00406480
1.750	-0.450	0.000	1.00493741
1.850	-0.450	0.000	1.00518084
1.950	-0.450	0.000	1.00596702
2.050	-0.450	0.000	1.00610054
2.150	-0.450	0.000	1.00738621
2.250	-0.450	0.000	1.00744653
2.350	-0.450	0.000	1.00802958
2.450	-0.450	0.000	1.00725794
-2.450	-0.350	0.000	1.00358176
-2.350	-0.350	0.000	1.00248253
-2.250	-0.350	0.000	1.00209856
-2.150	-0.350	0.000	1.00190747
-2.050	-0.350	0.000	1.00102782
-1.950	-0.350	0.000	1.00093842
-1.850	-0.350	0.000	1.00080633
-1.750	-0.350	0.000	1.00087357
-1.650	-0.350	0.000	1.00121975
-1.550	-0.350	0.000	1.00151265
-1.450	-0.350	0.000	1.00201786
-1.350	-0.350	0.000	1.00275409
-1.250	-0.350	0.000	1.00384665
-1.150	-0.350	0.000	1.00539684
-1.050	-0.350	0.000	1.00725043
-0.950	-0.350	0.000	1.00967157
-0.850	-0.350	0.000	1.01243401
-0.750	-0.350	0.000	1.01595688
-0.650	-0.350	0.000	1.01944292
-0.550	-0.350	0.000	1.02463686
-0.450	-0.350	0.000	1.02977097
-0.350	-0.350	0.000	1.03166974
-0.250	-0.350	0.000	1.03093386
-0.150	-0.350	0.000	1.02731586
-0.050	-0.350	0.000	1.02360034
0.050	-0.350	0.000	1.02066505
0.150	-0.350	0.000	1.01824939
0.250	-0.350	0.000	1.01518035
0.350	-0.350	0.000	1.01143634
0.450	-0.350	0.000	1.00674808
0.550	-0.350	0.000	1.00381505
0.650	-0.350	0.000	1.00179625
0.750	-0.350	0.000	1.00060785
0.850	-0.350	0.000	1.00008094
0.950	-0.350	0.000	1.00002301
1.050	-0.350	0.000	1.00024903
1.150	-0.350	0.000	1.00067651
1.250	-0.350	0.000	1.00122786
1.350	-0.350	0.000	1.00199735
1.450	-0.350	0.000	1.00271773
1.550	-0.350	0.000	1.00366127
1.650	-0.350	0.000	1.00419366
1.750	-0.350	0.000	1.00497711
1.850	-0.350	0.000	1.00501645
1.950	-0.350	0.000	1.00551164
2.050	-0.350	0.000	1.00561810
2.150	-0.350	0.000	1.00701582
2.250	-0.350	0.000	1.00700462
2.350	-0.350	0.000	1.00740218
2.450	-0.350	0.000	1.00656939
-2.450	-0.250	0.000	1.00295234
-2.350	-0.250	0.000	1.00186944
-2.250	-0.250	0.000	1.00157368
-2.150	-0.250	0.000	1.00138199
-2.050	-0.250	0.000	1.00077200
-1.950	-0.250	0.000	1.00063193
-1.850	-0.250	0.000	1.00046122
-1.750	-0.250	0.000	1.00045037
-1.650	-0.250	0.000	1.00070310
-1.550	-0.250	0.000	1.00087023
-1.450	-0.250	0.000	1.00132620
-1.350	-0.250	0.000	1.00191152
-1.250	-0.250	0.000	1.00278783
-1.150	-0.250	0.000	1.00404119
-1.050	-0.250	0.000	1.00562775
-0.950	-0.250	0.000	1.00760555
-0.850	-0.250	0.000	1.00998235
-0.750	-0.250	0.000	1.01312149
-0.650	-0.250	0.000	1.01596212
-0.550	-0.250	0.000	1.01955652
-0.450	-0.250	0.000	1.02417445
-0.350	-0.250	0.000	1.02620721
-0.250	-0.250	0.000	1.02610493
-0.150	-0.250	0.000	1.02337480
-0.050	-0.250	0.000	1.01966178
0.050	-0.250	0.000	1.01720798
0.150	-0.250	0.000	1.01630747
0.250	-0.250	0.000	1.01487398
0.350	-0.250	0.000	1.01330018
0.450	-0.250	0.000	1.00967944
0.550	-0.250	0.000	1.00652063
0.650	-0.250	0.000	1.00359738
0.750	-0.250	0.000	1.00172162
0.850	-0.250	0.000	1.00058997
0.950	-0.250	0.000	1.00019610
1.050	-0.250	0.000	1.00024164
1.150	-0.250	0.000	1.00055587
1.250	-0.250	0.000	1.00105870
1.350	-0.250	0.000	1.00178635
1.450	-0.250	0.000	1.00247324
1.550	-0.250	0.000	1.00336468
1.650	-0.250	0.000	1.00379539
1.750	-0.250	0.000	1.00439870
1.850	-0.250	0.000	1.00432563
1.950	-0.250	0.000	1.00475037
2.050	-0.250	0.000	1.00460732
2.150	-0.250	0.000	1.00577784
2.250	-0.250	0.000	1.00576854
2.350	-0.250	0.000	1.00649714
2.450	-0.250	0.000	1.00562131
-2.450	-0.150	0.000	1.00274682
-2.350	-0.150	0.000	1.00157607
-2.250	-0.150	0.000	1.00131202
-2.150	-0.150	0.000	1.00102496
-2.050	-0.150	0.000	1.00073183
-1.950	-0.150	0.000	1.00049329
-1.850	-0.150	0.000	1.00041795
-1.750	-0.150	0.000	1.00036395
-1.650	-0.150	0.000	1.00055075
-1.550	-0.150	0.000	1.00061905
-1.450	-0.150	0.000	1.00093210
-1.350	-0.150	0.000	1.00143993
-1.250	-0.150	0.000	1.00224900
-1.150	-0.150	0.000	1.00329423
-1.050	-0.150	0.000	1.00462067
-0.950	-0.150	0.000	1.00616479
-0.850	-0.150	0.000	1.00802577
-0.750	-0.150	0.000	1.01077843
-0.650	-0.150	0.000	1.01312351
-0.550	-0.150	0.000	1.01587677
-0.450	-0.150	0.000	1.01928186
-0.350	-0.150	0.000	1.02067590
-0.250	-0.150	0.000	1.02064526
-0.150	-0.150	0.000	1.01897573
-0.050	-0.150	0.000	1.01640856
0.050	-0.150	0.000	1.01437199
0.150	-0.150	0.000	1.01386476
0.250	-0.150	0.000	1.01351881
0.350	-0.150	0.000	1.01310790
0.450	-0.150	0.000	1.01137340
0.550	-0.150	0.000	1.00916445
0.650	-0.150	0.000	1.00637078
0.750	-0.150	0.000	1.00408745
0.850	-0.150	0.000	1.00226927
0.950	-0.150	0.000	1.00124562
1.050	-0.150	0.000	1.00089884
1.150	-0.150	0.000	1.00088131
1.250	-0.150	0.000	1.00119650
1.350	-0.150	0.000	1.00179982
1.450	-0.150	0.000	1.00236320
1.550	-0.150	0.000	1.00302947
1.650	-0.150	0.000	1.00327301
1.750	-0.150	0.000	1.00371408
1.850	-0.150	0.000	1.00344360
1.950	-0.150	0.000	1.00375330
2.050	-0.150	0.000	1.00362980
2.150	-0.150	0.000	1.00504625
2.250	-0.150	0.000	1.00504649
2.350	-0.150	0.000	1.00592554
2.450	-0.150	0.000	1.00522518
-2.450	-0.050	0.000	1.00252986
-2.350	-0.050	0.000	1.00147033
-2.250	-0.050	0.000	1.00124919
-2.150	-0.050	0.000	1.00073922
-2.050	-0.050	0.000	1.00065780
-1.950	-0.050	0.000	1.00039268
-1.850	-0.050	0.000	1.00034761
-1.750	-0.050	0.000	1.00023973
-1.650	-0.050	0.000	1.00039899
-1.550	-0.050	0.000	1.00051248
-1.450	-0.050	0.000	1.00085807
-1.350	-0.050	0.000	1.00131679
-1.250	-0.050	0.000	1.00192964
-1.150	-0.050	0.000	1.00261819
-1.050	-0.050	0.000	1.00366890
-0.950	-0.050	0.000	1.00493586
-0.850	-0.050	0.000	1.00641787
-0.750	-0.050	0.000	1.00861704
-0.650	-0.050	0.000	1.01063478
-0.550	-0.050	0.000	1.01318514
-0.450	-0.050	0.000	1.01554632
-0.350	-0.050	0.000	1.01609528
-0.250	-0.050	0.000	1.01548183
-0.150	-0.050	0.000	1.01386082
-0.050	-0.050	0.000	1.01224673
0.050	-0.050	0.000	1.01127326
0.150	-0.050	0.000	1.01106858
0.250	-0.050	0.000	1.01123857
0.350	-0.050	0.000	1.01148093
0.450	-0.050	0.000	1.01111412
0.550	-0.050	0.000	1.01002765
0.650	-0.050	0.000	1.00828481
0.750	-0.050	0.000	1.00654757
0.850	-0.050	0.000	1.00460994
0.950	-0.050	0.000	1.00298440
1.050	-0.050	0.000	1.00213575
1.150	-0.050	0.000	1.00172782
1.250	-0.050	0.000	1.00174272
1.350	-0.050	0.000	1.00204372
1.450	-0.050	0.000	1.00238252
1.550	-0.050	0.000	1.00284934
1.650	-0.050	0.000	1.00300479
1.750	-0.050	0.000	1.00336730
1.850	-0.050	0.000	1.00320089
1.950	-0.050	0.000	1.00359547
2.050	-0.050	0.000	1.00363529
2.150	-0.050	0.000	1.00528121
2.250	-0.050	0.000	1.00532496
2.350	-0.050	0.000	1.00642717
2.450	-0.050	0.000	1.00545001
-2.450	0.050	0.000	1.00229323
-2.350	0.050	0.000	1.00141263
-2.250	0.050	0.000	1.00115895
-2.150	0.050	0.000	1.00061095
-2.050	0.050	0.000	1.00067639
-1.950	0.050	0.000	1.00039375
-1.850	0.050	0.000	1.00038660
-1.750	0.050	0.000	1.00024307
-1.650	0.050	0.000	1.00033462
-1.550	0.050	0.000	1.00040424
-1.450	0.050	0.000	1.00071597
-1.350	0.050	0.000	1.00120223
-1.250	0.050	0.000	1.00191057
-1.150	0.050	0.000	1.00273788
-1.050	0.050	0.000	1.00372732
-0.950	0.050	0.000	1.00453293
-0.850	0.050	0.000	1.00542533
-0.750	0.050	0.000	1.00709856
-0.650	0.050	0.000	1.00846934
-0.550	0.050	0.000	1.01070487
-0.450	0.050	0.000	1.01259422
-0.350	0.050	0.000	1.01278472
-0.250	0.050	0.000	1.01171994
-0.150	0.050	0.000	1.00977242
-0.050	0.050	0.000	1.00826871
0.050	0.050	0.000	1.00786602
0.150	0.050	0.000	1.00811183
0.250	0.050	0.000	1.00874853
0.350	0.050	0.000	1.00920498
0.450	0.050	0.000	1.00963497
0.550	0.050	0.000	1.00968945
0.650	0.050	0.000	1.00902236
0.750	0.050	0.000	1.00807822
0.850	0.050	0.000	1.00659597
0.950	0.050	0.000	1.00507152
1.050	0.050	0.000	1.00388002
1.150	0.050	0.000	1.00309408
1.250	0.050	0.000	1.00284791
1.350	0.050	0.000	1.00289607
1.450	0.050	0.000	1.00304031
1.550	0.050	0.000	1.00329518
1.650	0.050	0.000	1.00335860
1.750	0.050	0.000	1.00365043
1.850	0.050	0.000	1.00337648
1.950	0.050	0.000	1.00370276
2.050	0.050	0.000	1.00382245
2.150	0.050	0.000	1.00549161
2.250	0.050	0.000	1.00552785
2.350	0.050	0.000	1.00686920
2.450	0.050	0.000	1.00580525
-2.450	0.150	0.000	1.00184393
-2.350	0.150	0.000	1.00115407
-2.250	0.150	0.000	1.00084710
-2.150	0.150	0.000	1.00040102
-2.050	0.150	0.000	1.00049698
-1.950	0.150	0.000	1.00028288
-1.850	0.150	0.000	1.00032938
-1.750	0.150	0.000	1.00022745
-1.650	0.150	0.000	1.00034416
-1.550	0.150	0.000	1.00044227
-1.450	0.150	0.000	1.00073493
-1.350	0.150	0.000	1.00120282
-1.250	0.150	0.000	1.00184906
-1.150	0.150	0.000	1.00247431
-1.050	0.150	0.000	1.00338376
-0.950	0.150	0.000	1.00424576
-0.850	0.150	0.000	1.00507677
-0.750	0.150	0.000	1.00642169
-0.650	0.150	0.000	1.00729883
-0.550	0.150	0.000	1.00882292
-0.450	0.150	0.000	1.01013994
-0.350	0.150	0.000	1.01008427
-0.250	0.150	0.000	1.00891542
-0.150	0.150	0.000	1.00684452
-0.050	0.150	0.000	1.00525928
0.050	0.150	0.000	1.00490856
0.150	0.150	0.000	1.00523055
0.250	0.150	0.000	1.00618351
0.350	0.150	0.000	1.00702047
0.450	0.150	0.000	1.00773668
0.550	0.150	0.000	1.00841796
0.650	0.150	0.000	1.00866294
0.750	0.150	0.000	1.00854886
0.850	0.150	0.000	1.00761569
0.950	0.150	0.000	1.00635588
1.050	0.150	0.000	1.00523913
1.150	0.150	0.000	1.00424957
1.250	0.150	0.000	1.00378489
1.350	0.150	0.000	1.00365031
1.450	0.150	0.000	1.00361097
1.550	0.150	0.000	1.00362849
1.650	0.150	0.000	1.00348973
1.750	0.150	0.000	1.00371349
1.850	0.150	0.000	1.00355256
1.950	0.150	0.000	1.00407493
2.050	0.150	0.000	1.00454223
2.150	0.150	0.000	1.00658584
2.250	0.150	0.000	1.00662339
2.350	0.150	0.000	1.00825167
2.450	0.150	0.000	1.00700486
-2.450	0.250	0.000	1.00136733
-2.350	0.250	0.000	1.00087953
-2.250	0.250	0.000	1.00058150
-2.150	0.250	0.000	1.00020874
-2.050	0.250	0.000	1.00034046
-1.950	0.250	0.000	1.00018740
-1.850	0.250	0.000	1.00024736
-1.750	0.250	0.000	1.00017667
-1.650	0.250	0.000	1.00026393
-1.550	0.250	0.000	1.00039244
-1.450	0.250	0.000	1.00070715
-1.350	0.250	0.000	1.00122976
-1.250	0.250	0.000	1.00196958
-1.150	0.250	0.000	1.00272989
-1.050	0.250	0.000	1.00350571
-0.950	0.250	0.000	1.00409949
-0.850	0.250	0.000	1.00477123
-0.750	0.250	0.000	1.00603330
-0.650	0.250	0.000	1.00664675
-0.550	0.250	0.000	1.00790489
-0.450	0.250	0.000	1.00863230
-0.350	0.250	0.000	1.00816381
-0.250	0.250	0.000	1.00672078
-0.150	0.250	0.000	1.00466979
-0.050	0.250	0.000	1.00312042
0.050	0.250	0.000	1.00286198
0.150	0.250	0.000	1.00310624
0.250	0.250	0.000	1.00397813
0.350	0.250	0.000	1.00496316
0.450	0.250	0.000	1.00603211
0.550	0.250	0.000	1.00705099
0.650	0.250	0.000	1.00778270
0.750	0.250	0.000	1.00814080
0.850	0.250	0.000	1.00818598
0.950	0.250	0.000	1.00729191
1.050	0.250	0.000	1.00629783
1.150	0.250	0.000	1.00538790
1.250	0.250	0.000	1.00473261
1.350	0.250	0.000	1.00437558
1.450	0.250	0.000	1.00405300
1.550	0.250	0.000	1.00393057
1.650	0.250	0.000	1.00373781
1.750	0.250	0.000	1.00389934
1.850	0.250	0.000	1.00355244
1.950	0.250	0.000	1.00397873
2.050	0.250	0.000	1.00438750
2.150	0.250	0.000	1.00658596
2.250	0.250	0.000	1.00663960
2.350	0.250	0.000	1.00845397
2.450	0.250	0.000	1.00752246
-2.450	0.350	0.000	1.00096762
-2.350	0.350	0.000	1.00056207
-2.250	0.350	0.000	1.00027609
-2.150	0.350	0.000	1.00006413
-2.050	0.350	0.000	1.00021994
-1.950	0.350	0.000	1.00011969
-1.850	0.350	0.000	1.00021517
-1.750	0.350	0.000	1.00015831
-1.650	0.350	0.000	1.00028014
-1.550	0.350	0.000	1.00038540
-1.450	0.350	0.000	1.00062668
-1.350	0.350	0.000	1.00105298
-1.250	0.350	0.000	1.00176501
-1.150	0.350	0.000	1.00256824
-1.050	0.350	0.000	1.00341558
-0.950	0.350	0.000	1.00426507
-0.850	0.350	0.000	1.00476766
-0.750	0.350	0.000	1.00581658
-0.650	0.350	0.000	1.00649190
-0.550	0.350	0.000	1.00774622
-0.450	0.350	0.000	1.00790286
-0.350	0.350	0.000	1.00707626
-0.250	0.350	0.000	1.00527430
-0.150	0.350	0.000	1.00317383
-0.050	0.350	0.000	1.00167692
0.050	0.350	0.000	1.00142908
0.150	0.350	0.000	1.00167727
0.250	0.350	0.000	1.00238431
0.350	0.350	0.000	1.00327635
0.450	0.350	0.000	1.00444198
0.550	0.350	0.000	1.00561452
0.650	0.350	0.000	1.00687122
0.750	0.350	0.000	1.00740981
0.850	0.350	0.000	1.00792372
0.950	0.350	0.000	1.00757766
1.050	0.350	0.000	1.00685549
1.150	0.350	0.000	1.00615251
1.250	0.350	0.000	1.00536358
1.350	0.350	0.000	1.00493264
1.450	0.350	0.000	1.00438058
1.550	0.350	0.000	1.00385213
1.650	0.350	0.000	1.00341392
1.750	0.350	0.000	1.00352144
1.850	0.350	0.000	1.00318658
1.950	0.350	0.000	1.00373018
2.050	0.350	0.000	1.00409865
2.150	0.350	0.000	1.00659096
2.250	0.350	0.000	1.00663877
2.350	0.350	0.000	1.00851071
2.450	0.350	0.000	1.00819671
-2.450	0.450	0.000	1.00062728
-2.350	0.450	0.000	1.00031543
-2.250	0.450	0.000	1.00016534
-2.150	0.450	0.000	1.00001431
-2.050	0.450	0.000	1.00015998
-1.950	0.450	0.000	1.00007153
-1.850	0.450	0.000	1.00021636
-1.750	0.450	0.000	1.00019598
-1.650	0.450	0.000	1.00030780
-1.550	0.450	0.000	1.00042486
-1.450	0.450	0.000	1.00069332
-1.350	0.450	0.000	1.00109684
-1.250	0.450	0.000	1.00167298
-1.150	0.450	0.000	1.00257552
-1.050	0.450	0.000	1.00342095
-0.950	0.450	0.000	1.00419998
-0.850	0.450	0.000	1.00498331
-0.750	0.450	0.000	1.00594842
-0.650	0.450	0.000	1.00650084
-0.550	0.450	0.000	1.00759411
-0.450	0.450	0.000	1.00763857
-0.350	0.450	0.000	1.00658619
-0.250	0.450	0.000	1.00444841
-0.150	0.450	0.000	1.00227690
-0.050	0.450	0.000	1.00086832
0.050	0.450	0.000	1.00060070
0.150	0.450	0.000	1.00076711
0.250	0.450	0.000	1.00132990
0.350	0.450	0.000	1.00208211
0.450	0.450	0.000	1.00315940
0.550	0.450	0.000	1.00434101
0.650	0.450	0.000	1.00580764
0.750	0.450	0.000	1.00662088
0.850	0.450	0.000	1.00740230
0.950	0.450	0.000	1.00755656
1.050	0.450	0.000	1.00702369
1.150	0.450	0.000	1.00663376
1.250	0.450	0.000	1.00599551
1.350	0.450	0.000	1.00541103
1.450	0.450	0.000	1.00473166
1.550	0.450	0.000	1.00408947
1.650	0.450	0.000	1.00337911
1.750	0.450	0.000	1.00322664
1.850	0.450	0.000	1.00259650
1.950	0.450	0.000	1.00308025
2.050	0.450	0.000	1.00324106
2.150	0.450	0.000	1.00571764
2.250	0.450	0.000	1.00570786
2.350	0.450	0.000	1.00730515
2.450	0.450	0.000	1.00789082
-2.450	0.550	0.000	1.00035453
-2.350	0.550	0.000	1.00013566
-2.250	0.550	0.000	1.00004780
-2.150	0.550	0.000	1.00000978
-2.050	0.550	0.000	1.00017798
-1.950	0.550	0.000	1.00009441
-1.850	0.550	0.000	1.00022519
-1.750	0.550	0.000	1.00022030
-1.650	0.550	0.000	1.00036347
-1.550	0.550	0.000	1.00045574
-1.450	0.550	0.000	1.00065613
-1.350	0.550	0.000	1.00101626
-1.250	0.550	0.000	1.00161529
-1.150	0.550	0.000	1.00234914
-1.050	0.550	0.000	1.00311780
-0.950	0.550	0.000	1.00418270
-0.850	0.550	0.000	1.00520754
-0.750	0.550	0.000	1.00621486
-0.650	0.550	0.000	1.00711203
-0.550	0.550	0.000	1.00795376
-0.450	0.550	0.000	1.00749648
-0.350	0.550	0.000	1.00620461
-0.250	0.550	0.000	1.00390673
-0.150	0.550	0.000	1.00172555
-0.050	0.550	0.000	1.00048208
0.050	0.550	0.000	1.00025070
0.150	0.550	0.000	1.00037992
0.250	0.550	0.000	1.00077689
0.350	0.550	0.000	1.00133991
0.450	0.550	0.000	1.00227988
0.550	0.550	0.000	1.00346661
0.650	0.550	0.000	1.00490582
0.750	0.550	0.000	1.00604820
0.850	0.550	0.000	1.00674903
0.950	0.550	0.000	1.00733829
1.050	0.550	0.000	1.00724971
1.150	0.550	0.000	1.00703359
1.250	0.550	0.000	1.00653493
1.350	0.550	0.000	1.00592637
1.450	0.550	0.000	1.00499499
1.550	0.550	0.000	1.00404871
1.650	0.550	0.000	1.00312412
1.750	0.550	0.000	1.00293767
1.850	0.550	0.000	1.00228775
1.950	0.550	0.000	1.00280225
2.050	0.550	0.000	1.00278711
2.150	0.550	0.000	1.00514996
2.250	0.550	0.000	1.00520313
2.350	0.550	0.000	1.00603294
2.450	0.550	0.000	1.00708365
-2.450	0.650	0.000	1.00017869
-2.350	0.650	0.000	1.00002980
-2.250	0.650	0.000	1.00007200
-2.150	0.650	0.000	1.00005019
-2.050	0.650	0.000	1.00024247
-1.950	0.650	0.000	1.00015700
-1.850	0.650	0.000	1.00032306
-1.750	0.650	0.000	1.00031853
-1.650	0.650	0.000	1.00039768
-1.550	0.650	0.000	1.00045502
-1.450	0.650	0.000	1.00064802
-1.350	0.650	0.000	1.00094867
-1.250	0.650	0.000	1.00143969
-1.150	0.650	0.000	1.00217664
-1.050	0.650	0.000	1.00297248
-0.950	0.650	0.000	1.00405002
-0.850	0.650	0.000	1.00520277
-0.750	0.650	0.000	1.00653613
-0.650	0.650	0.000	1.00780702
-0.550	0.650	0.000	1.00855458
-0.450	0.650	0.000	1.00800514
-0.350	0.650	0.000	1.00618815
-0.250	0.650	0.000	1.00341022
-0.150	0.650	0.000	1.00130141
-0.050	0.650	0.000	1.00022531
0.050	0.650	0.000	1.00010777
0.150	0.650	0.000	1.00021648
0.250	0.650	0.000	1.00045133
0.350	0.650	0.000	1.00088477
0.450	0.650	0.000	1.00162351
0.550	0.650	0.000	1.00275385
0.650	0.650	0.000	1.00405097
0.750	0.650	0.000	1.00547993
0.850	0.650	0.000	1.00628352
0.950	0.650	0.000	1.00698924
1.050	0.650	0.000	1.00725567
1.150	0.650	0.000	1.00717187
1.250	0.650	0.000	1.00695598
1.350	0.650	0.000	1.00646031
1.450	0.650	0.000	1.00544655
1.550	0.650	0.000	1.00437593
1.650	0.650	0.000	1.00311792
1.750	0.650	0.000	1.00274253
1.850	0.650	0.000	1.00193167
1.950	0.650	0.000	1.00243914
2.050	0.650	0.000	1.00239551
2.150	0.650	0.000	1.00462258
2.250	0.650	0.000	1.00478685
2.350	0.650	0.000	1.00498855
2.450	0.650	0.000	1.00595319
-2.450	0.750	0.000	1.00008845
-2.350	0.750	0.000	1.00001681
-2.250	0.750	0.000	1.00005341
-2.150	0.750	0.000	1.00014448
-2.050	0.750	0.000	1.00025284
-1.950	0.750	0.000	1.00023150
-1.850	0.750	0.000	1.00037766
-1.750	0.750	0.000	1.00033855
-1.650	0.750	0.000	1.00044346
-1.550	0.750	0.000	1.00046241
-1.450	0.750	0.000	1.00056481
-1.350	0.750	0.000	1.00079191
-1.250	0.750	0.000	1.00126708
-1.150	0.750	0.000	1.00182128
-1.050	0.750	0.000	1.00260723
-0.950	0.750	0.000	1.00380611
-0.850	0.750	0.000	1.00512803
-0.750	0.750	0.000	1.00676799
-0.650	0.750	0.000	1.00857329
-0.550	0.750	0.000	1.00922298
-0.450	0.750	0.000	1.00829697
-0.350	0.750	0.000	1.00623918
-0.250	0.750	0.000	1.00317538
-0.150	0.750	0.000	1.00108266
-0.050	0.750	0.000	1.00016046
0.050	0.750	0.000	1.00014150
0.150	0.750	0.000	1.00023222
0.250	0.750	0.000	1.00034130
0.350	0.750	0.000	1.00064337
0.450	0.750	0.000	1.00124395
0.550	0.750	0.000	1.00226736
0.650	0.750	0.000	1.00355041
0.750	0.750	0.000	1.00499403
0.850	0.750	0.000	1.00599289
0.950	0.750	0.000	1.00682509
1.050	0.750	0.000	1.00743449
1.150	0.750	0.000	1.00748098
1.250	0.750	0.000	1.00719106
1.350	0.750	0.000	1.00671005
1.450	0.750	0.000	1.00561702
1.550	0.750	0.000	1.00446677
1.650	0.750	0.000	1.00310147
1.750	0.750	0.000	1.00270557
1.850	0.750	0.000	1.00186098
1.950	0.750	0.000	1.00233305
2.050	0.750	0.000	1.00226247
2.150	0.750	0.000	1.00423026
2.250	0.750	0.000	1.00444877
2.350	0.750	0.000	1.00458860
2.450	0.750	0.000	1.00545263
-2.450	0.850	0.000	1.00006425
-2.350	0.850	0.000	1.00001085
-2.250	0.850	0.000	1.00012374
-2.150	0.850	0.000	1.00021482
-2.050	0.850	0.000	1.00027978
-1.950	0.850	0.000	1.00029683
-1.850	0.850	0.000	1.00037432
-1.750	0.850	0.000	1.00039756
-1.650	0.850	0.000	1.00042772
-1.550	0.850	0.000	1.00041854
-1.450	0.850	0.000	1.00057435
-1.350	0.850	0.000	1.00077176
-1.250	0.850	0.000	1.00109363
-1.150	0.850	0.000	1.00165212
-1.050	0.850	0.000	1.00241756
-0.950	0.850	0.000	1.00343752
-0.850	0.850	0.000	1.00481927
-0.750	0.850	0.000	1.00678170
-0.650	0.850	0.000	1.00910568
-0.550	0.850	0.000	1.01004016
-0.450	0.850	0.000	1.00893033
-0.350	0.850	0.000	1.00633872
-0.250	0.850	0.000	1.00287950
-0.150	0.850	0.000	1.00085640
-0.050	0.850	0.000	1.00012100
0.050	0.850	0.000	1.00018907
0.150	0.850	0.000	1.00034606
0.250	0.850	0.000	1.00032401
0.350	0.850	0.000	1.00051224
0.450	0.850	0.000	1.00091112
0.550	0.850	0.000	1.00178123
0.650	0.850	0.000	1.00289428
0.750	0.850	0.000	1.00434780
0.850	0.850	0.000	1.00551414
0.950	0.850	0.000	1.00646031
1.050	0.850	0.000	1.00722480
1.150	0.850	0.000	1.00760913
1.250	0.850	0.000	1.00757027
1.350	0.850	0.000	1.00722039
1.450	0.850	0.000	1.00615096
1.550	0.850	0.000	1.00497496
1.650	0.850	0.000	1.00343394
1.750	0.850	0.000	1.00295067
1.850	0.850	0.000	1.00203395
1.950	0.850	0.000	1.00248575
2.050	0.850	0.000	1.00245798
2.150	0.850	0.000	1.00421381
2.250	0.850	0.000	1.00437355
2.350	0.850	0.000	1.00446272
2.450	0.850	0.000	1.00516844
-2.450	0.950	0.000	1.00005436
-2.350	0.950	0.000	1.00003648
-2.250	0.950	0.000	1.00012970
-2.150	0.950	0.000	1.00024736
-2.050	0.950	0.000	1.00032020
-1.950	0.950	0.000	1.00038409
-1.850	0.950	0.000	1.00041735
-1.750	0.950	0.000	1.00039065
-1.650	0.950	0.000	1.00038373
-1.550	0.950	0.000	1.00036526
-1.450	0.950	0.000	1.00048149
-1.350	0.950	0.000	1.00064194
-1.250	0.950	0.000	1.00096452
-1.150	0.950	0.000	1.00140333
-1.050	0.950	0.000	1.00214589
-0.950	0.950	0.000	1.00312257
-0.850	0.950	0.000	1.00459111
-0.750	0.950	0.000	1.00645983
-0.650	0.950	0.000	1.00909758
-0.550	0.950	0.000	1.01049113
-0.450	0.950	0.000	1.00935483
-0.350	0.950	0.000	1.00651157
-0.250	0.950	0.000	1.00287402
-0.150	0.950	0.000	1.00084496
-0.050	0.950	0.000	1.00022697
0.050	0.950	0.000	1.00030911
0.150	0.950	0.000	1.00049448
0.250	0.950	0.000	1.00036287
0.350	0.950	0.000	1.00048411
0.450	0.950	0.000	1.00082958
0.550	0.950	0.000	1.00165534
0.650	0.950	0.000	1.00277269
0.750	0.950	0.000	1.00412726
0.850	0.950	0.000	1.00540423
0.950	0.950	0.000	1.00633395
1.050	0.950	0.000	1.00717747
1.150	0.950	0.000	1.00772929
1.250	0.950	0.000	1.00762343
1.350	0.950	0.000	1.00735044
1.450	0.950	0.000	1.00647092
1.550	0.950	0.000	1.00535679
1.650	0.950	0.000	1.00375652
1.750	0.950	0.000	1.00329363
1.850	0.950	0.000	1.00243247
1.950	0.950	0.000	1.00295186
2.050	0.950	0.000	1.00303161
2.150	0.950	0.000	1.00456762
2.250	0.950	0.000	1.00455487
2.350	0.950	0.000	1.00480628
2.450	0.950	0.000	1.00524390
-2.450	1.050	0.000	1.00014257
-2.350	1.050	0.000	1.00012350
-2.250	1.050	0.000	1.00023580
-2.150	1.050	0.000	1.00034952
-2.050	1.050	0.000	1.00036466
-1.950	1.050	0.000	1.00044835
-1.850	1.050	0.000	1.00041175
-1.750	1.050	0.000	1.00040329
-1.650	1.050	0.000	1.00034499
-1.550	1.050	0.000	1.00034928
-1.450	1.050	0.000	1.00045931
-1.350	1.050	0.000	1.00056863
-1.250	1.050	0.000	1.00078571
-1.150	1.050	0.000	1.00121522
-1.050	1.050	0.000	1.00196564
-0.950	1.050	0.000	1.00279725
-0.850	1.050	0.000	1.00419724
-0.750	1.050	0.000	1.00631368
-0.650	1.050	0.000	1.00904012
-0.550	1.050	0.000	1.01040089
-0.450	1.050	0.000	1.00917649
-0.350	1.050	0.000	1.00613105
-0.250	1.050	0.000	1.00259769
-0.150	1.050	0.000	1.00076771
-0.050	1.050	0.000	1.00026584
0.050	1.050	0.000	1.00036013
0.150	1.050	0.000	1.00054038
0.250	1.050	0.000	1.00038493
0.350	1.050	0.000	1.00038290
0.450	1.050	0.000	1.00065172
0.550	1.050	0.000	1.00134516
0.650	1.050	0.000	1.00240576
0.750	1.050	0.000	1.00375676
0.850	1.050	0.000	1.00519955
0.950	1.050	0.000	1.00629163
1.050	1.050	0.000	1.00716484
1.150	1.050	0.000	1.00797784
1.250	1.050	0.000	1.00811803
1.350	1.050	0.000	1.00797415
1.450	1.050	0.000	1.00717676
1.550	1.050	0.000	1.00624967
1.650	1.050	0.000	1.00467312
1.750	1.050	0.000	1.00421321
1.850	1.050	0.000	1.00330937
1.950	1.050	0.000	1.00370681
2.050	1.050	0.000	1.00366318
2.150	1.050	0.000	1.00488031
2.250	1.050	0.000	1.00468028
2.350	1.050	0.000	1.00495160
2.450	1.050	0.000	1.00509202
-2.450	1.150	0.000	1.00028813
-2.350	1.150	0.000	1.00025165
-2.250	1.150	0.000	1.00026798
-2.150	1.150	0.000	1.00043917
-2.050	1.150	0.000	1.00039089
-1.950	1.150	0.000	1.00048494
-1.850	1.150	0.000	1.00037730
-1.750	1.150	0.000	1.00038707
-1.650	1.150	0.000	1.00034022
-1.550	1.150	0.000	1.00038314
-1.450	1.150	0.000	1.00044739
-1.350	1.150	0.000	1.00051880
-1.250	1.150	0.000	1.00072241
-1.150	1.150	0.000	1.00112438
-1.050	1.150	0.000	1.00178850
-0.950	1.150	0.000	1.00254548
-0.850	1.150	0.000	1.00394475
-0.750	1.150	0.000	1.00596929
-0.650	1.150	0.000	1.00866508
-0.550	1.150	0.000	1.01006544
-0.450	1.150	0.000	1.00876951
-0.350	1.150	0.000	1.00571406
-0.250	1.150	0.000	1.00244963
-0.150	1.150	0.000	1.00078869
-0.050	1.150	0.000	1.00031865
0.050	1.150	0.000	1.00041962
0.150	1.150	0.000	1.00054193
0.250	1.150	0.000	1.00036228
0.350	1.150	0.000	1.00034249
0.450	1.150	0.000	1.00060236
0.550	1.150	0.000	1.00126791
0.650	1.150	0.000	1.00231385
0.750	1.150	0.000	1.00362837
0.850	1.150	0.000	1.00511467
0.950	1.150	0.000	1.00630784
1.050	1.150	0.000	1.00720930
1.150	1.150	0.000	1.00802803
1.250	1.150	0.000	1.00808799
1.350	1.150	0.000	1.00792897
1.450	1.150	0.000	1.00726044
1.550	1.150	0.000	1.00655794
1.650	1.150	0.000	1.00515699
1.750	1.150	0.000	1.00493419
1.850	1.150	0.000	1.00419354
1.950	1.150	0.000	1.00448346
2.050	1.150	0.000	1.00450468
2.150	1.150	0.000	1.00559473
2.250	1.150	0.000	1.00536668
2.350	1.150	0.000	1.00582683
2.450	1.150	0.000	1.00569057
-2.450	1.250	0.000	1.00110793
-2.350	1.250	0.000	1.00028396
-2.250	1.250	0.000	1.00028241
-2.150	1.250	0.000	1.00057340
-2.050	1.250	0.000	1.00048316
-1.950	1.250	0.000	1.00056863
-1.850	1.250	0.000	1.00043344
-1.750	1.250	0.000	1.00048137
-1.650	1.250	0.000	1.00043094
-1.550	1.250	0.000	1.00043130
-1.450	1.250	0.000	1.00046527
-1.350	1.250	0.000	1.00054228
-1.250	1.250	0.000	1.00074923
-1.150	1.250	0.000	1.00110888
-1.050	1.250	0.000	1.00174630
-0.950	1.250	0.000	1.00245726
-0.850	1.250	0.000	1.00384533
-0.750	1.250	0.000	1.00610054
-0.650	1.250	0.000	1.00838387
-0.550	1.250	0.000	1.00914109
-0.450	1.250	0.000	1.00749063
-0.350	1.250	0.000	1.00463474
-0.250	1.250	0.000	1.00201440
-0.150	1.250	0.000	1.00071180
-0.050	1.250	0.000	1.00030625
0.050	1.250	0.000	1.00033498
0.150	1.250	0.000	1.00044811
0.250	1.250	0.000	1.00027180
0.350	1.250	0.000	1.00020170
0.450	1.250	0.000	1.00044882
0.550	1.250	0.000	1.00108194
0.650	1.250	0.000	1.00211084
0.750	1.250	0.000	1.00343335
0.850	1.250	0.000	1.00494015
0.950	1.250	0.000	1.00630093
1.050	1.250	0.000	1.00735915
1.150	1.250	0.000	1.00831926
1.250	1.250	0.000	1.00877810
1.350	1.250	0.000	1.00878441
1.450	1.250	0.000	1.00821996
1.550	1.250	0.000	1.00762856
1.650	1.250	0.000	1.00630176
1.750	1.250	0.000	1.00600278
1.850	1.250	0.000	1.00526464
1.950	1.250	0.000	1.00548029
2.050	1.250	0.000	1.00546920
2.150	1.250	0.000	1.00638485
2.250	1.250	0.000	1.00615847
2.350	1.250	0.000	1.00679541
2.450	1.250	0.000	1.00624228
-2.450	1.350	0.000	1.00255215
-2.350	1.350	0.000	1.00109196
-2.250	1.350	0.000	1.00049341
-2.150	1.350	0.000	1.00052547
-2.050	1.350	0.000	1.00051546
-1.950	1.350	0.000	1.00068176
-1.850	1.350	0.000	1.00051713
-1.750	1.350	0.000	1.00051677
-1.650	1.350	0.000	1.00047338
-1.550	1.350	0.000	1.00046027
-1.450	1.350	0.000	1.00050914
-1.350	1.350	0.000	1.00063455
-1.250	1.350	0.000	1.00089025
-1.150	1.350	0.000	1.00129521
-1.050	1.350	0.000	1.00195861
-0.950	1.350	0.000	1.00269198
-0.850	1.350	0.000	1.00423944
-0.750	1.350	0.000	1.00629210
-0.650	1.350	0.000	1.00764465
-0.550	1.350	0.000	1.00784445
-0.450	1.350	0.000	1.00609851
-0.350	1.350	0.000	1.00377655
-0.250	1.350	0.000	1.00184655
-0.150	1.350	0.000	1.00071764
-0.050	1.350	0.000	1.00028634
0.050	1.350	0.000	1.00028670
0.150	1.350	0.000	1.00033331
0.250	1.350	0.000	1.00016630
0.350	1.350	0.000	1.00012171
0.450	1.350	0.000	1.00040603
0.550	1.350	0.000	1.00105464
0.650	1.350	0.000	1.00207317
0.750	1.350	0.000	1.00340438
0.850	1.350	0.000	1.00485384
0.950	1.350	0.000	1.00623918
1.050	1.350	0.000	1.00728536
1.150	1.350	0.000	1.00811613
1.250	1.350	0.000	1.00861275
1.350	1.350	0.000	1.00884521
1.450	1.350	0.000	1.00860322
1.550	1.350	0.000	1.00834179
1.650	1.350	0.000	1.00726414
1.750	1.350	0.000	1.00703239
1.850	1.350	0.000	1.00639093
1.950	1.350	0.000	1.00663912
2.050	1.350	0.000	1.00676274
2.150	1.350	0.000	1.00762880
2.250	1.350	0.000	1.00753200
2.350	1.350	0.000	1.00847912
2.450	1.350	0.000	1.00752485
-2.450	1.450	0.000	1.00476956
-2.350	1.450	0.000	1.00347877
-2.250	1.450	0.000	1.00226700
-2.150	1.450	0.000	1.00112712
-2.050	1.450	0.000	1.00050354
-1.950	1.450	0.000	1.00049639
-1.850	1.450	0.000	1.00041568
-1.750	1.450	0.000	1.00059974
-1.650	1.450	0.000	1.00056875
-1.550	1.450	0.000	1.00061238
-1.450	1.450	0.000	1.00062513
-1.350	1.450	0.000	1.00079012
-1.250	1.450	0.000	1.00112474
-1.150	1.450	0.000	1.00158620
-1.050	1.450	0.000	1.00220156
-0.950	1.450	0.000	1.00302649
-0.850	1.450	0.000	1.00437784
-0.750	1.450	0.000	1.00573623
-0.650	1.450	0.000	1.00625157
-0.550	1.450	0.000	1.00608647
-0.450	1.450	0.000	1.00462294
-0.350	1.450	0.000	1.00299084
-0.250	1.450	0.000	1.00164628
-0.150	1.450	0.000	1.00072038
-0.050	1.450	0.000	1.00025165
0.050	1.450	0.000	1.00016761
0.150	1.450	0.000	1.00018191
0.250	1.450	0.000	1.00007510
0.350	1.450	0.000	1.00004053
0.450	1.450	0.000	1.00034070
0.550	1.450	0.000	1.00101316
0.650	1.450	0.000	1.00204480
0.750	1.450	0.000	1.00340426
0.850	1.450	0.000	1.00489783
0.950	1.450	0.000	1.00644016
1.050	1.450	0.000	1.00756836
1.150	1.450	0.000	1.00858235
1.250	1.450	0.000	1.00925839
1.350	1.450	0.000	1.00956821
1.450	1.450	0.000	1.00943601
1.550	1.450	0.000	1.00931716
1.650	1.450	0.000	1.00861394
1.750	1.450	0.000	1.00846601
1.850	1.450	0.000	1.00785244
1.950	1.450	0.000	1.00808465
2.050	1.450	0.000	1.00801384
2.150	1.450	0.000	1.00873911
2.250	1.450	0.000	1.00862134
2.350	1.450	0.000	1.00965345
2.450	1.450	0.000	1.00815105
-2.450	1.550	0.000	1.00646853
-2.350	1.550	0.000	1.00650847
-2.250	1.550	0.000	1.00549793
-2.150	1.550	0.000	1.00427127
-2.050	1.550	0.000	1.00250077
-1.950	1.550	0.000	1.00124156
-1.850	1.550	0.000	1.00045621
-1.750	1.550	0.000	1.00035751
-1.650	1.550	0.000	1.00035906
-1.550	1.550	0.000	1.00043881
-1.450	1.550	0.000	1.00060058
-1.350	1.550	0.000	1.00081062
-1.250	1.550	0.000	1.00124156
-1.150	1.550	0.000	1.00170112
-1.050	1.550	0.000	1.00239933
-0.950	1.550	0.000	1.00307226
-0.850	1.550	0.000	1.00416446
-0.750	1.550	0.000	1.00472414
-0.650	1.550	0.000	1.00471330
-0.550	1.550	0.000	1.00450683
-0.450	1.550	0.000	1.00378788
-0.350	1.550	0.000	1.00281727
-0.250	1.550	0.000	1.00178289
-0.150	1.550	0.000	1.00087965
-0.050	1.550	0.000	1.00028110
0.050	1.550	0.000	1.00008810
0.150	1.550	0.000	1.00007141
0.250	1.550	0.000	1.00001073
0.350	1.550	0.000	1.00005651
0.450	1.550	0.000	1.00041044
0.550	1.550	0.000	1.00113451
0.650	1.550	0.000	1.00217259
0.750	1.550	0.000	1.00346947
0.850	1.550	0.000	1.00488365
0.950	1.550	0.000	1.00633717
1.050	1.550	0.000	1.00741577
1.150	1.550	0.000	1.00837362
1.250	1.550	0.000	1.00915122
1.350	1.550	0.000	1.00968790
1.450	1.550	0.000	1.00978744
1.550	1.550	0.000	1.01001811
1.650	1.550	0.000	1.00972831
1.750	1.550	0.000	1.00976360
1.850	1.550	0.000	1.00920057
1.950	1.550	0.000	1.00941873
2.050	1.550	0.000	1.00919485
2.150	1.550	0.000	1.00983429
2.250	1.550	0.000	1.00967515
2.350	1.550	0.000	1.01055562
2.450	1.550	0.000	1.00847638
-2.450	1.650	0.000	1.00741327
-2.350	1.650	0.000	1.00872779
-2.250	1.650	0.000	1.00857282
-2.150	1.650	0.000	1.00824153
-2.050	1.650	0.000	1.00688636
-1.950	1.650	0.000	1.00505054
-1.850	1.650	0.000	1.00296462
-1.750	1.650	0.000	1.00166345
-1.650	1.650	0.000	1.00067818
-1.550	1.650	0.000	1.00037515
-1.450	1.650	0.000	1.00038445
-1.350	1.650	0.000	1.00064003
-1.250	1.650	0.000	1.00106883
-1.150	1.650	0.000	1.00153327
-1.050	1.650	0.000	1.00211215
-0.950	1.650	0.000	1.00253046
-0.850	1.650	0.000	1.00309813
-0.750	1.650	0.000	1.00327873
-0.650	1.650	0.000	1.00341666
-0.550	1.650	0.000	1.00354755
-0.450	1.650	0.000	1.00338697
-0.350	1.650	0.000	1.00276172
-0.250	1.650	0.000	1.00196779
-0.150	1.650	0.000	1.00109625
-0.050	1.650	0.000	1.00042307
0.050	1.650	0.000	1.00008190
0.150	1.650	0.000	1.00000823
0.250	1.650	0.000	1.00001085
0.350	1.650	0.000	1.00010169
0.450	1.650	0.000	1.00052857
0.550	1.650	0.000	1.00130665
0.650	1.650	0.000	1.00234592
0.750	1.650	0.000	1.00368071
0.850	1.650	0.000	1.00515282
0.950	1.650	0.000	1.00669634
1.050	1.650	0.000	1.00790346
1.150	1.650	0.000	1.00894320
1.250	1.650	0.000	1.00974631
1.350	1.650	0.000	1.01044226
1.450	1.650	0.000	1.01084185
1.550	1.650	0.000	1.01118457
1.650	1.650	0.000	1.01098526
1.750	1.650	0.000	1.01099551
1.850	1.650	0.000	1.01053309
1.950	1.650	0.000	1.01065898
2.050	1.650	0.000	1.01026487
2.150	1.650	0.000	1.01051331
2.250	1.650	0.000	1.00960517
2.350	1.650	0.000	1.00995421
2.450	1.650	0.000	1.00743985
-2.450	1.750	0.000	1.00732422
-2.350	1.750	0.000	1.00964034
-2.250	1.750	0.000	1.01021385
-2.150	1.750	0.000	1.01091588
-2.050	1.750	0.000	1.01060581
-1.950	1.750	0.000	1.00985599
-1.850	1.750	0.000	1.00781524
-1.750	1.750	0.000	1.00622261
-1.650	1.750	0.000	1.00389338
-1.550	1.750	0.000	1.00261199
-1.450	1.750	0.000	1.00164878
-1.350	1.750	0.000	1.00140226
-1.250	1.750	0.000	1.00136662
-1.150	1.750	0.000	1.00155377
-1.050	1.750	0.000	1.00192440
-0.950	1.750	0.000	1.00213957
-0.850	1.750	0.000	1.00254524
-0.750	1.750	0.000	1.00283229
-0.650	1.750	0.000	1.00326478
-0.550	1.750	0.000	1.00368023
-0.450	1.750	0.000	1.00368655
-0.350	1.750	0.000	1.00325835
-0.250	1.750	0.000	1.00244868
-0.150	1.750	0.000	1.00151455
-0.050	1.750	0.000	1.00062275
0.050	1.750	0.000	1.00015318
0.150	1.750	0.000	1.00002396
0.250	1.750	0.000	1.00008261
0.350	1.750	0.000	1.00029182
0.450	1.750	0.000	1.00078821
0.550	1.750	0.000	1.00155544
0.650	1.750	0.000	1.00249219
0.750	1.750	0.000	1.00363767
0.850	1.750	0.000	1.00490975
0.950	1.750	0.000	1.00637460
1.050	1.750	0.000	1.00773752
1.150	1.750	0.000	1.00893593
1.250	1.750	0.000	1.00987720
1.350	1.750	0.000	1.01084018
1.450	1.750	0.000	1.01145697
1.550	1.750	0.000	1.01193452
1.650	1.750	0.000	1.01192808
1.750	1.750	0.000	1.01207399
1.850	1.750	0.000	1.01158416
1.950	1.750	0.000	1.01157224
2.050	1.750	0.000	1.01100147
2.150	1.750	0.000	1.01091790
2.250	1.750	0.000	1.00946581
2.350	1.750	0.000	1.00930524
2.450	1.750	0.000	1.00642133
-2.450	1.850	0.000	1.00619829
-2.350	1.850	0.000	1.00864351
-2.250	1.850	0.000	1.00949681
-2.150	1.850	0.000	1.01121628
-2.050	1.850	0.000	1.01185930
-1.950	1.850	0.000	1.01249135
-1.850	1.850	0.000	1.01165724
-1.750	1.850	0.000	1.01110363
-1.650	1.850	0.000	1.00899422
-1.550	1.850	0.000	1.00739706
-1.450	1.850	0.000	1.00567853
-1.350	1.850	0.000	1.00484788
-1.250	1.850	0.000	1.00398338
-1.150	1.850	0.000	1.00374758
-1.050	1.850	0.000	1.00368965
-0.950	1.850	0.000	1.00371003
-0.850	1.850	0.000	1.00392234
-0.750	1.850	0.000	1.00418723
-0.650	1.850	0.000	1.00444114
-0.550	1.850	0.000	1.00484526
-0.450	1.850	0.000	1.00471199
-0.350	1.850	0.000	1.00417602
-0.250	1.850	0.000	1.00328934
-0.150	1.850	0.000	1.00223184
-0.050	1.850	0.000	1.00117445
0.050	1.850	0.000	1.00045395
0.150	1.850	0.000	1.00018466
0.250	1.850	0.000	1.00027454
0.350	1.850	0.000	1.00057542
0.450	1.850	0.000	1.00107658
0.550	1.850	0.000	1.00186884
0.650	1.850	0.000	1.00280631
0.750	1.850	0.000	1.00401461
0.850	1.850	0.000	1.00537217
0.950	1.850	0.000	1.00684071
1.050	1.850	0.000	1.00833774
1.150	1.850	0.000	1.00973225
1.250	1.850	0.000	1.01082230
1.350	1.850	0.000	1.01172769
1.450	1.850	0.000	1.01218617
1.550	1.850	0.000	1.01262116
1.650	1.850	0.000	1.01253331
1.750	1.850	0.000	1.01258206
1.850	1.850	0.000	1.01194870
1.950	1.850	0.000	1.01167023
2.050	1.850	0.000	1.01054168
2.150	1.850	0.000	1.00988698
2.250	1.850	0.000	1.00788844
2.350	1.850	0.000	1.00728524
2.450	1.850	0.000	1.00518763
-2.450	1.950	0.000	1.00540054
-2.350	1.950	0.000	1.00799775
-2.250	1.950	0.000	1.00862455
-2.150	1.950	0.000	1.01099575
-2.050	1.950	0.000	1.01174331
-1.950	1.950	0.000	1.01323211
-1.850	1.950	0.000	1.01322174
-1.750	1.950	0.000	1.01381886
-1.650	1.950	0.000	1.01270366
-1.550	1.950	0.000	1.01190960
-1.450	1.950	0.000	1.01051474
-1.350	1.950	0.000	1.00981045
-1.250	1.950	0.000	1.00869632
-1.150	1.950	0.000	1.00808406
-1.050	1.950	0.000	1.00770724
-0.950	1.950	0.000	1.00746083
-0.850	1.950	0.000	1.00734794
-0.750	1.950	0.000	1.00725806
-0.650	1.950	0.000	1.00708604
-0.550	1.950	0.000	1.00709569
-0.450	1.950	0.000	1.00677967
-0.350	1.950	0.000	1.00602651
-0.250	1.950	0.000	1.00493753
-0.150	1.950	0.000	1.00368059
-0.050	1.950	0.000	1.00231481
0.050	1.950	0.000	1.00119388
0.150	1.950	0.000	1.00055444
0.250	1.950	0.000	1.00049961
0.350	1.950	0.000	1.00081515
0.450	1.950	0.000	1.00129354
0.550	1.950	0.000	1.00200832
0.650	1.950	0.000	1.00276577
0.750	1.950	0.000	1.00375986
0.850	1.950	0.000	1.00491810
0.950	1.950	0.000	1.00638711
1.050	1.950	0.000	1.00800622
1.150	1.950	0.000	1.00960362
1.250	1.950	0.000	1.01085579
1.350	1.950	0.000	1.01204109
1.450	1.950	0.000	1.01263297
1.550	1.950	0.000	1.01307809
1.650	1.950	0.000	1.01298046
1.750	1.950	0.000	1.01300502
1.850	1.950	0.000	1.01234627
1.950	1.950	0.000	1.01196325
2.050	1.950	0.000	1.01057005
2.150	1.950	0.000	1.00987625
2.250	1.950	0.000	1.00804305
2.350	1.950	0.000	1.00771511
2.450	1.950	0.000	1.00569487
-2.450	2.050	0.000	1.00337470
-2.350	2.050	0.000	1.00582671
-2.250	2.050	0.000	1.00658631
-2.150	2.050	0.000	1.00945413
-2.050	2.050	0.000	1.01020074
-1.950	2.050	0.000	1.01213193
-1.850	2.050	0.000	1.01259279
-1.750	2.050	0.000	1.01407468
-1.650	2.050	0.000	1.01405454
-1.550	2.050	0.000	1.01426470
-1.450	2.050	0.000	1.01364887
-1.350	2.050	0.000	1.01343811
-1.250	2.050	0.000	1.01265812
-1.150	2.050	0.000	1.01213431
-1.050	2.050	0.000	1.01174414
-0.950	2.050	0.000	1.01133776
-0.850	2.050	0.000	1.01104724
-0.750	2.050	0.000	1.01075327
-0.650	2.050	0.000	1.01036572
-0.550	2.050	0.000	1.01009333
-0.450	2.050	0.000	1.00960255
-0.350	2.050	0.000	1.00868380
-0.250	2.050	0.000	1.00736129
-0.150	2.050	0.000	1.00592840
-0.050	2.050	0.000	1.00439537
0.050	2.050	0.000	1.00283384
0.150	2.050	0.000	1.00159633
0.250	2.050	0.000	1.00098968
0.350	2.050	0.000	1.00102520
0.450	2.050	0.000	1.00149238
0.550	2.050	0.000	1.00217581
0.650	2.050	0.000	1.00303876
0.750	2.050	0.000	1.00422251
0.850	2.050	0.000	1.00568199
0.950	2.050	0.000	1.00736260
1.050	2.050	0.000	1.00918186
1.150	2.050	0.000	1.01064479
1.250	2.050	0.000	1.01164818
1.350	2.050	0.000	1.01218104
1.450	2.050	0.000	1.01229358
1.550	2.050	0.000	1.01248801
1.650	2.050	0.000	1.01213408
1.750	2.050	0.000	1.01209819
1.850	2.050	0.000	1.01149225
1.950	2.050	0.000	1.01105630
2.050	2.050	0.000	1.00961816
2.150	2.050	0.000	1.00879717
2.250	2.050	0.000	1.00710750
2.350	2.050	0.000	1.00673342
2.450	2.050	0.000	1.00511122
-2.450	2.150	0.000	1.00309956
-2.350	2.150	0.000	1.00511611
-2.250	2.150	0.000	1.00536847
-2.150	2.150	0.000	1.00806928
-2.050	2.150	0.000	1.00872421
-1.950	2.150	0.000	1.01096892
-1.850	2.150	0.000	1.01167667
-1.750	2.150	0.000	1.01357090
-1.650	2.150	0.000	1.01411211
-1.550	2.150	0.000	1.01504147
-1.450	2.150	0.000	1.01508665
-1.350	2.150	0.000	1.01544118
-1.250	2.150	0.000	1.01514268
-1.150	2.150	0.000	1.01492059
-1.050	2.150	0.000	1.01463962
-0.950	2.150	0.000	1.01426542
-0.850	2.150	0.000	1.01416385
-0.750	2.150	0.000	1.01395035
-0.650	2.150	0.000	1.01364374
-0.550	2.150	0.000	1.01331413
-0.450	2.150	0.000	1.01278210
-0.350	2.150	0.000	1.01187360
-0.250	2.150	0.000	1.01053393
-0.150	2.150	0.000	1.00903332
-0.050	2.150	0.000	1.00749874
0.050	2.150	0.000	1.00580871
0.150	2.150	0.000	1.00406504
0.250	2.150	0.000	1.00251067
0.350	2.150	0.000	1.00159466
0.450	2.150	0.000	1.00144053
0.550	2.150	0.000	1.00180018
0.650	2.150	0.000	1.00246882
0.750	2.150	0.000	1.00348413
0.850	2.150	0.000	1.00488639
0.950	2.150	0.000	1.00653040
1.050	2.150	0.000	1.00839770
1.150	2.150	0.000	1.01024222
1.250	2.150	0.000	1.01144505
1.350	2.150	0.000	1.01220000
1.450	2.150	0.000	1.01231909
1.550	2.150	0.000	1.01258373
1.650	2.150	0.000	1.01259673
1.750	2.150	0.000	1.01278806
1.850	2.150	0.000	1.01212001
1.950	2.150	0.000	1.01156485
2.050	2.150	0.000	1.01008630
2.150	2.150	0.000	1.00933790
2.250	2.150	0.000	1.00747764
2.350	2.150	0.000	1.00708425
2.450	2.150	0.000	1.00573599
-2.450	2.250	0.000	1.00188375
-2.350	2.250	0.000	1.00375438
-2.250	2.250	0.000	1.00367093
-2.150	2.250	0.000	1.00594926
-2.050	2.250	0.000	1.00652659
-1.950	2.250	0.000	1.00870860
-1.850	2.250	0.000	1.00957561
-1.750	2.250	0.000	1.01180732
-1.650	2.250	0.000	1.01285839
-1.550	2.250	0.000	1.01416326
-1.450	2.250	0.000	1.01465404
-1.350	2.250	0.000	1.01559544
-1.250	2.250	0.000	1.01578438
-1.150	2.250	0.000	1.01586556
-1.050	2.250	0.000	1.01578450
-0.950	2.250	0.000	1.01548529
-0.850	2.250	0.000	1.01563036
-0.750	2.250	0.000	1.01555991
-0.650	2.250	0.000	1.01551592
-0.550	2.250	0.000	1.01545429
-0.450	2.250	0.000	1.01508641
-0.350	2.250	0.000	1.01437140
-0.250	2.250	0.000	1.01329112
-0.150	2.250	0.000	1.01196384
-0.050	2.250	0.000	1.01072681
0.050	2.250	0.000	1.00938439
0.150	2.250	0.000	1.00783908
0.250	2.250	0.000	1.00601518
0.350	2.250	0.000	1.00412798
0.450	2.250	0.000	1.00284111
0.550	2.250	0.000	1.00256693
0.650	2.250	0.000	1.00320053
0.750	2.250	0.000	1.00455165
0.850	2.250	0.000	1.00618601
0.950	2.250	0.000	1.00767982
1.050	2.250	0.000	1.00909722
1.150	2.250	0.000	1.01018393
1.250	2.250	0.000	1.01086581
1.350	2.250	0.000	1.01140559
1.450	2.250	0.000	1.01141655
1.550	2.250	0.000	1.01149738
1.650	2.250	0.000	1.01134562
1.750	2.250	0.000	1.01153541
1.850	2.250	0.000	1.01110709
1.950	2.250	0.000	1.01085603
2.050	2.250	0.000	1.00978470
2.150	2.250	0.000	1.00922453
2.250	2.250	0.000	1.00770962
2.350	2.250	0.000	1.00741243
2.450	2.250	0.000	1.00627589
-2.450	2.350	0.000	1.00146902
-2.350	2.350	0.000	1.00304341
-2.250	2.350	0.000	1.00297523
-2.150	2.350	0.000	1.00508881
-2.050	2.350	0.000	1.00549495
-1.950	2.350	0.000	1.00779700
-1.850	2.350	0.000	1.00868082
-1.750	2.350	0.000	1.01106489
-1.650	2.350	0.000	1.01236224
-1.550	2.350	0.000	1.01391983
-1.450	2.350	0.000	1.01472461
-1.350	2.350	0.000	1.01579940
-1.250	2.350	0.000	1.01616681
-1.150	2.350	0.000	1.01642442
-1.050	2.350	0.000	1.01662099
-0.950	2.350	0.000	1.01630497
-0.850	2.350	0.000	1.01660669
-0.750	2.350	0.000	1.01671779
-0.650	2.350	0.000	1.01694250
-0.550	2.350	0.000	1.01714921
-0.450	2.350	0.000	1.01702476
-0.350	2.350	0.000	1.01651692
-0.250	2.350	0.000	1.01564634
-0.150	2.350	0.000	1.01455009
-0.050	2.350	0.000	1.01363266
0.050	2.350	0.000	1.01283026
0.150	2.350	0.000	1.01190794
0.250	2.350	0.000	1.01063180
0.350	2.350	0.000	1.00862932
0.450	2.350	0.000	1.00620723
0.550	2.350	0.000	1.00415826
0.650	2.350	0.000	1.00340497
0.750	2.350	0.000	1.00403571
0.850	2.350	0.000	1.00564694
0.950	2.350	0.000	1.00760710
1.050	2.350	0.000	1.00963604
1.150	2.350	0.000	1.01097643
1.250	2.350	0.000	1.01188612
1.350	2.350	0.000	1.01268864
1.450	2.350	0.000	1.01302361
1.550	2.350	0.000	1.01325357
1.650	2.350	0.000	1.01291263
1.750	2.350	0.000	1.01291251
1.850	2.350	0.000	1.01237798
1.950	2.350	0.000	1.01193976
2.050	2.350	0.000	1.01060617
2.150	2.350	0.000	1.00989294
2.250	2.350	0.000	1.00829065
2.350	2.350	0.000	1.00795031
2.450	2.350	0.000	1.00691640
-2.450	2.450	0.000	1.00081384
-2.350	2.450	0.000	1.00171232
-2.250	2.450	0.000	1.00171864
-2.150	2.450	0.000	1.00359392
-2.050	2.450	0.000	1.00386143
-1.950	2.450	0.000	1.00606716
-1.850	2.450	0.000	1.00685334
-1.750	2.450	0.000	1.00883031
-1.650	2.450	0.000	1.01012719
-1.550	2.450	0.000	1.01159155
-1.450	2.450	0.000	1.01281774
-1.350	2.450	0.000	1.01390219
-1.250	2.450	0.000	1.01448584
-1.150	2.450	0.000	1.01477075
-1.050	2.450	0.000	1.01518142
-0.950	2.450	0.000	1.01489544
-0.850	2.450	0.000	1.01524353
-0.750	2.450	0.000	1.01548231
-0.650	2.450	0.000	1.01598406
-0.550	2.450	0.000	1.01649094
-0.450	2.450	0.000	1.01670897
-0.350	2.450	0.000	1.01653814
-0.250	2.450	0.000	1.01604116
-0.150	2.450	0.000	1.01538420
-0.050	2.450	0.000	1.01497030
0.050	2.450	0.000	1.01475656
0.150	2.450	0.000	1.01467001
0.250	2.450	0.000	1.01447558
0.350	2.450	0.000	1.01382017
0.450	2.450	0.000	1.01230383
0.550	2.450	0.000	1.01008046
0.650	2.450	0.000	1.00767148
0.750	2.450	0.000	1.00628972
0.850	2.450	0.000	1.00606513
0.950	2.450	0.000	1.00649452
1.050	2.450	0.000	1.00746000
1.150	2.450	0.000	1.00889719
1.250	2.450	0.000	1.01025474
1.350	2.450	0.000	1.01129198
1.450	2.450	0.000	1.01172984
1.550	2.450	0.000	1.01200175
1.650	2.450	0.000	1.01215458
1.750	2.450	0.000	1.01256847
1.850	2.450	0.000	1.01251388
1.950	2.450	0.000	1.01256299
2.050	2.450	0.000	1.01183879
2.150	2.450	0.000	1.01164305
2.250	2.450	0.000	1.01054907
2.350	2.450	0.000	1.01050103
2.450	2.450	0.000	1.00995588
