-2.450	-2.450	0.000	1.00418746
-2.350	-2.450	0.000	1.00318837
-2.250	-2.450	0.000	1.00294602
-2.150	-2.450	0.000	1.00215626
-2.050	-2.450	0.000	1.00207341
-1.950	-2.450	0.000	1.00188279
-1.850	-2.450	0.000	1.00164318
-1.750	-2.450	0.000	1.00114238
-1.650	-2.450	0.000	1.00102031
-1.550	-2.450	0.000	1.00054002
-1.450	-2.450	0.000	1.00066829
-1.350	-2.450	0.000	1.00153935
-1.250	-2.450	0.000	1.00314701
-1.150	-2.450	0.000	1.00458241
-1.050	-2.450	0.000	1.00653934
-0.950	-2.450	0.000	1.00798774
-0.850	-2.450	0.000	1.00921011
-0.750	-2.450	0.000	1.01036668
-0.650	-2.450	0.000	1.01082432
-0.550	-2.450	0.000	1.01041031
-0.450	-2.450	0.000	1.00941944
-0.350	-2.450	0.000	1.00748599
-0.250	-2.450	0.000	1.00478554
-0.150	-2.450	0.000	1.00279975
-0.050	-2.450	0.000	1.00160980
0.050	-2.450	0.000	1.00172091
0.150	-2.450	0.000	1.00294077
0.250	-2.450	0.000	1.00319231
0.350	-2.450	0.000	1.00082302
0.450	-2.450	0.000	1.00148726
0.550	-2.450	0.000	1.00591803
0.650	-2.450	0.000	1.00824738
0.750	-2.450	0.000	1.00818443
0.850	-2.450	0.000	1.00751984
0.950	-2.450	0.000	1.00520980
1.050	-2.450	0.000	1.00354290
1.150	-2.450	0.000	1.00184214
1.250	-2.450	0.000	1.00071347
1.350	-2.450	0.000	1.00016940
1.450	-2.450	0.000	1.00034630
1.550	-2.450	0.000	1.00121915
1.650	-2.450	0.000	1.00263333
1.750	-2.450	0.000	1.00438929
1.850	-2.450	0.000	1.00606596
1.950	-2.450	0.000	1.00848675
2.050	-2.450	0.000	1.01091397
2.150	-2.450	0.000	1.01414263
2.250	-2.450	0.000	1.01703358
2.350	-2.450	0.000	1.01980782
2.450	-2.450	0.000	1.02357662
-2.450	-2.350	0.000	1.00451326
-2.350	-2.350	0.000	1.00363719
-2.250	-2.350	0.000	1.00343227
-2.150	-2.350	0.000	1.00267279
-2.050	-2.350	0.000	1.00254965
-1.950	-2.350	0.000	1.00225854
-1.850	-2.350	0.000	1.00193346
-1.750	-2.350	0.000	1.00147915
-1.650	-2.350	0.000	1.00123942
-1.550	-2.350	0.000	1.00090122
-1.450	-2.350	0.000	1.00100923
-1.350	-2.350	0.000	1.00186741
-1.250	-2.350	0.000	1.00348973
-1.150	-2.350	0.000	1.00491107
-1.050	-2.350	0.000	1.00687206
-0.950	-2.350	0.000	1.00842750
-0.850	-2.350	0.000	1.00962234
-0.750	-2.350	0.000	1.01077259
-0.650	-2.350	0.000	1.01112437
-0.550	-2.350	0.000	1.01060784
-0.450	-2.350	0.000	1.00926936
-0.350	-2.350	0.000	1.00697970
-0.250	-2.350	0.000	1.00423145
-0.150	-2.350	0.000	1.00243771
-0.050	-2.350	0.000	1.00136220
0.050	-2.350	0.000	1.00152302
0.150	-2.350	0.000	1.00275171
0.250	-2.350	0.000	1.00289452
0.350	-2.350	0.000	1.00050235
0.450	-2.350	0.000	1.00097573
0.550	-2.350	0.000	1.00517523
0.650	-2.350	0.000	1.00744557
0.750	-2.350	0.000	1.00755429
0.850	-2.350	0.000	1.00702941
0.950	-2.350	0.000	1.00485003
1.050	-2.350	0.000	1.00333500
1.150	-2.350	0.000	1.00169206
1.250	-2.350	0.000	1.00062609
1.350	-2.350	0.000	1.00005484
1.450	-2.350	0.000	1.00012767
1.550	-2.350	0.000	1.00083137
1.650	-2.350	0.000	1.00202549
1.750	-2.350	0.000	1.00362337
1.850	-2.350	0.000	1.00521886
1.950	-2.350	0.000	1.00756073
2.050	-2.350	0.000	1.01003873
2.150	-2.350	0.000	1.01314926
2.250	-2.350	0.000	1.01617706
2.350	-2.350	0.000	1.01855063
2.450	-2.350	0.000	1.02291143
-2.450	-2.250	0.000	1.00525022
-2.350	-2.250	0.000	1.00450921
-2.250	-2.250	0.000	1.00432265
-2.150	-2.250	0.000	1.00364292
-2.050	-2.250	0.000	1.00350821
-1.950	-2.250	0.000	1.00325203
-1.850	-2.250	0.000	1.00282574
-1.750	-2.250	0.000	1.00241256
-1.650	-2.250	0.000	1.00202072
-1.550	-2.250	0.000	1.00172961
-1.450	-2.250	0.000	1.00181508
-1.350	-2.250	0.000	1.00267398
-1.250	-2.250	0.000	1.00437891
-1.150	-2.250	0.000	1.00584316
-1.050	-2.250	0.000	1.00787604
-0.950	-2.250	0.000	1.00949562
-0.850	-2.250	0.000	1.01073885
-0.750	-2.250	0.000	1.01187396
-0.650	-2.250	0.000	1.01213098
-0.550	-2.250	0.000	1.01142633
-0.450	-2.250	0.000	1.00982201
-0.350	-2.250	0.000	1.00727975
-0.250	-2.250	0.000	1.00436795
-0.150	-2.250	0.000	1.00256884
-0.050	-2.250	0.000	1.00148201
0.050	-2.250	0.000	1.00159371
0.150	-2.250	0.000	1.00271976
0.250	-2.250	0.000	1.00279093
0.350	-2.250	0.000	1.00043702
0.450	-2.250	0.000	1.00108945
0.550	-2.250	0.000	1.00538695
0.650	-2.250	0.000	1.00777531
0.750	-2.250	0.000	1.00794446
0.850	-2.250	0.000	1.00738549
0.950	-2.250	0.000	1.00522935
1.050	-2.250	0.000	1.00361514
1.150	-2.250	0.000	1.00187373
1.250	-2.250	0.000	1.00073707
1.350	-2.250	0.000	1.00009024
1.450	-2.250	0.000	1.00012445
1.550	-2.250	0.000	1.00083303
1.650	-2.250	0.000	1.00202036
1.750	-2.250	0.000	1.00359702
1.850	-2.250	0.000	1.00515044
1.950	-2.250	0.000	1.00731158
2.050	-2.250	0.000	1.00964868
2.150	-2.250	0.000	1.01249123
2.250	-2.250	0.000	1.01556087
2.350	-2.250	0.000	1.01784289
2.450	-2.250	0.000	1.02245748
-2.450	-2.150	0.000	1.00629056
-2.350	-2.150	0.000	1.00576079
-2.250	-2.150	0.000	1.00558591
-2.150	-2.150	0.000	1.00504005
-2.050	-2.150	0.000	1.00488198
-1.950	-2.150	0.000	1.00470030
-1.850	-2.150	0.000	1.00412428
-1.750	-2.150	0.000	1.00385988
-1.650	-2.150	0.000	1.00322771
-1.550	-2.150	0.000	1.00314653
-1.450	-2.150	0.000	1.00320351
-1.350	-2.150	0.000	1.00411701
-1.250	-2.150	0.000	1.00591338
-1.150	-2.150	0.000	1.00735104
-1.050	-2.150	0.000	1.00925016
-0.950	-2.150	0.000	1.01058078
-0.850	-2.150	0.000	1.01153648
-0.750	-2.150	0.000	1.01224637
-0.650	-2.150	0.000	1.01233077
-0.550	-2.150	0.000	1.01134813
-0.450	-2.150	0.000	1.00954390
-0.350	-2.150	0.000	1.00693643
-0.250	-2.150	0.000	1.00412035
-0.150	-2.150	0.000	1.00241148
-0.050	-2.150	0.000	1.00148630
0.050	-2.150	0.000	1.00169754
0.150	-2.150	0.000	1.00297701
0.250	-2.150	0.000	1.00312531
0.350	-2.150	0.000	1.00077009
0.450	-2.150	0.000	1.00124443
0.550	-2.150	0.000	1.00531030
0.650	-2.150	0.000	1.00758660
0.750	-2.150	0.000	1.00764132
0.850	-2.150	0.000	1.00712025
0.950	-2.150	0.000	1.00508273
1.050	-2.150	0.000	1.00360537
1.150	-2.150	0.000	1.00194860
1.250	-2.150	0.000	1.00082982
1.350	-2.150	0.000	1.00013757
1.450	-2.150	0.000	1.00003719
1.550	-2.150	0.000	1.00055456
1.650	-2.150	0.000	1.00153720
1.750	-2.150	0.000	1.00295532
1.850	-2.150	0.000	1.00441587
1.950	-2.150	0.000	1.00633895
2.050	-2.150	0.000	1.00862503
2.150	-2.150	0.000	1.01117992
2.250	-2.150	0.000	1.01438165
2.350	-2.150	0.000	1.01631880
2.450	-2.150	0.000	1.02131307
-2.450	-2.050	0.000	1.00807512
-2.350	-2.050	0.000	1.00782084
-2.250	-2.050	0.000	1.00760043
-2.150	-2.050	0.000	1.00730419
-2.050	-2.050	0.000	1.00708652
-1.950	-2.050	0.000	1.00720453
-1.850	-2.050	0.000	1.00650096
-1.750	-2.050	0.000	1.00656700
-1.650	-2.050	0.000	1.00566721
-1.550	-2.050	0.000	1.00583827
-1.450	-2.050	0.000	1.00588393
-1.350	-2.050	0.000	1.00682735
-1.250	-2.050	0.000	1.00870168
-1.150	-2.050	0.000	1.01023066
-1.050	-2.050	0.000	1.01225471
-0.950	-2.050	0.000	1.01368809
-0.850	-2.050	0.000	1.01464975
-0.750	-2.050	0.000	1.01506948
-0.650	-2.050	0.000	1.01490951
-0.550	-2.050	0.000	1.01345932
-0.450	-2.050	0.000	1.01115882
-0.350	-2.050	0.000	1.00791454
-0.250	-2.050	0.000	1.00467873
-0.150	-2.050	0.000	1.00283015
-0.050	-2.050	0.000	1.00179994
0.050	-2.050	0.000	1.00197577
0.150	-2.050	0.000	1.00313556
0.250	-2.050	0.000	1.00308955
0.350	-2.050	0.000	1.00065660
0.450	-2.050	0.000	1.00144076
0.550	-2.050	0.000	1.00576055
0.650	-2.050	0.000	1.00838709
0.750	-2.050	0.000	1.00871480
0.850	-2.050	0.000	1.00799906
0.950	-2.050	0.000	1.00594449
1.050	-2.050	0.000	1.00425196
1.150	-2.050	0.000	1.00239694
1.250	-2.050	0.000	1.00115788
1.350	-2.050	0.000	1.00033605
1.450	-2.050	0.000	1.00015604
1.550	-2.050	0.000	1.00062203
1.650	-2.050	0.000	1.00154257
1.750	-2.050	0.000	1.00290108
1.850	-2.050	0.000	1.00449455
1.950	-2.050	0.000	1.00641072
2.050	-2.050	0.000	1.00877786
2.150	-2.050	0.000	1.01122081
2.250	-2.050	0.000	1.01454079
2.350	-2.050	0.000	1.01635110
2.450	-2.050	0.000	1.02096570
-2.450	-1.950	0.000	1.00920951
-2.350	-1.950	0.000	1.00896811
-2.250	-1.950	0.000	1.00857580
-2.150	-1.950	0.000	1.00835681
-2.050	-1.950	0.000	1.00796783
-1.950	-1.950	0.000	1.00833321
-1.850	-1.950	0.000	1.00737143
-1.750	-1.950	0.000	1.00774801
-1.650	-1.950	0.000	1.00664365
-1.550	-1.950	0.000	1.00699735
-1.450	-1.950	0.000	1.00726342
-1.350	-1.950	0.000	1.00839770
-1.250	-1.950	0.000	1.01062000
-1.150	-1.950	0.000	1.01261449
-1.050	-1.950	0.000	1.01508546
-0.950	-1.950	0.000	1.01711822
-0.850	-1.950	0.000	1.01833618
-0.750	-1.950	0.000	1.01857352
-0.650	-1.950	0.000	1.01775253
-0.550	-1.950	0.000	1.01507115
-0.450	-1.950	0.000	1.01166415
-0.350	-1.950	0.000	1.00791705
-0.250	-1.950	0.000	1.00472331
-0.150	-1.950	0.000	1.00303137
-0.050	-1.950	0.000	1.00214398
0.050	-1.950	0.000	1.00237513
0.150	-1.950	0.000	1.00362778
0.250	-1.950	0.000	1.00365007
0.350	-1.950	0.000	1.00119936
0.450	-1.950	0.000	1.00182450
0.550	-1.950	0.000	1.00599253
0.650	-1.950	0.000	1.00854385
0.750	-1.950	0.000	1.00881207
0.850	-1.950	0.000	1.00817263
0.950	-1.950	0.000	1.00624895
1.050	-1.950	0.000	1.00458348
1.150	-1.950	0.000	1.00273454
1.250	-1.950	0.000	1.00141323
1.350	-1.950	0.000	1.00048363
1.450	-1.950	0.000	1.00015306
1.550	-1.950	0.000	1.00044644
1.650	-1.950	0.000	1.00118458
1.750	-1.950	0.000	1.00226521
1.850	-1.950	0.000	1.00364232
1.950	-1.950	0.000	1.00527787
2.050	-1.950	0.000	1.00752044
2.150	-1.950	0.000	1.00977361
2.250	-1.950	0.000	1.01308489
2.350	-1.950	0.000	1.01488423
2.450	-1.950	0.000	1.01915407
-2.450	-1.850	0.000	1.01029944
-2.350	-1.850	0.000	1.00992429
-2.250	-1.850	0.000	1.00941706
-2.150	-1.850	0.000	1.00926697
-2.050	-1.850	0.000	1.00879049
-1.950	-1.850	0.000	1.00932753
-1.850	-1.850	0.000	1.00829625
-1.750	-1.850	0.000	1.00881159
-1.650	-1.850	0.000	1.00775874
-1.550	-1.850	0.000	1.00823414
-1.450	-1.850	0.000	1.00869489
-1.350	-1.850	0.000	1.00996995
-1.250	-1.850	0.000	1.01244807
-1.150	-1.850	0.000	1.01471925
-1.050	-1.850	0.000	1.01777697
-0.950	-1.850	0.000	1.02035844
-0.850	-1.850	0.000	1.02279997
-0.750	-1.850	0.000	1.02414620
-0.650	-1.850	0.000	1.02402771
-0.550	-1.850	0.000	1.02162528
-0.450	-1.850	0.000	1.01718509
-0.350	-1.850	0.000	1.01158166
-0.250	-1.850	0.000	1.00651753
-0.150	-1.850	0.000	1.00385833
-0.050	-1.850	0.000	1.00249219
0.050	-1.850	0.000	1.00275481
0.150	-1.850	0.000	1.00406671
0.250	-1.850	0.000	1.00383878
0.350	-1.850	0.000	1.00130224
0.450	-1.850	0.000	1.00232255
0.550	-1.850	0.000	1.00668907
0.650	-1.850	0.000	1.00942492
0.750	-1.850	0.000	1.00980842
0.850	-1.850	0.000	1.00895166
0.950	-1.850	0.000	1.00699246
1.050	-1.850	0.000	1.00526905
1.150	-1.850	0.000	1.00343764
1.250	-1.850	0.000	1.00213552
1.350	-1.850	0.000	1.00114453
1.450	-1.850	0.000	1.00077462
1.550	-1.850	0.000	1.00098455
1.650	-1.850	0.000	1.00164795
1.750	-1.850	0.000	1.00260425
1.850	-1.850	0.000	1.00387013
1.950	-1.850	0.000	1.00523937
2.050	-1.850	0.000	1.00726378
2.150	-1.850	0.000	1.00921595
2.250	-1.850	0.000	1.01218629
2.350	-1.850	0.000	1.01376390
2.450	-1.850	0.000	1.01751077
-2.450	-1.750	0.000	1.01029158
-2.350	-1.750	0.000	1.00979805
-2.250	-1.750	0.000	1.00926721
-2.150	-1.750	0.000	1.00917411
-2.050	-1.750	0.000	1.00862610
-1.950	-1.750	0.000	1.00916910
-1.850	-1.750	0.000	1.00816059
-1.750	-1.750	0.000	1.00867760
-1.650	-1.750	0.000	1.00766623
-1.550	-1.750	0.000	1.00823855
-1.450	-1.750	0.000	1.00881648
-1.350	-1.750	0.000	1.01014411
-1.250	-1.750	0.000	1.01274705
-1.150	-1.750	0.000	1.01504076
-1.050	-1.750	0.000	1.01819909
-0.950	-1.750	0.000	1.02107143
-0.850	-1.750	0.000	1.02374232
-0.750	-1.750	0.000	1.02621257
-0.650	-1.750	0.000	1.02748263
-0.550	-1.750	0.000	1.02665782
-0.450	-1.750	0.000	1.02323020
-0.350	-1.750	0.000	1.01693201
-0.250	-1.750	0.000	1.00943959
-0.150	-1.750	0.000	1.00478470
-0.050	-1.750	0.000	1.00271165
0.050	-1.750	0.000	1.00309849
0.150	-1.750	0.000	1.00441325
0.250	-1.750	0.000	1.00401843
0.350	-1.750	0.000	1.00141621
0.450	-1.750	0.000	1.00288856
0.550	-1.750	0.000	1.00741756
0.650	-1.750	0.000	1.01010680
0.750	-1.750	0.000	1.01041055
0.850	-1.750	0.000	1.00954795
0.950	-1.750	0.000	1.00768733
1.050	-1.750	0.000	1.00600600
1.150	-1.750	0.000	1.00417006
1.250	-1.750	0.000	1.00288701
1.350	-1.750	0.000	1.00178719
1.450	-1.750	0.000	1.00112605
1.550	-1.750	0.000	1.00098050
1.650	-1.750	0.000	1.00136304
1.750	-1.750	0.000	1.00212014
1.850	-1.750	0.000	1.00326216
1.950	-1.750	0.000	1.00451994
2.050	-1.750	0.000	1.00632536
2.150	-1.750	0.000	1.00800812
2.250	-1.750	0.000	1.01063883
2.350	-1.750	0.000	1.01202834
2.450	-1.750	0.000	1.01537323
-2.450	-1.650	0.000	1.01008773
-2.350	-1.650	0.000	1.00956118
-2.250	-1.650	0.000	1.00902212
-2.150	-1.650	0.000	1.00897896
-2.050	-1.650	0.000	1.00843108
-1.950	-1.650	0.000	1.00888968
-1.850	-1.650	0.000	1.00805461
-1.750	-1.650	0.000	1.00858259
-1.650	-1.650	0.000	1.00759172
-1.550	-1.650	0.000	1.00828803
-1.450	-1.650	0.000	1.00886679
-1.350	-1.650	0.000	1.01016796
-1.250	-1.650	0.000	1.01279736
-1.150	-1.650	0.000	1.01509750
-1.050	-1.650	0.000	1.01825154
-0.950	-1.650	0.000	1.02124453
-0.850	-1.650	0.000	1.02412009
-0.750	-1.650	0.000	1.02670407
-0.650	-1.650	0.000	1.02872610
-0.550	-1.650	0.000	1.02941370
-0.450	-1.650	0.000	1.02816510
-0.350	-1.650	0.000	1.02487683
-0.250	-1.650	0.000	1.01863861
-0.150	-1.650	0.000	1.01132822
-0.050	-1.650	0.000	1.00539291
0.050	-1.650	0.000	1.00355697
0.150	-1.650	0.000	1.00456667
0.250	-1.650	0.000	1.00409794
0.350	-1.650	0.000	1.00140297
0.450	-1.650	0.000	1.00337481
0.550	-1.650	0.000	1.00821602
0.650	-1.650	0.000	1.01114500
0.750	-1.650	0.000	1.01167452
0.850	-1.650	0.000	1.01090741
0.950	-1.650	0.000	1.00909483
1.050	-1.650	0.000	1.00737381
1.150	-1.650	0.000	1.00528133
1.250	-1.650	0.000	1.00366902
1.350	-1.650	0.000	1.00221932
1.450	-1.650	0.000	1.00136769
1.550	-1.650	0.000	1.00108504
1.650	-1.650	0.000	1.00131202
1.750	-1.650	0.000	1.00185931
1.850	-1.650	0.000	1.00282145
1.950	-1.650	0.000	1.00396848
2.050	-1.650	0.000	1.00570858
2.150	-1.650	0.000	1.00745749
2.250	-1.650	0.000	1.00994730
2.350	-1.650	0.000	1.01113665
2.450	-1.650	0.000	1.01399398
-2.450	-1.550	0.000	1.00919926
-2.350	-1.550	0.000	1.00877917
-2.250	-1.550	0.000	1.00824571
-2.150	-1.550	0.000	1.00827849
-2.050	-1.550	0.000	1.00782168
-1.950	-1.550	0.000	1.00808203
-1.850	-1.550	0.000	1.00751388
-1.750	-1.550	0.000	1.00809598
-1.650	-1.550	0.000	1.00708354
-1.550	-1.550	0.000	1.00795221
-1.450	-1.550	0.000	1.00857449
-1.350	-1.550	0.000	1.00981450
-1.250	-1.550	0.000	1.01238489
-1.150	-1.550	0.000	1.01459455
-1.050	-1.550	0.000	1.01758909
-0.950	-1.550	0.000	1.02044010
-0.850	-1.550	0.000	1.02325881
-0.750	-1.550	0.000	1.02586842
-0.650	-1.550	0.000	1.02776527
-0.550	-1.550	0.000	1.02860546
-0.450	-1.550	0.000	1.02816999
-0.350	-1.550	0.000	1.02602935
-0.250	-1.550	0.000	1.02319849
-0.150	-1.550	0.000	1.01977086
-0.050	-1.550	0.000	1.01441646
0.050	-1.550	0.000	1.00859797
0.150	-1.550	0.000	1.00595260
0.250	-1.550	0.000	1.00359285
0.350	-1.550	0.000	1.00082052
0.450	-1.550	0.000	1.00384462
0.550	-1.550	0.000	1.00916898
0.650	-1.550	0.000	1.01210427
0.750	-1.550	0.000	1.01257861
0.850	-1.550	0.000	1.01177943
0.950	-1.550	0.000	1.00981784
1.050	-1.550	0.000	1.00810933
1.150	-1.550	0.000	1.00589359
1.250	-1.550	0.000	1.00419772
1.350	-1.550	0.000	1.00253868
1.450	-1.550	0.000	1.00141180
1.550	-1.550	0.000	1.00087225
1.650	-1.550	0.000	1.00091147
1.750	-1.550	0.000	1.00134814
1.850	-1.550	0.000	1.00217664
1.950	-1.550	0.000	1.00318897
2.050	-1.550	0.000	1.00467837
2.150	-1.550	0.000	1.00613248
2.250	-1.550	0.000	1.00837696
2.350	-1.550	0.000	1.00955510
2.450	-1.550	0.000	1.01215911
-2.450	-1.450	0.000	1.00842512
-2.350	-1.450	0.000	1.00814223
-2.250	-1.450	0.000	1.00765550
-2.150	-1.450	0.000	1.00778675
-2.050	-1.450	0.000	1.00737035
-1.950	-1.450	0.000	1.00743663
-1.850	-1.450	0.000	1.00711513
-1.750	-1.450	0.000	1.00775373
-1.650	-1.450	0.000	1.00677979
-1.550	-1.450	0.000	1.00776660
-1.450	-1.450	0.000	1.00851905
-1.350	-1.450	0.000	1.00973737
-1.250	-1.450	0.000	1.01229143
-1.150	-1.450	0.000	1.01442182
-1.050	-1.450	0.000	1.01731896
-0.950	-1.450	0.000	1.02002525
-0.850	-1.450	0.000	1.02269387
-0.750	-1.450	0.000	1.02515388
-0.650	-1.450	0.000	1.02702713
-0.550	-1.450	0.000	1.02786887
-0.450	-1.450	0.000	1.02720618
-0.350	-1.450	0.000	1.02529585
-0.250	-1.450	0.000	1.02324331
-0.150	-1.450	0.000	1.02241158
-0.050	-1.450	0.000	1.02217579
0.050	-1.450	0.000	1.02098262
0.150	-1.450	0.000	1.01586318
0.250	-1.450	0.000	1.00624168
0.350	-1.450	0.000	1.00003529
0.450	-1.450	0.000	1.00430548
0.550	-1.450	0.000	1.01043177
0.650	-1.450	0.000	1.01359320
0.750	-1.450	0.000	1.01410556
0.850	-1.450	0.000	1.01305723
0.950	-1.450	0.000	1.01068187
1.050	-1.450	0.000	1.00871634
1.150	-1.450	0.000	1.00622463
1.250	-1.450	0.000	1.00427401
1.350	-1.450	0.000	1.00244141
1.450	-1.450	0.000	1.00123930
1.550	-1.450	0.000	1.00067186
1.650	-1.450	0.000	1.00063086
1.750	-1.450	0.000	1.00100029
1.850	-1.450	0.000	1.00170600
1.950	-1.450	0.000	1.00263870
2.050	-1.450	0.000	1.00398612
2.150	-1.450	0.000	1.00538909
2.250	-1.450	0.000	1.00737870
2.350	-1.450	0.000	1.00840986
2.450	-1.450	0.000	1.01062965
-2.450	-1.350	0.000	1.00786841
-2.350	-1.350	0.000	1.00775278
-2.250	-1.350	0.000	1.00725901
-2.150	-1.350	0.000	1.00743186
-2.050	-1.350	0.000	1.00702703
-1.950	-1.350	0.000	1.00696552
-1.850	-1.350	0.000	1.00673509
-1.750	-1.350	0.000	1.00735176
-1.650	-1.350	0.000	1.00641406
-1.550	-1.350	0.000	1.00741684
-1.450	-1.350	0.000	1.00830400
-1.350	-1.350	0.000	1.00947165
-1.250	-1.350	0.000	1.01200962
-1.150	-1.350	0.000	1.01403069
-1.050	-1.350	0.000	1.01674688
-0.950	-1.350	0.000	1.01927054
-0.850	-1.350	0.000	1.02180910
-0.750	-1.350	0.000	1.02405918
-0.650	-1.350	0.000	1.02586520
-0.550	-1.350	0.000	1.02677834
-0.450	-1.350	0.000	1.02612388
-0.350	-1.350	0.000	1.02366197
-0.250	-1.350	0.000	1.02109194
-0.150	-1.350	0.000	1.02010036
-0.050	-1.350	0.000	1.02119541
0.050	-1.350	0.000	1.02566922
0.150	-1.350	0.000	1.02959430
0.250	-1.350	0.000	1.02181268
0.350	-1.350	0.000	1.00366867
0.450	-1.350	0.000	1.00353467
0.550	-1.350	0.000	1.01075721
0.650	-1.350	0.000	1.01385546
0.750	-1.350	0.000	1.01419616
0.850	-1.350	0.000	1.01311588
0.950	-1.350	0.000	1.01100934
1.050	-1.350	0.000	1.00894594
1.150	-1.350	0.000	1.00623548
1.250	-1.350	0.000	1.00430882
1.350	-1.350	0.000	1.00248110
1.450	-1.350	0.000	1.00122523
1.550	-1.350	0.000	1.00055528
1.650	-1.350	0.000	1.00042450
1.750	-1.350	0.000	1.00073218
1.850	-1.350	0.000	1.00142753
1.950	-1.350	0.000	1.00237310
2.050	-1.350	0.000	1.00364745
2.150	-1.350	0.000	1.00490379
2.250	-1.350	0.000	1.00666916
2.350	-1.350	0.000	1.00761175
2.450	-1.350	0.000	1.00956380
-2.450	-1.250	0.000	1.00782812
-2.350	-1.250	0.000	1.00780785
-2.250	-1.250	0.000	1.00724757
-2.150	-1.250	0.000	1.00745833
-2.050	-1.250	0.000	1.00703728
-1.950	-1.250	0.000	1.00696993
-1.850	-1.250	0.000	1.00665617
-1.750	-1.250	0.000	1.00729120
-1.650	-1.250	0.000	1.00633824
-1.550	-1.250	0.000	1.00732529
-1.450	-1.250	0.000	1.00833225
-1.350	-1.250	0.000	1.00943983
-1.250	-1.250	0.000	1.01197612
-1.150	-1.250	0.000	1.01389408
-1.050	-1.250	0.000	1.01640713
-0.950	-1.250	0.000	1.01868784
-0.850	-1.250	0.000	1.02102077
-0.750	-1.250	0.000	1.02304375
-0.650	-1.250	0.000	1.02461195
-0.550	-1.250	0.000	1.02537644
-0.450	-1.250	0.000	1.02518034
-0.350	-1.250	0.000	1.02281559
-0.250	-1.250	0.000	1.01930451
-0.150	-1.250	0.000	1.01750720
-0.050	-1.250	0.000	1.01817369
0.050	-1.250	0.000	1.02303123
0.150	-1.250	0.000	1.03279126
0.250	-1.250	0.000	1.03541219
0.350	-1.250	0.000	1.01976228
0.450	-1.250	0.000	1.00353622
0.550	-1.250	0.000	1.00942028
0.650	-1.250	0.000	1.01347578
0.750	-1.250	0.000	1.01410580
0.850	-1.250	0.000	1.01286089
0.950	-1.250	0.000	1.01053166
1.050	-1.250	0.000	1.00855446
1.150	-1.250	0.000	1.00613320
1.250	-1.250	0.000	1.00424480
1.350	-1.250	0.000	1.00233984
1.450	-1.250	0.000	1.00103617
1.550	-1.250	0.000	1.00029421
1.650	-1.250	0.000	1.00011802
1.750	-1.250	0.000	1.00042057
1.850	-1.250	0.000	1.00107110
1.950	-1.250	0.000	1.00197542
2.050	-1.250	0.000	1.00323474
2.150	-1.250	0.000	1.00457549
2.250	-1.250	0.000	1.00631404
2.350	-1.250	0.000	1.00719738
2.450	-1.250	0.000	1.00883782
-2.450	-1.150	0.000	1.00800276
-2.350	-1.150	0.000	1.00802171
-2.250	-1.150	0.000	1.00739574
-2.150	-1.150	0.000	1.00768268
-2.050	-1.150	0.000	1.00707138
-1.950	-1.150	0.000	1.00712907
-1.850	-1.150	0.000	1.00653672
-1.750	-1.150	0.000	1.00730336
-1.650	-1.150	0.000	1.00623858
-1.550	-1.150	0.000	1.00721419
-1.450	-1.150	0.000	1.00835216
-1.350	-1.150	0.000	1.00940406
-1.250	-1.150	0.000	1.01196456
-1.150	-1.150	0.000	1.01379335
-1.050	-1.150	0.000	1.01612926
-0.950	-1.150	0.000	1.01813936
-0.850	-1.150	0.000	1.02016592
-0.750	-1.150	0.000	1.02198029
-0.650	-1.150	0.000	1.02330554
-0.550	-1.150	0.000	1.02360082
-0.450	-1.150	0.000	1.02348053
-0.350	-1.150	0.000	1.02154529
-0.250	-1.150	0.000	1.01848757
-0.150	-1.150	0.000	1.01625979
-0.050	-1.150	0.000	1.01652670
0.050	-1.150	0.000	1.01951289
0.150	-1.150	0.000	1.02835512
0.250	-1.150	0.000	1.03651524
0.350	-1.150	0.000	1.03228939
0.450	-1.150	0.000	1.01215208
0.550	-1.150	0.000	1.00715911
0.650	-1.150	0.000	1.01172423
0.750	-1.150	0.000	1.01311183
0.850	-1.150	0.000	1.01248634
0.950	-1.150	0.000	1.01032567
1.050	-1.150	0.000	1.00837743
1.150	-1.150	0.000	1.00595653
1.250	-1.150	0.000	1.00415862
1.350	-1.150	0.000	1.00224233
1.450	-1.150	0.000	1.00090194
1.550	-1.150	0.000	1.00016105
1.650	-1.150	0.000	1.00005615
1.750	-1.150	0.000	1.00042284
1.850	-1.150	0.000	1.00116885
1.950	-1.150	0.000	1.00217402
2.050	-1.150	0.000	1.00343215
2.150	-1.150	0.000	1.00473082
2.250	-1.150	0.000	1.00639999
2.350	-1.150	0.000	1.00735676
2.450	-1.150	0.000	1.00895929
-2.450	-1.050	0.000	1.00847805
-2.350	-1.050	0.000	1.00847900
-2.250	-1.050	0.000	1.00781953
-2.150	-1.050	0.000	1.00807977
-2.050	-1.050	0.000	1.00724816
-1.950	-1.050	0.000	1.00760889
-1.850	-1.050	0.000	1.00656247
-1.750	-1.050	0.000	1.00745559
-1.650	-1.050	0.000	1.00636780
-1.550	-1.050	0.000	1.00732219
-1.450	-1.050	0.000	1.00860012
-1.350	-1.050	0.000	1.00958037
-1.250	-1.050	0.000	1.01220059
-1.150	-1.050	0.000	1.01394224
-1.050	-1.050	0.000	1.01613939
-0.950	-1.050	0.000	1.01787269
-0.850	-1.050	0.000	1.01964366
-0.750	-1.050	0.000	1.02129436
-0.650	-1.050	0.000	1.02242017
-0.550	-1.050	0.000	1.02216697
-0.450	-1.050	0.000	1.02152658
-0.350	-1.050	0.000	1.02011430
-0.250	-1.050	0.000	1.01786053
-0.150	-1.050	0.000	1.01594603
-0.050	-1.050	0.000	1.01588476
0.050	-1.050	0.000	1.01747763
0.150	-1.050	0.000	1.02248621
0.250	-1.050	0.000	1.03020167
0.350	-1.050	0.000	1.03259397
0.450	-1.050	0.000	1.02256036
0.550	-1.050	0.000	1.00961649
0.650	-1.050	0.000	1.00920510
0.750	-1.050	0.000	1.01087344
0.850	-1.050	0.000	1.01074445
0.950	-1.050	0.000	1.00911617
1.050	-1.050	0.000	1.00773466
1.150	-1.050	0.000	1.00567257
1.250	-1.050	0.000	1.00384164
1.350	-1.050	0.000	1.00192189
1.450	-1.050	0.000	1.00069964
1.550	-1.050	0.000	1.00007236
1.650	-1.050	0.000	1.00008130
1.750	-1.050	0.000	1.00052643
1.850	-1.050	0.000	1.00140107
1.950	-1.050	0.000	1.00250912
2.050	-1.050	0.000	1.00384939
2.150	-1.050	0.000	1.00530899
2.250	-1.050	0.000	1.00699353
2.350	-1.050	0.000	1.00795877
2.450	-1.050	0.000	1.00922060
-2.450	-0.950	0.000	1.00915766
-2.350	-0.950	0.000	1.00928915
-2.250	-0.950	0.000	1.00857246
-2.150	-0.950	0.000	1.00890088
-2.050	-0.950	0.000	1.00788176
-1.950	-0.950	0.000	1.00853312
-1.850	-0.950	0.000	1.00710750
-1.750	-0.950	0.000	1.00806165
-1.650	-0.950	0.000	1.00687551
-1.550	-0.950	0.000	1.00779688
-1.450	-0.950	0.000	1.00918734
-1.350	-0.950	0.000	1.01005661
-1.250	-0.950	0.000	1.01271534
-1.150	-0.950	0.000	1.01437604
-1.050	-0.950	0.000	1.01641881
-0.950	-0.950	0.000	1.01783717
-0.850	-0.950	0.000	1.01918912
-0.750	-0.950	0.000	1.02046430
-0.650	-0.950	0.000	1.02133560
-0.550	-0.950	0.000	1.02083051
-0.450	-0.950	0.000	1.01986492
-0.350	-0.950	0.000	1.01852763
-0.250	-0.950	0.000	1.01678514
-0.150	-0.950	0.000	1.01554942
-0.050	-0.950	0.000	1.01536512
0.050	-0.950	0.000	1.01651287
0.150	-0.950	0.000	1.01896560
0.250	-0.950	0.000	1.02320004
0.350	-0.950	0.000	1.02699935
0.450	-0.950	0.000	1.02478480
0.550	-0.950	0.000	1.01646531
0.650	-0.950	0.000	1.01050651
0.750	-0.950	0.000	1.00975001
0.850	-0.950	0.000	1.00944281
0.950	-0.950	0.000	1.00828254
1.050	-0.950	0.000	1.00705099
1.150	-0.950	0.000	1.00508285
1.250	-0.950	0.000	1.00336540
1.350	-0.950	0.000	1.00159299
1.450	-0.950	0.000	1.00053656
1.550	-0.950	0.000	1.00002825
1.650	-0.950	0.000	1.00014865
1.750	-0.950	0.000	1.00074029
1.850	-0.950	0.000	1.00173354
1.950	-0.950	0.000	1.00286615
2.050	-0.950	0.000	1.00421345
2.150	-0.950	0.000	1.00573456
2.250	-0.950	0.000	1.00738621
2.350	-0.950	0.000	1.00836504
2.450	-0.950	0.000	1.00973058
-2.450	-0.850	0.000	1.01000750
-2.350	-0.850	0.000	1.01029015
-2.250	-0.850	0.000	1.00955498
-2.150	-0.850	0.000	1.00998235
-2.050	-0.850	0.000	1.00881231
-1.950	-0.850	0.000	1.00965309
-1.850	-0.850	0.000	1.00796676
-1.750	-0.850	0.000	1.00892377
-1.650	-0.850	0.000	1.00772297
-1.550	-0.850	0.000	1.00863087
-1.450	-0.850	0.000	1.01018679
-1.350	-0.850	0.000	1.01095760
-1.250	-0.850	0.000	1.01364374
-1.150	-0.850	0.000	1.01520085
-1.050	-0.850	0.000	1.01707423
-0.950	-0.850	0.000	1.01822889
-0.850	-0.850	0.000	1.01913583
-0.750	-0.850	0.000	1.01984429
-0.650	-0.850	0.000	1.02018487
-0.550	-0.850	0.000	1.01915443
-0.450	-0.850	0.000	1.01787841
-0.350	-0.850	0.000	1.01647282
-0.250	-0.850	0.000	1.01524675
-0.150	-0.850	0.000	1.01459432
-0.050	-0.850	0.000	1.01450741
0.050	-0.850	0.000	1.01547801
0.150	-0.850	0.000	1.01696265
0.250	-0.850	0.000	1.01934481
0.350	-0.850	0.000	1.02170086
0.450	-0.850	0.000	1.02199221
0.550	-0.850	0.000	1.01885641
0.650	-0.850	0.000	1.01422560
0.750	-0.850	0.000	1.01064432
0.850	-0.850	0.000	1.00856495
0.950	-0.850	0.000	1.00719213
1.050	-0.850	0.000	1.00576472
1.150	-0.850	0.000	1.00409937
1.250	-0.850	0.000	1.00279129
1.350	-0.850	0.000	1.00131810
1.450	-0.850	0.000	1.00041449
1.550	-0.850	0.000	1.00001168
1.650	-0.850	0.000	1.00025797
1.750	-0.850	0.000	1.00099123
1.850	-0.850	0.000	1.00215399
1.950	-0.850	0.000	1.00353169
2.050	-0.850	0.000	1.00498033
2.150	-0.850	0.000	1.00662696
2.250	-0.850	0.000	1.00834024
2.350	-0.850	0.000	1.00971150
2.450	-0.850	0.000	1.01108778
-2.450	-0.750	0.000	1.01044202
-2.350	-0.750	0.000	1.01085353
-2.250	-0.750	0.000	1.01025152
-2.150	-0.750	0.000	1.01097572
-2.050	-0.750	0.000	1.00977492
-1.950	-0.750	0.000	1.01067424
-1.850	-0.750	0.000	1.00889659
-1.750	-0.750	0.000	1.00985229
-1.650	-0.750	0.000	1.00877512
-1.550	-0.750	0.000	1.00957334
-1.450	-0.750	0.000	1.01131487
-1.350	-0.750	0.000	1.01201403
-1.250	-0.750	0.000	1.01477396
-1.150	-0.750	0.000	1.01625228
-1.050	-0.750	0.000	1.01807427
-0.950	-0.750	0.000	1.01912594
-0.850	-0.750	0.000	1.01966703
-0.750	-0.750	0.000	1.01995707
-0.650	-0.750	0.000	1.01945436
-0.550	-0.750	0.000	1.01807725
-0.450	-0.750	0.000	1.01613104
-0.350	-0.750	0.000	1.01479185
-0.250	-0.750	0.000	1.01366663
-0.150	-0.750	0.000	1.01328743
-0.050	-0.750	0.000	1.01354766
0.050	-0.750	0.000	1.01452386
0.150	-0.750	0.000	1.01552320
0.250	-0.750	0.000	1.01748729
0.350	-0.750	0.000	1.01904595
0.450	-0.750	0.000	1.01904619
0.550	-0.750	0.000	1.01775122
0.650	-0.750	0.000	1.01542616
0.750	-0.750	0.000	1.01272476
0.850	-0.750	0.000	1.00969756
0.950	-0.750	0.000	1.00721848
1.050	-0.750	0.000	1.00546753
1.150	-0.750	0.000	1.00371552
1.250	-0.750	0.000	1.00235856
1.350	-0.750	0.000	1.00096297
1.450	-0.750	0.000	1.00022805
1.550	-0.750	0.000	1.00001407
1.650	-0.750	0.000	1.00038648
1.750	-0.750	0.000	1.00127494
1.850	-0.750	0.000	1.00265145
1.950	-0.750	0.000	1.00422990
2.050	-0.750	0.000	1.00575018
2.150	-0.750	0.000	1.00764513
2.250	-0.750	0.000	1.00927186
2.350	-0.750	0.000	1.01063788
2.450	-0.750	0.000	1.01161742
-2.450	-0.650	0.000	1.01032591
-2.350	-0.650	0.000	1.01085925
-2.250	-0.650	0.000	1.01047277
-2.150	-0.650	0.000	1.01149237
-2.050	-0.650	0.000	1.01044679
-1.950	-0.650	0.000	1.01136231
-1.850	-0.650	0.000	1.00976551
-1.750	-0.650	0.000	1.01075828
-1.650	-0.650	0.000	1.00995922
-1.550	-0.650	0.000	1.01062250
-1.450	-0.650	0.000	1.01262653
-1.350	-0.650	0.000	1.01324224
-1.250	-0.650	0.000	1.01608396
-1.150	-0.650	0.000	1.01749074
-1.050	-0.650	0.000	1.01929307
-0.950	-0.650	0.000	1.02031612
-0.850	-0.650	0.000	1.02053058
-0.750	-0.650	0.000	1.02062583
-0.650	-0.650	0.000	1.01937151
-0.550	-0.650	0.000	1.01747108
-0.450	-0.650	0.000	1.01545978
-0.350	-0.650	0.000	1.01420331
-0.250	-0.650	0.000	1.01267827
-0.150	-0.650	0.000	1.01227617
-0.050	-0.650	0.000	1.01247978
0.050	-0.650	0.000	1.01352012
0.150	-0.650	0.000	1.01419568
0.250	-0.650	0.000	1.01569235
0.350	-0.650	0.000	1.01725554
0.450	-0.650	0.000	1.01708686
0.550	-0.650	0.000	1.01589203
0.650	-0.650	0.000	1.01464498
0.750	-0.650	0.000	1.01293242
0.850	-0.650	0.000	1.01075494
0.950	-0.650	0.000	1.00798368
1.050	-0.650	0.000	1.00552738
1.150	-0.650	0.000	1.00335169
1.250	-0.650	0.000	1.00201988
1.350	-0.650	0.000	1.00078213
1.450	-0.650	0.000	1.00020969
1.550	-0.650	0.000	1.00013983
1.650	-0.650	0.000	1.00063694
1.750	-0.650	0.000	1.00172091
1.850	-0.650	0.000	1.00317109
1.950	-0.650	0.000	1.00480795
2.050	-0.650	0.000	1.00639009
2.150	-0.650	0.000	1.00831497
2.250	-0.650	0.000	1.00979459
2.350	-0.650	0.000	1.01133227
2.450	-0.650	0.000	1.01218319
-2.450	-0.550	0.000	1.00965881
-2.350	-0.550	0.000	1.01030242
-2.250	-0.550	0.000	1.01007807
-2.150	-0.550	0.000	1.01139891
-2.050	-0.550	0.000	1.01044452
-1.950	-0.550	0.000	1.01153910
-1.850	-0.550	0.000	1.01017749
-1.750	-0.550	0.000	1.01131380
-1.650	-0.550	0.000	1.01107168
-1.550	-0.550	0.000	1.01152050
-1.450	-0.550	0.000	1.01387727
-1.350	-0.550	0.000	1.01451468
-1.250	-0.550	0.000	1.01754665
-1.150	-0.550	0.000	1.01899910
-1.050	-0.550	0.000	1.02082026
-0.950	-0.550	0.000	1.02177155
-0.850	-0.550	0.000	1.02180529
-0.750	-0.550	0.000	1.02147710
-0.650	-0.550	0.000	1.01994967
-0.550	-0.550	0.000	1.01733327
-0.450	-0.550	0.000	1.01496065
-0.350	-0.550	0.000	1.01408434
-0.250	-0.550	0.000	1.01275051
-0.150	-0.550	0.000	1.01248312
-0.050	-0.550	0.000	1.01226175
0.050	-0.550	0.000	1.01274335
0.150	-0.550	0.000	1.01291525
0.250	-0.550	0.000	1.01374626
0.350	-0.550	0.000	1.01511359
0.450	-0.550	0.000	1.01517367
0.550	-0.550	0.000	1.01419437
0.650	-0.550	0.000	1.01338685
0.750	-0.550	0.000	1.01209009
0.850	-0.550	0.000	1.01084840
0.950	-0.550	0.000	1.00866687
1.050	-0.550	0.000	1.00650358
1.150	-0.550	0.000	1.00414276
1.250	-0.550	0.000	1.00256705
1.350	-0.550	0.000	1.00105560
1.450	-0.550	0.000	1.00051928
1.550	-0.550	0.000	1.00048554
1.650	-0.550	0.000	1.00104690
1.750	-0.550	0.000	1.00222874
1.850	-0.550	0.000	1.00382149
1.950	-0.550	0.000	1.00561845
2.050	-0.550	0.000	1.00719023
2.150	-0.550	0.000	1.00910997
2.250	-0.550	0.000	1.01056361
2.350	-0.550	0.000	1.01200843
2.450	-0.550	0.000	1.01243508
-2.450	-0.450	0.000	1.00862968
-2.350	-0.450	0.000	1.00939214
-2.250	-0.450	0.000	1.00927484
-2.150	-0.450	0.000	1.01085711
-2.050	-0.450	0.000	1.00988960
-1.950	-0.450	0.000	1.01117921
-1.850	-0.450	0.000	1.01017654
-1.750	-0.450	0.000	1.01123023
-1.650	-0.450	0.000	1.01181090
-1.550	-0.450	0.000	1.01204920
-1.450	-0.450	0.000	1.01473451
-1.350	-0.450	0.000	1.01552105
-1.250	-0.450	0.000	1.01877809
-1.150	-0.450	0.000	1.02039897
-1.050	-0.450	0.000	1.02250171
-0.950	-0.450	0.000	1.02353621
-0.850	-0.450	0.000	1.02375031
-0.750	-0.450	0.000	1.02275956
-0.650	-0.450	0.000	1.02091789
-0.550	-0.450	0.000	1.01798177
-0.450	-0.450	0.000	1.01516271
-0.350	-0.450	0.000	1.01407647
-0.250	-0.450	0.000	1.01321244
-0.150	-0.450	0.000	1.01321447
-0.050	-0.450	0.000	1.01290131
0.050	-0.450	0.000	1.01283872
0.150	-0.450	0.000	1.01215661
0.250	-0.450	0.000	1.01211190
0.350	-0.450	0.000	1.01275623
0.450	-0.450	0.000	1.01282132
0.550	-0.450	0.000	1.01220345
0.650	-0.450	0.000	1.01165938
0.750	-0.450	0.000	1.01065087
0.850	-0.450	0.000	1.01011288
0.950	-0.450	0.000	1.00840783
1.050	-0.450	0.000	1.00690496
1.150	-0.450	0.000	1.00476789
1.250	-0.450	0.000	1.00317597
1.350	-0.450	0.000	1.00164485
1.450	-0.450	0.000	1.00102210
1.550	-0.450	0.000	1.00104618
1.650	-0.450	0.000	1.00169051
1.750	-0.450	0.000	1.00295568
1.850	-0.450	0.000	1.00452328
1.950	-0.450	0.000	1.00633252
2.050	-0.450	0.000	1.00777054
2.150	-0.450	0.000	1.00948119
2.250	-0.450	0.000	1.01094532
2.350	-0.450	0.000	1.01242328
2.450	-0.450	0.000	1.01243985
-2.450	-0.350	0.000	1.00734758
-2.350	-0.350	0.000	1.00816274
-2.250	-0.350	0.000	1.00790513
-2.150	-0.350	0.000	1.00956535
-2.050	-0.350	0.000	1.00853193
-1.950	-0.350	0.000	1.00983679
-1.850	-0.350	0.000	1.00947118
-1.750	-0.350	0.000	1.01026690
-1.650	-0.350	0.000	1.01166785
-1.550	-0.350	0.000	1.01188183
-1.450	-0.350	0.000	1.01480663
-1.350	-0.350	0.000	1.01572859
-1.250	-0.350	0.000	1.01914549
-1.150	-0.350	0.000	1.02108049
-1.050	-0.350	0.000	1.02347147
-0.950	-0.350	0.000	1.02475870
-0.850	-0.350	0.000	1.02523899
-0.750	-0.350	0.000	1.02424669
-0.650	-0.350	0.000	1.02212512
-0.550	-0.350	0.000	1.01900148
-0.450	-0.350	0.000	1.01582611
-0.350	-0.350	0.000	1.01438403
-0.250	-0.350	0.000	1.01335537
-0.150	-0.350	0.000	1.01330173
-0.050	-0.350	0.000	1.01323640
0.050	-0.350	0.000	1.01341128
0.150	-0.350	0.000	1.01235294
0.250	-0.350	0.000	1.01144946
0.350	-0.350	0.000	1.01102197
0.450	-0.350	0.000	1.01052392
0.550	-0.350	0.000	1.00990629
0.650	-0.350	0.000	1.00960100
0.750	-0.350	0.000	1.00899589
0.850	-0.350	0.000	1.00865984
0.950	-0.350	0.000	1.00761914
1.050	-0.350	0.000	1.00672507
1.150	-0.350	0.000	1.00528550
1.250	-0.350	0.000	1.00395894
1.350	-0.350	0.000	1.00273860
1.450	-0.350	0.000	1.00201368
1.550	-0.350	0.000	1.00200403
1.650	-0.350	0.000	1.00261283
1.750	-0.350	0.000	1.00385535
1.850	-0.350	0.000	1.00548840
1.950	-0.350	0.000	1.00728810
2.050	-0.350	0.000	1.00843620
2.150	-0.350	0.000	1.00981009
2.250	-0.350	0.000	1.01094663
2.350	-0.350	0.000	1.01215088
2.450	-0.350	0.000	1.01197743
-2.450	-0.250	0.000	1.00620234
-2.350	-0.250	0.000	1.00668812
-2.250	-0.250	0.000	1.00637102
-2.150	-0.250	0.000	1.00755942
-2.050	-0.250	0.000	1.00680864
-1.950	-0.250	0.000	1.00767851
-1.850	-0.250	0.000	1.00780296
-1.750	-0.250	0.000	1.00838649
-1.650	-0.250	0.000	1.01025903
-1.550	-0.250	0.000	1.01064408
-1.450	-0.250	0.000	1.01385570
-1.350	-0.250	0.000	1.01509726
-1.250	-0.250	0.000	1.01873946
-1.150	-0.250	0.000	1.02093840
-1.050	-0.250	0.000	1.02346814
-0.950	-0.250	0.000	1.02499211
-0.850	-0.250	0.000	1.02574635
-0.750	-0.250	0.000	1.02507746
-0.650	-0.250	0.000	1.02305937
-0.550	-0.250	0.000	1.01991844
-0.450	-0.250	0.000	1.01672244
-0.350	-0.250	0.000	1.01502168
-0.250	-0.250	0.000	1.01333380
-0.150	-0.250	0.000	1.01314473
-0.050	-0.250	0.000	1.01296818
0.050	-0.250	0.000	1.01315606
0.150	-0.250	0.000	1.01248431
0.250	-0.250	0.000	1.01126456
0.350	-0.250	0.000	1.01009667
0.450	-0.250	0.000	1.00889909
0.550	-0.250	0.000	1.00788283
0.650	-0.250	0.000	1.00745201
0.750	-0.250	0.000	1.00716138
0.850	-0.250	0.000	1.00686276
0.950	-0.250	0.000	1.00609863
1.050	-0.250	0.000	1.00554037
1.150	-0.250	0.000	1.00485361
1.250	-0.250	0.000	1.00416219
1.350	-0.250	0.000	1.00345504
1.450	-0.250	0.000	1.00286758
1.550	-0.250	0.000	1.00299382
1.650	-0.250	0.000	1.00360322
1.750	-0.250	0.000	1.00481749
1.850	-0.250	0.000	1.00630987
1.950	-0.250	0.000	1.00807834
2.050	-0.250	0.000	1.00904417
2.150	-0.250	0.000	1.01026261
2.250	-0.250	0.000	1.01114047
2.350	-0.250	0.000	1.01194513
2.450	-0.250	0.000	1.01171935
-2.450	-0.150	0.000	1.00546384
-2.350	-0.150	0.000	1.00550628
-2.250	-0.150	0.000	1.00507116
-2.150	-0.150	0.000	1.00566328
-2.050	-0.150	0.000	1.00540924
-1.950	-0.150	0.000	1.00578153
-1.850	-0.150	0.000	1.00622141
-1.750	-0.150	0.000	1.00665557
-1.650	-0.150	0.000	1.00854790
-1.550	-0.150	0.000	1.00907648
-1.450	-0.150	0.000	1.01213503
-1.350	-0.150	0.000	1.01344883
-1.250	-0.150	0.000	1.01707995
-1.150	-0.150	0.000	1.01953018
-1.050	-0.150	0.000	1.02243638
-0.950	-0.150	0.000	1.02424681
-0.850	-0.150	0.000	1.02543759
-0.750	-0.150	0.000	1.02493739
-0.650	-0.150	0.000	1.02299571
-0.550	-0.150	0.000	1.02004671
-0.450	-0.150	0.000	1.01695466
-0.350	-0.150	0.000	1.01540995
-0.250	-0.150	0.000	1.01390755
-0.150	-0.150	0.000	1.01333976
-0.050	-0.150	0.000	1.01299405
0.050	-0.150	0.000	1.01283503
0.150	-0.150	0.000	1.01226938
0.250	-0.150	0.000	1.01111329
0.350	-0.150	0.000	1.00968027
0.450	-0.150	0.000	1.00792265
0.550	-0.150	0.000	1.00643849
0.650	-0.150	0.000	1.00577474
0.750	-0.150	0.000	1.00536394
0.850	-0.150	0.000	1.00518024
0.950	-0.150	0.000	1.00478542
1.050	-0.150	0.000	1.00441849
1.150	-0.150	0.000	1.00405705
1.250	-0.150	0.000	1.00377893
1.350	-0.150	0.000	1.00370193
1.450	-0.150	0.000	1.00363111
1.550	-0.150	0.000	1.00403452
1.650	-0.150	0.000	1.00480700
1.750	-0.150	0.000	1.00615573
1.850	-0.150	0.000	1.00770307
1.950	-0.150	0.000	1.00920117
2.050	-0.150	0.000	1.00983226
2.150	-0.150	0.000	1.01072550
2.250	-0.150	0.000	1.01109540
2.350	-0.150	0.000	1.01150346
2.450	-0.150	0.000	1.01136625
-2.450	-0.050	0.000	1.00459707
-2.350	-0.050	0.000	1.00436151
-2.250	-0.050	0.000	1.00389111
-2.150	-0.050	0.000	1.00390899
-2.050	-0.050	0.000	1.00420511
-1.950	-0.050	0.000	1.00420928
-1.850	-0.050	0.000	1.00488651
-1.750	-0.050	0.000	1.00511718
-1.650	-0.050	0.000	1.00700414
-1.550	-0.050	0.000	1.00752485
-1.450	-0.050	0.000	1.01053643
-1.350	-0.050	0.000	1.01181602
-1.250	-0.050	0.000	1.01526892
-1.150	-0.050	0.000	1.01744604
-1.050	-0.050	0.000	1.02027416
-0.950	-0.050	0.000	1.02190542
-0.850	-0.050	0.000	1.02347612
-0.750	-0.050	0.000	1.02353585
-0.650	-0.050	0.000	1.02213621
-0.550	-0.050	0.000	1.01960397
-0.450	-0.050	0.000	1.01667547
-0.350	-0.050	0.000	1.01502895
-0.250	-0.050	0.000	1.01355326
-0.150	-0.050	0.000	1.01300704
-0.050	-0.050	0.000	1.01280534
0.050	-0.050	0.000	1.01256478
0.150	-0.050	0.000	1.01200891
0.250	-0.050	0.000	1.01100838
0.350	-0.050	0.000	1.00954223
0.450	-0.050	0.000	1.00754595
0.550	-0.050	0.000	1.00565541
0.650	-0.050	0.000	1.00462925
0.750	-0.050	0.000	1.00420821
0.850	-0.050	0.000	1.00381339
0.950	-0.050	0.000	1.00356460
1.050	-0.050	0.000	1.00340223
1.150	-0.050	0.000	1.00340378
1.250	-0.050	0.000	1.00344825
1.350	-0.050	0.000	1.00372851
1.450	-0.050	0.000	1.00401485
1.550	-0.050	0.000	1.00476146
1.650	-0.050	0.000	1.00579798
1.750	-0.050	0.000	1.00730872
1.850	-0.050	0.000	1.00887740
1.950	-0.050	0.000	1.01035142
2.050	-0.050	0.000	1.01091671
2.150	-0.050	0.000	1.01160789
2.250	-0.050	0.000	1.01169777
2.350	-0.050	0.000	1.01182306
2.450	-0.050	0.000	1.01151562
-2.450	0.050	0.000	1.00363696
-2.350	0.050	0.000	1.00313759
-2.250	0.050	0.000	1.00256813
-2.150	0.050	0.000	1.00237560
-2.050	0.050	0.000	1.00271511
-1.950	0.050	0.000	1.00284016
-1.850	0.050	0.000	1.00348616
-1.750	0.050	0.000	1.00373960
-1.650	0.050	0.000	1.00541508
-1.550	0.050	0.000	1.00591302
-1.450	0.050	0.000	1.00860834
-1.350	0.050	0.000	1.00979221
-1.250	0.050	0.000	1.01312232
-1.150	0.050	0.000	1.01544857
-1.050	0.050	0.000	1.01839662
-0.950	0.050	0.000	1.02003765
-0.850	0.050	0.000	1.02099872
-0.750	0.050	0.000	1.02100599
-0.650	0.050	0.000	1.01984584
-0.550	0.050	0.000	1.01809502
-0.450	0.050	0.000	1.01596117
-0.350	0.050	0.000	1.01469886
-0.250	0.050	0.000	1.01355612
-0.150	0.050	0.000	1.01289070
-0.050	0.050	0.000	1.01265824
0.050	0.050	0.000	1.01217306
0.150	0.050	0.000	1.01167488
0.250	0.050	0.000	1.01080477
0.350	0.050	0.000	1.00934887
0.450	0.050	0.000	1.00734782
0.550	0.050	0.000	1.00553823
0.650	0.050	0.000	1.00406575
0.750	0.050	0.000	1.00358057
0.850	0.050	0.000	1.00302863
0.950	0.050	0.000	1.00281656
1.050	0.050	0.000	1.00264204
1.150	0.050	0.000	1.00285554
1.250	0.050	0.000	1.00314796
1.350	0.050	0.000	1.00391245
1.450	0.050	0.000	1.00469136
1.550	0.050	0.000	1.00576401
1.650	0.050	0.000	1.00711727
1.750	0.050	0.000	1.00898361
1.850	0.050	0.000	1.01088071
1.950	0.050	0.000	1.01198554
2.050	0.050	0.000	1.01243126
2.150	0.050	0.000	1.01272249
2.250	0.050	0.000	1.01229835
2.350	0.050	0.000	1.01228786
2.450	0.050	0.000	1.01162124
-2.450	0.150	0.000	1.00294089
-2.350	0.150	0.000	1.00212634
-2.250	0.150	0.000	1.00160909
-2.150	0.150	0.000	1.00126696
-2.050	0.150	0.000	1.00164211
-1.950	0.150	0.000	1.00176930
-1.850	0.150	0.000	1.00239182
-1.750	0.150	0.000	1.00257242
-1.650	0.150	0.000	1.00416040
-1.550	0.150	0.000	1.00458777
-1.450	0.150	0.000	1.00720346
-1.350	0.150	0.000	1.00818419
-1.250	0.150	0.000	1.01116061
-1.150	0.150	0.000	1.01313949
-1.050	0.150	0.000	1.01570201
-0.950	0.150	0.000	1.01744604
-0.850	0.150	0.000	1.01832128
-0.750	0.150	0.000	1.01863444
-0.650	0.150	0.000	1.01755989
-0.550	0.150	0.000	1.01601851
-0.450	0.150	0.000	1.01447856
-0.350	0.150	0.000	1.01370716
-0.250	0.150	0.000	1.01320934
-0.150	0.150	0.000	1.01273537
-0.050	0.150	0.000	1.01264679
0.050	0.150	0.000	1.01201522
0.150	0.150	0.000	1.01160371
0.250	0.150	0.000	1.01072156
0.350	0.150	0.000	1.00925899
0.450	0.150	0.000	1.00722051
0.550	0.150	0.000	1.00553620
0.650	0.150	0.000	1.00418937
0.750	0.150	0.000	1.00339723
0.850	0.150	0.000	1.00283194
0.950	0.150	0.000	1.00268781
1.050	0.150	0.000	1.00252962
1.150	0.150	0.000	1.00280225
1.250	0.150	0.000	1.00311804
1.350	0.150	0.000	1.00399590
1.450	0.150	0.000	1.00507188
1.550	0.150	0.000	1.00658870
1.650	0.150	0.000	1.00831580
1.750	0.150	0.000	1.01047885
1.850	0.150	0.000	1.01253462
1.950	0.150	0.000	1.01338375
2.050	0.150	0.000	1.01353514
2.150	0.150	0.000	1.01359093
2.250	0.150	0.000	1.01286948
2.350	0.150	0.000	1.01270187
2.450	0.150	0.000	1.01133287
-2.450	0.250	0.000	1.00211477
-2.350	0.250	0.000	1.00135565
-2.250	0.250	0.000	1.00080752
-2.150	0.250	0.000	1.00049472
-2.050	0.250	0.000	1.00082850
-1.950	0.250	0.000	1.00106692
-1.850	0.250	0.000	1.00161493
-1.750	0.250	0.000	1.00185335
-1.650	0.250	0.000	1.00319803
-1.550	0.250	0.000	1.00349414
-1.450	0.250	0.000	1.00578105
-1.350	0.250	0.000	1.00672770
-1.250	0.250	0.000	1.00943065
-1.150	0.250	0.000	1.01137578
-1.050	0.250	0.000	1.01359510
-0.950	0.250	0.000	1.01517224
-0.850	0.250	0.000	1.01567125
-0.750	0.250	0.000	1.01578212
-0.650	0.250	0.000	1.01480901
-0.550	0.250	0.000	1.01356435
-0.450	0.250	0.000	1.01254058
-0.350	0.250	0.000	1.01225734
-0.250	0.250	0.000	1.01246154
-0.150	0.250	0.000	1.01233649
-0.050	0.250	0.000	1.01238275
0.050	0.250	0.000	1.01180649
0.150	0.250	0.000	1.01123965
0.250	0.250	0.000	1.01031041
0.350	0.250	0.000	1.00891399
0.450	0.250	0.000	1.00699413
0.550	0.250	0.000	1.00532985
0.650	0.250	0.000	1.00427532
0.750	0.250	0.000	1.00350440
0.850	0.250	0.000	1.00295389
0.950	0.250	0.000	1.00284219
1.050	0.250	0.000	1.00279462
1.150	0.250	0.000	1.00317729
1.250	0.250	0.000	1.00364459
1.350	0.250	0.000	1.00467432
1.450	0.250	0.000	1.00587153
1.550	0.250	0.000	1.00758743
1.650	0.250	0.000	1.00967252
1.750	0.250	0.000	1.01208830
1.850	0.250	0.000	1.01434386
1.950	0.250	0.000	1.01497185
2.050	0.250	0.000	1.01474643
2.150	0.250	0.000	1.01449776
2.250	0.250	0.000	1.01315951
2.350	0.250	0.000	1.01268768
2.450	0.250	0.000	1.01060820
-2.450	0.350	0.000	1.00165880
-2.350	0.350	0.000	1.00090742
-2.250	0.350	0.000	1.00051594
-2.150	0.350	0.000	1.00021708
-2.050	0.350	0.000	1.00042844
-1.950	0.350	0.000	1.00056636
-1.850	0.350	0.000	1.00101900
-1.750	0.350	0.000	1.00115764
-1.650	0.350	0.000	1.00245881
-1.550	0.350	0.000	1.00269079
-1.450	0.350	0.000	1.00477886
-1.350	0.350	0.000	1.00556743
-1.250	0.350	0.000	1.00792611
-1.150	0.350	0.000	1.00957823
-1.050	0.350	0.000	1.01157224
-0.950	0.350	0.000	1.01305246
-0.850	0.350	0.000	1.01359212
-0.750	0.350	0.000	1.01346624
-0.650	0.350	0.000	1.01226878
-0.550	0.350	0.000	1.01093483
-0.450	0.350	0.000	1.01016247
-0.350	0.350	0.000	1.01035917
-0.250	0.350	0.000	1.01129782
-0.150	0.350	0.000	1.01203430
-0.050	0.350	0.000	1.01234591
0.050	0.350	0.000	1.01199281
0.150	0.350	0.000	1.01119435
0.250	0.350	0.000	1.01007843
0.350	0.350	0.000	1.00851798
0.450	0.350	0.000	1.00665140
0.550	0.350	0.000	1.00513530
0.650	0.350	0.000	1.00418437
0.750	0.350	0.000	1.00366032
0.850	0.350	0.000	1.00327218
0.950	0.350	0.000	1.00322080
1.050	0.350	0.000	1.00324869
1.150	0.350	0.000	1.00370431
1.250	0.350	0.000	1.00420856
1.350	0.350	0.000	1.00538397
1.450	0.350	0.000	1.00682068
1.550	0.350	0.000	1.00878417
1.650	0.350	0.000	1.01101792
1.750	0.350	0.000	1.01352942
1.850	0.350	0.000	1.01550186
1.950	0.350	0.000	1.01574826
2.050	0.350	0.000	1.01515245
2.150	0.350	0.000	1.01429486
2.250	0.350	0.000	1.01252687
2.350	0.350	0.000	1.01157939
2.450	0.350	0.000	1.00940788
-2.450	0.450	0.000	1.00105762
-2.350	0.450	0.000	1.00043464
-2.250	0.450	0.000	1.00013912
-2.150	0.450	0.000	1.00006604
-2.050	0.450	0.000	1.00022590
-1.950	0.450	0.000	1.00040245
-1.850	0.450	0.000	1.00071073
-1.750	0.450	0.000	1.00082874
-1.650	0.450	0.000	1.00192297
-1.550	0.450	0.000	1.00215387
-1.450	0.450	0.000	1.00394130
-1.350	0.450	0.000	1.00479388
-1.250	0.450	0.000	1.00702131
-1.150	0.450	0.000	1.00857472
-1.050	0.450	0.000	1.01024580
-0.950	0.450	0.000	1.01137447
-0.850	0.450	0.000	1.01167297
-0.750	0.450	0.000	1.01161873
-0.650	0.450	0.000	1.01043630
-0.550	0.450	0.000	1.00879860
-0.450	0.450	0.000	1.00789475
-0.350	0.450	0.000	1.00808716
-0.250	0.450	0.000	1.00935495
-0.150	0.450	0.000	1.01067233
-0.050	0.450	0.000	1.01175427
0.050	0.450	0.000	1.01176536
0.150	0.450	0.000	1.01107037
0.250	0.450	0.000	1.00977015
0.350	0.450	0.000	1.00797427
0.450	0.450	0.000	1.00610840
0.550	0.450	0.000	1.00471151
0.650	0.450	0.000	1.00396597
0.750	0.450	0.000	1.00359416
0.850	0.450	0.000	1.00339854
0.950	0.450	0.000	1.00357878
1.050	0.450	0.000	1.00375235
1.150	0.450	0.000	1.00435627
1.250	0.450	0.000	1.00501215
1.350	0.450	0.000	1.00621319
1.450	0.450	0.000	1.00778139
1.550	0.450	0.000	1.00992310
1.650	0.450	0.000	1.01239049
1.750	0.450	0.000	1.01510644
1.850	0.450	0.000	1.01695228
1.950	0.450	0.000	1.01700556
2.050	0.450	0.000	1.01602364
2.150	0.450	0.000	1.01465523
2.250	0.450	0.000	1.01274848
2.350	0.450	0.000	1.01138544
2.450	0.450	0.000	1.00914907
-2.450	0.550	0.000	1.00073361
-2.350	0.550	0.000	1.00027478
-2.250	0.550	0.000	1.00002825
-2.150	0.550	0.000	1.00000811
-2.050	0.550	0.000	1.00002778
-1.950	0.550	0.000	1.00019372
-1.850	0.550	0.000	1.00042188
-1.750	0.550	0.000	1.00051534
-1.650	0.550	0.000	1.00147271
-1.550	0.550	0.000	1.00175869
-1.450	0.550	0.000	1.00335920
-1.350	0.550	0.000	1.00413585
-1.250	0.550	0.000	1.00619876
-1.150	0.550	0.000	1.00760114
-1.050	0.550	0.000	1.00909746
-0.950	0.550	0.000	1.01017654
-0.850	0.550	0.000	1.01040888
-0.750	0.550	0.000	1.00994885
-0.650	0.550	0.000	1.00892973
-0.550	0.550	0.000	1.00722802
-0.450	0.550	0.000	1.00623226
-0.350	0.550	0.000	1.00626612
-0.250	0.550	0.000	1.00750113
-0.150	0.550	0.000	1.00920141
-0.050	0.550	0.000	1.01092672
0.050	0.550	0.000	1.01141191
0.150	0.550	0.000	1.01092541
0.250	0.550	0.000	1.00960481
0.350	0.550	0.000	1.00758410
0.450	0.550	0.000	1.00561619
0.550	0.550	0.000	1.00429642
0.650	0.550	0.000	1.00362217
0.750	0.550	0.000	1.00347245
0.850	0.550	0.000	1.00338614
0.950	0.550	0.000	1.00363755
1.050	0.550	0.000	1.00403821
1.150	0.550	0.000	1.00475562
1.250	0.550	0.000	1.00550568
1.350	0.550	0.000	1.00686979
1.450	0.550	0.000	1.00859988
1.550	0.550	0.000	1.01068723
1.650	0.550	0.000	1.01316655
1.750	0.550	0.000	1.01587546
1.850	0.550	0.000	1.01785755
1.950	0.550	0.000	1.01793754
2.050	0.550	0.000	1.01695597
2.150	0.550	0.000	1.01521564
2.250	0.550	0.000	1.01315320
2.350	0.550	0.000	1.01140487
2.450	0.550	0.000	1.00893664
-2.450	0.650	0.000	1.00039852
-2.350	0.650	0.000	1.00010240
-2.250	0.650	0.000	1.00001752
-2.150	0.650	0.000	1.00004399
-2.050	0.650	0.000	1.00003386
-1.950	0.650	0.000	1.00016236
-1.850	0.650	0.000	1.00031376
-1.750	0.650	0.000	1.00045061
-1.650	0.650	0.000	1.00124013
-1.550	0.650	0.000	1.00154233
-1.450	0.650	0.000	1.00301361
-1.350	0.650	0.000	1.00389814
-1.250	0.650	0.000	1.00569582
-1.150	0.650	0.000	1.00706649
-1.050	0.650	0.000	1.00847256
-0.950	0.650	0.000	1.00935519
-0.850	0.650	0.000	1.00939393
-0.750	0.650	0.000	1.00880098
-0.650	0.650	0.000	1.00760341
-0.550	0.650	0.000	1.00586390
-0.450	0.650	0.000	1.00481939
-0.350	0.650	0.000	1.00470185
-0.250	0.650	0.000	1.00574160
-0.150	0.650	0.000	1.00755465
-0.050	0.650	0.000	1.00966132
0.050	0.650	0.000	1.01075137
0.150	0.650	0.000	1.01062524
0.250	0.650	0.000	1.00923324
0.350	0.650	0.000	1.00701499
0.450	0.650	0.000	1.00503445
0.550	0.650	0.000	1.00384200
0.650	0.650	0.000	1.00329173
0.750	0.650	0.000	1.00328457
0.850	0.650	0.000	1.00339365
0.950	0.650	0.000	1.00376272
1.050	0.650	0.000	1.00422990
1.150	0.650	0.000	1.00515425
1.250	0.650	0.000	1.00610614
1.350	0.650	0.000	1.00749052
1.450	0.650	0.000	1.00923061
1.550	0.650	0.000	1.01147532
1.650	0.650	0.000	1.01402736
1.750	0.650	0.000	1.01654828
1.850	0.650	0.000	1.01823127
1.950	0.650	0.000	1.01816261
2.050	0.650	0.000	1.01731443
2.150	0.650	0.000	1.01589072
2.250	0.650	0.000	1.01392865
2.350	0.650	0.000	1.01216340
2.450	0.650	0.000	1.00925589
-2.450	0.750	0.000	1.00018716
-2.350	0.750	0.000	1.00001252
-2.250	0.750	0.000	1.00000739
-2.150	0.750	0.000	1.00006044
-2.050	0.750	0.000	1.00001991
-1.950	0.750	0.000	1.00012660
-1.850	0.750	0.000	1.00027072
-1.750	0.750	0.000	1.00044787
-1.650	0.750	0.000	1.00115371
-1.550	0.750	0.000	1.00152266
-1.450	0.750	0.000	1.00292826
-1.350	0.750	0.000	1.00372195
-1.250	0.750	0.000	1.00527418
-1.150	0.750	0.000	1.00655210
-1.050	0.750	0.000	1.00787497
-0.950	0.750	0.000	1.00877428
-0.850	0.750	0.000	1.00902677
-0.750	0.750	0.000	1.00825739
-0.650	0.750	0.000	1.00690031
-0.550	0.750	0.000	1.00508451
-0.450	0.750	0.000	1.00375867
-0.350	0.750	0.000	1.00348186
-0.250	0.750	0.000	1.00439644
-0.150	0.750	0.000	1.00621641
-0.050	0.750	0.000	1.00859225
0.050	0.750	0.000	1.01015401
0.150	0.750	0.000	1.01020300
0.250	0.750	0.000	1.00890982
0.350	0.750	0.000	1.00659108
0.450	0.750	0.000	1.00451481
0.550	0.750	0.000	1.00333118
0.650	0.750	0.000	1.00283039
0.750	0.750	0.000	1.00283420
0.850	0.750	0.000	1.00301099
0.950	0.750	0.000	1.00341737
1.050	0.750	0.000	1.00392771
1.150	0.750	0.000	1.00484324
1.250	0.750	0.000	1.00581467
1.350	0.750	0.000	1.00729549
1.450	0.750	0.000	1.00923860
1.550	0.750	0.000	1.01155126
1.650	0.750	0.000	1.01402652
1.750	0.750	0.000	1.01640713
1.850	0.750	0.000	1.01819313
1.950	0.750	0.000	1.01821375
2.050	0.750	0.000	1.01736856
2.150	0.750	0.000	1.01594245
2.250	0.750	0.000	1.01385760
2.350	0.750	0.000	1.01195490
2.450	0.750	0.000	1.00897098
-2.450	0.850	0.000	1.00014389
-2.350	0.850	0.000	1.00001359
-2.250	0.850	0.000	1.00003970
-2.150	0.850	0.000	1.00012231
-2.050	0.850	0.000	1.00006318
-1.950	0.850	0.000	1.00016761
-1.850	0.850	0.000	1.00028014
-1.750	0.850	0.000	1.00048411
-1.650	0.850	0.000	1.00114012
-1.550	0.850	0.000	1.00160098
-1.450	0.850	0.000	1.00294459
-1.350	0.850	0.000	1.00393307
-1.250	0.850	0.000	1.00540972
-1.150	0.850	0.000	1.00663638
-1.050	0.850	0.000	1.00758779
-0.950	0.850	0.000	1.00843394
-0.850	0.850	0.000	1.00844741
-0.750	0.850	0.000	1.00765121
-0.650	0.850	0.000	1.00639975
-0.550	0.850	0.000	1.00469720
-0.450	0.850	0.000	1.00332057
-0.350	0.850	0.000	1.00281990
-0.250	0.850	0.000	1.00348258
-0.150	0.850	0.000	1.00512969
-0.050	0.850	0.000	1.00752294
0.050	0.850	0.000	1.00934970
0.150	0.850	0.000	1.00956094
0.250	0.850	0.000	1.00837994
0.350	0.850	0.000	1.00607944
0.450	0.850	0.000	1.00404418
0.550	0.850	0.000	1.00297499
0.650	0.850	0.000	1.00264180
0.750	0.850	0.000	1.00266373
0.850	0.850	0.000	1.00296426
0.950	0.850	0.000	1.00346255
1.050	0.850	0.000	1.00399673
1.150	0.850	0.000	1.00497162
1.250	0.850	0.000	1.00603080
1.350	0.850	0.000	1.00746071
1.450	0.850	0.000	1.00926030
1.550	0.850	0.000	1.01154351
1.650	0.850	0.000	1.01395118
1.750	0.850	0.000	1.01622772
1.850	0.850	0.000	1.01760876
1.950	0.850	0.000	1.01756537
2.050	0.850	0.000	1.01684618
2.150	0.850	0.000	1.01592481
2.250	0.850	0.000	1.01398230
2.350	0.850	0.000	1.01218832
2.450	0.850	0.000	1.00887609
-2.450	0.950	0.000	1.00007021
-2.350	0.950	0.000	1.00001717
-2.250	0.950	0.000	1.00004530
-2.150	0.950	0.000	1.00011683
-2.050	0.950	0.000	1.00007367
-1.950	0.950	0.000	1.00017726
-1.850	0.950	0.000	1.00028563
-1.750	0.950	0.000	1.00048482
-1.650	0.950	0.000	1.00112784
-1.550	0.950	0.000	1.00162947
-1.450	0.950	0.000	1.00286090
-1.350	0.950	0.000	1.00380909
-1.250	0.950	0.000	1.00517678
-1.150	0.950	0.000	1.00635362
-1.050	0.950	0.000	1.00726533
-0.950	0.950	0.000	1.00811207
-0.850	0.950	0.000	1.00831509
-0.750	0.950	0.000	1.00749016
-0.650	0.950	0.000	1.00603867
-0.550	0.950	0.000	1.00415969
-0.450	0.950	0.000	1.00280535
-0.350	0.950	0.000	1.00235140
-0.250	0.950	0.000	1.00301492
-0.150	0.950	0.000	1.00454855
-0.050	0.950	0.000	1.00702143
0.050	0.950	0.000	1.00896502
0.150	0.950	0.000	1.00916135
0.250	0.950	0.000	1.00790250
0.350	0.950	0.000	1.00552654
0.450	0.950	0.000	1.00356889
0.550	0.950	0.000	1.00253522
0.650	0.950	0.000	1.00227737
0.750	0.950	0.000	1.00222540
0.850	0.950	0.000	1.00245619
0.950	0.950	0.000	1.00295079
1.050	0.950	0.000	1.00347281
1.150	0.950	0.000	1.00443125
1.250	0.950	0.000	1.00557232
1.350	0.950	0.000	1.00709748
1.450	0.950	0.000	1.00895047
1.550	0.950	0.000	1.01125610
1.650	0.950	0.000	1.01356983
1.750	0.950	0.000	1.01568341
1.850	0.950	0.000	1.01727152
1.950	0.950	0.000	1.01738346
2.050	0.950	0.000	1.01661801
2.150	0.950	0.000	1.01566684
2.250	0.950	0.000	1.01358771
2.350	0.950	0.000	1.01205659
2.450	0.950	0.000	1.00886929
-2.450	1.050	0.000	1.00013041
-2.350	1.050	0.000	1.00008881
-2.250	1.050	0.000	1.00010443
-2.150	1.050	0.000	1.00016665
-2.050	1.050	0.000	1.00009716
-1.950	1.050	0.000	1.00019121
-1.850	1.050	0.000	1.00029898
-1.750	1.050	0.000	1.00049663
-1.650	1.050	0.000	1.00111639
-1.550	1.050	0.000	1.00163460
-1.450	1.050	0.000	1.00278640
-1.350	1.050	0.000	1.00375533
-1.250	1.050	0.000	1.00496984
-1.150	1.050	0.000	1.00613976
-1.050	1.050	0.000	1.00701952
-0.950	1.050	0.000	1.00777757
-0.850	1.050	0.000	1.00776446
-0.750	1.050	0.000	1.00700939
-0.650	1.050	0.000	1.00575769
-0.550	1.050	0.000	1.00410509
-0.450	1.050	0.000	1.00280058
-0.350	1.050	0.000	1.00214791
-0.250	1.050	0.000	1.00267255
-0.150	1.050	0.000	1.00412667
-0.050	1.050	0.000	1.00654590
0.050	1.050	0.000	1.00850725
0.150	1.050	0.000	1.00858390
0.250	1.050	0.000	1.00719798
0.350	1.050	0.000	1.00495648
0.450	1.050	0.000	1.00330770
0.550	1.050	0.000	1.00241339
0.650	1.050	0.000	1.00229883
0.750	1.050	0.000	1.00230885
0.850	1.050	0.000	1.00258803
0.950	1.050	0.000	1.00314641
1.050	1.050	0.000	1.00368011
1.150	1.050	0.000	1.00456214
1.250	1.050	0.000	1.00572324
1.350	1.050	0.000	1.00725520
1.450	1.050	0.000	1.00903499
1.550	1.050	0.000	1.01126230
1.650	1.050	0.000	1.01342499
1.750	1.050	0.000	1.01532769
1.850	1.050	0.000	1.01656783
1.950	1.050	0.000	1.01655686
2.050	1.050	0.000	1.01578534
2.150	1.050	0.000	1.01501644
2.250	1.050	0.000	1.01306438
2.350	1.050	0.000	1.01171255
2.450	1.050	0.000	1.00866103
-2.450	1.150	0.000	1.00011325
-2.350	1.150	0.000	1.00009871
-2.250	1.150	0.000	1.00008655
-2.150	1.150	0.000	1.00012839
-2.050	1.150	0.000	1.00006998
-1.950	1.150	0.000	1.00016356
-1.850	1.150	0.000	1.00029194
-1.750	1.150	0.000	1.00051463
-1.650	1.150	0.000	1.00112617
-1.550	1.150	0.000	1.00163925
-1.450	1.150	0.000	1.00269830
-1.350	1.150	0.000	1.00359702
-1.250	1.150	0.000	1.00462377
-1.150	1.150	0.000	1.00573647
-1.050	1.150	0.000	1.00652254
-0.950	1.150	0.000	1.00740719
-0.850	1.150	0.000	1.00747919
-0.750	1.150	0.000	1.00681448
-0.650	1.150	0.000	1.00554562
-0.550	1.150	0.000	1.00385344
-0.450	1.150	0.000	1.00257230
-0.350	1.150	0.000	1.00204098
-0.250	1.150	0.000	1.00260341
-0.150	1.150	0.000	1.00406563
-0.050	1.150	0.000	1.00647235
0.050	1.150	0.000	1.00827980
0.150	1.150	0.000	1.00819373
0.250	1.150	0.000	1.00666010
0.350	1.150	0.000	1.00440633
0.450	1.150	0.000	1.00283933
0.550	1.150	0.000	1.00203741
0.650	1.150	0.000	1.00187910
0.750	1.150	0.000	1.00185895
0.850	1.150	0.000	1.00209677
0.950	1.150	0.000	1.00263011
1.050	1.150	0.000	1.00322485
1.150	1.150	0.000	1.00418615
1.250	1.150	0.000	1.00540447
1.350	1.150	0.000	1.00699115
1.450	1.150	0.000	1.00883639
1.550	1.150	0.000	1.01112390
1.650	1.150	0.000	1.01334143
1.750	1.150	0.000	1.01529455
1.850	1.150	0.000	1.01676011
1.950	1.150	0.000	1.01693213
2.050	1.150	0.000	1.01621270
2.150	1.150	0.000	1.01542461
2.250	1.150	0.000	1.01347291
2.350	1.150	0.000	1.01244628
2.450	1.150	0.000	1.00942719
-2.450	1.250	0.000	1.00025046
-2.350	1.250	0.000	1.00021160
-2.250	1.250	0.000	1.00021315
-2.150	1.250	0.000	1.00018752
-2.050	1.250	0.000	1.00012028
-1.950	1.250	0.000	1.00016654
-1.850	1.250	0.000	1.00029945
-1.750	1.250	0.000	1.00052285
-1.650	1.250	0.000	1.00109673
-1.550	1.250	0.000	1.00167120
-1.450	1.250	0.000	1.00269985
-1.350	1.250	0.000	1.00367951
-1.250	1.250	0.000	1.00454390
-1.150	1.250	0.000	1.00557399
-1.050	1.250	0.000	1.00624454
-0.950	1.250	0.000	1.00700474
-0.850	1.250	0.000	1.00700510
-0.750	1.250	0.000	1.00648963
-0.650	1.250	0.000	1.00540864
-0.550	1.250	0.000	1.00383031
-0.450	1.250	0.000	1.00257111
-0.350	1.250	0.000	1.00205767
-0.250	1.250	0.000	1.00255859
-0.150	1.250	0.000	1.00395858
-0.050	1.250	0.000	1.00627160
0.050	1.250	0.000	1.00786197
0.150	1.250	0.000	1.00752985
0.250	1.250	0.000	1.00580657
0.350	1.250	0.000	1.00394130
0.450	1.250	0.000	1.00278616
0.550	1.250	0.000	1.00221121
0.650	1.250	0.000	1.00217319
0.750	1.250	0.000	1.00217795
0.850	1.250	0.000	1.00240850
0.950	1.250	0.000	1.00294173
1.050	1.250	0.000	1.00357354
1.150	1.250	0.000	1.00449228
1.250	1.250	0.000	1.00570595
1.350	1.250	0.000	1.00726485
1.450	1.250	0.000	1.00896156
1.550	1.250	0.000	1.01099563
1.650	1.250	0.000	1.01284873
1.750	1.250	0.000	1.01448953
1.850	1.250	0.000	1.01573026
1.950	1.250	0.000	1.01593482
2.050	1.250	0.000	1.01539457
2.150	1.250	0.000	1.01493824
2.250	1.250	0.000	1.01338243
2.350	1.250	0.000	1.01279891
2.450	1.250	0.000	1.01016796
-2.450	1.350	0.000	1.00027657
-2.350	1.350	0.000	1.00022542
-2.250	1.350	0.000	1.00026667
-2.150	1.350	0.000	1.00025642
-2.050	1.350	0.000	1.00011802
-1.950	1.350	0.000	1.00021946
-1.850	1.350	0.000	1.00030017
-1.750	1.350	0.000	1.00053990
-1.650	1.350	0.000	1.00108600
-1.550	1.350	0.000	1.00161338
-1.450	1.350	0.000	1.00251234
-1.350	1.350	0.000	1.00342023
-1.250	1.350	0.000	1.00419736
-1.150	1.350	0.000	1.00522935
-1.050	1.350	0.000	1.00595379
-0.950	1.350	0.000	1.00676692
-0.850	1.350	0.000	1.00671589
-0.750	1.350	0.000	1.00633287
-0.650	1.350	0.000	1.00544083
-0.550	1.350	0.000	1.00391841
-0.450	1.350	0.000	1.00264323
-0.350	1.350	0.000	1.00212133
-0.250	1.350	0.000	1.00263906
-0.150	1.350	0.000	1.00417531
-0.050	1.350	0.000	1.00644946
0.050	1.350	0.000	1.00766778
0.150	1.350	0.000	1.00705075
0.250	1.350	0.000	1.00509691
0.350	1.350	0.000	1.00335038
0.450	1.350	0.000	1.00231397
0.550	1.350	0.000	1.00179899
0.650	1.350	0.000	1.00179696
0.750	1.350	0.000	1.00183690
0.850	1.350	0.000	1.00214386
0.950	1.350	0.000	1.00269938
1.050	1.350	0.000	1.00342607
1.150	1.350	0.000	1.00446987
1.250	1.350	0.000	1.00581384
1.350	1.350	0.000	1.00754213
1.450	1.350	0.000	1.00943851
1.550	1.350	0.000	1.01165986
1.650	1.350	0.000	1.01360047
1.750	1.350	0.000	1.01537645
1.850	1.350	0.000	1.01659155
1.950	1.350	0.000	1.01674044
2.050	1.350	0.000	1.01619351
2.150	1.350	0.000	1.01587796
2.250	1.350	0.000	1.01441634
2.350	1.350	0.000	1.01402259
2.450	1.350	0.000	1.01155889
-2.450	1.450	0.000	1.00059319
-2.350	1.450	0.000	1.00024760
-2.250	1.450	0.000	1.00021207
-2.150	1.450	0.000	1.00037670
-2.050	1.450	0.000	1.00023472
-1.950	1.450	0.000	1.00037694
-1.850	1.450	0.000	1.00033665
-1.750	1.450	0.000	1.00060940
-1.650	1.450	0.000	1.00104940
-1.550	1.450	0.000	1.00155973
-1.450	1.450	0.000	1.00228763
-1.350	1.450	0.000	1.00320947
-1.250	1.450	0.000	1.00395679
-1.150	1.450	0.000	1.00497007
-1.050	1.450	0.000	1.00567079
-0.950	1.450	0.000	1.00636148
-0.850	1.450	0.000	1.00634897
-0.750	1.450	0.000	1.00611413
-0.650	1.450	0.000	1.00537467
-0.550	1.450	0.000	1.00393879
-0.450	1.450	0.000	1.00267899
-0.350	1.450	0.000	1.00229585
-0.250	1.450	0.000	1.00277305
-0.150	1.450	0.000	1.00424683
-0.050	1.450	0.000	1.00633943
0.050	1.450	0.000	1.00718153
0.150	1.450	0.000	1.00627315
0.250	1.450	0.000	1.00439286
0.350	1.450	0.000	1.00320065
0.450	1.450	0.000	1.00259423
0.550	1.450	0.000	1.00216150
0.650	1.450	0.000	1.00223386
0.750	1.450	0.000	1.00230861
0.850	1.450	0.000	1.00265539
0.950	1.450	0.000	1.00330675
1.050	1.450	0.000	1.00411582
1.150	1.450	0.000	1.00512207
1.250	1.450	0.000	1.00627959
1.350	1.450	0.000	1.00771928
1.450	1.450	0.000	1.00930333
1.550	1.450	0.000	1.01119721
1.650	1.450	0.000	1.01292753
1.750	1.450	0.000	1.01448083
1.850	1.450	0.000	1.01579702
1.950	1.450	0.000	1.01618946
2.050	1.450	0.000	1.01592803
2.150	1.450	0.000	1.01589370
2.250	1.450	0.000	1.01492798
2.350	1.450	0.000	1.01501727
2.450	1.450	0.000	1.01307046
-2.450	1.550	0.000	1.00054264
-2.350	1.550	0.000	1.00027764
-2.250	1.550	0.000	1.00014091
-2.150	1.550	0.000	1.00038052
-2.050	1.550	0.000	1.00023901
-1.950	1.550	0.000	1.00051332
-1.850	1.550	0.000	1.00045812
-1.750	1.550	0.000	1.00069070
-1.650	1.550	0.000	1.00099301
-1.550	1.550	0.000	1.00144625
-1.450	1.550	0.000	1.00206661
-1.350	1.550	0.000	1.00289345
-1.250	1.550	0.000	1.00356090
-1.150	1.550	0.000	1.00446236
-1.050	1.550	0.000	1.00515616
-0.950	1.550	0.000	1.00594878
-0.850	1.550	0.000	1.00598729
-0.750	1.550	0.000	1.00609112
-0.650	1.550	0.000	1.00550914
-0.550	1.550	0.000	1.00408304
-0.450	1.550	0.000	1.00292671
-0.350	1.550	0.000	1.00253356
-0.250	1.550	0.000	1.00309217
-0.150	1.550	0.000	1.00460434
-0.050	1.550	0.000	1.00611103
0.050	1.550	0.000	1.00638604
0.150	1.550	0.000	1.00529480
0.250	1.550	0.000	1.00361502
0.350	1.550	0.000	1.00265360
0.450	1.550	0.000	1.00218797
0.550	1.550	0.000	1.00180626
0.650	1.550	0.000	1.00190902
0.750	1.550	0.000	1.00208700
0.850	1.550	0.000	1.00257051
0.950	1.550	0.000	1.00335073
1.050	1.550	0.000	1.00439119
1.150	1.550	0.000	1.00565076
1.250	1.550	0.000	1.00695169
1.350	1.550	0.000	1.00845480
1.450	1.550	0.000	1.01010835
1.550	1.550	0.000	1.01203001
1.650	1.550	0.000	1.01373708
1.750	1.550	0.000	1.01532483
1.850	1.550	0.000	1.01674390
1.950	1.550	0.000	1.01717174
2.050	1.550	0.000	1.01691544
2.150	1.550	0.000	1.01686513
2.250	1.550	0.000	1.01590526
2.350	1.550	0.000	1.01623237
2.450	1.550	0.000	1.01464283
-2.450	1.650	0.000	1.00066233
-2.350	1.650	0.000	1.00070953
-2.250	1.650	0.000	1.00029945
-2.150	1.650	0.000	1.00043476
-2.050	1.650	0.000	1.00028503
-1.950	1.650	0.000	1.00049531
-1.850	1.650	0.000	1.00043690
-1.750	1.650	0.000	1.00066662
-1.650	1.650	0.000	1.00088406
-1.550	1.650	0.000	1.00124323
-1.450	1.650	0.000	1.00174153
-1.350	1.650	0.000	1.00254226
-1.250	1.650	0.000	1.00321639
-1.150	1.650	0.000	1.00408411
-1.050	1.650	0.000	1.00469482
-0.950	1.650	0.000	1.00533962
-0.850	1.650	0.000	1.00563824
-0.750	1.650	0.000	1.00587511
-0.650	1.650	0.000	1.00537348
-0.550	1.650	0.000	1.00415754
-0.450	1.650	0.000	1.00328791
-0.350	1.650	0.000	1.00294209
-0.250	1.650	0.000	1.00344920
-0.150	1.650	0.000	1.00461257
-0.050	1.650	0.000	1.00555408
0.050	1.650	0.000	1.00544834
0.150	1.650	0.000	1.00447261
0.250	1.650	0.000	1.00339854
0.350	1.650	0.000	1.00281906
0.450	1.650	0.000	1.00270998
0.550	1.650	0.000	1.00236583
0.650	1.650	0.000	1.00254083
0.750	1.650	0.000	1.00282717
0.850	1.650	0.000	1.00335050
0.950	1.650	0.000	1.00408733
1.050	1.650	0.000	1.00498962
1.150	1.650	0.000	1.00607026
1.250	1.650	0.000	1.00715828
1.350	1.650	0.000	1.00849307
1.450	1.650	0.000	1.01000130
1.550	1.650	0.000	1.01176953
1.650	1.650	0.000	1.01340961
1.750	1.650	0.000	1.01499653
1.850	1.650	0.000	1.01639473
1.950	1.650	0.000	1.01724374
2.050	1.650	0.000	1.01733828
2.150	1.650	0.000	1.01754797
2.250	1.650	0.000	1.01685381
2.350	1.650	0.000	1.01735330
2.450	1.650	0.000	1.01605797
-2.450	1.750	0.000	1.00084805
-2.350	1.750	0.000	1.00161839
-2.250	1.750	0.000	1.00069797
-2.150	1.750	0.000	1.00099039
-2.050	1.750	0.000	1.00036871
-1.950	1.750	0.000	1.00050950
-1.850	1.750	0.000	1.00036728
-1.750	1.750	0.000	1.00058973
-1.650	1.750	0.000	1.00073683
-1.550	1.750	0.000	1.00105500
-1.450	1.750	0.000	1.00150323
-1.350	1.750	0.000	1.00226390
-1.250	1.750	0.000	1.00289714
-1.150	1.750	0.000	1.00364888
-1.050	1.750	0.000	1.00421238
-0.950	1.750	0.000	1.00481379
-0.850	1.750	0.000	1.00536537
-0.750	1.750	0.000	1.00572336
-0.650	1.750	0.000	1.00537372
-0.550	1.750	0.000	1.00444257
-0.450	1.750	0.000	1.00385427
-0.350	1.750	0.000	1.00354445
-0.250	1.750	0.000	1.00391090
-0.150	1.750	0.000	1.00444734
-0.050	1.750	0.000	1.00461245
0.050	1.750	0.000	1.00418055
0.150	1.750	0.000	1.00347030
0.250	1.750	0.000	1.00268948
0.350	1.750	0.000	1.00214565
0.450	1.750	0.000	1.00205433
0.550	1.750	0.000	1.00195467
0.650	1.750	0.000	1.00223756
0.750	1.750	0.000	1.00277007
0.850	1.750	0.000	1.00353289
0.950	1.750	0.000	1.00453639
1.050	1.750	0.000	1.00561380
1.150	1.750	0.000	1.00677395
1.250	1.750	0.000	1.00796366
1.350	1.750	0.000	1.00939989
1.450	1.750	0.000	1.01101828
1.550	1.750	0.000	1.01288962
1.650	1.750	0.000	1.01452267
1.750	1.750	0.000	1.01608479
1.850	1.750	0.000	1.01738513
1.950	1.750	0.000	1.01813889
2.050	1.750	0.000	1.01820862
2.150	1.750	0.000	1.01848102
2.250	1.750	0.000	1.01803648
2.350	1.750	0.000	1.01875579
2.450	1.750	0.000	1.01784325
-2.450	1.850	0.000	1.00014150
-2.350	1.850	0.000	1.00082660
-2.250	1.850	0.000	1.00059819
-2.150	1.850	0.000	1.00139749
-2.050	1.850	0.000	1.00084054
-1.950	1.850	0.000	1.00098145
-1.850	1.850	0.000	1.00070810
-1.750	1.850	0.000	1.00085604
-1.650	1.850	0.000	1.00084555
-1.550	1.850	0.000	1.00109887
-1.450	1.850	0.000	1.00140417
-1.350	1.850	0.000	1.00198853
-1.250	1.850	0.000	1.00251639
-1.150	1.850	0.000	1.00327492
-1.050	1.850	0.000	1.00383782
-0.950	1.850	0.000	1.00453949
-0.850	1.850	0.000	1.00526500
-0.750	1.850	0.000	1.00564039
-0.650	1.850	0.000	1.00575006
-0.550	1.850	0.000	1.00521576
-0.450	1.850	0.000	1.00465703
-0.350	1.850	0.000	1.00418532
-0.250	1.850	0.000	1.00390768
-0.150	1.850	0.000	1.00363183
-0.050	1.850	0.000	1.00366712
0.050	1.850	0.000	1.00351906
0.150	1.850	0.000	1.00329113
0.250	1.850	0.000	1.00309885
0.350	1.850	0.000	1.00282598
0.450	1.850	0.000	1.00299966
0.550	1.850	0.000	1.00292301
0.650	1.850	0.000	1.00304163
0.750	1.850	0.000	1.00336194
0.850	1.850	0.000	1.00386047
0.950	1.850	0.000	1.00454986
1.050	1.850	0.000	1.00545132
1.150	1.850	0.000	1.00667930
1.250	1.850	0.000	1.00804508
1.350	1.850	0.000	1.00966930
1.450	1.850	0.000	1.01133072
1.550	1.850	0.000	1.01314247
1.650	1.850	0.000	1.01468873
1.750	1.850	0.000	1.01622891
1.850	1.850	0.000	1.01739585
1.950	1.850	0.000	1.01834440
2.050	1.850	0.000	1.01870680
2.150	1.850	0.000	1.01927972
2.250	1.850	0.000	1.01915312
2.350	1.850	0.000	1.02003777
2.450	1.850	0.000	1.01953125
-2.450	1.950	0.000	1.00124753
-2.350	1.950	0.000	1.00021124
-2.250	1.950	0.000	1.00008857
-2.150	1.950	0.000	1.00062740
-2.050	1.950	0.000	1.00081253
-1.950	1.950	0.000	1.00114691
-1.850	1.950	0.000	1.00103426
-1.750	1.950	0.000	1.00107145
-1.650	1.950	0.000	1.00093925
-1.550	1.950	0.000	1.00113595
-1.450	1.950	0.000	1.00129771
-1.350	1.950	0.000	1.00180650
-1.250	1.950	0.000	1.00228059
-1.150	1.950	0.000	1.00297427
-1.050	1.950	0.000	1.00354528
-0.950	1.950	0.000	1.00437605
-0.850	1.950	0.000	1.00520515
-0.750	1.950	0.000	1.00588942
-0.650	1.950	0.000	1.00650430
-0.550	1.950	0.000	1.00625074
-0.450	1.950	0.000	1.00552654
-0.350	1.950	0.000	1.00434363
-0.250	1.950	0.000	1.00335026
-0.150	1.950	0.000	1.00270307
-0.050	1.950	0.000	1.00251079
0.050	1.950	0.000	1.00245118
0.150	1.950	0.000	1.00242364
0.250	1.950	0.000	1.00226688
0.350	1.950	0.000	1.00202370
0.450	1.950	0.000	1.00232458
0.550	1.950	0.000	1.00271392
0.650	1.950	0.000	1.00315785
0.750	1.950	0.000	1.00380266
0.850	1.950	0.000	1.00440586
0.950	1.950	0.000	1.00514984
1.050	1.950	0.000	1.00606835
1.150	1.950	0.000	1.00733912
1.250	1.950	0.000	1.00881767
1.350	1.950	0.000	1.01055324
1.450	1.950	0.000	1.01234090
1.550	1.950	0.000	1.01425219
1.650	1.950	0.000	1.01586044
1.750	1.950	0.000	1.01755095
1.850	1.950	0.000	1.01893306
1.950	1.950	0.000	1.02031529
2.050	1.950	0.000	1.02091908
2.150	1.950	0.000	1.02178741
2.250	1.950	0.000	1.02180207
2.350	1.950	0.000	1.02249277
2.450	1.950	0.000	1.02231014
-2.450	2.050	0.000	1.00468683
-2.350	2.050	0.000	1.00302088
-2.250	2.050	0.000	1.00172746
-2.150	2.050	0.000	1.00053442
-2.050	2.050	0.000	1.00009406
-1.950	2.050	0.000	1.00028729
-1.850	2.050	0.000	1.00047636
-1.750	2.050	0.000	1.00087380
-1.650	2.050	0.000	1.00097656
-1.550	2.050	0.000	1.00129175
-1.450	2.050	0.000	1.00139272
-1.350	2.050	0.000	1.00191808
-1.250	2.050	0.000	1.00225627
-1.150	2.050	0.000	1.00296998
-1.050	2.050	0.000	1.00355947
-0.950	2.050	0.000	1.00446105
-0.850	2.050	0.000	1.00521636
-0.750	2.050	0.000	1.00615680
-0.650	2.050	0.000	1.00673461
-0.550	2.050	0.000	1.00636220
-0.450	2.050	0.000	1.00546432
-0.350	2.050	0.000	1.00398564
-0.250	2.050	0.000	1.00264966
-0.150	2.050	0.000	1.00199032
-0.050	2.050	0.000	1.00206196
0.050	2.050	0.000	1.00254166
0.150	2.050	0.000	1.00315738
0.250	2.050	0.000	1.00348938
0.350	2.050	0.000	1.00329626
0.450	2.050	0.000	1.00335217
0.550	2.050	0.000	1.00338233
0.650	2.050	0.000	1.00337768
0.750	2.050	0.000	1.00369120
0.850	2.050	0.000	1.00416374
0.950	2.050	0.000	1.00492764
1.050	2.050	0.000	1.00605738
1.150	2.050	0.000	1.00746632
1.250	2.050	0.000	1.00900376
1.350	2.050	0.000	1.01074946
1.450	2.050	0.000	1.01251256
1.550	2.050	0.000	1.01442289
1.650	2.050	0.000	1.01605344
1.750	2.050	0.000	1.01770961
1.850	2.050	0.000	1.01908910
1.950	2.050	0.000	1.02054739
2.050	2.050	0.000	1.02128625
2.150	2.050	0.000	1.02239978
2.250	2.050	0.000	1.02265644
2.350	2.050	0.000	1.02354348
2.450	2.050	0.000	1.02352893
-2.450	2.150	0.000	1.00767291
-2.350	2.150	0.000	1.00716960
-2.250	2.150	0.000	1.00574207
-2.150	2.150	0.000	1.00431573
-2.050	2.150	0.000	1.00254524
-1.950	2.150	0.000	1.00114489
-1.850	2.150	0.000	1.00042033
-1.750	2.150	0.000	1.00026560
-1.650	2.150	0.000	1.00036144
-1.550	2.150	0.000	1.00059998
-1.450	2.150	0.000	1.00085580
-1.350	2.150	0.000	1.00135243
-1.250	2.150	0.000	1.00177240
-1.150	2.150	0.000	1.00247121
-1.050	2.150	0.000	1.00316131
-0.950	2.150	0.000	1.00412428
-0.850	2.150	0.000	1.00500596
-0.750	2.150	0.000	1.00625360
-0.650	2.150	0.000	1.00689244
-0.550	2.150	0.000	1.00649464
-0.450	2.150	0.000	1.00532103
-0.350	2.150	0.000	1.00351107
-0.250	2.150	0.000	1.00214469
-0.150	2.150	0.000	1.00154805
-0.050	2.150	0.000	1.00151169
0.050	2.150	0.000	1.00186741
0.150	2.150	0.000	1.00226140
0.250	2.150	0.000	1.00268519
0.350	2.150	0.000	1.00307167
0.450	2.150	0.000	1.00340044
0.550	2.150	0.000	1.00385880
0.650	2.150	0.000	1.00400710
0.750	2.150	0.000	1.00423527
0.850	2.150	0.000	1.00469840
0.950	2.150	0.000	1.00545561
1.050	2.150	0.000	1.00663245
1.150	2.150	0.000	1.00819206
1.250	2.150	0.000	1.00990129
1.350	2.150	0.000	1.01178491
1.450	2.150	0.000	1.01373732
1.550	2.150	0.000	1.01583660
1.650	2.150	0.000	1.01767731
1.750	2.150	0.000	1.01949251
1.850	2.150	0.000	1.02098405
1.950	2.150	0.000	1.02257538
2.050	2.150	0.000	1.02336752
2.150	2.150	0.000	1.02455854
2.250	2.150	0.000	1.02488911
2.350	2.150	0.000	1.02599382
2.450	2.150	0.000	1.02534580
-2.450	2.250	0.000	1.00866115
-2.350	2.250	0.000	1.00912583
-2.250	2.250	0.000	1.00852609
-2.150	2.250	0.000	1.00818253
-2.050	2.250	0.000	1.00705433
-1.950	2.250	0.000	1.00557494
-1.850	2.250	0.000	1.00407434
-1.750	2.250	0.000	1.00279510
-1.650	2.250	0.000	1.00195777
-1.550	2.250	0.000	1.00158930
-1.450	2.250	0.000	1.00138497
-1.350	2.250	0.000	1.00176072
-1.250	2.250	0.000	1.00194216
-1.150	2.250	0.000	1.00256109
-1.050	2.250	0.000	1.00312996
-0.950	2.250	0.000	1.00411248
-0.850	2.250	0.000	1.00506461
-0.750	2.250	0.000	1.00623953
-0.650	2.250	0.000	1.00675535
-0.550	2.250	0.000	1.00650120
-0.450	2.250	0.000	1.00568688
-0.350	2.250	0.000	1.00421679
-0.250	2.250	0.000	1.00283885
-0.150	2.250	0.000	1.00212288
-0.050	2.250	0.000	1.00227034
0.050	2.250	0.000	1.00293124
0.150	2.250	0.000	1.00377941
0.250	2.250	0.000	1.00418699
0.350	2.250	0.000	1.00402498
0.450	2.250	0.000	1.00367844
0.550	2.250	0.000	1.00361741
0.650	2.250	0.000	1.00371921
0.750	2.250	0.000	1.00400341
0.850	2.250	0.000	1.00458419
0.950	2.250	0.000	1.00543797
1.050	2.250	0.000	1.00653887
1.150	2.250	0.000	1.00793159
1.250	2.250	0.000	1.00955939
1.350	2.250	0.000	1.01149189
1.450	2.250	0.000	1.01349831
1.550	2.250	0.000	1.01558185
1.650	2.250	0.000	1.01737022
1.750	2.250	0.000	1.01899052
1.850	2.250	0.000	1.02039909
1.950	2.250	0.000	1.02202213
2.050	2.250	0.000	1.02297902
2.150	2.250	0.000	1.02432263
2.250	2.250	0.000	1.02477503
2.350	2.250	0.000	1.02603018
2.450	2.250	0.000	1.02494657
-2.450	2.350	0.000	1.00885820
-2.350	2.350	0.000	1.00965023
-2.250	2.350	0.000	1.00969529
-2.150	2.350	0.000	1.01028335
-2.050	2.350	0.000	1.01018822
-1.950	2.350	0.000	1.00998664
-1.850	2.350	0.000	1.00918663
-1.750	2.350	0.000	1.00822997
-1.650	2.350	0.000	1.00709713
-1.550	2.350	0.000	1.00632024
-1.450	2.350	0.000	1.00527871
-1.350	2.350	0.000	1.00525630
-1.250	2.350	0.000	1.00478256
-1.150	2.350	0.000	1.00496089
-1.050	2.350	0.000	1.00513852
-0.950	2.350	0.000	1.00581396
-0.850	2.350	0.000	1.00655770
-0.750	2.350	0.000	1.00737584
-0.650	2.350	0.000	1.00783551
-0.550	2.350	0.000	1.00762129
-0.450	2.350	0.000	1.00686204
-0.350	2.350	0.000	1.00530934
-0.250	2.350	0.000	1.00359952
-0.150	2.350	0.000	1.00253725
-0.050	2.350	0.000	1.00259852
0.050	2.350	0.000	1.00332963
0.150	2.350	0.000	1.00427985
0.250	2.350	0.000	1.00515628
0.350	2.350	0.000	1.00552511
0.450	2.350	0.000	1.00538826
0.550	2.350	0.000	1.00481963
0.650	2.350	0.000	1.00478339
0.750	2.350	0.000	1.00508392
0.850	2.350	0.000	1.00568402
0.950	2.350	0.000	1.00664902
1.050	2.350	0.000	1.00778723
1.150	2.350	0.000	1.00917077
1.250	2.350	0.000	1.01093805
1.350	2.350	0.000	1.01308227
1.450	2.350	0.000	1.01527131
1.550	2.350	0.000	1.01747870
1.650	2.350	0.000	1.01935339
1.750	2.350	0.000	1.02107584
1.850	2.350	0.000	1.02272558
1.950	2.350	0.000	1.02451086
2.050	2.350	0.000	1.02551711
2.150	2.350	0.000	1.02688658
2.250	2.350	0.000	1.02730048
2.350	2.350	0.000	1.02844870
2.450	2.350	0.000	1.02643228
-2.450	2.450	0.000	1.00732958
-2.350	2.450	0.000	1.00863063
-2.250	2.450	0.000	1.00913799
-2.150	2.450	0.000	1.01051986
-2.050	2.450	0.000	1.01113510
-1.950	2.450	0.000	1.01207519
-1.850	2.450	0.000	1.01228082
-1.750	2.450	0.000	1.01235187
-1.650	2.450	0.000	1.01194024
-1.550	2.450	0.000	1.01170802
-1.450	2.450	0.000	1.01081407
-1.350	2.450	0.000	1.01090765
-1.250	2.450	0.000	1.01023865
-1.150	2.450	0.000	1.01018739
-1.050	2.450	0.000	1.01006472
-0.950	2.450	0.000	1.01043844
-0.850	2.450	0.000	1.01083112
-0.750	2.450	0.000	1.01124859
-0.650	2.450	0.000	1.01150870
-0.550	2.450	0.000	1.01122129
-0.450	2.450	0.000	1.01051652
-0.350	2.450	0.000	1.00927603
-0.250	2.450	0.000	1.00712442
-0.150	2.450	0.000	1.00560093
-0.050	2.450	0.000	1.00435448
0.050	2.450	0.000	1.00377011
0.150	2.450	0.000	1.00391054
0.250	2.450	0.000	1.00410509
0.350	2.450	0.000	1.00434673
0.450	2.450	0.000	1.00437248
0.550	2.450	0.000	1.00417888
0.650	2.450	0.000	1.00439489
0.750	2.450	0.000	1.00458515
0.850	2.450	0.000	1.00507283
0.950	2.450	0.000	1.00577557
1.050	2.450	0.000	1.00660419
1.150	2.450	0.000	1.00777662
1.250	2.450	0.000	1.00938559
1.350	2.450	0.000	1.01146817
1.450	2.450	0.000	1.01368392
1.550	2.450	0.000	1.01601458
1.650	2.450	0.000	1.01821876
1.750	2.450	0.000	1.02024484
1.850	2.450	0.000	1.02201819
1.950	2.450	0.000	1.02387953
2.050	2.450	0.000	1.02477407
2.150	2.450	0.000	1.02592492
2.250	2.450	0.000	1.02619815
2.350	2.450	0.000	1.02708638
2.450	2.450	0.000	1.02505600
