-2.450	-2.450	0.000	0.02924854
-2.350	-2.450	0.000	0.03569696
-2.250	-2.450	0.000	0.06038646
-2.150	-2.450	0.000	0.06439216
-2.050	-2.450	0.000	0.06603837
-1.950	-2.450	0.000	0.06988075
-1.850	-2.450	0.000	0.06063120
-1.750	-2.450	0.000	0.07048187
-1.650	-2.450	0.000	0.07339211
-1.550	-2.450	0.000	0.07994930
-1.450	-2.450	0.000	0.09427933
-1.350	-2.450	0.000	0.09994745
-1.250	-2.450	0.000	0.11364165
-1.150	-2.450	0.000	0.12383870
-1.050	-2.450	0.000	0.13261531
-0.950	-2.450	0.000	0.13875559
-0.850	-2.450	0.000	0.14226215
-0.750	-2.450	0.000	0.14500567
-0.650	-2.450	0.000	0.14490205
-0.550	-2.450	0.000	0.14282221
-0.450	-2.450	0.000	0.13977668
-0.350	-2.450	0.000	0.13672525
-0.250	-2.450	0.000	0.13441147
-0.150	-2.450	0.000	0.13195737
-0.050	-2.450	0.000	0.12992981
0.050	-2.450	0.000	0.12855195
0.150	-2.450	0.000	0.12839878
0.250	-2.450	0.000	0.12909365
0.350	-2.450	0.000	0.12967056
0.450	-2.450	0.000	0.12970239
0.550	-2.450	0.000	0.12851162
0.650	-2.450	0.000	0.12783092
0.750	-2.450	0.000	0.12755500
0.850	-2.450	0.000	0.13000613
0.950	-2.450	0.000	0.13318649
1.050	-2.450	0.000	0.13856573
1.150	-2.450	0.000	0.14631395
1.250	-2.450	0.000	0.15434492
1.350	-2.450	0.000	0.16009641
1.450	-2.450	0.000	0.16579320
1.550	-2.450	0.000	0.16744700
1.650	-2.450	0.000	0.16572340
1.750	-2.450	0.000	0.16167435
1.850	-2.450	0.000	0.15830185
1.950	-2.450	0.000	0.15172297
2.050	-2.450	0.000	0.14913461
2.150	-2.450	0.000	0.14248098
2.250	-2.450	0.000	0.14477332
2.350	-2.450	0.000	0.14311478
2.450	-2.450	0.000	0.15368189
-2.450	-2.350	0.000	0.02993429
-2.350	-2.350	0.000	0.03668530
-2.250	-2.350	0.000	0.05937559
-2.150	-2.350	0.000	0.06396493
-2.050	-2.350	0.000	0.06753436
-1.950	-2.350	0.000	0.07191068
-1.850	-2.350	0.000	0.06517292
-1.750	-2.350	0.000	0.07401797
-1.650	-2.350	0.000	0.07680757
-1.550	-2.350	0.000	0.08360481
-1.450	-2.350	0.000	0.09700999
-1.350	-2.350	0.000	0.10231520
-1.250	-2.350	0.000	0.11559565
-1.150	-2.350	0.000	0.12617046
-1.050	-2.350	0.000	0.13541245
-0.950	-2.350	0.000	0.14166442
-0.850	-2.350	0.000	0.14516123
-0.750	-2.350	0.000	0.14774206
-0.650	-2.350	0.000	0.14754301
-0.550	-2.350	0.000	0.14520858
-0.450	-2.350	0.000	0.14165336
-0.350	-2.350	0.000	0.13812220
-0.250	-2.350	0.000	0.13556343
-0.150	-2.350	0.000	0.13325705
-0.050	-2.350	0.000	0.13166013
0.050	-2.350	0.000	0.13089992
0.150	-2.350	0.000	0.13118437
0.250	-2.350	0.000	0.13180032
0.350	-2.350	0.000	0.13220832
0.450	-2.350	0.000	0.13188176
0.550	-2.350	0.000	0.13046519
0.650	-2.350	0.000	0.12960313
0.750	-2.350	0.000	0.12941989
0.850	-2.350	0.000	0.13196118
0.950	-2.350	0.000	0.13664299
1.050	-2.350	0.000	0.14346780
1.150	-2.350	0.000	0.15209377
1.250	-2.350	0.000	0.16105001
1.350	-2.350	0.000	0.16673009
1.450	-2.350	0.000	0.17216963
1.550	-2.350	0.000	0.17345268
1.650	-2.350	0.000	0.17191392
1.750	-2.350	0.000	0.16818245
1.850	-2.350	0.000	0.16506875
1.950	-2.350	0.000	0.15787792
2.050	-2.350	0.000	0.15386830
2.150	-2.350	0.000	0.14688830
2.250	-2.350	0.000	0.14833932
2.350	-2.350	0.000	0.14687954
2.450	-2.350	0.000	0.15489562
-2.450	-2.250	0.000	0.03088059
-2.350	-2.250	0.000	0.03806557
-2.250	-2.250	0.000	0.05895772
-2.150	-2.250	0.000	0.06389381
-2.050	-2.250	0.000	0.06847209
-1.950	-2.250	0.000	0.07292985
-1.850	-2.250	0.000	0.06768963
-1.750	-2.250	0.000	0.07604718
-1.650	-2.250	0.000	0.07886121
-1.550	-2.250	0.000	0.08591907
-1.450	-2.250	0.000	0.09881616
-1.350	-2.250	0.000	0.10396908
-1.250	-2.250	0.000	0.11693920
-1.150	-2.250	0.000	0.12751387
-1.050	-2.250	0.000	0.13697225
-0.950	-2.250	0.000	0.14341721
-0.850	-2.250	0.000	0.14700277
-0.750	-2.250	0.000	0.14973693
-0.650	-2.250	0.000	0.14959969
-0.550	-2.250	0.000	0.14707863
-0.450	-2.250	0.000	0.14295428
-0.350	-2.250	0.000	0.13887987
-0.250	-2.250	0.000	0.13590081
-0.150	-2.250	0.000	0.13378026
-0.050	-2.250	0.000	0.13242240
0.050	-2.250	0.000	0.13223389
0.150	-2.250	0.000	0.13280281
0.250	-2.250	0.000	0.13333552
0.350	-2.250	0.000	0.13346343
0.450	-2.250	0.000	0.13296252
0.550	-2.250	0.000	0.13170923
0.650	-2.250	0.000	0.13116105
0.750	-2.250	0.000	0.13152450
0.850	-2.250	0.000	0.13429314
0.950	-2.250	0.000	0.14006390
1.050	-2.250	0.000	0.14804727
1.150	-2.250	0.000	0.15739620
1.250	-2.250	0.000	0.16637586
1.350	-2.250	0.000	0.17222844
1.450	-2.250	0.000	0.17709813
1.550	-2.250	0.000	0.17747134
1.650	-2.250	0.000	0.17545991
1.750	-2.250	0.000	0.17056555
1.850	-2.250	0.000	0.16647869
1.950	-2.250	0.000	0.15855807
2.050	-2.250	0.000	0.15357003
2.150	-2.250	0.000	0.14593017
2.250	-2.250	0.000	0.14637864
2.350	-2.250	0.000	0.14481688
2.450	-2.250	0.000	0.15297012
-2.450	-2.150	0.000	0.03212954
-2.350	-2.150	0.000	0.03971518
-2.250	-2.150	0.000	0.05904461
-2.150	-2.150	0.000	0.06432007
-2.050	-2.150	0.000	0.07009108
-1.950	-2.150	0.000	0.07458809
-1.850	-2.150	0.000	0.07089251
-1.750	-2.150	0.000	0.07896058
-1.650	-2.150	0.000	0.08171605
-1.550	-2.150	0.000	0.08896185
-1.450	-2.150	0.000	0.10106433
-1.350	-2.150	0.000	0.10592387
-1.250	-2.150	0.000	0.11850436
-1.150	-2.150	0.000	0.12915625
-1.050	-2.150	0.000	0.13899864
-0.950	-2.150	0.000	0.14586261
-0.850	-2.150	0.000	0.14975765
-0.750	-2.150	0.000	0.15256517
-0.650	-2.150	0.000	0.15235394
-0.550	-2.150	0.000	0.14951484
-0.450	-2.150	0.000	0.14482440
-0.350	-2.150	0.000	0.14022164
-0.250	-2.150	0.000	0.13670009
-0.150	-2.150	0.000	0.13446382
-0.050	-2.150	0.000	0.13309141
0.050	-2.150	0.000	0.13299815
0.150	-2.150	0.000	0.13376184
0.250	-2.150	0.000	0.13434894
0.350	-2.150	0.000	0.13448587
0.450	-2.150	0.000	0.13388708
0.550	-2.150	0.000	0.13300839
0.650	-2.150	0.000	0.13308056
0.750	-2.150	0.000	0.13440908
0.850	-2.150	0.000	0.13801743
0.950	-2.150	0.000	0.14453787
1.050	-2.150	0.000	0.15311009
1.150	-2.150	0.000	0.16280602
1.250	-2.150	0.000	0.17121261
1.350	-2.150	0.000	0.17636624
1.450	-2.150	0.000	0.17916802
1.550	-2.150	0.000	0.17856136
1.650	-2.150	0.000	0.17622083
1.750	-2.150	0.000	0.17118599
1.850	-2.150	0.000	0.16719617
1.950	-2.150	0.000	0.15919715
2.050	-2.150	0.000	0.15325047
2.150	-2.150	0.000	0.14473304
2.250	-2.150	0.000	0.14439511
2.350	-2.150	0.000	0.14269213
2.450	-2.150	0.000	0.15010798
-2.450	-2.050	0.000	0.03436098
-2.350	-2.050	0.000	0.04227902
-2.250	-2.050	0.000	0.06020170
-2.150	-2.050	0.000	0.06592268
-2.050	-2.050	0.000	0.07242535
-1.950	-2.050	0.000	0.07638426
-1.850	-2.050	0.000	0.07347062
-1.750	-2.050	0.000	0.08140551
-1.650	-2.050	0.000	0.08417602
-1.550	-2.050	0.000	0.09151489
-1.450	-2.050	0.000	0.10298272
-1.350	-2.050	0.000	0.10772581
-1.250	-2.050	0.000	0.11995693
-1.150	-2.050	0.000	0.13066259
-1.050	-2.050	0.000	0.14087643
-0.950	-2.050	0.000	0.14814734
-0.850	-2.050	0.000	0.15226819
-0.750	-2.050	0.000	0.15533960
-0.650	-2.050	0.000	0.15532507
-0.550	-2.050	0.000	0.15247715
-0.450	-2.050	0.000	0.14745112
-0.350	-2.050	0.000	0.14235903
-0.250	-2.050	0.000	0.13824761
-0.150	-2.050	0.000	0.13607951
-0.050	-2.050	0.000	0.13461278
0.050	-2.050	0.000	0.13453379
0.150	-2.050	0.000	0.13549945
0.250	-2.050	0.000	0.13597001
0.350	-2.050	0.000	0.13571604
0.450	-2.050	0.000	0.13479374
0.550	-2.050	0.000	0.13420793
0.650	-2.050	0.000	0.13498296
0.750	-2.050	0.000	0.13731335
0.850	-2.050	0.000	0.14147578
0.950	-2.050	0.000	0.14822167
1.050	-2.050	0.000	0.15629596
1.150	-2.050	0.000	0.16528733
1.250	-2.050	0.000	0.17286149
1.350	-2.050	0.000	0.17746650
1.450	-2.050	0.000	0.17871483
1.550	-2.050	0.000	0.17693187
1.650	-2.050	0.000	0.17401154
1.750	-2.050	0.000	0.16881444
1.850	-2.050	0.000	0.16525218
1.950	-2.050	0.000	0.15761440
2.050	-2.050	0.000	0.15130362
2.150	-2.050	0.000	0.14274669
2.250	-2.050	0.000	0.14215909
2.350	-2.050	0.000	0.14047091
2.450	-2.050	0.000	0.14769915
-2.450	-1.950	0.000	0.03734178
-2.350	-1.950	0.000	0.04538157
-2.250	-1.950	0.000	0.06225836
-2.150	-1.950	0.000	0.06813807
-2.050	-1.950	0.000	0.07521782
-1.950	-1.950	0.000	0.07903007
-1.850	-1.950	0.000	0.07648334
-1.750	-1.950	0.000	0.08411323
-1.650	-1.950	0.000	0.08696607
-1.550	-1.950	0.000	0.09417211
-1.450	-1.950	0.000	0.10527276
-1.350	-1.950	0.000	0.11017547
-1.250	-1.950	0.000	0.12193320
-1.150	-1.950	0.000	0.13258034
-1.050	-1.950	0.000	0.14308813
-0.950	-1.950	0.000	0.15083113
-0.850	-1.950	0.000	0.15531904
-0.750	-1.950	0.000	0.15869491
-0.650	-1.950	0.000	0.15878096
-0.550	-1.950	0.000	0.15593125
-0.450	-1.950	0.000	0.15071061
-0.350	-1.950	0.000	0.14531440
-0.250	-1.950	0.000	0.14054160
-0.150	-1.950	0.000	0.13814451
-0.050	-1.950	0.000	0.13638920
0.050	-1.950	0.000	0.13610901
0.150	-1.950	0.000	0.13701749
0.250	-1.950	0.000	0.13743879
0.350	-1.950	0.000	0.13682830
0.450	-1.950	0.000	0.13574475
0.550	-1.950	0.000	0.13534497
0.650	-1.950	0.000	0.13648279
0.750	-1.950	0.000	0.13936207
0.850	-1.950	0.000	0.14380871
0.950	-1.950	0.000	0.15053940
1.050	-1.950	0.000	0.15822172
1.150	-1.950	0.000	0.16641726
1.250	-1.950	0.000	0.17215936
1.350	-1.950	0.000	0.17544590
1.450	-1.950	0.000	0.17542599
1.550	-1.950	0.000	0.17320971
1.650	-1.950	0.000	0.17077115
1.750	-1.950	0.000	0.16607815
1.850	-1.950	0.000	0.16323555
1.950	-1.950	0.000	0.15656082
2.050	-1.950	0.000	0.15058146
2.150	-1.950	0.000	0.14189950
2.250	-1.950	0.000	0.14080162
2.350	-1.950	0.000	0.13823120
2.450	-1.950	0.000	0.14531812
-2.450	-1.850	0.000	0.04212577
-2.350	-1.850	0.000	0.05017950
-2.250	-1.850	0.000	0.06572631
-2.150	-1.850	0.000	0.07150774
-2.050	-1.850	0.000	0.07873430
-1.950	-1.850	0.000	0.08242717
-1.850	-1.850	0.000	0.07980558
-1.750	-1.850	0.000	0.08669198
-1.650	-1.850	0.000	0.08961191
-1.550	-1.850	0.000	0.09668837
-1.450	-1.850	0.000	0.10751760
-1.350	-1.850	0.000	0.11284146
-1.250	-1.850	0.000	0.12417933
-1.150	-1.850	0.000	0.13470744
-1.050	-1.850	0.000	0.14530413
-0.950	-1.850	0.000	0.15341407
-0.850	-1.850	0.000	0.15818530
-0.750	-1.850	0.000	0.16185981
-0.650	-1.850	0.000	0.16206548
-0.550	-1.850	0.000	0.15933560
-0.450	-1.850	0.000	0.15424120
-0.350	-1.850	0.000	0.14893813
-0.250	-1.850	0.000	0.14405560
-0.150	-1.850	0.000	0.14154682
-0.050	-1.850	0.000	0.13970925
0.050	-1.850	0.000	0.13918585
0.150	-1.850	0.000	0.13973889
0.250	-1.850	0.000	0.13974681
0.350	-1.850	0.000	0.13853243
0.450	-1.850	0.000	0.13697694
0.550	-1.850	0.000	0.13639334
0.650	-1.850	0.000	0.13757899
0.750	-1.850	0.000	0.14070992
0.850	-1.850	0.000	0.14520219
0.950	-1.850	0.000	0.15174776
1.050	-1.850	0.000	0.15821396
1.150	-1.850	0.000	0.16475551
1.250	-1.850	0.000	0.16926382
1.350	-1.850	0.000	0.17106660
1.450	-1.850	0.000	0.17083693
1.550	-1.850	0.000	0.16876331
1.650	-1.850	0.000	0.16684261
1.750	-1.850	0.000	0.16294634
1.850	-1.850	0.000	0.16104068
1.950	-1.850	0.000	0.15517862
2.050	-1.850	0.000	0.14964738
2.150	-1.850	0.000	0.14140716
2.250	-1.850	0.000	0.14013638
2.350	-1.850	0.000	0.13700239
2.450	-1.850	0.000	0.14386280
-2.450	-1.750	0.000	0.04826562
-2.350	-1.750	0.000	0.05613115
-2.250	-1.750	0.000	0.07024185
-2.150	-1.750	0.000	0.07589415
-2.050	-1.750	0.000	0.08298688
-1.950	-1.750	0.000	0.08671007
-1.850	-1.750	0.000	0.08398276
-1.750	-1.750	0.000	0.09013802
-1.650	-1.750	0.000	0.09317247
-1.550	-1.750	0.000	0.09971220
-1.450	-1.750	0.000	0.11022753
-1.350	-1.750	0.000	0.11590970
-1.250	-1.750	0.000	0.12694122
-1.150	-1.750	0.000	0.13731745
-1.050	-1.750	0.000	0.14779484
-0.950	-1.750	0.000	0.15600477
-0.850	-1.750	0.000	0.16103400
-0.750	-1.750	0.000	0.16495149
-0.650	-1.750	0.000	0.16523620
-0.550	-1.750	0.000	0.16264017
-0.450	-1.750	0.000	0.15770800
-0.350	-1.750	0.000	0.15258193
-0.250	-1.750	0.000	0.14790207
-0.150	-1.750	0.000	0.14520559
-0.050	-1.750	0.000	0.14339343
0.050	-1.750	0.000	0.14257602
0.150	-1.750	0.000	0.14263636
0.250	-1.750	0.000	0.14210190
0.350	-1.750	0.000	0.14040527
0.450	-1.750	0.000	0.13833141
0.550	-1.750	0.000	0.13715248
0.650	-1.750	0.000	0.13798954
0.750	-1.750	0.000	0.14075963
0.850	-1.750	0.000	0.14475557
0.950	-1.750	0.000	0.15057273
1.050	-1.750	0.000	0.15623833
1.150	-1.750	0.000	0.16180344
1.250	-1.750	0.000	0.16582419
1.350	-1.750	0.000	0.16714565
1.450	-1.750	0.000	0.16672528
1.550	-1.750	0.000	0.16480017
1.650	-1.750	0.000	0.16322772
1.750	-1.750	0.000	0.16023748
1.850	-1.750	0.000	0.15914805
1.950	-1.750	0.000	0.15412803
2.050	-1.750	0.000	0.14900021
2.150	-1.750	0.000	0.14100769
2.250	-1.750	0.000	0.13954909
2.350	-1.750	0.000	0.13593410
2.450	-1.750	0.000	0.14284585
-2.450	-1.650	0.000	0.05560850
-2.350	-1.650	0.000	0.06292071
-2.250	-1.650	0.000	0.07559964
-2.150	-1.650	0.000	0.08139837
-2.050	-1.650	0.000	0.08793300
-1.950	-1.650	0.000	0.09180707
-1.850	-1.650	0.000	0.08892782
-1.750	-1.650	0.000	0.09421517
-1.650	-1.650	0.000	0.09740908
-1.550	-1.650	0.000	0.10329822
-1.450	-1.650	0.000	0.11352341
-1.350	-1.650	0.000	0.11949959
-1.250	-1.650	0.000	0.13013892
-1.150	-1.650	0.000	0.14023498
-1.050	-1.650	0.000	0.15048291
-0.950	-1.650	0.000	0.15867956
-0.850	-1.650	0.000	0.16378474
-0.750	-1.650	0.000	0.16752158
-0.650	-1.650	0.000	0.16780995
-0.550	-1.650	0.000	0.16532668
-0.450	-1.650	0.000	0.16071062
-0.350	-1.650	0.000	0.15585263
-0.250	-1.650	0.000	0.15149394
-0.150	-1.650	0.000	0.14872251
-0.050	-1.650	0.000	0.14699924
0.050	-1.650	0.000	0.14604278
0.150	-1.650	0.000	0.14550860
0.250	-1.650	0.000	0.14458406
0.350	-1.650	0.000	0.14209980
0.450	-1.650	0.000	0.13935822
0.550	-1.650	0.000	0.13736519
0.650	-1.650	0.000	0.13779409
0.750	-1.650	0.000	0.13987330
0.850	-1.650	0.000	0.14332759
0.950	-1.650	0.000	0.14854337
1.050	-1.650	0.000	0.15374894
1.150	-1.650	0.000	0.15872732
1.250	-1.650	0.000	0.16260478
1.350	-1.650	0.000	0.16357461
1.450	-1.650	0.000	0.16317756
1.550	-1.650	0.000	0.16184194
1.650	-1.650	0.000	0.16060923
1.750	-1.650	0.000	0.15849686
1.850	-1.650	0.000	0.15803875
1.950	-1.650	0.000	0.15380734
2.050	-1.650	0.000	0.14919798
2.150	-1.650	0.000	0.14161471
2.250	-1.650	0.000	0.14010136
2.350	-1.650	0.000	0.13658622
2.450	-1.650	0.000	0.14315753
-2.450	-1.550	0.000	0.06339812
-2.350	-1.550	0.000	0.06998904
-2.250	-1.550	0.000	0.08157289
-2.150	-1.550	0.000	0.08774138
-2.050	-1.550	0.000	0.09394994
-1.950	-1.550	0.000	0.09796955
-1.850	-1.550	0.000	0.09507145
-1.750	-1.550	0.000	0.09941881
-1.650	-1.550	0.000	0.10270739
-1.550	-1.550	0.000	0.10811532
-1.450	-1.550	0.000	0.11779496
-1.350	-1.550	0.000	0.12383963
-1.250	-1.550	0.000	0.13396823
-1.150	-1.550	0.000	0.14358535
-1.050	-1.550	0.000	0.15347350
-0.950	-1.550	0.000	0.16141628
-0.850	-1.550	0.000	0.16662684
-0.750	-1.550	0.000	0.16990849
-0.650	-1.550	0.000	0.17008847
-0.550	-1.550	0.000	0.16757749
-0.450	-1.550	0.000	0.16307297
-0.350	-1.550	0.000	0.15841648
-0.250	-1.550	0.000	0.15434553
-0.150	-1.550	0.000	0.15151145
-0.050	-1.550	0.000	0.14971405
0.050	-1.550	0.000	0.14856920
0.150	-1.550	0.000	0.14772220
0.250	-1.550	0.000	0.14644305
0.350	-1.550	0.000	0.14370905
0.450	-1.550	0.000	0.14034456
0.550	-1.550	0.000	0.13787374
0.650	-1.550	0.000	0.13767932
0.750	-1.550	0.000	0.13907979
0.850	-1.550	0.000	0.14202113
0.950	-1.550	0.000	0.14669925
1.050	-1.550	0.000	0.15177903
1.150	-1.550	0.000	0.15639411
1.250	-1.550	0.000	0.16036861
1.350	-1.550	0.000	0.16105056
1.450	-1.550	0.000	0.16053000
1.550	-1.550	0.000	0.15936550
1.650	-1.550	0.000	0.15826985
1.750	-1.550	0.000	0.15702882
1.850	-1.550	0.000	0.15726945
1.950	-1.550	0.000	0.15361059
2.050	-1.550	0.000	0.14925085
2.150	-1.550	0.000	0.14210904
2.250	-1.550	0.000	0.14078699
2.350	-1.550	0.000	0.13750900
2.450	-1.550	0.000	0.14389746
-2.450	-1.450	0.000	0.07126863
-2.350	-1.450	0.000	0.07712710
-2.250	-1.450	0.000	0.08774725
-2.150	-1.450	0.000	0.09441920
-2.050	-1.450	0.000	0.10055521
-1.950	-1.450	0.000	0.10492501
-1.850	-1.450	0.000	0.10215417
-1.750	-1.450	0.000	0.10562424
-1.650	-1.450	0.000	0.10897999
-1.550	-1.450	0.000	0.11395200
-1.450	-1.450	0.000	0.12307055
-1.350	-1.450	0.000	0.12904885
-1.250	-1.450	0.000	0.13838555
-1.150	-1.450	0.000	0.14733396
-1.050	-1.450	0.000	0.15668057
-0.950	-1.450	0.000	0.16419221
-0.850	-1.450	0.000	0.16925387
-0.750	-1.450	0.000	0.17189740
-0.650	-1.450	0.000	0.17177857
-0.550	-1.450	0.000	0.16917230
-0.450	-1.450	0.000	0.16492273
-0.350	-1.450	0.000	0.16051143
-0.250	-1.450	0.000	0.15656726
-0.150	-1.450	0.000	0.15361629
-0.050	-1.450	0.000	0.15162255
0.050	-1.450	0.000	0.15024443
0.150	-1.450	0.000	0.14922895
0.250	-1.450	0.000	0.14770600
0.350	-1.450	0.000	0.14482629
0.450	-1.450	0.000	0.14129235
0.550	-1.450	0.000	0.13851015
0.650	-1.450	0.000	0.13762259
0.750	-1.450	0.000	0.13832992
0.850	-1.450	0.000	0.14077076
0.950	-1.450	0.000	0.14509231
1.050	-1.450	0.000	0.15018396
1.150	-1.450	0.000	0.15456542
1.250	-1.450	0.000	0.15878230
1.350	-1.450	0.000	0.15949571
1.450	-1.450	0.000	0.15908270
1.550	-1.450	0.000	0.15801811
1.650	-1.450	0.000	0.15704691
1.750	-1.450	0.000	0.15633827
1.850	-1.450	0.000	0.15710209
1.950	-1.450	0.000	0.15428074
2.050	-1.450	0.000	0.15048334
2.150	-1.450	0.000	0.14353864
2.250	-1.450	0.000	0.14212468
2.350	-1.450	0.000	0.13879886
2.450	-1.450	0.000	0.14472938
-2.450	-1.350	0.000	0.07892987
-2.350	-1.350	0.000	0.08404079
-2.250	-1.350	0.000	0.09368754
-2.150	-1.350	0.000	0.10076828
-2.050	-1.350	0.000	0.10708448
-1.950	-1.350	0.000	0.11221865
-1.850	-1.350	0.000	0.10992454
-1.750	-1.350	0.000	0.11275011
-1.650	-1.350	0.000	0.11607804
-1.550	-1.350	0.000	0.12066353
-1.450	-1.350	0.000	0.12920493
-1.350	-1.350	0.000	0.13501130
-1.250	-1.350	0.000	0.14342515
-1.150	-1.350	0.000	0.15159123
-1.050	-1.350	0.000	0.16016974
-0.950	-1.350	0.000	0.16705532
-0.850	-1.350	0.000	0.17156065
-0.750	-1.350	0.000	0.17365055
-0.650	-1.350	0.000	0.17283197
-0.550	-1.350	0.000	0.17010450
-0.450	-1.350	0.000	0.16606319
-0.350	-1.350	0.000	0.16200811
-0.250	-1.350	0.000	0.15828694
-0.150	-1.350	0.000	0.15529352
-0.050	-1.350	0.000	0.15305969
0.050	-1.350	0.000	0.15140769
0.150	-1.350	0.000	0.15008518
0.250	-1.350	0.000	0.14816466
0.350	-1.350	0.000	0.14509934
0.450	-1.350	0.000	0.14186323
0.550	-1.350	0.000	0.13901505
0.650	-1.350	0.000	0.13798499
0.750	-1.350	0.000	0.13828902
0.850	-1.350	0.000	0.14040902
0.950	-1.350	0.000	0.14448112
1.050	-1.350	0.000	0.14949547
1.150	-1.350	0.000	0.15358247
1.250	-1.350	0.000	0.15766189
1.350	-1.350	0.000	0.15845709
1.450	-1.350	0.000	0.15796278
1.550	-1.350	0.000	0.15699743
1.650	-1.350	0.000	0.15616243
1.750	-1.350	0.000	0.15562615
1.850	-1.350	0.000	0.15659577
1.950	-1.350	0.000	0.15436198
2.050	-1.350	0.000	0.15142915
2.150	-1.350	0.000	0.14517468
2.250	-1.350	0.000	0.14398196
2.350	-1.350	0.000	0.14075625
2.450	-1.350	0.000	0.14618014
-2.450	-1.250	0.000	0.08632771
-2.350	-1.250	0.000	0.09055878
-2.250	-1.250	0.000	0.09896121
-2.150	-1.250	0.000	0.10637644
-2.050	-1.250	0.000	0.11299533
-1.950	-1.250	0.000	0.11910383
-1.850	-1.250	0.000	0.11778936
-1.750	-1.250	0.000	0.12021571
-1.650	-1.250	0.000	0.12358952
-1.550	-1.250	0.000	0.12792061
-1.450	-1.250	0.000	0.13592693
-1.350	-1.250	0.000	0.14148457
-1.250	-1.250	0.000	0.14879392
-1.150	-1.250	0.000	0.15599285
-1.050	-1.250	0.000	0.16359039
-0.950	-1.250	0.000	0.16959369
-0.850	-1.250	0.000	0.17338490
-0.750	-1.250	0.000	0.17480502
-0.650	-1.250	0.000	0.17327008
-0.550	-1.250	0.000	0.17035465
-0.450	-1.250	0.000	0.16660394
-0.350	-1.250	0.000	0.16288972
-0.250	-1.250	0.000	0.15951328
-0.150	-1.250	0.000	0.15658097
-0.050	-1.250	0.000	0.15413299
0.050	-1.250	0.000	0.15220147
0.150	-1.250	0.000	0.15048407
0.250	-1.250	0.000	0.14816163
0.350	-1.250	0.000	0.14489555
0.450	-1.250	0.000	0.14173122
0.550	-1.250	0.000	0.13904625
0.650	-1.250	0.000	0.13814163
0.750	-1.250	0.000	0.13833871
0.850	-1.250	0.000	0.14033990
0.950	-1.250	0.000	0.14419317
1.050	-1.250	0.000	0.14899552
1.150	-1.250	0.000	0.15283673
1.250	-1.250	0.000	0.15651956
1.350	-1.250	0.000	0.15752365
1.450	-1.250	0.000	0.15702385
1.550	-1.250	0.000	0.15632936
1.650	-1.250	0.000	0.15570685
1.750	-1.250	0.000	0.15522070
1.850	-1.250	0.000	0.15630203
1.950	-1.250	0.000	0.15446948
2.050	-1.250	0.000	0.15229130
2.150	-1.250	0.000	0.14650798
2.250	-1.250	0.000	0.14534664
2.350	-1.250	0.000	0.14223376
2.450	-1.250	0.000	0.14723505
-2.450	-1.150	0.000	0.09333643
-2.350	-1.150	0.000	0.09652626
-2.250	-1.150	0.000	0.10352453
-2.150	-1.150	0.000	0.11107984
-2.050	-1.150	0.000	0.11795522
-1.950	-1.150	0.000	0.12518218
-1.850	-1.150	0.000	0.12516716
-1.750	-1.150	0.000	0.12751448
-1.650	-1.150	0.000	0.13093065
-1.550	-1.150	0.000	0.13508388
-1.450	-1.150	0.000	0.14259502
-1.350	-1.150	0.000	0.14797711
-1.250	-1.150	0.000	0.15427595
-1.150	-1.150	0.000	0.16040388
-1.050	-1.150	0.000	0.16693789
-0.950	-1.150	0.000	0.17163169
-0.850	-1.150	0.000	0.17474993
-0.750	-1.150	0.000	0.17524578
-0.650	-1.150	0.000	0.17313445
-0.550	-1.150	0.000	0.17007856
-0.450	-1.150	0.000	0.16666166
-0.350	-1.150	0.000	0.16347884
-0.250	-1.150	0.000	0.16060498
-0.150	-1.150	0.000	0.15791892
-0.050	-1.150	0.000	0.15547733
0.050	-1.150	0.000	0.15323672
0.150	-1.150	0.000	0.15101312
0.250	-1.150	0.000	0.14811598
0.350	-1.150	0.000	0.14445017
0.450	-1.150	0.000	0.14121570
0.550	-1.150	0.000	0.13853729
0.650	-1.150	0.000	0.13796623
0.750	-1.150	0.000	0.13829644
0.850	-1.150	0.000	0.14037773
0.950	-1.150	0.000	0.14414006
1.050	-1.150	0.000	0.14873783
1.150	-1.150	0.000	0.15243290
1.250	-1.150	0.000	0.15546982
1.350	-1.150	0.000	0.15642609
1.450	-1.150	0.000	0.15585873
1.550	-1.150	0.000	0.15532358
1.650	-1.150	0.000	0.15501416
1.750	-1.150	0.000	0.15441225
1.850	-1.150	0.000	0.15562560
1.950	-1.150	0.000	0.15410656
2.050	-1.150	0.000	0.15272093
2.150	-1.150	0.000	0.14770249
2.250	-1.150	0.000	0.14690527
2.350	-1.150	0.000	0.14399925
2.450	-1.150	0.000	0.14876431
-2.450	-1.050	0.000	0.09998321
-2.350	-1.050	0.000	0.10221054
-2.250	-1.050	0.000	0.10754352
-2.150	-1.050	0.000	0.11487164
-2.050	-1.050	0.000	0.12202641
-1.950	-1.050	0.000	0.13049197
-1.850	-1.050	0.000	0.13181734
-1.750	-1.050	0.000	0.13436341
-1.650	-1.050	0.000	0.13780747
-1.550	-1.050	0.000	0.14179765
-1.450	-1.050	0.000	0.14871970
-1.350	-1.050	0.000	0.15378188
-1.250	-1.050	0.000	0.15919505
-1.150	-1.050	0.000	0.16424040
-1.050	-1.050	0.000	0.16963188
-0.950	-1.050	0.000	0.17295085
-0.850	-1.050	0.000	0.17522657
-0.750	-1.050	0.000	0.17471977
-0.650	-1.050	0.000	0.17221057
-0.550	-1.050	0.000	0.16908003
-0.450	-1.050	0.000	0.16615933
-0.350	-1.050	0.000	0.16390324
-0.250	-1.050	0.000	0.16181520
-0.150	-1.050	0.000	0.15946928
-0.050	-1.050	0.000	0.15701008
0.050	-1.050	0.000	0.15446074
0.150	-1.050	0.000	0.15165336
0.250	-1.050	0.000	0.14810085
0.350	-1.050	0.000	0.14389381
0.450	-1.050	0.000	0.14046721
0.550	-1.050	0.000	0.13783516
0.650	-1.050	0.000	0.13759311
0.750	-1.050	0.000	0.13806194
0.850	-1.050	0.000	0.14016800
0.950	-1.050	0.000	0.14392422
1.050	-1.050	0.000	0.14839579
1.150	-1.050	0.000	0.15209942
1.250	-1.050	0.000	0.15466662
1.350	-1.050	0.000	0.15555666
1.450	-1.050	0.000	0.15484869
1.550	-1.050	0.000	0.15441996
1.650	-1.050	0.000	0.15436584
1.750	-1.050	0.000	0.15370721
1.850	-1.050	0.000	0.15479018
1.950	-1.050	0.000	0.15357789
2.050	-1.050	0.000	0.15264501
2.150	-1.050	0.000	0.14838566
2.250	-1.050	0.000	0.14825299
2.350	-1.050	0.000	0.14571244
2.450	-1.050	0.000	0.15037072
-2.450	-0.950	0.000	0.10625952
-2.350	-0.950	0.000	0.10765951
-2.250	-0.950	0.000	0.11123135
-2.150	-0.950	0.000	0.11785113
-2.050	-0.950	0.000	0.12522395
-1.950	-0.950	0.000	0.13481455
-1.850	-0.950	0.000	0.13755056
-1.750	-0.950	0.000	0.14061718
-1.650	-0.950	0.000	0.14402524
-1.550	-0.950	0.000	0.14778496
-1.450	-0.950	0.000	0.15396139
-1.350	-0.950	0.000	0.15858674
-1.250	-0.950	0.000	0.16321282
-1.150	-0.950	0.000	0.16709217
-1.050	-0.950	0.000	0.17105664
-0.950	-0.950	0.000	0.17299566
-0.850	-0.950	0.000	0.17410919
-0.750	-0.950	0.000	0.17276455
-0.650	-0.950	0.000	0.17014593
-0.550	-0.950	0.000	0.16737697
-0.450	-0.950	0.000	0.16536030
-0.350	-0.950	0.000	0.16420914
-0.250	-0.950	0.000	0.16314918
-0.150	-0.950	0.000	0.16131839
-0.050	-0.950	0.000	0.15878841
0.050	-0.950	0.000	0.15592529
0.150	-0.950	0.000	0.15258291
0.250	-0.950	0.000	0.14843188
0.350	-0.950	0.000	0.14372009
0.450	-0.950	0.000	0.13991787
0.550	-0.950	0.000	0.13718444
0.650	-0.950	0.000	0.13687958
0.750	-0.950	0.000	0.13734964
0.850	-0.950	0.000	0.13945925
0.950	-0.950	0.000	0.14320961
1.050	-0.950	0.000	0.14761373
1.150	-0.950	0.000	0.15147212
1.250	-0.950	0.000	0.15408009
1.350	-0.950	0.000	0.15495443
1.450	-0.950	0.000	0.15423787
1.550	-0.950	0.000	0.15399282
1.650	-0.950	0.000	0.15387560
1.750	-0.950	0.000	0.15333372
1.850	-0.950	0.000	0.15432571
1.950	-0.950	0.000	0.15311736
2.050	-0.950	0.000	0.15242782
2.150	-0.950	0.000	0.14894292
2.250	-0.950	0.000	0.14937867
2.350	-0.950	0.000	0.14708336
2.450	-0.950	0.000	0.15187226
-2.450	-0.850	0.000	0.11181989
-2.350	-0.850	0.000	0.11278581
-2.250	-0.850	0.000	0.11484005
-2.150	-0.850	0.000	0.12037113
-2.050	-0.850	0.000	0.12781698
-1.950	-0.850	0.000	0.13769001
-1.850	-0.850	0.000	0.14215681
-1.750	-0.850	0.000	0.14596434
-1.650	-0.850	0.000	0.14928804
-1.550	-0.850	0.000	0.15257008
-1.450	-0.850	0.000	0.15767749
-1.350	-0.850	0.000	0.16165003
-1.250	-0.850	0.000	0.16552772
-1.150	-0.850	0.000	0.16836365
-1.050	-0.850	0.000	0.17089891
-0.950	-0.850	0.000	0.17154521
-0.850	-0.850	0.000	0.17194214
-0.750	-0.850	0.000	0.17006631
-0.650	-0.850	0.000	0.16739091
-0.550	-0.850	0.000	0.16529226
-0.450	-0.850	0.000	0.16444923
-0.350	-0.850	0.000	0.16453402
-0.250	-0.850	0.000	0.16422831
-0.150	-0.850	0.000	0.16273543
-0.050	-0.850	0.000	0.16020343
0.050	-0.850	0.000	0.15715653
0.150	-0.850	0.000	0.15357049
0.250	-0.850	0.000	0.14915894
0.350	-0.850	0.000	0.14429183
0.450	-0.850	0.000	0.14035894
0.550	-0.850	0.000	0.13747911
0.650	-0.850	0.000	0.13674733
0.750	-0.850	0.000	0.13669817
0.850	-0.850	0.000	0.13846236
0.950	-0.850	0.000	0.14212254
1.050	-0.850	0.000	0.14644332
1.150	-0.850	0.000	0.15031575
1.250	-0.850	0.000	0.15309654
1.350	-0.850	0.000	0.15422325
1.450	-0.850	0.000	0.15388930
1.550	-0.850	0.000	0.15346476
1.650	-0.850	0.000	0.15342149
1.750	-0.850	0.000	0.15307482
1.850	-0.850	0.000	0.15398359
1.950	-0.850	0.000	0.15294221
2.050	-0.850	0.000	0.15255286
2.150	-0.850	0.000	0.14947465
2.250	-0.850	0.000	0.15013215
2.350	-0.850	0.000	0.14803770
2.450	-0.850	0.000	0.15325540
-2.450	-0.750	0.000	0.11631662
-2.350	-0.750	0.000	0.11731290
-2.250	-0.750	0.000	0.11804498
-2.150	-0.750	0.000	0.12230663
-2.050	-0.750	0.000	0.12956387
-1.950	-0.750	0.000	0.13892996
-1.850	-0.750	0.000	0.14518970
-1.750	-0.750	0.000	0.15001084
-1.650	-0.750	0.000	0.15307087
-1.550	-0.750	0.000	0.15565239
-1.450	-0.750	0.000	0.15950698
-1.350	-0.750	0.000	0.16262171
-1.250	-0.750	0.000	0.16556300
-1.150	-0.750	0.000	0.16747889
-1.050	-0.750	0.000	0.16861333
-0.950	-0.750	0.000	0.16817857
-0.850	-0.750	0.000	0.16796441
-0.750	-0.750	0.000	0.16589203
-0.650	-0.750	0.000	0.16354018
-0.550	-0.750	0.000	0.16254896
-0.450	-0.750	0.000	0.16322829
-0.350	-0.750	0.000	0.16458994
-0.250	-0.750	0.000	0.16481142
-0.150	-0.750	0.000	0.16389778
-0.050	-0.750	0.000	0.16147268
0.050	-0.750	0.000	0.15841354
0.150	-0.750	0.000	0.15479288
0.250	-0.750	0.000	0.15042365
0.350	-0.750	0.000	0.14570485
0.450	-0.750	0.000	0.14163665
0.550	-0.750	0.000	0.13854779
0.650	-0.750	0.000	0.13732478
0.750	-0.750	0.000	0.13656032
0.850	-0.750	0.000	0.13800079
0.950	-0.750	0.000	0.14141411
1.050	-0.750	0.000	0.14545923
1.150	-0.750	0.000	0.14909633
1.250	-0.750	0.000	0.15199642
1.350	-0.750	0.000	0.15331376
1.450	-0.750	0.000	0.15352502
1.550	-0.750	0.000	0.15295421
1.650	-0.750	0.000	0.15325019
1.750	-0.750	0.000	0.15299250
1.850	-0.750	0.000	0.15386017
1.950	-0.750	0.000	0.15327823
2.050	-0.750	0.000	0.15325351
2.150	-0.750	0.000	0.15048040
2.250	-0.750	0.000	0.15120608
2.350	-0.750	0.000	0.14927444
2.450	-0.750	0.000	0.15498221
-2.450	-0.650	0.000	0.11894878
-2.350	-0.650	0.000	0.12049650
-2.250	-0.650	0.000	0.12025069
-2.150	-0.650	0.000	0.12341580
-2.050	-0.650	0.000	0.13005610
-1.950	-0.650	0.000	0.13906647
-1.850	-0.650	0.000	0.14661492
-1.750	-0.650	0.000	0.15235740
-1.650	-0.650	0.000	0.15531714
-1.550	-0.650	0.000	0.15729529
-1.450	-0.650	0.000	0.15981969
-1.350	-0.650	0.000	0.16210862
-1.250	-0.650	0.000	0.16469111
-1.150	-0.650	0.000	0.16592449
-1.050	-0.650	0.000	0.16576022
-0.950	-0.650	0.000	0.16430838
-0.850	-0.650	0.000	0.16347140
-0.750	-0.650	0.000	0.16147691
-0.650	-0.650	0.000	0.15995067
-0.550	-0.650	0.000	0.15994646
-0.450	-0.650	0.000	0.16164634
-0.350	-0.650	0.000	0.16370352
-0.250	-0.650	0.000	0.16437191
-0.150	-0.650	0.000	0.16351877
-0.050	-0.650	0.000	0.16128992
0.050	-0.650	0.000	0.15844101
0.150	-0.650	0.000	0.15518703
0.250	-0.650	0.000	0.15134005
0.350	-0.650	0.000	0.14745177
0.450	-0.650	0.000	0.14414254
0.550	-0.650	0.000	0.14129248
0.650	-0.650	0.000	0.13959578
0.750	-0.650	0.000	0.13787715
0.850	-0.650	0.000	0.13842483
0.950	-0.650	0.000	0.14082913
1.050	-0.650	0.000	0.14430089
1.150	-0.650	0.000	0.14791675
1.250	-0.650	0.000	0.15097027
1.350	-0.650	0.000	0.15255816
1.450	-0.650	0.000	0.15313897
1.550	-0.650	0.000	0.15281108
1.650	-0.650	0.000	0.15315533
1.750	-0.650	0.000	0.15302260
1.850	-0.650	0.000	0.15379573
1.950	-0.650	0.000	0.15337551
2.050	-0.650	0.000	0.15391253
2.150	-0.650	0.000	0.15159820
2.250	-0.650	0.000	0.15247385
2.350	-0.650	0.000	0.15064462
2.450	-0.650	0.000	0.15678830
-2.450	-0.550	0.000	0.11985552
-2.350	-0.550	0.000	0.12238423
-2.250	-0.550	0.000	0.12164801
-2.150	-0.550	0.000	0.12352663
-2.050	-0.550	0.000	0.12902342
-1.950	-0.550	0.000	0.13732290
-1.850	-0.550	0.000	0.14538425
-1.750	-0.550	0.000	0.15185300
-1.650	-0.550	0.000	0.15474883
-1.550	-0.550	0.000	0.15616278
-1.450	-0.550	0.000	0.15809324
-1.350	-0.550	0.000	0.16019693
-1.250	-0.550	0.000	0.16160955
-1.150	-0.550	0.000	0.16208056
-1.050	-0.550	0.000	0.16097720
-0.950	-0.550	0.000	0.15940838
-0.850	-0.550	0.000	0.15876673
-0.750	-0.550	0.000	0.15737882
-0.650	-0.550	0.000	0.15680532
-0.550	-0.550	0.000	0.15774459
-0.450	-0.550	0.000	0.16052006
-0.350	-0.550	0.000	0.16286474
-0.250	-0.550	0.000	0.16356885
-0.150	-0.550	0.000	0.16268586
-0.050	-0.550	0.000	0.16075385
0.050	-0.550	0.000	0.15824200
0.150	-0.550	0.000	0.15557888
0.250	-0.550	0.000	0.15237948
0.350	-0.550	0.000	0.14937879
0.450	-0.550	0.000	0.14655119
0.550	-0.550	0.000	0.14407149
0.650	-0.550	0.000	0.14198291
0.750	-0.550	0.000	0.14007637
0.850	-0.550	0.000	0.13967401
0.950	-0.550	0.000	0.14149608
1.050	-0.550	0.000	0.14433642
1.150	-0.550	0.000	0.14753017
1.250	-0.550	0.000	0.15047115
1.350	-0.550	0.000	0.15211867
1.450	-0.550	0.000	0.15282074
1.550	-0.550	0.000	0.15273094
1.650	-0.550	0.000	0.15297952
1.750	-0.550	0.000	0.15313378
1.850	-0.550	0.000	0.15423708
1.950	-0.550	0.000	0.15377863
2.050	-0.550	0.000	0.15441173
2.150	-0.550	0.000	0.15252492
2.250	-0.550	0.000	0.15369605
2.350	-0.550	0.000	0.15206593
2.450	-0.550	0.000	0.15842921
-2.450	-0.450	0.000	0.11834145
-2.350	-0.450	0.000	0.12211000
-2.250	-0.450	0.000	0.12134959
-2.150	-0.450	0.000	0.12274863
-2.050	-0.450	0.000	0.12759256
-1.950	-0.450	0.000	0.13513315
-1.850	-0.450	0.000	0.14303550
-1.750	-0.450	0.000	0.14970092
-1.650	-0.450	0.000	0.15257502
-1.550	-0.450	0.000	0.15330580
-1.450	-0.450	0.000	0.15403189
-1.350	-0.450	0.000	0.15543808
-1.250	-0.450	0.000	0.15661365
-1.150	-0.450	0.000	0.15744670
-1.050	-0.450	0.000	0.15698086
-0.950	-0.450	0.000	0.15619954
-0.850	-0.450	0.000	0.15595208
-0.750	-0.450	0.000	0.15540765
-0.650	-0.450	0.000	0.15525527
-0.550	-0.450	0.000	0.15647787
-0.450	-0.450	0.000	0.15894227
-0.350	-0.450	0.000	0.16139849
-0.250	-0.450	0.000	0.16234574
-0.150	-0.450	0.000	0.16167605
-0.050	-0.450	0.000	0.15988734
0.050	-0.450	0.000	0.15759720
0.150	-0.450	0.000	0.15515348
0.250	-0.450	0.000	0.15248789
0.350	-0.450	0.000	0.15026028
0.450	-0.450	0.000	0.14805710
0.550	-0.450	0.000	0.14620516
0.650	-0.450	0.000	0.14436178
0.750	-0.450	0.000	0.14280097
0.850	-0.450	0.000	0.14208350
0.950	-0.450	0.000	0.14326049
1.050	-0.450	0.000	0.14537762
1.150	-0.450	0.000	0.14811742
1.250	-0.450	0.000	0.15071510
1.350	-0.450	0.000	0.15223323
1.450	-0.450	0.000	0.15291117
1.550	-0.450	0.000	0.15287033
1.650	-0.450	0.000	0.15302756
1.750	-0.450	0.000	0.15335968
1.850	-0.450	0.000	0.15445426
1.950	-0.450	0.000	0.15409777
2.050	-0.450	0.000	0.15493011
2.150	-0.450	0.000	0.15335104
2.250	-0.450	0.000	0.15483412
2.350	-0.450	0.000	0.15335704
2.450	-0.450	0.000	0.16003272
-2.450	-0.350	0.000	0.11572864
-2.350	-0.350	0.000	0.12048138
-2.250	-0.350	0.000	0.12002546
-2.150	-0.350	0.000	0.12061346
-2.050	-0.350	0.000	0.12427714
-1.950	-0.350	0.000	0.13089801
-1.850	-0.350	0.000	0.13829206
-1.750	-0.350	0.000	0.14487720
-1.650	-0.350	0.000	0.14685406
-1.550	-0.350	0.000	0.14727888
-1.450	-0.350	0.000	0.14826359
-1.350	-0.350	0.000	0.14998530
-1.250	-0.350	0.000	0.15252000
-1.150	-0.350	0.000	0.15432900
-1.050	-0.350	0.000	0.15529826
-0.950	-0.350	0.000	0.15547638
-0.850	-0.350	0.000	0.15579233
-0.750	-0.350	0.000	0.15536922
-0.650	-0.350	0.000	0.15472075
-0.550	-0.350	0.000	0.15533170
-0.450	-0.350	0.000	0.15752757
-0.350	-0.350	0.000	0.15973601
-0.250	-0.350	0.000	0.16065256
-0.150	-0.350	0.000	0.16035706
-0.050	-0.350	0.000	0.15894885
0.050	-0.350	0.000	0.15715463
0.150	-0.350	0.000	0.15526222
0.250	-0.350	0.000	0.15296869
0.350	-0.350	0.000	0.15090047
0.450	-0.350	0.000	0.14907797
0.550	-0.350	0.000	0.14782493
0.650	-0.350	0.000	0.14633758
0.750	-0.350	0.000	0.14509906
0.850	-0.350	0.000	0.14435363
0.950	-0.350	0.000	0.14530091
1.050	-0.350	0.000	0.14724559
1.150	-0.350	0.000	0.14974886
1.250	-0.350	0.000	0.15216371
1.350	-0.350	0.000	0.15354142
1.450	-0.350	0.000	0.15417658
1.550	-0.350	0.000	0.15397380
1.650	-0.350	0.000	0.15384963
1.750	-0.350	0.000	0.15378881
1.850	-0.350	0.000	0.15459666
1.950	-0.350	0.000	0.15431288
2.050	-0.350	0.000	0.15524581
2.150	-0.350	0.000	0.15398194
2.250	-0.350	0.000	0.15575846
2.350	-0.350	0.000	0.15445200
2.450	-0.350	0.000	0.16132362
-2.450	-0.250	0.000	0.11225451
-2.350	-0.250	0.000	0.11772914
-2.250	-0.250	0.000	0.11783539
-2.150	-0.250	0.000	0.11797451
-2.050	-0.250	0.000	0.12073270
-1.950	-0.250	0.000	0.12623084
-1.850	-0.250	0.000	0.13240208
-1.750	-0.250	0.000	0.13798927
-1.650	-0.250	0.000	0.13931239
-1.550	-0.250	0.000	0.14028893
-1.450	-0.250	0.000	0.14254549
-1.350	-0.250	0.000	0.14543632
-1.250	-0.250	0.000	0.14987376
-1.150	-0.250	0.000	0.15327099
-1.050	-0.250	0.000	0.15610482
-0.950	-0.250	0.000	0.15676190
-0.850	-0.250	0.000	0.15751779
-0.750	-0.250	0.000	0.15680172
-0.650	-0.250	0.000	0.15560205
-0.550	-0.250	0.000	0.15548541
-0.450	-0.250	0.000	0.15729220
-0.350	-0.250	0.000	0.15915948
-0.250	-0.250	0.000	0.15979281
-0.150	-0.250	0.000	0.15979354
-0.050	-0.250	0.000	0.15895841
0.050	-0.250	0.000	0.15723820
0.150	-0.250	0.000	0.15478753
0.250	-0.250	0.000	0.15212649
0.350	-0.250	0.000	0.15023686
0.450	-0.250	0.000	0.14892687
0.550	-0.250	0.000	0.14808345
0.650	-0.250	0.000	0.14712638
0.750	-0.250	0.000	0.14645529
0.850	-0.250	0.000	0.14631118
0.950	-0.250	0.000	0.14762756
1.050	-0.250	0.000	0.14960551
1.150	-0.250	0.000	0.15203445
1.250	-0.250	0.000	0.15437520
1.350	-0.250	0.000	0.15566720
1.450	-0.250	0.000	0.15628694
1.550	-0.250	0.000	0.15594782
1.650	-0.250	0.000	0.15567178
1.750	-0.250	0.000	0.15534832
1.850	-0.250	0.000	0.15565746
1.950	-0.250	0.000	0.15517043
2.050	-0.250	0.000	0.15601440
2.150	-0.250	0.000	0.15471572
2.250	-0.250	0.000	0.15663539
2.350	-0.250	0.000	0.15529551
2.450	-0.250	0.000	0.16236159
-2.450	-0.150	0.000	0.10837772
-2.350	-0.150	0.000	0.11426413
-2.250	-0.150	0.000	0.11512397
-2.150	-0.150	0.000	0.11466785
-2.050	-0.150	0.000	0.11680326
-1.950	-0.150	0.000	0.12085447
-1.850	-0.150	0.000	0.12588322
-1.750	-0.150	0.000	0.13023362
-1.650	-0.150	0.000	0.13181950
-1.550	-0.150	0.000	0.13395232
-1.450	-0.150	0.000	0.13796757
-1.350	-0.150	0.000	0.14294255
-1.250	-0.150	0.000	0.14913671
-1.150	-0.150	0.000	0.15380515
-1.050	-0.150	0.000	0.15774211
-0.950	-0.150	0.000	0.15863283
-0.850	-0.150	0.000	0.15953602
-0.750	-0.150	0.000	0.15805334
-0.650	-0.150	0.000	0.15629956
-0.550	-0.150	0.000	0.15563528
-0.450	-0.150	0.000	0.15736546
-0.350	-0.150	0.000	0.15922777
-0.250	-0.150	0.000	0.16067190
-0.150	-0.150	0.000	0.16065153
-0.050	-0.150	0.000	0.15921853
0.050	-0.150	0.000	0.15658703
0.150	-0.150	0.000	0.15365109
0.250	-0.150	0.000	0.15100980
0.350	-0.150	0.000	0.14914696
0.450	-0.150	0.000	0.14809957
0.550	-0.150	0.000	0.14765513
0.650	-0.150	0.000	0.14726196
0.750	-0.150	0.000	0.14705658
0.850	-0.150	0.000	0.14714201
0.950	-0.150	0.000	0.14851370
1.050	-0.150	0.000	0.15081927
1.150	-0.150	0.000	0.15353829
1.250	-0.150	0.000	0.15614562
1.350	-0.150	0.000	0.15778102
1.450	-0.150	0.000	0.15855283
1.550	-0.150	0.000	0.15805262
1.650	-0.150	0.000	0.15744190
1.750	-0.150	0.000	0.15659449
1.850	-0.150	0.000	0.15663370
1.950	-0.150	0.000	0.15628824
2.050	-0.150	0.000	0.15712820
2.150	-0.150	0.000	0.15579942
2.250	-0.150	0.000	0.15773572
2.350	-0.150	0.000	0.15634583
2.450	-0.150	0.000	0.16322079
-2.450	-0.050	0.000	0.10436595
-2.350	-0.050	0.000	0.11009603
-2.250	-0.050	0.000	0.11218279
-2.150	-0.050	0.000	0.11155583
-2.050	-0.050	0.000	0.11344203
-1.950	-0.050	0.000	0.11583223
-1.850	-0.050	0.000	0.11989030
-1.750	-0.050	0.000	0.12336650
-1.650	-0.050	0.000	0.12588732
-1.550	-0.050	0.000	0.12951611
-1.450	-0.050	0.000	0.13467473
-1.350	-0.050	0.000	0.14121054
-1.250	-0.050	0.000	0.14888950
-1.150	-0.050	0.000	0.15459988
-1.050	-0.050	0.000	0.15918864
-0.950	-0.050	0.000	0.16020843
-0.850	-0.050	0.000	0.16091749
-0.750	-0.050	0.000	0.15909688
-0.650	-0.050	0.000	0.15744659
-0.550	-0.050	0.000	0.15708569
-0.450	-0.050	0.000	0.15920201
-0.350	-0.050	0.000	0.16155912
-0.250	-0.050	0.000	0.16300762
-0.150	-0.050	0.000	0.16265106
-0.050	-0.050	0.000	0.16053027
0.050	-0.050	0.000	0.15692005
0.150	-0.050	0.000	0.15285511
0.250	-0.050	0.000	0.14956665
0.350	-0.050	0.000	0.14768338
0.450	-0.050	0.000	0.14703061
0.550	-0.050	0.000	0.14677446
0.650	-0.050	0.000	0.14683938
0.750	-0.050	0.000	0.14675279
0.850	-0.050	0.000	0.14713338
0.950	-0.050	0.000	0.14882830
1.050	-0.050	0.000	0.15161088
1.150	-0.050	0.000	0.15478739
1.250	-0.050	0.000	0.15780994
1.350	-0.050	0.000	0.15972155
1.450	-0.050	0.000	0.16054578
1.550	-0.050	0.000	0.16009013
1.650	-0.050	0.000	0.15960771
1.750	-0.050	0.000	0.15881032
1.850	-0.050	0.000	0.15850812
1.950	-0.050	0.000	0.15790924
2.050	-0.050	0.000	0.15848528
2.150	-0.050	0.000	0.15689839
2.250	-0.050	0.000	0.15857252
2.350	-0.050	0.000	0.15687731
2.450	-0.050	0.000	0.16386703
-2.450	0.050	0.000	0.10058903
-2.350	0.050	0.000	0.10588441
-2.250	0.050	0.000	0.10916027
-2.150	0.050	0.000	0.10824709
-2.050	0.050	0.000	0.11020862
-1.950	0.050	0.000	0.11143882
-1.850	0.050	0.000	0.11484975
-1.750	0.050	0.000	0.11833765
-1.650	0.050	0.000	0.12164666
-1.550	0.050	0.000	0.12685299
-1.450	0.050	0.000	0.13307494
-1.350	0.050	0.000	0.14059296
-1.250	0.050	0.000	0.14880876
-1.150	0.050	0.000	0.15467605
-1.050	0.050	0.000	0.15898614
-0.950	0.050	0.000	0.16017759
-0.850	0.050	0.000	0.16028503
-0.750	0.050	0.000	0.15896754
-0.650	0.050	0.000	0.15814506
-0.550	0.050	0.000	0.15845957
-0.450	0.050	0.000	0.16100563
-0.350	0.050	0.000	0.16359723
-0.250	0.050	0.000	0.16523270
-0.150	0.050	0.000	0.16505122
-0.050	0.050	0.000	0.16260602
0.050	0.050	0.000	0.15841833
0.150	0.050	0.000	0.15389238
0.250	0.050	0.000	0.15006186
0.350	0.050	0.000	0.14776261
0.450	0.050	0.000	0.14661351
0.550	0.050	0.000	0.14617573
0.650	0.050	0.000	0.14612673
0.750	0.050	0.000	0.14635819
0.850	0.050	0.000	0.14689662
0.950	0.050	0.000	0.14858170
1.050	0.050	0.000	0.15135539
1.150	0.050	0.000	0.15451561
1.250	0.050	0.000	0.15754487
1.350	0.050	0.000	0.15973996
1.450	0.050	0.000	0.16098417
1.550	0.050	0.000	0.16113630
1.650	0.050	0.000	0.16078378
1.750	0.050	0.000	0.16008596
1.850	0.050	0.000	0.15997738
1.950	0.050	0.000	0.15952832
2.050	0.050	0.000	0.16017042
2.150	0.050	0.000	0.15877649
2.250	0.050	0.000	0.16031364
2.350	0.050	0.000	0.15853456
2.450	0.050	0.000	0.16513266
-2.450	0.150	0.000	0.09787576
-2.350	0.150	0.000	0.10248866
-2.250	0.150	0.000	0.10742899
-2.150	0.150	0.000	0.10650291
-2.050	0.150	0.000	0.10812047
-1.950	0.150	0.000	0.10838659
-1.850	0.150	0.000	0.11139898
-1.750	0.150	0.000	0.11510773
-1.650	0.150	0.000	0.11915083
-1.550	0.150	0.000	0.12562852
-1.450	0.150	0.000	0.13238877
-1.350	0.150	0.000	0.14005716
-1.250	0.150	0.000	0.14791687
-1.150	0.150	0.000	0.15356958
-1.050	0.150	0.000	0.15752028
-0.950	0.150	0.000	0.15933068
-0.850	0.150	0.000	0.15939882
-0.750	0.150	0.000	0.15889336
-0.650	0.150	0.000	0.15902708
-0.550	0.150	0.000	0.16000988
-0.450	0.150	0.000	0.16297500
-0.350	0.150	0.000	0.16607566
-0.250	0.150	0.000	0.16835131
-0.150	0.150	0.000	0.16852626
-0.050	0.150	0.000	0.16623306
0.050	0.150	0.000	0.16149676
0.150	0.150	0.000	0.15613733
0.250	0.150	0.000	0.15142439
0.350	0.150	0.000	0.14837207
0.450	0.150	0.000	0.14700162
0.550	0.150	0.000	0.14623435
0.650	0.150	0.000	0.14608562
0.750	0.150	0.000	0.14577104
0.850	0.150	0.000	0.14608386
0.950	0.150	0.000	0.14782988
1.050	0.150	0.000	0.15068243
1.150	0.150	0.000	0.15388945
1.250	0.150	0.000	0.15707150
1.350	0.150	0.000	0.15951890
1.450	0.150	0.000	0.16120805
1.550	0.150	0.000	0.16146892
1.650	0.150	0.000	0.16151062
1.750	0.150	0.000	0.16139831
1.850	0.150	0.000	0.16159150
1.950	0.150	0.000	0.16158126
2.050	0.150	0.000	0.16258052
2.150	0.150	0.000	0.16140452
2.250	0.150	0.000	0.16272506
2.350	0.150	0.000	0.16117670
2.450	0.150	0.000	0.16711861
-2.450	0.250	0.000	0.09572325
-2.350	0.250	0.000	0.09985639
-2.250	0.250	0.000	0.10624113
-2.150	0.250	0.000	0.10526362
-2.050	0.250	0.000	0.10689754
-1.950	0.250	0.000	0.10685525
-1.850	0.250	0.000	0.10979202
-1.750	0.250	0.000	0.11414762
-1.650	0.250	0.000	0.11854297
-1.550	0.250	0.000	0.12517053
-1.450	0.250	0.000	0.13199253
-1.350	0.250	0.000	0.13921575
-1.250	0.250	0.000	0.14610058
-1.150	0.250	0.000	0.15143648
-1.050	0.250	0.000	0.15524457
-0.950	0.250	0.000	0.15777783
-0.850	0.250	0.000	0.15824395
-0.750	0.250	0.000	0.15879288
-0.650	0.250	0.000	0.15973926
-0.550	0.250	0.000	0.16132428
-0.450	0.250	0.000	0.16418745
-0.350	0.250	0.000	0.16761351
-0.250	0.250	0.000	0.17083538
-0.150	0.250	0.000	0.17163250
-0.050	0.250	0.000	0.16985275
0.050	0.250	0.000	0.16531688
0.150	0.250	0.000	0.15954077
0.250	0.250	0.000	0.15404823
0.350	0.250	0.000	0.14999330
0.450	0.250	0.000	0.14777134
0.550	0.250	0.000	0.14661843
0.650	0.250	0.000	0.14592917
0.750	0.250	0.000	0.14560503
0.850	0.250	0.000	0.14556822
0.950	0.250	0.000	0.14696164
1.050	0.250	0.000	0.14953646
1.150	0.250	0.000	0.15270993
1.250	0.250	0.000	0.15588872
1.350	0.250	0.000	0.15828438
1.450	0.250	0.000	0.16006115
1.550	0.250	0.000	0.16092506
1.650	0.250	0.000	0.16175433
1.750	0.250	0.000	0.16213802
1.850	0.250	0.000	0.16266435
1.950	0.250	0.000	0.16274488
2.050	0.250	0.000	0.16414478
2.150	0.250	0.000	0.16382276
2.250	0.250	0.000	0.16563758
2.350	0.250	0.000	0.16472208
2.450	0.250	0.000	0.16951495
-2.450	0.350	0.000	0.09424631
-2.350	0.350	0.000	0.09758983
-2.250	0.350	0.000	0.10503127
-2.150	0.350	0.000	0.10462476
-2.050	0.350	0.000	0.10701527
-1.950	0.350	0.000	0.10688240
-1.850	0.350	0.000	0.10956935
-1.750	0.350	0.000	0.11434893
-1.650	0.350	0.000	0.11917730
-1.550	0.350	0.000	0.12585041
-1.450	0.350	0.000	0.13217816
-1.350	0.350	0.000	0.13868038
-1.250	0.350	0.000	0.14477210
-1.150	0.350	0.000	0.14985000
-1.050	0.350	0.000	0.15370755
-0.950	0.350	0.000	0.15638137
-0.850	0.350	0.000	0.15778312
-0.750	0.350	0.000	0.15899272
-0.650	0.350	0.000	0.16000564
-0.550	0.350	0.000	0.16194940
-0.450	0.350	0.000	0.16495231
-0.350	0.350	0.000	0.16873562
-0.250	0.350	0.000	0.17185032
-0.150	0.350	0.000	0.17395966
-0.050	0.350	0.000	0.17294841
0.050	0.350	0.000	0.16924137
0.150	0.350	0.000	0.16346556
0.250	0.350	0.000	0.15752319
0.350	0.350	0.000	0.15271084
0.450	0.350	0.000	0.15002245
0.550	0.350	0.000	0.14827053
0.650	0.350	0.000	0.14682837
0.750	0.350	0.000	0.14575996
0.850	0.350	0.000	0.14506961
0.950	0.350	0.000	0.14636213
1.050	0.350	0.000	0.14890765
1.150	0.350	0.000	0.15218970
1.250	0.350	0.000	0.15552877
1.350	0.350	0.000	0.15792574
1.450	0.350	0.000	0.15961300
1.550	0.350	0.000	0.16034079
1.650	0.350	0.000	0.16098109
1.750	0.350	0.000	0.16134194
1.850	0.350	0.000	0.16241568
1.950	0.350	0.000	0.16329096
2.050	0.350	0.000	0.16552201
2.150	0.350	0.000	0.16591801
2.250	0.350	0.000	0.16822799
2.350	0.350	0.000	0.16849932
2.450	0.350	0.000	0.17231700
-2.450	0.450	0.000	0.09437801
-2.350	0.450	0.000	0.09644313
-2.250	0.450	0.000	0.10396712
-2.150	0.450	0.000	0.10455319
-2.050	0.450	0.000	0.10721927
-1.950	0.450	0.000	0.10698655
-1.850	0.450	0.000	0.10948523
-1.750	0.450	0.000	0.11441002
-1.650	0.450	0.000	0.11946786
-1.550	0.450	0.000	0.12593202
-1.450	0.450	0.000	0.13200617
-1.350	0.450	0.000	0.13801144
-1.250	0.450	0.000	0.14353590
-1.150	0.450	0.000	0.14841776
-1.050	0.450	0.000	0.15247291
-0.950	0.450	0.000	0.15593067
-0.850	0.450	0.000	0.15833502
-0.750	0.450	0.000	0.15987954
-0.650	0.450	0.000	0.16135058
-0.550	0.450	0.000	0.16297624
-0.450	0.450	0.000	0.16498069
-0.350	0.450	0.000	0.16838939
-0.250	0.450	0.000	0.17180605
-0.150	0.450	0.000	0.17489068
-0.050	0.450	0.000	0.17487267
0.050	0.450	0.000	0.17215139
0.150	0.450	0.000	0.16687296
0.250	0.450	0.000	0.16116051
0.350	0.450	0.000	0.15621351
0.450	0.450	0.000	0.15316173
0.550	0.450	0.000	0.15124676
0.650	0.450	0.000	0.14922424
0.750	0.450	0.000	0.14764030
0.850	0.450	0.000	0.14622535
0.950	0.450	0.000	0.14608604
1.050	0.450	0.000	0.14786035
1.150	0.450	0.000	0.15080363
1.250	0.450	0.000	0.15437183
1.350	0.450	0.000	0.15745014
1.450	0.450	0.000	0.15968646
1.550	0.450	0.000	0.16064399
1.650	0.450	0.000	0.16105995
1.750	0.450	0.000	0.16128202
1.850	0.450	0.000	0.16238950
1.950	0.450	0.000	0.16326776
2.050	0.450	0.000	0.16584541
2.150	0.450	0.000	0.16700894
2.250	0.450	0.000	0.17005864
2.350	0.450	0.000	0.17078939
2.450	0.450	0.000	0.17403173
-2.450	0.550	0.000	0.09453376
-2.350	0.550	0.000	0.09413780
-2.250	0.550	0.000	0.10247438
-2.150	0.550	0.000	0.10390560
-2.050	0.550	0.000	0.10726328
-1.950	0.550	0.000	0.10801768
-1.850	0.550	0.000	0.11043958
-1.750	0.550	0.000	0.11497629
-1.650	0.550	0.000	0.11946726
-1.550	0.550	0.000	0.12549782
-1.450	0.550	0.000	0.13172121
-1.350	0.550	0.000	0.13782823
-1.250	0.550	0.000	0.14373320
-1.150	0.550	0.000	0.14899509
-1.050	0.550	0.000	0.15377383
-0.950	0.550	0.000	0.15759297
-0.850	0.550	0.000	0.16053066
-0.750	0.550	0.000	0.16172108
-0.650	0.550	0.000	0.16261229
-0.550	0.550	0.000	0.16340806
-0.450	0.550	0.000	0.16489485
-0.350	0.550	0.000	0.16768724
-0.250	0.550	0.000	0.17131801
-0.150	0.550	0.000	0.17423065
-0.050	0.550	0.000	0.17588860
0.050	0.550	0.000	0.17389527
0.150	0.550	0.000	0.16972585
0.250	0.550	0.000	0.16473900
0.350	0.550	0.000	0.16006280
0.450	0.550	0.000	0.15670079
0.550	0.550	0.000	0.15437166
0.650	0.550	0.000	0.15230641
0.750	0.550	0.000	0.15027517
0.850	0.550	0.000	0.14913450
0.950	0.550	0.000	0.14857288
1.050	0.550	0.000	0.14986219
1.150	0.550	0.000	0.15235901
1.250	0.550	0.000	0.15516375
1.350	0.550	0.000	0.15716588
1.450	0.550	0.000	0.15875180
1.550	0.550	0.000	0.15948069
1.650	0.550	0.000	0.16020590
1.750	0.550	0.000	0.16087969
1.850	0.550	0.000	0.16251551
1.950	0.550	0.000	0.16373882
2.050	0.550	0.000	0.16660996
2.150	0.550	0.000	0.16803791
2.250	0.550	0.000	0.17116202
2.350	0.550	0.000	0.17213899
2.450	0.550	0.000	0.17547251
-2.450	0.650	0.000	0.09707960
-2.350	0.650	0.000	0.09330899
-2.250	0.650	0.000	0.10126001
-2.150	0.650	0.000	0.10364997
-2.050	0.650	0.000	0.10834067
-1.950	0.650	0.000	0.11017697
-1.850	0.650	0.000	0.11198137
-1.750	0.650	0.000	0.11556970
-1.650	0.650	0.000	0.11956752
-1.550	0.650	0.000	0.12512945
-1.450	0.650	0.000	0.13128830
-1.350	0.650	0.000	0.13758363
-1.250	0.650	0.000	0.14395645
-1.150	0.650	0.000	0.14993940
-1.050	0.650	0.000	0.15527044
-0.950	0.650	0.000	0.15947723
-0.850	0.650	0.000	0.16242543
-0.750	0.650	0.000	0.16362916
-0.650	0.650	0.000	0.16394079
-0.550	0.650	0.000	0.16420919
-0.450	0.650	0.000	0.16515270
-0.350	0.650	0.000	0.16721542
-0.250	0.650	0.000	0.17072254
-0.150	0.650	0.000	0.17356269
-0.050	0.650	0.000	0.17604010
0.050	0.650	0.000	0.17497410
0.150	0.650	0.000	0.17178307
0.250	0.650	0.000	0.16748710
0.350	0.650	0.000	0.16335154
0.450	0.650	0.000	0.16023183
0.550	0.650	0.000	0.15801670
0.650	0.650	0.000	0.15600780
0.750	0.650	0.000	0.15354048
0.850	0.650	0.000	0.15200193
0.950	0.650	0.000	0.15064985
1.050	0.650	0.000	0.15094340
1.150	0.650	0.000	0.15275994
1.250	0.650	0.000	0.15541378
1.350	0.650	0.000	0.15812841
1.450	0.650	0.000	0.16041407
1.550	0.650	0.000	0.16151717
1.650	0.650	0.000	0.16216072
1.750	0.650	0.000	0.16246505
1.850	0.650	0.000	0.16364230
1.950	0.650	0.000	0.16511481
2.050	0.650	0.000	0.16830558
2.150	0.650	0.000	0.16967012
2.250	0.650	0.000	0.17241885
2.350	0.650	0.000	0.17246459
2.450	0.650	0.000	0.17580624
-2.450	0.750	0.000	0.09894569
-2.350	0.750	0.000	0.09261005
-2.250	0.750	0.000	0.10054226
-2.150	0.750	0.000	0.10356026
-2.050	0.750	0.000	0.10899966
-1.950	0.750	0.000	0.11184631
-1.850	0.750	0.000	0.11355977
-1.750	0.750	0.000	0.11668173
-1.650	0.750	0.000	0.12030490
-1.550	0.750	0.000	0.12517647
-1.450	0.750	0.000	0.13082561
-1.350	0.750	0.000	0.13705935
-1.250	0.750	0.000	0.14373356
-1.150	0.750	0.000	0.15021691
-1.050	0.750	0.000	0.15595780
-0.950	0.750	0.000	0.16039212
-0.850	0.750	0.000	0.16356115
-0.750	0.750	0.000	0.16536959
-0.650	0.750	0.000	0.16583970
-0.550	0.750	0.000	0.16570832
-0.450	0.750	0.000	0.16620187
-0.350	0.750	0.000	0.16780132
-0.250	0.750	0.000	0.17051871
-0.150	0.750	0.000	0.17371902
-0.050	0.750	0.000	0.17590056
0.050	0.750	0.000	0.17648733
0.150	0.750	0.000	0.17415316
0.250	0.750	0.000	0.17047150
0.350	0.750	0.000	0.16652393
0.450	0.750	0.000	0.16336752
0.550	0.750	0.000	0.16119614
0.650	0.750	0.000	0.15936470
0.750	0.750	0.000	0.15696642
0.850	0.750	0.000	0.15497082
0.950	0.750	0.000	0.15328006
1.050	0.750	0.000	0.15308648
1.150	0.750	0.000	0.15454751
1.250	0.750	0.000	0.15667735
1.350	0.750	0.000	0.15873751
1.450	0.750	0.000	0.16080827
1.550	0.750	0.000	0.16231018
1.650	0.750	0.000	0.16366670
1.750	0.750	0.000	0.16482578
1.850	0.750	0.000	0.16654986
1.950	0.750	0.000	0.16744418
2.050	0.750	0.000	0.16961360
2.150	0.750	0.000	0.17067565
2.250	0.750	0.000	0.17312382
2.350	0.750	0.000	0.17248771
2.450	0.750	0.000	0.17622526
-2.450	0.850	0.000	0.10431689
-2.350	0.850	0.000	0.09511076
-2.250	0.850	0.000	0.10110008
-2.150	0.850	0.000	0.10453968
-2.050	0.850	0.000	0.10958390
-1.950	0.850	0.000	0.11331982
-1.850	0.850	0.000	0.11542324
-1.750	0.850	0.000	0.11849332
-1.650	0.850	0.000	0.12176076
-1.550	0.850	0.000	0.12623166
-1.450	0.850	0.000	0.13106197
-1.350	0.850	0.000	0.13667600
-1.250	0.850	0.000	0.14316051
-1.150	0.850	0.000	0.14962269
-1.050	0.850	0.000	0.15513644
-0.950	0.850	0.000	0.15969992
-0.850	0.850	0.000	0.16304277
-0.750	0.850	0.000	0.16550215
-0.650	0.850	0.000	0.16730696
-0.550	0.850	0.000	0.16778652
-0.450	0.850	0.000	0.16819417
-0.350	0.850	0.000	0.16937697
-0.250	0.850	0.000	0.17128760
-0.150	0.850	0.000	0.17405818
-0.050	0.850	0.000	0.17589055
0.050	0.850	0.000	0.17749675
0.150	0.850	0.000	0.17594621
0.250	0.850	0.000	0.17279825
0.350	0.850	0.000	0.16905542
0.450	0.850	0.000	0.16599795
0.550	0.850	0.000	0.16391444
0.650	0.850	0.000	0.16194129
0.750	0.850	0.000	0.15959488
0.850	0.850	0.000	0.15755007
0.950	0.850	0.000	0.15566251
1.050	0.850	0.000	0.15530564
1.150	0.850	0.000	0.15669644
1.250	0.850	0.000	0.15875480
1.350	0.850	0.000	0.16092604
1.450	0.850	0.000	0.16306029
1.550	0.850	0.000	0.16456139
1.650	0.850	0.000	0.16616477
1.750	0.850	0.000	0.16760334
1.850	0.850	0.000	0.16973922
1.950	0.850	0.000	0.17139572
2.050	0.850	0.000	0.17400789
2.150	0.850	0.000	0.17423087
2.250	0.850	0.000	0.17550243
2.350	0.850	0.000	0.17409946
2.450	0.850	0.000	0.17745392
-2.450	0.950	0.000	0.10925871
-2.350	0.950	0.000	0.09817204
-2.250	0.950	0.000	0.10168634
-2.150	0.950	0.000	0.10440982
-2.050	0.950	0.000	0.10949317
-1.950	0.950	0.000	0.11399150
-1.850	0.950	0.000	0.11686620
-1.750	0.950	0.000	0.12053923
-1.650	0.950	0.000	0.12379431
-1.550	0.950	0.000	0.12760915
-1.450	0.950	0.000	0.13176148
-1.350	0.950	0.000	0.13691267
-1.250	0.950	0.000	0.14315248
-1.150	0.950	0.000	0.14935240
-1.050	0.950	0.000	0.15504810
-0.950	0.950	0.000	0.15971076
-0.850	0.950	0.000	0.16340277
-0.750	0.950	0.000	0.16618849
-0.650	0.950	0.000	0.16903153
-0.550	0.950	0.000	0.17049111
-0.450	0.950	0.000	0.17097902
-0.350	0.950	0.000	0.17190368
-0.250	0.950	0.000	0.17315683
-0.150	0.950	0.000	0.17531832
-0.050	0.950	0.000	0.17675889
0.050	0.950	0.000	0.17860577
0.150	0.950	0.000	0.17782851
0.250	0.950	0.000	0.17511432
0.350	0.950	0.000	0.17161612
0.450	0.950	0.000	0.16852976
0.550	0.950	0.000	0.16649613
0.650	0.950	0.000	0.16442682
0.750	0.950	0.000	0.16235004
0.850	0.950	0.000	0.16038410
0.950	0.950	0.000	0.15841138
1.050	0.950	0.000	0.15807393
1.150	0.950	0.000	0.15953802
1.250	0.950	0.000	0.16142578
1.350	0.950	0.000	0.16323806
1.450	0.950	0.000	0.16492046
1.550	0.950	0.000	0.16644439
1.650	0.950	0.000	0.16810533
1.750	0.950	0.000	0.17008397
1.850	0.950	0.000	0.17283484
1.950	0.950	0.000	0.17464712
2.050	0.950	0.000	0.17677936
2.150	0.950	0.000	0.17680314
2.250	0.950	0.000	0.17810839
2.350	0.950	0.000	0.17651205
2.450	0.950	0.000	0.17935090
-2.450	1.050	0.000	0.11594662
-2.350	1.050	0.000	0.10375222
-2.250	1.050	0.000	0.10345910
-2.150	1.050	0.000	0.10458748
-2.050	1.050	0.000	0.10870505
-1.950	1.050	0.000	0.11317540
-1.850	1.050	0.000	0.11731995
-1.750	1.050	0.000	0.12195948
-1.650	1.050	0.000	0.12496269
-1.550	1.050	0.000	0.12847871
-1.450	1.050	0.000	0.13242038
-1.350	1.050	0.000	0.13735273
-1.250	1.050	0.000	0.14341463
-1.150	1.050	0.000	0.14967506
-1.050	1.050	0.000	0.15528084
-0.950	1.050	0.000	0.15997276
-0.850	1.050	0.000	0.16407284
-0.750	1.050	0.000	0.16730934
-0.650	1.050	0.000	0.17021915
-0.550	1.050	0.000	0.17221764
-0.450	1.050	0.000	0.17286217
-0.350	1.050	0.000	0.17340499
-0.250	1.050	0.000	0.17443217
-0.150	1.050	0.000	0.17636764
-0.050	1.050	0.000	0.17776698
0.050	1.050	0.000	0.17917533
0.150	1.050	0.000	0.17917502
0.250	1.050	0.000	0.17685176
0.350	1.050	0.000	0.17375085
0.450	1.050	0.000	0.17082353
0.550	1.050	0.000	0.16901855
0.650	1.050	0.000	0.16701171
0.750	1.050	0.000	0.16510819
0.850	1.050	0.000	0.16345847
0.950	1.050	0.000	0.16177982
1.050	1.050	0.000	0.16149119
1.150	1.050	0.000	0.16287032
1.250	1.050	0.000	0.16456397
1.350	1.050	0.000	0.16614069
1.450	1.050	0.000	0.16764192
1.550	1.050	0.000	0.16902001
1.650	1.050	0.000	0.17084262
1.750	1.050	0.000	0.17303918
1.850	1.050	0.000	0.17606449
1.950	1.050	0.000	0.17842834
2.050	1.050	0.000	0.18097721
2.150	1.050	0.000	0.18118125
2.250	1.050	0.000	0.18218751
2.350	1.050	0.000	0.18061948
2.450	1.050	0.000	0.18250477
-2.450	1.150	0.000	0.12275950
-2.350	1.150	0.000	0.10984482
-2.250	1.150	0.000	0.10621910
-2.150	1.150	0.000	0.10547108
-2.050	1.150	0.000	0.10764007
-1.950	1.150	0.000	0.11184736
-1.850	1.150	0.000	0.11758048
-1.750	1.150	0.000	0.12342774
-1.650	1.150	0.000	0.12654203
-1.550	1.150	0.000	0.12898965
-1.450	1.150	0.000	0.13246535
-1.350	1.150	0.000	0.13693498
-1.250	1.150	0.000	0.14283164
-1.150	1.150	0.000	0.14938201
-1.050	1.150	0.000	0.15589468
-0.950	1.150	0.000	0.16160434
-0.850	1.150	0.000	0.16568977
-0.750	1.150	0.000	0.16851148
-0.650	1.150	0.000	0.17090300
-0.550	1.150	0.000	0.17254503
-0.450	1.150	0.000	0.17345259
-0.350	1.150	0.000	0.17440706
-0.250	1.150	0.000	0.17583096
-0.150	1.150	0.000	0.17790790
-0.050	1.150	0.000	0.17941284
0.050	1.150	0.000	0.18050201
0.150	1.150	0.000	0.18097322
0.250	1.150	0.000	0.17912455
0.350	1.150	0.000	0.17648418
0.450	1.150	0.000	0.17378946
0.550	1.150	0.000	0.17198312
0.650	1.150	0.000	0.16983663
0.750	1.150	0.000	0.16799375
0.850	1.150	0.000	0.16663472
0.950	1.150	0.000	0.16518171
1.050	1.150	0.000	0.16496153
1.150	1.150	0.000	0.16634348
1.250	1.150	0.000	0.16801584
1.350	1.150	0.000	0.16953661
1.450	1.150	0.000	0.17068292
1.550	1.150	0.000	0.17170706
1.650	1.150	0.000	0.17320983
1.750	1.150	0.000	0.17536308
1.850	1.150	0.000	0.17886552
1.950	1.150	0.000	0.18146786
2.050	1.150	0.000	0.18457523
2.150	1.150	0.000	0.18593962
2.250	1.150	0.000	0.18801729
2.350	1.150	0.000	0.18790489
2.450	1.150	0.000	0.18900599
-2.450	1.250	0.000	0.12968719
-2.350	1.250	0.000	0.11680689
-2.250	1.250	0.000	0.11044546
-2.150	1.250	0.000	0.10705752
-2.050	1.250	0.000	0.10687998
-1.950	1.250	0.000	0.11074076
-1.850	1.250	0.000	0.11694738
-1.750	1.250	0.000	0.12356951
-1.650	1.250	0.000	0.12794496
-1.550	1.250	0.000	0.13081512
-1.450	1.250	0.000	0.13338800
-1.350	1.250	0.000	0.13671023
-1.250	1.250	0.000	0.14205202
-1.150	1.250	0.000	0.14892204
-1.050	1.250	0.000	0.15602960
-0.950	1.250	0.000	0.16211057
-0.850	1.250	0.000	0.16650006
-0.750	1.250	0.000	0.16918074
-0.650	1.250	0.000	0.17098439
-0.550	1.250	0.000	0.17236762
-0.450	1.250	0.000	0.17340069
-0.350	1.250	0.000	0.17467681
-0.250	1.250	0.000	0.17670567
-0.150	1.250	0.000	0.17892440
-0.050	1.250	0.000	0.18045293
0.050	1.250	0.000	0.18101181
0.150	1.250	0.000	0.18187106
0.250	1.250	0.000	0.18110639
0.350	1.250	0.000	0.17919891
0.450	1.250	0.000	0.17695525
0.550	1.250	0.000	0.17524913
0.650	1.250	0.000	0.17298707
0.750	1.250	0.000	0.17103080
0.850	1.250	0.000	0.16956916
0.950	1.250	0.000	0.16823591
1.050	1.250	0.000	0.16823456
1.150	1.250	0.000	0.16971804
1.250	1.250	0.000	0.17156981
1.350	1.250	0.000	0.17343877
1.450	1.250	0.000	0.17515223
1.550	1.250	0.000	0.17656523
1.650	1.250	0.000	0.17830585
1.750	1.250	0.000	0.18027380
1.850	1.250	0.000	0.18322866
1.950	1.250	0.000	0.18499367
2.050	1.250	0.000	0.18743639
2.150	1.250	0.000	0.18831025
2.250	1.250	0.000	0.18979861
2.350	1.250	0.000	0.18959795
2.450	1.250	0.000	0.19079001
-2.450	1.350	0.000	0.13665704
-2.350	1.350	0.000	0.12442902
-2.250	1.350	0.000	0.11615140
-2.150	1.350	0.000	0.11013131
-2.050	1.350	0.000	0.10722173
-1.950	1.350	0.000	0.10995583
-1.850	1.350	0.000	0.11585190
-1.750	1.350	0.000	0.12352940
-1.650	1.350	0.000	0.12921071
-1.550	1.350	0.000	0.13231285
-1.450	1.350	0.000	0.13460487
-1.350	1.350	0.000	0.13743050
-1.250	1.350	0.000	0.14166683
-1.150	1.350	0.000	0.14749870
-1.050	1.350	0.000	0.15407927
-0.950	1.350	0.000	0.16064766
-0.850	1.350	0.000	0.16599496
-0.750	1.350	0.000	0.16939558
-0.650	1.350	0.000	0.17170255
-0.550	1.350	0.000	0.17340161
-0.450	1.350	0.000	0.17473425
-0.350	1.350	0.000	0.17601871
-0.250	1.350	0.000	0.17764181
-0.150	1.350	0.000	0.17987891
-0.050	1.350	0.000	0.18158166
0.050	1.350	0.000	0.18234102
0.150	1.350	0.000	0.18352680
0.250	1.350	0.000	0.18299724
0.350	1.350	0.000	0.18125825
0.450	1.350	0.000	0.17907196
0.550	1.350	0.000	0.17738976
0.650	1.350	0.000	0.17517023
0.750	1.350	0.000	0.17349784
0.850	1.350	0.000	0.17229909
0.950	1.350	0.000	0.17129605
1.050	1.350	0.000	0.17154568
1.150	1.350	0.000	0.17306928
1.250	1.350	0.000	0.17499509
1.350	1.350	0.000	0.17713243
1.450	1.350	0.000	0.17918602
1.550	1.350	0.000	0.18101463
1.650	1.350	0.000	0.18307133
1.750	1.350	0.000	0.18526408
1.850	1.350	0.000	0.18846557
1.950	1.350	0.000	0.19056988
2.050	1.350	0.000	0.19310285
2.150	1.350	0.000	0.19434610
2.250	1.350	0.000	0.19595036
2.350	1.350	0.000	0.19622934
2.450	1.350	0.000	0.19738820
-2.450	1.450	0.000	0.14341001
-2.350	1.450	0.000	0.13284272
-2.250	1.450	0.000	0.12338959
-2.150	1.450	0.000	0.11440348
-2.050	1.450	0.000	0.10851147
-1.950	1.450	0.000	0.10875352
-1.850	1.450	0.000	0.11346512
-1.750	1.450	0.000	0.12166309
-1.650	1.450	0.000	0.12884787
-1.550	1.450	0.000	0.13350192
-1.450	1.450	0.000	0.13652022
-1.350	1.450	0.000	0.13923012
-1.250	1.450	0.000	0.14248653
-1.150	1.450	0.000	0.14672600
-1.050	1.450	0.000	0.15200070
-0.950	1.450	0.000	0.15818825
-0.850	1.450	0.000	0.16402870
-0.750	1.450	0.000	0.16844939
-0.650	1.450	0.000	0.17150186
-0.550	1.450	0.000	0.17373572
-0.450	1.450	0.000	0.17563096
-0.350	1.450	0.000	0.17745139
-0.250	1.450	0.000	0.17915159
-0.150	1.450	0.000	0.18081622
-0.050	1.450	0.000	0.18184023
0.050	1.450	0.000	0.18219972
0.150	1.450	0.000	0.18323487
0.250	1.450	0.000	0.18392533
0.350	1.450	0.000	0.18296155
0.450	1.450	0.000	0.18166186
0.550	1.450	0.000	0.18059231
0.650	1.450	0.000	0.17854239
0.750	1.450	0.000	0.17684029
0.850	1.450	0.000	0.17544402
0.950	1.450	0.000	0.17430472
1.050	1.450	0.000	0.17471126
1.150	1.450	0.000	0.17639330
1.250	1.450	0.000	0.17843312
1.350	1.450	0.000	0.18071990
1.450	1.450	0.000	0.18310083
1.550	1.450	0.000	0.18514901
1.650	1.450	0.000	0.18737027
1.750	1.450	0.000	0.18943562
1.850	1.450	0.000	0.19180509
1.950	1.450	0.000	0.19322240
2.050	1.450	0.000	0.19468442
2.150	1.450	0.000	0.19467725
2.250	1.450	0.000	0.19601779
2.350	1.450	0.000	0.19639665
2.450	1.450	0.000	0.19823354
-2.450	1.550	0.000	0.14942227
-2.350	1.550	0.000	0.14090177
-2.250	1.550	0.000	0.13137291
-2.150	1.550	0.000	0.12110150
-2.050	1.550	0.000	0.11177320
-1.950	1.550	0.000	0.10809276
-1.850	1.550	0.000	0.11118643
-1.750	1.550	0.000	0.11874455
-1.650	1.550	0.000	0.12698337
-1.550	1.550	0.000	0.13359012
-1.450	1.550	0.000	0.13778797
-1.350	1.550	0.000	0.14087485
-1.250	1.550	0.000	0.14365636
-1.150	1.550	0.000	0.14697050
-1.050	1.550	0.000	0.15165524
-0.950	1.550	0.000	0.15678275
-0.850	1.550	0.000	0.16193822
-0.750	1.550	0.000	0.16667730
-0.650	1.550	0.000	0.17066698
-0.550	1.550	0.000	0.17386495
-0.450	1.550	0.000	0.17642279
-0.350	1.550	0.000	0.17865998
-0.250	1.550	0.000	0.18058555
-0.150	1.550	0.000	0.18206416
-0.050	1.550	0.000	0.18259238
0.050	1.550	0.000	0.18265718
0.150	1.550	0.000	0.18368563
0.250	1.550	0.000	0.18503806
0.350	1.550	0.000	0.18494283
0.450	1.550	0.000	0.18412901
0.550	1.550	0.000	0.18329971
0.650	1.550	0.000	0.18110040
0.750	1.550	0.000	0.17905977
0.850	1.550	0.000	0.17770872
0.950	1.550	0.000	0.17698437
1.050	1.550	0.000	0.17822482
1.150	1.550	0.000	0.18034066
1.250	1.550	0.000	0.18246876
1.350	1.550	0.000	0.18455440
1.450	1.550	0.000	0.18653949
1.550	1.550	0.000	0.18873042
1.650	1.550	0.000	0.19133846
1.750	1.550	0.000	0.19364849
1.850	1.550	0.000	0.19628941
1.950	1.550	0.000	0.19820197
2.050	1.550	0.000	0.19968881
2.150	1.550	0.000	0.20020314
2.250	1.550	0.000	0.20169188
2.350	1.550	0.000	0.20177817
2.450	1.550	0.000	0.20422494
-2.450	1.650	0.000	0.15488598
-2.350	1.650	0.000	0.14850645
-2.250	1.650	0.000	0.13970976
-2.150	1.650	0.000	0.12930000
-2.050	1.650	0.000	0.11775076
-1.950	1.650	0.000	0.11084663
-1.850	1.650	0.000	0.10960973
-1.750	1.650	0.000	0.11482758
-1.650	1.650	0.000	0.12296445
-1.550	1.650	0.000	0.13140593
-1.450	1.650	0.000	0.13759899
-1.350	1.650	0.000	0.14152928
-1.250	1.650	0.000	0.14492376
-1.150	1.650	0.000	0.14849924
-1.050	1.650	0.000	0.15231226
-0.950	1.650	0.000	0.15661319
-0.850	1.650	0.000	0.16098024
-0.750	1.650	0.000	0.16477330
-0.650	1.650	0.000	0.16849183
-0.550	1.650	0.000	0.17217684
-0.450	1.650	0.000	0.17576417
-0.350	1.650	0.000	0.17917581
-0.250	1.650	0.000	0.18185337
-0.150	1.650	0.000	0.18372485
-0.050	1.650	0.000	0.18427785
0.050	1.650	0.000	0.18417789
0.150	1.650	0.000	0.18497507
0.250	1.650	0.000	0.18646520
0.350	1.650	0.000	0.18674125
0.450	1.650	0.000	0.18619502
0.550	1.650	0.000	0.18537593
0.650	1.650	0.000	0.18304349
0.750	1.650	0.000	0.18085831
0.850	1.650	0.000	0.17929959
0.950	1.650	0.000	0.17838487
1.050	1.650	0.000	0.17965928
1.150	1.650	0.000	0.18199335
1.250	1.650	0.000	0.18470517
1.350	1.650	0.000	0.18722281
1.450	1.650	0.000	0.18948469
1.550	1.650	0.000	0.19131112
1.650	1.650	0.000	0.19306153
1.750	1.650	0.000	0.19473571
1.850	1.650	0.000	0.19674739
1.950	1.650	0.000	0.19831598
2.050	1.650	0.000	0.19983703
2.150	1.650	0.000	0.20071091
2.250	1.650	0.000	0.20306738
2.350	1.650	0.000	0.20376624
2.450	1.650	0.000	0.20693588
-2.450	1.750	0.000	0.15962039
-2.350	1.750	0.000	0.15540440
-2.250	1.750	0.000	0.14821240
-2.150	1.750	0.000	0.13938063
-2.050	1.750	0.000	0.12794244
-1.950	1.750	0.000	0.11803431
-1.850	1.750	0.000	0.11202896
-1.750	1.750	0.000	0.11315435
-1.650	1.750	0.000	0.11867488
-1.550	1.750	0.000	0.12643582
-1.450	1.750	0.000	0.13438717
-1.350	1.750	0.000	0.14040248
-1.250	1.750	0.000	0.14536229
-1.150	1.750	0.000	0.14926302
-1.050	1.750	0.000	0.15284461
-0.950	1.750	0.000	0.15685526
-0.850	1.750	0.000	0.16070141
-0.750	1.750	0.000	0.16449301
-0.650	1.750	0.000	0.16851689
-0.550	1.750	0.000	0.17226206
-0.450	1.750	0.000	0.17617805
-0.350	1.750	0.000	0.18032637
-0.250	1.750	0.000	0.18370080
-0.150	1.750	0.000	0.18616143
-0.050	1.750	0.000	0.18703507
0.050	1.750	0.000	0.18679863
0.150	1.750	0.000	0.18745695
0.250	1.750	0.000	0.18851407
0.350	1.750	0.000	0.18829554
0.450	1.750	0.000	0.18747181
0.550	1.750	0.000	0.18650664
0.650	1.750	0.000	0.18435574
0.750	1.750	0.000	0.18255451
0.850	1.750	0.000	0.18142337
0.950	1.750	0.000	0.18076365
1.050	1.750	0.000	0.18219550
1.150	1.750	0.000	0.18473446
1.250	1.750	0.000	0.18774994
1.350	1.750	0.000	0.19051413
1.450	1.750	0.000	0.19266465
1.550	1.750	0.000	0.19416404
1.650	1.750	0.000	0.19586283
1.750	1.750	0.000	0.19764833
1.850	1.750	0.000	0.19940767
1.950	1.750	0.000	0.20049700
2.050	1.750	0.000	0.20151722
2.150	1.750	0.000	0.20234798
2.250	1.750	0.000	0.20521532
2.350	1.750	0.000	0.20631614
2.450	1.750	0.000	0.21104437
-2.450	1.850	0.000	0.16424045
-2.350	1.850	0.000	0.16197835
-2.250	1.850	0.000	0.15688652
-2.150	1.850	0.000	0.15080716
-2.050	1.850	0.000	0.14121062
-1.950	1.850	0.000	0.13068287
-1.850	1.850	0.000	0.12070551
-1.750	1.850	0.000	0.11574825
-1.650	1.850	0.000	0.11613089
-1.550	1.850	0.000	0.12142302
-1.450	1.850	0.000	0.12898639
-1.350	1.850	0.000	0.13658087
-1.250	1.850	0.000	0.14309113
-1.150	1.850	0.000	0.14831348
-1.050	1.850	0.000	0.15318727
-0.950	1.850	0.000	0.15745595
-0.850	1.850	0.000	0.16157131
-0.750	1.850	0.000	0.16533138
-0.650	1.850	0.000	0.16897795
-0.550	1.850	0.000	0.17281273
-0.450	1.850	0.000	0.17703238
-0.350	1.850	0.000	0.18142572
-0.250	1.850	0.000	0.18531355
-0.150	1.850	0.000	0.18847455
-0.050	1.850	0.000	0.19020589
0.050	1.850	0.000	0.19037269
0.150	1.850	0.000	0.19096494
0.250	1.850	0.000	0.19098598
0.350	1.850	0.000	0.18984132
0.450	1.850	0.000	0.18871309
0.550	1.850	0.000	0.18769446
0.650	1.850	0.000	0.18586941
0.750	1.850	0.000	0.18439563
0.850	1.850	0.000	0.18347616
0.950	1.850	0.000	0.18293563
1.050	1.850	0.000	0.18433784
1.150	1.850	0.000	0.18664390
1.250	1.850	0.000	0.18907407
1.350	1.850	0.000	0.19123320
1.450	1.850	0.000	0.19275002
1.550	1.850	0.000	0.19396323
1.650	1.850	0.000	0.19496654
1.750	1.850	0.000	0.19628486
1.850	1.850	0.000	0.19807206
1.950	1.850	0.000	0.20014493
2.050	1.850	0.000	0.20209436
2.150	1.850	0.000	0.20382017
2.250	1.850	0.000	0.20732914
2.350	1.850	0.000	0.20890877
2.450	1.850	0.000	0.21414575
-2.450	1.950	0.000	0.16931006
-2.350	1.950	0.000	0.16828860
-2.250	1.950	0.000	0.16496816
-2.150	1.950	0.000	0.16159560
-2.050	1.950	0.000	0.15476958
-1.950	1.950	0.000	0.14579514
-1.850	1.950	0.000	0.13481596
-1.750	1.950	0.000	0.12522487
-1.650	1.950	0.000	0.12001478
-1.550	1.950	0.000	0.11965211
-1.450	1.950	0.000	0.12480352
-1.350	1.950	0.000	0.13262595
-1.250	1.950	0.000	0.13995402
-1.150	1.950	0.000	0.14659223
-1.050	1.950	0.000	0.15222937
-0.950	1.950	0.000	0.15743205
-0.850	1.950	0.000	0.16279347
-0.750	1.950	0.000	0.16715489
-0.650	1.950	0.000	0.17095494
-0.550	1.950	0.000	0.17483930
-0.450	1.950	0.000	0.17904525
-0.350	1.950	0.000	0.18358968
-0.250	1.950	0.000	0.18776292
-0.150	1.950	0.000	0.19120558
-0.050	1.950	0.000	0.19329973
0.050	1.950	0.000	0.19364263
0.150	1.950	0.000	0.19415848
0.250	1.950	0.000	0.19393142
0.350	1.950	0.000	0.19282341
0.450	1.950	0.000	0.19162136
0.550	1.950	0.000	0.19038950
0.650	1.950	0.000	0.18859842
0.750	1.950	0.000	0.18734746
0.850	1.950	0.000	0.18677972
0.950	1.950	0.000	0.18647230
1.050	1.950	0.000	0.18747628
1.150	1.950	0.000	0.18926300
1.250	1.950	0.000	0.19115673
1.350	1.950	0.000	0.19293834
1.450	1.950	0.000	0.19428535
1.550	1.950	0.000	0.19542493
1.650	1.950	0.000	0.19648951
1.750	1.950	0.000	0.19801654
1.850	1.950	0.000	0.20029965
1.950	1.950	0.000	0.20313714
2.050	1.950	0.000	0.20580325
2.150	1.950	0.000	0.20801172
2.250	1.950	0.000	0.21160878
2.350	1.950	0.000	0.21303824
2.450	1.950	0.000	0.21893863
-2.450	2.050	0.000	0.17343447
-2.350	2.050	0.000	0.17370363
-2.250	2.050	0.000	0.17178373
-2.150	2.050	0.000	0.17074698
-2.050	2.050	0.000	0.16668317
-1.950	2.050	0.000	0.16033278
-1.850	2.050	0.000	0.15079840
-1.750	2.050	0.000	0.14026697
-1.650	2.050	0.000	0.13082483
-1.550	2.050	0.000	0.12604265
-1.450	2.050	0.000	0.12649119
-1.350	2.050	0.000	0.13119671
-1.250	2.050	0.000	0.13851726
-1.150	2.050	0.000	0.14620250
-1.050	2.050	0.000	0.15358390
-0.950	2.050	0.000	0.16022427
-0.850	2.050	0.000	0.16578752
-0.750	2.050	0.000	0.17040992
-0.650	2.050	0.000	0.17483416
-0.550	2.050	0.000	0.17925687
-0.450	2.050	0.000	0.18364583
-0.350	2.050	0.000	0.18815187
-0.250	2.050	0.000	0.19209136
-0.150	2.050	0.000	0.19525659
-0.050	2.050	0.000	0.19697347
0.050	2.050	0.000	0.19702637
0.150	2.050	0.000	0.19694628
0.250	2.050	0.000	0.19611816
0.350	2.050	0.000	0.19466551
0.450	2.050	0.000	0.19301322
0.550	2.050	0.000	0.19136745
0.650	2.050	0.000	0.18966527
0.750	2.050	0.000	0.18901068
0.850	2.050	0.000	0.18815885
0.950	2.050	0.000	0.18873574
1.050	2.050	0.000	0.19037777
1.150	2.050	0.000	0.19204415
1.250	2.050	0.000	0.19384782
1.350	2.050	0.000	0.19549856
1.450	2.050	0.000	0.19692473
1.550	2.050	0.000	0.19793740
1.650	2.050	0.000	0.19920950
1.750	2.050	0.000	0.20111378
1.850	2.050	0.000	0.20380370
1.950	2.050	0.000	0.20686787
2.050	2.050	0.000	0.20941405
2.150	2.050	0.000	0.21165012
2.250	2.050	0.000	0.21470627
2.350	2.050	0.000	0.21618365
2.450	2.050	0.000	0.22166520
-2.450	2.150	0.000	0.17626035
-2.350	2.150	0.000	0.17727552
-2.250	2.150	0.000	0.17613046
-2.150	2.150	0.000	0.17687562
-2.050	2.150	0.000	0.17471194
-1.950	2.150	0.000	0.17067705
-1.850	2.150	0.000	0.16387936
-1.750	2.150	0.000	0.15514553
-1.650	2.150	0.000	0.14548792
-1.550	2.150	0.000	0.13815340
-1.450	2.150	0.000	0.13405289
-1.350	2.150	0.000	0.13563445
-1.250	2.150	0.000	0.14058761
-1.150	2.150	0.000	0.14669697
-1.050	2.150	0.000	0.15375805
-0.950	2.150	0.000	0.16117314
-0.850	2.150	0.000	0.16849463
-0.750	2.150	0.000	0.17498495
-0.650	2.150	0.000	0.18011977
-0.550	2.150	0.000	0.18428273
-0.450	2.150	0.000	0.18812057
-0.350	2.150	0.000	0.19203357
-0.250	2.150	0.000	0.19539773
-0.150	2.150	0.000	0.19797365
-0.050	2.150	0.000	0.19967632
0.050	2.150	0.000	0.20030326
0.150	2.150	0.000	0.19995715
0.250	2.150	0.000	0.19863762
0.350	2.150	0.000	0.19654068
0.450	2.150	0.000	0.19398697
0.550	2.150	0.000	0.19164945
0.650	2.150	0.000	0.18962187
0.750	2.150	0.000	0.18948466
0.850	2.150	0.000	0.18981606
0.950	2.150	0.000	0.19070990
1.050	2.150	0.000	0.19241266
1.150	2.150	0.000	0.19429974
1.250	2.150	0.000	0.19638847
1.350	2.150	0.000	0.19837527
1.450	2.150	0.000	0.20032389
1.550	2.150	0.000	0.20181058
1.650	2.150	0.000	0.20347171
1.750	2.150	0.000	0.20548433
1.850	2.150	0.000	0.20784064
1.950	2.150	0.000	0.21025267
2.050	2.150	0.000	0.21224786
2.150	2.150	0.000	0.21436115
2.250	2.150	0.000	0.21785998
2.350	2.150	0.000	0.21972875
2.450	2.150	0.000	0.22514512
-2.450	2.250	0.000	0.17656043
-2.350	2.250	0.000	0.17827421
-2.250	2.250	0.000	0.17823547
-2.150	2.250	0.000	0.18001010
-2.050	2.250	0.000	0.17955662
-1.950	2.250	0.000	0.17746177
-1.850	2.250	0.000	0.17328437
-1.750	2.250	0.000	0.16710295
-1.650	2.250	0.000	0.15954097
-1.550	2.250	0.000	0.15222886
-1.450	2.250	0.000	0.14636174
-1.350	2.250	0.000	0.14461944
-1.250	2.250	0.000	0.14641029
-1.150	2.250	0.000	0.15111691
-1.050	2.250	0.000	0.15773372
-0.950	2.250	0.000	0.16522272
-0.850	2.250	0.000	0.17270631
-0.750	2.250	0.000	0.17930692
-0.650	2.250	0.000	0.18452875
-0.550	2.250	0.000	0.18874696
-0.450	2.250	0.000	0.19222593
-0.350	2.250	0.000	0.19534950
-0.250	2.250	0.000	0.19804908
-0.150	2.250	0.000	0.20004824
-0.050	2.250	0.000	0.20158166
0.050	2.250	0.000	0.20147511
0.150	2.250	0.000	0.20041099
0.250	2.250	0.000	0.19868036
0.350	2.250	0.000	0.19649859
0.450	2.250	0.000	0.19412269
0.550	2.250	0.000	0.19193152
0.650	2.250	0.000	0.19043042
0.750	2.250	0.000	0.19050723
0.850	2.250	0.000	0.19133274
0.950	2.250	0.000	0.19309622
1.050	2.250	0.000	0.19512223
1.150	2.250	0.000	0.19706838
1.250	2.250	0.000	0.19883032
1.350	2.250	0.000	0.20028584
1.450	2.250	0.000	0.20186795
1.550	2.250	0.000	0.20308521
1.650	2.250	0.000	0.20441009
1.750	2.250	0.000	0.20611864
1.850	2.250	0.000	0.20856918
1.950	2.250	0.000	0.21153271
2.050	2.250	0.000	0.21406476
2.150	2.250	0.000	0.21639977
2.250	2.250	0.000	0.21985982
2.350	2.250	0.000	0.22174428
2.450	2.250	0.000	0.22706380
-2.450	2.350	0.000	0.17713745
-2.350	2.350	0.000	0.17925793
-2.250	2.350	0.000	0.17996678
-2.150	2.350	0.000	0.18268757
-2.050	2.350	0.000	0.18370624
-1.950	2.350	0.000	0.18305247
-1.850	2.350	0.000	0.18022166
-1.750	2.350	0.000	0.17525718
-1.650	2.350	0.000	0.16949163
-1.550	2.350	0.000	0.16344206
-1.450	2.350	0.000	0.15864639
-1.350	2.350	0.000	0.15610002
-1.250	2.350	0.000	0.15525056
-1.150	2.350	0.000	0.15614574
-1.050	2.350	0.000	0.15856707
-0.950	2.350	0.000	0.16256869
-0.850	2.350	0.000	0.16807817
-0.750	2.350	0.000	0.17414318
-0.650	2.350	0.000	0.18035311
-0.550	2.350	0.000	0.18610136
-0.450	2.350	0.000	0.19090797
-0.350	2.350	0.000	0.19510962
-0.250	2.350	0.000	0.19839960
-0.150	2.350	0.000	0.20077284
-0.050	2.350	0.000	0.20227073
0.050	2.350	0.000	0.20250103
0.150	2.350	0.000	0.20185101
0.250	2.350	0.000	0.20031628
0.350	2.350	0.000	0.19822547
0.450	2.350	0.000	0.19544971
0.550	2.350	0.000	0.19239447
0.650	2.350	0.000	0.18940949
0.750	2.350	0.000	0.18833347
0.850	2.350	0.000	0.18835169
0.950	2.350	0.000	0.19034086
1.050	2.350	0.000	0.19301747
1.150	2.350	0.000	0.19565135
1.250	2.350	0.000	0.19793606
1.350	2.350	0.000	0.19988543
1.450	2.350	0.000	0.20185928
1.550	2.350	0.000	0.20369698
1.650	2.350	0.000	0.20565173
1.750	2.350	0.000	0.20775765
1.850	2.350	0.000	0.21026574
1.950	2.350	0.000	0.21286415
2.050	2.350	0.000	0.21522897
2.150	2.350	0.000	0.21750285
2.250	2.350	0.000	0.22150500
2.350	2.350	0.000	0.22373827
2.450	2.350	0.000	0.22985762
-2.450	2.450	0.000	0.17687535
-2.350	2.450	0.000	0.17947410
-2.250	2.450	0.000	0.18064716
-2.150	2.450	0.000	0.18380871
-2.050	2.450	0.000	0.18526499
-1.950	2.450	0.000	0.18507124
-1.850	2.450	0.000	0.18265067
-1.750	2.450	0.000	0.17850979
-1.650	2.450	0.000	0.17467351
-1.550	2.450	0.000	0.17080641
-1.450	2.450	0.000	0.16820979
-1.350	2.450	0.000	0.16696607
-1.250	2.450	0.000	0.16560097
-1.150	2.450	0.000	0.16414671
-1.050	2.450	0.000	0.16345142
-0.950	2.450	0.000	0.16428493
-0.850	2.450	0.000	0.16699471
-0.750	2.450	0.000	0.17120612
-0.650	2.450	0.000	0.17613526
-0.550	2.450	0.000	0.18109651
-0.450	2.450	0.000	0.18585731
-0.350	2.450	0.000	0.19016020
-0.250	2.450	0.000	0.19387524
-0.150	2.450	0.000	0.19650765
-0.050	2.450	0.000	0.19864383
0.050	2.450	0.000	0.19988747
0.150	2.450	0.000	0.20030148
0.250	2.450	0.000	0.20044340
0.350	2.450	0.000	0.20008095
0.450	2.450	0.000	0.19880685
0.550	2.450	0.000	0.19656731
0.650	2.450	0.000	0.19433972
0.750	2.450	0.000	0.19222763
0.850	2.450	0.000	0.19088723
0.950	2.450	0.000	0.19000913
1.050	2.450	0.000	0.18992941
1.150	2.450	0.000	0.19089378
1.250	2.450	0.000	0.19259940
1.350	2.450	0.000	0.19492224
1.450	2.450	0.000	0.19766837
1.550	2.450	0.000	0.20023477
1.650	2.450	0.000	0.20251143
1.750	2.450	0.000	0.20454127
1.850	2.450	0.000	0.20661332
1.950	2.450	0.000	0.20877448
2.050	2.450	0.000	0.21136945
2.150	2.450	0.000	0.21373515
2.250	2.450	0.000	0.21842173
2.350	2.450	0.000	0.22076511
2.450	2.450	0.000	0.22750522
