-2.450	-2.450	0.000	0.16206503
-2.350	-2.450	0.000	0.16279350
-2.250	-2.450	0.000	0.16339907
-2.150	-2.450	0.000	0.16570118
-2.050	-2.450	0.000	0.16908488
-1.950	-2.450	0.000	0.17350273
-1.850	-2.450	0.000	0.17869116
-1.750	-2.450	0.000	0.18406773
-1.650	-2.450	0.000	0.18944947
-1.550	-2.450	0.000	0.19417846
-1.450	-2.450	0.000	0.19795769
-1.350	-2.450	0.000	0.20026052
-1.250	-2.450	0.000	0.20142600
-1.150	-2.450	0.000	0.20153368
-1.050	-2.450	0.000	0.20090196
-0.950	-2.450	0.000	0.19995514
-0.850	-2.450	0.000	0.19924274
-0.750	-2.450	0.000	0.19916607
-0.650	-2.450	0.000	0.19960614
-0.550	-2.450	0.000	0.19997232
-0.450	-2.450	0.000	0.20029724
-0.350	-2.450	0.000	0.20023495
-0.250	-2.450	0.000	0.20000875
-0.150	-2.450	0.000	0.19980085
-0.050	-2.450	0.000	0.20038617
0.050	-2.450	0.000	0.20124617
0.150	-2.450	0.000	0.20207964
0.250	-2.450	0.000	0.20274930
0.350	-2.450	0.000	0.20347922
0.450	-2.450	0.000	0.20436107
0.550	-2.450	0.000	0.20523113
0.650	-2.450	0.000	0.20596628
0.750	-2.450	0.000	0.20637013
0.850	-2.450	0.000	0.20622498
0.950	-2.450	0.000	0.20609108
1.050	-2.450	0.000	0.20649324
1.150	-2.450	0.000	0.20716710
1.250	-2.450	0.000	0.20770916
1.350	-2.450	0.000	0.20711030
1.450	-2.450	0.000	0.20511195
1.550	-2.450	0.000	0.20289850
1.650	-2.450	0.000	0.20169477
1.750	-2.450	0.000	0.20115913
1.850	-2.450	0.000	0.20225134
1.950	-2.450	0.000	0.20384933
2.050	-2.450	0.000	0.20426250
2.150	-2.450	0.000	0.20317261
2.250	-2.450	0.000	0.20127523
2.350	-2.450	0.000	0.19979483
2.450	-2.450	0.000	0.19235267
-2.450	-2.350	0.000	0.17181946
-2.350	-2.350	0.000	0.17184371
-2.250	-2.350	0.000	0.17192023
-2.150	-2.350	0.000	0.17385456
-2.050	-2.350	0.000	0.17730759
-1.950	-2.350	0.000	0.18209216
-1.850	-2.350	0.000	0.18750642
-1.750	-2.350	0.000	0.19287120
-1.650	-2.350	0.000	0.19796894
-1.550	-2.350	0.000	0.20236981
-1.450	-2.350	0.000	0.20586009
-1.350	-2.350	0.000	0.20819288
-1.250	-2.350	0.000	0.20946240
-1.150	-2.350	0.000	0.20980383
-1.050	-2.350	0.000	0.20920126
-0.950	-2.350	0.000	0.20795862
-0.850	-2.350	0.000	0.20671110
-0.750	-2.350	0.000	0.20594873
-0.650	-2.350	0.000	0.20567495
-0.550	-2.350	0.000	0.20549880
-0.450	-2.350	0.000	0.20549911
-0.350	-2.350	0.000	0.20528308
-0.250	-2.350	0.000	0.20493315
-0.150	-2.350	0.000	0.20465016
-0.050	-2.350	0.000	0.20488407
0.050	-2.350	0.000	0.20539099
0.150	-2.350	0.000	0.20584944
0.250	-2.350	0.000	0.20620167
0.350	-2.350	0.000	0.20669501
0.450	-2.350	0.000	0.20732799
0.550	-2.350	0.000	0.20799781
0.650	-2.350	0.000	0.20861143
0.750	-2.350	0.000	0.20898673
0.850	-2.350	0.000	0.20896910
0.950	-2.350	0.000	0.20887350
1.050	-2.350	0.000	0.20913364
1.150	-2.350	0.000	0.20974922
1.250	-2.350	0.000	0.21023053
1.350	-2.350	0.000	0.20954628
1.450	-2.350	0.000	0.20754239
1.550	-2.350	0.000	0.20526209
1.650	-2.350	0.000	0.20357765
1.750	-2.350	0.000	0.20260395
1.850	-2.350	0.000	0.20308657
1.950	-2.350	0.000	0.20388976
2.050	-2.350	0.000	0.20350647
2.150	-2.350	0.000	0.20215221
2.250	-2.350	0.000	0.19970134
2.350	-2.350	0.000	0.19816731
2.450	-2.350	0.000	0.19095820
-2.450	-2.250	0.000	0.17691921
-2.350	-2.250	0.000	0.17679206
-2.250	-2.250	0.000	0.17687571
-2.150	-2.250	0.000	0.17873804
-2.050	-2.250	0.000	0.18219726
-1.950	-2.250	0.000	0.18682674
-1.850	-2.250	0.000	0.19219589
-1.750	-2.250	0.000	0.19760413
-1.650	-2.250	0.000	0.20264223
-1.550	-2.250	0.000	0.20692366
-1.450	-2.250	0.000	0.21032183
-1.350	-2.250	0.000	0.21258657
-1.250	-2.250	0.000	0.21394511
-1.150	-2.250	0.000	0.21443503
-1.050	-2.250	0.000	0.21409270
-0.950	-2.250	0.000	0.21294074
-0.850	-2.250	0.000	0.21179129
-0.750	-2.250	0.000	0.21091743
-0.650	-2.250	0.000	0.21040395
-0.550	-2.250	0.000	0.20999971
-0.450	-2.250	0.000	0.20962021
-0.350	-2.250	0.000	0.20891005
-0.250	-2.250	0.000	0.20814559
-0.150	-2.250	0.000	0.20761719
-0.050	-2.250	0.000	0.20759165
0.050	-2.250	0.000	0.20791818
0.150	-2.250	0.000	0.20813076
0.250	-2.250	0.000	0.20817305
0.350	-2.250	0.000	0.20824273
0.450	-2.250	0.000	0.20849575
0.550	-2.250	0.000	0.20890011
0.650	-2.250	0.000	0.20938146
0.750	-2.250	0.000	0.20976286
0.850	-2.250	0.000	0.20989266
0.950	-2.250	0.000	0.20996317
1.050	-2.250	0.000	0.21035068
1.150	-2.250	0.000	0.21088572
1.250	-2.250	0.000	0.21119484
1.350	-2.250	0.000	0.21035618
1.450	-2.250	0.000	0.20834601
1.550	-2.250	0.000	0.20596495
1.650	-2.250	0.000	0.20399004
1.750	-2.250	0.000	0.20276141
1.850	-2.250	0.000	0.20289969
1.950	-2.250	0.000	0.20290650
2.050	-2.250	0.000	0.20204321
2.150	-2.250	0.000	0.20047507
2.250	-2.250	0.000	0.19784214
2.350	-2.250	0.000	0.19618233
2.450	-2.250	0.000	0.18951356
-2.450	-2.150	0.000	0.18269296
-2.350	-2.150	0.000	0.18235116
-2.250	-2.150	0.000	0.18214250
-2.150	-2.150	0.000	0.18371983
-2.050	-2.150	0.000	0.18700689
-1.950	-2.150	0.000	0.19156674
-1.850	-2.150	0.000	0.19688945
-1.750	-2.150	0.000	0.20234790
-1.650	-2.150	0.000	0.20751731
-1.550	-2.150	0.000	0.21190135
-1.450	-2.150	0.000	0.21546361
-1.350	-2.150	0.000	0.21791691
-1.250	-2.150	0.000	0.21947217
-1.150	-2.150	0.000	0.21978943
-1.050	-2.150	0.000	0.21957083
-0.950	-2.150	0.000	0.21855542
-0.850	-2.150	0.000	0.21745117
-0.750	-2.150	0.000	0.21642651
-0.650	-2.150	0.000	0.21559560
-0.550	-2.150	0.000	0.21467784
-0.450	-2.150	0.000	0.21370135
-0.350	-2.150	0.000	0.21266949
-0.250	-2.150	0.000	0.21173149
-0.150	-2.150	0.000	0.21107954
-0.050	-2.150	0.000	0.21084331
0.050	-2.150	0.000	0.21095459
0.150	-2.150	0.000	0.21093628
0.250	-2.150	0.000	0.21072082
0.350	-2.150	0.000	0.21040925
0.450	-2.150	0.000	0.21017987
0.550	-2.150	0.000	0.21015841
0.650	-2.150	0.000	0.21034364
0.750	-2.150	0.000	0.21059325
0.850	-2.150	0.000	0.21073578
0.950	-2.150	0.000	0.21082920
1.050	-2.150	0.000	0.21113238
1.150	-2.150	0.000	0.21151750
1.250	-2.150	0.000	0.21161130
1.350	-2.150	0.000	0.21057589
1.450	-2.150	0.000	0.20868078
1.550	-2.150	0.000	0.20650274
1.650	-2.150	0.000	0.20449537
1.750	-2.150	0.000	0.20321254
1.850	-2.150	0.000	0.20303340
1.950	-2.150	0.000	0.20237526
2.050	-2.150	0.000	0.20132010
2.150	-2.150	0.000	0.19975293
2.250	-2.150	0.000	0.19722709
2.350	-2.150	0.000	0.19568911
2.450	-2.150	0.000	0.18937899
-2.450	-2.050	0.000	0.18719143
-2.350	-2.050	0.000	0.18669118
-2.250	-2.050	0.000	0.18657795
-2.150	-2.050	0.000	0.18817535
-2.050	-2.050	0.000	0.19148445
-1.950	-2.050	0.000	0.19603883
-1.850	-2.050	0.000	0.20134085
-1.750	-2.050	0.000	0.20680226
-1.650	-2.050	0.000	0.21208508
-1.550	-2.050	0.000	0.21657236
-1.450	-2.050	0.000	0.22016537
-1.350	-2.050	0.000	0.22264194
-1.250	-2.050	0.000	0.22428015
-1.150	-2.050	0.000	0.22454476
-1.050	-2.050	0.000	0.22465193
-0.950	-2.050	0.000	0.22390701
-0.850	-2.050	0.000	0.22279148
-0.750	-2.050	0.000	0.22172236
-0.650	-2.050	0.000	0.22077598
-0.550	-2.050	0.000	0.21962567
-0.450	-2.050	0.000	0.21812718
-0.350	-2.050	0.000	0.21639583
-0.250	-2.050	0.000	0.21483739
-0.150	-2.050	0.000	0.21378949
-0.050	-2.050	0.000	0.21333830
0.050	-2.050	0.000	0.21320306
0.150	-2.050	0.000	0.21298839
0.250	-2.050	0.000	0.21253936
0.350	-2.050	0.000	0.21199718
0.450	-2.050	0.000	0.21149442
0.550	-2.050	0.000	0.21113725
0.650	-2.050	0.000	0.21102180
0.750	-2.050	0.000	0.21108255
0.850	-2.050	0.000	0.21112472
0.950	-2.050	0.000	0.21112312
1.050	-2.050	0.000	0.21123910
1.150	-2.050	0.000	0.21142313
1.250	-2.050	0.000	0.21127068
1.350	-2.050	0.000	0.21004520
1.450	-2.050	0.000	0.20822433
1.550	-2.050	0.000	0.20614913
1.650	-2.050	0.000	0.20419262
1.750	-2.050	0.000	0.20308821
1.850	-2.050	0.000	0.20275889
1.950	-2.050	0.000	0.20191592
2.050	-2.050	0.000	0.20089696
2.150	-2.050	0.000	0.19947049
2.250	-2.050	0.000	0.19720076
2.350	-2.050	0.000	0.19572780
2.450	-2.050	0.000	0.18993126
-2.450	-1.950	0.000	0.19084230
-2.350	-1.950	0.000	0.19019030
-2.250	-1.950	0.000	0.19022553
-2.150	-1.950	0.000	0.19187729
-2.050	-1.950	0.000	0.19517896
-1.950	-1.950	0.000	0.19971783
-1.850	-1.950	0.000	0.20499001
-1.750	-1.950	0.000	0.21044880
-1.650	-1.950	0.000	0.21575586
-1.550	-1.950	0.000	0.22036493
-1.450	-1.950	0.000	0.22414464
-1.350	-1.950	0.000	0.22680351
-1.250	-1.950	0.000	0.22855105
-1.150	-1.950	0.000	0.22902231
-1.050	-1.950	0.000	0.22897770
-0.950	-1.950	0.000	0.22825229
-0.850	-1.950	0.000	0.22721715
-0.750	-1.950	0.000	0.22624327
-0.650	-1.950	0.000	0.22521301
-0.550	-1.950	0.000	0.22395195
-0.450	-1.950	0.000	0.22223863
-0.350	-1.950	0.000	0.22015962
-0.250	-1.950	0.000	0.21809496
-0.150	-1.950	0.000	0.21648644
-0.050	-1.950	0.000	0.21557555
0.050	-1.950	0.000	0.21522892
0.150	-1.950	0.000	0.21499015
0.250	-1.950	0.000	0.21451020
0.350	-1.950	0.000	0.21378450
0.450	-1.950	0.000	0.21297003
0.550	-1.950	0.000	0.21227625
0.650	-1.950	0.000	0.21189106
0.750	-1.950	0.000	0.21176445
0.850	-1.950	0.000	0.21164404
0.950	-1.950	0.000	0.21140364
1.050	-1.950	0.000	0.21121098
1.150	-1.950	0.000	0.21109004
1.250	-1.950	0.000	0.21060963
1.350	-1.950	0.000	0.20932223
1.450	-1.950	0.000	0.20762676
1.550	-1.950	0.000	0.20565130
1.650	-1.950	0.000	0.20382637
1.750	-1.950	0.000	0.20296657
1.850	-1.950	0.000	0.20272247
1.950	-1.950	0.000	0.20202020
2.050	-1.950	0.000	0.20125656
2.150	-1.950	0.000	0.20008481
2.250	-1.950	0.000	0.19788332
2.350	-1.950	0.000	0.19651863
2.450	-1.950	0.000	0.19124334
-2.450	-1.850	0.000	0.19341958
-2.350	-1.850	0.000	0.19262354
-2.250	-1.850	0.000	0.19286549
-2.150	-1.850	0.000	0.19464897
-2.050	-1.850	0.000	0.19802159
-1.950	-1.850	0.000	0.20265706
-1.850	-1.850	0.000	0.20797001
-1.750	-1.850	0.000	0.21344581
-1.650	-1.850	0.000	0.21885613
-1.550	-1.850	0.000	0.22352840
-1.450	-1.850	0.000	0.22733425
-1.350	-1.850	0.000	0.23009013
-1.250	-1.850	0.000	0.23199733
-1.150	-1.850	0.000	0.23246744
-1.050	-1.850	0.000	0.23246920
-0.950	-1.850	0.000	0.23205149
-0.850	-1.850	0.000	0.23120111
-0.750	-1.850	0.000	0.23017290
-0.650	-1.850	0.000	0.22894961
-0.550	-1.850	0.000	0.22751033
-0.450	-1.850	0.000	0.22551768
-0.350	-1.850	0.000	0.22307068
-0.250	-1.850	0.000	0.22056764
-0.150	-1.850	0.000	0.21851286
-0.050	-1.850	0.000	0.21724339
0.050	-1.850	0.000	0.21668033
0.150	-1.850	0.000	0.21637642
0.250	-1.850	0.000	0.21589598
0.350	-1.850	0.000	0.21508943
0.450	-1.850	0.000	0.21408784
0.550	-1.850	0.000	0.21317782
0.650	-1.850	0.000	0.21257655
0.750	-1.850	0.000	0.21217470
0.850	-1.850	0.000	0.21182226
0.950	-1.850	0.000	0.21146497
1.050	-1.850	0.000	0.21109910
1.150	-1.850	0.000	0.21068671
1.250	-1.850	0.000	0.20995936
1.350	-1.850	0.000	0.20856002
1.450	-1.850	0.000	0.20685895
1.550	-1.850	0.000	0.20502362
1.650	-1.850	0.000	0.20350379
1.750	-1.850	0.000	0.20281704
1.850	-1.850	0.000	0.20274833
1.950	-1.850	0.000	0.20235114
2.050	-1.850	0.000	0.20186810
2.150	-1.850	0.000	0.20107213
2.250	-1.850	0.000	0.19929028
2.350	-1.850	0.000	0.19824393
2.450	-1.850	0.000	0.19317459
-2.450	-1.750	0.000	0.19483477
-2.350	-1.750	0.000	0.19398303
-2.250	-1.750	0.000	0.19449559
-2.150	-1.750	0.000	0.19649315
-2.050	-1.750	0.000	0.19994055
-1.950	-1.750	0.000	0.20467423
-1.850	-1.750	0.000	0.21003334
-1.750	-1.750	0.000	0.21551086
-1.650	-1.750	0.000	0.22077918
-1.550	-1.750	0.000	0.22535065
-1.450	-1.750	0.000	0.22926383
-1.350	-1.750	0.000	0.23212543
-1.250	-1.750	0.000	0.23413330
-1.150	-1.750	0.000	0.23475079
-1.050	-1.750	0.000	0.23495032
-0.950	-1.750	0.000	0.23467107
-0.850	-1.750	0.000	0.23389606
-0.750	-1.750	0.000	0.23289001
-0.650	-1.750	0.000	0.23170476
-0.550	-1.750	0.000	0.23020247
-0.450	-1.750	0.000	0.22806616
-0.350	-1.750	0.000	0.22534370
-0.250	-1.750	0.000	0.22246440
-0.150	-1.750	0.000	0.22004241
-0.050	-1.750	0.000	0.21851380
0.050	-1.750	0.000	0.21782844
0.150	-1.750	0.000	0.21751185
0.250	-1.750	0.000	0.21707568
0.350	-1.750	0.000	0.21631788
0.450	-1.750	0.000	0.21530753
0.550	-1.750	0.000	0.21428561
0.650	-1.750	0.000	0.21343906
0.750	-1.750	0.000	0.21279702
0.850	-1.750	0.000	0.21222863
0.950	-1.750	0.000	0.21164985
1.050	-1.750	0.000	0.21100780
1.150	-1.750	0.000	0.21022604
1.250	-1.750	0.000	0.20930818
1.350	-1.750	0.000	0.20820834
1.450	-1.750	0.000	0.20689104
1.550	-1.750	0.000	0.20527010
1.650	-1.750	0.000	0.20383826
1.750	-1.750	0.000	0.20314980
1.850	-1.750	0.000	0.20312795
1.950	-1.750	0.000	0.20290172
2.050	-1.750	0.000	0.20255622
2.150	-1.750	0.000	0.20201942
2.250	-1.750	0.000	0.20062460
2.350	-1.750	0.000	0.20003340
2.450	-1.750	0.000	0.19537905
-2.450	-1.650	0.000	0.19494495
-2.350	-1.650	0.000	0.19420138
-2.250	-1.650	0.000	0.19515340
-2.150	-1.650	0.000	0.19742094
-2.050	-1.650	0.000	0.20087133
-1.950	-1.650	0.000	0.20550679
-1.850	-1.650	0.000	0.21074255
-1.750	-1.650	0.000	0.21611278
-1.650	-1.650	0.000	0.22133052
-1.550	-1.650	0.000	0.22594209
-1.450	-1.650	0.000	0.22993931
-1.350	-1.650	0.000	0.23290822
-1.250	-1.650	0.000	0.23507226
-1.150	-1.650	0.000	0.23589137
-1.050	-1.650	0.000	0.23617032
-0.950	-1.650	0.000	0.23602176
-0.850	-1.650	0.000	0.23538955
-0.750	-1.650	0.000	0.23448940
-0.650	-1.650	0.000	0.23339881
-0.550	-1.650	0.000	0.23184903
-0.450	-1.650	0.000	0.22958100
-0.350	-1.650	0.000	0.22665557
-0.250	-1.650	0.000	0.22356807
-0.150	-1.650	0.000	0.22096124
-0.050	-1.650	0.000	0.21928838
0.050	-1.650	0.000	0.21853007
0.150	-1.650	0.000	0.21815650
0.250	-1.650	0.000	0.21771041
0.350	-1.650	0.000	0.21699966
0.450	-1.650	0.000	0.21603589
0.550	-1.650	0.000	0.21503140
0.650	-1.650	0.000	0.21415278
0.750	-1.650	0.000	0.21338566
0.850	-1.650	0.000	0.21268058
0.950	-1.650	0.000	0.21198624
1.050	-1.650	0.000	0.21125419
1.150	-1.650	0.000	0.21037887
1.250	-1.650	0.000	0.20964511
1.350	-1.650	0.000	0.20868546
1.450	-1.650	0.000	0.20731208
1.550	-1.650	0.000	0.20574123
1.650	-1.650	0.000	0.20432591
1.750	-1.650	0.000	0.20354433
1.850	-1.650	0.000	0.20346735
1.950	-1.650	0.000	0.20337443
2.050	-1.650	0.000	0.20316160
2.150	-1.650	0.000	0.20286566
2.250	-1.650	0.000	0.20179567
2.350	-1.650	0.000	0.20158868
2.450	-1.650	0.000	0.19745034
-2.450	-1.550	0.000	0.19461749
-2.350	-1.550	0.000	0.19407906
-2.250	-1.550	0.000	0.19533437
-2.150	-1.550	0.000	0.19770834
-2.050	-1.550	0.000	0.20112191
-1.950	-1.550	0.000	0.20562766
-1.850	-1.550	0.000	0.21074538
-1.750	-1.550	0.000	0.21607460
-1.650	-1.550	0.000	0.22129346
-1.550	-1.550	0.000	0.22589970
-1.450	-1.550	0.000	0.22990701
-1.350	-1.550	0.000	0.23292334
-1.250	-1.550	0.000	0.23516607
-1.150	-1.550	0.000	0.23614578
-1.050	-1.550	0.000	0.23656064
-0.950	-1.550	0.000	0.23642775
-0.850	-1.550	0.000	0.23592341
-0.750	-1.550	0.000	0.23516290
-0.650	-1.550	0.000	0.23414834
-0.550	-1.550	0.000	0.23253800
-0.450	-1.550	0.000	0.23011674
-0.350	-1.550	0.000	0.22700539
-0.250	-1.550	0.000	0.22377473
-0.150	-1.550	0.000	0.22111754
-0.050	-1.550	0.000	0.21949007
0.050	-1.550	0.000	0.21875788
0.150	-1.550	0.000	0.21845350
0.250	-1.550	0.000	0.21809049
0.350	-1.550	0.000	0.21739236
0.450	-1.550	0.000	0.21643175
0.550	-1.550	0.000	0.21548130
0.650	-1.550	0.000	0.21466194
0.750	-1.550	0.000	0.21394996
0.850	-1.550	0.000	0.21328877
0.950	-1.550	0.000	0.21258959
1.050	-1.550	0.000	0.21189579
1.150	-1.550	0.000	0.21114899
1.250	-1.550	0.000	0.21027444
1.350	-1.550	0.000	0.20919184
1.450	-1.550	0.000	0.20797186
1.550	-1.550	0.000	0.20645018
1.650	-1.550	0.000	0.20501071
1.750	-1.550	0.000	0.20404431
1.850	-1.550	0.000	0.20382349
1.950	-1.550	0.000	0.20364632
2.050	-1.550	0.000	0.20342636
2.150	-1.550	0.000	0.20333520
2.250	-1.550	0.000	0.20258805
2.350	-1.550	0.000	0.20273647
2.450	-1.550	0.000	0.19932827
-2.450	-1.450	0.000	0.19268033
-2.350	-1.450	0.000	0.19249551
-2.250	-1.450	0.000	0.19421077
-2.150	-1.450	0.000	0.19700691
-2.050	-1.450	0.000	0.20062837
-1.950	-1.450	0.000	0.20510270
-1.850	-1.450	0.000	0.21014416
-1.750	-1.450	0.000	0.21530823
-1.650	-1.450	0.000	0.22029169
-1.550	-1.450	0.000	0.22471546
-1.450	-1.450	0.000	0.22861049
-1.350	-1.450	0.000	0.23160274
-1.250	-1.450	0.000	0.23393376
-1.150	-1.450	0.000	0.23529345
-1.050	-1.450	0.000	0.23586315
-0.950	-1.450	0.000	0.23613077
-0.850	-1.450	0.000	0.23592176
-0.750	-1.450	0.000	0.23542711
-0.650	-1.450	0.000	0.23451018
-0.550	-1.450	0.000	0.23291908
-0.450	-1.450	0.000	0.23040834
-0.350	-1.450	0.000	0.22708389
-0.250	-1.450	0.000	0.22363971
-0.150	-1.450	0.000	0.22097750
-0.050	-1.450	0.000	0.21937868
0.050	-1.450	0.000	0.21867228
0.150	-1.450	0.000	0.21835652
0.250	-1.450	0.000	0.21788511
0.350	-1.450	0.000	0.21712667
0.450	-1.450	0.000	0.21627428
0.550	-1.450	0.000	0.21551895
0.650	-1.450	0.000	0.21494235
0.750	-1.450	0.000	0.21446730
0.850	-1.450	0.000	0.21394783
0.950	-1.450	0.000	0.21338432
1.050	-1.450	0.000	0.21279675
1.150	-1.450	0.000	0.21204674
1.250	-1.450	0.000	0.21113989
1.350	-1.450	0.000	0.21000335
1.450	-1.450	0.000	0.20865194
1.550	-1.450	0.000	0.20704351
1.650	-1.450	0.000	0.20561390
1.750	-1.450	0.000	0.20458086
1.850	-1.450	0.000	0.20406111
1.950	-1.450	0.000	0.20379266
2.050	-1.450	0.000	0.20356999
2.150	-1.450	0.000	0.20361753
2.250	-1.450	0.000	0.20310293
2.350	-1.450	0.000	0.20352329
2.450	-1.450	0.000	0.20081562
-2.450	-1.350	0.000	0.18884790
-2.350	-1.350	0.000	0.18908648
-2.250	-1.350	0.000	0.19114643
-2.150	-1.350	0.000	0.19376314
-2.050	-1.350	0.000	0.19721340
-1.950	-1.350	0.000	0.20141828
-1.850	-1.350	0.000	0.20616774
-1.750	-1.350	0.000	0.21119387
-1.650	-1.350	0.000	0.21608864
-1.550	-1.350	0.000	0.22052766
-1.450	-1.350	0.000	0.22444215
-1.350	-1.350	0.000	0.22753708
-1.250	-1.350	0.000	0.22984363
-1.150	-1.350	0.000	0.23154089
-1.050	-1.350	0.000	0.23225856
-0.950	-1.350	0.000	0.23288292
-0.850	-1.350	0.000	0.23326591
-0.750	-1.350	0.000	0.23330334
-0.650	-1.350	0.000	0.23295286
-0.550	-1.350	0.000	0.23169944
-0.450	-1.350	0.000	0.22923249
-0.350	-1.350	0.000	0.22586493
-0.250	-1.350	0.000	0.22271207
-0.150	-1.350	0.000	0.22045512
-0.050	-1.350	0.000	0.21899664
0.050	-1.350	0.000	0.21830089
0.150	-1.350	0.000	0.21791893
0.250	-1.350	0.000	0.21741468
0.350	-1.350	0.000	0.21672849
0.450	-1.350	0.000	0.21602981
0.550	-1.350	0.000	0.21552473
0.650	-1.350	0.000	0.21517949
0.750	-1.350	0.000	0.21484053
0.850	-1.350	0.000	0.21448357
0.950	-1.350	0.000	0.21403538
1.050	-1.350	0.000	0.21350309
1.150	-1.350	0.000	0.21285729
1.250	-1.350	0.000	0.21202995
1.350	-1.350	0.000	0.21086176
1.450	-1.350	0.000	0.20938243
1.550	-1.350	0.000	0.20772690
1.650	-1.350	0.000	0.20618293
1.750	-1.350	0.000	0.20494513
1.850	-1.350	0.000	0.20420255
1.950	-1.350	0.000	0.20380580
2.050	-1.350	0.000	0.20355099
2.150	-1.350	0.000	0.20369177
2.250	-1.350	0.000	0.20336825
2.350	-1.350	0.000	0.20389941
2.450	-1.350	0.000	0.20182681
-2.450	-1.250	0.000	0.18322034
-2.350	-1.250	0.000	0.18367082
-2.250	-1.250	0.000	0.18600839
-2.150	-1.250	0.000	0.18863533
-2.050	-1.250	0.000	0.19201323
-1.950	-1.250	0.000	0.19600976
-1.850	-1.250	0.000	0.20055476
-1.750	-1.250	0.000	0.20545061
-1.650	-1.250	0.000	0.21017723
-1.550	-1.250	0.000	0.21462089
-1.450	-1.250	0.000	0.21862742
-1.350	-1.250	0.000	0.22183461
-1.250	-1.250	0.000	0.22424190
-1.150	-1.250	0.000	0.22607782
-1.050	-1.250	0.000	0.22696795
-0.950	-1.250	0.000	0.22768211
-0.850	-1.250	0.000	0.22851746
-0.750	-1.250	0.000	0.22887075
-0.650	-1.250	0.000	0.22891250
-0.550	-1.250	0.000	0.22806564
-0.450	-1.250	0.000	0.22587015
-0.350	-1.250	0.000	0.22312811
-0.250	-1.250	0.000	0.22094215
-0.150	-1.250	0.000	0.21920973
-0.050	-1.250	0.000	0.21811764
0.050	-1.250	0.000	0.21770453
0.150	-1.250	0.000	0.21750961
0.250	-1.250	0.000	0.21713094
0.350	-1.250	0.000	0.21653585
0.450	-1.250	0.000	0.21592386
0.550	-1.250	0.000	0.21543895
0.650	-1.250	0.000	0.21508151
0.750	-1.250	0.000	0.21473247
0.850	-1.250	0.000	0.21445633
0.950	-1.250	0.000	0.21425253
1.050	-1.250	0.000	0.21394312
1.150	-1.250	0.000	0.21342544
1.250	-1.250	0.000	0.21266609
1.350	-1.250	0.000	0.21155493
1.450	-1.250	0.000	0.21007855
1.550	-1.250	0.000	0.20829186
1.650	-1.250	0.000	0.20657551
1.750	-1.250	0.000	0.20520678
1.850	-1.250	0.000	0.20430680
1.950	-1.250	0.000	0.20381390
2.050	-1.250	0.000	0.20357676
2.150	-1.250	0.000	0.20381808
2.250	-1.250	0.000	0.20368244
2.350	-1.250	0.000	0.20432666
2.450	-1.250	0.000	0.20275876
-2.450	-1.150	0.000	0.17734899
-2.350	-1.150	0.000	0.17797646
-2.250	-1.150	0.000	0.18061498
-2.150	-1.150	0.000	0.18327959
-2.050	-1.150	0.000	0.18653210
-1.950	-1.150	0.000	0.19029218
-1.850	-1.150	0.000	0.19458075
-1.750	-1.150	0.000	0.19928306
-1.650	-1.150	0.000	0.20398557
-1.550	-1.150	0.000	0.20848294
-1.450	-1.150	0.000	0.21255381
-1.350	-1.150	0.000	0.21586008
-1.250	-1.150	0.000	0.21828686
-1.150	-1.150	0.000	0.22013058
-1.050	-1.150	0.000	0.22114591
-0.950	-1.150	0.000	0.22190669
-0.850	-1.150	0.000	0.22297063
-0.750	-1.150	0.000	0.22358005
-0.650	-1.150	0.000	0.22385624
-0.550	-1.150	0.000	0.22335634
-0.450	-1.150	0.000	0.22168395
-0.350	-1.150	0.000	0.21993436
-0.250	-1.150	0.000	0.21875912
-0.150	-1.150	0.000	0.21754193
-0.050	-1.150	0.000	0.21704824
0.050	-1.150	0.000	0.21698858
0.150	-1.150	0.000	0.21706140
0.250	-1.150	0.000	0.21696952
0.350	-1.150	0.000	0.21656606
0.450	-1.150	0.000	0.21599811
0.550	-1.150	0.000	0.21540274
0.650	-1.150	0.000	0.21486415
0.750	-1.150	0.000	0.21438077
0.850	-1.150	0.000	0.21397081
0.950	-1.150	0.000	0.21376820
1.050	-1.150	0.000	0.21373951
1.150	-1.150	0.000	0.21357712
1.250	-1.150	0.000	0.21299233
1.350	-1.150	0.000	0.21188338
1.450	-1.150	0.000	0.21036771
1.550	-1.150	0.000	0.20867798
1.650	-1.150	0.000	0.20711099
1.750	-1.150	0.000	0.20577875
1.850	-1.150	0.000	0.20475797
1.950	-1.150	0.000	0.20416650
2.050	-1.150	0.000	0.20395215
2.150	-1.150	0.000	0.20431264
2.250	-1.150	0.000	0.20436108
2.350	-1.150	0.000	0.20506275
2.450	-1.150	0.000	0.20378105
-2.450	-1.050	0.000	0.17191428
-2.350	-1.050	0.000	0.17253834
-2.250	-1.050	0.000	0.17521346
-2.150	-1.050	0.000	0.17777832
-2.050	-1.050	0.000	0.18092884
-1.950	-1.050	0.000	0.18453836
-1.850	-1.050	0.000	0.18866140
-1.750	-1.050	0.000	0.19318654
-1.650	-1.050	0.000	0.19784023
-1.550	-1.050	0.000	0.20234685
-1.450	-1.050	0.000	0.20623372
-1.350	-1.050	0.000	0.20953818
-1.250	-1.050	0.000	0.21201840
-1.150	-1.050	0.000	0.21393326
-1.050	-1.050	0.000	0.21500778
-0.950	-1.050	0.000	0.21588683
-0.850	-1.050	0.000	0.21685207
-0.750	-1.050	0.000	0.21752112
-0.650	-1.050	0.000	0.21796270
-0.550	-1.050	0.000	0.21775211
-0.450	-1.050	0.000	0.21679898
-0.350	-1.050	0.000	0.21626174
-0.250	-1.050	0.000	0.21596976
-0.150	-1.050	0.000	0.21554561
-0.050	-1.050	0.000	0.21558651
0.050	-1.050	0.000	0.21608771
0.150	-1.050	0.000	0.21668051
0.250	-1.050	0.000	0.21702619
0.350	-1.050	0.000	0.21686120
0.450	-1.050	0.000	0.21625519
0.550	-1.050	0.000	0.21542236
0.650	-1.050	0.000	0.21455185
0.750	-1.050	0.000	0.21373534
0.850	-1.050	0.000	0.21317936
0.950	-1.050	0.000	0.21299739
1.050	-1.050	0.000	0.21300726
1.150	-1.050	0.000	0.21291964
1.250	-1.050	0.000	0.21253847
1.350	-1.050	0.000	0.21176176
1.450	-1.050	0.000	0.21068834
1.550	-1.050	0.000	0.20936735
1.650	-1.050	0.000	0.20805658
1.750	-1.050	0.000	0.20677531
1.850	-1.050	0.000	0.20568246
1.950	-1.050	0.000	0.20497875
2.050	-1.050	0.000	0.20482549
2.150	-1.050	0.000	0.20521306
2.250	-1.050	0.000	0.20529461
2.350	-1.050	0.000	0.20598176
2.450	-1.050	0.000	0.20487610
-2.450	-0.950	0.000	0.16712107
-2.350	-0.950	0.000	0.16759127
-2.250	-0.950	0.000	0.17023040
-2.150	-0.950	0.000	0.17276281
-2.050	-0.950	0.000	0.17586865
-1.950	-0.950	0.000	0.17935668
-1.850	-0.950	0.000	0.18332401
-1.750	-0.950	0.000	0.18765642
-1.650	-0.950	0.000	0.19221207
-1.550	-0.950	0.000	0.19670869
-1.450	-0.950	0.000	0.20058124
-1.350	-0.950	0.000	0.20396951
-1.250	-0.950	0.000	0.20643137
-1.150	-0.950	0.000	0.20817134
-1.050	-0.950	0.000	0.20919226
-0.950	-0.950	0.000	0.20989150
-0.850	-0.950	0.000	0.21052848
-0.750	-0.950	0.000	0.21103814
-0.650	-0.950	0.000	0.21161969
-0.550	-0.950	0.000	0.21182613
-0.450	-0.950	0.000	0.21213576
-0.350	-0.950	0.000	0.21281649
-0.250	-0.950	0.000	0.21286471
-0.150	-0.950	0.000	0.21309564
-0.050	-0.950	0.000	0.21402338
0.050	-0.950	0.000	0.21536696
0.150	-0.950	0.000	0.21652770
0.250	-0.950	0.000	0.21717997
0.350	-0.950	0.000	0.21723369
0.450	-0.950	0.000	0.21663128
0.550	-0.950	0.000	0.21552694
0.650	-0.950	0.000	0.21424754
0.750	-0.950	0.000	0.21316035
0.850	-0.950	0.000	0.21242267
0.950	-0.950	0.000	0.21215115
1.050	-0.950	0.000	0.21222496
1.150	-0.950	0.000	0.21224380
1.250	-0.950	0.000	0.21200190
1.350	-0.950	0.000	0.21147521
1.450	-0.950	0.000	0.21081290
1.550	-0.950	0.000	0.20996822
1.650	-0.950	0.000	0.20907523
1.750	-0.950	0.000	0.20805494
1.850	-0.950	0.000	0.20703304
1.950	-0.950	0.000	0.20628434
2.050	-0.950	0.000	0.20599093
2.150	-0.950	0.000	0.20631135
2.250	-0.950	0.000	0.20636557
2.350	-0.950	0.000	0.20701976
2.450	-0.950	0.000	0.20609061
-2.450	-0.850	0.000	0.16379315
-2.350	-0.850	0.000	0.16395828
-2.250	-0.850	0.000	0.16651419
-2.150	-0.850	0.000	0.16902202
-2.050	-0.850	0.000	0.17207764
-1.950	-0.850	0.000	0.17548816
-1.850	-0.850	0.000	0.17929815
-1.750	-0.850	0.000	0.18344787
-1.650	-0.850	0.000	0.18791130
-1.550	-0.850	0.000	0.19240378
-1.450	-0.850	0.000	0.19627994
-1.350	-0.850	0.000	0.19956411
-1.250	-0.850	0.000	0.20185597
-1.150	-0.850	0.000	0.20330131
-1.050	-0.850	0.000	0.20411630
-0.950	-0.850	0.000	0.20455590
-0.850	-0.850	0.000	0.20477624
-0.750	-0.850	0.000	0.20518421
-0.650	-0.850	0.000	0.20585246
-0.550	-0.850	0.000	0.20670253
-0.450	-0.850	0.000	0.20772119
-0.350	-0.850	0.000	0.20920971
-0.250	-0.850	0.000	0.21054521
-0.150	-0.850	0.000	0.21187542
-0.050	-0.850	0.000	0.21322818
0.050	-0.850	0.000	0.21475419
0.150	-0.850	0.000	0.21619390
0.250	-0.850	0.000	0.21717571
0.350	-0.850	0.000	0.21753760
0.450	-0.850	0.000	0.21707609
0.550	-0.850	0.000	0.21593203
0.650	-0.850	0.000	0.21451944
0.750	-0.850	0.000	0.21314757
0.850	-0.850	0.000	0.21209629
0.950	-0.850	0.000	0.21162157
1.050	-0.850	0.000	0.21165621
1.150	-0.850	0.000	0.21175015
1.250	-0.850	0.000	0.21160230
1.350	-0.850	0.000	0.21126099
1.450	-0.850	0.000	0.21093775
1.550	-0.850	0.000	0.21054843
1.650	-0.850	0.000	0.21005540
1.750	-0.850	0.000	0.20933618
1.850	-0.850	0.000	0.20845392
1.950	-0.850	0.000	0.20765461
2.050	-0.850	0.000	0.20714580
2.150	-0.850	0.000	0.20738812
2.250	-0.850	0.000	0.20744951
2.350	-0.850	0.000	0.20807877
2.450	-0.850	0.000	0.20732504
-2.450	-0.750	0.000	0.16213328
-2.350	-0.750	0.000	0.16191037
-2.250	-0.750	0.000	0.16440213
-2.150	-0.750	0.000	0.16690974
-2.050	-0.750	0.000	0.16992432
-1.950	-0.750	0.000	0.17325233
-1.850	-0.750	0.000	0.17687459
-1.750	-0.750	0.000	0.18086475
-1.650	-0.750	0.000	0.18520117
-1.550	-0.750	0.000	0.18950826
-1.450	-0.750	0.000	0.19325078
-1.350	-0.750	0.000	0.19635013
-1.250	-0.750	0.000	0.19846275
-1.150	-0.750	0.000	0.19959170
-1.050	-0.750	0.000	0.20011972
-0.950	-0.750	0.000	0.20018746
-0.850	-0.750	0.000	0.20017737
-0.750	-0.750	0.000	0.20064947
-0.650	-0.750	0.000	0.20175211
-0.550	-0.750	0.000	0.20316707
-0.450	-0.750	0.000	0.20501603
-0.350	-0.750	0.000	0.20738323
-0.250	-0.750	0.000	0.20919164
-0.150	-0.750	0.000	0.21074620
-0.050	-0.750	0.000	0.21232781
0.050	-0.750	0.000	0.21409920
0.150	-0.750	0.000	0.21575147
0.250	-0.750	0.000	0.21712726
0.350	-0.750	0.000	0.21764749
0.450	-0.750	0.000	0.21733107
0.550	-0.750	0.000	0.21617763
0.650	-0.750	0.000	0.21459976
0.750	-0.750	0.000	0.21322934
0.850	-0.750	0.000	0.21229649
0.950	-0.750	0.000	0.21182436
1.050	-0.750	0.000	0.21180579
1.150	-0.750	0.000	0.21188122
1.250	-0.750	0.000	0.21164051
1.350	-0.750	0.000	0.21129285
1.450	-0.750	0.000	0.21110496
1.550	-0.750	0.000	0.21095777
1.650	-0.750	0.000	0.21069376
1.750	-0.750	0.000	0.21021228
1.850	-0.750	0.000	0.20952955
1.950	-0.750	0.000	0.20882617
2.050	-0.750	0.000	0.20818914
2.150	-0.750	0.000	0.20836663
2.250	-0.750	0.000	0.20846914
2.350	-0.750	0.000	0.20907201
2.450	-0.750	0.000	0.20851143
-2.450	-0.650	0.000	0.16173400
-2.350	-0.650	0.000	0.16104026
-2.250	-0.650	0.000	0.16351067
-2.150	-0.650	0.000	0.16599526
-2.050	-0.650	0.000	0.16899258
-1.950	-0.650	0.000	0.17235512
-1.850	-0.650	0.000	0.17589898
-1.750	-0.650	0.000	0.17972344
-1.650	-0.650	0.000	0.18384321
-1.550	-0.650	0.000	0.18793903
-1.450	-0.650	0.000	0.19155495
-1.350	-0.650	0.000	0.19448942
-1.250	-0.650	0.000	0.19634429
-1.150	-0.650	0.000	0.19727901
-1.050	-0.650	0.000	0.19744705
-0.950	-0.650	0.000	0.19726187
-0.850	-0.650	0.000	0.19718517
-0.750	-0.650	0.000	0.19776745
-0.650	-0.650	0.000	0.19891541
-0.550	-0.650	0.000	0.20114042
-0.450	-0.650	0.000	0.20388643
-0.350	-0.650	0.000	0.20614681
-0.250	-0.650	0.000	0.20816930
-0.150	-0.650	0.000	0.20998505
-0.050	-0.650	0.000	0.21176367
0.050	-0.650	0.000	0.21365009
0.150	-0.650	0.000	0.21545567
0.250	-0.650	0.000	0.21689966
0.350	-0.650	0.000	0.21740873
0.450	-0.650	0.000	0.21719658
0.550	-0.650	0.000	0.21632576
0.650	-0.650	0.000	0.21515563
0.750	-0.650	0.000	0.21408789
0.850	-0.650	0.000	0.21328364
0.950	-0.650	0.000	0.21280563
1.050	-0.650	0.000	0.21260105
1.150	-0.650	0.000	0.21240261
1.250	-0.650	0.000	0.21197093
1.350	-0.650	0.000	0.21148618
1.450	-0.650	0.000	0.21128468
1.550	-0.650	0.000	0.21124037
1.650	-0.650	0.000	0.21114519
1.750	-0.650	0.000	0.21083595
1.850	-0.650	0.000	0.21029305
1.950	-0.650	0.000	0.20963480
2.050	-0.650	0.000	0.20898378
2.150	-0.650	0.000	0.20915920
2.250	-0.650	0.000	0.20936377
2.350	-0.650	0.000	0.21000636
2.450	-0.650	0.000	0.20965464
-2.450	-0.550	0.000	0.16197443
-2.350	-0.550	0.000	0.16088752
-2.250	-0.550	0.000	0.16339555
-2.150	-0.550	0.000	0.16594836
-2.050	-0.550	0.000	0.16899054
-1.950	-0.550	0.000	0.17242654
-1.850	-0.550	0.000	0.17597839
-1.750	-0.550	0.000	0.17978267
-1.650	-0.550	0.000	0.18379225
-1.550	-0.550	0.000	0.18767598
-1.450	-0.550	0.000	0.19112109
-1.350	-0.550	0.000	0.19379582
-1.250	-0.550	0.000	0.19539975
-1.150	-0.550	0.000	0.19603513
-1.050	-0.550	0.000	0.19595739
-0.950	-0.550	0.000	0.19547488
-0.850	-0.550	0.000	0.19543201
-0.750	-0.550	0.000	0.19610716
-0.650	-0.550	0.000	0.19763418
-0.550	-0.550	0.000	0.20016231
-0.450	-0.550	0.000	0.20300962
-0.350	-0.550	0.000	0.20545816
-0.250	-0.550	0.000	0.20755783
-0.150	-0.550	0.000	0.20946996
-0.050	-0.550	0.000	0.21120392
0.050	-0.550	0.000	0.21300976
0.150	-0.550	0.000	0.21475588
0.250	-0.550	0.000	0.21634135
0.350	-0.550	0.000	0.21697569
0.450	-0.550	0.000	0.21703914
0.550	-0.550	0.000	0.21650060
0.650	-0.550	0.000	0.21569452
0.750	-0.550	0.000	0.21501221
0.850	-0.550	0.000	0.21454409
0.950	-0.550	0.000	0.21416274
1.050	-0.550	0.000	0.21381693
1.150	-0.550	0.000	0.21331356
1.250	-0.550	0.000	0.21264145
1.350	-0.550	0.000	0.21198332
1.450	-0.550	0.000	0.21166503
1.550	-0.550	0.000	0.21163385
1.650	-0.550	0.000	0.21163757
1.750	-0.550	0.000	0.21141371
1.850	-0.550	0.000	0.21093756
1.950	-0.550	0.000	0.21036229
2.050	-0.550	0.000	0.20972411
2.150	-0.550	0.000	0.20989539
2.250	-0.550	0.000	0.21019867
2.350	-0.550	0.000	0.21096024
2.450	-0.550	0.000	0.21082528
-2.450	-0.450	0.000	0.16275543
-2.350	-0.450	0.000	0.16122513
-2.250	-0.450	0.000	0.16371045
-2.150	-0.450	0.000	0.16638085
-2.050	-0.450	0.000	0.16950579
-1.950	-0.450	0.000	0.17306514
-1.850	-0.450	0.000	0.17663273
-1.750	-0.450	0.000	0.18042880
-1.650	-0.450	0.000	0.18438978
-1.550	-0.450	0.000	0.18815213
-1.450	-0.450	0.000	0.19152527
-1.350	-0.450	0.000	0.19407974
-1.250	-0.450	0.000	0.19551183
-1.150	-0.450	0.000	0.19589247
-1.050	-0.450	0.000	0.19555514
-0.950	-0.450	0.000	0.19488537
-0.850	-0.450	0.000	0.19485061
-0.750	-0.450	0.000	0.19553305
-0.650	-0.450	0.000	0.19695085
-0.550	-0.450	0.000	0.19957626
-0.450	-0.450	0.000	0.20251457
-0.350	-0.450	0.000	0.20502204
-0.250	-0.450	0.000	0.20722027
-0.150	-0.450	0.000	0.20914455
-0.050	-0.450	0.000	0.21080692
0.050	-0.450	0.000	0.21249993
0.150	-0.450	0.000	0.21420316
0.250	-0.450	0.000	0.21584803
0.350	-0.450	0.000	0.21655530
0.450	-0.450	0.000	0.21671532
0.550	-0.450	0.000	0.21649040
0.650	-0.450	0.000	0.21615152
0.750	-0.450	0.000	0.21586214
0.850	-0.450	0.000	0.21562561
0.950	-0.450	0.000	0.21536580
1.050	-0.450	0.000	0.21505973
1.150	-0.450	0.000	0.21448070
1.250	-0.450	0.000	0.21362789
1.350	-0.450	0.000	0.21284617
1.450	-0.450	0.000	0.21241781
1.550	-0.450	0.000	0.21227129
1.650	-0.450	0.000	0.21222520
1.750	-0.450	0.000	0.21203487
1.850	-0.450	0.000	0.21159187
1.950	-0.450	0.000	0.21104532
2.050	-0.450	0.000	0.21052657
2.150	-0.450	0.000	0.21079181
2.250	-0.450	0.000	0.21111275
2.350	-0.450	0.000	0.21196383
2.450	-0.450	0.000	0.21207362
-2.450	-0.350	0.000	0.16545142
-2.350	-0.350	0.000	0.16343901
-2.250	-0.350	0.000	0.16579361
-2.150	-0.350	0.000	0.16849953
-2.050	-0.350	0.000	0.17165555
-1.950	-0.350	0.000	0.17525229
-1.850	-0.350	0.000	0.17886604
-1.750	-0.350	0.000	0.18265022
-1.650	-0.350	0.000	0.18642408
-1.550	-0.350	0.000	0.18988387
-1.450	-0.350	0.000	0.19290575
-1.350	-0.350	0.000	0.19511431
-1.250	-0.350	0.000	0.19627799
-1.150	-0.350	0.000	0.19631222
-1.050	-0.350	0.000	0.19569725
-0.950	-0.350	0.000	0.19478090
-0.850	-0.350	0.000	0.19450721
-0.750	-0.350	0.000	0.19520375
-0.650	-0.350	0.000	0.19705844
-0.550	-0.350	0.000	0.19969538
-0.450	-0.350	0.000	0.20263882
-0.350	-0.350	0.000	0.20519149
-0.250	-0.350	0.000	0.20749882
-0.150	-0.350	0.000	0.20935813
-0.050	-0.350	0.000	0.21094067
0.050	-0.350	0.000	0.21246606
0.150	-0.350	0.000	0.21382971
0.250	-0.350	0.000	0.21516789
0.350	-0.350	0.000	0.21601364
0.450	-0.350	0.000	0.21641359
0.550	-0.350	0.000	0.21657760
0.650	-0.350	0.000	0.21660875
0.750	-0.350	0.000	0.21663699
0.850	-0.350	0.000	0.21660089
0.950	-0.350	0.000	0.21640359
1.050	-0.350	0.000	0.21604836
1.150	-0.350	0.000	0.21541460
1.250	-0.350	0.000	0.21462706
1.350	-0.350	0.000	0.21397205
1.450	-0.350	0.000	0.21363264
1.550	-0.350	0.000	0.21348590
1.650	-0.350	0.000	0.21339670
1.750	-0.350	0.000	0.21313873
1.850	-0.350	0.000	0.21261492
1.950	-0.350	0.000	0.21198986
2.050	-0.350	0.000	0.21146022
2.150	-0.350	0.000	0.21177024
2.250	-0.350	0.000	0.21213160
2.350	-0.350	0.000	0.21306430
2.450	-0.350	0.000	0.21339630
-2.450	-0.250	0.000	0.16862601
-2.350	-0.250	0.000	0.16620943
-2.250	-0.250	0.000	0.16847029
-2.150	-0.250	0.000	0.17124453
-2.050	-0.250	0.000	0.17449796
-1.950	-0.250	0.000	0.17822982
-1.850	-0.250	0.000	0.18194224
-1.750	-0.250	0.000	0.18570256
-1.650	-0.250	0.000	0.18936490
-1.550	-0.250	0.000	0.19271566
-1.450	-0.250	0.000	0.19562171
-1.350	-0.250	0.000	0.19767226
-1.250	-0.250	0.000	0.19861105
-1.150	-0.250	0.000	0.19843742
-1.050	-0.250	0.000	0.19749469
-0.950	-0.250	0.000	0.19652575
-0.850	-0.250	0.000	0.19625790
-0.750	-0.250	0.000	0.19687128
-0.650	-0.250	0.000	0.19838424
-0.550	-0.250	0.000	0.20084499
-0.450	-0.250	0.000	0.20365787
-0.350	-0.250	0.000	0.20611103
-0.250	-0.250	0.000	0.20827247
-0.150	-0.250	0.000	0.20999709
-0.050	-0.250	0.000	0.21140632
0.050	-0.250	0.000	0.21272844
0.150	-0.250	0.000	0.21387421
0.250	-0.250	0.000	0.21497001
0.350	-0.250	0.000	0.21564960
0.450	-0.250	0.000	0.21601716
0.550	-0.250	0.000	0.21631546
0.650	-0.250	0.000	0.21662605
0.750	-0.250	0.000	0.21696535
0.850	-0.250	0.000	0.21715456
0.950	-0.250	0.000	0.21710274
1.050	-0.250	0.000	0.21689723
1.150	-0.250	0.000	0.21640825
1.250	-0.250	0.000	0.21571724
1.350	-0.250	0.000	0.21520615
1.450	-0.250	0.000	0.21497138
1.550	-0.250	0.000	0.21486028
1.650	-0.250	0.000	0.21476418
1.750	-0.250	0.000	0.21448283
1.850	-0.250	0.000	0.21389996
1.950	-0.250	0.000	0.21318944
2.050	-0.250	0.000	0.21261095
2.150	-0.250	0.000	0.21292734
2.250	-0.250	0.000	0.21330000
2.350	-0.250	0.000	0.21424386
2.450	-0.250	0.000	0.21476550
-2.450	-0.150	0.000	0.17222838
-2.350	-0.150	0.000	0.16942579
-2.250	-0.150	0.000	0.17147672
-2.150	-0.150	0.000	0.17437984
-2.050	-0.150	0.000	0.17770967
-1.950	-0.150	0.000	0.18146965
-1.850	-0.150	0.000	0.18513218
-1.750	-0.150	0.000	0.18874705
-1.650	-0.150	0.000	0.19223884
-1.550	-0.150	0.000	0.19544749
-1.450	-0.150	0.000	0.19820651
-1.350	-0.150	0.000	0.20018619
-1.250	-0.150	0.000	0.20109725
-1.150	-0.150	0.000	0.20087874
-1.050	-0.150	0.000	0.19989975
-0.950	-0.150	0.000	0.19877104
-0.850	-0.150	0.000	0.19825386
-0.750	-0.150	0.000	0.19860443
-0.650	-0.150	0.000	0.19995917
-0.550	-0.150	0.000	0.20216058
-0.450	-0.150	0.000	0.20481184
-0.350	-0.150	0.000	0.20722075
-0.250	-0.150	0.000	0.20926951
-0.150	-0.150	0.000	0.21091479
-0.050	-0.150	0.000	0.21220495
0.050	-0.150	0.000	0.21325079
0.150	-0.150	0.000	0.21414417
0.250	-0.150	0.000	0.21494834
0.350	-0.150	0.000	0.21543677
0.450	-0.150	0.000	0.21580824
0.550	-0.150	0.000	0.21620561
0.650	-0.150	0.000	0.21665433
0.750	-0.150	0.000	0.21712483
0.850	-0.150	0.000	0.21744615
0.950	-0.150	0.000	0.21753466
1.050	-0.150	0.000	0.21744436
1.150	-0.150	0.000	0.21710066
1.250	-0.150	0.000	0.21669395
1.350	-0.150	0.000	0.21646459
1.450	-0.150	0.000	0.21643449
1.550	-0.150	0.000	0.21646401
1.650	-0.150	0.000	0.21639435
1.750	-0.150	0.000	0.21610846
1.850	-0.150	0.000	0.21552078
1.950	-0.150	0.000	0.21474306
2.050	-0.150	0.000	0.21403119
2.150	-0.150	0.000	0.21427415
2.250	-0.150	0.000	0.21461506
2.350	-0.150	0.000	0.21551895
2.450	-0.150	0.000	0.21607234
-2.450	-0.050	0.000	0.17593838
-2.350	-0.050	0.000	0.17268747
-2.250	-0.050	0.000	0.17446616
-2.150	-0.050	0.000	0.17749691
-2.050	-0.050	0.000	0.18088953
-1.950	-0.050	0.000	0.18466946
-1.850	-0.050	0.000	0.18824691
-1.750	-0.050	0.000	0.19167489
-1.650	-0.050	0.000	0.19497001
-1.550	-0.050	0.000	0.19803451
-1.450	-0.050	0.000	0.20065914
-1.350	-0.050	0.000	0.20260946
-1.250	-0.050	0.000	0.20355438
-1.150	-0.050	0.000	0.20333692
-1.050	-0.050	0.000	0.20232318
-0.950	-0.050	0.000	0.20106299
-0.850	-0.050	0.000	0.20043990
-0.750	-0.050	0.000	0.20061760
-0.650	-0.050	0.000	0.20178358
-0.550	-0.050	0.000	0.20369759
-0.450	-0.050	0.000	0.20607835
-0.350	-0.050	0.000	0.20838466
-0.250	-0.050	0.000	0.21033424
-0.150	-0.050	0.000	0.21182182
-0.050	-0.050	0.000	0.21292983
0.050	-0.050	0.000	0.21378155
0.150	-0.050	0.000	0.21451429
0.250	-0.050	0.000	0.21520303
0.350	-0.050	0.000	0.21563698
0.450	-0.050	0.000	0.21601568
0.550	-0.050	0.000	0.21642430
0.650	-0.050	0.000	0.21682529
0.750	-0.050	0.000	0.21729364
0.850	-0.050	0.000	0.21775512
0.950	-0.050	0.000	0.21799479
1.050	-0.050	0.000	0.21804605
1.150	-0.050	0.000	0.21785483
1.250	-0.050	0.000	0.21767950
1.350	-0.050	0.000	0.21771219
1.450	-0.050	0.000	0.21783079
1.550	-0.050	0.000	0.21792284
1.650	-0.050	0.000	0.21787658
1.750	-0.050	0.000	0.21757253
1.850	-0.050	0.000	0.21696018
1.950	-0.050	0.000	0.21619773
2.050	-0.050	0.000	0.21550471
2.150	-0.050	0.000	0.21574380
2.250	-0.050	0.000	0.21607409
2.350	-0.050	0.000	0.21694246
2.450	-0.050	0.000	0.21744332
-2.450	0.050	0.000	0.17956899
-2.350	0.050	0.000	0.17599949
-2.250	0.050	0.000	0.17735197
-2.150	0.050	0.000	0.18036647
-2.050	0.050	0.000	0.18373539
-1.950	0.050	0.000	0.18745391
-1.850	0.050	0.000	0.19091859
-1.750	0.050	0.000	0.19417994
-1.650	0.050	0.000	0.19730444
-1.550	0.050	0.000	0.20021154
-1.450	0.050	0.000	0.20271826
-1.350	0.050	0.000	0.20468238
-1.250	0.050	0.000	0.20578787
-1.150	0.050	0.000	0.20570928
-1.050	0.050	0.000	0.20481886
-0.950	0.050	0.000	0.20361599
-0.850	0.050	0.000	0.20289625
-0.750	0.050	0.000	0.20295170
-0.650	0.050	0.000	0.20386739
-0.550	0.050	0.000	0.20545235
-0.450	0.050	0.000	0.20748076
-0.350	0.050	0.000	0.20949575
-0.250	0.050	0.000	0.21121743
-0.150	0.050	0.000	0.21251473
-0.050	0.050	0.000	0.21350320
0.050	0.050	0.000	0.21429569
0.150	0.050	0.000	0.21507113
0.250	0.050	0.000	0.21583194
0.350	0.050	0.000	0.21629502
0.450	0.050	0.000	0.21663760
0.550	0.050	0.000	0.21692900
0.650	0.050	0.000	0.21734345
0.750	0.050	0.000	0.21782784
0.850	0.050	0.000	0.21828794
0.950	0.050	0.000	0.21843810
1.050	0.050	0.000	0.21847099
1.150	0.050	0.000	0.21845064
1.250	0.050	0.000	0.21845651
1.350	0.050	0.000	0.21860792
1.450	0.050	0.000	0.21880856
1.550	0.050	0.000	0.21899626
1.650	0.050	0.000	0.21906814
1.750	0.050	0.000	0.21889880
1.850	0.050	0.000	0.21845333
1.950	0.050	0.000	0.21781634
2.050	0.050	0.000	0.21712469
2.150	0.050	0.000	0.21732736
2.250	0.050	0.000	0.21765172
2.350	0.050	0.000	0.21845250
2.450	0.050	0.000	0.21887551
-2.450	0.150	0.000	0.18313771
-2.350	0.150	0.000	0.17937614
-2.250	0.150	0.000	0.18009534
-2.150	0.150	0.000	0.18287699
-2.050	0.150	0.000	0.18605843
-1.950	0.150	0.000	0.18965350
-1.850	0.150	0.000	0.19308627
-1.750	0.150	0.000	0.19628952
-1.650	0.150	0.000	0.19928749
-1.550	0.150	0.000	0.20203802
-1.450	0.150	0.000	0.20442186
-1.350	0.150	0.000	0.20639348
-1.250	0.150	0.000	0.20765257
-1.150	0.150	0.000	0.20783520
-1.050	0.150	0.000	0.20719238
-0.950	0.150	0.000	0.20616905
-0.850	0.150	0.000	0.20539236
-0.750	0.150	0.000	0.20536874
-0.650	0.150	0.000	0.20604534
-0.550	0.150	0.000	0.20731400
-0.450	0.150	0.000	0.20896527
-0.350	0.150	0.000	0.21059662
-0.250	0.150	0.000	0.21193337
-0.150	0.150	0.000	0.21294828
-0.050	0.150	0.000	0.21379124
0.050	0.150	0.000	0.21460882
0.150	0.150	0.000	0.21549855
0.250	0.150	0.000	0.21644118
0.350	0.150	0.000	0.21713696
0.450	0.150	0.000	0.21767257
0.550	0.150	0.000	0.21812090
0.650	0.150	0.000	0.21838453
0.750	0.150	0.000	0.21872541
0.850	0.150	0.000	0.21911703
0.950	0.150	0.000	0.21929117
1.050	0.150	0.000	0.21936272
1.150	0.150	0.000	0.21930106
1.250	0.150	0.000	0.21924695
1.350	0.150	0.000	0.21932040
1.450	0.150	0.000	0.21949239
1.550	0.150	0.000	0.21970576
1.650	0.150	0.000	0.21983011
1.750	0.150	0.000	0.21975338
1.850	0.150	0.000	0.21946591
1.950	0.150	0.000	0.21907535
2.050	0.150	0.000	0.21861698
2.150	0.150	0.000	0.21890572
2.250	0.150	0.000	0.21930160
2.350	0.150	0.000	0.22014180
2.450	0.150	0.000	0.22048256
-2.450	0.250	0.000	0.18646066
-2.350	0.250	0.000	0.18261437
-2.250	0.250	0.000	0.18263650
-2.150	0.250	0.000	0.18502289
-2.050	0.250	0.000	0.18785377
-1.950	0.250	0.000	0.19127776
-1.850	0.250	0.000	0.19467995
-1.750	0.250	0.000	0.19786705
-1.650	0.250	0.000	0.20078103
-1.550	0.250	0.000	0.20339663
-1.450	0.250	0.000	0.20570141
-1.350	0.250	0.000	0.20771657
-1.250	0.250	0.000	0.20909360
-1.150	0.250	0.000	0.20963103
-1.050	0.250	0.000	0.20927425
-0.950	0.250	0.000	0.20842321
-0.850	0.250	0.000	0.20777795
-0.750	0.250	0.000	0.20771870
-0.650	0.250	0.000	0.20820309
-0.550	0.250	0.000	0.20921192
-0.450	0.250	0.000	0.21046135
-0.350	0.250	0.000	0.21164410
-0.250	0.250	0.000	0.21256375
-0.150	0.250	0.000	0.21330985
-0.050	0.250	0.000	0.21400426
0.050	0.250	0.000	0.21487527
0.150	0.250	0.000	0.21600403
0.250	0.250	0.000	0.21732153
0.350	0.250	0.000	0.21834514
0.450	0.250	0.000	0.21891442
0.550	0.250	0.000	0.21926960
0.650	0.250	0.000	0.21946868
0.750	0.250	0.000	0.21980280
0.850	0.250	0.000	0.22016060
0.950	0.250	0.000	0.22036181
1.050	0.250	0.000	0.22044218
1.150	0.250	0.000	0.22036387
1.250	0.250	0.000	0.22019748
1.350	0.250	0.000	0.22007006
1.450	0.250	0.000	0.22010300
1.550	0.250	0.000	0.22023478
1.650	0.250	0.000	0.22031312
1.750	0.250	0.000	0.22028819
1.850	0.250	0.000	0.22017659
1.950	0.250	0.000	0.22007342
2.050	0.250	0.000	0.21989954
2.150	0.250	0.000	0.22035775
2.250	0.250	0.000	0.22093169
2.350	0.250	0.000	0.22188370
2.450	0.250	0.000	0.22216916
-2.450	0.350	0.000	0.18951455
-2.350	0.350	0.000	0.18569541
-2.250	0.350	0.000	0.18492514
-2.150	0.350	0.000	0.18682411
-2.050	0.350	0.000	0.18940040
-1.950	0.350	0.000	0.19262606
-1.850	0.350	0.000	0.19589567
-1.750	0.350	0.000	0.19895044
-1.650	0.350	0.000	0.20175038
-1.550	0.350	0.000	0.20429674
-1.450	0.350	0.000	0.20659563
-1.350	0.350	0.000	0.20867054
-1.250	0.350	0.000	0.21016702
-1.150	0.350	0.000	0.21105133
-1.050	0.350	0.000	0.21098705
-0.950	0.350	0.000	0.21035849
-0.850	0.350	0.000	0.20984679
-0.750	0.350	0.000	0.20984505
-0.650	0.350	0.000	0.21025757
-0.550	0.350	0.000	0.21106683
-0.450	0.350	0.000	0.21197882
-0.350	0.350	0.000	0.21274082
-0.250	0.350	0.000	0.21328968
-0.150	0.350	0.000	0.21377073
-0.050	0.350	0.000	0.21441267
0.050	0.350	0.000	0.21545403
0.150	0.350	0.000	0.21676756
0.250	0.350	0.000	0.21810395
0.350	0.350	0.000	0.21922533
0.450	0.350	0.000	0.21991147
0.550	0.350	0.000	0.22037405
0.650	0.350	0.000	0.22059685
0.750	0.350	0.000	0.22091722
0.850	0.350	0.000	0.22127393
0.950	0.350	0.000	0.22154364
1.050	0.350	0.000	0.22171828
1.150	0.350	0.000	0.22169365
1.250	0.350	0.000	0.22146541
1.350	0.350	0.000	0.22117668
1.450	0.350	0.000	0.22095940
1.550	0.350	0.000	0.22083433
1.650	0.350	0.000	0.22070941
1.750	0.350	0.000	0.22070052
1.850	0.350	0.000	0.22073105
1.950	0.350	0.000	0.22081475
2.050	0.350	0.000	0.22086972
2.150	0.350	0.000	0.22164302
2.250	0.350	0.000	0.22248030
2.350	0.350	0.000	0.22362873
2.450	0.350	0.000	0.22392398
-2.450	0.450	0.000	0.19232315
-2.350	0.450	0.000	0.18863459
-2.250	0.450	0.000	0.18719710
-2.150	0.450	0.000	0.18863599
-2.050	0.450	0.000	0.19089486
-1.950	0.450	0.000	0.19379859
-1.850	0.450	0.000	0.19685689
-1.750	0.450	0.000	0.19962735
-1.650	0.450	0.000	0.20222107
-1.550	0.450	0.000	0.20470448
-1.450	0.450	0.000	0.20702706
-1.350	0.450	0.000	0.20918995
-1.250	0.450	0.000	0.21087901
-1.150	0.450	0.000	0.21207452
-1.050	0.450	0.000	0.21228668
-0.950	0.450	0.000	0.21196835
-0.850	0.450	0.000	0.21165857
-0.750	0.450	0.000	0.21171942
-0.650	0.450	0.000	0.21213867
-0.550	0.450	0.000	0.21282710
-0.450	0.450	0.000	0.21350810
-0.350	0.450	0.000	0.21401338
-0.250	0.450	0.000	0.21431746
-0.150	0.450	0.000	0.21461004
-0.050	0.450	0.000	0.21516959
0.050	0.450	0.000	0.21614668
0.150	0.450	0.000	0.21744306
0.250	0.450	0.000	0.21883263
0.350	0.450	0.000	0.22006460
0.450	0.450	0.000	0.22082736
0.550	0.450	0.000	0.22133288
0.650	0.450	0.000	0.22159949
0.750	0.450	0.000	0.22192654
0.850	0.450	0.000	0.22235169
0.950	0.450	0.000	0.22270660
1.050	0.450	0.000	0.22302900
1.150	0.450	0.000	0.22309445
1.250	0.450	0.000	0.22284891
1.350	0.450	0.000	0.22240303
1.450	0.450	0.000	0.22199169
1.550	0.450	0.000	0.22168083
1.650	0.450	0.000	0.22139812
1.750	0.450	0.000	0.22137293
1.850	0.450	0.000	0.22146219
1.950	0.450	0.000	0.22167474
2.050	0.450	0.000	0.22184387
2.150	0.450	0.000	0.22283255
2.250	0.450	0.000	0.22392970
2.350	0.450	0.000	0.22529243
2.450	0.450	0.000	0.22564602
-2.450	0.550	0.000	0.19487737
-2.350	0.550	0.000	0.19134681
-2.250	0.550	0.000	0.18947846
-2.150	0.550	0.000	0.19048409
-2.050	0.550	0.000	0.19247742
-1.950	0.550	0.000	0.19503403
-1.850	0.550	0.000	0.19780830
-1.750	0.550	0.000	0.20031649
-1.650	0.550	0.000	0.20264237
-1.550	0.550	0.000	0.20491454
-1.450	0.550	0.000	0.20717724
-1.350	0.550	0.000	0.20939954
-1.250	0.550	0.000	0.21128485
-1.150	0.550	0.000	0.21273327
-1.050	0.550	0.000	0.21331938
-0.950	0.550	0.000	0.21332601
-0.850	0.550	0.000	0.21327487
-0.750	0.550	0.000	0.21339794
-0.650	0.550	0.000	0.21379678
-0.550	0.550	0.000	0.21442381
-0.450	0.550	0.000	0.21502940
-0.350	0.550	0.000	0.21544258
-0.250	0.550	0.000	0.21563035
-0.150	0.550	0.000	0.21577927
-0.050	0.550	0.000	0.21616437
0.050	0.550	0.000	0.21700306
0.150	0.550	0.000	0.21819621
0.250	0.550	0.000	0.21949632
0.350	0.550	0.000	0.22069328
0.450	0.550	0.000	0.22151290
0.550	0.550	0.000	0.22209044
0.650	0.550	0.000	0.22240038
0.750	0.550	0.000	0.22271414
0.850	0.550	0.000	0.22314340
0.950	0.550	0.000	0.22356699
1.050	0.550	0.000	0.22401114
1.150	0.550	0.000	0.22422342
1.250	0.550	0.000	0.22411156
1.350	0.550	0.000	0.22374381
1.450	0.550	0.000	0.22334205
1.550	0.550	0.000	0.22294262
1.650	0.550	0.000	0.22255881
1.750	0.550	0.000	0.22243197
1.850	0.550	0.000	0.22241203
1.950	0.550	0.000	0.22261380
2.050	0.550	0.000	0.22292294
2.150	0.550	0.000	0.22412805
2.250	0.550	0.000	0.22530450
2.350	0.550	0.000	0.22677314
2.450	0.550	0.000	0.22720081
-2.450	0.650	0.000	0.19704586
-2.350	0.650	0.000	0.19366865
-2.250	0.650	0.000	0.19159168
-2.150	0.650	0.000	0.19234441
-2.050	0.650	0.000	0.19417697
-1.950	0.650	0.000	0.19650164
-1.850	0.650	0.000	0.19901083
-1.750	0.650	0.000	0.20117754
-1.650	0.650	0.000	0.20316441
-1.550	0.650	0.000	0.20520838
-1.450	0.650	0.000	0.20732632
-1.350	0.650	0.000	0.20955203
-1.250	0.650	0.000	0.21159473
-1.150	0.650	0.000	0.21326262
-1.050	0.650	0.000	0.21415122
-0.950	0.650	0.000	0.21448869
-0.850	0.650	0.000	0.21470259
-0.750	0.650	0.000	0.21500900
-0.650	0.650	0.000	0.21550043
-0.550	0.650	0.000	0.21608387
-0.450	0.650	0.000	0.21660228
-0.350	0.650	0.000	0.21687207
-0.250	0.650	0.000	0.21692537
-0.150	0.650	0.000	0.21691999
-0.050	0.650	0.000	0.21719813
0.050	0.650	0.000	0.21785055
0.150	0.650	0.000	0.21887106
0.250	0.650	0.000	0.22004080
0.350	0.650	0.000	0.22109941
0.450	0.650	0.000	0.22190535
0.550	0.650	0.000	0.22250341
0.650	0.650	0.000	0.22290768
0.750	0.650	0.000	0.22325550
0.850	0.650	0.000	0.22367740
0.950	0.650	0.000	0.22404869
1.050	0.650	0.000	0.22455451
1.150	0.650	0.000	0.22491232
1.250	0.650	0.000	0.22502416
1.350	0.650	0.000	0.22490890
1.450	0.650	0.000	0.22470041
1.550	0.650	0.000	0.22440507
1.650	0.650	0.000	0.22400555
1.750	0.650	0.000	0.22371526
1.850	0.650	0.000	0.22356175
1.950	0.650	0.000	0.22370471
2.050	0.650	0.000	0.22398302
2.150	0.650	0.000	0.22524236
2.250	0.650	0.000	0.22655198
2.350	0.650	0.000	0.22804751
2.450	0.650	0.000	0.22856352
-2.450	0.750	0.000	0.19925934
-2.350	0.750	0.000	0.19614702
-2.250	0.750	0.000	0.19398063
-2.150	0.750	0.000	0.19444032
-2.050	0.750	0.000	0.19607587
-1.950	0.750	0.000	0.19829941
-1.850	0.750	0.000	0.20067336
-1.750	0.750	0.000	0.20265017
-1.650	0.750	0.000	0.20441315
-1.550	0.750	0.000	0.20619047
-1.450	0.750	0.000	0.20805523
-1.350	0.750	0.000	0.21011557
-1.250	0.750	0.000	0.21213475
-1.150	0.750	0.000	0.21389922
-1.050	0.750	0.000	0.21502423
-0.950	0.750	0.000	0.21569981
-0.850	0.750	0.000	0.21621704
-0.750	0.750	0.000	0.21666384
-0.650	0.750	0.000	0.21716145
-0.550	0.750	0.000	0.21773416
-0.450	0.750	0.000	0.21815068
-0.350	0.750	0.000	0.21825455
-0.250	0.750	0.000	0.21813014
-0.150	0.750	0.000	0.21797906
-0.050	0.750	0.000	0.21805266
0.050	0.750	0.000	0.21848521
0.150	0.750	0.000	0.21926029
0.250	0.750	0.000	0.22016545
0.350	0.750	0.000	0.22109540
0.450	0.750	0.000	0.22193475
0.550	0.750	0.000	0.22262666
0.650	0.750	0.000	0.22310255
0.750	0.750	0.000	0.22356173
0.850	0.750	0.000	0.22407256
0.950	0.750	0.000	0.22451018
1.050	0.750	0.000	0.22503649
1.150	0.750	0.000	0.22547935
1.250	0.750	0.000	0.22576615
1.350	0.750	0.000	0.22588411
1.450	0.750	0.000	0.22588018
1.550	0.750	0.000	0.22571059
1.650	0.750	0.000	0.22540282
1.750	0.750	0.000	0.22516525
1.850	0.750	0.000	0.22498140
1.950	0.750	0.000	0.22506508
2.050	0.750	0.000	0.22529906
2.150	0.750	0.000	0.22656058
2.250	0.750	0.000	0.22787985
2.350	0.750	0.000	0.22936630
2.450	0.750	0.000	0.22991718
-2.450	0.850	0.000	0.20187168
-2.350	0.850	0.000	0.19897181
-2.250	0.850	0.000	0.19685118
-2.150	0.850	0.000	0.19712511
-2.050	0.850	0.000	0.19858956
-1.950	0.850	0.000	0.20077050
-1.850	0.850	0.000	0.20316416
-1.750	0.850	0.000	0.20514011
-1.650	0.850	0.000	0.20674081
-1.550	0.850	0.000	0.20821123
-1.450	0.850	0.000	0.20974627
-1.350	0.850	0.000	0.21154533
-1.250	0.850	0.000	0.21341626
-1.150	0.850	0.000	0.21515255
-1.050	0.850	0.000	0.21637926
-0.950	0.850	0.000	0.21728210
-0.850	0.850	0.000	0.21796098
-0.750	0.850	0.000	0.21855827
-0.650	0.850	0.000	0.21911690
-0.550	0.850	0.000	0.21959096
-0.450	0.850	0.000	0.21977994
-0.350	0.850	0.000	0.21968205
-0.250	0.850	0.000	0.21929449
-0.150	0.850	0.000	0.21900468
-0.050	0.850	0.000	0.21881616
0.050	0.850	0.000	0.21889220
0.150	0.850	0.000	0.21929716
0.250	0.850	0.000	0.21994090
0.350	0.850	0.000	0.22072619
0.450	0.850	0.000	0.22156776
0.550	0.850	0.000	0.22238328
0.650	0.850	0.000	0.22312602
0.750	0.850	0.000	0.22380519
0.850	0.850	0.000	0.22445603
0.950	0.850	0.000	0.22497846
1.050	0.850	0.000	0.22552076
1.150	0.850	0.000	0.22609928
1.250	0.850	0.000	0.22650722
1.350	0.850	0.000	0.22681257
1.450	0.850	0.000	0.22693753
1.550	0.850	0.000	0.22684820
1.650	0.850	0.000	0.22662911
1.750	0.850	0.000	0.22647701
1.850	0.850	0.000	0.22634788
1.950	0.850	0.000	0.22648691
2.050	0.850	0.000	0.22674882
2.150	0.850	0.000	0.22804488
2.250	0.850	0.000	0.22938640
2.350	0.850	0.000	0.23085862
2.450	0.850	0.000	0.23141620
-2.450	0.950	0.000	0.20529659
-2.350	0.950	0.000	0.20267473
-2.250	0.950	0.000	0.20058294
-2.150	0.950	0.000	0.20053649
-2.050	0.950	0.000	0.20180234
-1.950	0.950	0.000	0.20396374
-1.850	0.950	0.000	0.20646666
-1.750	0.950	0.000	0.20857175
-1.650	0.950	0.000	0.21021530
-1.550	0.950	0.000	0.21152078
-1.450	0.950	0.000	0.21272597
-1.350	0.950	0.000	0.21415143
-1.250	0.950	0.000	0.21574257
-1.150	0.950	0.000	0.21728303
-1.050	0.950	0.000	0.21853015
-0.950	0.950	0.000	0.21948528
-0.850	0.950	0.000	0.22024509
-0.750	0.950	0.000	0.22086883
-0.650	0.950	0.000	0.22138038
-0.550	0.950	0.000	0.22171317
-0.450	0.950	0.000	0.22169915
-0.350	0.950	0.000	0.22131614
-0.250	0.950	0.000	0.22069147
-0.150	0.950	0.000	0.22010756
-0.050	0.950	0.000	0.21950027
0.050	0.950	0.000	0.21920139
0.150	0.950	0.000	0.21919425
0.250	0.950	0.000	0.21952276
0.350	0.950	0.000	0.22021270
0.450	0.950	0.000	0.22098839
0.550	0.950	0.000	0.22193773
0.650	0.950	0.000	0.22297998
0.750	0.950	0.000	0.22396785
0.850	0.950	0.000	0.22500169
0.950	0.950	0.000	0.22577317
1.050	0.950	0.000	0.22653322
1.150	0.950	0.000	0.22717345
1.250	0.950	0.000	0.22752643
1.350	0.950	0.000	0.22776200
1.450	0.950	0.000	0.22784583
1.550	0.950	0.000	0.22777523
1.650	0.950	0.000	0.22762430
1.750	0.950	0.000	0.22758874
1.850	0.950	0.000	0.22760119
1.950	0.950	0.000	0.22791472
2.050	0.950	0.000	0.22833788
2.150	0.950	0.000	0.22976667
2.250	0.950	0.000	0.23112759
2.350	0.950	0.000	0.23255910
2.450	0.950	0.000	0.23305599
-2.450	1.050	0.000	0.20954344
-2.350	1.050	0.000	0.20721042
-2.250	1.050	0.000	0.20517063
-2.150	1.050	0.000	0.20480715
-2.050	1.050	0.000	0.20583919
-1.950	1.050	0.000	0.20782746
-1.850	1.050	0.000	0.21038352
-1.750	1.050	0.000	0.21269044
-1.650	1.050	0.000	0.21452239
-1.550	1.050	0.000	0.21583262
-1.450	1.050	0.000	0.21682164
-1.350	1.050	0.000	0.21789977
-1.250	1.050	0.000	0.21913730
-1.150	1.050	0.000	0.22038521
-1.050	1.050	0.000	0.22159109
-0.950	1.050	0.000	0.22242324
-0.850	1.050	0.000	0.22310236
-0.750	1.050	0.000	0.22365889
-0.650	1.050	0.000	0.22411025
-0.550	1.050	0.000	0.22436272
-0.450	1.050	0.000	0.22425325
-0.350	1.050	0.000	0.22370481
-0.250	1.050	0.000	0.22284128
-0.150	1.050	0.000	0.22181594
-0.050	1.050	0.000	0.22072130
0.050	1.050	0.000	0.21992873
0.150	1.050	0.000	0.21938896
0.250	1.050	0.000	0.21938609
0.350	1.050	0.000	0.21986704
0.450	1.050	0.000	0.22048658
0.550	1.050	0.000	0.22149877
0.650	1.050	0.000	0.22279079
0.750	1.050	0.000	0.22427452
0.850	1.050	0.000	0.22580372
0.950	1.050	0.000	0.22694817
1.050	1.050	0.000	0.22798806
1.150	1.050	0.000	0.22873738
1.250	1.050	0.000	0.22901741
1.350	1.050	0.000	0.22910726
1.450	1.050	0.000	0.22903582
1.550	1.050	0.000	0.22883892
1.650	1.050	0.000	0.22864130
1.750	1.050	0.000	0.22867800
1.850	1.050	0.000	0.22879072
1.950	1.050	0.000	0.22931132
2.050	1.050	0.000	0.22994123
2.150	1.050	0.000	0.23153551
2.250	1.050	0.000	0.23295264
2.350	1.050	0.000	0.23435180
2.450	1.050	0.000	0.23467809
-2.450	1.150	0.000	0.21410310
-2.350	1.150	0.000	0.21203580
-2.250	1.150	0.000	0.20996152
-2.150	1.150	0.000	0.20926534
-2.050	1.150	0.000	0.20996797
-1.950	1.150	0.000	0.21163428
-1.850	1.150	0.000	0.21419461
-1.750	1.150	0.000	0.21675715
-1.650	1.150	0.000	0.21892996
-1.550	1.150	0.000	0.22048935
-1.450	1.150	0.000	0.22153580
-1.350	1.150	0.000	0.22247560
-1.250	1.150	0.000	0.22340608
-1.150	1.150	0.000	0.22433658
-1.050	1.150	0.000	0.22524469
-0.950	1.150	0.000	0.22591273
-0.850	1.150	0.000	0.22648351
-0.750	1.150	0.000	0.22695982
-0.650	1.150	0.000	0.22739446
-0.550	1.150	0.000	0.22770308
-0.450	1.150	0.000	0.22765166
-0.350	1.150	0.000	0.22714567
-0.250	1.150	0.000	0.22622021
-0.150	1.150	0.000	0.22495016
-0.050	1.150	0.000	0.22356226
0.050	1.150	0.000	0.22245650
0.150	1.150	0.000	0.22162242
0.250	1.150	0.000	0.22120886
0.350	1.150	0.000	0.22132188
0.450	1.150	0.000	0.22153582
0.550	1.150	0.000	0.22235900
0.650	1.150	0.000	0.22365707
0.750	1.150	0.000	0.22527407
0.850	1.150	0.000	0.22710079
0.950	1.150	0.000	0.22858578
1.050	1.150	0.000	0.22987957
1.150	1.150	0.000	0.23074740
1.250	1.150	0.000	0.23098487
1.350	1.150	0.000	0.23092844
1.450	1.150	0.000	0.23065726
1.550	1.150	0.000	0.23028512
1.650	1.150	0.000	0.23004690
1.750	1.150	0.000	0.23012136
1.850	1.150	0.000	0.23029271
1.950	1.150	0.000	0.23092708
2.050	1.150	0.000	0.23164003
2.150	1.150	0.000	0.23329672
2.250	1.150	0.000	0.23473397
2.350	1.150	0.000	0.23611037
2.450	1.150	0.000	0.23624301
-2.450	1.250	0.000	0.21821287
-2.350	1.250	0.000	0.21631466
-2.250	1.250	0.000	0.21429954
-2.150	1.250	0.000	0.21336284
-2.050	1.250	0.000	0.21368797
-1.950	1.250	0.000	0.21508291
-1.850	1.250	0.000	0.21755277
-1.750	1.250	0.000	0.22034264
-1.650	1.250	0.000	0.22291063
-1.550	1.250	0.000	0.22490761
-1.450	1.250	0.000	0.22631450
-1.350	1.250	0.000	0.22737665
-1.250	1.250	0.000	0.22817203
-1.150	1.250	0.000	0.22881593
-1.050	1.250	0.000	0.22940470
-0.950	1.250	0.000	0.22979675
-0.850	1.250	0.000	0.23009998
-0.750	1.250	0.000	0.23045309
-0.650	1.250	0.000	0.23098645
-0.550	1.250	0.000	0.23146661
-0.450	1.250	0.000	0.23167841
-0.350	1.250	0.000	0.23146169
-0.250	1.250	0.000	0.23071112
-0.150	1.250	0.000	0.22953159
-0.050	1.250	0.000	0.22810550
0.050	1.250	0.000	0.22675543
0.150	1.250	0.000	0.22560227
0.250	1.250	0.000	0.22470532
0.350	1.250	0.000	0.22433193
0.450	1.250	0.000	0.22406943
0.550	1.250	0.000	0.22449143
0.650	1.250	0.000	0.22562681
0.750	1.250	0.000	0.22719970
0.850	1.250	0.000	0.22910486
0.950	1.250	0.000	0.23074825
1.050	1.250	0.000	0.23214337
1.150	1.250	0.000	0.23304497
1.250	1.250	0.000	0.23328936
1.350	1.250	0.000	0.23313837
1.450	1.250	0.000	0.23270911
1.550	1.250	0.000	0.23218542
1.650	1.250	0.000	0.23184715
1.750	1.250	0.000	0.23188360
1.850	1.250	0.000	0.23212019
1.950	1.250	0.000	0.23285040
2.050	1.250	0.000	0.23366009
2.150	1.250	0.000	0.23534368
2.250	1.250	0.000	0.23681840
2.350	1.250	0.000	0.23818168
2.450	1.250	0.000	0.23807046
-2.450	1.350	0.000	0.22189197
-2.350	1.350	0.000	0.22010349
-2.250	1.350	0.000	0.21812002
-2.150	1.350	0.000	0.21704946
-2.050	1.350	0.000	0.21699776
-1.950	1.350	0.000	0.21812588
-1.850	1.350	0.000	0.22042018
-1.750	1.350	0.000	0.22337937
-1.650	1.350	0.000	0.22632903
-1.550	1.350	0.000	0.22881781
-1.450	1.350	0.000	0.23057967
-1.350	1.350	0.000	0.23175779
-1.250	1.350	0.000	0.23252665
-1.150	1.350	0.000	0.23295431
-1.050	1.350	0.000	0.23330782
-0.950	1.350	0.000	0.23352821
-0.850	1.350	0.000	0.23371764
-0.750	1.350	0.000	0.23394601
-0.650	1.350	0.000	0.23426528
-0.550	1.350	0.000	0.23472999
-0.450	1.350	0.000	0.23519769
-0.350	1.350	0.000	0.23539695
-0.250	1.350	0.000	0.23508355
-0.150	1.350	0.000	0.23424158
-0.050	1.350	0.000	0.23297709
0.050	1.350	0.000	0.23154381
0.150	1.350	0.000	0.23017763
0.250	1.350	0.000	0.22896051
0.350	1.350	0.000	0.22820190
0.450	1.350	0.000	0.22758783
0.550	1.350	0.000	0.22758195
0.650	1.350	0.000	0.22845867
0.750	1.350	0.000	0.22981897
0.850	1.350	0.000	0.23159309
0.950	1.350	0.000	0.23316334
1.050	1.350	0.000	0.23453845
1.150	1.350	0.000	0.23531796
1.250	1.350	0.000	0.23559369
1.350	1.350	0.000	0.23541220
1.450	1.350	0.000	0.23492274
1.550	1.350	0.000	0.23436897
1.650	1.350	0.000	0.23401982
1.750	1.350	0.000	0.23400591
1.850	1.350	0.000	0.23423405
1.950	1.350	0.000	0.23496059
2.050	1.350	0.000	0.23574749
2.150	1.350	0.000	0.23734485
2.250	1.350	0.000	0.23875301
2.350	1.350	0.000	0.24003296
2.450	1.350	0.000	0.23984170
-2.450	1.450	0.000	0.22471140
-2.350	1.450	0.000	0.22293565
-2.250	1.450	0.000	0.22096691
-2.150	1.450	0.000	0.21975367
-2.050	1.450	0.000	0.21942183
-1.950	1.450	0.000	0.22032410
-1.850	1.450	0.000	0.22230946
-1.750	1.450	0.000	0.22521946
-1.650	1.450	0.000	0.22839664
-1.550	1.450	0.000	0.23134905
-1.450	1.450	0.000	0.23356655
-1.350	1.450	0.000	0.23496047
-1.250	1.450	0.000	0.23575997
-1.150	1.450	0.000	0.23607245
-1.050	1.450	0.000	0.23618343
-0.950	1.450	0.000	0.23618709
-0.850	1.450	0.000	0.23603597
-0.750	1.450	0.000	0.23592776
-0.650	1.450	0.000	0.23610650
-0.550	1.450	0.000	0.23656410
-0.450	1.450	0.000	0.23701869
-0.350	1.450	0.000	0.23738278
-0.250	1.450	0.000	0.23742025
-0.150	1.450	0.000	0.23698258
-0.050	1.450	0.000	0.23608974
0.050	1.450	0.000	0.23488070
0.150	1.450	0.000	0.23361960
0.250	1.450	0.000	0.23242757
0.350	1.450	0.000	0.23152250
0.450	1.450	0.000	0.23084925
0.550	1.450	0.000	0.23064546
0.650	1.450	0.000	0.23128968
0.750	1.450	0.000	0.23238121
0.850	1.450	0.000	0.23383631
0.950	1.450	0.000	0.23518142
1.050	1.450	0.000	0.23624484
1.150	1.450	0.000	0.23688972
1.250	1.450	0.000	0.23714115
1.350	1.450	0.000	0.23699112
1.450	1.450	0.000	0.23655926
1.550	1.450	0.000	0.23608188
1.650	1.450	0.000	0.23580699
1.750	1.450	0.000	0.23580173
1.850	1.450	0.000	0.23604764
1.950	1.450	0.000	0.23675986
2.050	1.450	0.000	0.23754965
2.150	1.450	0.000	0.23907143
2.250	1.450	0.000	0.24043661
2.350	1.450	0.000	0.24181262
2.450	1.450	0.000	0.24170524
-2.450	1.550	0.000	0.22608487
-2.350	1.550	0.000	0.22424708
-2.250	1.550	0.000	0.22225298
-2.150	1.550	0.000	0.22095282
-2.050	1.550	0.000	0.22041370
-1.950	1.550	0.000	0.22111815
-1.850	1.550	0.000	0.22286859
-1.750	1.550	0.000	0.22574882
-1.650	1.550	0.000	0.22907811
-1.550	1.550	0.000	0.23237775
-1.450	1.550	0.000	0.23498102
-1.350	1.550	0.000	0.23659843
-1.250	1.550	0.000	0.23752792
-1.150	1.550	0.000	0.23783576
-1.050	1.550	0.000	0.23784287
-0.950	1.550	0.000	0.23774038
-0.850	1.550	0.000	0.23742463
-0.750	1.550	0.000	0.23712038
-0.650	1.550	0.000	0.23691888
-0.550	1.550	0.000	0.23690112
-0.450	1.550	0.000	0.23707734
-0.350	1.550	0.000	0.23734416
-0.250	1.550	0.000	0.23755832
-0.150	1.550	0.000	0.23726462
-0.050	1.550	0.000	0.23650739
0.050	1.550	0.000	0.23550609
0.150	1.550	0.000	0.23441236
0.250	1.550	0.000	0.23337118
0.350	1.550	0.000	0.23255976
0.450	1.550	0.000	0.23205823
0.550	1.550	0.000	0.23207855
0.650	1.550	0.000	0.23271507
0.750	1.550	0.000	0.23368044
0.850	1.550	0.000	0.23488031
0.950	1.550	0.000	0.23597835
1.050	1.550	0.000	0.23679504
1.150	1.550	0.000	0.23736079
1.250	1.550	0.000	0.23760857
1.350	1.550	0.000	0.23757307
1.450	1.550	0.000	0.23736541
1.550	1.550	0.000	0.23714770
1.650	1.550	0.000	0.23704101
1.750	1.550	0.000	0.23706180
1.850	1.550	0.000	0.23727132
1.950	1.550	0.000	0.23788300
2.050	1.550	0.000	0.23862517
2.150	1.550	0.000	0.24006033
2.250	1.550	0.000	0.24131870
2.350	1.550	0.000	0.24279661
2.450	1.550	0.000	0.24296428
-2.450	1.650	0.000	0.22635747
-2.350	1.650	0.000	0.22435224
-2.250	1.650	0.000	0.22227131
-2.150	1.650	0.000	0.22094385
-2.050	1.650	0.000	0.22017707
-1.950	1.650	0.000	0.22070375
-1.850	1.650	0.000	0.22219744
-1.750	1.650	0.000	0.22492754
-1.650	1.650	0.000	0.22830008
-1.550	1.650	0.000	0.23185901
-1.450	1.650	0.000	0.23485783
-1.350	1.650	0.000	0.23694326
-1.250	1.650	0.000	0.23827563
-1.150	1.650	0.000	0.23885004
-1.050	1.650	0.000	0.23902559
-0.950	1.650	0.000	0.23892426
-0.850	1.650	0.000	0.23861583
-0.750	1.650	0.000	0.23821010
-0.650	1.650	0.000	0.23781432
-0.550	1.650	0.000	0.23749505
-0.450	1.650	0.000	0.23724966
-0.350	1.650	0.000	0.23719400
-0.250	1.650	0.000	0.23705690
-0.150	1.650	0.000	0.23665394
-0.050	1.650	0.000	0.23595315
0.050	1.650	0.000	0.23501292
0.150	1.650	0.000	0.23387225
0.250	1.650	0.000	0.23277618
0.350	1.650	0.000	0.23207605
0.450	1.650	0.000	0.23171294
0.550	1.650	0.000	0.23195933
0.650	1.650	0.000	0.23269822
0.750	1.650	0.000	0.23372789
0.850	1.650	0.000	0.23487058
0.950	1.650	0.000	0.23582922
1.050	1.650	0.000	0.23660752
1.150	1.650	0.000	0.23712793
1.250	1.650	0.000	0.23731774
1.350	1.650	0.000	0.23730135
1.450	1.650	0.000	0.23725067
1.550	1.650	0.000	0.23735319
1.650	1.650	0.000	0.23751706
1.750	1.650	0.000	0.23774727
1.850	1.650	0.000	0.23792522
1.950	1.650	0.000	0.23841338
2.050	1.650	0.000	0.23901905
2.150	1.650	0.000	0.24035025
2.250	1.650	0.000	0.24152862
2.350	1.650	0.000	0.24308954
2.450	1.650	0.000	0.24354956
-2.450	1.750	0.000	0.22517926
-2.350	1.750	0.000	0.22304615
-2.250	1.750	0.000	0.22102606
-2.150	1.750	0.000	0.21973395
-2.050	1.750	0.000	0.21891846
-1.950	1.750	0.000	0.21922325
-1.850	1.750	0.000	0.22044483
-1.750	1.750	0.000	0.22290631
-1.650	1.750	0.000	0.22612146
-1.550	1.750	0.000	0.22974782
-1.450	1.750	0.000	0.23307386
-1.350	1.750	0.000	0.23551013
-1.250	1.750	0.000	0.23714153
-1.150	1.750	0.000	0.23799007
-1.050	1.750	0.000	0.23844106
-0.950	1.750	0.000	0.23865415
-0.850	1.750	0.000	0.23862770
-0.750	1.750	0.000	0.23831043
-0.650	1.750	0.000	0.23802322
-0.550	1.750	0.000	0.23746501
-0.450	1.750	0.000	0.23691307
-0.350	1.750	0.000	0.23644662
-0.250	1.750	0.000	0.23600490
-0.150	1.750	0.000	0.23537271
-0.050	1.750	0.000	0.23451717
0.050	1.750	0.000	0.23346326
0.150	1.750	0.000	0.23230793
0.250	1.750	0.000	0.23130821
0.350	1.750	0.000	0.23065211
0.450	1.750	0.000	0.23047033
0.550	1.750	0.000	0.23101379
0.650	1.750	0.000	0.23188825
0.750	1.750	0.000	0.23307498
0.850	1.750	0.000	0.23420073
0.950	1.750	0.000	0.23513457
1.050	1.750	0.000	0.23587818
1.150	1.750	0.000	0.23639303
1.250	1.750	0.000	0.23679926
1.350	1.750	0.000	0.23697615
1.450	1.750	0.000	0.23693980
1.550	1.750	0.000	0.23705474
1.650	1.750	0.000	0.23724709
1.750	1.750	0.000	0.23768601
1.850	1.750	0.000	0.23803027
1.950	1.750	0.000	0.23849136
2.050	1.750	0.000	0.23891501
2.150	1.750	0.000	0.24004130
2.250	1.750	0.000	0.24101169
2.350	1.750	0.000	0.24235395
2.450	1.750	0.000	0.24297397
-2.450	1.850	0.000	0.22356345
-2.350	1.850	0.000	0.22134852
-2.250	1.850	0.000	0.21935031
-2.150	1.850	0.000	0.21810210
-2.050	1.850	0.000	0.21728587
-1.950	1.850	0.000	0.21728423
-1.850	1.850	0.000	0.21821360
-1.750	1.850	0.000	0.22038919
-1.650	1.850	0.000	0.22351025
-1.550	1.850	0.000	0.22713318
-1.450	1.850	0.000	0.23073576
-1.350	1.850	0.000	0.23363276
-1.250	1.850	0.000	0.23571885
-1.150	1.850	0.000	0.23712552
-1.050	1.850	0.000	0.23793827
-0.950	1.850	0.000	0.23844160
-0.850	1.850	0.000	0.23866503
-0.750	1.850	0.000	0.23871310
-0.650	1.850	0.000	0.23856972
-0.550	1.850	0.000	0.23805211
-0.450	1.850	0.000	0.23728865
-0.350	1.850	0.000	0.23643705
-0.250	1.850	0.000	0.23557009
-0.150	1.850	0.000	0.23467183
-0.050	1.850	0.000	0.23361090
0.050	1.850	0.000	0.23239714
0.150	1.850	0.000	0.23112732
0.250	1.850	0.000	0.23005842
0.350	1.850	0.000	0.22940274
0.450	1.850	0.000	0.22945571
0.550	1.850	0.000	0.22992653
0.650	1.850	0.000	0.23075879
0.750	1.850	0.000	0.23192877
0.850	1.850	0.000	0.23310028
0.950	1.850	0.000	0.23411660
1.050	1.850	0.000	0.23491256
1.150	1.850	0.000	0.23543233
1.250	1.850	0.000	0.23563433
1.350	1.850	0.000	0.23569033
1.450	1.850	0.000	0.23589538
1.550	1.850	0.000	0.23621555
1.650	1.850	0.000	0.23676392
1.750	1.850	0.000	0.23736869
1.850	1.850	0.000	0.23780464
1.950	1.850	0.000	0.23829567
2.050	1.850	0.000	0.23860230
2.150	1.850	0.000	0.23948656
2.250	1.850	0.000	0.24024382
2.350	1.850	0.000	0.24146990
2.450	1.850	0.000	0.24194354
-2.450	1.950	0.000	0.22242343
-2.350	1.950	0.000	0.22015923
-2.250	1.950	0.000	0.21824661
-2.150	1.950	0.000	0.21704130
-2.050	1.950	0.000	0.21622680
-1.950	1.950	0.000	0.21609955
-1.850	1.950	0.000	0.21679194
-1.750	1.950	0.000	0.21864031
-1.650	1.950	0.000	0.22151949
-1.550	1.950	0.000	0.22504410
-1.450	1.950	0.000	0.22881974
-1.350	1.950	0.000	0.23206584
-1.250	1.950	0.000	0.23456414
-1.150	1.950	0.000	0.23632392
-1.050	1.950	0.000	0.23740767
-0.950	1.950	0.000	0.23819037
-0.850	1.950	0.000	0.23877642
-0.750	1.950	0.000	0.23915948
-0.650	1.950	0.000	0.23918684
-0.550	1.950	0.000	0.23878995
-0.450	1.950	0.000	0.23807701
-0.350	1.950	0.000	0.23714879
-0.250	1.950	0.000	0.23610666
-0.150	1.950	0.000	0.23495556
-0.050	1.950	0.000	0.23371270
0.050	1.950	0.000	0.23232028
0.150	1.950	0.000	0.23089337
0.250	1.950	0.000	0.22973779
0.350	1.950	0.000	0.22900137
0.450	1.950	0.000	0.22900429
0.550	1.950	0.000	0.22936496
0.650	1.950	0.000	0.22996859
0.750	1.950	0.000	0.23080842
0.850	1.950	0.000	0.23175032
0.950	1.950	0.000	0.23268580
1.050	1.950	0.000	0.23349421
1.150	1.950	0.000	0.23410147
1.250	1.950	0.000	0.23446633
1.350	1.950	0.000	0.23467542
1.450	1.950	0.000	0.23490833
1.550	1.950	0.000	0.23536828
1.650	1.950	0.000	0.23608553
1.750	1.950	0.000	0.23684983
1.850	1.950	0.000	0.23739147
1.950	1.950	0.000	0.23782691
2.050	1.950	0.000	0.23792857
2.150	1.950	0.000	0.23856243
2.250	1.950	0.000	0.23907486
2.350	1.950	0.000	0.24003513
2.450	1.950	0.000	0.24006018
-2.450	2.050	0.000	0.22260377
-2.350	2.050	0.000	0.22027205
-2.250	2.050	0.000	0.21843070
-2.150	2.050	0.000	0.21734935
-2.050	2.050	0.000	0.21665387
-1.950	2.050	0.000	0.21646458
-1.850	2.050	0.000	0.21703924
-1.750	2.050	0.000	0.21864057
-1.650	2.050	0.000	0.22117443
-1.550	2.050	0.000	0.22436199
-1.450	2.050	0.000	0.22797430
-1.350	2.050	0.000	0.23119260
-1.250	2.050	0.000	0.23378728
-1.150	2.050	0.000	0.23566546
-1.050	2.050	0.000	0.23700605
-0.950	2.050	0.000	0.23793812
-0.850	2.050	0.000	0.23861633
-0.750	2.050	0.000	0.23903193
-0.650	2.050	0.000	0.23918299
-0.550	2.050	0.000	0.23899780
-0.450	2.050	0.000	0.23843506
-0.350	2.050	0.000	0.23767903
-0.250	2.050	0.000	0.23679844
-0.150	2.050	0.000	0.23566915
-0.050	2.050	0.000	0.23432730
0.050	2.050	0.000	0.23283555
0.150	2.050	0.000	0.23134325
0.250	2.050	0.000	0.23012298
0.350	2.050	0.000	0.22933467
0.450	2.050	0.000	0.22903924
0.550	2.050	0.000	0.22901906
0.650	2.050	0.000	0.22922805
0.750	2.050	0.000	0.22973208
0.850	2.050	0.000	0.23044410
0.950	2.050	0.000	0.23121981
1.050	2.050	0.000	0.23198776
1.150	2.050	0.000	0.23259899
1.250	2.050	0.000	0.23298799
1.350	2.050	0.000	0.23329268
1.450	2.050	0.000	0.23369323
1.550	2.050	0.000	0.23443307
1.650	2.050	0.000	0.23532708
1.750	2.050	0.000	0.23626357
1.850	2.050	0.000	0.23692991
1.950	2.050	0.000	0.23739986
2.050	2.050	0.000	0.23745817
2.150	2.050	0.000	0.23800670
2.250	2.050	0.000	0.23840725
2.350	2.050	0.000	0.23924357
2.450	2.050	0.000	0.23895466
-2.450	2.150	0.000	0.22390962
-2.350	2.150	0.000	0.22145534
-2.250	2.150	0.000	0.21960893
-2.150	2.150	0.000	0.21861926
-2.050	2.150	0.000	0.21799833
-1.950	2.150	0.000	0.21793939
-1.850	2.150	0.000	0.21849257
-1.750	2.150	0.000	0.21988638
-1.650	2.150	0.000	0.22198135
-1.550	2.150	0.000	0.22465332
-1.450	2.150	0.000	0.22771293
-1.350	2.150	0.000	0.23051061
-1.250	2.150	0.000	0.23292279
-1.150	2.150	0.000	0.23471536
-1.050	2.150	0.000	0.23607676
-0.950	2.150	0.000	0.23698956
-0.850	2.150	0.000	0.23767537
-0.750	2.150	0.000	0.23814318
-0.650	2.150	0.000	0.23838709
-0.550	2.150	0.000	0.23836859
-0.450	2.150	0.000	0.23811544
-0.350	2.150	0.000	0.23767312
-0.250	2.150	0.000	0.23700157
-0.150	2.150	0.000	0.23600991
-0.050	2.150	0.000	0.23476128
0.050	2.150	0.000	0.23334147
0.150	2.150	0.000	0.23197600
0.250	2.150	0.000	0.23085003
0.350	2.150	0.000	0.23010379
0.450	2.150	0.000	0.22972679
0.550	2.150	0.000	0.22949395
0.650	2.150	0.000	0.22940785
0.750	2.150	0.000	0.22951058
0.850	2.150	0.000	0.22981018
0.950	2.150	0.000	0.23031650
1.050	2.150	0.000	0.23094158
1.150	2.150	0.000	0.23146197
1.250	2.150	0.000	0.23180576
1.350	2.150	0.000	0.23214848
1.450	2.150	0.000	0.23274826
1.550	2.150	0.000	0.23360364
1.650	2.150	0.000	0.23460448
1.750	2.150	0.000	0.23561361
1.850	2.150	0.000	0.23632030
1.950	2.150	0.000	0.23681733
2.050	2.150	0.000	0.23691468
2.150	2.150	0.000	0.23745763
2.250	2.150	0.000	0.23766111
2.350	2.150	0.000	0.23842973
2.450	2.150	0.000	0.23804371
-2.450	2.250	0.000	0.22486611
-2.350	2.250	0.000	0.22226162
-2.250	2.250	0.000	0.22033045
-2.150	2.250	0.000	0.21935894
-2.050	2.250	0.000	0.21885689
-1.950	2.250	0.000	0.21886176
-1.850	2.250	0.000	0.21936893
-1.750	2.250	0.000	0.22052103
-1.650	2.250	0.000	0.22230652
-1.550	2.250	0.000	0.22458483
-1.450	2.250	0.000	0.22718610
-1.350	2.250	0.000	0.22960505
-1.250	2.250	0.000	0.23181613
-1.150	2.250	0.000	0.23349884
-1.050	2.250	0.000	0.23473506
-0.950	2.250	0.000	0.23552622
-0.850	2.250	0.000	0.23599306
-0.750	2.250	0.000	0.23625082
-0.650	2.250	0.000	0.23649386
-0.550	2.250	0.000	0.23668090
-0.450	2.250	0.000	0.23667853
-0.350	2.250	0.000	0.23647125
-0.250	2.250	0.000	0.23599353
-0.150	2.250	0.000	0.23528016
-0.050	2.250	0.000	0.23442344
0.050	2.250	0.000	0.23343909
0.150	2.250	0.000	0.23244765
0.250	2.250	0.000	0.23172233
0.350	2.250	0.000	0.23123021
0.450	2.250	0.000	0.23088169
0.550	2.250	0.000	0.23042776
0.650	2.250	0.000	0.23009522
0.750	2.250	0.000	0.22989176
0.850	2.250	0.000	0.22992812
0.950	2.250	0.000	0.23029175
1.050	2.250	0.000	0.23096983
1.150	2.250	0.000	0.23155190
1.250	2.250	0.000	0.23193437
1.350	2.250	0.000	0.23229104
1.450	2.250	0.000	0.23286308
1.550	2.250	0.000	0.23369795
1.650	2.250	0.000	0.23465291
1.750	2.250	0.000	0.23554960
1.850	2.250	0.000	0.23611735
1.950	2.250	0.000	0.23649530
2.050	2.250	0.000	0.23657437
2.150	2.250	0.000	0.23708546
2.250	2.250	0.000	0.23724698
2.350	2.250	0.000	0.23803078
2.450	2.250	0.000	0.23750697
-2.450	2.350	0.000	0.22513692
-2.350	2.350	0.000	0.22232194
-2.250	2.350	0.000	0.22029357
-2.150	2.350	0.000	0.21936481
-2.050	2.350	0.000	0.21891201
-1.950	2.350	0.000	0.21902193
-1.850	2.350	0.000	0.21955243
-1.750	2.350	0.000	0.22063816
-1.650	2.350	0.000	0.22226848
-1.550	2.350	0.000	0.22430409
-1.450	2.350	0.000	0.22659135
-1.350	2.350	0.000	0.22874606
-1.250	2.350	0.000	0.23067153
-1.150	2.350	0.000	0.23213661
-1.050	2.350	0.000	0.23316573
-0.950	2.350	0.000	0.23377602
-0.850	2.350	0.000	0.23404090
-0.750	2.350	0.000	0.23414113
-0.650	2.350	0.000	0.23429762
-0.550	2.350	0.000	0.23456207
-0.450	2.350	0.000	0.23486330
-0.350	2.350	0.000	0.23513055
-0.250	2.350	0.000	0.23527576
-0.150	2.350	0.000	0.23516467
-0.050	2.350	0.000	0.23475358
0.050	2.350	0.000	0.23410881
0.150	2.350	0.000	0.23344469
0.250	2.350	0.000	0.23293234
0.350	2.350	0.000	0.23251373
0.450	2.350	0.000	0.23211499
0.550	2.350	0.000	0.23166332
0.650	2.350	0.000	0.23124443
0.750	2.350	0.000	0.23090807
0.850	2.350	0.000	0.23084839
0.950	2.350	0.000	0.23114213
1.050	2.350	0.000	0.23168811
1.150	2.350	0.000	0.23221399
1.250	2.350	0.000	0.23258732
1.350	2.350	0.000	0.23283635
1.450	2.350	0.000	0.23328975
1.550	2.350	0.000	0.23401915
1.650	2.350	0.000	0.23489539
1.750	2.350	0.000	0.23567609
1.850	2.350	0.000	0.23611720
1.950	2.350	0.000	0.23641500
2.050	2.350	0.000	0.23649795
2.150	2.350	0.000	0.23698218
2.250	2.350	0.000	0.23719370
2.350	2.350	0.000	0.23805514
2.450	2.350	0.000	0.23749033
-2.450	2.450	0.000	0.22518720
-2.350	2.450	0.000	0.22219224
-2.250	2.450	0.000	0.22001463
-2.150	2.450	0.000	0.21902040
-2.050	2.450	0.000	0.21862465
-1.950	2.450	0.000	0.21869166
-1.850	2.450	0.000	0.21922427
-1.750	2.450	0.000	0.22039150
-1.650	2.450	0.000	0.22206195
-1.550	2.450	0.000	0.22406903
-1.450	2.450	0.000	0.22625901
-1.350	2.450	0.000	0.22828917
-1.250	2.450	0.000	0.23011920
-1.150	2.450	0.000	0.23145917
-1.050	2.450	0.000	0.23238118
-0.950	2.450	0.000	0.23282854
-0.850	2.450	0.000	0.23291790
-0.750	2.450	0.000	0.23281978
-0.650	2.450	0.000	0.23280288
-0.550	2.450	0.000	0.23299259
-0.450	2.450	0.000	0.23338932
-0.350	2.450	0.000	0.23392528
-0.250	2.450	0.000	0.23448952
-0.150	2.450	0.000	0.23481959
-0.050	2.450	0.000	0.23478307
0.050	2.450	0.000	0.23448676
0.150	2.450	0.000	0.23410523
0.250	2.450	0.000	0.23381506
0.350	2.450	0.000	0.23356223
0.450	2.450	0.000	0.23329329
0.550	2.450	0.000	0.23298861
0.650	2.450	0.000	0.23271020
0.750	2.450	0.000	0.23253502
0.850	2.450	0.000	0.23251051
0.950	2.450	0.000	0.23263952
1.050	2.450	0.000	0.23287860
1.150	2.450	0.000	0.23306152
1.250	2.450	0.000	0.23314488
1.350	2.450	0.000	0.23328806
1.450	2.450	0.000	0.23366526
1.550	2.450	0.000	0.23436666
1.650	2.450	0.000	0.23516183
1.750	2.450	0.000	0.23578531
1.850	2.450	0.000	0.23593332
1.950	2.450	0.000	0.23601454
2.050	2.450	0.000	0.23601148
2.150	2.450	0.000	0.23648205
2.250	2.450	0.000	0.23673661
2.350	2.450	0.000	0.23766133
2.450	2.450	0.000	0.23719221
