-2.450	-2.450	0.000	0.20079465
-2.350	-2.450	0.000	0.20752382
-2.250	-2.450	0.000	0.21236217
-2.150	-2.450	0.000	0.21575756
-2.050	-2.450	0.000	0.21883550
-1.950	-2.450	0.000	0.22059554
-1.850	-2.450	0.000	0.22129168
-1.750	-2.450	0.000	0.22087051
-1.650	-2.450	0.000	0.21989714
-1.550	-2.450	0.000	0.21891940
-1.450	-2.450	0.000	0.21816485
-1.350	-2.450	0.000	0.21770105
-1.250	-2.450	0.000	0.21797629
-1.150	-2.450	0.000	0.21848764
-1.050	-2.450	0.000	0.21899059
-0.950	-2.450	0.000	0.21924336
-0.850	-2.450	0.000	0.21932426
-0.750	-2.450	0.000	0.21955842
-0.650	-2.450	0.000	0.22008826
-0.550	-2.450	0.000	0.22084825
-0.450	-2.450	0.000	0.22163677
-0.350	-2.450	0.000	0.22215287
-0.250	-2.450	0.000	0.22224967
-0.150	-2.450	0.000	0.22207351
-0.050	-2.450	0.000	0.22188540
0.050	-2.450	0.000	0.22191668
0.150	-2.450	0.000	0.22215617
0.250	-2.450	0.000	0.22256592
0.350	-2.450	0.000	0.22295552
0.450	-2.450	0.000	0.22318521
0.550	-2.450	0.000	0.22328493
0.650	-2.450	0.000	0.22325005
0.750	-2.450	0.000	0.22311690
0.850	-2.450	0.000	0.22295009
0.950	-2.450	0.000	0.22271924
1.050	-2.450	0.000	0.22229855
1.150	-2.450	0.000	0.22159941
1.250	-2.450	0.000	0.22054225
1.350	-2.450	0.000	0.21937096
1.450	-2.450	0.000	0.21819150
1.550	-2.450	0.000	0.21732828
1.650	-2.450	0.000	0.21670447
1.750	-2.450	0.000	0.21638787
1.850	-2.450	0.000	0.21627176
1.950	-2.450	0.000	0.21595426
2.050	-2.450	0.000	0.21554907
2.150	-2.450	0.000	0.21445532
2.250	-2.450	0.000	0.21303241
2.350	-2.450	0.000	0.21198364
2.450	-2.450	0.000	0.20737681
-2.450	-2.350	0.000	0.20942587
-2.350	-2.350	0.000	0.21626063
-2.250	-2.350	0.000	0.22145022
-2.150	-2.350	0.000	0.22496341
-2.050	-2.350	0.000	0.22807126
-1.950	-2.350	0.000	0.22993207
-1.850	-2.350	0.000	0.23072992
-1.750	-2.350	0.000	0.23040845
-1.650	-2.350	0.000	0.22964402
-1.550	-2.350	0.000	0.22887957
-1.450	-2.350	0.000	0.22814579
-1.350	-2.350	0.000	0.22755441
-1.250	-2.350	0.000	0.22755156
-1.150	-2.350	0.000	0.22780621
-1.050	-2.350	0.000	0.22812170
-0.950	-2.350	0.000	0.22837389
-0.850	-2.350	0.000	0.22861657
-0.750	-2.350	0.000	0.22902915
-0.650	-2.350	0.000	0.22964677
-0.550	-2.350	0.000	0.23024420
-0.450	-2.350	0.000	0.23068935
-0.350	-2.350	0.000	0.23057145
-0.250	-2.350	0.000	0.22968684
-0.150	-2.350	0.000	0.22833776
-0.050	-2.350	0.000	0.22701311
0.050	-2.350	0.000	0.22606221
0.150	-2.350	0.000	0.22556795
0.250	-2.350	0.000	0.22537629
0.350	-2.350	0.000	0.22523004
0.450	-2.350	0.000	0.22499384
0.550	-2.350	0.000	0.22471417
0.650	-2.350	0.000	0.22447777
0.750	-2.350	0.000	0.22434153
0.850	-2.350	0.000	0.22430454
0.950	-2.350	0.000	0.22420932
1.050	-2.350	0.000	0.22393782
1.150	-2.350	0.000	0.22342151
1.250	-2.350	0.000	0.22252910
1.350	-2.350	0.000	0.22148758
1.450	-2.350	0.000	0.22038561
1.550	-2.350	0.000	0.21959858
1.650	-2.350	0.000	0.21902895
1.750	-2.350	0.000	0.21864085
1.850	-2.350	0.000	0.21839404
1.950	-2.350	0.000	0.21774893
2.050	-2.350	0.000	0.21696272
2.150	-2.350	0.000	0.21547824
2.250	-2.350	0.000	0.21348450
2.350	-2.350	0.000	0.21196340
2.450	-2.350	0.000	0.20702700
-2.450	-2.250	0.000	0.21322827
-2.350	-2.250	0.000	0.22006413
-2.250	-2.250	0.000	0.22533028
-2.150	-2.250	0.000	0.22884859
-2.050	-2.250	0.000	0.23191594
-1.950	-2.250	0.000	0.23383829
-1.850	-2.250	0.000	0.23471972
-1.750	-2.250	0.000	0.23444219
-1.650	-2.250	0.000	0.23352328
-1.550	-2.250	0.000	0.23270266
-1.450	-2.250	0.000	0.23208283
-1.350	-2.250	0.000	0.23160982
-1.250	-2.250	0.000	0.23147833
-1.150	-2.250	0.000	0.23170395
-1.050	-2.250	0.000	0.23206782
-0.950	-2.250	0.000	0.23242681
-0.850	-2.250	0.000	0.23262350
-0.750	-2.250	0.000	0.23299921
-0.650	-2.250	0.000	0.23369880
-0.550	-2.250	0.000	0.23433641
-0.450	-2.250	0.000	0.23475240
-0.350	-2.250	0.000	0.23458458
-0.250	-2.250	0.000	0.23355953
-0.150	-2.250	0.000	0.23182988
-0.050	-2.250	0.000	0.22987637
0.050	-2.250	0.000	0.22829139
0.150	-2.250	0.000	0.22731464
0.250	-2.250	0.000	0.22675464
0.350	-2.250	0.000	0.22639373
0.450	-2.250	0.000	0.22605708
0.550	-2.250	0.000	0.22569393
0.650	-2.250	0.000	0.22536489
0.750	-2.250	0.000	0.22519149
0.850	-2.250	0.000	0.22516264
0.950	-2.250	0.000	0.22508775
1.050	-2.250	0.000	0.22475961
1.150	-2.250	0.000	0.22413373
1.250	-2.250	0.000	0.22318524
1.350	-2.250	0.000	0.22205111
1.450	-2.250	0.000	0.22075810
1.550	-2.250	0.000	0.21970004
1.650	-2.250	0.000	0.21888679
1.750	-2.250	0.000	0.21828355
1.850	-2.250	0.000	0.21795163
1.950	-2.250	0.000	0.21732123
2.050	-2.250	0.000	0.21660601
2.150	-2.250	0.000	0.21520829
2.250	-2.250	0.000	0.21329536
2.350	-2.250	0.000	0.21179447
2.450	-2.250	0.000	0.20704068
-2.450	-2.150	0.000	0.21713322
-2.350	-2.150	0.000	0.22391252
-2.250	-2.150	0.000	0.22918788
-2.150	-2.150	0.000	0.23266622
-2.050	-2.150	0.000	0.23579486
-1.950	-2.150	0.000	0.23786446
-1.850	-2.150	0.000	0.23887575
-1.750	-2.150	0.000	0.23875873
-1.650	-2.150	0.000	0.23796710
-1.550	-2.150	0.000	0.23712568
-1.450	-2.150	0.000	0.23633827
-1.350	-2.150	0.000	0.23580848
-1.250	-2.150	0.000	0.23564889
-1.150	-2.150	0.000	0.23589398
-1.050	-2.150	0.000	0.23624274
-0.950	-2.150	0.000	0.23673145
-0.850	-2.150	0.000	0.23708118
-0.750	-2.150	0.000	0.23750731
-0.650	-2.150	0.000	0.23812415
-0.550	-2.150	0.000	0.23867075
-0.450	-2.150	0.000	0.23902629
-0.350	-2.150	0.000	0.23869181
-0.250	-2.150	0.000	0.23733208
-0.150	-2.150	0.000	0.23515905
-0.050	-2.150	0.000	0.23269996
0.050	-2.150	0.000	0.23054887
0.150	-2.150	0.000	0.22903313
0.250	-2.150	0.000	0.22812031
0.350	-2.150	0.000	0.22750902
0.450	-2.150	0.000	0.22706777
0.550	-2.150	0.000	0.22666240
0.650	-2.150	0.000	0.22631644
0.750	-2.150	0.000	0.22606187
0.850	-2.150	0.000	0.22584487
0.950	-2.150	0.000	0.22556910
1.050	-2.150	0.000	0.22510168
1.150	-2.150	0.000	0.22438951
1.250	-2.150	0.000	0.22339882
1.350	-2.150	0.000	0.22229809
1.450	-2.150	0.000	0.22111791
1.550	-2.150	0.000	0.22014304
1.650	-2.150	0.000	0.21928082
1.750	-2.150	0.000	0.21857953
1.850	-2.150	0.000	0.21814236
1.950	-2.150	0.000	0.21746603
2.050	-2.150	0.000	0.21668516
2.150	-2.150	0.000	0.21536478
2.250	-2.150	0.000	0.21359383
2.350	-2.150	0.000	0.21218249
2.450	-2.150	0.000	0.20773914
-2.450	-2.050	0.000	0.21957049
-2.350	-2.050	0.000	0.22612016
-2.250	-2.050	0.000	0.23120458
-2.150	-2.050	0.000	0.23462658
-2.050	-2.050	0.000	0.23785417
-1.950	-2.050	0.000	0.24013686
-1.850	-2.050	0.000	0.24126853
-1.750	-2.050	0.000	0.24121879
-1.650	-2.050	0.000	0.24050055
-1.550	-2.050	0.000	0.23959255
-1.450	-2.050	0.000	0.23872577
-1.350	-2.050	0.000	0.23821051
-1.250	-2.050	0.000	0.23816283
-1.150	-2.050	0.000	0.23852850
-1.050	-2.050	0.000	0.23903160
-0.950	-2.050	0.000	0.23973350
-0.850	-2.050	0.000	0.24026141
-0.750	-2.050	0.000	0.24070589
-0.650	-2.050	0.000	0.24128884
-0.550	-2.050	0.000	0.24178176
-0.450	-2.050	0.000	0.24204354
-0.350	-2.050	0.000	0.24156725
-0.250	-2.050	0.000	0.24004467
-0.150	-2.050	0.000	0.23768994
-0.050	-2.050	0.000	0.23494565
0.050	-2.050	0.000	0.23248006
0.150	-2.050	0.000	0.23062105
0.250	-2.050	0.000	0.22942013
0.350	-2.050	0.000	0.22872354
0.450	-2.050	0.000	0.22827996
0.550	-2.050	0.000	0.22792809
0.650	-2.050	0.000	0.22765552
0.750	-2.050	0.000	0.22743483
0.850	-2.050	0.000	0.22710934
0.950	-2.050	0.000	0.22653079
1.050	-2.050	0.000	0.22564557
1.150	-2.050	0.000	0.22457036
1.250	-2.050	0.000	0.22341111
1.350	-2.050	0.000	0.22229524
1.450	-2.050	0.000	0.22117274
1.550	-2.050	0.000	0.22015233
1.650	-2.050	0.000	0.21917127
1.750	-2.050	0.000	0.21834515
1.850	-2.050	0.000	0.21781087
1.950	-2.050	0.000	0.21710479
2.050	-2.050	0.000	0.21636251
2.150	-2.050	0.000	0.21521859
2.250	-2.050	0.000	0.21366537
2.350	-2.050	0.000	0.21231826
2.450	-2.050	0.000	0.20829949
-2.450	-1.950	0.000	0.22054107
-2.350	-1.950	0.000	0.22681551
-2.250	-1.950	0.000	0.23176293
-2.150	-1.950	0.000	0.23519337
-2.050	-1.950	0.000	0.23848121
-1.950	-1.950	0.000	0.24089837
-1.850	-1.950	0.000	0.24211913
-1.750	-1.950	0.000	0.24224059
-1.650	-1.950	0.000	0.24152863
-1.550	-1.950	0.000	0.24050932
-1.450	-1.950	0.000	0.23959687
-1.350	-1.950	0.000	0.23919374
-1.250	-1.950	0.000	0.23929258
-1.150	-1.950	0.000	0.23989686
-1.050	-1.950	0.000	0.24065648
-0.950	-1.950	0.000	0.24157871
-0.850	-1.950	0.000	0.24235798
-0.750	-1.950	0.000	0.24290836
-0.650	-1.950	0.000	0.24349956
-0.550	-1.950	0.000	0.24391271
-0.450	-1.950	0.000	0.24399388
-0.350	-1.950	0.000	0.24332972
-0.250	-1.950	0.000	0.24175151
-0.150	-1.950	0.000	0.23932582
-0.050	-1.950	0.000	0.23647125
0.050	-1.950	0.000	0.23371115
0.150	-1.950	0.000	0.23147476
0.250	-1.950	0.000	0.22999203
0.350	-1.950	0.000	0.22921547
0.450	-1.950	0.000	0.22888361
0.550	-1.950	0.000	0.22875051
0.650	-1.950	0.000	0.22861926
0.750	-1.950	0.000	0.22836199
0.850	-1.950	0.000	0.22791000
0.950	-1.950	0.000	0.22717659
1.050	-1.950	0.000	0.22614570
1.150	-1.950	0.000	0.22495587
1.250	-1.950	0.000	0.22375529
1.350	-1.950	0.000	0.22259888
1.450	-1.950	0.000	0.22138959
1.550	-1.950	0.000	0.22028822
1.650	-1.950	0.000	0.21925084
1.750	-1.950	0.000	0.21839529
1.850	-1.950	0.000	0.21789417
1.950	-1.950	0.000	0.21728356
2.050	-1.950	0.000	0.21656416
2.150	-1.950	0.000	0.21542226
2.250	-1.950	0.000	0.21393622
2.350	-1.950	0.000	0.21257702
2.450	-1.950	0.000	0.20910265
-2.450	-1.850	0.000	0.22104804
-2.350	-1.850	0.000	0.22710791
-2.250	-1.850	0.000	0.23191856
-2.150	-1.850	0.000	0.23532097
-2.050	-1.850	0.000	0.23859680
-1.950	-1.850	0.000	0.24104527
-1.850	-1.850	0.000	0.24230830
-1.750	-1.850	0.000	0.24253477
-1.650	-1.850	0.000	0.24191289
-1.550	-1.850	0.000	0.24092846
-1.450	-1.850	0.000	0.24003550
-1.350	-1.850	0.000	0.23965631
-1.250	-1.850	0.000	0.23974220
-1.150	-1.850	0.000	0.24033637
-1.050	-1.850	0.000	0.24113448
-0.950	-1.850	0.000	0.24208748
-0.850	-1.850	0.000	0.24294369
-0.750	-1.850	0.000	0.24352965
-0.650	-1.850	0.000	0.24405974
-0.550	-1.850	0.000	0.24434614
-0.450	-1.850	0.000	0.24434905
-0.350	-1.850	0.000	0.24366273
-0.250	-1.850	0.000	0.24206427
-0.150	-1.850	0.000	0.23963439
-0.050	-1.850	0.000	0.23675929
0.050	-1.850	0.000	0.23401070
0.150	-1.850	0.000	0.23185235
0.250	-1.850	0.000	0.23042041
0.350	-1.850	0.000	0.22962172
0.450	-1.850	0.000	0.22929572
0.550	-1.850	0.000	0.22925681
0.650	-1.850	0.000	0.22926655
0.750	-1.850	0.000	0.22912633
0.850	-1.850	0.000	0.22872587
0.950	-1.850	0.000	0.22799668
1.050	-1.850	0.000	0.22698750
1.150	-1.850	0.000	0.22584106
1.250	-1.850	0.000	0.22464657
1.350	-1.850	0.000	0.22344621
1.450	-1.850	0.000	0.22217835
1.550	-1.850	0.000	0.22097136
1.650	-1.850	0.000	0.21978356
1.750	-1.850	0.000	0.21881554
1.850	-1.850	0.000	0.21823213
1.950	-1.850	0.000	0.21759355
2.050	-1.850	0.000	0.21681419
2.150	-1.850	0.000	0.21560928
2.250	-1.850	0.000	0.21420176
2.350	-1.850	0.000	0.21283261
2.450	-1.850	0.000	0.20982623
-2.450	-1.750	0.000	0.22095507
-2.350	-1.750	0.000	0.22666159
-2.250	-1.750	0.000	0.23112111
-2.150	-1.750	0.000	0.23433438
-2.050	-1.750	0.000	0.23752657
-1.950	-1.750	0.000	0.24003634
-1.850	-1.750	0.000	0.24158286
-1.750	-1.750	0.000	0.24213029
-1.650	-1.750	0.000	0.24177089
-1.550	-1.750	0.000	0.24105522
-1.450	-1.750	0.000	0.24028493
-1.350	-1.750	0.000	0.23991103
-1.250	-1.750	0.000	0.23997922
-1.150	-1.750	0.000	0.24058290
-1.050	-1.750	0.000	0.24141344
-0.950	-1.750	0.000	0.24235266
-0.850	-1.750	0.000	0.24318773
-0.750	-1.750	0.000	0.24369460
-0.650	-1.750	0.000	0.24410746
-0.550	-1.750	0.000	0.24432290
-0.450	-1.750	0.000	0.24431488
-0.350	-1.750	0.000	0.24360037
-0.250	-1.750	0.000	0.24207713
-0.150	-1.750	0.000	0.23978442
-0.050	-1.750	0.000	0.23688355
0.050	-1.750	0.000	0.23402496
0.150	-1.750	0.000	0.23184709
0.250	-1.750	0.000	0.23039784
0.350	-1.750	0.000	0.22952126
0.450	-1.750	0.000	0.22919041
0.550	-1.750	0.000	0.22920004
0.650	-1.750	0.000	0.22931743
0.750	-1.750	0.000	0.22938149
0.850	-1.750	0.000	0.22920452
0.950	-1.750	0.000	0.22870199
1.050	-1.750	0.000	0.22787979
1.150	-1.750	0.000	0.22686495
1.250	-1.750	0.000	0.22573996
1.350	-1.750	0.000	0.22458969
1.450	-1.750	0.000	0.22333650
1.550	-1.750	0.000	0.22205690
1.650	-1.750	0.000	0.22073252
1.750	-1.750	0.000	0.21955337
1.850	-1.750	0.000	0.21871839
1.950	-1.750	0.000	0.21789584
2.050	-1.750	0.000	0.21699119
2.150	-1.750	0.000	0.21577546
2.250	-1.750	0.000	0.21443588
2.350	-1.750	0.000	0.21321586
2.450	-1.750	0.000	0.21067335
-2.450	-1.650	0.000	0.21829534
-2.350	-1.650	0.000	0.22374973
-2.250	-1.650	0.000	0.22797781
-2.150	-1.650	0.000	0.23112108
-2.050	-1.650	0.000	0.23424792
-1.950	-1.650	0.000	0.23674984
-1.850	-1.650	0.000	0.23839816
-1.750	-1.650	0.000	0.23916724
-1.650	-1.650	0.000	0.23892608
-1.550	-1.650	0.000	0.23833984
-1.450	-1.650	0.000	0.23770504
-1.350	-1.650	0.000	0.23745002
-1.250	-1.650	0.000	0.23761357
-1.150	-1.650	0.000	0.23832801
-1.050	-1.650	0.000	0.23930712
-0.950	-1.650	0.000	0.24035388
-0.850	-1.650	0.000	0.24139573
-0.750	-1.650	0.000	0.24205865
-0.650	-1.650	0.000	0.24271306
-0.550	-1.650	0.000	0.24324720
-0.450	-1.650	0.000	0.24340944
-0.350	-1.650	0.000	0.24293415
-0.250	-1.650	0.000	0.24156307
-0.150	-1.650	0.000	0.23921800
-0.050	-1.650	0.000	0.23624511
0.050	-1.650	0.000	0.23356025
0.150	-1.650	0.000	0.23155342
0.250	-1.650	0.000	0.23007362
0.350	-1.650	0.000	0.22921364
0.450	-1.650	0.000	0.22886847
0.550	-1.650	0.000	0.22900662
0.650	-1.650	0.000	0.22925062
0.750	-1.650	0.000	0.22942632
0.850	-1.650	0.000	0.22939055
0.950	-1.650	0.000	0.22909477
1.050	-1.650	0.000	0.22854647
1.150	-1.650	0.000	0.22780846
1.250	-1.650	0.000	0.22692618
1.350	-1.650	0.000	0.22596826
1.450	-1.650	0.000	0.22480896
1.550	-1.650	0.000	0.22345635
1.650	-1.650	0.000	0.22195140
1.750	-1.650	0.000	0.22052537
1.850	-1.650	0.000	0.21937802
1.950	-1.650	0.000	0.21828951
2.050	-1.650	0.000	0.21720906
2.150	-1.650	0.000	0.21598069
2.250	-1.650	0.000	0.21469016
2.350	-1.650	0.000	0.21364890
2.450	-1.650	0.000	0.21151200
-2.450	-1.550	0.000	0.21346916
-2.350	-1.550	0.000	0.21876708
-2.250	-1.550	0.000	0.22283566
-2.150	-1.550	0.000	0.22600551
-2.050	-1.550	0.000	0.22912778
-1.950	-1.550	0.000	0.23161897
-1.850	-1.550	0.000	0.23334749
-1.750	-1.550	0.000	0.23419060
-1.650	-1.550	0.000	0.23413265
-1.550	-1.550	0.000	0.23365290
-1.450	-1.550	0.000	0.23308653
-1.350	-1.550	0.000	0.23283900
-1.250	-1.550	0.000	0.23295514
-1.150	-1.550	0.000	0.23358205
-1.050	-1.550	0.000	0.23455051
-0.950	-1.550	0.000	0.23566532
-0.850	-1.550	0.000	0.23690243
-0.750	-1.550	0.000	0.23785880
-0.650	-1.550	0.000	0.23883012
-0.550	-1.550	0.000	0.23997696
-0.450	-1.550	0.000	0.24035430
-0.350	-1.550	0.000	0.24029575
-0.250	-1.550	0.000	0.23927481
-0.150	-1.550	0.000	0.23704594
-0.050	-1.550	0.000	0.23427469
0.050	-1.550	0.000	0.23206365
0.150	-1.550	0.000	0.23039426
0.250	-1.550	0.000	0.22920103
0.350	-1.550	0.000	0.22863369
0.450	-1.550	0.000	0.22848713
0.550	-1.550	0.000	0.22863247
0.650	-1.550	0.000	0.22893772
0.750	-1.550	0.000	0.22922188
0.850	-1.550	0.000	0.22934251
0.950	-1.550	0.000	0.22923049
1.050	-1.550	0.000	0.22885630
1.150	-1.550	0.000	0.22831275
1.250	-1.550	0.000	0.22768246
1.350	-1.550	0.000	0.22693236
1.450	-1.550	0.000	0.22589172
1.550	-1.550	0.000	0.22460940
1.650	-1.550	0.000	0.22313510
1.750	-1.550	0.000	0.22165343
1.850	-1.550	0.000	0.22031246
1.950	-1.550	0.000	0.21900778
2.050	-1.550	0.000	0.21771759
2.150	-1.550	0.000	0.21643628
2.250	-1.550	0.000	0.21512827
2.350	-1.550	0.000	0.21421804
2.450	-1.550	0.000	0.21240135
-2.450	-1.450	0.000	0.20750113
-2.350	-1.450	0.000	0.21267287
-2.250	-1.450	0.000	0.21657336
-2.150	-1.450	0.000	0.21977940
-2.050	-1.450	0.000	0.22287409
-1.950	-1.450	0.000	0.22528164
-1.850	-1.450	0.000	0.22697312
-1.750	-1.450	0.000	0.22778150
-1.650	-1.450	0.000	0.22784619
-1.550	-1.450	0.000	0.22740962
-1.450	-1.450	0.000	0.22698490
-1.350	-1.450	0.000	0.22682557
-1.250	-1.450	0.000	0.22695950
-1.150	-1.450	0.000	0.22755519
-1.050	-1.450	0.000	0.22852720
-0.950	-1.450	0.000	0.22968321
-0.850	-1.450	0.000	0.23094456
-0.750	-1.450	0.000	0.23206992
-0.650	-1.450	0.000	0.23314638
-0.550	-1.450	0.000	0.23449808
-0.450	-1.450	0.000	0.23521531
-0.350	-1.450	0.000	0.23548889
-0.250	-1.450	0.000	0.23481575
-0.150	-1.450	0.000	0.23290683
-0.050	-1.450	0.000	0.23084822
0.050	-1.450	0.000	0.22952014
0.150	-1.450	0.000	0.22853610
0.250	-1.450	0.000	0.22800329
0.350	-1.450	0.000	0.22800393
0.450	-1.450	0.000	0.22818331
0.550	-1.450	0.000	0.22844616
0.650	-1.450	0.000	0.22876374
0.750	-1.450	0.000	0.22905828
0.850	-1.450	0.000	0.22922280
0.950	-1.450	0.000	0.22918101
1.050	-1.450	0.000	0.22894019
1.150	-1.450	0.000	0.22852129
1.250	-1.450	0.000	0.22792363
1.350	-1.450	0.000	0.22724640
1.450	-1.450	0.000	0.22648443
1.550	-1.450	0.000	0.22550344
1.650	-1.450	0.000	0.22425291
1.750	-1.450	0.000	0.22286995
1.850	-1.450	0.000	0.22145236
1.950	-1.450	0.000	0.22001924
2.050	-1.450	0.000	0.21856745
2.150	-1.450	0.000	0.21711892
2.250	-1.450	0.000	0.21567573
2.350	-1.450	0.000	0.21486686
2.450	-1.450	0.000	0.21331310
-2.450	-1.350	0.000	0.20124109
-2.350	-1.350	0.000	0.20630467
-2.250	-1.350	0.000	0.21005233
-2.150	-1.350	0.000	0.21331814
-2.050	-1.350	0.000	0.21641319
-1.950	-1.350	0.000	0.21880049
-1.850	-1.350	0.000	0.22044973
-1.750	-1.350	0.000	0.22128178
-1.650	-1.350	0.000	0.22143275
-1.550	-1.350	0.000	0.22113316
-1.450	-1.350	0.000	0.22083789
-1.350	-1.350	0.000	0.22077183
-1.250	-1.350	0.000	0.22098529
-1.150	-1.350	0.000	0.22167732
-1.050	-1.350	0.000	0.22263598
-0.950	-1.350	0.000	0.22369990
-0.850	-1.350	0.000	0.22483508
-0.750	-1.350	0.000	0.22593929
-0.650	-1.350	0.000	0.22709195
-0.550	-1.350	0.000	0.22842927
-0.450	-1.350	0.000	0.22936593
-0.350	-1.350	0.000	0.22975594
-0.250	-1.350	0.000	0.22917324
-0.150	-1.350	0.000	0.22782330
-0.050	-1.350	0.000	0.22676092
0.050	-1.350	0.000	0.22637092
0.150	-1.350	0.000	0.22626309
0.250	-1.350	0.000	0.22655874
0.350	-1.350	0.000	0.22719322
0.450	-1.350	0.000	0.22792286
0.550	-1.350	0.000	0.22855107
0.650	-1.350	0.000	0.22888234
0.750	-1.350	0.000	0.22904606
0.850	-1.350	0.000	0.22904426
0.950	-1.350	0.000	0.22885883
1.050	-1.350	0.000	0.22849672
1.150	-1.350	0.000	0.22805981
1.250	-1.350	0.000	0.22759981
1.350	-1.350	0.000	0.22715098
1.450	-1.350	0.000	0.22664362
1.550	-1.350	0.000	0.22601072
1.650	-1.350	0.000	0.22510844
1.750	-1.350	0.000	0.22397658
1.850	-1.350	0.000	0.22266883
1.950	-1.350	0.000	0.22125235
2.050	-1.350	0.000	0.21975884
2.150	-1.350	0.000	0.21836686
2.250	-1.350	0.000	0.21673134
2.350	-1.350	0.000	0.21576636
2.450	-1.350	0.000	0.21438201
-2.450	-1.250	0.000	0.19529986
-2.350	-1.250	0.000	0.20027979
-2.250	-1.250	0.000	0.20392972
-2.150	-1.250	0.000	0.20727240
-2.050	-1.250	0.000	0.21038753
-1.950	-1.250	0.000	0.21277057
-1.850	-1.250	0.000	0.21437247
-1.750	-1.250	0.000	0.21516448
-1.650	-1.250	0.000	0.21529999
-1.550	-1.250	0.000	0.21503964
-1.450	-1.250	0.000	0.21486312
-1.350	-1.250	0.000	0.21486099
-1.250	-1.250	0.000	0.21523076
-1.150	-1.250	0.000	0.21599036
-1.050	-1.250	0.000	0.21687475
-0.950	-1.250	0.000	0.21781456
-0.850	-1.250	0.000	0.21877079
-0.750	-1.250	0.000	0.21971451
-0.650	-1.250	0.000	0.22086155
-0.550	-1.250	0.000	0.22210497
-0.450	-1.250	0.000	0.22309288
-0.350	-1.250	0.000	0.22355315
-0.250	-1.250	0.000	0.22322343
-0.150	-1.250	0.000	0.22255573
-0.050	-1.250	0.000	0.22259109
0.050	-1.250	0.000	0.22307509
0.150	-1.250	0.000	0.22377932
0.250	-1.250	0.000	0.22501452
0.350	-1.250	0.000	0.22642483
0.450	-1.250	0.000	0.22770967
0.550	-1.250	0.000	0.22859676
0.650	-1.250	0.000	0.22894715
0.750	-1.250	0.000	0.22904365
0.850	-1.250	0.000	0.22891723
0.950	-1.250	0.000	0.22859122
1.050	-1.250	0.000	0.22813012
1.150	-1.250	0.000	0.22763470
1.250	-1.250	0.000	0.22720395
1.350	-1.250	0.000	0.22689636
1.450	-1.250	0.000	0.22662303
1.550	-1.250	0.000	0.22625594
1.650	-1.250	0.000	0.22564390
1.750	-1.250	0.000	0.22475608
1.850	-1.250	0.000	0.22360471
1.950	-1.250	0.000	0.22228941
2.050	-1.250	0.000	0.22076595
2.150	-1.250	0.000	0.21934775
2.250	-1.250	0.000	0.21773963
2.350	-1.250	0.000	0.21680418
2.450	-1.250	0.000	0.21543169
-2.450	-1.150	0.000	0.19025099
-2.350	-1.150	0.000	0.19520073
-2.250	-1.150	0.000	0.19882734
-2.150	-1.150	0.000	0.20222533
-2.050	-1.150	0.000	0.20533748
-1.950	-1.150	0.000	0.20767342
-1.850	-1.150	0.000	0.20917739
-1.750	-1.150	0.000	0.20988719
-1.650	-1.150	0.000	0.20994234
-1.550	-1.150	0.000	0.20971763
-1.450	-1.150	0.000	0.20967893
-1.350	-1.150	0.000	0.20979249
-1.250	-1.150	0.000	0.21029803
-1.150	-1.150	0.000	0.21100064
-1.050	-1.150	0.000	0.21176146
-0.950	-1.150	0.000	0.21249528
-0.850	-1.150	0.000	0.21327971
-0.750	-1.150	0.000	0.21401553
-0.650	-1.150	0.000	0.21498568
-0.550	-1.150	0.000	0.21590984
-0.450	-1.150	0.000	0.21679160
-0.350	-1.150	0.000	0.21734965
-0.250	-1.150	0.000	0.21741952
-0.150	-1.150	0.000	0.21769992
-0.050	-1.150	0.000	0.21868065
0.050	-1.150	0.000	0.21995962
0.150	-1.150	0.000	0.22161527
0.250	-1.150	0.000	0.22364631
0.350	-1.150	0.000	0.22571938
0.450	-1.150	0.000	0.22749142
0.550	-1.150	0.000	0.22866924
0.650	-1.150	0.000	0.22899950
0.750	-1.150	0.000	0.22900584
0.850	-1.150	0.000	0.22880070
0.950	-1.150	0.000	0.22843190
1.050	-1.150	0.000	0.22794242
1.150	-1.150	0.000	0.22739257
1.250	-1.150	0.000	0.22689094
1.350	-1.150	0.000	0.22657928
1.450	-1.150	0.000	0.22640784
1.550	-1.150	0.000	0.22621834
1.650	-1.150	0.000	0.22579812
1.750	-1.150	0.000	0.22512795
1.850	-1.150	0.000	0.22416149
1.950	-1.150	0.000	0.22302479
2.050	-1.150	0.000	0.22164623
2.150	-1.150	0.000	0.22041959
2.250	-1.150	0.000	0.21887855
2.350	-1.150	0.000	0.21800262
2.450	-1.150	0.000	0.21670218
-2.450	-1.050	0.000	0.18667747
-2.350	-1.050	0.000	0.19161715
-2.250	-1.050	0.000	0.19522402
-2.150	-1.050	0.000	0.19865651
-2.050	-1.050	0.000	0.20175256
-1.950	-1.050	0.000	0.20401657
-1.850	-1.050	0.000	0.20540208
-1.750	-1.050	0.000	0.20595105
-1.650	-1.050	0.000	0.20587839
-1.550	-1.050	0.000	0.20561449
-1.450	-1.050	0.000	0.20562916
-1.350	-1.050	0.000	0.20575528
-1.250	-1.050	0.000	0.20623444
-1.150	-1.050	0.000	0.20699328
-1.050	-1.050	0.000	0.20780163
-0.950	-1.050	0.000	0.20840538
-0.850	-1.050	0.000	0.20892954
-0.750	-1.050	0.000	0.20947604
-0.650	-1.050	0.000	0.21007037
-0.550	-1.050	0.000	0.21068284
-0.450	-1.050	0.000	0.21137285
-0.350	-1.050	0.000	0.21216422
-0.250	-1.050	0.000	0.21281275
-0.150	-1.050	0.000	0.21375737
-0.050	-1.050	0.000	0.21551517
0.050	-1.050	0.000	0.21748178
0.150	-1.050	0.000	0.21998979
0.250	-1.050	0.000	0.22271645
0.350	-1.050	0.000	0.22524700
0.450	-1.050	0.000	0.22723307
0.550	-1.050	0.000	0.22862637
0.650	-1.050	0.000	0.22910789
0.750	-1.050	0.000	0.22919376
0.850	-1.050	0.000	0.22899526
0.950	-1.050	0.000	0.22855628
1.050	-1.050	0.000	0.22794203
1.150	-1.050	0.000	0.22728872
1.250	-1.050	0.000	0.22670002
1.350	-1.050	0.000	0.22635315
1.450	-1.050	0.000	0.22620532
1.550	-1.050	0.000	0.22607507
1.650	-1.050	0.000	0.22579028
1.750	-1.050	0.000	0.22525561
1.850	-1.050	0.000	0.22445756
1.950	-1.050	0.000	0.22354802
2.050	-1.050	0.000	0.22235155
2.150	-1.050	0.000	0.22131203
2.250	-1.050	0.000	0.21991614
2.350	-1.050	0.000	0.21908875
2.450	-1.050	0.000	0.21780732
-2.450	-0.950	0.000	0.18489501
-2.350	-0.950	0.000	0.18981811
-2.250	-0.950	0.000	0.19334765
-2.150	-0.950	0.000	0.19671886
-2.050	-0.950	0.000	0.19976173
-1.950	-0.950	0.000	0.20192178
-1.850	-0.950	0.000	0.20319165
-1.750	-0.950	0.000	0.20356730
-1.650	-0.950	0.000	0.20339668
-1.550	-0.950	0.000	0.20309135
-1.450	-0.950	0.000	0.20294508
-1.350	-0.950	0.000	0.20308237
-1.250	-0.950	0.000	0.20370325
-1.150	-0.950	0.000	0.20455626
-1.050	-0.950	0.000	0.20533311
-0.950	-0.950	0.000	0.20581348
-0.850	-0.950	0.000	0.20608705
-0.750	-0.950	0.000	0.20639257
-0.650	-0.950	0.000	0.20668736
-0.550	-0.950	0.000	0.20702209
-0.450	-0.950	0.000	0.20774445
-0.350	-0.950	0.000	0.20866631
-0.250	-0.950	0.000	0.20968810
-0.150	-0.950	0.000	0.21115865
-0.050	-0.950	0.000	0.21383058
0.050	-0.950	0.000	0.21642390
0.150	-0.950	0.000	0.21933839
0.250	-0.950	0.000	0.22237913
0.350	-0.950	0.000	0.22510917
0.450	-0.950	0.000	0.22714318
0.550	-0.950	0.000	0.22851855
0.650	-0.950	0.000	0.22924656
0.750	-0.950	0.000	0.22943087
0.850	-0.950	0.000	0.22934720
0.950	-0.950	0.000	0.22906293
1.050	-0.950	0.000	0.22853230
1.150	-0.950	0.000	0.22785170
1.250	-0.950	0.000	0.22717845
1.350	-0.950	0.000	0.22664434
1.450	-0.950	0.000	0.22631909
1.550	-0.950	0.000	0.22612600
1.650	-0.950	0.000	0.22580209
1.750	-0.950	0.000	0.22529781
1.850	-0.950	0.000	0.22457555
1.950	-0.950	0.000	0.22380912
2.050	-0.950	0.000	0.22281744
2.150	-0.950	0.000	0.22197375
2.250	-0.950	0.000	0.22074242
2.350	-0.950	0.000	0.21998040
2.450	-0.950	0.000	0.21877216
-2.450	-0.850	0.000	0.18427426
-2.350	-0.850	0.000	0.18916048
-2.250	-0.850	0.000	0.19256954
-2.150	-0.850	0.000	0.19583224
-2.050	-0.850	0.000	0.19877025
-1.950	-0.850	0.000	0.20081243
-1.850	-0.850	0.000	0.20197152
-1.750	-0.850	0.000	0.20224299
-1.650	-0.850	0.000	0.20198709
-1.550	-0.850	0.000	0.20175168
-1.450	-0.850	0.000	0.20166735
-1.350	-0.850	0.000	0.20189227
-1.250	-0.850	0.000	0.20251867
-1.150	-0.850	0.000	0.20339900
-1.050	-0.850	0.000	0.20419423
-0.950	-0.850	0.000	0.20479718
-0.850	-0.850	0.000	0.20497973
-0.750	-0.850	0.000	0.20505534
-0.650	-0.850	0.000	0.20517796
-0.550	-0.850	0.000	0.20535088
-0.450	-0.850	0.000	0.20607872
-0.350	-0.850	0.000	0.20702900
-0.250	-0.850	0.000	0.20862438
-0.150	-0.850	0.000	0.21092114
-0.050	-0.850	0.000	0.21344854
0.050	-0.850	0.000	0.21587239
0.150	-0.850	0.000	0.21872139
0.250	-0.850	0.000	0.22168332
0.350	-0.850	0.000	0.22445147
0.450	-0.850	0.000	0.22659904
0.550	-0.850	0.000	0.22831509
0.650	-0.850	0.000	0.22931564
0.750	-0.850	0.000	0.22970791
0.850	-0.850	0.000	0.22980206
0.950	-0.850	0.000	0.22970860
1.050	-0.850	0.000	0.22937304
1.150	-0.850	0.000	0.22880626
1.250	-0.850	0.000	0.22812027
1.350	-0.850	0.000	0.22745872
1.450	-0.850	0.000	0.22690400
1.550	-0.850	0.000	0.22640245
1.650	-0.850	0.000	0.22588147
1.750	-0.850	0.000	0.22527848
1.850	-0.850	0.000	0.22454433
1.950	-0.850	0.000	0.22386047
2.050	-0.850	0.000	0.22302483
2.150	-0.850	0.000	0.22234415
2.250	-0.850	0.000	0.22129966
2.350	-0.850	0.000	0.22061971
2.450	-0.850	0.000	0.21950461
-2.450	-0.750	0.000	0.18408690
-2.350	-0.750	0.000	0.18889399
-2.250	-0.750	0.000	0.19211583
-2.150	-0.750	0.000	0.19528979
-2.050	-0.750	0.000	0.19818252
-1.950	-0.750	0.000	0.20018066
-1.850	-0.750	0.000	0.20128424
-1.750	-0.750	0.000	0.20153221
-1.650	-0.750	0.000	0.20126508
-1.550	-0.750	0.000	0.20107007
-1.450	-0.750	0.000	0.20097622
-1.350	-0.750	0.000	0.20121783
-1.250	-0.750	0.000	0.20191662
-1.150	-0.750	0.000	0.20287871
-1.050	-0.750	0.000	0.20378660
-0.950	-0.750	0.000	0.20454769
-0.850	-0.750	0.000	0.20484647
-0.750	-0.750	0.000	0.20483613
-0.650	-0.750	0.000	0.20481905
-0.550	-0.750	0.000	0.20487148
-0.450	-0.750	0.000	0.20549515
-0.350	-0.750	0.000	0.20657405
-0.250	-0.750	0.000	0.20833103
-0.150	-0.750	0.000	0.21065541
-0.050	-0.750	0.000	0.21321538
0.050	-0.750	0.000	0.21576494
0.150	-0.750	0.000	0.21859844
0.250	-0.750	0.000	0.22149646
0.350	-0.750	0.000	0.22418071
0.450	-0.750	0.000	0.22643833
0.550	-0.750	0.000	0.22817785
0.650	-0.750	0.000	0.22935677
0.750	-0.750	0.000	0.22992599
0.850	-0.750	0.000	0.23025292
0.950	-0.750	0.000	0.23041512
1.050	-0.750	0.000	0.23031923
1.150	-0.750	0.000	0.22995682
1.250	-0.750	0.000	0.22939272
1.350	-0.750	0.000	0.22867467
1.450	-0.750	0.000	0.22792801
1.550	-0.750	0.000	0.22718474
1.650	-0.750	0.000	0.22639394
1.750	-0.750	0.000	0.22556643
1.850	-0.750	0.000	0.22469117
1.950	-0.750	0.000	0.22394799
2.050	-0.750	0.000	0.22314765
2.150	-0.750	0.000	0.22253233
2.250	-0.750	0.000	0.22163071
2.350	-0.750	0.000	0.22102292
2.450	-0.750	0.000	0.22004507
-2.450	-0.650	0.000	0.18460366
-2.350	-0.650	0.000	0.18916990
-2.250	-0.650	0.000	0.19212620
-2.150	-0.650	0.000	0.19520992
-2.050	-0.650	0.000	0.19797045
-1.950	-0.650	0.000	0.19984333
-1.850	-0.650	0.000	0.20090340
-1.750	-0.650	0.000	0.20113780
-1.650	-0.650	0.000	0.20091109
-1.550	-0.650	0.000	0.20071962
-1.450	-0.650	0.000	0.20064013
-1.350	-0.650	0.000	0.20092639
-1.250	-0.650	0.000	0.20166206
-1.150	-0.650	0.000	0.20274225
-1.050	-0.650	0.000	0.20383155
-0.950	-0.650	0.000	0.20478791
-0.850	-0.650	0.000	0.20489620
-0.750	-0.650	0.000	0.20477685
-0.650	-0.650	0.000	0.20470259
-0.550	-0.650	0.000	0.20476174
-0.450	-0.650	0.000	0.20541421
-0.350	-0.650	0.000	0.20669076
-0.250	-0.650	0.000	0.20891097
-0.150	-0.650	0.000	0.21155190
-0.050	-0.650	0.000	0.21383750
0.050	-0.650	0.000	0.21618965
0.150	-0.650	0.000	0.21879518
0.250	-0.650	0.000	0.22151749
0.350	-0.650	0.000	0.22408885
0.450	-0.650	0.000	0.22629219
0.550	-0.650	0.000	0.22802483
0.650	-0.650	0.000	0.22932360
0.750	-0.650	0.000	0.23014121
0.850	-0.650	0.000	0.23062132
0.950	-0.650	0.000	0.23110567
1.050	-0.650	0.000	0.23119554
1.150	-0.650	0.000	0.23100169
1.250	-0.650	0.000	0.23054518
1.350	-0.650	0.000	0.22984299
1.450	-0.650	0.000	0.22902867
1.550	-0.650	0.000	0.22813888
1.650	-0.650	0.000	0.22716510
1.750	-0.650	0.000	0.22617988
1.850	-0.650	0.000	0.22519490
1.950	-0.650	0.000	0.22434548
2.050	-0.650	0.000	0.22346613
2.150	-0.650	0.000	0.22280510
2.250	-0.650	0.000	0.22195056
2.350	-0.650	0.000	0.22132824
2.450	-0.650	0.000	0.22047205
-2.450	-0.550	0.000	0.18690087
-2.350	-0.550	0.000	0.19131853
-2.250	-0.550	0.000	0.19409673
-2.150	-0.550	0.000	0.19701461
-2.050	-0.550	0.000	0.19968756
-1.950	-0.550	0.000	0.20154701
-1.850	-0.550	0.000	0.20266443
-1.750	-0.550	0.000	0.20291154
-1.650	-0.550	0.000	0.20268711
-1.550	-0.550	0.000	0.20247254
-1.450	-0.550	0.000	0.20239010
-1.350	-0.550	0.000	0.20269632
-1.250	-0.550	0.000	0.20351492
-1.150	-0.550	0.000	0.20462586
-1.050	-0.550	0.000	0.20554784
-0.950	-0.550	0.000	0.20631088
-0.850	-0.550	0.000	0.20648250
-0.750	-0.550	0.000	0.20633775
-0.650	-0.550	0.000	0.20608658
-0.550	-0.550	0.000	0.20611322
-0.450	-0.550	0.000	0.20680274
-0.350	-0.550	0.000	0.20826040
-0.250	-0.550	0.000	0.21041785
-0.150	-0.550	0.000	0.21291754
-0.050	-0.550	0.000	0.21510389
0.050	-0.550	0.000	0.21726055
0.150	-0.550	0.000	0.21956387
0.250	-0.550	0.000	0.22193633
0.350	-0.550	0.000	0.22426471
0.450	-0.550	0.000	0.22632521
0.550	-0.550	0.000	0.22799106
0.650	-0.550	0.000	0.22934183
0.750	-0.550	0.000	0.23030579
0.850	-0.550	0.000	0.23091188
0.950	-0.550	0.000	0.23153172
1.050	-0.550	0.000	0.23185135
1.150	-0.550	0.000	0.23174325
1.250	-0.550	0.000	0.23139589
1.350	-0.550	0.000	0.23075423
1.450	-0.550	0.000	0.22995207
1.550	-0.550	0.000	0.22905234
1.650	-0.550	0.000	0.22807851
1.750	-0.550	0.000	0.22710669
1.850	-0.550	0.000	0.22611332
1.950	-0.550	0.000	0.22518179
2.050	-0.550	0.000	0.22415450
2.150	-0.550	0.000	0.22333755
2.250	-0.550	0.000	0.22240813
2.350	-0.550	0.000	0.22168842
2.450	-0.550	0.000	0.22091794
-2.450	-0.450	0.000	0.18951254
-2.350	-0.450	0.000	0.19375023
-2.250	-0.450	0.000	0.19633964
-2.150	-0.450	0.000	0.19909245
-2.050	-0.450	0.000	0.20175371
-1.950	-0.450	0.000	0.20351374
-1.850	-0.450	0.000	0.20449728
-1.750	-0.450	0.000	0.20476012
-1.650	-0.450	0.000	0.20458701
-1.550	-0.450	0.000	0.20446949
-1.450	-0.450	0.000	0.20445384
-1.350	-0.450	0.000	0.20480147
-1.250	-0.450	0.000	0.20557612
-1.150	-0.450	0.000	0.20670080
-1.050	-0.450	0.000	0.20781183
-0.950	-0.450	0.000	0.20866477
-0.850	-0.450	0.000	0.20884725
-0.750	-0.450	0.000	0.20862405
-0.650	-0.450	0.000	0.20829393
-0.550	-0.450	0.000	0.20825239
-0.450	-0.450	0.000	0.20892282
-0.350	-0.450	0.000	0.21033652
-0.250	-0.450	0.000	0.21234450
-0.150	-0.450	0.000	0.21465591
-0.050	-0.450	0.000	0.21674034
0.050	-0.450	0.000	0.21868466
0.150	-0.450	0.000	0.22070888
0.250	-0.450	0.000	0.22280583
0.350	-0.450	0.000	0.22488581
0.450	-0.450	0.000	0.22674797
0.550	-0.450	0.000	0.22824596
0.650	-0.450	0.000	0.22948854
0.750	-0.450	0.000	0.23041777
0.850	-0.450	0.000	0.23102345
0.950	-0.450	0.000	0.23169157
1.050	-0.450	0.000	0.23216131
1.150	-0.450	0.000	0.23217568
1.250	-0.450	0.000	0.23196797
1.350	-0.450	0.000	0.23146160
1.450	-0.450	0.000	0.23074481
1.550	-0.450	0.000	0.22993006
1.650	-0.450	0.000	0.22908597
1.750	-0.450	0.000	0.22825138
1.850	-0.450	0.000	0.22733590
1.950	-0.450	0.000	0.22638419
2.050	-0.450	0.000	0.22522345
2.150	-0.450	0.000	0.22422701
2.250	-0.450	0.000	0.22314009
2.350	-0.450	0.000	0.22227973
2.450	-0.450	0.000	0.22154316
-2.450	-0.350	0.000	0.19217223
-2.350	-0.350	0.000	0.19630231
-2.250	-0.350	0.000	0.19877607
-2.150	-0.350	0.000	0.20128965
-2.050	-0.350	0.000	0.20383170
-1.950	-0.350	0.000	0.20553114
-1.850	-0.350	0.000	0.20656043
-1.750	-0.350	0.000	0.20694464
-1.650	-0.350	0.000	0.20682180
-1.550	-0.350	0.000	0.20669481
-1.450	-0.350	0.000	0.20666339
-1.350	-0.350	0.000	0.20706812
-1.250	-0.350	0.000	0.20799573
-1.150	-0.350	0.000	0.20932436
-1.050	-0.350	0.000	0.21049133
-0.950	-0.350	0.000	0.21142212
-0.850	-0.350	0.000	0.21168336
-0.750	-0.350	0.000	0.21142706
-0.650	-0.350	0.000	0.21107887
-0.550	-0.350	0.000	0.21078984
-0.450	-0.350	0.000	0.21132594
-0.350	-0.350	0.000	0.21259537
-0.250	-0.350	0.000	0.21441811
-0.150	-0.350	0.000	0.21645457
-0.050	-0.350	0.000	0.21838830
0.050	-0.350	0.000	0.22022150
0.150	-0.350	0.000	0.22207209
0.250	-0.350	0.000	0.22393091
0.350	-0.350	0.000	0.22578253
0.450	-0.350	0.000	0.22742440
0.550	-0.350	0.000	0.22872432
0.650	-0.350	0.000	0.22978850
0.750	-0.350	0.000	0.23060341
0.850	-0.350	0.000	0.23119141
0.950	-0.350	0.000	0.23182668
1.050	-0.350	0.000	0.23234649
1.150	-0.350	0.000	0.23245867
1.250	-0.350	0.000	0.23232764
1.350	-0.350	0.000	0.23193450
1.450	-0.350	0.000	0.23135284
1.550	-0.350	0.000	0.23068862
1.650	-0.350	0.000	0.23004372
1.750	-0.350	0.000	0.22942574
1.850	-0.350	0.000	0.22865285
1.950	-0.350	0.000	0.22773373
2.050	-0.350	0.000	0.22650054
2.150	-0.350	0.000	0.22538893
2.250	-0.350	0.000	0.22417587
2.350	-0.350	0.000	0.22323808
2.450	-0.350	0.000	0.22248265
-2.450	-0.250	0.000	0.19464318
-2.350	-0.250	0.000	0.19869366
-2.250	-0.250	0.000	0.20108734
-2.150	-0.250	0.000	0.20338359
-2.050	-0.250	0.000	0.20578977
-1.950	-0.250	0.000	0.20743789
-1.850	-0.250	0.000	0.20850343
-1.750	-0.250	0.000	0.20899172
-1.650	-0.250	0.000	0.20894393
-1.550	-0.250	0.000	0.20882678
-1.450	-0.250	0.000	0.20881687
-1.350	-0.250	0.000	0.20930065
-1.250	-0.250	0.000	0.21027848
-1.150	-0.250	0.000	0.21170658
-1.050	-0.250	0.000	0.21297713
-0.950	-0.250	0.000	0.21402623
-0.850	-0.250	0.000	0.21434513
-0.750	-0.250	0.000	0.21406326
-0.650	-0.250	0.000	0.21370251
-0.550	-0.250	0.000	0.21327594
-0.450	-0.250	0.000	0.21368100
-0.350	-0.250	0.000	0.21471025
-0.250	-0.250	0.000	0.21630971
-0.150	-0.250	0.000	0.21813558
-0.050	-0.250	0.000	0.21994053
0.050	-0.250	0.000	0.22164747
0.150	-0.250	0.000	0.22334489
0.250	-0.250	0.000	0.22507258
0.350	-0.250	0.000	0.22677124
0.450	-0.250	0.000	0.22824326
0.550	-0.250	0.000	0.22938135
0.650	-0.250	0.000	0.23027058
0.750	-0.250	0.000	0.23091224
0.850	-0.250	0.000	0.23138116
0.950	-0.250	0.000	0.23193318
1.050	-0.250	0.000	0.23244618
1.150	-0.250	0.000	0.23262177
1.250	-0.250	0.000	0.23255861
1.350	-0.250	0.000	0.23225352
1.450	-0.250	0.000	0.23178363
1.550	-0.250	0.000	0.23128642
1.650	-0.250	0.000	0.23084906
1.750	-0.250	0.000	0.23044677
1.850	-0.250	0.000	0.22984964
1.950	-0.250	0.000	0.22902472
2.050	-0.250	0.000	0.22782102
2.150	-0.250	0.000	0.22671470
2.250	-0.250	0.000	0.22547555
2.350	-0.250	0.000	0.22455743
2.450	-0.250	0.000	0.22374521
-2.450	-0.150	0.000	0.19684073
-2.350	-0.150	0.000	0.20083268
-2.250	-0.150	0.000	0.20315917
-2.150	-0.150	0.000	0.20527659
-2.050	-0.150	0.000	0.20757800
-1.950	-0.150	0.000	0.20918205
-1.850	-0.150	0.000	0.21028352
-1.750	-0.150	0.000	0.21085721
-1.650	-0.150	0.000	0.21086389
-1.550	-0.150	0.000	0.21079966
-1.450	-0.150	0.000	0.21082066
-1.350	-0.150	0.000	0.21131188
-1.250	-0.150	0.000	0.21229421
-1.150	-0.150	0.000	0.21379314
-1.050	-0.150	0.000	0.21512465
-0.950	-0.150	0.000	0.21625164
-0.850	-0.150	0.000	0.21669440
-0.750	-0.150	0.000	0.21652229
-0.650	-0.150	0.000	0.21614037
-0.550	-0.150	0.000	0.21574301
-0.450	-0.150	0.000	0.21584322
-0.350	-0.150	0.000	0.21665829
-0.250	-0.150	0.000	0.21800353
-0.150	-0.150	0.000	0.21958768
-0.050	-0.150	0.000	0.22120856
0.050	-0.150	0.000	0.22281969
0.150	-0.150	0.000	0.22448340
0.250	-0.150	0.000	0.22613136
0.350	-0.150	0.000	0.22771586
0.450	-0.150	0.000	0.22907808
0.550	-0.150	0.000	0.23009592
0.650	-0.150	0.000	0.23084389
0.750	-0.150	0.000	0.23133864
0.850	-0.150	0.000	0.23167984
0.950	-0.150	0.000	0.23210868
1.050	-0.150	0.000	0.23258723
1.150	-0.150	0.000	0.23279952
1.250	-0.150	0.000	0.23280609
1.350	-0.150	0.000	0.23256405
1.450	-0.150	0.000	0.23218736
1.550	-0.150	0.000	0.23181698
1.650	-0.150	0.000	0.23150486
1.750	-0.150	0.000	0.23121300
1.850	-0.150	0.000	0.23073067
1.950	-0.150	0.000	0.23000766
2.050	-0.150	0.000	0.22889139
2.150	-0.150	0.000	0.22789678
2.250	-0.150	0.000	0.22678044
2.350	-0.150	0.000	0.22602639
2.450	-0.150	0.000	0.22520061
-2.450	-0.050	0.000	0.19859721
-2.350	-0.050	0.000	0.20256081
-2.250	-0.050	0.000	0.20492345
-2.150	-0.050	0.000	0.20693581
-2.050	-0.050	0.000	0.20916848
-1.950	-0.050	0.000	0.21083362
-1.850	-0.050	0.000	0.21208712
-1.750	-0.050	0.000	0.21280962
-1.650	-0.050	0.000	0.21283661
-1.550	-0.050	0.000	0.21277322
-1.450	-0.050	0.000	0.21272917
-1.350	-0.050	0.000	0.21300578
-1.250	-0.050	0.000	0.21398561
-1.150	-0.050	0.000	0.21551494
-1.050	-0.050	0.000	0.21688175
-0.950	-0.050	0.000	0.21807657
-0.850	-0.050	0.000	0.21868400
-0.750	-0.050	0.000	0.21869932
-0.650	-0.050	0.000	0.21834068
-0.550	-0.050	0.000	0.21805260
-0.450	-0.050	0.000	0.21795565
-0.350	-0.050	0.000	0.21855962
-0.250	-0.050	0.000	0.21959260
-0.150	-0.050	0.000	0.22091176
-0.050	-0.050	0.000	0.22234288
0.050	-0.050	0.000	0.22383296
0.150	-0.050	0.000	0.22543178
0.250	-0.050	0.000	0.22705981
0.350	-0.050	0.000	0.22862324
0.450	-0.050	0.000	0.22991955
0.550	-0.050	0.000	0.23083681
0.650	-0.050	0.000	0.23146945
0.750	-0.050	0.000	0.23187412
0.850	-0.050	0.000	0.23213281
0.950	-0.050	0.000	0.23249869
1.050	-0.050	0.000	0.23295622
1.150	-0.050	0.000	0.23318371
1.250	-0.050	0.000	0.23324291
1.350	-0.050	0.000	0.23306097
1.450	-0.050	0.000	0.23272999
1.550	-0.050	0.000	0.23237617
1.650	-0.050	0.000	0.23206945
1.750	-0.050	0.000	0.23181601
1.850	-0.050	0.000	0.23141663
1.950	-0.050	0.000	0.23080525
2.050	-0.050	0.000	0.22977552
2.150	-0.050	0.000	0.22887854
2.250	-0.050	0.000	0.22792980
2.350	-0.050	0.000	0.22740050
2.450	-0.050	0.000	0.22666697
-2.450	0.050	0.000	0.20014192
-2.350	0.050	0.000	0.20409125
-2.250	0.050	0.000	0.20643438
-2.150	0.050	0.000	0.20830089
-2.050	0.050	0.000	0.21048212
-1.950	0.050	0.000	0.21219015
-1.850	0.050	0.000	0.21351345
-1.750	0.050	0.000	0.21431281
-1.650	0.050	0.000	0.21442367
-1.550	0.050	0.000	0.21434365
-1.450	0.050	0.000	0.21431372
-1.350	0.050	0.000	0.21469219
-1.250	0.050	0.000	0.21563232
-1.150	0.050	0.000	0.21696281
-1.050	0.050	0.000	0.21824312
-0.950	0.050	0.000	0.21942857
-0.850	0.050	0.000	0.22020257
-0.750	0.050	0.000	0.22041436
-0.650	0.050	0.000	0.22022307
-0.550	0.050	0.000	0.22003806
-0.450	0.050	0.000	0.21988085
-0.350	0.050	0.000	0.22033694
-0.250	0.050	0.000	0.22110550
-0.150	0.050	0.000	0.22216380
-0.050	0.050	0.000	0.22340336
0.050	0.050	0.000	0.22479270
0.150	0.050	0.000	0.22633800
0.250	0.050	0.000	0.22792424
0.350	0.050	0.000	0.22943243
0.450	0.050	0.000	0.23068221
0.550	0.050	0.000	0.23156370
0.650	0.050	0.000	0.23215602
0.750	0.050	0.000	0.23254289
0.850	0.050	0.000	0.23280534
0.950	0.050	0.000	0.23317599
1.050	0.050	0.000	0.23365423
1.150	0.050	0.000	0.23396917
1.250	0.050	0.000	0.23407859
1.350	0.050	0.000	0.23393424
1.450	0.050	0.000	0.23357446
1.550	0.050	0.000	0.23314400
1.650	0.050	0.000	0.23272102
1.750	0.050	0.000	0.23227216
1.850	0.050	0.000	0.23171625
1.950	0.050	0.000	0.23100427
2.050	0.050	0.000	0.23005947
2.150	0.050	0.000	0.22943535
2.250	0.050	0.000	0.22885911
2.350	0.050	0.000	0.22865972
2.450	0.050	0.000	0.22806901
-2.450	0.150	0.000	0.20122024
-2.350	0.150	0.000	0.20516773
-2.250	0.150	0.000	0.20756939
-2.150	0.150	0.000	0.20936026
-2.050	0.150	0.000	0.21150908
-1.950	0.150	0.000	0.21331930
-1.850	0.150	0.000	0.21479981
-1.750	0.150	0.000	0.21575624
-1.650	0.150	0.000	0.21601747
-1.550	0.150	0.000	0.21596178
-1.450	0.150	0.000	0.21589789
-1.350	0.150	0.000	0.21610962
-1.250	0.150	0.000	0.21682738
-1.150	0.150	0.000	0.21808468
-1.050	0.150	0.000	0.21939446
-0.950	0.150	0.000	0.22051503
-0.850	0.150	0.000	0.22134206
-0.750	0.150	0.000	0.22163773
-0.650	0.150	0.000	0.22162427
-0.550	0.150	0.000	0.22164607
-0.450	0.150	0.000	0.22160491
-0.350	0.150	0.000	0.22200438
-0.250	0.150	0.000	0.22264569
-0.150	0.150	0.000	0.22350687
-0.050	0.150	0.000	0.22455744
0.050	0.150	0.000	0.22580826
0.150	0.150	0.000	0.22727987
0.250	0.150	0.000	0.22882491
0.350	0.150	0.000	0.23028326
0.450	0.150	0.000	0.23149212
0.550	0.150	0.000	0.23234412
0.650	0.150	0.000	0.23292185
0.750	0.150	0.000	0.23331118
0.850	0.150	0.000	0.23360620
0.950	0.150	0.000	0.23399261
1.050	0.150	0.000	0.23447853
1.150	0.150	0.000	0.23480803
1.250	0.150	0.000	0.23489243
1.350	0.150	0.000	0.23467422
1.450	0.150	0.000	0.23427320
1.550	0.150	0.000	0.23381943
1.650	0.150	0.000	0.23333533
1.750	0.150	0.000	0.23277892
1.850	0.150	0.000	0.23212974
1.950	0.150	0.000	0.23140180
2.050	0.150	0.000	0.23049685
2.150	0.150	0.000	0.22994603
2.250	0.150	0.000	0.22953032
2.350	0.150	0.000	0.22957087
2.450	0.150	0.000	0.22923039
-2.450	0.250	0.000	0.20209780
-2.350	0.250	0.000	0.20602928
-2.250	0.250	0.000	0.20848198
-2.150	0.250	0.000	0.21015948
-2.050	0.250	0.000	0.21222594
-1.950	0.250	0.000	0.21410757
-1.850	0.250	0.000	0.21573846
-1.750	0.250	0.000	0.21686830
-1.650	0.250	0.000	0.21732602
-1.550	0.250	0.000	0.21732393
-1.450	0.250	0.000	0.21726818
-1.350	0.250	0.000	0.21747872
-1.250	0.250	0.000	0.21815932
-1.150	0.250	0.000	0.21920560
-1.050	0.250	0.000	0.22029240
-0.950	0.250	0.000	0.22121616
-0.850	0.250	0.000	0.22196533
-0.750	0.250	0.000	0.22235179
-0.650	0.250	0.000	0.22261381
-0.550	0.250	0.000	0.22278439
-0.450	0.250	0.000	0.22297369
-0.350	0.250	0.000	0.22347958
-0.250	0.250	0.000	0.22412965
-0.150	0.250	0.000	0.22492675
-0.050	0.250	0.000	0.22585449
0.050	0.250	0.000	0.22696409
0.150	0.250	0.000	0.22830796
0.250	0.250	0.000	0.22977178
0.350	0.250	0.000	0.23116408
0.450	0.250	0.000	0.23232333
0.550	0.250	0.000	0.23311959
0.650	0.250	0.000	0.23365323
0.750	0.250	0.000	0.23402798
0.850	0.250	0.000	0.23434889
0.950	0.250	0.000	0.23473832
1.050	0.250	0.000	0.23523405
1.150	0.250	0.000	0.23560144
1.250	0.250	0.000	0.23572953
1.350	0.250	0.000	0.23565330
1.450	0.250	0.000	0.23532997
1.550	0.250	0.000	0.23483522
1.650	0.250	0.000	0.23423381
1.750	0.250	0.000	0.23349012
1.850	0.250	0.000	0.23267466
1.950	0.250	0.000	0.23183243
2.050	0.250	0.000	0.23094535
2.150	0.250	0.000	0.23048338
2.250	0.250	0.000	0.23024110
2.350	0.250	0.000	0.23045397
2.450	0.250	0.000	0.23024577
-2.450	0.350	0.000	0.20279679
-2.350	0.350	0.000	0.20668973
-2.250	0.350	0.000	0.20923007
-2.150	0.350	0.000	0.21088865
-2.050	0.350	0.000	0.21292818
-1.950	0.350	0.000	0.21488287
-1.850	0.350	0.000	0.21664330
-1.750	0.350	0.000	0.21794070
-1.650	0.350	0.000	0.21863052
-1.550	0.350	0.000	0.21877673
-1.450	0.350	0.000	0.21880437
-1.350	0.350	0.000	0.21894512
-1.250	0.350	0.000	0.21945430
-1.150	0.350	0.000	0.22026534
-1.050	0.350	0.000	0.22116065
-0.950	0.350	0.000	0.22187346
-0.850	0.350	0.000	0.22246289
-0.750	0.350	0.000	0.22277696
-0.650	0.350	0.000	0.22313176
-0.550	0.350	0.000	0.22347839
-0.450	0.350	0.000	0.22397558
-0.350	0.350	0.000	0.22466625
-0.250	0.350	0.000	0.22550675
-0.150	0.350	0.000	0.22639477
-0.050	0.350	0.000	0.22731625
0.050	0.350	0.000	0.22833569
0.150	0.350	0.000	0.22953713
0.250	0.350	0.000	0.23084657
0.350	0.350	0.000	0.23208985
0.450	0.350	0.000	0.23314336
0.550	0.350	0.000	0.23387311
0.650	0.350	0.000	0.23437060
0.750	0.350	0.000	0.23472804
0.850	0.350	0.000	0.23503922
0.950	0.350	0.000	0.23540039
1.050	0.350	0.000	0.23589976
1.150	0.350	0.000	0.23630491
1.250	0.350	0.000	0.23645668
1.350	0.350	0.000	0.23638485
1.450	0.350	0.000	0.23610158
1.550	0.350	0.000	0.23566237
1.650	0.350	0.000	0.23510449
1.750	0.350	0.000	0.23438397
1.850	0.350	0.000	0.23357858
1.950	0.350	0.000	0.23270954
2.050	0.350	0.000	0.23183770
2.150	0.350	0.000	0.23136747
2.250	0.350	0.000	0.23111209
2.350	0.350	0.000	0.23135668
2.450	0.350	0.000	0.23115040
-2.450	0.450	0.000	0.20362365
-2.350	0.450	0.000	0.20740263
-2.250	0.450	0.000	0.21008129
-2.150	0.450	0.000	0.21175082
-2.050	0.450	0.000	0.21375155
-1.950	0.450	0.000	0.21577373
-1.850	0.450	0.000	0.21763761
-1.750	0.450	0.000	0.21912466
-1.650	0.450	0.000	0.22002524
-1.550	0.450	0.000	0.22035737
-1.450	0.450	0.000	0.22043532
-1.350	0.450	0.000	0.22060227
-1.250	0.450	0.000	0.22104371
-1.150	0.450	0.000	0.22165176
-1.050	0.450	0.000	0.22224469
-0.950	0.450	0.000	0.22278993
-0.850	0.450	0.000	0.22311540
-0.750	0.450	0.000	0.22331969
-0.650	0.450	0.000	0.22361550
-0.550	0.450	0.000	0.22402684
-0.450	0.450	0.000	0.22469030
-0.350	0.450	0.000	0.22558244
-0.250	0.450	0.000	0.22664899
-0.150	0.450	0.000	0.22770973
-0.050	0.450	0.000	0.22870152
0.050	0.450	0.000	0.22967385
0.150	0.450	0.000	0.23073441
0.250	0.450	0.000	0.23185240
0.350	0.450	0.000	0.23291369
0.450	0.450	0.000	0.23381995
0.550	0.450	0.000	0.23444885
0.650	0.450	0.000	0.23486891
0.750	0.450	0.000	0.23516169
0.850	0.450	0.000	0.23542619
0.950	0.450	0.000	0.23575184
1.050	0.450	0.000	0.23625931
1.150	0.450	0.000	0.23678152
1.250	0.450	0.000	0.23702636
1.350	0.450	0.000	0.23707204
1.450	0.450	0.000	0.23689030
1.550	0.450	0.000	0.23652458
1.650	0.450	0.000	0.23603274
1.750	0.450	0.000	0.23539597
1.850	0.450	0.000	0.23467773
1.950	0.450	0.000	0.23386976
2.050	0.450	0.000	0.23303494
2.150	0.450	0.000	0.23255491
2.250	0.450	0.000	0.23220149
2.350	0.450	0.000	0.23240402
2.450	0.450	0.000	0.23208244
-2.450	0.550	0.000	0.20477715
-2.350	0.550	0.000	0.20838922
-2.250	0.550	0.000	0.21118872
-2.150	0.550	0.000	0.21295695
-2.050	0.550	0.000	0.21500683
-1.950	0.550	0.000	0.21712711
-1.850	0.550	0.000	0.21907860
-1.750	0.550	0.000	0.22068806
-1.650	0.550	0.000	0.22180206
-1.550	0.550	0.000	0.22237456
-1.450	0.550	0.000	0.22259384
-1.350	0.550	0.000	0.22281036
-1.250	0.550	0.000	0.22316390
-1.150	0.550	0.000	0.22358099
-1.050	0.550	0.000	0.22399826
-0.950	0.550	0.000	0.22435382
-0.850	0.550	0.000	0.22443233
-0.750	0.550	0.000	0.22443560
-0.650	0.550	0.000	0.22455433
-0.550	0.550	0.000	0.22483309
-0.450	0.550	0.000	0.22548886
-0.350	0.550	0.000	0.22644925
-0.250	0.550	0.000	0.22761446
-0.150	0.550	0.000	0.22877990
-0.050	0.550	0.000	0.22983237
0.050	0.550	0.000	0.23076972
0.150	0.550	0.000	0.23169577
0.250	0.550	0.000	0.23264024
0.350	0.550	0.000	0.23354450
0.450	0.550	0.000	0.23431107
0.550	0.550	0.000	0.23483460
0.650	0.550	0.000	0.23515470
0.750	0.550	0.000	0.23538485
0.850	0.550	0.000	0.23561837
0.950	0.550	0.000	0.23593122
1.050	0.550	0.000	0.23645453
1.150	0.550	0.000	0.23711060
1.250	0.550	0.000	0.23746155
1.350	0.550	0.000	0.23761418
1.450	0.550	0.000	0.23753747
1.550	0.550	0.000	0.23728597
1.650	0.550	0.000	0.23692240
1.750	0.550	0.000	0.23642278
1.850	0.550	0.000	0.23583692
1.950	0.550	0.000	0.23515509
2.050	0.550	0.000	0.23441996
2.150	0.550	0.000	0.23394156
2.250	0.550	0.000	0.23345487
2.350	0.550	0.000	0.23355509
2.450	0.550	0.000	0.23305944
-2.450	0.650	0.000	0.20673087
-2.350	0.650	0.000	0.21010907
-2.250	0.650	0.000	0.21298152
-2.150	0.650	0.000	0.21489088
-2.050	0.650	0.000	0.21702208
-1.950	0.650	0.000	0.21920860
-1.850	0.650	0.000	0.22122097
-1.750	0.650	0.000	0.22293478
-1.650	0.650	0.000	0.22424299
-1.550	0.650	0.000	0.22502382
-1.450	0.650	0.000	0.22538410
-1.350	0.650	0.000	0.22567296
-1.250	0.650	0.000	0.22597823
-1.150	0.650	0.000	0.22629187
-1.050	0.650	0.000	0.22659427
-0.950	0.650	0.000	0.22678468
-0.850	0.650	0.000	0.22671302
-0.750	0.650	0.000	0.22649272
-0.650	0.650	0.000	0.22635910
-0.550	0.650	0.000	0.22635531
-0.450	0.650	0.000	0.22682796
-0.350	0.650	0.000	0.22763003
-0.250	0.650	0.000	0.22865529
-0.150	0.650	0.000	0.22972991
-0.050	0.650	0.000	0.23071103
0.050	0.650	0.000	0.23154913
0.150	0.650	0.000	0.23235640
0.250	0.650	0.000	0.23317191
0.350	0.650	0.000	0.23395789
0.450	0.650	0.000	0.23456939
0.550	0.650	0.000	0.23498809
0.650	0.650	0.000	0.23525484
0.750	0.650	0.000	0.23544869
0.850	0.650	0.000	0.23567371
0.950	0.650	0.000	0.23599251
1.050	0.650	0.000	0.23656443
1.150	0.650	0.000	0.23737386
1.250	0.650	0.000	0.23788908
1.350	0.650	0.000	0.23817915
1.450	0.650	0.000	0.23825869
1.550	0.650	0.000	0.23812546
1.650	0.650	0.000	0.23786262
1.750	0.650	0.000	0.23746201
1.850	0.650	0.000	0.23699245
1.950	0.650	0.000	0.23643462
2.050	0.650	0.000	0.23581776
2.150	0.650	0.000	0.23536973
2.250	0.650	0.000	0.23482274
2.350	0.650	0.000	0.23484144
2.450	0.650	0.000	0.23416917
-2.450	0.750	0.000	0.20965640
-2.350	0.750	0.000	0.21275423
-2.250	0.750	0.000	0.21566047
-2.150	0.750	0.000	0.21767780
-2.050	0.750	0.000	0.21985646
-1.950	0.750	0.000	0.22208774
-1.850	0.750	0.000	0.22415166
-1.750	0.750	0.000	0.22596659
-1.650	0.750	0.000	0.22745848
-1.550	0.750	0.000	0.22844671
-1.450	0.750	0.000	0.22895065
-1.350	0.750	0.000	0.22931451
-1.250	0.750	0.000	0.22959530
-1.150	0.750	0.000	0.22983108
-1.050	0.750	0.000	0.23005252
-0.950	0.750	0.000	0.23013704
-0.850	0.750	0.000	0.22996360
-0.750	0.750	0.000	0.22960451
-0.650	0.750	0.000	0.22918603
-0.550	0.750	0.000	0.22898462
-0.450	0.750	0.000	0.22904927
-0.350	0.750	0.000	0.22956845
-0.250	0.750	0.000	0.23025608
-0.150	0.750	0.000	0.23103896
-0.050	0.750	0.000	0.23177236
0.050	0.750	0.000	0.23240755
0.150	0.750	0.000	0.23305070
0.250	0.750	0.000	0.23371053
0.350	0.750	0.000	0.23431073
0.450	0.750	0.000	0.23477629
0.550	0.750	0.000	0.23508318
0.650	0.750	0.000	0.23527457
0.750	0.750	0.000	0.23550090
0.850	0.750	0.000	0.23579729
0.950	0.750	0.000	0.23626953
1.050	0.750	0.000	0.23699093
1.150	0.750	0.000	0.23790129
1.250	0.750	0.000	0.23860198
1.350	0.750	0.000	0.23898633
1.450	0.750	0.000	0.23919059
1.550	0.750	0.000	0.23914051
1.650	0.750	0.000	0.23893085
1.750	0.750	0.000	0.23858790
1.850	0.750	0.000	0.23820101
1.950	0.750	0.000	0.23772217
2.050	0.750	0.000	0.23717690
2.150	0.750	0.000	0.23675755
2.250	0.750	0.000	0.23619872
2.350	0.750	0.000	0.23619550
2.450	0.750	0.000	0.23543006
-2.450	0.850	0.000	0.21338768
-2.350	0.850	0.000	0.21621703
-2.250	0.850	0.000	0.21911332
-2.150	0.850	0.000	0.22116484
-2.050	0.850	0.000	0.22330967
-1.950	0.850	0.000	0.22552039
-1.850	0.850	0.000	0.22761163
-1.750	0.850	0.000	0.22951892
-1.650	0.850	0.000	0.23118241
-1.550	0.850	0.000	0.23235798
-1.450	0.850	0.000	0.23303168
-1.350	0.850	0.000	0.23345418
-1.250	0.850	0.000	0.23377129
-1.150	0.850	0.000	0.23396432
-1.050	0.850	0.000	0.23413542
-0.950	0.850	0.000	0.23415756
-0.850	0.850	0.000	0.23393166
-0.750	0.850	0.000	0.23349738
-0.650	0.850	0.000	0.23296379
-0.550	0.850	0.000	0.23254266
-0.450	0.850	0.000	0.23238149
-0.350	0.850	0.000	0.23248966
-0.250	0.850	0.000	0.23281668
-0.150	0.850	0.000	0.23325944
-0.050	0.850	0.000	0.23368618
0.050	0.850	0.000	0.23407665
0.150	0.850	0.000	0.23448634
0.250	0.850	0.000	0.23489001
0.350	0.850	0.000	0.23528215
0.450	0.850	0.000	0.23560427
0.550	0.850	0.000	0.23578547
0.650	0.850	0.000	0.23602891
0.750	0.850	0.000	0.23638877
0.850	0.850	0.000	0.23680599
0.950	0.850	0.000	0.23742099
1.050	0.850	0.000	0.23822437
1.150	0.850	0.000	0.23915552
1.250	0.850	0.000	0.23994918
1.350	0.850	0.000	0.24033523
1.450	0.850	0.000	0.24054557
1.550	0.850	0.000	0.24048372
1.650	0.850	0.000	0.24025743
1.750	0.850	0.000	0.23992340
1.850	0.850	0.000	0.23957488
1.950	0.850	0.000	0.23913276
2.050	0.850	0.000	0.23861645
2.150	0.850	0.000	0.23820141
2.250	0.850	0.000	0.23765692
2.350	0.850	0.000	0.23765008
2.450	0.850	0.000	0.23683487
-2.450	0.950	0.000	0.21745795
-2.350	0.950	0.000	0.22008835
-2.250	0.950	0.000	0.22298011
-2.150	0.950	0.000	0.22502156
-2.050	0.950	0.000	0.22706605
-1.950	0.950	0.000	0.22917388
-1.850	0.950	0.000	0.23120742
-1.750	0.950	0.000	0.23315206
-1.650	0.950	0.000	0.23492877
-1.550	0.950	0.000	0.23626111
-1.450	0.950	0.000	0.23711108
-1.350	0.950	0.000	0.23764683
-1.250	0.950	0.000	0.23805664
-1.150	0.950	0.000	0.23829056
-1.050	0.950	0.000	0.23850469
-0.950	0.950	0.000	0.23848990
-0.850	0.950	0.000	0.23823255
-0.750	0.950	0.000	0.23776983
-0.650	0.950	0.000	0.23718478
-0.550	0.950	0.000	0.23668644
-0.450	0.950	0.000	0.23635140
-0.350	0.950	0.000	0.23625936
-0.250	0.950	0.000	0.23637450
-0.150	0.950	0.000	0.23660785
-0.050	0.950	0.000	0.23687120
0.050	0.950	0.000	0.23713045
0.150	0.950	0.000	0.23737819
0.250	0.950	0.000	0.23761164
0.350	0.950	0.000	0.23785265
0.450	0.950	0.000	0.23805568
0.550	0.950	0.000	0.23821656
0.650	0.950	0.000	0.23844273
0.750	0.950	0.000	0.23880546
0.850	0.950	0.000	0.23924027
0.950	0.950	0.000	0.23986398
1.050	0.950	0.000	0.24062645
1.150	0.950	0.000	0.24145061
1.250	0.950	0.000	0.24211144
1.350	0.950	0.000	0.24237788
1.450	0.950	0.000	0.24246691
1.550	0.950	0.000	0.24228594
1.650	0.950	0.000	0.24198617
1.750	0.950	0.000	0.24161409
1.850	0.950	0.000	0.24126343
1.950	0.950	0.000	0.24081926
2.050	0.950	0.000	0.24030817
2.150	0.950	0.000	0.23986582
2.250	0.950	0.000	0.23932147
2.350	0.950	0.000	0.23929262
2.450	0.950	0.000	0.23841330
-2.450	1.050	0.000	0.22137767
-2.350	1.050	0.000	0.22391075
-2.250	1.050	0.000	0.22687955
-2.150	1.050	0.000	0.22896956
-2.050	1.050	0.000	0.23084976
-1.950	1.050	0.000	0.23269875
-1.850	1.050	0.000	0.23454954
-1.750	1.050	0.000	0.23643988
-1.650	1.050	0.000	0.23822661
-1.550	1.050	0.000	0.23967104
-1.450	1.050	0.000	0.24069850
-1.350	1.050	0.000	0.24143277
-1.250	1.050	0.000	0.24196355
-1.150	1.050	0.000	0.24235037
-1.050	1.050	0.000	0.24262162
-0.950	1.050	0.000	0.24261701
-0.850	1.050	0.000	0.24231632
-0.750	1.050	0.000	0.24178572
-0.650	1.050	0.000	0.24117365
-0.550	1.050	0.000	0.24062063
-0.450	1.050	0.000	0.24023736
-0.350	1.050	0.000	0.24010867
-0.250	1.050	0.000	0.24023904
-0.150	1.050	0.000	0.24055041
-0.050	1.050	0.000	0.24094428
0.050	1.050	0.000	0.24131104
0.150	1.050	0.000	0.24158892
0.250	1.050	0.000	0.24180727
0.350	1.050	0.000	0.24195375
0.450	1.050	0.000	0.24203226
0.550	1.050	0.000	0.24214531
0.650	1.050	0.000	0.24234451
0.750	1.050	0.000	0.24267769
0.850	1.050	0.000	0.24307123
0.950	1.050	0.000	0.24351422
1.050	1.050	0.000	0.24403700
1.150	1.050	0.000	0.24461600
1.250	1.050	0.000	0.24494120
1.350	1.050	0.000	0.24503337
1.450	1.050	0.000	0.24488714
1.550	1.050	0.000	0.24451478
1.650	1.050	0.000	0.24409497
1.750	1.050	0.000	0.24364394
1.850	1.050	0.000	0.24326237
1.950	1.050	0.000	0.24279617
2.050	1.050	0.000	0.24227741
2.150	1.050	0.000	0.24178495
2.250	1.050	0.000	0.24121369
2.350	1.050	0.000	0.24112184
2.450	1.050	0.000	0.24015404
-2.450	1.150	0.000	0.22449845
-2.350	1.150	0.000	0.22698952
-2.250	1.150	0.000	0.23010710
-2.150	1.150	0.000	0.23232903
-2.050	1.150	0.000	0.23415382
-1.950	1.150	0.000	0.23582585
-1.850	1.150	0.000	0.23740645
-1.750	1.150	0.000	0.23900798
-1.650	1.150	0.000	0.24068950
-1.550	1.150	0.000	0.24219708
-1.450	1.150	0.000	0.24339533
-1.350	1.150	0.000	0.24430461
-1.250	1.150	0.000	0.24497402
-1.150	1.150	0.000	0.24552363
-1.050	1.150	0.000	0.24582416
-0.950	1.150	0.000	0.24584207
-0.850	1.150	0.000	0.24552479
-0.750	1.150	0.000	0.24486652
-0.650	1.150	0.000	0.24407697
-0.550	1.150	0.000	0.24339293
-0.450	1.150	0.000	0.24293250
-0.350	1.150	0.000	0.24284327
-0.250	1.150	0.000	0.24315102
-0.150	1.150	0.000	0.24380587
-0.050	1.150	0.000	0.24458885
0.050	1.150	0.000	0.24529834
0.150	1.150	0.000	0.24584672
0.250	1.150	0.000	0.24624638
0.350	1.150	0.000	0.24643806
0.450	1.150	0.000	0.24649315
0.550	1.150	0.000	0.24658300
0.650	1.150	0.000	0.24671699
0.750	1.150	0.000	0.24689892
0.850	1.150	0.000	0.24714343
0.950	1.150	0.000	0.24741921
1.050	1.150	0.000	0.24768142
1.150	1.150	0.000	0.24788859
1.250	1.150	0.000	0.24796733
1.350	1.150	0.000	0.24776891
1.450	1.150	0.000	0.24737139
1.550	1.150	0.000	0.24683040
1.650	1.150	0.000	0.24628825
1.750	1.150	0.000	0.24574815
1.850	1.150	0.000	0.24531092
1.950	1.150	0.000	0.24479306
2.050	1.150	0.000	0.24424864
2.150	1.150	0.000	0.24369258
2.250	1.150	0.000	0.24309859
2.350	1.150	0.000	0.24293321
2.450	1.150	0.000	0.24186467
-2.450	1.250	0.000	0.22612776
-2.350	1.250	0.000	0.22859848
-2.250	1.250	0.000	0.23190604
-2.150	1.250	0.000	0.23438434
-2.050	1.250	0.000	0.23629618
-1.950	1.250	0.000	0.23785865
-1.850	1.250	0.000	0.23915924
-1.750	1.250	0.000	0.24053845
-1.650	1.250	0.000	0.24191426
-1.550	1.250	0.000	0.24322484
-1.450	1.250	0.000	0.24448740
-1.350	1.250	0.000	0.24554078
-1.250	1.250	0.000	0.24639416
-1.150	1.250	0.000	0.24700479
-1.050	1.250	0.000	0.24738309
-0.950	1.250	0.000	0.24735102
-0.850	1.250	0.000	0.24700449
-0.750	1.250	0.000	0.24622302
-0.650	1.250	0.000	0.24528708
-0.550	1.250	0.000	0.24445495
-0.450	1.250	0.000	0.24383579
-0.350	1.250	0.000	0.24364513
-0.250	1.250	0.000	0.24395601
-0.150	1.250	0.000	0.24486203
-0.050	1.250	0.000	0.24605374
0.050	1.250	0.000	0.24728188
0.150	1.250	0.000	0.24834885
0.250	1.250	0.000	0.24917822
0.350	1.250	0.000	0.24966522
0.450	1.250	0.000	0.24987802
0.550	1.250	0.000	0.25002953
0.650	1.250	0.000	0.25012729
0.750	1.250	0.000	0.25019693
0.850	1.250	0.000	0.25024891
0.950	1.250	0.000	0.25026008
1.050	1.250	0.000	0.25026581
1.150	1.250	0.000	0.25024340
1.250	1.250	0.000	0.25005862
1.350	1.250	0.000	0.24964511
1.450	1.250	0.000	0.24903727
1.550	1.250	0.000	0.24834223
1.650	1.250	0.000	0.24775071
1.750	1.250	0.000	0.24722576
1.850	1.250	0.000	0.24681726
1.950	1.250	0.000	0.24626170
2.050	1.250	0.000	0.24567947
2.150	1.250	0.000	0.24503526
2.250	1.250	0.000	0.24446215
2.350	1.250	0.000	0.24418743
2.450	1.250	0.000	0.24318761
-2.450	1.350	0.000	0.22664401
-2.350	1.350	0.000	0.22907494
-2.250	1.350	0.000	0.23251301
-2.150	1.350	0.000	0.23523571
-2.050	1.350	0.000	0.23732442
-1.950	1.350	0.000	0.23889044
-1.850	1.350	0.000	0.23996876
-1.750	1.350	0.000	0.24103492
-1.650	1.350	0.000	0.24207935
-1.550	1.350	0.000	0.24325152
-1.450	1.350	0.000	0.24444824
-1.350	1.350	0.000	0.24547325
-1.250	1.350	0.000	0.24640061
-1.150	1.350	0.000	0.24716361
-1.050	1.350	0.000	0.24768122
-0.950	1.350	0.000	0.24774162
-0.850	1.350	0.000	0.24746476
-0.750	1.350	0.000	0.24674313
-0.650	1.350	0.000	0.24573191
-0.550	1.350	0.000	0.24472672
-0.450	1.350	0.000	0.24396169
-0.350	1.350	0.000	0.24366075
-0.250	1.350	0.000	0.24391396
-0.150	1.350	0.000	0.24476385
-0.050	1.350	0.000	0.24603468
0.050	1.350	0.000	0.24745172
0.150	1.350	0.000	0.24881026
0.250	1.350	0.000	0.24991365
0.350	1.350	0.000	0.25073540
0.450	1.350	0.000	0.25124350
0.550	1.350	0.000	0.25160971
0.650	1.350	0.000	0.25182277
0.750	1.350	0.000	0.25178933
0.850	1.350	0.000	0.25162128
0.950	1.350	0.000	0.25142178
1.050	1.350	0.000	0.25125784
1.150	1.350	0.000	0.25104383
1.250	1.350	0.000	0.25072950
1.350	1.350	0.000	0.25025153
1.450	1.350	0.000	0.24962378
1.550	1.350	0.000	0.24891527
1.650	1.350	0.000	0.24832267
1.750	1.350	0.000	0.24781688
1.850	1.350	0.000	0.24744047
1.950	1.350	0.000	0.24687932
2.050	1.350	0.000	0.24626674
2.150	1.350	0.000	0.24555665
2.250	1.350	0.000	0.24501720
2.350	1.350	0.000	0.24471506
2.450	1.350	0.000	0.24378094
-2.450	1.450	0.000	0.22609890
-2.350	1.450	0.000	0.22843575
-2.250	1.450	0.000	0.23199773
-2.150	1.450	0.000	0.23511852
-2.050	1.450	0.000	0.23761304
-1.950	1.450	0.000	0.23940521
-1.850	1.450	0.000	0.24040826
-1.750	1.450	0.000	0.24121477
-1.650	1.450	0.000	0.24194913
-1.550	1.450	0.000	0.24275620
-1.450	1.450	0.000	0.24366146
-1.350	1.450	0.000	0.24453723
-1.250	1.450	0.000	0.24524797
-1.150	1.450	0.000	0.24585856
-1.050	1.450	0.000	0.24633257
-0.950	1.450	0.000	0.24662538
-0.850	1.450	0.000	0.24664520
-0.750	1.450	0.000	0.24634658
-0.650	1.450	0.000	0.24564965
-0.550	1.450	0.000	0.24477346
-0.450	1.450	0.000	0.24395090
-0.350	1.450	0.000	0.24345940
-0.250	1.450	0.000	0.24342543
-0.150	1.450	0.000	0.24412058
-0.050	1.450	0.000	0.24523182
0.050	1.450	0.000	0.24661133
0.150	1.450	0.000	0.24807593
0.250	1.450	0.000	0.24946977
0.350	1.450	0.000	0.25060630
0.450	1.450	0.000	0.25135034
0.550	1.450	0.000	0.25195202
0.650	1.450	0.000	0.25231788
0.750	1.450	0.000	0.25229493
0.850	1.450	0.000	0.25212008
0.950	1.450	0.000	0.25182092
1.050	1.450	0.000	0.25151032
1.150	1.450	0.000	0.25115445
1.250	1.450	0.000	0.25069693
1.350	1.450	0.000	0.25005361
1.450	1.450	0.000	0.24934354
1.550	1.450	0.000	0.24866377
1.650	1.450	0.000	0.24819094
1.750	1.450	0.000	0.24786584
1.850	1.450	0.000	0.24762668
1.950	1.450	0.000	0.24713513
2.050	1.450	0.000	0.24656215
2.150	1.450	0.000	0.24575838
2.250	1.450	0.000	0.24516688
2.350	1.450	0.000	0.24454574
2.450	1.450	0.000	0.24375480
-2.450	1.550	0.000	0.22429237
-2.350	1.550	0.000	0.22649887
-2.250	1.550	0.000	0.23009139
-2.150	1.550	0.000	0.23339190
-2.050	1.550	0.000	0.23619922
-1.950	1.550	0.000	0.23837008
-1.850	1.550	0.000	0.23961219
-1.750	1.550	0.000	0.24032705
-1.650	1.550	0.000	0.24080028
-1.550	1.550	0.000	0.24125132
-1.450	1.550	0.000	0.24181883
-1.350	1.550	0.000	0.24246469
-1.250	1.550	0.000	0.24304390
-1.150	1.550	0.000	0.24354063
-1.050	1.550	0.000	0.24419276
-0.950	1.550	0.000	0.24468158
-0.850	1.550	0.000	0.24497221
-0.750	1.550	0.000	0.24509977
-0.650	1.550	0.000	0.24481563
-0.550	1.550	0.000	0.24413286
-0.450	1.550	0.000	0.24336739
-0.350	1.550	0.000	0.24281098
-0.250	1.550	0.000	0.24264498
-0.150	1.550	0.000	0.24306428
-0.050	1.550	0.000	0.24398962
0.050	1.550	0.000	0.24519064
0.150	1.550	0.000	0.24654147
0.250	1.550	0.000	0.24801438
0.350	1.550	0.000	0.24947013
0.450	1.550	0.000	0.25062922
0.550	1.550	0.000	0.25166252
0.650	1.550	0.000	0.25234729
0.750	1.550	0.000	0.25246727
0.850	1.550	0.000	0.25228336
0.950	1.550	0.000	0.25190327
1.050	1.550	0.000	0.25136247
1.150	1.550	0.000	0.25074682
1.250	1.550	0.000	0.25006720
1.350	1.550	0.000	0.24934116
1.450	1.550	0.000	0.24863300
1.550	1.550	0.000	0.24798845
1.650	1.550	0.000	0.24755961
1.750	1.550	0.000	0.24729086
1.850	1.550	0.000	0.24713273
1.950	1.550	0.000	0.24669836
2.050	1.550	0.000	0.24611875
2.150	1.550	0.000	0.24517268
2.250	1.550	0.000	0.24456404
2.350	1.550	0.000	0.24380894
2.450	1.550	0.000	0.24321851
-2.450	1.650	0.000	0.22259915
-2.350	1.650	0.000	0.22466439
-2.250	1.650	0.000	0.22815774
-2.150	1.650	0.000	0.23162062
-2.050	1.650	0.000	0.23471567
-1.950	1.650	0.000	0.23715997
-1.850	1.650	0.000	0.23868833
-1.750	1.650	0.000	0.23938775
-1.650	1.650	0.000	0.23971425
-1.550	1.650	0.000	0.23992588
-1.450	1.650	0.000	0.24029557
-1.350	1.650	0.000	0.24084865
-1.250	1.650	0.000	0.24130526
-1.150	1.650	0.000	0.24174063
-1.050	1.650	0.000	0.24233252
-0.950	1.650	0.000	0.24289943
-0.850	1.650	0.000	0.24339858
-0.750	1.650	0.000	0.24382277
-0.650	1.650	0.000	0.24397865
-0.550	1.650	0.000	0.24371111
-0.450	1.650	0.000	0.24319972
-0.350	1.650	0.000	0.24270584
-0.250	1.650	0.000	0.24243070
-0.150	1.650	0.000	0.24259730
-0.050	1.650	0.000	0.24311242
0.050	1.650	0.000	0.24395025
0.150	1.650	0.000	0.24509019
0.250	1.650	0.000	0.24640431
0.350	1.650	0.000	0.24787953
0.450	1.650	0.000	0.24924272
0.550	1.650	0.000	0.25048912
0.650	1.650	0.000	0.25135022
0.750	1.650	0.000	0.25164747
0.850	1.650	0.000	0.25169256
0.950	1.650	0.000	0.25142625
1.050	1.650	0.000	0.25087059
1.150	1.650	0.000	0.25010699
1.250	1.650	0.000	0.24920413
1.350	1.650	0.000	0.24820124
1.450	1.650	0.000	0.24729683
1.550	1.650	0.000	0.24664079
1.650	1.650	0.000	0.24636084
1.750	1.650	0.000	0.24629001
1.850	1.650	0.000	0.24627353
1.950	1.650	0.000	0.24594365
2.050	1.650	0.000	0.24543393
2.150	1.650	0.000	0.24453312
2.250	1.650	0.000	0.24381921
2.350	1.650	0.000	0.24282885
2.450	1.650	0.000	0.24236362
-2.450	1.750	0.000	0.22197884
-2.350	1.750	0.000	0.22389297
-2.250	1.750	0.000	0.22728129
-2.150	1.750	0.000	0.23083004
-2.050	1.750	0.000	0.23413056
-1.950	1.750	0.000	0.23685272
-1.850	1.750	0.000	0.23866090
-1.750	1.750	0.000	0.23952006
-1.650	1.750	0.000	0.23984016
-1.550	1.750	0.000	0.23989874
-1.450	1.750	0.000	0.24001360
-1.350	1.750	0.000	0.24033442
-1.250	1.750	0.000	0.24051966
-1.150	1.750	0.000	0.24068862
-1.050	1.750	0.000	0.24111137
-0.950	1.750	0.000	0.24162287
-0.850	1.750	0.000	0.24209785
-0.750	1.750	0.000	0.24268885
-0.650	1.750	0.000	0.24318087
-0.550	1.750	0.000	0.24332145
-0.450	1.750	0.000	0.24315274
-0.350	1.750	0.000	0.24286591
-0.250	1.750	0.000	0.24258633
-0.150	1.750	0.000	0.24261612
-0.050	1.750	0.000	0.24285848
0.050	1.750	0.000	0.24342377
0.150	1.750	0.000	0.24423337
0.250	1.750	0.000	0.24535489
0.350	1.750	0.000	0.24669115
0.450	1.750	0.000	0.24803606
0.550	1.750	0.000	0.24942803
0.650	1.750	0.000	0.25052780
0.750	1.750	0.000	0.25104323
0.850	1.750	0.000	0.25112623
0.950	1.750	0.000	0.25076610
1.050	1.750	0.000	0.25010216
1.150	1.750	0.000	0.24916363
1.250	1.750	0.000	0.24799421
1.350	1.750	0.000	0.24679646
1.450	1.750	0.000	0.24582553
1.550	1.750	0.000	0.24521744
1.650	1.750	0.000	0.24500567
1.750	1.750	0.000	0.24501580
1.850	1.750	0.000	0.24510224
1.950	1.750	0.000	0.24489403
2.050	1.750	0.000	0.24448036
2.150	1.750	0.000	0.24356474
2.250	1.750	0.000	0.24281977
2.350	1.750	0.000	0.24184865
2.450	1.750	0.000	0.24154134
-2.450	1.850	0.000	0.22197811
-2.350	1.850	0.000	0.22371531
-2.250	1.850	0.000	0.22693172
-2.150	1.850	0.000	0.23044716
-2.050	1.850	0.000	0.23396395
-1.950	1.850	0.000	0.23705587
-1.850	1.850	0.000	0.23929013
-1.750	1.850	0.000	0.24052230
-1.650	1.850	0.000	0.24099784
-1.550	1.850	0.000	0.24102676
-1.450	1.850	0.000	0.24096237
-1.350	1.850	0.000	0.24099302
-1.250	1.850	0.000	0.24088909
-1.150	1.850	0.000	0.24082769
-1.050	1.850	0.000	0.24096927
-0.950	1.850	0.000	0.24112055
-0.850	1.850	0.000	0.24133760
-0.750	1.850	0.000	0.24175115
-0.650	1.850	0.000	0.24230856
-0.550	1.850	0.000	0.24265946
-0.450	1.850	0.000	0.24274835
-0.350	1.850	0.000	0.24264672
-0.250	1.850	0.000	0.24244212
-0.150	1.850	0.000	0.24249855
-0.050	1.850	0.000	0.24261455
0.050	1.850	0.000	0.24307032
0.150	1.850	0.000	0.24377607
0.250	1.850	0.000	0.24478513
0.350	1.850	0.000	0.24599399
0.450	1.850	0.000	0.24724527
0.550	1.850	0.000	0.24857818
0.650	1.850	0.000	0.24952047
0.750	1.850	0.000	0.25002575
0.850	1.850	0.000	0.25015992
0.950	1.850	0.000	0.24990687
1.050	1.850	0.000	0.24929178
1.150	1.850	0.000	0.24832305
1.250	1.850	0.000	0.24712838
1.350	1.850	0.000	0.24590719
1.450	1.850	0.000	0.24489285
1.550	1.850	0.000	0.24419430
1.650	1.850	0.000	0.24390504
1.750	1.850	0.000	0.24386722
1.850	1.850	0.000	0.24392715
1.950	1.850	0.000	0.24376328
2.050	1.850	0.000	0.24341613
2.150	1.850	0.000	0.24255420
2.250	1.850	0.000	0.24179186
2.350	1.850	0.000	0.24091627
2.450	1.850	0.000	0.24079376
-2.450	1.950	0.000	0.22272909
-2.350	1.950	0.000	0.22430713
-2.250	1.950	0.000	0.22731878
-2.150	1.950	0.000	0.23072730
-2.050	1.950	0.000	0.23425312
-1.950	1.950	0.000	0.23751599
-1.850	1.950	0.000	0.24007246
-1.750	1.950	0.000	0.24170193
-1.650	1.950	0.000	0.24243517
-1.550	1.950	0.000	0.24253225
-1.450	1.950	0.000	0.24244632
-1.350	1.950	0.000	0.24231389
-1.250	1.950	0.000	0.24194548
-1.150	1.950	0.000	0.24152270
-1.050	1.950	0.000	0.24115027
-0.950	1.950	0.000	0.24089450
-0.850	1.950	0.000	0.24088037
-0.750	1.950	0.000	0.24117751
-0.650	1.950	0.000	0.24155197
-0.550	1.950	0.000	0.24185395
-0.450	1.950	0.000	0.24195518
-0.350	1.950	0.000	0.24190994
-0.250	1.950	0.000	0.24178548
-0.150	1.950	0.000	0.24191056
-0.050	1.950	0.000	0.24217601
0.050	1.950	0.000	0.24271607
0.150	1.950	0.000	0.24345639
0.250	1.950	0.000	0.24438675
0.350	1.950	0.000	0.24545231
0.450	1.950	0.000	0.24658643
0.550	1.950	0.000	0.24777775
0.650	1.950	0.000	0.24860698
0.750	1.950	0.000	0.24908231
0.850	1.950	0.000	0.24921411
0.950	1.950	0.000	0.24899122
1.050	1.950	0.000	0.24844135
1.150	1.950	0.000	0.24757861
1.250	1.950	0.000	0.24649847
1.350	1.950	0.000	0.24536845
1.450	1.950	0.000	0.24440788
1.550	1.950	0.000	0.24366738
1.650	1.950	0.000	0.24326175
1.750	1.950	0.000	0.24307235
1.850	1.950	0.000	0.24302533
1.950	1.950	0.000	0.24284217
2.050	1.950	0.000	0.24253039
2.150	1.950	0.000	0.24172904
2.250	1.950	0.000	0.24103239
2.350	1.950	0.000	0.24030069
2.450	1.950	0.000	0.24028622
-2.450	2.050	0.000	0.22322784
-2.350	2.050	0.000	0.22464672
-2.250	2.050	0.000	0.22745652
-2.150	2.050	0.000	0.23072736
-2.050	2.050	0.000	0.23426424
-1.950	2.050	0.000	0.23767516
-1.850	2.050	0.000	0.24047810
-1.750	2.050	0.000	0.24241161
-1.650	2.050	0.000	0.24347065
-1.550	2.050	0.000	0.24371690
-1.450	2.050	0.000	0.24371634
-1.350	2.050	0.000	0.24353905
-1.250	2.050	0.000	0.24310331
-1.150	2.050	0.000	0.24260226
-1.050	2.050	0.000	0.24200034
-0.950	2.050	0.000	0.24141419
-0.850	2.050	0.000	0.24097389
-0.750	2.050	0.000	0.24080607
-0.650	2.050	0.000	0.24073142
-0.550	2.050	0.000	0.24080449
-0.450	2.050	0.000	0.24080800
-0.350	2.050	0.000	0.24076852
-0.250	2.050	0.000	0.24078198
-0.150	2.050	0.000	0.24109636
-0.050	2.050	0.000	0.24155220
0.050	2.050	0.000	0.24221675
0.150	2.050	0.000	0.24300063
0.250	2.050	0.000	0.24395575
0.350	2.050	0.000	0.24504821
0.450	2.050	0.000	0.24618959
0.550	2.050	0.000	0.24735388
0.650	2.050	0.000	0.24806586
0.750	2.050	0.000	0.24848655
0.850	2.050	0.000	0.24854119
0.950	2.050	0.000	0.24825038
1.050	2.050	0.000	0.24769360
1.150	2.050	0.000	0.24693394
1.250	2.050	0.000	0.24603674
1.350	2.050	0.000	0.24510728
1.450	2.050	0.000	0.24425980
1.550	2.050	0.000	0.24351670
1.650	2.050	0.000	0.24301456
1.750	2.050	0.000	0.24271818
1.850	2.050	0.000	0.24256277
1.950	2.050	0.000	0.24229334
2.050	2.050	0.000	0.24193911
2.150	2.050	0.000	0.24117532
2.250	2.050	0.000	0.24060476
2.350	2.050	0.000	0.23998412
2.450	2.050	0.000	0.24007145
-2.450	2.150	0.000	0.22323112
-2.350	2.150	0.000	0.22447206
-2.250	2.150	0.000	0.22700143
-2.150	2.150	0.000	0.22999981
-2.050	2.150	0.000	0.23335598
-1.950	2.150	0.000	0.23673867
-1.850	2.150	0.000	0.23968779
-1.750	2.150	0.000	0.24193765
-1.650	2.150	0.000	0.24334674
-1.550	2.150	0.000	0.24394010
-1.450	2.150	0.000	0.24407192
-1.350	2.150	0.000	0.24396907
-1.250	2.150	0.000	0.24365588
-1.150	2.150	0.000	0.24324247
-1.050	2.150	0.000	0.24277593
-0.950	2.150	0.000	0.24228092
-0.850	2.150	0.000	0.24175245
-0.750	2.150	0.000	0.24121085
-0.650	2.150	0.000	0.24079584
-0.550	2.150	0.000	0.24047065
-0.450	2.150	0.000	0.24027708
-0.350	2.150	0.000	0.24017666
-0.250	2.150	0.000	0.24024466
-0.150	2.150	0.000	0.24061939
-0.050	2.150	0.000	0.24118505
0.050	2.150	0.000	0.24189334
0.150	2.150	0.000	0.24267767
0.250	2.150	0.000	0.24361210
0.350	2.150	0.000	0.24466260
0.450	2.150	0.000	0.24582171
0.550	2.150	0.000	0.24697568
0.650	2.150	0.000	0.24772370
0.750	2.150	0.000	0.24815150
0.850	2.150	0.000	0.24812913
0.950	2.150	0.000	0.24769504
1.050	2.150	0.000	0.24702194
1.150	2.150	0.000	0.24626291
1.250	2.150	0.000	0.24550124
1.350	2.150	0.000	0.24480349
1.450	2.150	0.000	0.24413522
1.550	2.150	0.000	0.24351491
1.650	2.150	0.000	0.24301466
1.750	2.150	0.000	0.24257645
1.850	2.150	0.000	0.24228562
1.950	2.150	0.000	0.24192175
2.050	2.150	0.000	0.24155331
2.150	2.150	0.000	0.24087571
2.250	2.150	0.000	0.24042973
2.350	2.150	0.000	0.23981912
2.450	2.150	0.000	0.24005233
-2.450	2.250	0.000	0.22297674
-2.350	2.250	0.000	0.22409667
-2.250	2.250	0.000	0.22638956
-2.150	2.250	0.000	0.22909269
-2.050	2.250	0.000	0.23223732
-1.950	2.250	0.000	0.23554312
-1.850	2.250	0.000	0.23857433
-1.750	2.250	0.000	0.24098647
-1.650	2.250	0.000	0.24263404
-1.550	2.250	0.000	0.24354647
-1.450	2.250	0.000	0.24389045
-1.350	2.250	0.000	0.24405052
-1.250	2.250	0.000	0.24407201
-1.150	2.250	0.000	0.24404998
-1.050	2.250	0.000	0.24395058
-0.950	2.250	0.000	0.24381682
-0.850	2.250	0.000	0.24338083
-0.750	2.250	0.000	0.24267603
-0.650	2.250	0.000	0.24199055
-0.550	2.250	0.000	0.24139367
-0.450	2.250	0.000	0.24095008
-0.350	2.250	0.000	0.24070674
-0.250	2.250	0.000	0.24075112
-0.150	2.250	0.000	0.24103923
-0.050	2.250	0.000	0.24151450
0.050	2.250	0.000	0.24206778
0.150	2.250	0.000	0.24269575
0.250	2.250	0.000	0.24341737
0.350	2.250	0.000	0.24426144
0.450	2.250	0.000	0.24529700
0.550	2.250	0.000	0.24651058
0.650	2.250	0.000	0.24736963
0.750	2.250	0.000	0.24775438
0.850	2.250	0.000	0.24752943
0.950	2.250	0.000	0.24686663
1.050	2.250	0.000	0.24600266
1.150	2.250	0.000	0.24519716
1.250	2.250	0.000	0.24454349
1.350	2.250	0.000	0.24397826
1.450	2.250	0.000	0.24343336
1.550	2.250	0.000	0.24285854
1.650	2.250	0.000	0.24234296
1.750	2.250	0.000	0.24194385
1.850	2.250	0.000	0.24171771
1.950	2.250	0.000	0.24149197
2.050	2.250	0.000	0.24126054
2.150	2.250	0.000	0.24073602
2.250	2.250	0.000	0.24048926
2.350	2.250	0.000	0.24000791
2.450	2.250	0.000	0.24037385
-2.450	2.350	0.000	0.22296484
-2.350	2.350	0.000	0.22401714
-2.250	2.350	0.000	0.22613783
-2.150	2.350	0.000	0.22858760
-2.050	2.350	0.000	0.23145418
-1.950	2.350	0.000	0.23454818
-1.850	2.350	0.000	0.23749852
-1.750	2.350	0.000	0.24003068
-1.650	2.350	0.000	0.24198197
-1.550	2.350	0.000	0.24326840
-1.450	2.350	0.000	0.24395418
-1.350	2.350	0.000	0.24437559
-1.250	2.350	0.000	0.24473906
-1.150	2.350	0.000	0.24506922
-1.050	2.350	0.000	0.24527256
-0.950	2.350	0.000	0.24539000
-0.850	2.350	0.000	0.24533804
-0.750	2.350	0.000	0.24497510
-0.650	2.350	0.000	0.24442971
-0.550	2.350	0.000	0.24378535
-0.450	2.350	0.000	0.24303962
-0.350	2.350	0.000	0.24235612
-0.250	2.350	0.000	0.24189232
-0.150	2.350	0.000	0.24167809
-0.050	2.350	0.000	0.24174660
0.050	2.350	0.000	0.24196799
0.150	2.350	0.000	0.24231862
0.250	2.350	0.000	0.24274638
0.350	2.350	0.000	0.24348116
0.450	2.350	0.000	0.24449953
0.550	2.350	0.000	0.24549010
0.650	2.350	0.000	0.24625558
0.750	2.350	0.000	0.24657615
0.850	2.350	0.000	0.24637525
0.950	2.350	0.000	0.24580802
1.050	2.350	0.000	0.24511725
1.150	2.350	0.000	0.24449722
1.250	2.350	0.000	0.24401382
1.350	2.350	0.000	0.24360496
1.450	2.350	0.000	0.24317060
1.550	2.350	0.000	0.24266993
1.650	2.350	0.000	0.24218515
1.750	2.350	0.000	0.24177994
1.850	2.350	0.000	0.24150831
1.950	2.350	0.000	0.24123248
2.050	2.350	0.000	0.24098495
2.150	2.350	0.000	0.24061389
2.250	2.350	0.000	0.24056681
2.350	2.350	0.000	0.24020287
2.450	2.350	0.000	0.24079952
-2.450	2.450	0.000	0.22297920
-2.350	2.450	0.000	0.22401415
-2.250	2.450	0.000	0.22605588
-2.150	2.450	0.000	0.22834262
-2.050	2.450	0.000	0.23099327
-1.950	2.450	0.000	0.23386990
-1.850	2.450	0.000	0.23666887
-1.750	2.450	0.000	0.23918992
-1.650	2.450	0.000	0.24127787
-1.550	2.450	0.000	0.24280314
-1.450	2.450	0.000	0.24381156
-1.350	2.450	0.000	0.24450840
-1.250	2.450	0.000	0.24521157
-1.150	2.450	0.000	0.24584474
-1.050	2.450	0.000	0.24637280
-0.950	2.450	0.000	0.24687219
-0.850	2.450	0.000	0.24710888
-0.750	2.450	0.000	0.24696958
-0.650	2.450	0.000	0.24655892
-0.550	2.450	0.000	0.24587032
-0.450	2.450	0.000	0.24497744
-0.350	2.450	0.000	0.24404143
-0.250	2.450	0.000	0.24324906
-0.150	2.450	0.000	0.24267973
-0.050	2.450	0.000	0.24231963
0.050	2.450	0.000	0.24205315
0.150	2.450	0.000	0.24190374
0.250	2.450	0.000	0.24189346
0.350	2.450	0.000	0.24232082
0.450	2.450	0.000	0.24305417
0.550	2.450	0.000	0.24400444
0.650	2.450	0.000	0.24468587
0.750	2.450	0.000	0.24508376
0.850	2.450	0.000	0.24502330
0.950	2.450	0.000	0.24457556
1.050	2.450	0.000	0.24402237
1.150	2.450	0.000	0.24361576
1.250	2.450	0.000	0.24334691
1.350	2.450	0.000	0.24309582
1.450	2.450	0.000	0.24275111
1.550	2.450	0.000	0.24228472
1.650	2.450	0.000	0.24180163
1.750	2.450	0.000	0.24140021
1.850	2.450	0.000	0.24110556
1.950	2.450	0.000	0.24081802
2.050	2.450	0.000	0.24056110
2.150	2.450	0.000	0.24020325
2.250	2.450	0.000	0.24016576
2.350	2.450	0.000	0.23974696
2.450	2.450	0.000	0.24052034
