-2.450	-2.450	0.000	0.05494112
-2.350	-2.450	0.000	0.06322864
-2.250	-2.450	0.000	0.05751074
-2.150	-2.450	0.000	0.06544738
-2.050	-2.450	0.000	0.08012038
-1.950	-2.450	0.000	0.09203822
-1.850	-2.450	0.000	0.10490246
-1.750	-2.450	0.000	0.10837191
-1.650	-2.450	0.000	0.10213541
-1.550	-2.450	0.000	0.10360450
-1.450	-2.450	0.000	0.09878733
-1.350	-2.450	0.000	0.10153019
-1.250	-2.450	0.000	0.10755321
-1.150	-2.450	0.000	0.11198176
-1.050	-2.450	0.000	0.12002710
-0.950	-2.450	0.000	0.12830897
-0.850	-2.450	0.000	0.13463438
-0.750	-2.450	0.000	0.13849409
-0.650	-2.450	0.000	0.13954780
-0.550	-2.450	0.000	0.13786355
-0.450	-2.450	0.000	0.13617900
-0.350	-2.450	0.000	0.13468273
-0.250	-2.450	0.000	0.13334946
-0.150	-2.450	0.000	0.13284372
-0.050	-2.450	0.000	0.13370728
0.050	-2.450	0.000	0.13460703
0.150	-2.450	0.000	0.13548188
0.250	-2.450	0.000	0.13598840
0.350	-2.450	0.000	0.13631585
0.450	-2.450	0.000	0.13700002
0.550	-2.450	0.000	0.13845207
0.650	-2.450	0.000	0.14134391
0.750	-2.450	0.000	0.14645563
0.850	-2.450	0.000	0.15411973
0.950	-2.450	0.000	0.16304871
1.050	-2.450	0.000	0.17238954
1.150	-2.450	0.000	0.17879532
1.250	-2.450	0.000	0.18063761
1.350	-2.450	0.000	0.17948832
1.450	-2.450	0.000	0.17642179
1.550	-2.450	0.000	0.17242467
1.650	-2.450	0.000	0.17121394
1.750	-2.450	0.000	0.17196882
1.850	-2.450	0.000	0.17292124
1.950	-2.450	0.000	0.17074738
2.050	-2.450	0.000	0.16904347
2.150	-2.450	0.000	0.16297606
2.250	-2.450	0.000	0.15834844
2.350	-2.450	0.000	0.14999753
2.450	-2.450	0.000	0.14658803
-2.450	-2.350	0.000	0.05703590
-2.350	-2.350	0.000	0.06587622
-2.250	-2.350	0.000	0.06049693
-2.150	-2.350	0.000	0.06872305
-2.050	-2.350	0.000	0.08177599
-1.950	-2.350	0.000	0.09271137
-1.850	-2.350	0.000	0.10601453
-1.750	-2.350	0.000	0.11029399
-1.650	-2.350	0.000	0.10571228
-1.550	-2.350	0.000	0.10718771
-1.450	-2.350	0.000	0.10289349
-1.350	-2.350	0.000	0.10563792
-1.250	-2.350	0.000	0.11150819
-1.150	-2.350	0.000	0.11586179
-1.050	-2.350	0.000	0.12345508
-0.950	-2.350	0.000	0.13173205
-0.850	-2.350	0.000	0.13788754
-0.750	-2.350	0.000	0.14213896
-0.650	-2.350	0.000	0.14276358
-0.550	-2.350	0.000	0.14072019
-0.450	-2.350	0.000	0.13885410
-0.350	-2.350	0.000	0.13785413
-0.250	-2.350	0.000	0.13688278
-0.150	-2.350	0.000	0.13681439
-0.050	-2.350	0.000	0.13791120
0.050	-2.350	0.000	0.13866836
0.150	-2.350	0.000	0.13880989
0.250	-2.350	0.000	0.13848798
0.350	-2.350	0.000	0.13813433
0.450	-2.350	0.000	0.13849908
0.550	-2.350	0.000	0.13978054
0.650	-2.350	0.000	0.14229763
0.750	-2.350	0.000	0.14714991
0.850	-2.350	0.000	0.15459207
0.950	-2.350	0.000	0.16351427
1.050	-2.350	0.000	0.17343433
1.150	-2.350	0.000	0.17997184
1.250	-2.350	0.000	0.18347426
1.350	-2.350	0.000	0.18294770
1.450	-2.350	0.000	0.18113607
1.550	-2.350	0.000	0.17821670
1.650	-2.350	0.000	0.17765671
1.750	-2.350	0.000	0.17794991
1.850	-2.350	0.000	0.17831534
1.950	-2.350	0.000	0.17573467
2.050	-2.350	0.000	0.17341322
2.150	-2.350	0.000	0.16697408
2.250	-2.350	0.000	0.16169693
2.350	-2.350	0.000	0.15271711
2.450	-2.350	0.000	0.14783095
-2.450	-2.250	0.000	0.05834892
-2.350	-2.250	0.000	0.06741531
-2.250	-2.250	0.000	0.06283119
-2.150	-2.250	0.000	0.07114743
-2.050	-2.250	0.000	0.08300224
-1.950	-2.250	0.000	0.09332095
-1.850	-2.250	0.000	0.10628710
-1.750	-2.250	0.000	0.11101412
-1.650	-2.250	0.000	0.10750842
-1.550	-2.250	0.000	0.10909761
-1.450	-2.250	0.000	0.10528300
-1.350	-2.250	0.000	0.10812102
-1.250	-2.250	0.000	0.11391558
-1.150	-2.250	0.000	0.11828488
-1.050	-2.250	0.000	0.12554380
-0.950	-2.250	0.000	0.13372697
-0.850	-2.250	0.000	0.13979024
-0.750	-2.250	0.000	0.14426790
-0.650	-2.250	0.000	0.14479764
-0.550	-2.250	0.000	0.14256790
-0.450	-2.250	0.000	0.14053470
-0.350	-2.250	0.000	0.13959055
-0.250	-2.250	0.000	0.13886300
-0.150	-2.250	0.000	0.13867970
-0.050	-2.250	0.000	0.13966967
0.050	-2.250	0.000	0.14034849
0.150	-2.250	0.000	0.14022808
0.250	-2.250	0.000	0.13967325
0.350	-2.250	0.000	0.13894957
0.450	-2.250	0.000	0.13920394
0.550	-2.250	0.000	0.14052112
0.650	-2.250	0.000	0.14353427
0.750	-2.250	0.000	0.14891939
0.850	-2.250	0.000	0.15680222
0.950	-2.250	0.000	0.16604376
1.050	-2.250	0.000	0.17585371
1.150	-2.250	0.000	0.18213472
1.250	-2.250	0.000	0.18594383
1.350	-2.250	0.000	0.18598737
1.450	-2.250	0.000	0.18404888
1.550	-2.250	0.000	0.18141162
1.650	-2.250	0.000	0.18029337
1.750	-2.250	0.000	0.17947245
1.850	-2.250	0.000	0.17919467
1.950	-2.250	0.000	0.17584702
2.050	-2.250	0.000	0.17273915
2.150	-2.250	0.000	0.16575037
2.250	-2.250	0.000	0.16031149
2.350	-2.250	0.000	0.15111662
2.450	-2.250	0.000	0.14547999
-2.450	-2.150	0.000	0.06058748
-2.350	-2.150	0.000	0.07016998
-2.250	-2.150	0.000	0.06606755
-2.150	-2.150	0.000	0.07419438
-2.050	-2.150	0.000	0.08475596
-1.950	-2.150	0.000	0.09439815
-1.850	-2.150	0.000	0.10690840
-1.750	-2.150	0.000	0.11212400
-1.650	-2.150	0.000	0.10999551
-1.550	-2.150	0.000	0.11187433
-1.450	-2.150	0.000	0.10888611
-1.350	-2.150	0.000	0.11199570
-1.250	-2.150	0.000	0.11765700
-1.150	-2.150	0.000	0.12201721
-1.050	-2.150	0.000	0.12881933
-0.950	-2.150	0.000	0.13680787
-0.850	-2.150	0.000	0.14266776
-0.750	-2.150	0.000	0.14723673
-0.650	-2.150	0.000	0.14776522
-0.550	-2.150	0.000	0.14533807
-0.450	-2.150	0.000	0.14298256
-0.350	-2.150	0.000	0.14172260
-0.250	-2.150	0.000	0.14098305
-0.150	-2.150	0.000	0.14068724
-0.050	-2.150	0.000	0.14145227
0.050	-2.150	0.000	0.14198041
0.150	-2.150	0.000	0.14170630
0.250	-2.150	0.000	0.14092429
0.350	-2.150	0.000	0.13988601
0.450	-2.150	0.000	0.14002308
0.550	-2.150	0.000	0.14130977
0.650	-2.150	0.000	0.14471209
0.750	-2.150	0.000	0.15060592
0.850	-2.150	0.000	0.15910198
0.950	-2.150	0.000	0.16846929
1.050	-2.150	0.000	0.17771767
1.150	-2.150	0.000	0.18333635
1.250	-2.150	0.000	0.18640380
1.350	-2.150	0.000	0.18605573
1.450	-2.150	0.000	0.18425359
1.550	-2.150	0.000	0.18220131
1.650	-2.150	0.000	0.18092154
1.750	-2.150	0.000	0.17953089
1.850	-2.150	0.000	0.17867257
1.950	-2.150	0.000	0.17486110
2.050	-2.150	0.000	0.17154193
2.150	-2.150	0.000	0.16465941
2.250	-2.150	0.000	0.15923555
2.350	-2.150	0.000	0.15034476
2.450	-2.150	0.000	0.14414766
-2.450	-2.050	0.000	0.06329559
-2.350	-2.050	0.000	0.07314131
-2.250	-2.050	0.000	0.06938605
-2.150	-2.050	0.000	0.07732904
-2.050	-2.050	0.000	0.08716730
-1.950	-2.050	0.000	0.09631401
-1.850	-2.050	0.000	0.10831826
-1.750	-2.050	0.000	0.11341200
-1.650	-2.050	0.000	0.11207552
-1.550	-2.050	0.000	0.11422310
-1.450	-2.050	0.000	0.11212906
-1.350	-2.050	0.000	0.11552942
-1.250	-2.050	0.000	0.12105639
-1.150	-2.050	0.000	0.12532705
-1.050	-2.050	0.000	0.13156395
-0.950	-2.050	0.000	0.13900085
-0.850	-2.050	0.000	0.14464334
-0.750	-2.050	0.000	0.14905946
-0.650	-2.050	0.000	0.14992900
-0.550	-2.050	0.000	0.14768349
-0.450	-2.050	0.000	0.14558519
-0.350	-2.050	0.000	0.14436932
-0.250	-2.050	0.000	0.14394824
-0.150	-2.050	0.000	0.14360169
-0.050	-2.050	0.000	0.14399883
0.050	-2.050	0.000	0.14423947
0.150	-2.050	0.000	0.14362212
0.250	-2.050	0.000	0.14235738
0.350	-2.050	0.000	0.14108463
0.450	-2.050	0.000	0.14133029
0.550	-2.050	0.000	0.14292133
0.650	-2.050	0.000	0.14654952
0.750	-2.050	0.000	0.15278989
0.850	-2.050	0.000	0.16113025
0.950	-2.050	0.000	0.17020699
1.050	-2.050	0.000	0.17878653
1.150	-2.050	0.000	0.18383086
1.250	-2.050	0.000	0.18593223
1.350	-2.050	0.000	0.18502600
1.450	-2.050	0.000	0.18270129
1.550	-2.050	0.000	0.18035504
1.650	-2.050	0.000	0.17888647
1.750	-2.050	0.000	0.17706370
1.850	-2.050	0.000	0.17570199
1.950	-2.050	0.000	0.17126763
2.050	-2.050	0.000	0.16799024
2.150	-2.050	0.000	0.16155933
2.250	-2.050	0.000	0.15698698
2.350	-2.050	0.000	0.14877088
2.450	-2.050	0.000	0.14243694
-2.450	-1.950	0.000	0.06693354
-2.350	-1.950	0.000	0.07695290
-2.250	-1.950	0.000	0.07361627
-2.150	-1.950	0.000	0.08142200
-2.050	-1.950	0.000	0.09049727
-1.950	-1.950	0.000	0.09906226
-1.850	-1.950	0.000	0.11083917
-1.750	-1.950	0.000	0.11610290
-1.650	-1.950	0.000	0.11532564
-1.550	-1.950	0.000	0.11763781
-1.450	-1.950	0.000	0.11632427
-1.350	-1.950	0.000	0.11976916
-1.250	-1.950	0.000	0.12518927
-1.150	-1.950	0.000	0.12933609
-1.050	-1.950	0.000	0.13501815
-0.950	-1.950	0.000	0.14177725
-0.850	-1.950	0.000	0.14721110
-0.750	-1.950	0.000	0.15132357
-0.650	-1.950	0.000	0.15242919
-0.550	-1.950	0.000	0.15036280
-0.450	-1.950	0.000	0.14841834
-0.350	-1.950	0.000	0.14711004
-0.250	-1.950	0.000	0.14668982
-0.150	-1.950	0.000	0.14611755
-0.050	-1.950	0.000	0.14620714
0.050	-1.950	0.000	0.14621933
0.150	-1.950	0.000	0.14537902
0.250	-1.950	0.000	0.14385121
0.350	-1.950	0.000	0.14239411
0.450	-1.950	0.000	0.14289486
0.550	-1.950	0.000	0.14467733
0.650	-1.950	0.000	0.14827634
0.750	-1.950	0.000	0.15454842
0.850	-1.950	0.000	0.16245838
0.950	-1.950	0.000	0.17075732
1.050	-1.950	0.000	0.17800018
1.150	-1.950	0.000	0.18215191
1.250	-1.950	0.000	0.18321119
1.350	-1.950	0.000	0.18186016
1.450	-1.950	0.000	0.17947900
1.550	-1.950	0.000	0.17685449
1.650	-1.950	0.000	0.17506436
1.750	-1.950	0.000	0.17347439
1.850	-1.950	0.000	0.17222077
1.950	-1.950	0.000	0.16814467
2.050	-1.950	0.000	0.16549727
2.150	-1.950	0.000	0.15996905
2.250	-1.950	0.000	0.15612234
2.350	-1.950	0.000	0.14909077
2.450	-1.950	0.000	0.14263932
-2.450	-1.850	0.000	0.07102343
-2.350	-1.850	0.000	0.08128110
-2.250	-1.850	0.000	0.07895336
-2.150	-1.850	0.000	0.08638160
-2.050	-1.850	0.000	0.09495703
-1.950	-1.850	0.000	0.10305542
-1.850	-1.850	0.000	0.11421924
-1.750	-1.850	0.000	0.11968973
-1.650	-1.850	0.000	0.11929017
-1.550	-1.850	0.000	0.12167221
-1.450	-1.850	0.000	0.12096421
-1.350	-1.850	0.000	0.12413506
-1.250	-1.850	0.000	0.12937383
-1.150	-1.850	0.000	0.13341367
-1.050	-1.850	0.000	0.13853550
-0.950	-1.850	0.000	0.14437200
-0.850	-1.850	0.000	0.14940046
-0.750	-1.850	0.000	0.15292220
-0.650	-1.850	0.000	0.15418130
-0.550	-1.850	0.000	0.15239456
-0.450	-1.850	0.000	0.15054882
-0.350	-1.850	0.000	0.14938611
-0.250	-1.850	0.000	0.14924070
-0.150	-1.850	0.000	0.14893973
-0.050	-1.850	0.000	0.14902599
0.050	-1.850	0.000	0.14879191
0.150	-1.850	0.000	0.14766864
0.250	-1.850	0.000	0.14610861
0.350	-1.850	0.000	0.14468391
0.450	-1.850	0.000	0.14556056
0.550	-1.850	0.000	0.14735954
0.650	-1.850	0.000	0.15078594
0.750	-1.850	0.000	0.15634932
0.850	-1.850	0.000	0.16324995
0.950	-1.850	0.000	0.17032123
1.050	-1.850	0.000	0.17605674
1.150	-1.850	0.000	0.17952013
1.250	-1.850	0.000	0.17933033
1.350	-1.850	0.000	0.17697346
1.450	-1.850	0.000	0.17466033
1.550	-1.850	0.000	0.17238149
1.650	-1.850	0.000	0.17098658
1.750	-1.850	0.000	0.17018203
1.850	-1.850	0.000	0.16924554
1.950	-1.850	0.000	0.16532356
2.050	-1.850	0.000	0.16278875
2.150	-1.850	0.000	0.15767565
2.250	-1.850	0.000	0.15439367
2.350	-1.850	0.000	0.14827217
2.450	-1.850	0.000	0.14229821
-2.450	-1.750	0.000	0.07594969
-2.350	-1.750	0.000	0.08637599
-2.250	-1.750	0.000	0.08524980
-2.150	-1.750	0.000	0.09246697
-2.050	-1.750	0.000	0.10055988
-1.950	-1.750	0.000	0.10824440
-1.850	-1.750	0.000	0.11895029
-1.750	-1.750	0.000	0.12463494
-1.650	-1.750	0.000	0.12462494
-1.550	-1.750	0.000	0.12701505
-1.450	-1.750	0.000	0.12694082
-1.350	-1.750	0.000	0.12977503
-1.250	-1.750	0.000	0.13461588
-1.150	-1.750	0.000	0.13829209
-1.050	-1.750	0.000	0.14275172
-0.950	-1.750	0.000	0.14735873
-0.850	-1.750	0.000	0.15172400
-0.750	-1.750	0.000	0.15449907
-0.650	-1.750	0.000	0.15558545
-0.550	-1.750	0.000	0.15407139
-0.450	-1.750	0.000	0.15232264
-0.350	-1.750	0.000	0.15131959
-0.250	-1.750	0.000	0.15120557
-0.150	-1.750	0.000	0.15116844
-0.050	-1.750	0.000	0.15130226
0.050	-1.750	0.000	0.15098469
0.150	-1.750	0.000	0.14971940
0.250	-1.750	0.000	0.14818701
0.350	-1.750	0.000	0.14677823
0.450	-1.750	0.000	0.14785975
0.550	-1.750	0.000	0.14951642
0.650	-1.750	0.000	0.15267734
0.750	-1.750	0.000	0.15726057
0.850	-1.750	0.000	0.16290899
0.950	-1.750	0.000	0.16862491
1.050	-1.750	0.000	0.17312412
1.150	-1.750	0.000	0.17547813
1.250	-1.750	0.000	0.17486185
1.350	-1.750	0.000	0.17239220
1.450	-1.750	0.000	0.17043392
1.550	-1.750	0.000	0.16861090
1.650	-1.750	0.000	0.16760167
1.750	-1.750	0.000	0.16746414
1.850	-1.750	0.000	0.16678460
1.950	-1.750	0.000	0.16341871
2.050	-1.750	0.000	0.16140625
2.150	-1.750	0.000	0.15693668
2.250	-1.750	0.000	0.15404770
2.350	-1.750	0.000	0.14829433
2.450	-1.750	0.000	0.14249711
-2.450	-1.650	0.000	0.08174402
-2.350	-1.650	0.000	0.09224930
-2.250	-1.650	0.000	0.09249467
-2.150	-1.650	0.000	0.09950332
-2.050	-1.650	0.000	0.10718620
-1.950	-1.650	0.000	0.11442187
-1.850	-1.650	0.000	0.12466491
-1.750	-1.650	0.000	0.13061084
-1.650	-1.650	0.000	0.13096021
-1.550	-1.650	0.000	0.13315798
-1.450	-1.650	0.000	0.13341814
-1.350	-1.650	0.000	0.13582453
-1.250	-1.650	0.000	0.14018504
-1.150	-1.650	0.000	0.14346851
-1.050	-1.650	0.000	0.14714360
-0.950	-1.650	0.000	0.15048115
-0.850	-1.650	0.000	0.15378381
-0.750	-1.650	0.000	0.15567917
-0.650	-1.650	0.000	0.15651828
-0.550	-1.650	0.000	0.15514189
-0.450	-1.650	0.000	0.15339091
-0.350	-1.650	0.000	0.15257937
-0.250	-1.650	0.000	0.15246435
-0.150	-1.650	0.000	0.15275040
-0.050	-1.650	0.000	0.15301053
0.050	-1.650	0.000	0.15260805
0.150	-1.650	0.000	0.15127856
0.250	-1.650	0.000	0.14975266
0.350	-1.650	0.000	0.14857274
0.450	-1.650	0.000	0.14954926
0.550	-1.650	0.000	0.15125276
0.650	-1.650	0.000	0.15404703
0.750	-1.650	0.000	0.15771446
0.850	-1.650	0.000	0.16243933
0.950	-1.650	0.000	0.16670030
1.050	-1.650	0.000	0.17018130
1.150	-1.650	0.000	0.17166978
1.250	-1.650	0.000	0.17085098
1.350	-1.650	0.000	0.16842803
1.450	-1.650	0.000	0.16689907
1.550	-1.650	0.000	0.16529453
1.650	-1.650	0.000	0.16461389
1.750	-1.650	0.000	0.16475411
1.850	-1.650	0.000	0.16420113
1.950	-1.650	0.000	0.16140005
2.050	-1.650	0.000	0.15991113
2.150	-1.650	0.000	0.15613958
2.250	-1.650	0.000	0.15379363
2.350	-1.650	0.000	0.14842072
2.450	-1.650	0.000	0.14306827
-2.450	-1.550	0.000	0.08818407
-2.350	-1.550	0.000	0.09861130
-2.250	-1.550	0.000	0.10002629
-2.150	-1.550	0.000	0.10693996
-2.050	-1.550	0.000	0.11432336
-1.950	-1.550	0.000	0.12124898
-1.850	-1.550	0.000	0.13102134
-1.750	-1.550	0.000	0.13740118
-1.650	-1.550	0.000	0.13829352
-1.550	-1.550	0.000	0.14025700
-1.450	-1.550	0.000	0.14062952
-1.350	-1.550	0.000	0.14252494
-1.250	-1.550	0.000	0.14620739
-1.150	-1.550	0.000	0.14890878
-1.050	-1.550	0.000	0.15160324
-0.950	-1.550	0.000	0.15373741
-0.850	-1.550	0.000	0.15569274
-0.750	-1.550	0.000	0.15660992
-0.650	-1.550	0.000	0.15715250
-0.550	-1.550	0.000	0.15584984
-0.450	-1.550	0.000	0.15411298
-0.350	-1.550	0.000	0.15324272
-0.250	-1.550	0.000	0.15318382
-0.150	-1.550	0.000	0.15351209
-0.050	-1.550	0.000	0.15399526
0.050	-1.550	0.000	0.15358655
0.150	-1.550	0.000	0.15235779
0.250	-1.550	0.000	0.15077443
0.350	-1.550	0.000	0.14980428
0.450	-1.550	0.000	0.15025324
0.550	-1.550	0.000	0.15204571
0.650	-1.550	0.000	0.15434225
0.750	-1.550	0.000	0.15757447
0.850	-1.550	0.000	0.16194141
0.950	-1.550	0.000	0.16540812
1.050	-1.550	0.000	0.16833578
1.150	-1.550	0.000	0.16905378
1.250	-1.550	0.000	0.16799371
1.350	-1.550	0.000	0.16544969
1.450	-1.550	0.000	0.16420650
1.550	-1.550	0.000	0.16269925
1.650	-1.550	0.000	0.16253495
1.750	-1.550	0.000	0.16281052
1.850	-1.550	0.000	0.16251200
1.950	-1.550	0.000	0.16020758
2.050	-1.550	0.000	0.15906851
2.150	-1.550	0.000	0.15573111
2.250	-1.550	0.000	0.15379684
2.350	-1.550	0.000	0.14884038
2.450	-1.550	0.000	0.14392400
-2.450	-1.450	0.000	0.09478963
-2.350	-1.450	0.000	0.10508852
-2.250	-1.450	0.000	0.10758755
-2.150	-1.450	0.000	0.11447877
-2.050	-1.450	0.000	0.12169395
-1.950	-1.450	0.000	0.12835534
-1.850	-1.450	0.000	0.13750668
-1.750	-1.450	0.000	0.14430863
-1.650	-1.450	0.000	0.14577354
-1.550	-1.450	0.000	0.14757557
-1.450	-1.450	0.000	0.14789325
-1.350	-1.450	0.000	0.14913481
-1.250	-1.450	0.000	0.15202995
-1.150	-1.450	0.000	0.15402456
-1.050	-1.450	0.000	0.15560460
-0.950	-1.450	0.000	0.15665060
-0.850	-1.450	0.000	0.15715836
-0.750	-1.450	0.000	0.15716374
-0.650	-1.450	0.000	0.15725197
-0.550	-1.450	0.000	0.15603465
-0.450	-1.450	0.000	0.15445147
-0.350	-1.450	0.000	0.15358105
-0.250	-1.450	0.000	0.15355033
-0.150	-1.450	0.000	0.15395418
-0.050	-1.450	0.000	0.15454122
0.050	-1.450	0.000	0.15422235
0.150	-1.450	0.000	0.15306720
0.250	-1.450	0.000	0.15144022
0.350	-1.450	0.000	0.15039276
0.450	-1.450	0.000	0.15040565
0.550	-1.450	0.000	0.15201274
0.650	-1.450	0.000	0.15388460
0.750	-1.450	0.000	0.15691178
0.850	-1.450	0.000	0.16122349
0.950	-1.450	0.000	0.16445263
1.050	-1.450	0.000	0.16703130
1.150	-1.450	0.000	0.16750523
1.250	-1.450	0.000	0.16626152
1.350	-1.450	0.000	0.16357352
1.450	-1.450	0.000	0.16232687
1.550	-1.450	0.000	0.16072765
1.650	-1.450	0.000	0.16073868
1.750	-1.450	0.000	0.16095462
1.850	-1.450	0.000	0.16093144
1.950	-1.450	0.000	0.15912129
2.050	-1.450	0.000	0.15821734
2.150	-1.450	0.000	0.15534885
2.250	-1.450	0.000	0.15395185
2.350	-1.450	0.000	0.14966910
2.450	-1.450	0.000	0.14529805
-2.450	-1.350	0.000	0.10096638
-2.350	-1.350	0.000	0.11114415
-2.250	-1.350	0.000	0.11481947
-2.150	-1.350	0.000	0.12182378
-2.050	-1.350	0.000	0.12892197
-1.950	-1.350	0.000	0.13534831
-1.850	-1.350	0.000	0.14396781
-1.750	-1.350	0.000	0.15124381
-1.650	-1.350	0.000	0.15338257
-1.550	-1.350	0.000	0.15503436
-1.450	-1.350	0.000	0.15507783
-1.350	-1.350	0.000	0.15537556
-1.250	-1.350	0.000	0.15730096
-1.150	-1.350	0.000	0.15840167
-1.050	-1.350	0.000	0.15881068
-0.950	-1.350	0.000	0.15887313
-0.850	-1.350	0.000	0.15798682
-0.750	-1.350	0.000	0.15720540
-0.650	-1.350	0.000	0.15688397
-0.550	-1.350	0.000	0.15583409
-0.450	-1.350	0.000	0.15459649
-0.350	-1.350	0.000	0.15383208
-0.250	-1.350	0.000	0.15371145
-0.150	-1.350	0.000	0.15406081
-0.050	-1.350	0.000	0.15442273
0.050	-1.350	0.000	0.15396278
0.150	-1.350	0.000	0.15269679
0.250	-1.350	0.000	0.15111895
0.350	-1.350	0.000	0.14991629
0.450	-1.350	0.000	0.14978392
0.550	-1.350	0.000	0.15106861
0.650	-1.350	0.000	0.15278058
0.750	-1.350	0.000	0.15572412
0.850	-1.350	0.000	0.16012014
0.950	-1.350	0.000	0.16361223
1.050	-1.350	0.000	0.16612531
1.150	-1.350	0.000	0.16656150
1.250	-1.350	0.000	0.16535904
1.350	-1.350	0.000	0.16252726
1.450	-1.350	0.000	0.16111557
1.550	-1.350	0.000	0.15944363
1.650	-1.350	0.000	0.15928766
1.750	-1.350	0.000	0.15938550
1.850	-1.350	0.000	0.15954417
1.950	-1.350	0.000	0.15813981
2.050	-1.350	0.000	0.15736999
2.150	-1.350	0.000	0.15491307
2.250	-1.350	0.000	0.15395330
2.350	-1.350	0.000	0.15033728
2.450	-1.350	0.000	0.14661966
-2.450	-1.250	0.000	0.10647596
-2.350	-1.250	0.000	0.11648742
-2.250	-1.250	0.000	0.12137148
-2.150	-1.250	0.000	0.12868419
-2.050	-1.250	0.000	0.13565809
-1.950	-1.250	0.000	0.14187261
-1.850	-1.250	0.000	0.14992462
-1.750	-1.250	0.000	0.15762228
-1.650	-1.250	0.000	0.16051370
-1.550	-1.250	0.000	0.16213311
-1.450	-1.250	0.000	0.16181910
-1.350	-1.250	0.000	0.16091900
-1.250	-1.250	0.000	0.16162357
-1.150	-1.250	0.000	0.16147673
-1.050	-1.250	0.000	0.16073616
-0.950	-1.250	0.000	0.15962458
-0.850	-1.250	0.000	0.15776394
-0.750	-1.250	0.000	0.15643297
-0.650	-1.250	0.000	0.15609953
-0.550	-1.250	0.000	0.15556642
-0.450	-1.250	0.000	0.15503135
-0.350	-1.250	0.000	0.15451464
-0.250	-1.250	0.000	0.15419203
-0.150	-1.250	0.000	0.15427811
-0.050	-1.250	0.000	0.15413409
0.050	-1.250	0.000	0.15332696
0.150	-1.250	0.000	0.15175226
0.250	-1.250	0.000	0.15011856
0.350	-1.250	0.000	0.14886092
0.450	-1.250	0.000	0.14876193
0.550	-1.250	0.000	0.14981432
0.650	-1.250	0.000	0.15148336
0.750	-1.250	0.000	0.15441625
0.850	-1.250	0.000	0.15874681
0.950	-1.250	0.000	0.16253828
1.050	-1.250	0.000	0.16504240
1.150	-1.250	0.000	0.16566540
1.250	-1.250	0.000	0.16468860
1.350	-1.250	0.000	0.16183954
1.450	-1.250	0.000	0.16017890
1.550	-1.250	0.000	0.15842618
1.650	-1.250	0.000	0.15784369
1.750	-1.250	0.000	0.15777278
1.850	-1.250	0.000	0.15816724
1.950	-1.250	0.000	0.15723434
2.050	-1.250	0.000	0.15664390
2.150	-1.250	0.000	0.15480502
2.250	-1.250	0.000	0.15444832
2.350	-1.250	0.000	0.15179481
2.450	-1.250	0.000	0.14842620
-2.450	-1.150	0.000	0.11127925
-2.350	-1.150	0.000	0.12086803
-2.250	-1.150	0.000	0.12690458
-2.150	-1.150	0.000	0.13470744
-2.050	-1.150	0.000	0.14173289
-1.950	-1.150	0.000	0.14786148
-1.850	-1.150	0.000	0.15520990
-1.750	-1.150	0.000	0.16324058
-1.650	-1.150	0.000	0.16687223
-1.550	-1.150	0.000	0.16862953
-1.450	-1.150	0.000	0.16791725
-1.350	-1.150	0.000	0.16559546
-1.250	-1.150	0.000	0.16457555
-1.150	-1.150	0.000	0.16278087
-1.050	-1.150	0.000	0.16082463
-0.950	-1.150	0.000	0.15869147
-0.850	-1.150	0.000	0.15643814
-0.750	-1.150	0.000	0.15505113
-0.650	-1.150	0.000	0.15522514
-0.550	-1.150	0.000	0.15569419
-0.450	-1.150	0.000	0.15587170
-0.350	-1.150	0.000	0.15568271
-0.250	-1.150	0.000	0.15522026
-0.150	-1.150	0.000	0.15476462
-0.050	-1.150	0.000	0.15394127
0.050	-1.150	0.000	0.15267743
0.150	-1.150	0.000	0.15061292
0.250	-1.150	0.000	0.14892729
0.350	-1.150	0.000	0.14763094
0.450	-1.150	0.000	0.14767905
0.550	-1.150	0.000	0.14846121
0.650	-1.150	0.000	0.15021215
0.750	-1.150	0.000	0.15320045
0.850	-1.150	0.000	0.15738609
0.950	-1.150	0.000	0.16139440
1.050	-1.150	0.000	0.16399892
1.150	-1.150	0.000	0.16494590
1.250	-1.150	0.000	0.16417450
1.350	-1.150	0.000	0.16144148
1.450	-1.150	0.000	0.15949509
1.550	-1.150	0.000	0.15750986
1.650	-1.150	0.000	0.15640542
1.750	-1.150	0.000	0.15617210
1.850	-1.150	0.000	0.15679257
1.950	-1.150	0.000	0.15635769
2.050	-1.150	0.000	0.15617342
2.150	-1.150	0.000	0.15467191
2.250	-1.150	0.000	0.15459840
2.350	-1.150	0.000	0.15268326
2.450	-1.150	0.000	0.15005790
-2.450	-1.050	0.000	0.11543612
-2.350	-1.050	0.000	0.12418509
-2.250	-1.050	0.000	0.13121688
-2.150	-1.050	0.000	0.13966954
-2.050	-1.050	0.000	0.14696985
-1.950	-1.050	0.000	0.15312812
-1.850	-1.050	0.000	0.15969054
-1.750	-1.050	0.000	0.16763340
-1.650	-1.050	0.000	0.17184228
-1.550	-1.050	0.000	0.17370097
-1.450	-1.050	0.000	0.17259380
-1.350	-1.050	0.000	0.16913395
-1.250	-1.050	0.000	0.16633779
-1.150	-1.050	0.000	0.16314022
-1.050	-1.050	0.000	0.15977372
-0.950	-1.050	0.000	0.15659253
-0.850	-1.050	0.000	0.15417215
-0.750	-1.050	0.000	0.15313864
-0.650	-1.050	0.000	0.15414305
-0.550	-1.050	0.000	0.15592018
-0.450	-1.050	0.000	0.15706474
-0.350	-1.050	0.000	0.15749653
-0.250	-1.050	0.000	0.15681003
-0.150	-1.050	0.000	0.15552500
-0.050	-1.050	0.000	0.15395673
0.050	-1.050	0.000	0.15200423
0.150	-1.050	0.000	0.14948279
0.250	-1.050	0.000	0.14780162
0.350	-1.050	0.000	0.14635590
0.450	-1.050	0.000	0.14665563
0.550	-1.050	0.000	0.14721966
0.650	-1.050	0.000	0.14903314
0.750	-1.050	0.000	0.15218545
0.850	-1.050	0.000	0.15635884
0.950	-1.050	0.000	0.16049108
1.050	-1.050	0.000	0.16315386
1.150	-1.050	0.000	0.16428433
1.250	-1.050	0.000	0.16367050
1.350	-1.050	0.000	0.16112231
1.450	-1.050	0.000	0.15892871
1.550	-1.050	0.000	0.15677825
1.650	-1.050	0.000	0.15537494
1.750	-1.050	0.000	0.15504476
1.850	-1.050	0.000	0.15580320
1.950	-1.050	0.000	0.15574770
2.050	-1.050	0.000	0.15610331
2.150	-1.050	0.000	0.15492336
2.250	-1.050	0.000	0.15491502
2.350	-1.050	0.000	0.15337174
2.450	-1.050	0.000	0.15147512
-2.450	-0.950	0.000	0.11900169
-2.350	-0.950	0.000	0.12673798
-2.250	-0.950	0.000	0.13442093
-2.150	-0.950	0.000	0.14331822
-2.050	-0.950	0.000	0.15095717
-1.950	-0.950	0.000	0.15721792
-1.850	-0.950	0.000	0.16309109
-1.750	-0.950	0.000	0.17044440
-1.650	-0.950	0.000	0.17521758
-1.550	-0.950	0.000	0.17711578
-1.450	-0.950	0.000	0.17556117
-1.350	-0.950	0.000	0.17114693
-1.250	-0.950	0.000	0.16649701
-1.150	-0.950	0.000	0.16165145
-1.050	-0.950	0.000	0.15676512
-0.950	-0.950	0.000	0.15293452
-0.850	-0.950	0.000	0.15095732
-0.750	-0.950	0.000	0.15085310
-0.650	-0.950	0.000	0.15321241
-0.550	-0.950	0.000	0.15673569
-0.450	-0.950	0.000	0.15883635
-0.350	-0.950	0.000	0.15984267
-0.250	-0.950	0.000	0.15907562
-0.150	-0.950	0.000	0.15729272
-0.050	-0.950	0.000	0.15507479
0.050	-0.950	0.000	0.15249637
0.150	-0.950	0.000	0.14937741
0.250	-0.950	0.000	0.14723612
0.350	-0.950	0.000	0.14571142
0.450	-0.950	0.000	0.14623632
0.550	-0.950	0.000	0.14688605
0.650	-0.950	0.000	0.14859796
0.750	-0.950	0.000	0.15180546
0.850	-0.950	0.000	0.15590346
0.950	-0.950	0.000	0.16002610
1.050	-0.950	0.000	0.16270527
1.150	-0.950	0.000	0.16406961
1.250	-0.950	0.000	0.16362567
1.350	-0.950	0.000	0.16122402
1.450	-0.950	0.000	0.15879415
1.550	-0.950	0.000	0.15633537
1.650	-0.950	0.000	0.15454854
1.750	-0.950	0.000	0.15387492
1.850	-0.950	0.000	0.15452088
1.950	-0.950	0.000	0.15456386
2.050	-0.950	0.000	0.15540853
2.150	-0.950	0.000	0.15462680
2.250	-0.950	0.000	0.15476514
2.350	-0.950	0.000	0.15340126
2.450	-0.950	0.000	0.15231733
-2.450	-0.850	0.000	0.12206569
-2.350	-0.850	0.000	0.12840477
-2.250	-0.850	0.000	0.13605925
-2.150	-0.850	0.000	0.14539394
-2.050	-0.850	0.000	0.15352271
-1.950	-0.850	0.000	0.16015553
-1.850	-0.850	0.000	0.16575941
-1.750	-0.850	0.000	0.17233767
-1.650	-0.850	0.000	0.17701164
-1.550	-0.850	0.000	0.17870274
-1.450	-0.850	0.000	0.17671928
-1.350	-0.850	0.000	0.17136414
-1.250	-0.850	0.000	0.16520658
-1.150	-0.850	0.000	0.15884700
-1.050	-0.850	0.000	0.15294686
-0.950	-0.850	0.000	0.14899693
-0.850	-0.850	0.000	0.14768803
-0.750	-0.850	0.000	0.14892472
-0.650	-0.850	0.000	0.15272085
-0.550	-0.850	0.000	0.15777740
-0.450	-0.850	0.000	0.16057938
-0.350	-0.850	0.000	0.16222042
-0.250	-0.850	0.000	0.16144723
-0.150	-0.850	0.000	0.15933217
-0.050	-0.850	0.000	0.15664968
0.050	-0.850	0.000	0.15362334
0.150	-0.850	0.000	0.15025823
0.250	-0.850	0.000	0.14788859
0.350	-0.850	0.000	0.14555679
0.450	-0.850	0.000	0.14558402
0.550	-0.850	0.000	0.14617142
0.650	-0.850	0.000	0.14792894
0.750	-0.850	0.000	0.15130480
0.850	-0.850	0.000	0.15566498
0.950	-0.850	0.000	0.15985726
1.050	-0.850	0.000	0.16257669
1.150	-0.850	0.000	0.16417311
1.250	-0.850	0.000	0.16389433
1.350	-0.850	0.000	0.16159397
1.450	-0.850	0.000	0.15904459
1.550	-0.850	0.000	0.15629828
1.650	-0.850	0.000	0.15421154
1.750	-0.850	0.000	0.15306354
1.850	-0.850	0.000	0.15336795
1.950	-0.850	0.000	0.15318170
2.050	-0.850	0.000	0.15410486
2.150	-0.850	0.000	0.15354376
2.250	-0.850	0.000	0.15398611
2.350	-0.850	0.000	0.15300167
2.450	-0.850	0.000	0.15289351
-2.450	-0.750	0.000	0.12413453
-2.350	-0.750	0.000	0.12903059
-2.250	-0.750	0.000	0.13596317
-2.150	-0.750	0.000	0.14548860
-2.050	-0.750	0.000	0.15382756
-1.950	-0.750	0.000	0.16078481
-1.850	-0.750	0.000	0.16599311
-1.750	-0.750	0.000	0.17163743
-1.650	-0.750	0.000	0.17600147
-1.550	-0.750	0.000	0.17728525
-1.450	-0.750	0.000	0.17502384
-1.350	-0.750	0.000	0.16921517
-1.250	-0.750	0.000	0.16237697
-1.150	-0.750	0.000	0.15518753
-1.050	-0.750	0.000	0.14928339
-0.950	-0.750	0.000	0.14580253
-0.850	-0.750	0.000	0.14523119
-0.750	-0.750	0.000	0.14750016
-0.650	-0.750	0.000	0.15227231
-0.550	-0.750	0.000	0.15825641
-0.450	-0.750	0.000	0.16177045
-0.350	-0.750	0.000	0.16407228
-0.250	-0.750	0.000	0.16397575
-0.150	-0.750	0.000	0.16204835
-0.050	-0.750	0.000	0.15937097
0.050	-0.750	0.000	0.15620951
0.150	-0.750	0.000	0.15263566
0.250	-0.750	0.000	0.14977130
0.350	-0.750	0.000	0.14763160
0.450	-0.750	0.000	0.14697132
0.550	-0.750	0.000	0.14664103
0.650	-0.750	0.000	0.14771757
0.750	-0.750	0.000	0.15096910
0.850	-0.750	0.000	0.15543875
0.950	-0.750	0.000	0.15973534
1.050	-0.750	0.000	0.16279824
1.150	-0.750	0.000	0.16444758
1.250	-0.750	0.000	0.16430269
1.350	-0.750	0.000	0.16196653
1.450	-0.750	0.000	0.15950172
1.550	-0.750	0.000	0.15647720
1.650	-0.750	0.000	0.15418953
1.750	-0.750	0.000	0.15256415
1.850	-0.750	0.000	0.15240958
1.950	-0.750	0.000	0.15185113
2.050	-0.750	0.000	0.15232626
2.150	-0.750	0.000	0.15170635
2.250	-0.750	0.000	0.15255232
2.350	-0.750	0.000	0.15179852
2.450	-0.750	0.000	0.15283896
-2.450	-0.650	0.000	0.12458367
-2.350	-0.650	0.000	0.12805517
-2.250	-0.650	0.000	0.13388689
-2.150	-0.650	0.000	0.14328545
-2.050	-0.650	0.000	0.15159945
-1.950	-0.650	0.000	0.15878329
-1.850	-0.650	0.000	0.16370659
-1.750	-0.650	0.000	0.16851056
-1.650	-0.650	0.000	0.17253169
-1.550	-0.650	0.000	0.17330164
-1.450	-0.650	0.000	0.17095819
-1.350	-0.650	0.000	0.16560994
-1.250	-0.650	0.000	0.15904140
-1.150	-0.650	0.000	0.15242308
-1.050	-0.650	0.000	0.14752820
-0.950	-0.650	0.000	0.14476889
-0.850	-0.650	0.000	0.14456941
-0.750	-0.650	0.000	0.14705890
-0.650	-0.650	0.000	0.15190119
-0.550	-0.650	0.000	0.15812823
-0.450	-0.650	0.000	0.16245861
-0.350	-0.650	0.000	0.16521250
-0.250	-0.650	0.000	0.16612588
-0.150	-0.650	0.000	0.16483510
-0.050	-0.650	0.000	0.16269706
0.050	-0.650	0.000	0.15969533
0.150	-0.650	0.000	0.15605757
0.250	-0.650	0.000	0.15275036
0.350	-0.650	0.000	0.14964040
0.450	-0.650	0.000	0.14809117
0.550	-0.650	0.000	0.14783588
0.650	-0.650	0.000	0.14907262
0.750	-0.650	0.000	0.15223159
0.850	-0.650	0.000	0.15658884
0.950	-0.650	0.000	0.16032885
1.050	-0.650	0.000	0.16286206
1.150	-0.650	0.000	0.16417767
1.250	-0.650	0.000	0.16402493
1.350	-0.650	0.000	0.16202228
1.450	-0.650	0.000	0.15972587
1.550	-0.650	0.000	0.15668590
1.650	-0.650	0.000	0.15434442
1.750	-0.650	0.000	0.15227751
1.850	-0.650	0.000	0.15188065
1.950	-0.650	0.000	0.15093204
2.050	-0.650	0.000	0.15074736
2.150	-0.650	0.000	0.14971803
2.250	-0.650	0.000	0.15092367
2.350	-0.650	0.000	0.15044925
2.450	-0.650	0.000	0.15252407
-2.450	-0.550	0.000	0.12394910
-2.350	-0.550	0.000	0.12610559
-2.250	-0.550	0.000	0.13016605
-2.150	-0.550	0.000	0.13920775
-2.050	-0.550	0.000	0.14737606
-1.950	-0.550	0.000	0.15462628
-1.850	-0.550	0.000	0.15946156
-1.750	-0.550	0.000	0.16325350
-1.650	-0.550	0.000	0.16700941
-1.550	-0.550	0.000	0.16785252
-1.450	-0.550	0.000	0.16624747
-1.350	-0.550	0.000	0.16239013
-1.250	-0.550	0.000	0.15749995
-1.150	-0.550	0.000	0.15233402
-1.050	-0.550	0.000	0.14842269
-0.950	-0.550	0.000	0.14579342
-0.850	-0.550	0.000	0.14538442
-0.750	-0.550	0.000	0.14741728
-0.650	-0.550	0.000	0.15172531
-0.550	-0.550	0.000	0.15785468
-0.450	-0.550	0.000	0.16271043
-0.350	-0.550	0.000	0.16595149
-0.250	-0.550	0.000	0.16781636
-0.150	-0.550	0.000	0.16706146
-0.050	-0.550	0.000	0.16522738
0.050	-0.550	0.000	0.16215082
0.150	-0.550	0.000	0.15854917
0.250	-0.550	0.000	0.15540087
0.350	-0.550	0.000	0.15273619
0.450	-0.550	0.000	0.15085618
0.550	-0.550	0.000	0.15001510
0.650	-0.550	0.000	0.15024188
0.750	-0.550	0.000	0.15263736
0.850	-0.550	0.000	0.15625164
0.950	-0.550	0.000	0.15995288
1.050	-0.550	0.000	0.16298375
1.150	-0.550	0.000	0.16447812
1.250	-0.550	0.000	0.16435638
1.350	-0.550	0.000	0.16236076
1.450	-0.550	0.000	0.15989378
1.550	-0.550	0.000	0.15690701
1.650	-0.550	0.000	0.15469599
1.750	-0.550	0.000	0.15240474
1.850	-0.550	0.000	0.15170051
1.950	-0.550	0.000	0.15043020
2.050	-0.550	0.000	0.14984007
2.150	-0.550	0.000	0.14827870
2.250	-0.550	0.000	0.14966552
2.350	-0.550	0.000	0.14927679
2.450	-0.550	0.000	0.15221214
-2.450	-0.450	0.000	0.12232590
-2.350	-0.450	0.000	0.12363321
-2.250	-0.450	0.000	0.12608761
-2.150	-0.450	0.000	0.13378765
-2.050	-0.450	0.000	0.14089471
-1.950	-0.450	0.000	0.14780052
-1.850	-0.450	0.000	0.15259500
-1.750	-0.450	0.000	0.15633006
-1.650	-0.450	0.000	0.16036381
-1.550	-0.450	0.000	0.16231284
-1.450	-0.450	0.000	0.16254725
-1.350	-0.450	0.000	0.16074756
-1.250	-0.450	0.000	0.15760717
-1.150	-0.450	0.000	0.15376218
-1.050	-0.450	0.000	0.15043710
-0.950	-0.450	0.000	0.14763620
-0.850	-0.450	0.000	0.14635323
-0.750	-0.450	0.000	0.14749080
-0.650	-0.450	0.000	0.15127788
-0.550	-0.450	0.000	0.15744764
-0.450	-0.450	0.000	0.16258009
-0.350	-0.450	0.000	0.16640250
-0.250	-0.450	0.000	0.16875052
-0.150	-0.450	0.000	0.16826093
-0.050	-0.450	0.000	0.16656995
0.050	-0.450	0.000	0.16390166
0.150	-0.450	0.000	0.16090055
0.250	-0.450	0.000	0.15791468
0.350	-0.450	0.000	0.15525627
0.450	-0.450	0.000	0.15325192
0.550	-0.450	0.000	0.15229687
0.650	-0.450	0.000	0.15234229
0.750	-0.450	0.000	0.15430734
0.850	-0.450	0.000	0.15740675
0.950	-0.450	0.000	0.16052850
1.050	-0.450	0.000	0.16277589
1.150	-0.450	0.000	0.16398169
1.250	-0.450	0.000	0.16385034
1.350	-0.450	0.000	0.16220243
1.450	-0.450	0.000	0.15997796
1.550	-0.450	0.000	0.15722281
1.650	-0.450	0.000	0.15518342
1.750	-0.450	0.000	0.15305692
1.850	-0.450	0.000	0.15217456
1.950	-0.450	0.000	0.15055151
2.050	-0.450	0.000	0.14961617
2.150	-0.450	0.000	0.14748426
2.250	-0.450	0.000	0.14866154
2.350	-0.450	0.000	0.14808215
2.450	-0.450	0.000	0.15177384
-2.450	-0.350	0.000	0.12003060
-2.350	-0.350	0.000	0.12090304
-2.250	-0.350	0.000	0.12164574
-2.150	-0.350	0.000	0.12763837
-2.050	-0.350	0.000	0.13354638
-1.950	-0.350	0.000	0.13985145
-1.850	-0.350	0.000	0.14452380
-1.750	-0.350	0.000	0.14858729
-1.650	-0.350	0.000	0.15324853
-1.550	-0.350	0.000	0.15726505
-1.450	-0.350	0.000	0.15951937
-1.350	-0.350	0.000	0.15952080
-1.250	-0.350	0.000	0.15796024
-1.150	-0.350	0.000	0.15488258
-1.050	-0.350	0.000	0.15159656
-0.950	-0.350	0.000	0.14836146
-0.850	-0.350	0.000	0.14628924
-0.750	-0.350	0.000	0.14697824
-0.650	-0.350	0.000	0.15079296
-0.550	-0.350	0.000	0.15727445
-0.450	-0.350	0.000	0.16260631
-0.350	-0.350	0.000	0.16669929
-0.250	-0.350	0.000	0.16918789
-0.150	-0.350	0.000	0.16861494
-0.050	-0.350	0.000	0.16672944
0.050	-0.350	0.000	0.16387583
0.150	-0.350	0.000	0.16089195
0.250	-0.350	0.000	0.15874726
0.350	-0.350	0.000	0.15747716
0.450	-0.350	0.000	0.15616575
0.550	-0.350	0.000	0.15523759
0.650	-0.350	0.000	0.15467903
0.750	-0.350	0.000	0.15584664
0.850	-0.350	0.000	0.15835159
0.950	-0.350	0.000	0.16110648
1.050	-0.350	0.000	0.16332802
1.150	-0.350	0.000	0.16436525
1.250	-0.350	0.000	0.16397578
1.350	-0.350	0.000	0.16218318
1.450	-0.350	0.000	0.15998676
1.550	-0.350	0.000	0.15750788
1.650	-0.350	0.000	0.15581509
1.750	-0.350	0.000	0.15404253
1.850	-0.350	0.000	0.15334196
1.950	-0.350	0.000	0.15185258
2.050	-0.350	0.000	0.15095268
2.150	-0.350	0.000	0.14857252
2.250	-0.350	0.000	0.14940596
2.350	-0.350	0.000	0.14840718
2.450	-0.350	0.000	0.15223582
-2.450	-0.250	0.000	0.11745625
-2.350	-0.250	0.000	0.11789434
-2.250	-0.250	0.000	0.11704320
-2.150	-0.250	0.000	0.12154171
-2.050	-0.250	0.000	0.12613271
-1.950	-0.250	0.000	0.13177931
-1.850	-0.250	0.000	0.13676509
-1.750	-0.250	0.000	0.14165637
-1.650	-0.250	0.000	0.14745982
-1.550	-0.250	0.000	0.15272237
-1.450	-0.250	0.000	0.15705127
-1.350	-0.250	0.000	0.15861616
-1.250	-0.250	0.000	0.15825064
-1.150	-0.250	0.000	0.15553929
-1.050	-0.250	0.000	0.15210646
-0.950	-0.250	0.000	0.14842090
-0.850	-0.250	0.000	0.14605850
-0.750	-0.250	0.000	0.14663966
-0.650	-0.250	0.000	0.15070683
-0.550	-0.250	0.000	0.15754718
-0.450	-0.250	0.000	0.16311060
-0.350	-0.250	0.000	0.16739839
-0.250	-0.250	0.000	0.16955154
-0.150	-0.250	0.000	0.16850774
-0.050	-0.250	0.000	0.16630593
0.050	-0.250	0.000	0.16344616
0.150	-0.250	0.000	0.16097720
0.250	-0.250	0.000	0.15909293
0.350	-0.250	0.000	0.15755203
0.450	-0.250	0.000	0.15647054
0.550	-0.250	0.000	0.15555677
0.650	-0.250	0.000	0.15616776
0.750	-0.250	0.000	0.15810993
0.850	-0.250	0.000	0.16046177
0.950	-0.250	0.000	0.16269705
1.050	-0.250	0.000	0.16429526
1.150	-0.250	0.000	0.16489184
1.250	-0.250	0.000	0.16424315
1.350	-0.250	0.000	0.16235252
1.450	-0.250	0.000	0.16020599
1.550	-0.250	0.000	0.15805796
1.650	-0.250	0.000	0.15657410
1.750	-0.250	0.000	0.15516971
1.850	-0.250	0.000	0.15479280
1.950	-0.250	0.000	0.15351245
2.050	-0.250	0.000	0.15280205
2.150	-0.250	0.000	0.15052862
2.250	-0.250	0.000	0.15109392
2.350	-0.250	0.000	0.14962313
2.450	-0.250	0.000	0.15311955
-2.450	-0.150	0.000	0.11448637
-2.350	-0.150	0.000	0.11464276
-2.250	-0.150	0.000	0.11229686
-2.150	-0.150	0.000	0.11531599
-2.050	-0.150	0.000	0.11893788
-1.950	-0.150	0.000	0.12421238
-1.850	-0.150	0.000	0.12984288
-1.750	-0.150	0.000	0.13533987
-1.650	-0.150	0.000	0.14205445
-1.550	-0.150	0.000	0.14886108
-1.450	-0.150	0.000	0.15474133
-1.350	-0.150	0.000	0.15773056
-1.250	-0.150	0.000	0.15810303
-1.150	-0.150	0.000	0.15555871
-1.050	-0.150	0.000	0.15176912
-0.950	-0.150	0.000	0.14764594
-0.850	-0.150	0.000	0.14555024
-0.750	-0.150	0.000	0.14644182
-0.650	-0.150	0.000	0.15072767
-0.550	-0.150	0.000	0.15770327
-0.450	-0.150	0.000	0.16323267
-0.350	-0.150	0.000	0.16769940
-0.250	-0.150	0.000	0.16921102
-0.150	-0.150	0.000	0.16757020
-0.050	-0.150	0.000	0.16480801
0.050	-0.150	0.000	0.16182001
0.150	-0.150	0.000	0.15957876
0.250	-0.150	0.000	0.15835749
0.350	-0.150	0.000	0.15796286
0.450	-0.150	0.000	0.15773153
0.550	-0.150	0.000	0.15768903
0.650	-0.150	0.000	0.15756497
0.750	-0.150	0.000	0.15854159
0.850	-0.150	0.000	0.16026586
0.950	-0.150	0.000	0.16234982
1.050	-0.150	0.000	0.16414598
1.150	-0.150	0.000	0.16480348
1.250	-0.150	0.000	0.16437799
1.350	-0.150	0.000	0.16271587
1.450	-0.150	0.000	0.16068731
1.550	-0.150	0.000	0.15875942
1.650	-0.150	0.000	0.15749903
1.750	-0.150	0.000	0.15676731
1.850	-0.150	0.000	0.15687375
1.950	-0.150	0.000	0.15578829
2.050	-0.150	0.000	0.15509771
2.150	-0.150	0.000	0.15296938
2.250	-0.150	0.000	0.15349375
2.350	-0.150	0.000	0.15204689
2.450	-0.150	0.000	0.15492855
-2.450	-0.050	0.000	0.11179244
-2.350	-0.050	0.000	0.11193369
-2.250	-0.050	0.000	0.10837765
-2.150	-0.050	0.000	0.11029632
-2.050	-0.050	0.000	0.11321434
-1.950	-0.050	0.000	0.11783214
-1.850	-0.050	0.000	0.12375425
-1.750	-0.050	0.000	0.12989169
-1.650	-0.050	0.000	0.13788414
-1.550	-0.050	0.000	0.14615703
-1.450	-0.050	0.000	0.15312327
-1.350	-0.050	0.000	0.15678790
-1.250	-0.050	0.000	0.15748787
-1.150	-0.050	0.000	0.15511926
-1.050	-0.050	0.000	0.15143046
-0.950	-0.050	0.000	0.14733683
-0.850	-0.050	0.000	0.14550124
-0.750	-0.050	0.000	0.14661840
-0.650	-0.050	0.000	0.15095127
-0.550	-0.050	0.000	0.15788296
-0.450	-0.050	0.000	0.16349697
-0.350	-0.050	0.000	0.16785026
-0.250	-0.050	0.000	0.16911472
-0.150	-0.050	0.000	0.16730291
-0.050	-0.050	0.000	0.16429137
0.050	-0.050	0.000	0.16120817
0.150	-0.050	0.000	0.15895116
0.250	-0.050	0.000	0.15777138
0.350	-0.050	0.000	0.15724558
0.450	-0.050	0.000	0.15717310
0.550	-0.050	0.000	0.15715139
0.650	-0.050	0.000	0.15781780
0.750	-0.050	0.000	0.15963893
0.850	-0.050	0.000	0.16198760
0.950	-0.050	0.000	0.16405198
1.050	-0.050	0.000	0.16543630
1.150	-0.050	0.000	0.16555348
1.250	-0.050	0.000	0.16470547
1.350	-0.050	0.000	0.16289686
1.450	-0.050	0.000	0.16114976
1.550	-0.050	0.000	0.15951702
1.650	-0.050	0.000	0.15846492
1.750	-0.050	0.000	0.15778683
1.850	-0.050	0.000	0.15806779
1.950	-0.050	0.000	0.15757617
2.050	-0.050	0.000	0.15740988
2.150	-0.050	0.000	0.15576123
2.250	-0.050	0.000	0.15624209
2.350	-0.050	0.000	0.15517719
2.450	-0.050	0.000	0.15752141
-2.450	0.050	0.000	0.10950899
-2.350	0.050	0.000	0.10976432
-2.250	0.050	0.000	0.10542656
-2.150	0.050	0.000	0.10652654
-2.050	0.050	0.000	0.10906880
-1.950	0.050	0.000	0.11337862
-1.850	0.050	0.000	0.12004447
-1.750	0.050	0.000	0.12697089
-1.650	0.050	0.000	0.13543361
-1.550	0.050	0.000	0.14394210
-1.450	0.050	0.000	0.15101804
-1.350	0.050	0.000	0.15520839
-1.250	0.050	0.000	0.15617554
-1.150	0.050	0.000	0.15427931
-1.050	0.050	0.000	0.15138160
-0.950	0.050	0.000	0.14754124
-0.850	0.050	0.000	0.14630736
-0.750	0.050	0.000	0.14764355
-0.650	0.050	0.000	0.15171991
-0.550	0.050	0.000	0.15804960
-0.450	0.050	0.000	0.16384222
-0.350	0.050	0.000	0.16764824
-0.250	0.050	0.000	0.16906072
-0.150	0.050	0.000	0.16709486
-0.050	0.050	0.000	0.16393906
0.050	0.050	0.000	0.16082589
0.150	0.050	0.000	0.15859251
0.250	0.050	0.000	0.15750796
0.350	0.050	0.000	0.15706800
0.450	0.050	0.000	0.15699469
0.550	0.050	0.000	0.15740411
0.650	0.050	0.000	0.15816553
0.750	0.050	0.000	0.15980428
0.850	0.050	0.000	0.16199550
0.950	0.050	0.000	0.16379315
1.050	0.050	0.000	0.16513591
1.150	0.050	0.000	0.16549082
1.250	0.050	0.000	0.16508584
1.350	0.050	0.000	0.16375816
1.450	0.050	0.000	0.16243383
1.550	0.050	0.000	0.16096428
1.650	0.050	0.000	0.15996078
1.750	0.050	0.000	0.15928863
1.850	0.050	0.000	0.15962982
1.950	0.050	0.000	0.15933158
2.050	0.050	0.000	0.15940522
2.150	0.050	0.000	0.15810604
2.250	0.050	0.000	0.15873826
2.350	0.050	0.000	0.15808892
2.450	0.050	0.000	0.16015032
-2.450	0.150	0.000	0.10749530
-2.350	0.150	0.000	0.10789216
-2.250	0.150	0.000	0.10311117
-2.150	0.150	0.000	0.10349277
-2.050	0.150	0.000	0.10611394
-1.950	0.150	0.000	0.11028615
-1.850	0.150	0.000	0.11753304
-1.750	0.150	0.000	0.12489380
-1.650	0.150	0.000	0.13368340
-1.550	0.150	0.000	0.14228038
-1.450	0.150	0.000	0.14944673
-1.350	0.150	0.000	0.15412280
-1.250	0.150	0.000	0.15517470
-1.150	0.150	0.000	0.15402454
-1.050	0.150	0.000	0.15171205
-0.950	0.150	0.000	0.14864470
-0.850	0.150	0.000	0.14753313
-0.750	0.150	0.000	0.14893240
-0.650	0.150	0.000	0.15287098
-0.550	0.150	0.000	0.15845360
-0.450	0.150	0.000	0.16418476
-0.350	0.150	0.000	0.16742729
-0.250	0.150	0.000	0.16898666
-0.150	0.150	0.000	0.16686657
-0.050	0.150	0.000	0.16368967
0.050	0.150	0.000	0.16070467
0.150	0.150	0.000	0.15873256
0.250	0.150	0.000	0.15776168
0.350	0.150	0.000	0.15743405
0.450	0.150	0.000	0.15709570
0.550	0.150	0.000	0.15740764
0.650	0.150	0.000	0.15814918
0.750	0.150	0.000	0.15992127
0.850	0.150	0.000	0.16233081
0.950	0.150	0.000	0.16432033
1.050	0.150	0.000	0.16570437
1.150	0.150	0.000	0.16606970
1.250	0.150	0.000	0.16572991
1.350	0.150	0.000	0.16465989
1.450	0.150	0.000	0.16341414
1.550	0.150	0.000	0.16215824
1.650	0.150	0.000	0.16152319
1.750	0.150	0.000	0.16113912
1.850	0.150	0.000	0.16156535
1.950	0.150	0.000	0.16107999
2.050	0.150	0.000	0.16110450
2.150	0.150	0.000	0.16037078
2.250	0.150	0.000	0.16133045
2.350	0.150	0.000	0.16103190
2.450	0.150	0.000	0.16299780
-2.450	0.250	0.000	0.10551865
-2.350	0.250	0.000	0.10635835
-2.250	0.250	0.000	0.10169926
-2.150	0.250	0.000	0.10180867
-2.050	0.250	0.000	0.10459886
-1.950	0.250	0.000	0.10859232
-1.850	0.250	0.000	0.11611596
-1.750	0.250	0.000	0.12362099
-1.650	0.250	0.000	0.13264568
-1.550	0.250	0.000	0.14132899
-1.450	0.250	0.000	0.14837144
-1.350	0.250	0.000	0.15334661
-1.250	0.250	0.000	0.15473394
-1.150	0.250	0.000	0.15413746
-1.050	0.250	0.000	0.15228994
-0.950	0.250	0.000	0.15006350
-0.850	0.250	0.000	0.14909746
-0.750	0.250	0.000	0.15028864
-0.650	0.250	0.000	0.15377997
-0.550	0.250	0.000	0.15885086
-0.450	0.250	0.000	0.16431917
-0.350	0.250	0.000	0.16754338
-0.250	0.250	0.000	0.16905679
-0.150	0.250	0.000	0.16686349
-0.050	0.250	0.000	0.16337298
0.050	0.250	0.000	0.16028279
0.150	0.250	0.000	0.15841196
0.250	0.250	0.000	0.15777716
0.350	0.250	0.000	0.15775557
0.450	0.250	0.000	0.15773535
0.550	0.250	0.000	0.15803234
0.650	0.250	0.000	0.15859249
0.750	0.250	0.000	0.15999003
0.850	0.250	0.000	0.16230363
0.950	0.250	0.000	0.16448052
1.050	0.250	0.000	0.16597354
1.150	0.250	0.000	0.16655752
1.250	0.250	0.000	0.16639340
1.350	0.250	0.000	0.16536263
1.450	0.250	0.000	0.16431069
1.550	0.250	0.000	0.16360012
1.650	0.250	0.000	0.16349077
1.750	0.250	0.000	0.16322762
1.850	0.250	0.000	0.16370223
1.950	0.250	0.000	0.16345556
2.050	0.250	0.000	0.16346869
2.150	0.250	0.000	0.16244388
2.250	0.250	0.000	0.16297524
2.350	0.250	0.000	0.16248360
2.450	0.250	0.000	0.16482337
-2.450	0.350	0.000	0.10372354
-2.350	0.350	0.000	0.10512500
-2.250	0.350	0.000	0.10143297
-2.150	0.350	0.000	0.10180448
-2.050	0.350	0.000	0.10500072
-1.950	0.350	0.000	0.10899106
-1.850	0.350	0.000	0.11670588
-1.750	0.350	0.000	0.12420436
-1.650	0.350	0.000	0.13307922
-1.550	0.350	0.000	0.14156656
-1.450	0.350	0.000	0.14826627
-1.350	0.350	0.000	0.15296713
-1.250	0.350	0.000	0.15489687
-1.150	0.350	0.000	0.15475391
-1.050	0.350	0.000	0.15337262
-0.950	0.350	0.000	0.15167098
-0.850	0.350	0.000	0.15074651
-0.750	0.350	0.000	0.15150343
-0.650	0.350	0.000	0.15463203
-0.550	0.350	0.000	0.15949164
-0.450	0.350	0.000	0.16444705
-0.350	0.350	0.000	0.16796108
-0.250	0.350	0.000	0.16933317
-0.150	0.350	0.000	0.16753870
-0.050	0.350	0.000	0.16369687
0.050	0.350	0.000	0.16020067
0.150	0.350	0.000	0.15832287
0.250	0.350	0.000	0.15791816
0.350	0.350	0.000	0.15835203
0.450	0.350	0.000	0.15851879
0.550	0.350	0.000	0.15885325
0.650	0.350	0.000	0.15973042
0.750	0.350	0.000	0.16139935
0.850	0.350	0.000	0.16358645
0.950	0.350	0.000	0.16564655
1.050	0.350	0.000	0.16679958
1.150	0.350	0.000	0.16689351
1.250	0.350	0.000	0.16646738
1.350	0.350	0.000	0.16584288
1.450	0.350	0.000	0.16526049
1.550	0.350	0.000	0.16460422
1.650	0.350	0.000	0.16451436
1.750	0.350	0.000	0.16475084
1.850	0.350	0.000	0.16551644
1.950	0.350	0.000	0.16544431
2.050	0.350	0.000	0.16577020
2.150	0.350	0.000	0.16493289
2.250	0.350	0.000	0.16512996
2.350	0.350	0.000	0.16358322
2.450	0.350	0.000	0.16609327
-2.450	0.450	0.000	0.10206565
-2.350	0.450	0.000	0.10425412
-2.250	0.450	0.000	0.10267290
-2.150	0.450	0.000	0.10312214
-2.050	0.450	0.000	0.10639361
-1.950	0.450	0.000	0.11041625
-1.850	0.450	0.000	0.11836728
-1.750	0.450	0.000	0.12592214
-1.650	0.450	0.000	0.13443102
-1.550	0.450	0.000	0.14273702
-1.450	0.450	0.000	0.14925203
-1.350	0.450	0.000	0.15382838
-1.250	0.450	0.000	0.15600076
-1.150	0.450	0.000	0.15600158
-1.050	0.450	0.000	0.15450408
-0.950	0.450	0.000	0.15252782
-0.850	0.450	0.000	0.15121540
-0.750	0.450	0.000	0.15152130
-0.650	0.450	0.000	0.15451455
-0.550	0.450	0.000	0.15949729
-0.450	0.450	0.000	0.16480504
-0.350	0.450	0.000	0.16853063
-0.250	0.450	0.000	0.17003262
-0.150	0.450	0.000	0.16823769
-0.050	0.450	0.000	0.16453846
0.050	0.450	0.000	0.16079740
0.150	0.450	0.000	0.15889151
0.250	0.450	0.000	0.15870441
0.350	0.450	0.000	0.15937610
0.450	0.450	0.000	0.15992168
0.550	0.450	0.000	0.16019014
0.650	0.450	0.000	0.16092251
0.750	0.450	0.000	0.16234212
0.850	0.450	0.000	0.16425210
0.950	0.450	0.000	0.16622053
1.050	0.450	0.000	0.16773890
1.150	0.450	0.000	0.16798066
1.250	0.450	0.000	0.16740318
1.350	0.450	0.000	0.16637778
1.450	0.450	0.000	0.16552024
1.550	0.450	0.000	0.16520831
1.650	0.450	0.000	0.16592808
1.750	0.450	0.000	0.16679241
1.850	0.450	0.000	0.16803348
1.950	0.450	0.000	0.16829346
2.050	0.450	0.000	0.16840421
2.150	0.450	0.000	0.16736586
2.250	0.450	0.000	0.16733038
2.350	0.450	0.000	0.16572069
2.450	0.450	0.000	0.16808660
-2.450	0.550	0.000	0.10072836
-2.350	0.550	0.000	0.10407879
-2.250	0.550	0.000	0.10504098
-2.150	0.550	0.000	0.10537492
-2.050	0.550	0.000	0.10873530
-1.950	0.550	0.000	0.11220169
-1.850	0.550	0.000	0.11992641
-1.750	0.550	0.000	0.12762773
-1.650	0.550	0.000	0.13614848
-1.550	0.550	0.000	0.14449334
-1.450	0.550	0.000	0.15097962
-1.350	0.550	0.000	0.15548801
-1.250	0.550	0.000	0.15749742
-1.150	0.550	0.000	0.15737128
-1.050	0.550	0.000	0.15567997
-0.950	0.550	0.000	0.15339057
-0.850	0.550	0.000	0.15182394
-0.750	0.550	0.000	0.15200348
-0.650	0.550	0.000	0.15463300
-0.550	0.550	0.000	0.15940528
-0.450	0.550	0.000	0.16519819
-0.350	0.550	0.000	0.16899115
-0.250	0.550	0.000	0.17102672
-0.150	0.550	0.000	0.16938579
-0.050	0.550	0.000	0.16610636
0.050	0.550	0.000	0.16216277
0.150	0.550	0.000	0.16008054
0.250	0.550	0.000	0.15997626
0.350	0.550	0.000	0.16095628
0.450	0.550	0.000	0.16215284
0.550	0.550	0.000	0.16276443
0.650	0.550	0.000	0.16355382
0.750	0.550	0.000	0.16459346
0.850	0.550	0.000	0.16586314
0.950	0.550	0.000	0.16707428
1.050	0.550	0.000	0.16815178
1.150	0.550	0.000	0.16826460
1.250	0.550	0.000	0.16776896
1.350	0.550	0.000	0.16687676
1.450	0.550	0.000	0.16625278
1.550	0.550	0.000	0.16583337
1.650	0.550	0.000	0.16633885
1.750	0.550	0.000	0.16756910
1.850	0.550	0.000	0.16933955
1.950	0.550	0.000	0.17024449
2.050	0.550	0.000	0.17108563
2.150	0.550	0.000	0.17033108
2.250	0.550	0.000	0.17032766
2.350	0.550	0.000	0.16891062
2.450	0.550	0.000	0.17068899
-2.450	0.650	0.000	0.10047738
-2.350	0.650	0.000	0.10461689
-2.250	0.650	0.000	0.10811634
-2.150	0.650	0.000	0.10815232
-2.050	0.650	0.000	0.11164735
-1.950	0.650	0.000	0.11461756
-1.850	0.650	0.000	0.12210102
-1.750	0.650	0.000	0.12994334
-1.650	0.650	0.000	0.13824314
-1.550	0.650	0.000	0.14636752
-1.450	0.650	0.000	0.15275395
-1.350	0.650	0.000	0.15743215
-1.250	0.650	0.000	0.15918727
-1.150	0.650	0.000	0.15880215
-1.050	0.650	0.000	0.15693052
-0.950	0.650	0.000	0.15466243
-0.850	0.650	0.000	0.15307480
-0.750	0.650	0.000	0.15294047
-0.650	0.650	0.000	0.15505047
-0.550	0.650	0.000	0.15953359
-0.450	0.650	0.000	0.16515569
-0.350	0.650	0.000	0.16976824
-0.250	0.650	0.000	0.17194276
-0.150	0.650	0.000	0.17086805
-0.050	0.650	0.000	0.16792597
0.050	0.650	0.000	0.16375192
0.150	0.650	0.000	0.16132301
0.250	0.650	0.000	0.16104478
0.350	0.650	0.000	0.16221501
0.450	0.650	0.000	0.16387226
0.550	0.650	0.000	0.16500813
0.650	0.650	0.000	0.16590157
0.750	0.650	0.000	0.16698851
0.850	0.650	0.000	0.16834874
0.950	0.650	0.000	0.16970974
1.050	0.650	0.000	0.17045318
1.150	0.650	0.000	0.17007583
1.250	0.650	0.000	0.16890626
1.350	0.650	0.000	0.16746442
1.450	0.650	0.000	0.16622640
1.550	0.650	0.000	0.16606022
1.650	0.650	0.000	0.16725473
1.750	0.650	0.000	0.16871741
1.850	0.650	0.000	0.17116727
1.950	0.650	0.000	0.17232108
2.050	0.650	0.000	0.17300484
2.150	0.650	0.000	0.17246012
2.250	0.650	0.000	0.17271039
2.350	0.650	0.000	0.17176737
2.450	0.650	0.000	0.17297637
-2.450	0.750	0.000	0.10048601
-2.350	0.750	0.000	0.10505828
-2.250	0.750	0.000	0.11086780
-2.150	0.750	0.000	0.11104160
-2.050	0.750	0.000	0.11505330
-1.950	0.750	0.000	0.11758322
-1.850	0.750	0.000	0.12452231
-1.750	0.750	0.000	0.13224275
-1.650	0.750	0.000	0.14021432
-1.550	0.750	0.000	0.14802401
-1.450	0.750	0.000	0.15416750
-1.350	0.750	0.000	0.15860666
-1.250	0.750	0.000	0.16061738
-1.150	0.750	0.000	0.16055551
-1.050	0.750	0.000	0.15933579
-0.950	0.750	0.000	0.15766324
-0.850	0.750	0.000	0.15607254
-0.750	0.750	0.000	0.15561965
-0.650	0.750	0.000	0.15688132
-0.550	0.750	0.000	0.16032015
-0.450	0.750	0.000	0.16527559
-0.350	0.750	0.000	0.16998841
-0.250	0.750	0.000	0.17237043
-0.150	0.750	0.000	0.17204809
-0.050	0.750	0.000	0.16914998
0.050	0.750	0.000	0.16517596
0.150	0.750	0.000	0.16224910
0.250	0.750	0.000	0.16171464
0.350	0.750	0.000	0.16318350
0.450	0.750	0.000	0.16531894
0.550	0.750	0.000	0.16714388
0.650	0.750	0.000	0.16865355
0.750	0.750	0.000	0.17004578
0.850	0.750	0.000	0.17140090
0.950	0.750	0.000	0.17248885
1.050	0.750	0.000	0.17294440
1.150	0.750	0.000	0.17224868
1.250	0.750	0.000	0.17071247
1.350	0.750	0.000	0.16897482
1.450	0.750	0.000	0.16769236
1.550	0.750	0.000	0.16678162
1.650	0.750	0.000	0.16739126
1.750	0.750	0.000	0.16864988
1.850	0.750	0.000	0.17127995
1.950	0.750	0.000	0.17298509
2.050	0.750	0.000	0.17493078
2.150	0.750	0.000	0.17554729
2.250	0.750	0.000	0.17657560
2.350	0.750	0.000	0.17680788
2.450	0.750	0.000	0.17741166
-2.450	0.850	0.000	0.10110535
-2.350	0.850	0.000	0.10532328
-2.250	0.850	0.000	0.11331967
-2.150	0.850	0.000	0.11376594
-2.050	0.850	0.000	0.11832826
-1.950	0.850	0.000	0.12116191
-1.850	0.850	0.000	0.12734213
-1.750	0.850	0.000	0.13421014
-1.650	0.850	0.000	0.14129448
-1.550	0.850	0.000	0.14854780
-1.450	0.850	0.000	0.15482374
-1.350	0.850	0.000	0.15957381
-1.250	0.850	0.000	0.16213381
-1.150	0.850	0.000	0.16255966
-1.050	0.850	0.000	0.16170304
-0.950	0.850	0.000	0.16017817
-0.850	0.850	0.000	0.15891355
-0.750	0.850	0.000	0.15856135
-0.650	0.850	0.000	0.15909569
-0.550	0.850	0.000	0.16147952
-0.450	0.850	0.000	0.16562772
-0.350	0.850	0.000	0.17033920
-0.250	0.850	0.000	0.17307319
-0.150	0.850	0.000	0.17323621
-0.050	0.850	0.000	0.17078954
0.050	0.850	0.000	0.16692184
0.150	0.850	0.000	0.16310847
0.250	0.850	0.000	0.16213110
0.350	0.850	0.000	0.16358942
0.450	0.850	0.000	0.16618046
0.550	0.850	0.000	0.16875368
0.650	0.850	0.000	0.17122924
0.750	0.850	0.000	0.17342834
0.850	0.850	0.000	0.17499551
0.950	0.850	0.000	0.17608613
1.050	0.850	0.000	0.17615785
1.150	0.850	0.000	0.17491536
1.250	0.850	0.000	0.17299221
1.350	0.850	0.000	0.17091180
1.450	0.850	0.000	0.16927250
1.550	0.850	0.000	0.16850491
1.650	0.850	0.000	0.16937451
1.750	0.850	0.000	0.17055760
1.850	0.850	0.000	0.17278433
1.950	0.850	0.000	0.17409532
2.050	0.850	0.000	0.17590816
2.150	0.850	0.000	0.17682022
2.250	0.850	0.000	0.17816563
2.350	0.850	0.000	0.17904338
2.450	0.850	0.000	0.17958488
-2.450	0.950	0.000	0.10164149
-2.350	0.950	0.000	0.10508057
-2.250	0.950	0.000	0.11463840
-2.150	0.950	0.000	0.11581783
-2.050	0.950	0.000	0.12130593
-1.950	0.950	0.000	0.12449178
-1.850	0.950	0.000	0.12977538
-1.750	0.950	0.000	0.13563852
-1.650	0.950	0.000	0.14175969
-1.550	0.950	0.000	0.14848772
-1.450	0.950	0.000	0.15492713
-1.350	0.950	0.000	0.16012745
-1.250	0.950	0.000	0.16325074
-1.150	0.950	0.000	0.16416432
-1.050	0.950	0.000	0.16381502
-0.950	0.950	0.000	0.16285713
-0.850	0.950	0.000	0.16178489
-0.750	0.950	0.000	0.16132216
-0.650	0.950	0.000	0.16166329
-0.550	0.950	0.000	0.16345020
-0.450	0.950	0.000	0.16672581
-0.350	0.950	0.000	0.17083311
-0.250	0.950	0.000	0.17354809
-0.150	0.950	0.000	0.17436294
-0.050	0.950	0.000	0.17239964
0.050	0.950	0.000	0.16897801
0.150	0.950	0.000	0.16530502
0.250	0.950	0.000	0.16383961
0.350	0.950	0.000	0.16469014
0.450	0.950	0.000	0.16732199
0.550	0.950	0.000	0.17033044
0.650	0.950	0.000	0.17330822
0.750	0.950	0.000	0.17614701
0.850	0.950	0.000	0.17816702
0.950	0.950	0.000	0.17976165
1.050	0.950	0.000	0.18032220
1.150	0.950	0.000	0.17889011
1.250	0.950	0.000	0.17596163
1.350	0.950	0.000	0.17300840
1.450	0.950	0.000	0.17082961
1.550	0.950	0.000	0.16966216
1.650	0.950	0.000	0.17068522
1.750	0.950	0.000	0.17213942
1.850	0.950	0.000	0.17438330
1.950	0.950	0.000	0.17643632
2.050	0.950	0.000	0.17888631
2.150	0.950	0.000	0.18070972
2.250	0.950	0.000	0.18223163
2.350	0.950	0.000	0.18453319
2.450	0.950	0.000	0.18509817
-2.450	1.050	0.000	0.10412081
-2.350	1.050	0.000	0.10499599
-2.250	1.050	0.000	0.11439653
-2.150	1.050	0.000	0.11722159
-2.050	1.050	0.000	0.12382197
-1.950	1.050	0.000	0.12814513
-1.850	1.050	0.000	0.13278820
-1.750	1.050	0.000	0.13723910
-1.650	1.050	0.000	0.14219409
-1.550	1.050	0.000	0.14826322
-1.450	1.050	0.000	0.15461951
-1.350	1.050	0.000	0.16035500
-1.250	1.050	0.000	0.16398127
-1.150	1.050	0.000	0.16505387
-1.050	1.050	0.000	0.16452524
-0.950	1.050	0.000	0.16326123
-0.850	1.050	0.000	0.16261385
-0.750	1.050	0.000	0.16248624
-0.650	1.050	0.000	0.16343796
-0.550	1.050	0.000	0.16550106
-0.450	1.050	0.000	0.16871162
-0.350	1.050	0.000	0.17252038
-0.250	1.050	0.000	0.17539564
-0.150	1.050	0.000	0.17598093
-0.050	1.050	0.000	0.17434321
0.050	1.050	0.000	0.17144072
0.150	1.050	0.000	0.16776092
0.250	1.050	0.000	0.16588444
0.350	1.050	0.000	0.16635056
0.450	1.050	0.000	0.16900851
0.550	1.050	0.000	0.17234954
0.650	1.050	0.000	0.17583539
0.750	1.050	0.000	0.17914307
0.850	1.050	0.000	0.18128663
0.950	1.050	0.000	0.18274367
1.050	1.050	0.000	0.18286471
1.150	1.050	0.000	0.18129672
1.250	1.050	0.000	0.17888410
1.350	1.050	0.000	0.17635085
1.450	1.050	0.000	0.17457740
1.550	1.050	0.000	0.17351058
1.650	1.050	0.000	0.17377891
1.750	1.050	0.000	0.17442223
1.850	1.050	0.000	0.17587280
1.950	1.050	0.000	0.17724188
2.050	1.050	0.000	0.17915066
2.150	1.050	0.000	0.18075699
2.250	1.050	0.000	0.18258263
2.350	1.050	0.000	0.18472530
2.450	1.050	0.000	0.18602331
-2.450	1.150	0.000	0.10627799
-2.350	1.150	0.000	0.10462231
-2.250	1.150	0.000	0.11403977
-2.150	1.150	0.000	0.11782601
-2.050	1.150	0.000	0.12516622
-1.950	1.150	0.000	0.13063774
-1.850	1.150	0.000	0.13516791
-1.750	1.150	0.000	0.13858728
-1.650	1.150	0.000	0.14259295
-1.550	1.150	0.000	0.14824335
-1.450	1.150	0.000	0.15427770
-1.350	1.150	0.000	0.15973888
-1.250	1.150	0.000	0.16343212
-1.150	1.150	0.000	0.16472980
-1.050	1.150	0.000	0.16460283
-0.950	1.150	0.000	0.16377427
-0.850	1.150	0.000	0.16342175
-0.750	1.150	0.000	0.16394559
-0.650	1.150	0.000	0.16562840
-0.550	1.150	0.000	0.16833204
-0.450	1.150	0.000	0.17166078
-0.350	1.150	0.000	0.17492893
-0.250	1.150	0.000	0.17748947
-0.150	1.150	0.000	0.17790136
-0.050	1.150	0.000	0.17668930
0.050	1.150	0.000	0.17407794
0.150	1.150	0.000	0.17062712
0.250	1.150	0.000	0.16854061
0.350	1.150	0.000	0.16873677
0.450	1.150	0.000	0.17133664
0.550	1.150	0.000	0.17477784
0.650	1.150	0.000	0.17848665
0.750	1.150	0.000	0.18220550
0.850	1.150	0.000	0.18463920
0.950	1.150	0.000	0.18620673
1.050	1.150	0.000	0.18637431
1.150	1.150	0.000	0.18469484
1.250	1.150	0.000	0.18190946
1.350	1.150	0.000	0.17906369
1.450	1.150	0.000	0.17717107
1.550	1.150	0.000	0.17629287
1.650	1.150	0.000	0.17709340
1.750	1.150	0.000	0.17820750
1.850	1.150	0.000	0.17977822
1.950	1.150	0.000	0.18141988
2.050	1.150	0.000	0.18341810
2.150	1.150	0.000	0.18533398
2.250	1.150	0.000	0.18714887
2.350	1.150	0.000	0.18875493
2.450	1.150	0.000	0.19072297
-2.450	1.250	0.000	0.11053674
-2.350	1.250	0.000	0.10552438
-2.250	1.250	0.000	0.11337286
-2.150	1.250	0.000	0.11761368
-2.050	1.250	0.000	0.12548247
-1.950	1.250	0.000	0.13219598
-1.850	1.250	0.000	0.13705215
-1.750	1.250	0.000	0.14023821
-1.650	1.250	0.000	0.14347062
-1.550	1.250	0.000	0.14830868
-1.450	1.250	0.000	0.15372922
-1.350	1.250	0.000	0.15888935
-1.250	1.250	0.000	0.16268550
-1.150	1.250	0.000	0.16438103
-1.050	1.250	0.000	0.16450660
-0.950	1.250	0.000	0.16393134
-0.850	1.250	0.000	0.16397890
-0.750	1.250	0.000	0.16499469
-0.650	1.250	0.000	0.16725786
-0.550	1.250	0.000	0.17034602
-0.450	1.250	0.000	0.17381382
-0.350	1.250	0.000	0.17703955
-0.250	1.250	0.000	0.17954837
-0.150	1.250	0.000	0.17987214
-0.050	1.250	0.000	0.17880419
0.050	1.250	0.000	0.17667034
0.150	1.250	0.000	0.17369446
0.250	1.250	0.000	0.17151876
0.350	1.250	0.000	0.17144480
0.450	1.250	0.000	0.17380838
0.550	1.250	0.000	0.17726372
0.650	1.250	0.000	0.18119682
0.750	1.250	0.000	0.18519576
0.850	1.250	0.000	0.18784828
0.950	1.250	0.000	0.18935829
1.050	1.250	0.000	0.18937379
1.150	1.250	0.000	0.18760280
1.250	1.250	0.000	0.18490651
1.350	1.250	0.000	0.18214333
1.450	1.250	0.000	0.18002170
1.550	1.250	0.000	0.17873023
1.650	1.250	0.000	0.17884652
1.750	1.250	0.000	0.17938741
1.850	1.250	0.000	0.18079051
1.950	1.250	0.000	0.18206787
2.050	1.250	0.000	0.18395843
2.150	1.250	0.000	0.18571173
2.250	1.250	0.000	0.18771031
2.350	1.250	0.000	0.18875919
2.450	1.250	0.000	0.19059874
-2.450	1.350	0.000	0.11539367
-2.350	1.350	0.000	0.10773461
-2.250	1.350	0.000	0.11298639
-2.150	1.350	0.000	0.11663969
-2.050	1.350	0.000	0.12478723
-1.950	1.350	0.000	0.13240494
-1.850	1.350	0.000	0.13794106
-1.750	1.350	0.000	0.14143495
-1.650	1.350	0.000	0.14438079
-1.550	1.350	0.000	0.14830281
-1.450	1.350	0.000	0.15295209
-1.350	1.350	0.000	0.15750846
-1.250	1.350	0.000	0.16145121
-1.150	1.350	0.000	0.16401494
-1.050	1.350	0.000	0.16496263
-0.950	1.350	0.000	0.16507652
-0.850	1.350	0.000	0.16514154
-0.750	1.350	0.000	0.16627975
-0.650	1.350	0.000	0.16860607
-0.550	1.350	0.000	0.17176062
-0.450	1.350	0.000	0.17526358
-0.350	1.350	0.000	0.17827046
-0.250	1.350	0.000	0.18076862
-0.150	1.350	0.000	0.18121348
-0.050	1.350	0.000	0.18064804
0.050	1.350	0.000	0.17927457
0.150	1.350	0.000	0.17712355
0.250	1.350	0.000	0.17513438
0.350	1.350	0.000	0.17480141
0.450	1.350	0.000	0.17668800
0.550	1.350	0.000	0.17999662
0.650	1.350	0.000	0.18402168
0.750	1.350	0.000	0.18817356
0.850	1.350	0.000	0.19098125
0.950	1.350	0.000	0.19259508
1.050	1.350	0.000	0.19275300
1.150	1.350	0.000	0.19104345
1.250	1.350	0.000	0.18842942
1.350	1.350	0.000	0.18566814
1.450	1.350	0.000	0.18348981
1.550	1.350	0.000	0.18200067
1.650	1.350	0.000	0.18185465
1.750	1.350	0.000	0.18216115
1.850	1.350	0.000	0.18325225
1.950	1.350	0.000	0.18446577
2.050	1.350	0.000	0.18646058
2.150	1.350	0.000	0.18831457
2.250	1.350	0.000	0.19070619
2.350	1.350	0.000	0.19192469
2.450	1.350	0.000	0.19433257
-2.450	1.450	0.000	0.12150242
-2.350	1.450	0.000	0.11081680
-2.250	1.450	0.000	0.11252982
-2.150	1.450	0.000	0.11584253
-2.050	1.450	0.000	0.12315295
-1.950	1.450	0.000	0.13090438
-1.850	1.450	0.000	0.13760266
-1.750	1.450	0.000	0.14215058
-1.650	1.450	0.000	0.14519992
-1.550	1.450	0.000	0.14856116
-1.450	1.450	0.000	0.15211919
-1.350	1.450	0.000	0.15607336
-1.250	1.450	0.000	0.15982166
-1.150	1.450	0.000	0.16259627
-1.050	1.450	0.000	0.16415299
-0.950	1.450	0.000	0.16485424
-0.850	1.450	0.000	0.16564611
-0.750	1.450	0.000	0.16731356
-0.650	1.450	0.000	0.17000833
-0.550	1.450	0.000	0.17340054
-0.450	1.450	0.000	0.17686959
-0.350	1.450	0.000	0.17950991
-0.250	1.450	0.000	0.18165639
-0.150	1.450	0.000	0.18203612
-0.050	1.450	0.000	0.18194750
0.050	1.450	0.000	0.18118568
0.150	1.450	0.000	0.17971769
0.250	1.450	0.000	0.17815298
0.350	1.450	0.000	0.17804913
0.450	1.450	0.000	0.18009247
0.550	1.450	0.000	0.18348171
0.650	1.450	0.000	0.18753138
0.750	1.450	0.000	0.19156629
0.850	1.450	0.000	0.19414838
0.950	1.450	0.000	0.19565037
1.050	1.450	0.000	0.19578479
1.150	1.450	0.000	0.19403052
1.250	1.450	0.000	0.19148557
1.350	1.450	0.000	0.18876033
1.450	1.450	0.000	0.18645985
1.550	1.450	0.000	0.18459132
1.650	1.450	0.000	0.18372215
1.750	1.450	0.000	0.18325026
1.850	1.450	0.000	0.18349829
1.950	1.450	0.000	0.18406093
2.050	1.450	0.000	0.18572991
2.150	1.450	0.000	0.18758363
2.250	1.450	0.000	0.19061810
2.350	1.450	0.000	0.19200481
2.450	1.450	0.000	0.19477980
-2.450	1.550	0.000	0.12851571
-2.350	1.550	0.000	0.11647310
-2.250	1.550	0.000	0.11363847
-2.150	1.550	0.000	0.11418556
-2.050	1.550	0.000	0.12026495
-1.950	1.550	0.000	0.12834431
-1.850	1.550	0.000	0.13628565
-1.750	1.550	0.000	0.14222334
-1.650	1.550	0.000	0.14612985
-1.550	1.550	0.000	0.14945270
-1.450	1.550	0.000	0.15265563
-1.350	1.550	0.000	0.15558210
-1.250	1.550	0.000	0.15813875
-1.150	1.550	0.000	0.16038129
-1.050	1.550	0.000	0.16218747
-0.950	1.550	0.000	0.16370578
-0.850	1.550	0.000	0.16547085
-0.750	1.550	0.000	0.16801675
-0.650	1.550	0.000	0.17139822
-0.550	1.550	0.000	0.17524023
-0.450	1.550	0.000	0.17873032
-0.350	1.550	0.000	0.18112954
-0.250	1.550	0.000	0.18274494
-0.150	1.550	0.000	0.18309295
-0.050	1.550	0.000	0.18336917
0.050	1.550	0.000	0.18328446
0.150	1.550	0.000	0.18224069
0.250	1.550	0.000	0.18081346
0.350	1.550	0.000	0.18048328
0.450	1.550	0.000	0.18203609
0.550	1.550	0.000	0.18523897
0.650	1.550	0.000	0.18948252
0.750	1.550	0.000	0.19413166
0.850	1.550	0.000	0.19765721
0.950	1.550	0.000	0.19945785
1.050	1.550	0.000	0.19967893
1.150	1.550	0.000	0.19788441
1.250	1.550	0.000	0.19519685
1.350	1.550	0.000	0.19232671
1.450	1.550	0.000	0.18983872
1.550	1.550	0.000	0.18773673
1.650	1.550	0.000	0.18656589
1.750	1.550	0.000	0.18565631
1.850	1.550	0.000	0.18569966
1.950	1.550	0.000	0.18599421
2.050	1.550	0.000	0.18756168
2.150	1.550	0.000	0.18885863
2.250	1.550	0.000	0.19189572
2.350	1.550	0.000	0.19307257
2.450	1.550	0.000	0.19726777
-2.450	1.650	0.000	0.13664301
-2.350	1.650	0.000	0.12346718
-2.250	1.650	0.000	0.11683241
-2.150	1.650	0.000	0.11482593
-2.050	1.650	0.000	0.11791779
-1.950	1.650	0.000	0.12489560
-1.850	1.650	0.000	0.13355538
-1.750	1.650	0.000	0.14130543
-1.650	1.650	0.000	0.14691548
-1.550	1.650	0.000	0.15061855
-1.450	1.650	0.000	0.15345642
-1.350	1.650	0.000	0.15545647
-1.250	1.650	0.000	0.15689535
-1.150	1.650	0.000	0.15823461
-1.050	1.650	0.000	0.15989524
-0.950	1.650	0.000	0.16185129
-0.850	1.650	0.000	0.16440038
-0.750	1.650	0.000	0.16807894
-0.650	1.650	0.000	0.17251739
-0.550	1.650	0.000	0.17709583
-0.450	1.650	0.000	0.18088561
-0.350	1.650	0.000	0.18331242
-0.250	1.650	0.000	0.18501674
-0.150	1.650	0.000	0.18519536
-0.050	1.650	0.000	0.18497035
0.050	1.650	0.000	0.18458259
0.150	1.650	0.000	0.18361419
0.250	1.650	0.000	0.18232097
0.350	1.650	0.000	0.18213835
0.450	1.650	0.000	0.18383895
0.550	1.650	0.000	0.18718028
0.650	1.650	0.000	0.19161077
0.750	1.650	0.000	0.19625705
0.850	1.650	0.000	0.19980393
0.950	1.650	0.000	0.20181242
1.050	1.650	0.000	0.20243248
1.150	1.650	0.000	0.20080076
1.250	1.650	0.000	0.19797382
1.350	1.650	0.000	0.19494371
1.450	1.650	0.000	0.19226046
1.550	1.650	0.000	0.19003108
1.650	1.650	0.000	0.18883412
1.750	1.650	0.000	0.18812583
1.850	1.650	0.000	0.18826884
1.950	1.650	0.000	0.18869981
2.050	1.650	0.000	0.19060925
2.150	1.650	0.000	0.19201601
2.250	1.650	0.000	0.19502668
2.350	1.650	0.000	0.19568564
2.450	1.650	0.000	0.19978908
-2.450	1.750	0.000	0.14640597
-2.350	1.750	0.000	0.13414410
-2.250	1.750	0.000	0.12407523
-2.150	1.750	0.000	0.11747567
-2.050	1.750	0.000	0.11675653
-1.950	1.750	0.000	0.12207559
-1.850	1.750	0.000	0.13007241
-1.750	1.750	0.000	0.13892958
-1.650	1.750	0.000	0.14640458
-1.550	1.750	0.000	0.15162151
-1.450	1.750	0.000	0.15442233
-1.350	1.750	0.000	0.15535870
-1.250	1.750	0.000	0.15583257
-1.150	1.750	0.000	0.15702787
-1.050	1.750	0.000	0.15877815
-0.950	1.750	0.000	0.16093798
-0.850	1.750	0.000	0.16417660
-0.750	1.750	0.000	0.16829628
-0.650	1.750	0.000	0.17289816
-0.550	1.750	0.000	0.17783819
-0.450	1.750	0.000	0.18243557
-0.350	1.750	0.000	0.18539330
-0.250	1.750	0.000	0.18726017
-0.150	1.750	0.000	0.18722254
-0.050	1.750	0.000	0.18694900
0.050	1.750	0.000	0.18649094
0.150	1.750	0.000	0.18566363
0.250	1.750	0.000	0.18452209
0.350	1.750	0.000	0.18436809
0.450	1.750	0.000	0.18578638
0.550	1.750	0.000	0.18870917
0.650	1.750	0.000	0.19287445
0.750	1.750	0.000	0.19765165
0.850	1.750	0.000	0.20188574
0.950	1.750	0.000	0.20447618
1.050	1.750	0.000	0.20526433
1.150	1.750	0.000	0.20343576
1.250	1.750	0.000	0.20016019
1.350	1.750	0.000	0.19677177
1.450	1.750	0.000	0.19398169
1.550	1.750	0.000	0.19199556
1.650	1.750	0.000	0.19093315
1.750	1.750	0.000	0.19054291
1.850	1.750	0.000	0.19119549
1.950	1.750	0.000	0.19217549
2.050	1.750	0.000	0.19441229
2.150	1.750	0.000	0.19549614
2.250	1.750	0.000	0.19827409
2.350	1.750	0.000	0.19873305
2.450	1.750	0.000	0.20265664
-2.450	1.850	0.000	0.15717599
-2.350	1.850	0.000	0.14720544
-2.250	1.850	0.000	0.13619669
-2.150	1.850	0.000	0.12641487
-2.050	1.850	0.000	0.12054314
-1.950	1.850	0.000	0.12099882
-1.850	1.850	0.000	0.12656875
-1.750	1.850	0.000	0.13588427
-1.650	1.850	0.000	0.14459758
-1.550	1.850	0.000	0.15098718
-1.450	1.850	0.000	0.15465248
-1.350	1.850	0.000	0.15593028
-1.250	1.850	0.000	0.15661077
-1.150	1.850	0.000	0.15722050
-1.050	1.850	0.000	0.15854020
-0.950	1.850	0.000	0.16076745
-0.850	1.850	0.000	0.16384362
-0.750	1.850	0.000	0.16796157
-0.650	1.850	0.000	0.17320570
-0.550	1.850	0.000	0.17869526
-0.450	1.850	0.000	0.18376435
-0.350	1.850	0.000	0.18721204
-0.250	1.850	0.000	0.18959168
-0.150	1.850	0.000	0.18990837
-0.050	1.850	0.000	0.18952395
0.050	1.850	0.000	0.18878630
0.150	1.850	0.000	0.18760684
0.250	1.850	0.000	0.18655442
0.350	1.850	0.000	0.18670104
0.450	1.850	0.000	0.18847732
0.550	1.850	0.000	0.19149573
0.650	1.850	0.000	0.19560879
0.750	1.850	0.000	0.19997026
0.850	1.850	0.000	0.20362915
0.950	1.850	0.000	0.20566697
1.050	1.850	0.000	0.20605186
1.150	1.850	0.000	0.20440684
1.250	1.850	0.000	0.20150343
1.350	1.850	0.000	0.19837248
1.450	1.850	0.000	0.19588789
1.550	1.850	0.000	0.19400458
1.650	1.850	0.000	0.19379385
1.750	1.850	0.000	0.19451208
1.850	1.850	0.000	0.19581176
1.950	1.850	0.000	0.19651496
2.050	1.850	0.000	0.19827530
2.150	1.850	0.000	0.19863957
2.250	1.850	0.000	0.20090821
2.350	1.850	0.000	0.20075692
2.450	1.850	0.000	0.20469984
-2.450	1.950	0.000	0.16720080
-2.350	1.950	0.000	0.16027866
-2.250	1.950	0.000	0.15064198
-2.150	1.950	0.000	0.13971658
-2.050	1.950	0.000	0.12961900
-1.950	1.950	0.000	0.12510802
-1.850	1.950	0.000	0.12706792
-1.750	1.950	0.000	0.13351052
-1.650	1.950	0.000	0.14206299
-1.550	1.950	0.000	0.14966843
-1.450	1.950	0.000	0.15497395
-1.350	1.950	0.000	0.15735608
-1.250	1.950	0.000	0.15859258
-1.150	1.950	0.000	0.15954293
-1.050	1.950	0.000	0.16105714
-0.950	1.950	0.000	0.16329533
-0.850	1.950	0.000	0.16624081
-0.750	1.950	0.000	0.17032199
-0.650	1.950	0.000	0.17539103
-0.550	1.950	0.000	0.18088511
-0.450	1.950	0.000	0.18595159
-0.350	1.950	0.000	0.18946448
-0.250	1.950	0.000	0.19166999
-0.150	1.950	0.000	0.19241714
-0.050	1.950	0.000	0.19215637
0.050	1.950	0.000	0.19185445
0.150	1.950	0.000	0.19110155
0.250	1.950	0.000	0.19038510
0.350	1.950	0.000	0.19057649
0.450	1.950	0.000	0.19214690
0.550	1.950	0.000	0.19485398
0.650	1.950	0.000	0.19841272
0.750	1.950	0.000	0.20212232
0.850	1.950	0.000	0.20476821
0.950	1.950	0.000	0.20646623
1.050	1.950	0.000	0.20685698
1.150	1.950	0.000	0.20559722
1.250	1.950	0.000	0.20345700
1.350	1.950	0.000	0.20105439
1.450	1.950	0.000	0.19911921
1.550	1.950	0.000	0.19778892
1.650	1.950	0.000	0.19778869
1.750	1.950	0.000	0.19811919
1.850	1.950	0.000	0.19896787
1.950	1.950	0.000	0.19934855
2.050	1.950	0.000	0.20093690
2.150	1.950	0.000	0.20135647
2.250	1.950	0.000	0.20359564
2.350	1.950	0.000	0.20328431
2.450	1.950	0.000	0.20776670
-2.450	2.050	0.000	0.17458643
-2.350	2.050	0.000	0.17057939
-2.250	2.050	0.000	0.16361392
-2.150	2.050	0.000	0.15428744
-2.050	2.050	0.000	0.14325072
-1.950	2.050	0.000	0.13473570
-1.850	2.050	0.000	0.13096745
-1.750	2.050	0.000	0.13385305
-1.650	2.050	0.000	0.14032777
-1.550	2.050	0.000	0.14837967
-1.450	2.050	0.000	0.15562288
-1.350	2.050	0.000	0.16018428
-1.250	2.050	0.000	0.16296370
-1.150	2.050	0.000	0.16523202
-1.050	2.050	0.000	0.16750374
-0.950	2.050	0.000	0.16990454
-0.850	2.050	0.000	0.17285916
-0.750	2.050	0.000	0.17656238
-0.650	2.050	0.000	0.18097548
-0.550	2.050	0.000	0.18577187
-0.450	2.050	0.000	0.19017662
-0.350	2.050	0.000	0.19324781
-0.250	2.050	0.000	0.19510703
-0.150	2.050	0.000	0.19579859
-0.050	2.050	0.000	0.19530536
0.050	2.050	0.000	0.19490378
0.150	2.050	0.000	0.19402982
0.250	2.050	0.000	0.19324762
0.350	2.050	0.000	0.19356146
0.450	2.050	0.000	0.19508614
0.550	2.050	0.000	0.19767831
0.650	2.050	0.000	0.20083226
0.750	2.050	0.000	0.20422089
0.850	2.050	0.000	0.20651013
0.950	2.050	0.000	0.20801529
1.050	2.050	0.000	0.20812200
1.150	2.050	0.000	0.20681988
1.250	2.050	0.000	0.20510542
1.350	2.050	0.000	0.20360154
1.450	2.050	0.000	0.20267159
1.550	2.050	0.000	0.20265228
1.650	2.050	0.000	0.20304240
1.750	2.050	0.000	0.20318739
1.850	2.050	0.000	0.20348103
1.950	2.050	0.000	0.20307550
2.050	2.050	0.000	0.20382527
2.150	2.050	0.000	0.20375931
2.250	2.050	0.000	0.20543948
2.350	2.050	0.000	0.20471050
2.450	2.050	0.000	0.20916899
-2.450	2.150	0.000	0.17912023
-2.350	2.150	0.000	0.17735016
-2.250	2.150	0.000	0.17319922
-2.150	2.150	0.000	0.16658820
-2.050	2.150	0.000	0.15718843
-1.950	2.150	0.000	0.14765397
-1.850	2.150	0.000	0.14013250
-1.750	2.150	0.000	0.13753113
-1.650	2.150	0.000	0.14076713
-1.550	2.150	0.000	0.14790814
-1.450	2.150	0.000	0.15543416
-1.350	2.150	0.000	0.16190803
-1.250	2.150	0.000	0.16641635
-1.150	2.150	0.000	0.16969417
-1.050	2.150	0.000	0.17236593
-0.950	2.150	0.000	0.17499489
-0.850	2.150	0.000	0.17801578
-0.750	2.150	0.000	0.18155454
-0.650	2.150	0.000	0.18599308
-0.550	2.150	0.000	0.19069348
-0.450	2.150	0.000	0.19482960
-0.350	2.150	0.000	0.19758534
-0.250	2.150	0.000	0.19907685
-0.150	2.150	0.000	0.19961587
-0.050	2.150	0.000	0.19908278
0.050	2.150	0.000	0.19843747
0.150	2.150	0.000	0.19739178
0.250	2.150	0.000	0.19619806
0.350	2.150	0.000	0.19570386
0.450	2.150	0.000	0.19613312
0.550	2.150	0.000	0.19780231
0.650	2.150	0.000	0.20049812
0.750	2.150	0.000	0.20382944
0.850	2.150	0.000	0.20648831
0.950	2.150	0.000	0.20846258
1.050	2.150	0.000	0.20935512
1.150	2.150	0.000	0.20910892
1.250	2.150	0.000	0.20852709
1.350	2.150	0.000	0.20771475
1.450	2.150	0.000	0.20687160
1.550	2.150	0.000	0.20615111
1.650	2.150	0.000	0.20580442
1.750	2.150	0.000	0.20578021
1.850	2.150	0.000	0.20615423
1.950	2.150	0.000	0.20612147
2.050	2.150	0.000	0.20726521
2.150	2.150	0.000	0.20723876
2.250	2.150	0.000	0.20897906
2.350	2.150	0.000	0.20792310
2.450	2.150	0.000	0.21222523
-2.450	2.250	0.000	0.18224990
-2.350	2.250	0.000	0.18220426
-2.250	2.250	0.000	0.18036541
-2.150	2.250	0.000	0.17653547
-2.050	2.250	0.000	0.16963378
-1.950	2.250	0.000	0.16113754
-1.850	2.250	0.000	0.15277594
-1.750	2.250	0.000	0.14759344
-1.650	2.250	0.000	0.14691681
-1.550	2.250	0.000	0.15069434
-1.450	2.250	0.000	0.15669701
-1.350	2.250	0.000	0.16296579
-1.250	2.250	0.000	0.16765010
-1.150	2.250	0.000	0.17102291
-1.050	2.250	0.000	0.17455761
-0.950	2.250	0.000	0.17824481
-0.850	2.250	0.000	0.18176463
-0.750	2.250	0.000	0.18546712
-0.650	2.250	0.000	0.18947947
-0.550	2.250	0.000	0.19348618
-0.450	2.250	0.000	0.19710974
-0.350	2.250	0.000	0.19953640
-0.250	2.250	0.000	0.20077512
-0.150	2.250	0.000	0.20115790
-0.050	2.250	0.000	0.20054056
0.050	2.250	0.000	0.19978242
0.150	2.250	0.000	0.19911569
0.250	2.250	0.000	0.19829202
0.350	2.250	0.000	0.19781035
0.450	2.250	0.000	0.19776024
0.550	2.250	0.000	0.19867666
0.650	2.250	0.000	0.20093025
0.750	2.250	0.000	0.20360762
0.850	2.250	0.000	0.20560527
0.950	2.250	0.000	0.20679092
1.050	2.250	0.000	0.20721509
1.150	2.250	0.000	0.20700905
1.250	2.250	0.000	0.20684828
1.350	2.250	0.000	0.20695631
1.450	2.250	0.000	0.20719358
1.550	2.250	0.000	0.20743614
1.650	2.250	0.000	0.20779321
1.750	2.250	0.000	0.20790581
1.850	2.250	0.000	0.20786820
1.950	2.250	0.000	0.20705284
2.050	2.250	0.000	0.20710835
2.150	2.250	0.000	0.20685564
2.250	2.250	0.000	0.20878378
2.350	2.250	0.000	0.20846236
2.450	2.250	0.000	0.21367736
-2.450	2.350	0.000	0.18501897
-2.350	2.350	0.000	0.18620162
-2.250	2.350	0.000	0.18562010
-2.150	2.350	0.000	0.18331710
-2.050	2.350	0.000	0.17817691
-1.950	2.350	0.000	0.17181431
-1.850	2.350	0.000	0.16533002
-1.750	2.350	0.000	0.16024883
-1.650	2.350	0.000	0.15669431
-1.550	2.350	0.000	0.15575501
-1.450	2.350	0.000	0.15698846
-1.350	2.350	0.000	0.15852223
-1.250	2.350	0.000	0.16109663
-1.150	2.350	0.000	0.16542993
-1.050	2.350	0.000	0.17109552
-0.950	2.350	0.000	0.17668968
-0.850	2.350	0.000	0.18188742
-0.750	2.350	0.000	0.18662970
-0.650	2.350	0.000	0.19092800
-0.550	2.350	0.000	0.19476102
-0.450	2.350	0.000	0.19796939
-0.350	2.350	0.000	0.19998562
-0.250	2.350	0.000	0.20081675
-0.150	2.350	0.000	0.20109281
-0.050	2.350	0.000	0.20072040
0.050	2.350	0.000	0.20018040
0.150	2.350	0.000	0.19958971
0.250	2.350	0.000	0.19843844
0.350	2.350	0.000	0.19740674
0.450	2.350	0.000	0.19718966
0.550	2.350	0.000	0.19798948
0.650	2.350	0.000	0.20039332
0.750	2.350	0.000	0.20333795
0.850	2.350	0.000	0.20568250
0.950	2.350	0.000	0.20693459
1.050	2.350	0.000	0.20707974
1.150	2.350	0.000	0.20641698
1.250	2.350	0.000	0.20580545
1.350	2.350	0.000	0.20581566
1.450	2.350	0.000	0.20636906
1.550	2.350	0.000	0.20696084
1.650	2.350	0.000	0.20753774
1.750	2.350	0.000	0.20768747
1.850	2.350	0.000	0.20784776
1.950	2.350	0.000	0.20727952
2.050	2.350	0.000	0.20812064
2.150	2.350	0.000	0.20822434
2.250	2.350	0.000	0.21046825
2.350	2.350	0.000	0.21003193
2.450	2.350	0.000	0.21507670
-2.450	2.450	0.000	0.18532880
-2.350	2.450	0.000	0.18714488
-2.250	2.450	0.000	0.18726775
-2.150	2.450	0.000	0.18576819
-2.050	2.450	0.000	0.18231118
-1.950	2.450	0.000	0.17820050
-1.850	2.450	0.000	0.17403105
-1.750	2.450	0.000	0.17060639
-1.650	2.450	0.000	0.16730221
-1.550	2.450	0.000	0.16417864
-1.450	2.450	0.000	0.16117124
-1.350	2.450	0.000	0.15860274
-1.250	2.450	0.000	0.15757652
-1.150	2.450	0.000	0.15898031
-1.050	2.450	0.000	0.16223872
-0.950	2.450	0.000	0.16696553
-0.850	2.450	0.000	0.17263469
-0.750	2.450	0.000	0.17868440
-0.650	2.450	0.000	0.18480702
-0.550	2.450	0.000	0.19042720
-0.450	2.450	0.000	0.19504704
-0.350	2.450	0.000	0.19833288
-0.250	2.450	0.000	0.20031191
-0.150	2.450	0.000	0.20163429
-0.050	2.450	0.000	0.20209213
0.050	2.450	0.000	0.20227048
0.150	2.450	0.000	0.20211735
0.250	2.450	0.000	0.20102681
0.350	2.450	0.000	0.19933937
0.450	2.450	0.000	0.19741701
0.550	2.450	0.000	0.19626059
0.650	2.450	0.000	0.19645123
0.750	2.450	0.000	0.19756974
0.850	2.450	0.000	0.19920287
0.950	2.450	0.000	0.20093647
1.050	2.450	0.000	0.20227157
1.150	2.450	0.000	0.20322023
1.250	2.450	0.000	0.20370059
1.350	2.450	0.000	0.20404884
1.450	2.450	0.000	0.20424791
1.550	2.450	0.000	0.20453271
1.650	2.450	0.000	0.20510055
1.750	2.450	0.000	0.20586015
1.850	2.450	0.000	0.20692280
1.950	2.450	0.000	0.20730950
2.050	2.450	0.000	0.20873557
2.150	2.450	0.000	0.20902807
2.250	2.450	0.000	0.21132626
2.350	2.450	0.000	0.21093181
2.450	2.450	0.000	0.21525057
