-2.450	-2.450	0.000	0.18201341
-2.350	-2.450	0.000	0.18696767
-2.250	-2.450	0.000	0.19228886
-2.150	-2.450	0.000	0.19731638
-2.050	-2.450	0.000	0.20226458
-1.950	-2.450	0.000	0.20662785
-1.850	-2.450	0.000	0.21040472
-1.750	-2.450	0.000	0.21267639
-1.650	-2.450	0.000	0.21396731
-1.550	-2.450	0.000	0.21382144
-1.450	-2.450	0.000	0.21259166
-1.350	-2.450	0.000	0.21106388
-1.250	-2.450	0.000	0.20984110
-1.150	-2.450	0.000	0.20917569
-1.050	-2.450	0.000	0.20955780
-0.950	-2.450	0.000	0.21039221
-0.850	-2.450	0.000	0.21120283
-0.750	-2.450	0.000	0.21159482
-0.650	-2.450	0.000	0.21168436
-0.550	-2.450	0.000	0.21186641
-0.450	-2.450	0.000	0.21237327
-0.350	-2.450	0.000	0.21340181
-0.250	-2.450	0.000	0.21481493
-0.150	-2.450	0.000	0.21599397
-0.050	-2.450	0.000	0.21682088
0.050	-2.450	0.000	0.21738431
0.150	-2.450	0.000	0.21765742
0.250	-2.450	0.000	0.21784899
0.350	-2.450	0.000	0.21807714
0.450	-2.450	0.000	0.21838894
0.550	-2.450	0.000	0.21871927
0.650	-2.450	0.000	0.21897416
0.750	-2.450	0.000	0.21904226
0.850	-2.450	0.000	0.21886361
0.950	-2.450	0.000	0.21864496
1.050	-2.450	0.000	0.21843414
1.150	-2.450	0.000	0.21811159
1.250	-2.450	0.000	0.21759546
1.350	-2.450	0.000	0.21668963
1.450	-2.450	0.000	0.21519659
1.550	-2.450	0.000	0.21339518
1.650	-2.450	0.000	0.21150178
1.750	-2.450	0.000	0.21036042
1.850	-2.450	0.000	0.20928513
1.950	-2.450	0.000	0.20914625
2.050	-2.450	0.000	0.20812669
2.150	-2.450	0.000	0.20575666
2.250	-2.450	0.000	0.20338382
2.350	-2.450	0.000	0.20093216
2.450	-2.450	0.000	0.20164403
-2.450	-2.350	0.000	0.19059731
-2.350	-2.350	0.000	0.19557789
-2.250	-2.350	0.000	0.20119241
-2.150	-2.350	0.000	0.20630586
-2.050	-2.350	0.000	0.21135102
-1.950	-2.350	0.000	0.21589668
-1.850	-2.350	0.000	0.21996513
-1.750	-2.350	0.000	0.22255573
-1.650	-2.350	0.000	0.22425857
-1.550	-2.350	0.000	0.22424015
-1.450	-2.350	0.000	0.22309768
-1.350	-2.350	0.000	0.22142564
-1.250	-2.350	0.000	0.22005193
-1.150	-2.350	0.000	0.21922471
-1.050	-2.350	0.000	0.21955523
-0.950	-2.350	0.000	0.22044277
-0.850	-2.350	0.000	0.22138081
-0.750	-2.350	0.000	0.22178240
-0.650	-2.350	0.000	0.22165199
-0.550	-2.350	0.000	0.22127956
-0.450	-2.350	0.000	0.22097644
-0.350	-2.350	0.000	0.22101495
-0.250	-2.350	0.000	0.22136308
-0.150	-2.350	0.000	0.22175984
-0.050	-2.350	0.000	0.22191419
0.050	-2.350	0.000	0.22181773
0.150	-2.350	0.000	0.22148867
0.250	-2.350	0.000	0.22100230
0.350	-2.350	0.000	0.22053610
0.450	-2.350	0.000	0.22022469
0.550	-2.350	0.000	0.22010255
0.650	-2.350	0.000	0.22003521
0.750	-2.350	0.000	0.21989079
0.850	-2.350	0.000	0.21971631
0.950	-2.350	0.000	0.21955636
1.050	-2.350	0.000	0.21944314
1.150	-2.350	0.000	0.21930255
1.250	-2.350	0.000	0.21896602
1.350	-2.350	0.000	0.21822779
1.450	-2.350	0.000	0.21684343
1.550	-2.350	0.000	0.21514988
1.650	-2.350	0.000	0.21343018
1.750	-2.350	0.000	0.21239929
1.850	-2.350	0.000	0.21119982
1.950	-2.350	0.000	0.21086213
2.050	-2.350	0.000	0.20940909
2.150	-2.350	0.000	0.20671655
2.250	-2.350	0.000	0.20389254
2.350	-2.350	0.000	0.20120837
2.450	-2.350	0.000	0.20148315
-2.450	-2.250	0.000	0.19470264
-2.350	-2.250	0.000	0.19973432
-2.250	-2.250	0.000	0.20550756
-2.150	-2.250	0.000	0.21070531
-2.050	-2.250	0.000	0.21577416
-1.950	-2.250	0.000	0.22037143
-1.850	-2.250	0.000	0.22433478
-1.750	-2.250	0.000	0.22706887
-1.650	-2.250	0.000	0.22876069
-1.550	-2.250	0.000	0.22891872
-1.450	-2.250	0.000	0.22802995
-1.350	-2.250	0.000	0.22635829
-1.250	-2.250	0.000	0.22481492
-1.150	-2.250	0.000	0.22381280
-1.050	-2.250	0.000	0.22397776
-0.950	-2.250	0.000	0.22476575
-0.850	-2.250	0.000	0.22573091
-0.750	-2.250	0.000	0.22632730
-0.650	-2.250	0.000	0.22632129
-0.550	-2.250	0.000	0.22599374
-0.450	-2.250	0.000	0.22560866
-0.350	-2.250	0.000	0.22539070
-0.250	-2.250	0.000	0.22531393
-0.150	-2.250	0.000	0.22514418
-0.050	-2.250	0.000	0.22474425
0.050	-2.250	0.000	0.22413510
0.150	-2.250	0.000	0.22337991
0.250	-2.250	0.000	0.22258146
0.350	-2.250	0.000	0.22183369
0.450	-2.250	0.000	0.22122595
0.550	-2.250	0.000	0.22077298
0.650	-2.250	0.000	0.22040431
0.750	-2.250	0.000	0.22009858
0.850	-2.250	0.000	0.21990876
0.950	-2.250	0.000	0.21986277
1.050	-2.250	0.000	0.21988527
1.150	-2.250	0.000	0.21984205
1.250	-2.250	0.000	0.21957275
1.350	-2.250	0.000	0.21895999
1.450	-2.250	0.000	0.21782424
1.550	-2.250	0.000	0.21644005
1.650	-2.250	0.000	0.21488005
1.750	-2.250	0.000	0.21375228
1.850	-2.250	0.000	0.21236350
1.950	-2.250	0.000	0.21161447
2.050	-2.250	0.000	0.20968324
2.150	-2.250	0.000	0.20666032
2.250	-2.250	0.000	0.20366353
2.350	-2.250	0.000	0.20097959
2.450	-2.250	0.000	0.20135735
-2.450	-2.150	0.000	0.19905086
-2.350	-2.150	0.000	0.20410769
-2.250	-2.150	0.000	0.20997915
-2.150	-2.150	0.000	0.21524510
-2.050	-2.150	0.000	0.22034164
-1.950	-2.150	0.000	0.22497685
-1.850	-2.150	0.000	0.22889106
-1.750	-2.150	0.000	0.23185571
-1.650	-2.150	0.000	0.23348506
-1.550	-2.150	0.000	0.23390611
-1.450	-2.150	0.000	0.23311053
-1.350	-2.150	0.000	0.23167458
-1.250	-2.150	0.000	0.23020473
-1.150	-2.150	0.000	0.22930923
-1.050	-2.150	0.000	0.22919966
-0.950	-2.150	0.000	0.22982368
-0.850	-2.150	0.000	0.23070906
-0.750	-2.150	0.000	0.23146588
-0.650	-2.150	0.000	0.23163913
-0.550	-2.150	0.000	0.23137887
-0.450	-2.150	0.000	0.23083498
-0.350	-2.150	0.000	0.23027538
-0.250	-2.150	0.000	0.22962943
-0.150	-2.150	0.000	0.22874631
-0.050	-2.150	0.000	0.22760570
0.050	-2.150	0.000	0.22630712
0.150	-2.150	0.000	0.22505155
0.250	-2.150	0.000	0.22398274
0.350	-2.150	0.000	0.22306755
0.450	-2.150	0.000	0.22222084
0.550	-2.150	0.000	0.22146161
0.650	-2.150	0.000	0.22087260
0.750	-2.150	0.000	0.22048314
0.850	-2.150	0.000	0.22031571
0.950	-2.150	0.000	0.22032082
1.050	-2.150	0.000	0.22035418
1.150	-2.150	0.000	0.22026591
1.250	-2.150	0.000	0.21994400
1.350	-2.150	0.000	0.21931252
1.450	-2.150	0.000	0.21823443
1.550	-2.150	0.000	0.21692768
1.650	-2.150	0.000	0.21544909
1.750	-2.150	0.000	0.21436620
1.850	-2.150	0.000	0.21294692
1.950	-2.150	0.000	0.21201141
2.050	-2.150	0.000	0.21004966
2.150	-2.150	0.000	0.20713906
2.250	-2.150	0.000	0.20433289
2.350	-2.150	0.000	0.20190023
2.450	-2.150	0.000	0.20206697
-2.450	-2.050	0.000	0.20245953
-2.350	-2.050	0.000	0.20752999
-2.250	-2.050	0.000	0.21343310
-2.150	-2.050	0.000	0.21868402
-2.050	-2.050	0.000	0.22374745
-1.950	-2.050	0.000	0.22836718
-1.850	-2.050	0.000	0.23229319
-1.750	-2.050	0.000	0.23532565
-1.650	-2.050	0.000	0.23701945
-1.550	-2.050	0.000	0.23753275
-1.450	-2.050	0.000	0.23685919
-1.350	-2.050	0.000	0.23558167
-1.250	-2.050	0.000	0.23421764
-1.150	-2.050	0.000	0.23331982
-1.050	-2.050	0.000	0.23301412
-0.950	-2.050	0.000	0.23344707
-0.850	-2.050	0.000	0.23410113
-0.750	-2.050	0.000	0.23490061
-0.650	-2.050	0.000	0.23514789
-0.550	-2.050	0.000	0.23498783
-0.450	-2.050	0.000	0.23457403
-0.350	-2.050	0.000	0.23403934
-0.250	-2.050	0.000	0.23323539
-0.150	-2.050	0.000	0.23198314
-0.050	-2.050	0.000	0.23024122
0.050	-2.050	0.000	0.22828141
0.150	-2.050	0.000	0.22646944
0.250	-2.050	0.000	0.22499900
0.350	-2.050	0.000	0.22384959
0.450	-2.050	0.000	0.22294626
0.550	-2.050	0.000	0.22222793
0.650	-2.050	0.000	0.22165608
0.750	-2.050	0.000	0.22127156
0.850	-2.050	0.000	0.22116080
0.950	-2.050	0.000	0.22126643
1.050	-2.050	0.000	0.22138493
1.150	-2.050	0.000	0.22128475
1.250	-2.050	0.000	0.22085784
1.350	-2.050	0.000	0.22007300
1.450	-2.050	0.000	0.21882619
1.550	-2.050	0.000	0.21733074
1.650	-2.050	0.000	0.21573974
1.750	-2.050	0.000	0.21458568
1.850	-2.050	0.000	0.21313152
1.950	-2.050	0.000	0.21221885
2.050	-2.050	0.000	0.21032664
2.150	-2.050	0.000	0.20753802
2.250	-2.050	0.000	0.20497349
2.350	-2.050	0.000	0.20278856
2.450	-2.050	0.000	0.20295197
-2.450	-1.950	0.000	0.20495692
-2.350	-1.950	0.000	0.21004029
-2.250	-1.950	0.000	0.21582372
-2.150	-1.950	0.000	0.22092444
-2.050	-1.950	0.000	0.22591501
-1.950	-1.950	0.000	0.23047262
-1.850	-1.950	0.000	0.23434874
-1.750	-1.950	0.000	0.23737055
-1.650	-1.950	0.000	0.23920411
-1.550	-1.950	0.000	0.23991482
-1.450	-1.950	0.000	0.23942153
-1.350	-1.950	0.000	0.23836777
-1.250	-1.950	0.000	0.23710155
-1.150	-1.950	0.000	0.23619245
-1.050	-1.950	0.000	0.23586646
-0.950	-1.950	0.000	0.23625746
-0.850	-1.950	0.000	0.23692557
-0.750	-1.950	0.000	0.23781319
-0.650	-1.950	0.000	0.23819448
-0.550	-1.950	0.000	0.23818904
-0.450	-1.950	0.000	0.23783012
-0.350	-1.950	0.000	0.23720165
-0.250	-1.950	0.000	0.23613437
-0.150	-1.950	0.000	0.23445825
-0.050	-1.950	0.000	0.23219876
0.050	-1.950	0.000	0.22964962
0.150	-1.950	0.000	0.22731522
0.250	-1.950	0.000	0.22555529
0.350	-1.950	0.000	0.22438930
0.450	-1.950	0.000	0.22364092
0.550	-1.950	0.000	0.22312689
0.650	-1.950	0.000	0.22272211
0.750	-1.950	0.000	0.22244258
0.850	-1.950	0.000	0.22235945
0.950	-1.950	0.000	0.22241138
1.050	-1.950	0.000	0.22242437
1.150	-1.950	0.000	0.22214176
1.250	-1.950	0.000	0.22140196
1.350	-1.950	0.000	0.22023402
1.450	-1.950	0.000	0.21869285
1.550	-1.950	0.000	0.21713609
1.650	-1.950	0.000	0.21556167
1.750	-1.950	0.000	0.21427292
1.850	-1.950	0.000	0.21274565
1.950	-1.950	0.000	0.21181807
2.050	-1.950	0.000	0.21012521
2.150	-1.950	0.000	0.20771982
2.250	-1.950	0.000	0.20560560
2.350	-1.950	0.000	0.20375969
2.450	-1.950	0.000	0.20388088
-2.450	-1.850	0.000	0.20639418
-2.350	-1.850	0.000	0.21141367
-2.250	-1.850	0.000	0.21687800
-2.150	-1.850	0.000	0.22172248
-2.050	-1.850	0.000	0.22659940
-1.950	-1.850	0.000	0.23106816
-1.850	-1.850	0.000	0.23489049
-1.750	-1.850	0.000	0.23788901
-1.650	-1.850	0.000	0.23985066
-1.550	-1.850	0.000	0.24068895
-1.450	-1.850	0.000	0.24033807
-1.350	-1.850	0.000	0.23954247
-1.250	-1.850	0.000	0.23858377
-1.150	-1.850	0.000	0.23785068
-1.050	-1.850	0.000	0.23763736
-0.950	-1.850	0.000	0.23807502
-0.850	-1.850	0.000	0.23871189
-0.750	-1.850	0.000	0.23959363
-0.650	-1.850	0.000	0.24004704
-0.550	-1.850	0.000	0.24013966
-0.450	-1.850	0.000	0.23979804
-0.350	-1.850	0.000	0.23909120
-0.250	-1.850	0.000	0.23781064
-0.150	-1.850	0.000	0.23577400
-0.050	-1.850	0.000	0.23305757
0.050	-1.850	0.000	0.23014444
0.150	-1.850	0.000	0.22762035
0.250	-1.850	0.000	0.22581626
0.350	-1.850	0.000	0.22474025
0.450	-1.850	0.000	0.22426671
0.550	-1.850	0.000	0.22405753
0.650	-1.850	0.000	0.22391444
0.750	-1.850	0.000	0.22383741
0.850	-1.850	0.000	0.22383930
0.950	-1.850	0.000	0.22383654
1.050	-1.850	0.000	0.22364175
1.150	-1.850	0.000	0.22305690
1.250	-1.850	0.000	0.22197464
1.350	-1.850	0.000	0.22048517
1.450	-1.850	0.000	0.21875471
1.550	-1.850	0.000	0.21708868
1.650	-1.850	0.000	0.21540864
1.750	-1.850	0.000	0.21391512
1.850	-1.850	0.000	0.21227740
1.950	-1.850	0.000	0.21130136
2.050	-1.850	0.000	0.20980321
2.150	-1.850	0.000	0.20782685
2.250	-1.850	0.000	0.20618090
2.350	-1.850	0.000	0.20490804
2.450	-1.850	0.000	0.20510677
-2.450	-1.750	0.000	0.20707820
-2.350	-1.750	0.000	0.21196465
-2.250	-1.750	0.000	0.21719173
-2.150	-1.750	0.000	0.22191432
-2.050	-1.750	0.000	0.22674212
-1.950	-1.750	0.000	0.23116806
-1.850	-1.750	0.000	0.23496069
-1.750	-1.750	0.000	0.23790908
-1.650	-1.750	0.000	0.23982581
-1.550	-1.750	0.000	0.24060227
-1.450	-1.750	0.000	0.24035999
-1.350	-1.750	0.000	0.23973036
-1.250	-1.750	0.000	0.23895130
-1.150	-1.750	0.000	0.23836364
-1.050	-1.750	0.000	0.23831812
-0.950	-1.750	0.000	0.23883301
-0.850	-1.750	0.000	0.23951417
-0.750	-1.750	0.000	0.24041578
-0.650	-1.750	0.000	0.24091162
-0.550	-1.750	0.000	0.24102959
-0.450	-1.750	0.000	0.24064098
-0.350	-1.750	0.000	0.23979580
-0.250	-1.750	0.000	0.23829952
-0.150	-1.750	0.000	0.23597252
-0.050	-1.750	0.000	0.23301370
0.050	-1.750	0.000	0.23003511
0.150	-1.750	0.000	0.22754852
0.250	-1.750	0.000	0.22587174
0.350	-1.750	0.000	0.22506338
0.450	-1.750	0.000	0.22480473
0.550	-1.750	0.000	0.22480096
0.650	-1.750	0.000	0.22488719
0.750	-1.750	0.000	0.22499411
0.850	-1.750	0.000	0.22508682
0.950	-1.750	0.000	0.22503157
1.050	-1.750	0.000	0.22462989
1.150	-1.750	0.000	0.22375873
1.250	-1.750	0.000	0.22242920
1.350	-1.750	0.000	0.22078286
1.450	-1.750	0.000	0.21891463
1.550	-1.750	0.000	0.21708073
1.650	-1.750	0.000	0.21527633
1.750	-1.750	0.000	0.21369576
1.850	-1.750	0.000	0.21201073
1.950	-1.750	0.000	0.21098468
2.050	-1.750	0.000	0.20967920
2.150	-1.750	0.000	0.20810843
2.250	-1.750	0.000	0.20685117
2.350	-1.750	0.000	0.20610940
2.450	-1.750	0.000	0.20641939
-2.450	-1.650	0.000	0.20708738
-2.350	-1.650	0.000	0.21182066
-2.250	-1.650	0.000	0.21669647
-2.150	-1.650	0.000	0.22110893
-2.050	-1.650	0.000	0.22574703
-1.950	-1.650	0.000	0.23003627
-1.850	-1.650	0.000	0.23366591
-1.750	-1.650	0.000	0.23646317
-1.650	-1.650	0.000	0.23843077
-1.550	-1.650	0.000	0.23929416
-1.450	-1.650	0.000	0.23928444
-1.350	-1.650	0.000	0.23910126
-1.250	-1.650	0.000	0.23866303
-1.150	-1.650	0.000	0.23838319
-1.050	-1.650	0.000	0.23843983
-0.950	-1.650	0.000	0.23897901
-0.850	-1.650	0.000	0.23969053
-0.750	-1.650	0.000	0.24060494
-0.650	-1.650	0.000	0.24103527
-0.550	-1.650	0.000	0.24102442
-0.450	-1.650	0.000	0.24053702
-0.350	-1.650	0.000	0.23957583
-0.250	-1.650	0.000	0.23797823
-0.150	-1.650	0.000	0.23540443
-0.050	-1.650	0.000	0.23236133
0.050	-1.650	0.000	0.22959273
0.150	-1.650	0.000	0.22726853
0.250	-1.650	0.000	0.22580728
0.350	-1.650	0.000	0.22518805
0.450	-1.650	0.000	0.22509921
0.550	-1.650	0.000	0.22518933
0.650	-1.650	0.000	0.22540139
0.750	-1.650	0.000	0.22565219
0.850	-1.650	0.000	0.22583091
0.950	-1.650	0.000	0.22579023
1.050	-1.650	0.000	0.22537771
1.150	-1.650	0.000	0.22449720
1.250	-1.650	0.000	0.22312506
1.350	-1.650	0.000	0.22134975
1.450	-1.650	0.000	0.21935147
1.550	-1.650	0.000	0.21742259
1.650	-1.650	0.000	0.21557261
1.750	-1.650	0.000	0.21393955
1.850	-1.650	0.000	0.21220067
1.950	-1.650	0.000	0.21105753
2.050	-1.650	0.000	0.20989770
2.150	-1.650	0.000	0.20858507
2.250	-1.650	0.000	0.20758586
2.350	-1.650	0.000	0.20714906
2.450	-1.650	0.000	0.20746253
-2.450	-1.550	0.000	0.20443100
-2.350	-1.550	0.000	0.20898047
-2.250	-1.550	0.000	0.21350338
-2.150	-1.550	0.000	0.21774675
-2.050	-1.550	0.000	0.22234790
-1.950	-1.550	0.000	0.22663292
-1.850	-1.550	0.000	0.23031488
-1.750	-1.550	0.000	0.23319991
-1.650	-1.550	0.000	0.23520440
-1.550	-1.550	0.000	0.23619795
-1.450	-1.550	0.000	0.23627600
-1.350	-1.550	0.000	0.23625594
-1.250	-1.550	0.000	0.23613821
-1.150	-1.550	0.000	0.23645429
-1.050	-1.550	0.000	0.23710620
-0.950	-1.550	0.000	0.23804270
-0.850	-1.550	0.000	0.23891744
-0.750	-1.550	0.000	0.23985857
-0.650	-1.550	0.000	0.24031866
-0.550	-1.550	0.000	0.24034749
-0.450	-1.550	0.000	0.23980308
-0.350	-1.550	0.000	0.23866586
-0.250	-1.550	0.000	0.23659198
-0.150	-1.550	0.000	0.23380475
-0.050	-1.550	0.000	0.23106898
0.050	-1.550	0.000	0.22859910
0.150	-1.550	0.000	0.22672008
0.250	-1.550	0.000	0.22553812
0.350	-1.550	0.000	0.22508603
0.450	-1.550	0.000	0.22510628
0.550	-1.550	0.000	0.22524355
0.650	-1.550	0.000	0.22548179
0.750	-1.550	0.000	0.22578813
0.850	-1.550	0.000	0.22605352
0.950	-1.550	0.000	0.22612786
1.050	-1.550	0.000	0.22585511
1.150	-1.550	0.000	0.22507443
1.250	-1.550	0.000	0.22369768
1.350	-1.550	0.000	0.22192077
1.450	-1.550	0.000	0.22000505
1.550	-1.550	0.000	0.21815020
1.650	-1.550	0.000	0.21630138
1.750	-1.550	0.000	0.21461044
1.850	-1.550	0.000	0.21283044
1.950	-1.550	0.000	0.21159464
2.050	-1.550	0.000	0.21041296
2.150	-1.550	0.000	0.20923808
2.250	-1.550	0.000	0.20836753
2.350	-1.550	0.000	0.20803797
2.450	-1.550	0.000	0.20832901
-2.450	-1.450	0.000	0.19970791
-2.350	-1.450	0.000	0.20400749
-2.250	-1.450	0.000	0.20815650
-2.150	-1.450	0.000	0.21229000
-2.050	-1.450	0.000	0.21682712
-1.950	-1.450	0.000	0.22101879
-1.850	-1.450	0.000	0.22459345
-1.750	-1.450	0.000	0.22741038
-1.650	-1.450	0.000	0.22936040
-1.550	-1.450	0.000	0.23032606
-1.450	-1.450	0.000	0.23052388
-1.350	-1.450	0.000	0.23072046
-1.250	-1.450	0.000	0.23089650
-1.150	-1.450	0.000	0.23149981
-1.050	-1.450	0.000	0.23245746
-0.950	-1.450	0.000	0.23370707
-0.850	-1.450	0.000	0.23473439
-0.750	-1.450	0.000	0.23573722
-0.650	-1.450	0.000	0.23642330
-0.550	-1.450	0.000	0.23643087
-0.450	-1.450	0.000	0.23600376
-0.350	-1.450	0.000	0.23507608
-0.250	-1.450	0.000	0.23312069
-0.150	-1.450	0.000	0.23077214
-0.050	-1.450	0.000	0.22889972
0.050	-1.450	0.000	0.22710340
0.150	-1.450	0.000	0.22582097
0.250	-1.450	0.000	0.22507124
0.350	-1.450	0.000	0.22475968
0.450	-1.450	0.000	0.22480246
0.550	-1.450	0.000	0.22503044
0.650	-1.450	0.000	0.22525455
0.750	-1.450	0.000	0.22555061
0.850	-1.450	0.000	0.22584693
0.950	-1.450	0.000	0.22601815
1.050	-1.450	0.000	0.22586092
1.150	-1.450	0.000	0.22524202
1.250	-1.450	0.000	0.22412375
1.350	-1.450	0.000	0.22266926
1.450	-1.450	0.000	0.22096938
1.550	-1.450	0.000	0.21919781
1.650	-1.450	0.000	0.21732934
1.750	-1.450	0.000	0.21558583
1.850	-1.450	0.000	0.21378198
1.950	-1.450	0.000	0.21240532
2.050	-1.450	0.000	0.21118763
2.150	-1.450	0.000	0.21017645
2.250	-1.450	0.000	0.20933414
2.350	-1.450	0.000	0.20887524
2.450	-1.450	0.000	0.20902742
-2.450	-1.350	0.000	0.19403966
-2.350	-1.350	0.000	0.19809902
-2.250	-1.350	0.000	0.20192891
-2.150	-1.350	0.000	0.20599478
-2.050	-1.350	0.000	0.21042742
-1.950	-1.350	0.000	0.21452710
-1.850	-1.350	0.000	0.21801928
-1.750	-1.350	0.000	0.22078075
-1.650	-1.350	0.000	0.22266319
-1.550	-1.350	0.000	0.22375047
-1.450	-1.350	0.000	0.22425467
-1.350	-1.350	0.000	0.22465903
-1.250	-1.350	0.000	0.22517139
-1.150	-1.350	0.000	0.22609977
-1.050	-1.350	0.000	0.22729926
-0.950	-1.350	0.000	0.22869918
-0.850	-1.350	0.000	0.22960752
-0.750	-1.350	0.000	0.23045801
-0.650	-1.350	0.000	0.23082271
-0.550	-1.350	0.000	0.23070633
-0.450	-1.350	0.000	0.23029935
-0.350	-1.350	0.000	0.22947544
-0.250	-1.350	0.000	0.22795664
-0.150	-1.350	0.000	0.22669025
-0.050	-1.350	0.000	0.22591697
0.050	-1.350	0.000	0.22522405
0.150	-1.350	0.000	0.22470474
0.250	-1.350	0.000	0.22439277
0.350	-1.350	0.000	0.22439003
0.450	-1.350	0.000	0.22446133
0.550	-1.350	0.000	0.22459230
0.650	-1.350	0.000	0.22488563
0.750	-1.350	0.000	0.22521111
0.850	-1.350	0.000	0.22550754
0.950	-1.350	0.000	0.22568026
1.050	-1.350	0.000	0.22567056
1.150	-1.350	0.000	0.22536677
1.250	-1.350	0.000	0.22464432
1.350	-1.350	0.000	0.22345226
1.450	-1.350	0.000	0.22190197
1.550	-1.350	0.000	0.22019742
1.650	-1.350	0.000	0.21833867
1.750	-1.350	0.000	0.21657322
1.850	-1.350	0.000	0.21481727
1.950	-1.350	0.000	0.21336009
2.050	-1.350	0.000	0.21200711
2.150	-1.350	0.000	0.21102552
2.250	-1.350	0.000	0.21031217
2.350	-1.350	0.000	0.20985086
2.450	-1.350	0.000	0.20980281
-2.450	-1.250	0.000	0.18810606
-2.350	-1.250	0.000	0.19198547
-2.250	-1.250	0.000	0.19556043
-2.150	-1.250	0.000	0.19956967
-2.050	-1.250	0.000	0.20393136
-1.950	-1.250	0.000	0.20802256
-1.850	-1.250	0.000	0.21154146
-1.750	-1.250	0.000	0.21433572
-1.650	-1.250	0.000	0.21622992
-1.550	-1.250	0.000	0.21735336
-1.450	-1.250	0.000	0.21800604
-1.350	-1.250	0.000	0.21857512
-1.250	-1.250	0.000	0.21930245
-1.150	-1.250	0.000	0.22043177
-1.050	-1.250	0.000	0.22177336
-0.950	-1.250	0.000	0.22320202
-0.850	-1.250	0.000	0.22402044
-0.750	-1.250	0.000	0.22472680
-0.650	-1.250	0.000	0.22477408
-0.550	-1.250	0.000	0.22444892
-0.450	-1.250	0.000	0.22393629
-0.350	-1.250	0.000	0.22316174
-0.250	-1.250	0.000	0.22235677
-0.150	-1.250	0.000	0.22261050
-0.050	-1.250	0.000	0.22290026
0.050	-1.250	0.000	0.22318754
0.150	-1.250	0.000	0.22344792
0.250	-1.250	0.000	0.22367126
0.350	-1.250	0.000	0.22391802
0.450	-1.250	0.000	0.22413404
0.550	-1.250	0.000	0.22434440
0.650	-1.250	0.000	0.22454357
0.750	-1.250	0.000	0.22479096
0.850	-1.250	0.000	0.22507560
0.950	-1.250	0.000	0.22533335
1.050	-1.250	0.000	0.22545162
1.150	-1.250	0.000	0.22528861
1.250	-1.250	0.000	0.22466683
1.350	-1.250	0.000	0.22363128
1.450	-1.250	0.000	0.22224256
1.550	-1.250	0.000	0.22072189
1.650	-1.250	0.000	0.21905228
1.750	-1.250	0.000	0.21744172
1.850	-1.250	0.000	0.21583624
1.950	-1.250	0.000	0.21440299
2.050	-1.250	0.000	0.21303442
2.150	-1.250	0.000	0.21207453
2.250	-1.250	0.000	0.21138683
2.350	-1.250	0.000	0.21096960
2.450	-1.250	0.000	0.21061417
-2.450	-1.150	0.000	0.18263794
-2.350	-1.150	0.000	0.18642771
-2.250	-1.150	0.000	0.18979347
-2.150	-1.150	0.000	0.19367100
-2.050	-1.150	0.000	0.19798906
-1.950	-1.150	0.000	0.20209253
-1.850	-1.150	0.000	0.20566614
-1.750	-1.150	0.000	0.20849910
-1.650	-1.150	0.000	0.21037731
-1.550	-1.150	0.000	0.21148111
-1.450	-1.150	0.000	0.21221060
-1.350	-1.150	0.000	0.21285486
-1.250	-1.150	0.000	0.21362650
-1.150	-1.150	0.000	0.21480706
-1.050	-1.150	0.000	0.21619843
-0.950	-1.150	0.000	0.21754174
-0.850	-1.150	0.000	0.21835363
-0.750	-1.150	0.000	0.21872871
-0.650	-1.150	0.000	0.21844207
-0.550	-1.150	0.000	0.21785696
-0.450	-1.150	0.000	0.21735258
-0.350	-1.150	0.000	0.21676770
-0.250	-1.150	0.000	0.21719199
-0.150	-1.150	0.000	0.21858697
-0.050	-1.150	0.000	0.21997917
0.050	-1.150	0.000	0.22122487
0.150	-1.150	0.000	0.22222634
0.250	-1.150	0.000	0.22299549
0.350	-1.150	0.000	0.22353378
0.450	-1.150	0.000	0.22381254
0.550	-1.150	0.000	0.22416016
0.650	-1.150	0.000	0.22446550
0.750	-1.150	0.000	0.22466663
0.850	-1.150	0.000	0.22484450
0.950	-1.150	0.000	0.22498770
1.050	-1.150	0.000	0.22503433
1.150	-1.150	0.000	0.22487096
1.250	-1.150	0.000	0.22435060
1.350	-1.150	0.000	0.22340325
1.450	-1.150	0.000	0.22211246
1.550	-1.150	0.000	0.22076736
1.650	-1.150	0.000	0.21943200
1.750	-1.150	0.000	0.21813741
1.850	-1.150	0.000	0.21679865
1.950	-1.150	0.000	0.21550363
2.050	-1.150	0.000	0.21421887
2.150	-1.150	0.000	0.21324359
2.250	-1.150	0.000	0.21254683
2.350	-1.150	0.000	0.21220285
2.450	-1.150	0.000	0.21161164
-2.450	-1.050	0.000	0.17811830
-2.350	-1.050	0.000	0.18189611
-2.250	-1.050	0.000	0.18508555
-2.150	-1.050	0.000	0.18876708
-2.050	-1.050	0.000	0.19305407
-1.950	-1.050	0.000	0.19719058
-1.850	-1.050	0.000	0.20084183
-1.750	-1.050	0.000	0.20371997
-1.650	-1.050	0.000	0.20557763
-1.550	-1.050	0.000	0.20662364
-1.450	-1.050	0.000	0.20734356
-1.350	-1.050	0.000	0.20795438
-1.250	-1.050	0.000	0.20868285
-1.150	-1.050	0.000	0.20984121
-1.050	-1.050	0.000	0.21118426
-0.950	-1.050	0.000	0.21228422
-0.850	-1.050	0.000	0.21304965
-0.750	-1.050	0.000	0.21295729
-0.650	-1.050	0.000	0.21227711
-0.550	-1.050	0.000	0.21168935
-0.450	-1.050	0.000	0.21097839
-0.350	-1.050	0.000	0.21134850
-0.250	-1.050	0.000	0.21264198
-0.150	-1.050	0.000	0.21515483
-0.050	-1.050	0.000	0.21746953
0.050	-1.050	0.000	0.21948984
0.150	-1.050	0.000	0.22108306
0.250	-1.050	0.000	0.22226050
0.350	-1.050	0.000	0.22302936
0.450	-1.050	0.000	0.22364558
0.550	-1.050	0.000	0.22416289
0.650	-1.050	0.000	0.22457537
0.750	-1.050	0.000	0.22480443
0.850	-1.050	0.000	0.22482331
0.950	-1.050	0.000	0.22475974
1.050	-1.050	0.000	0.22466062
1.150	-1.050	0.000	0.22441535
1.250	-1.050	0.000	0.22380374
1.350	-1.050	0.000	0.22283089
1.450	-1.050	0.000	0.22163033
1.550	-1.050	0.000	0.22047998
1.650	-1.050	0.000	0.21944506
1.750	-1.050	0.000	0.21852319
1.850	-1.050	0.000	0.21756209
1.950	-1.050	0.000	0.21653420
2.050	-1.050	0.000	0.21541804
2.150	-1.050	0.000	0.21448560
2.250	-1.050	0.000	0.21375127
2.350	-1.050	0.000	0.21343645
2.450	-1.050	0.000	0.21268100
-2.450	-0.950	0.000	0.17504495
-2.350	-0.950	0.000	0.17880996
-2.250	-0.950	0.000	0.18190472
-2.150	-0.950	0.000	0.18547504
-2.050	-0.950	0.000	0.18970951
-1.950	-0.950	0.000	0.19381818
-1.850	-0.950	0.000	0.19748622
-1.750	-0.950	0.000	0.20035633
-1.650	-0.950	0.000	0.20220603
-1.550	-0.950	0.000	0.20320497
-1.450	-0.950	0.000	0.20385569
-1.350	-0.950	0.000	0.20436245
-1.250	-0.950	0.000	0.20497808
-1.150	-0.950	0.000	0.20592958
-1.050	-0.950	0.000	0.20699559
-0.950	-0.950	0.000	0.20781942
-0.850	-0.950	0.000	0.20829281
-0.750	-0.950	0.000	0.20801200
-0.650	-0.950	0.000	0.20724066
-0.550	-0.950	0.000	0.20648552
-0.450	-0.950	0.000	0.20625623
-0.350	-0.950	0.000	0.20699255
-0.250	-0.950	0.000	0.20921114
-0.150	-0.950	0.000	0.21259236
-0.050	-0.950	0.000	0.21583934
0.050	-0.950	0.000	0.21850309
0.150	-0.950	0.000	0.22055799
0.250	-0.950	0.000	0.22193636
0.350	-0.950	0.000	0.22277655
0.450	-0.950	0.000	0.22347984
0.550	-0.950	0.000	0.22424719
0.650	-0.950	0.000	0.22494803
0.750	-0.950	0.000	0.22527328
0.850	-0.950	0.000	0.22529200
0.950	-0.950	0.000	0.22510028
1.050	-0.950	0.000	0.22473146
1.150	-0.950	0.000	0.22417866
1.250	-0.950	0.000	0.22340375
1.350	-0.950	0.000	0.22239068
1.450	-0.950	0.000	0.22120742
1.550	-0.950	0.000	0.22015567
1.650	-0.950	0.000	0.21935351
1.750	-0.950	0.000	0.21876092
1.850	-0.950	0.000	0.21814093
1.950	-0.950	0.000	0.21737590
2.050	-0.950	0.000	0.21645127
2.150	-0.950	0.000	0.21558769
2.250	-0.950	0.000	0.21486196
2.350	-0.950	0.000	0.21458593
2.450	-0.950	0.000	0.21377125
-2.450	-0.850	0.000	0.17374755
-2.350	-0.850	0.000	0.17753650
-2.250	-0.850	0.000	0.18057507
-2.150	-0.850	0.000	0.18403912
-2.050	-0.850	0.000	0.18817551
-1.950	-0.850	0.000	0.19222805
-1.850	-0.850	0.000	0.19589017
-1.750	-0.850	0.000	0.19874188
-1.650	-0.850	0.000	0.20058641
-1.550	-0.850	0.000	0.20150422
-1.450	-0.850	0.000	0.20195271
-1.350	-0.850	0.000	0.20225798
-1.250	-0.850	0.000	0.20265341
-1.150	-0.850	0.000	0.20329033
-1.050	-0.850	0.000	0.20397259
-0.950	-0.850	0.000	0.20461242
-0.850	-0.850	0.000	0.20484194
-0.750	-0.850	0.000	0.20452334
-0.650	-0.850	0.000	0.20377228
-0.550	-0.850	0.000	0.20312852
-0.450	-0.850	0.000	0.20348290
-0.350	-0.850	0.000	0.20491141
-0.250	-0.850	0.000	0.20794529
-0.150	-0.850	0.000	0.21161924
-0.050	-0.850	0.000	0.21508452
0.050	-0.850	0.000	0.21784802
0.150	-0.850	0.000	0.21989180
0.250	-0.850	0.000	0.22137897
0.350	-0.850	0.000	0.22243798
0.450	-0.850	0.000	0.22336292
0.550	-0.850	0.000	0.22436221
0.650	-0.850	0.000	0.22538178
0.750	-0.850	0.000	0.22585945
0.850	-0.850	0.000	0.22594273
0.950	-0.850	0.000	0.22571480
1.050	-0.850	0.000	0.22525029
1.150	-0.850	0.000	0.22452548
1.250	-0.850	0.000	0.22351132
1.350	-0.850	0.000	0.22227316
1.450	-0.850	0.000	0.22097339
1.550	-0.850	0.000	0.21997267
1.650	-0.850	0.000	0.21933621
1.750	-0.850	0.000	0.21894509
1.850	-0.850	0.000	0.21852976
1.950	-0.850	0.000	0.21792981
2.050	-0.850	0.000	0.21715768
2.150	-0.850	0.000	0.21639298
2.250	-0.850	0.000	0.21572328
2.350	-0.850	0.000	0.21551205
2.450	-0.850	0.000	0.21476087
-2.450	-0.750	0.000	0.17316180
-2.350	-0.750	0.000	0.17700382
-2.250	-0.750	0.000	0.18003428
-2.150	-0.750	0.000	0.18341854
-2.050	-0.750	0.000	0.18746465
-1.950	-0.750	0.000	0.19143720
-1.850	-0.750	0.000	0.19504620
-1.750	-0.750	0.000	0.19785506
-1.650	-0.750	0.000	0.19967510
-1.550	-0.750	0.000	0.20053123
-1.450	-0.750	0.000	0.20085071
-1.350	-0.750	0.000	0.20103848
-1.250	-0.750	0.000	0.20129170
-1.150	-0.750	0.000	0.20174941
-1.050	-0.750	0.000	0.20224042
-0.950	-0.750	0.000	0.20271219
-0.850	-0.750	0.000	0.20288780
-0.750	-0.750	0.000	0.20271996
-0.650	-0.750	0.000	0.20211235
-0.550	-0.750	0.000	0.20185354
-0.450	-0.750	0.000	0.20242029
-0.350	-0.750	0.000	0.20424657
-0.250	-0.750	0.000	0.20762242
-0.150	-0.750	0.000	0.21112669
-0.050	-0.750	0.000	0.21445374
0.050	-0.750	0.000	0.21717609
0.150	-0.750	0.000	0.21922477
0.250	-0.750	0.000	0.22076072
0.350	-0.750	0.000	0.22200179
0.450	-0.750	0.000	0.22328927
0.550	-0.750	0.000	0.22452113
0.650	-0.750	0.000	0.22569130
0.750	-0.750	0.000	0.22660226
0.850	-0.750	0.000	0.22681591
0.950	-0.750	0.000	0.22668861
1.050	-0.750	0.000	0.22621919
1.150	-0.750	0.000	0.22539429
1.250	-0.750	0.000	0.22421670
1.350	-0.750	0.000	0.22282526
1.450	-0.750	0.000	0.22141452
1.550	-0.750	0.000	0.22031303
1.650	-0.750	0.000	0.21959420
1.750	-0.750	0.000	0.21915624
1.850	-0.750	0.000	0.21877126
1.950	-0.750	0.000	0.21823642
2.050	-0.750	0.000	0.21757327
2.150	-0.750	0.000	0.21691813
2.250	-0.750	0.000	0.21634170
2.350	-0.750	0.000	0.21621010
2.450	-0.750	0.000	0.21559921
-2.450	-0.650	0.000	0.17280065
-2.350	-0.650	0.000	0.17676668
-2.250	-0.650	0.000	0.17984118
-2.150	-0.650	0.000	0.18310416
-2.050	-0.650	0.000	0.18698904
-1.950	-0.650	0.000	0.19077648
-1.850	-0.650	0.000	0.19428836
-1.750	-0.650	0.000	0.19705132
-1.650	-0.650	0.000	0.19884935
-1.550	-0.650	0.000	0.19971739
-1.450	-0.650	0.000	0.20000967
-1.350	-0.650	0.000	0.20013556
-1.250	-0.650	0.000	0.20029989
-1.150	-0.650	0.000	0.20070200
-1.050	-0.650	0.000	0.20121615
-0.950	-0.650	0.000	0.20168978
-0.850	-0.650	0.000	0.20200466
-0.750	-0.650	0.000	0.20198081
-0.650	-0.650	0.000	0.20147547
-0.550	-0.650	0.000	0.20139024
-0.450	-0.650	0.000	0.20221213
-0.350	-0.650	0.000	0.20447569
-0.250	-0.650	0.000	0.20757574
-0.150	-0.650	0.000	0.21084948
-0.050	-0.650	0.000	0.21398312
0.050	-0.650	0.000	0.21657817
0.150	-0.650	0.000	0.21853627
0.250	-0.650	0.000	0.22006772
0.350	-0.650	0.000	0.22155540
0.450	-0.650	0.000	0.22316937
0.550	-0.650	0.000	0.22472028
0.650	-0.650	0.000	0.22604543
0.750	-0.650	0.000	0.22727804
0.850	-0.650	0.000	0.22776692
0.950	-0.650	0.000	0.22780746
1.050	-0.650	0.000	0.22739819
1.150	-0.650	0.000	0.22658958
1.250	-0.650	0.000	0.22539429
1.350	-0.650	0.000	0.22394760
1.450	-0.650	0.000	0.22244072
1.550	-0.650	0.000	0.22120488
1.650	-0.650	0.000	0.22032112
1.750	-0.650	0.000	0.21969548
1.850	-0.650	0.000	0.21916094
1.950	-0.650	0.000	0.21855760
2.050	-0.650	0.000	0.21791914
2.150	-0.650	0.000	0.21737105
2.250	-0.650	0.000	0.21691149
2.350	-0.650	0.000	0.21685176
2.450	-0.650	0.000	0.21637157
-2.450	-0.550	0.000	0.17389061
-2.350	-0.550	0.000	0.17797829
-2.250	-0.550	0.000	0.18108284
-2.150	-0.550	0.000	0.18422854
-2.050	-0.550	0.000	0.18800069
-1.950	-0.550	0.000	0.19162804
-1.850	-0.550	0.000	0.19499612
-1.750	-0.550	0.000	0.19765408
-1.650	-0.550	0.000	0.19939174
-1.550	-0.550	0.000	0.20017834
-1.450	-0.550	0.000	0.20039587
-1.350	-0.550	0.000	0.20045470
-1.250	-0.550	0.000	0.20043018
-1.150	-0.550	0.000	0.20066825
-1.050	-0.550	0.000	0.20106500
-0.950	-0.550	0.000	0.20135677
-0.850	-0.550	0.000	0.20184885
-0.750	-0.550	0.000	0.20194310
-0.650	-0.550	0.000	0.20183463
-0.550	-0.550	0.000	0.20213510
-0.450	-0.550	0.000	0.20307142
-0.350	-0.550	0.000	0.20511611
-0.250	-0.550	0.000	0.20792575
-0.150	-0.550	0.000	0.21088512
-0.050	-0.550	0.000	0.21363188
0.050	-0.550	0.000	0.21608786
0.150	-0.550	0.000	0.21801996
0.250	-0.550	0.000	0.21964158
0.350	-0.550	0.000	0.22131518
0.450	-0.550	0.000	0.22315636
0.550	-0.550	0.000	0.22495773
0.650	-0.550	0.000	0.22645143
0.750	-0.550	0.000	0.22787020
0.850	-0.550	0.000	0.22859062
0.950	-0.550	0.000	0.22874340
1.050	-0.550	0.000	0.22841257
1.150	-0.550	0.000	0.22768633
1.250	-0.550	0.000	0.22661471
1.350	-0.550	0.000	0.22529815
1.450	-0.550	0.000	0.22383159
1.550	-0.550	0.000	0.22247450
1.650	-0.550	0.000	0.22136618
1.750	-0.550	0.000	0.22045673
1.850	-0.550	0.000	0.21973790
1.950	-0.550	0.000	0.21902992
2.050	-0.550	0.000	0.21838281
2.150	-0.550	0.000	0.21789086
2.250	-0.550	0.000	0.21752806
2.350	-0.550	0.000	0.21753059
2.450	-0.550	0.000	0.21713066
-2.450	-0.450	0.000	0.17609783
-2.350	-0.450	0.000	0.18028642
-2.250	-0.450	0.000	0.18341655
-2.150	-0.450	0.000	0.18639189
-2.050	-0.450	0.000	0.19000663
-1.950	-0.450	0.000	0.19341186
-1.850	-0.450	0.000	0.19655532
-1.750	-0.450	0.000	0.19902319
-1.650	-0.450	0.000	0.20072731
-1.550	-0.450	0.000	0.20143992
-1.450	-0.450	0.000	0.20172456
-1.350	-0.450	0.000	0.20174669
-1.250	-0.450	0.000	0.20159726
-1.150	-0.450	0.000	0.20177467
-1.050	-0.450	0.000	0.20206197
-0.950	-0.450	0.000	0.20234840
-0.850	-0.450	0.000	0.20285243
-0.750	-0.450	0.000	0.20308639
-0.650	-0.450	0.000	0.20330283
-0.550	-0.450	0.000	0.20369099
-0.450	-0.450	0.000	0.20461003
-0.350	-0.450	0.000	0.20647062
-0.250	-0.450	0.000	0.20886226
-0.150	-0.450	0.000	0.21144441
-0.050	-0.450	0.000	0.21382536
0.050	-0.450	0.000	0.21602090
0.150	-0.450	0.000	0.21784621
0.250	-0.450	0.000	0.21959758
0.350	-0.450	0.000	0.22140643
0.450	-0.450	0.000	0.22333293
0.550	-0.450	0.000	0.22526179
0.650	-0.450	0.000	0.22687393
0.750	-0.450	0.000	0.22835162
0.850	-0.450	0.000	0.22914249
0.950	-0.450	0.000	0.22934920
1.050	-0.450	0.000	0.22909722
1.150	-0.450	0.000	0.22849029
1.250	-0.450	0.000	0.22758840
1.350	-0.450	0.000	0.22647549
1.450	-0.450	0.000	0.22519250
1.550	-0.450	0.000	0.22391690
1.650	-0.450	0.000	0.22275117
1.750	-0.450	0.000	0.22165461
1.850	-0.450	0.000	0.22075959
1.950	-0.450	0.000	0.21991526
2.050	-0.450	0.000	0.21917549
2.150	-0.450	0.000	0.21864696
2.250	-0.450	0.000	0.21829043
2.350	-0.450	0.000	0.21832830
2.450	-0.450	0.000	0.21793509
-2.450	-0.350	0.000	0.17896716
-2.350	-0.350	0.000	0.18317811
-2.250	-0.350	0.000	0.18634474
-2.150	-0.350	0.000	0.18915883
-2.050	-0.350	0.000	0.19256125
-1.950	-0.350	0.000	0.19571947
-1.850	-0.350	0.000	0.19867657
-1.750	-0.350	0.000	0.20103706
-1.650	-0.350	0.000	0.20286673
-1.550	-0.350	0.000	0.20362888
-1.450	-0.350	0.000	0.20398125
-1.350	-0.350	0.000	0.20394999
-1.250	-0.350	0.000	0.20369226
-1.150	-0.350	0.000	0.20381238
-1.050	-0.350	0.000	0.20410812
-0.950	-0.350	0.000	0.20440504
-0.850	-0.350	0.000	0.20495220
-0.750	-0.350	0.000	0.20526451
-0.650	-0.350	0.000	0.20561235
-0.550	-0.350	0.000	0.20604588
-0.450	-0.350	0.000	0.20681660
-0.350	-0.350	0.000	0.20822187
-0.250	-0.350	0.000	0.21021345
-0.150	-0.350	0.000	0.21244642
-0.050	-0.350	0.000	0.21455568
0.050	-0.350	0.000	0.21645863
0.150	-0.350	0.000	0.21821149
0.250	-0.350	0.000	0.21996193
0.350	-0.350	0.000	0.22175470
0.450	-0.350	0.000	0.22364523
0.550	-0.350	0.000	0.22559786
0.650	-0.350	0.000	0.22717750
0.750	-0.350	0.000	0.22859313
0.850	-0.350	0.000	0.22939691
0.950	-0.350	0.000	0.22962187
1.050	-0.350	0.000	0.22948195
1.150	-0.350	0.000	0.22906514
1.250	-0.350	0.000	0.22840510
1.350	-0.350	0.000	0.22750643
1.450	-0.350	0.000	0.22641262
1.550	-0.350	0.000	0.22523725
1.650	-0.350	0.000	0.22405398
1.750	-0.350	0.000	0.22287689
1.850	-0.350	0.000	0.22191179
1.950	-0.350	0.000	0.22103220
2.050	-0.350	0.000	0.22027390
2.150	-0.350	0.000	0.21968387
2.250	-0.350	0.000	0.21926776
2.350	-0.350	0.000	0.21928824
2.450	-0.350	0.000	0.21881840
-2.450	-0.250	0.000	0.18183027
-2.350	-0.250	0.000	0.18599313
-2.250	-0.250	0.000	0.18917142
-2.150	-0.250	0.000	0.19186270
-2.050	-0.250	0.000	0.19518586
-1.950	-0.250	0.000	0.19825986
-1.850	-0.250	0.000	0.20108205
-1.750	-0.250	0.000	0.20332967
-1.650	-0.250	0.000	0.20512842
-1.550	-0.250	0.000	0.20592248
-1.450	-0.250	0.000	0.20622019
-1.350	-0.250	0.000	0.20622617
-1.250	-0.250	0.000	0.20594940
-1.150	-0.250	0.000	0.20611350
-1.050	-0.250	0.000	0.20641916
-0.950	-0.250	0.000	0.20678967
-0.850	-0.250	0.000	0.20742199
-0.750	-0.250	0.000	0.20781630
-0.650	-0.250	0.000	0.20809901
-0.550	-0.250	0.000	0.20843807
-0.450	-0.250	0.000	0.20895578
-0.350	-0.250	0.000	0.21006732
-0.250	-0.250	0.000	0.21176060
-0.150	-0.250	0.000	0.21370184
-0.050	-0.250	0.000	0.21563788
0.050	-0.250	0.000	0.21744110
0.150	-0.250	0.000	0.21910416
0.250	-0.250	0.000	0.22072920
0.350	-0.250	0.000	0.22244230
0.450	-0.250	0.000	0.22424428
0.550	-0.250	0.000	0.22607566
0.650	-0.250	0.000	0.22751082
0.750	-0.250	0.000	0.22878650
0.850	-0.250	0.000	0.22955981
0.950	-0.250	0.000	0.22976929
1.050	-0.250	0.000	0.22968349
1.150	-0.250	0.000	0.22940113
1.250	-0.250	0.000	0.22894596
1.350	-0.250	0.000	0.22827438
1.450	-0.250	0.000	0.22738135
1.550	-0.250	0.000	0.22633947
1.650	-0.250	0.000	0.22521694
1.750	-0.250	0.000	0.22406757
1.850	-0.250	0.000	0.22312529
1.950	-0.250	0.000	0.22229718
2.050	-0.250	0.000	0.22160566
2.150	-0.250	0.000	0.22098911
2.250	-0.250	0.000	0.22050586
2.350	-0.250	0.000	0.22047168
2.450	-0.250	0.000	0.21986380
-2.450	-0.150	0.000	0.18463178
-2.350	-0.150	0.000	0.18868065
-2.250	-0.150	0.000	0.19188988
-2.150	-0.150	0.000	0.19450471
-2.050	-0.150	0.000	0.19774245
-1.950	-0.150	0.000	0.20072830
-1.850	-0.150	0.000	0.20341785
-1.750	-0.150	0.000	0.20559160
-1.650	-0.150	0.000	0.20741378
-1.550	-0.150	0.000	0.20823544
-1.450	-0.150	0.000	0.20862734
-1.350	-0.150	0.000	0.20866807
-1.250	-0.150	0.000	0.20837511
-1.150	-0.150	0.000	0.20841335
-1.050	-0.150	0.000	0.20859426
-0.950	-0.150	0.000	0.20901354
-0.850	-0.150	0.000	0.20969665
-0.750	-0.150	0.000	0.21006995
-0.650	-0.150	0.000	0.21021281
-0.550	-0.150	0.000	0.21049181
-0.450	-0.150	0.000	0.21094398
-0.350	-0.150	0.000	0.21186134
-0.250	-0.150	0.000	0.21335545
-0.150	-0.150	0.000	0.21511532
-0.050	-0.150	0.000	0.21690632
0.050	-0.150	0.000	0.21859364
0.150	-0.150	0.000	0.22013846
0.250	-0.150	0.000	0.22166865
0.350	-0.150	0.000	0.22329640
0.450	-0.150	0.000	0.22498694
0.550	-0.150	0.000	0.22668274
0.650	-0.150	0.000	0.22797957
0.750	-0.150	0.000	0.22909342
0.850	-0.150	0.000	0.22975567
0.950	-0.150	0.000	0.22991604
1.050	-0.150	0.000	0.22983716
1.150	-0.150	0.000	0.22962183
1.250	-0.150	0.000	0.22929865
1.350	-0.150	0.000	0.22880206
1.450	-0.150	0.000	0.22806634
1.550	-0.150	0.000	0.22711223
1.650	-0.150	0.000	0.22601657
1.750	-0.150	0.000	0.22490761
1.850	-0.150	0.000	0.22406626
1.950	-0.150	0.000	0.22342072
2.050	-0.150	0.000	0.22295830
2.150	-0.150	0.000	0.22243331
2.250	-0.150	0.000	0.22195125
2.350	-0.150	0.000	0.22183320
2.450	-0.150	0.000	0.22105826
-2.450	-0.050	0.000	0.18707426
-2.350	-0.050	0.000	0.19100952
-2.250	-0.050	0.000	0.19434746
-2.150	-0.050	0.000	0.19690567
-2.050	-0.050	0.000	0.20002434
-1.950	-0.050	0.000	0.20291646
-1.850	-0.050	0.000	0.20550358
-1.750	-0.050	0.000	0.20769940
-1.650	-0.050	0.000	0.20958805
-1.550	-0.050	0.000	0.21054785
-1.450	-0.050	0.000	0.21104677
-1.350	-0.050	0.000	0.21098572
-1.250	-0.050	0.000	0.21068279
-1.150	-0.050	0.000	0.21065839
-1.050	-0.050	0.000	0.21082224
-0.950	-0.050	0.000	0.21122651
-0.850	-0.050	0.000	0.21185358
-0.750	-0.050	0.000	0.21221806
-0.650	-0.050	0.000	0.21233951
-0.550	-0.050	0.000	0.21253850
-0.450	-0.050	0.000	0.21295269
-0.350	-0.050	0.000	0.21372490
-0.250	-0.050	0.000	0.21503277
-0.150	-0.050	0.000	0.21662571
-0.050	-0.050	0.000	0.21827978
0.050	-0.050	0.000	0.21982780
0.150	-0.050	0.000	0.22121637
0.250	-0.050	0.000	0.22264366
0.350	-0.050	0.000	0.22421794
0.450	-0.050	0.000	0.22584514
0.550	-0.050	0.000	0.22746320
0.650	-0.050	0.000	0.22866839
0.750	-0.050	0.000	0.22965452
0.850	-0.050	0.000	0.23016031
0.950	-0.050	0.000	0.23023887
1.050	-0.050	0.000	0.23008406
1.150	-0.050	0.000	0.22982353
1.250	-0.050	0.000	0.22942880
1.350	-0.050	0.000	0.22892666
1.450	-0.050	0.000	0.22826895
1.550	-0.050	0.000	0.22740965
1.650	-0.050	0.000	0.22646756
1.750	-0.050	0.000	0.22558114
1.850	-0.050	0.000	0.22500077
1.950	-0.050	0.000	0.22462171
2.050	-0.050	0.000	0.22432245
2.150	-0.050	0.000	0.22387482
2.250	-0.050	0.000	0.22344619
2.350	-0.050	0.000	0.22328022
2.450	-0.050	0.000	0.22240971
-2.450	0.050	0.000	0.18909644
-2.350	0.050	0.000	0.19288751
-2.250	0.050	0.000	0.19636172
-2.150	0.050	0.000	0.19891986
-2.050	0.050	0.000	0.20187464
-1.950	0.050	0.000	0.20467013
-1.850	0.050	0.000	0.20722465
-1.750	0.050	0.000	0.20950131
-1.650	0.050	0.000	0.21149743
-1.550	0.050	0.000	0.21266973
-1.450	0.050	0.000	0.21317936
-1.350	0.050	0.000	0.21317507
-1.250	0.050	0.000	0.21289244
-1.150	0.050	0.000	0.21283752
-1.050	0.050	0.000	0.21303816
-0.950	0.050	0.000	0.21335723
-0.850	0.050	0.000	0.21383944
-0.750	0.050	0.000	0.21416053
-0.650	0.050	0.000	0.21425663
-0.550	0.050	0.000	0.21440250
-0.450	0.050	0.000	0.21482734
-0.350	0.050	0.000	0.21552877
-0.250	0.050	0.000	0.21667960
-0.150	0.050	0.000	0.21809749
-0.050	0.050	0.000	0.21955962
0.050	0.050	0.000	0.22094135
0.150	0.050	0.000	0.22223973
0.250	0.050	0.000	0.22358501
0.350	0.050	0.000	0.22508059
0.450	0.050	0.000	0.22664954
0.550	0.050	0.000	0.22823569
0.650	0.050	0.000	0.22937737
0.750	0.050	0.000	0.23027349
0.850	0.050	0.000	0.23069265
0.950	0.050	0.000	0.23073269
1.050	0.050	0.000	0.23056038
1.150	0.050	0.000	0.23033302
1.250	0.050	0.000	0.23005109
1.350	0.050	0.000	0.22953174
1.450	0.050	0.000	0.22872484
1.550	0.050	0.000	0.22777867
1.650	0.050	0.000	0.22684534
1.750	0.050	0.000	0.22605044
1.850	0.050	0.000	0.22561623
1.950	0.050	0.000	0.22549833
2.050	0.050	0.000	0.22551309
2.150	0.050	0.000	0.22531460
2.250	0.050	0.000	0.22496216
2.350	0.050	0.000	0.22473305
2.450	0.050	0.000	0.22383969
-2.450	0.150	0.000	0.19067557
-2.350	0.150	0.000	0.19431087
-2.250	0.150	0.000	0.19798046
-2.150	0.150	0.000	0.20059143
-2.050	0.150	0.000	0.20339051
-1.950	0.150	0.000	0.20605928
-1.850	0.150	0.000	0.20856771
-1.750	0.150	0.000	0.21096736
-1.650	0.150	0.000	0.21306464
-1.550	0.150	0.000	0.21450295
-1.450	0.150	0.000	0.21503767
-1.350	0.150	0.000	0.21516544
-1.250	0.150	0.000	0.21491176
-1.150	0.150	0.000	0.21478099
-1.050	0.150	0.000	0.21494353
-0.950	0.150	0.000	0.21523380
-0.850	0.150	0.000	0.21564765
-0.750	0.150	0.000	0.21590756
-0.650	0.150	0.000	0.21600740
-0.550	0.150	0.000	0.21610384
-0.450	0.150	0.000	0.21652801
-0.350	0.150	0.000	0.21720234
-0.250	0.150	0.000	0.21827132
-0.150	0.150	0.000	0.21958293
-0.050	0.150	0.000	0.22092484
0.050	0.150	0.000	0.22215983
0.150	0.150	0.000	0.22329687
0.250	0.150	0.000	0.22450942
0.350	0.150	0.000	0.22594534
0.450	0.150	0.000	0.22749691
0.550	0.150	0.000	0.22908197
0.650	0.150	0.000	0.23017612
0.750	0.150	0.000	0.23102397
0.850	0.150	0.000	0.23145473
0.950	0.150	0.000	0.23151635
1.050	0.150	0.000	0.23136444
1.150	0.150	0.000	0.23110344
1.250	0.150	0.000	0.23071404
1.350	0.150	0.000	0.23012367
1.450	0.150	0.000	0.22926593
1.550	0.150	0.000	0.22823270
1.650	0.150	0.000	0.22729604
1.750	0.150	0.000	0.22655296
1.850	0.150	0.000	0.22623603
1.950	0.150	0.000	0.22634143
2.050	0.150	0.000	0.22650050
2.150	0.150	0.000	0.22643608
2.250	0.150	0.000	0.22621870
2.350	0.150	0.000	0.22603165
2.450	0.150	0.000	0.22523507
-2.450	0.250	0.000	0.19184761
-2.350	0.250	0.000	0.19526133
-2.250	0.250	0.000	0.19909899
-2.150	0.250	0.000	0.20181406
-2.050	0.250	0.000	0.20452702
-1.950	0.250	0.000	0.20712939
-1.850	0.250	0.000	0.20962462
-1.750	0.250	0.000	0.21211450
-1.650	0.250	0.000	0.21433061
-1.550	0.250	0.000	0.21593037
-1.450	0.250	0.000	0.21659523
-1.350	0.250	0.000	0.21678858
-1.250	0.250	0.000	0.21661054
-1.150	0.250	0.000	0.21653304
-1.050	0.250	0.000	0.21668686
-0.950	0.250	0.000	0.21691279
-0.850	0.250	0.000	0.21716546
-0.750	0.250	0.000	0.21733211
-0.650	0.250	0.000	0.21739243
-0.550	0.250	0.000	0.21749915
-0.450	0.250	0.000	0.21794531
-0.350	0.250	0.000	0.21868363
-0.250	0.250	0.000	0.21979056
-0.150	0.250	0.000	0.22109292
-0.050	0.250	0.000	0.22237435
0.050	0.250	0.000	0.22351271
0.150	0.250	0.000	0.22454570
0.250	0.250	0.000	0.22563270
0.350	0.250	0.000	0.22690547
0.450	0.250	0.000	0.22826533
0.550	0.250	0.000	0.22971423
0.650	0.250	0.000	0.23077074
0.750	0.250	0.000	0.23158965
0.850	0.250	0.000	0.23210041
0.950	0.250	0.000	0.23219649
1.050	0.250	0.000	0.23212537
1.150	0.250	0.000	0.23198353
1.250	0.250	0.000	0.23169880
1.350	0.250	0.000	0.23111843
1.450	0.250	0.000	0.23020506
1.550	0.250	0.000	0.22906332
1.650	0.250	0.000	0.22802369
1.750	0.250	0.000	0.22723219
1.850	0.250	0.000	0.22691068
1.950	0.250	0.000	0.22709854
2.050	0.250	0.000	0.22737944
2.150	0.250	0.000	0.22741568
2.250	0.250	0.000	0.22729059
2.350	0.250	0.000	0.22707021
2.450	0.250	0.000	0.22640710
-2.450	0.350	0.000	0.19290881
-2.350	0.350	0.000	0.19604227
-2.250	0.350	0.000	0.19998173
-2.150	0.350	0.000	0.20280533
-2.050	0.350	0.000	0.20544718
-1.950	0.350	0.000	0.20803486
-1.850	0.350	0.000	0.21055906
-1.750	0.350	0.000	0.21310599
-1.650	0.350	0.000	0.21534921
-1.550	0.350	0.000	0.21699370
-1.450	0.350	0.000	0.21778196
-1.350	0.350	0.000	0.21802309
-1.250	0.350	0.000	0.21796940
-1.150	0.350	0.000	0.21792525
-1.050	0.350	0.000	0.21807168
-0.950	0.350	0.000	0.21831220
-0.850	0.350	0.000	0.21851337
-0.750	0.350	0.000	0.21859805
-0.650	0.350	0.000	0.21857427
-0.550	0.350	0.000	0.21865790
-0.450	0.350	0.000	0.21911815
-0.350	0.350	0.000	0.21997179
-0.250	0.350	0.000	0.22120896
-0.150	0.350	0.000	0.22261786
-0.050	0.350	0.000	0.22393498
0.050	0.350	0.000	0.22501387
0.150	0.350	0.000	0.22590803
0.250	0.350	0.000	0.22679196
0.350	0.350	0.000	0.22784482
0.450	0.350	0.000	0.22902249
0.550	0.350	0.000	0.23034127
0.650	0.350	0.000	0.23138477
0.750	0.350	0.000	0.23216990
0.850	0.350	0.000	0.23275454
0.950	0.350	0.000	0.23291588
1.050	0.350	0.000	0.23294513
1.150	0.350	0.000	0.23289053
1.250	0.350	0.000	0.23266484
1.350	0.350	0.000	0.23210627
1.450	0.350	0.000	0.23118429
1.550	0.350	0.000	0.23001353
1.650	0.350	0.000	0.22892146
1.750	0.350	0.000	0.22816806
1.850	0.350	0.000	0.22784413
1.950	0.350	0.000	0.22802071
2.050	0.350	0.000	0.22832523
2.150	0.350	0.000	0.22834969
2.250	0.350	0.000	0.22823691
2.350	0.350	0.000	0.22794162
2.450	0.350	0.000	0.22739594
-2.450	0.450	0.000	0.19399808
-2.350	0.450	0.000	0.19676189
-2.250	0.450	0.000	0.20066121
-2.150	0.450	0.000	0.20352127
-2.050	0.450	0.000	0.20612222
-1.950	0.450	0.000	0.20874959
-1.850	0.450	0.000	0.21134192
-1.750	0.450	0.000	0.21394902
-1.650	0.450	0.000	0.21621941
-1.550	0.450	0.000	0.21784861
-1.450	0.450	0.000	0.21877839
-1.350	0.450	0.000	0.21906297
-1.250	0.450	0.000	0.21912979
-1.150	0.450	0.000	0.21918778
-1.050	0.450	0.000	0.21931849
-0.950	0.450	0.000	0.21955563
-0.850	0.450	0.000	0.21970226
-0.750	0.450	0.000	0.21972603
-0.650	0.450	0.000	0.21960981
-0.550	0.450	0.000	0.21969377
-0.450	0.450	0.000	0.22015101
-0.350	0.450	0.000	0.22111152
-0.250	0.450	0.000	0.22249725
-0.150	0.450	0.000	0.22404660
-0.050	0.450	0.000	0.22545031
0.050	0.450	0.000	0.22652559
0.150	0.450	0.000	0.22729246
0.250	0.450	0.000	0.22796792
0.350	0.450	0.000	0.22878118
0.450	0.450	0.000	0.22973064
0.550	0.450	0.000	0.23084499
0.650	0.450	0.000	0.23182298
0.750	0.450	0.000	0.23259762
0.850	0.450	0.000	0.23328033
0.950	0.450	0.000	0.23352061
1.050	0.450	0.000	0.23361194
1.150	0.450	0.000	0.23358950
1.250	0.450	0.000	0.23339628
1.350	0.450	0.000	0.23289056
1.450	0.450	0.000	0.23203531
1.550	0.450	0.000	0.23096699
1.650	0.450	0.000	0.22997646
1.750	0.450	0.000	0.22930039
1.850	0.450	0.000	0.22904356
1.950	0.450	0.000	0.22911079
2.050	0.450	0.000	0.22934309
2.150	0.450	0.000	0.22925948
2.250	0.450	0.000	0.22906184
2.350	0.450	0.000	0.22863314
2.450	0.450	0.000	0.22816783
-2.450	0.550	0.000	0.19539291
-2.350	0.550	0.000	0.19772543
-2.250	0.550	0.000	0.20144561
-2.150	0.550	0.000	0.20427974
-2.050	0.550	0.000	0.20682192
-1.950	0.550	0.000	0.20947236
-1.850	0.550	0.000	0.21214484
-1.750	0.550	0.000	0.21482691
-1.650	0.550	0.000	0.21715686
-1.550	0.550	0.000	0.21882518
-1.450	0.550	0.000	0.21984281
-1.350	0.550	0.000	0.22022316
-1.250	0.550	0.000	0.22037393
-1.150	0.550	0.000	0.22049987
-1.050	0.550	0.000	0.22063899
-0.950	0.550	0.000	0.22086397
-0.850	0.550	0.000	0.22097072
-0.750	0.550	0.000	0.22094864
-0.650	0.550	0.000	0.22077353
-0.550	0.550	0.000	0.22082752
-0.450	0.550	0.000	0.22121920
-0.350	0.550	0.000	0.22215329
-0.250	0.550	0.000	0.22355960
-0.150	0.550	0.000	0.22515443
-0.050	0.550	0.000	0.22661810
0.050	0.550	0.000	0.22773729
0.150	0.550	0.000	0.22843602
0.250	0.550	0.000	0.22893329
0.350	0.550	0.000	0.22949934
0.450	0.550	0.000	0.23019798
0.550	0.550	0.000	0.23108758
0.650	0.550	0.000	0.23203389
0.750	0.550	0.000	0.23286317
0.850	0.550	0.000	0.23366414
0.950	0.550	0.000	0.23400651
1.050	0.550	0.000	0.23412327
1.150	0.550	0.000	0.23408385
1.250	0.550	0.000	0.23386280
1.350	0.550	0.000	0.23338808
1.450	0.550	0.000	0.23265897
1.550	0.550	0.000	0.23179246
1.650	0.550	0.000	0.23101157
1.750	0.550	0.000	0.23048322
1.850	0.550	0.000	0.23031303
1.950	0.550	0.000	0.23031990
2.050	0.550	0.000	0.23045176
2.150	0.550	0.000	0.23021185
2.250	0.550	0.000	0.22991741
2.350	0.550	0.000	0.22929087
2.450	0.550	0.000	0.22881265
-2.450	0.650	0.000	0.19743228
-2.350	0.650	0.000	0.19931424
-2.250	0.650	0.000	0.20273726
-2.150	0.650	0.000	0.20547517
-2.050	0.650	0.000	0.20796646
-1.950	0.650	0.000	0.21063273
-1.850	0.650	0.000	0.21336439
-1.750	0.650	0.000	0.21609166
-1.650	0.650	0.000	0.21852249
-1.550	0.650	0.000	0.22031687
-1.450	0.650	0.000	0.22145158
-1.350	0.650	0.000	0.22195543
-1.250	0.650	0.000	0.22215983
-1.150	0.650	0.000	0.22228824
-1.050	0.650	0.000	0.22243394
-0.950	0.650	0.000	0.22260079
-0.850	0.650	0.000	0.22265896
-0.750	0.650	0.000	0.22257364
-0.650	0.650	0.000	0.22233486
-0.550	0.650	0.000	0.22224130
-0.450	0.650	0.000	0.22247410
-0.350	0.650	0.000	0.22318828
-0.250	0.650	0.000	0.22443281
-0.150	0.650	0.000	0.22588633
-0.050	0.650	0.000	0.22732578
0.050	0.650	0.000	0.22846168
0.150	0.650	0.000	0.22908734
0.250	0.650	0.000	0.22948000
0.350	0.650	0.000	0.22979754
0.450	0.650	0.000	0.23033476
0.550	0.650	0.000	0.23106159
0.650	0.650	0.000	0.23199369
0.750	0.650	0.000	0.23290943
0.850	0.650	0.000	0.23383990
0.950	0.650	0.000	0.23432884
1.050	0.650	0.000	0.23449385
1.150	0.650	0.000	0.23446612
1.250	0.650	0.000	0.23424529
1.350	0.650	0.000	0.23381716
1.450	0.650	0.000	0.23322716
1.550	0.650	0.000	0.23256795
1.650	0.650	0.000	0.23201102
1.750	0.650	0.000	0.23166828
1.850	0.650	0.000	0.23162563
1.950	0.650	0.000	0.23162331
2.050	0.650	0.000	0.23167825
2.150	0.650	0.000	0.23127332
2.250	0.650	0.000	0.23088062
2.350	0.650	0.000	0.23012343
2.450	0.650	0.000	0.22960187
-2.450	0.750	0.000	0.20045464
-2.350	0.750	0.000	0.20193322
-2.250	0.750	0.000	0.20504695
-2.150	0.750	0.000	0.20768389
-2.050	0.750	0.000	0.21012212
-1.950	0.750	0.000	0.21275206
-1.850	0.750	0.000	0.21547964
-1.750	0.750	0.000	0.21819651
-1.650	0.750	0.000	0.22068115
-1.550	0.750	0.000	0.22261801
-1.450	0.750	0.000	0.22388673
-1.350	0.750	0.000	0.22451305
-1.250	0.750	0.000	0.22478455
-1.150	0.750	0.000	0.22490390
-1.050	0.750	0.000	0.22502847
-0.950	0.750	0.000	0.22511123
-0.850	0.750	0.000	0.22507888
-0.750	0.750	0.000	0.22487180
-0.650	0.750	0.000	0.22453810
-0.550	0.750	0.000	0.22416987
-0.450	0.750	0.000	0.22413066
-0.350	0.750	0.000	0.22448464
-0.250	0.750	0.000	0.22537045
-0.150	0.750	0.000	0.22651863
-0.050	0.750	0.000	0.22770832
0.050	0.750	0.000	0.22866929
0.150	0.750	0.000	0.22925356
0.250	0.750	0.000	0.22954908
0.350	0.750	0.000	0.22977483
0.450	0.750	0.000	0.23022680
0.550	0.750	0.000	0.23087996
0.650	0.750	0.000	0.23181042
0.750	0.750	0.000	0.23281935
0.850	0.750	0.000	0.23385854
0.950	0.750	0.000	0.23456129
1.050	0.750	0.000	0.23485823
1.150	0.750	0.000	0.23496091
1.250	0.750	0.000	0.23482980
1.350	0.750	0.000	0.23447026
1.450	0.750	0.000	0.23396888
1.550	0.750	0.000	0.23344955
1.650	0.750	0.000	0.23307019
1.750	0.750	0.000	0.23288865
1.850	0.750	0.000	0.23295788
1.950	0.750	0.000	0.23298119
2.050	0.750	0.000	0.23301505
2.150	0.750	0.000	0.23250414
2.250	0.750	0.000	0.23202515
2.350	0.750	0.000	0.23113962
2.450	0.750	0.000	0.23063555
-2.450	0.850	0.000	0.20450690
-2.350	0.850	0.000	0.20566639
-2.250	0.850	0.000	0.20848449
-2.150	0.850	0.000	0.21104620
-2.050	0.850	0.000	0.21343854
-1.950	0.850	0.000	0.21599378
-1.850	0.850	0.000	0.21861719
-1.750	0.850	0.000	0.22121546
-1.650	0.850	0.000	0.22365580
-1.550	0.850	0.000	0.22566308
-1.450	0.850	0.000	0.22703756
-1.350	0.850	0.000	0.22782780
-1.250	0.850	0.000	0.22822483
-1.150	0.850	0.000	0.22840868
-1.050	0.850	0.000	0.22853445
-0.950	0.850	0.000	0.22857651
-0.850	0.850	0.000	0.22843781
-0.750	0.850	0.000	0.22808950
-0.650	0.850	0.000	0.22754635
-0.550	0.850	0.000	0.22695914
-0.450	0.850	0.000	0.22649024
-0.350	0.850	0.000	0.22643900
-0.250	0.850	0.000	0.22679494
-0.150	0.850	0.000	0.22746427
-0.050	0.850	0.000	0.22823764
0.050	0.850	0.000	0.22890081
0.150	0.850	0.000	0.22937696
0.250	0.850	0.000	0.22959101
0.350	0.850	0.000	0.22984621
0.450	0.850	0.000	0.23031025
0.550	0.850	0.000	0.23095408
0.650	0.850	0.000	0.23187251
0.750	0.850	0.000	0.23289943
0.850	0.850	0.000	0.23393986
0.950	0.850	0.000	0.23481564
1.050	0.850	0.000	0.23532626
1.150	0.850	0.000	0.23566008
1.250	0.850	0.000	0.23574482
1.350	0.850	0.000	0.23553823
1.450	0.850	0.000	0.23517273
1.550	0.850	0.000	0.23477218
1.650	0.850	0.000	0.23447917
1.750	0.850	0.000	0.23434208
1.850	0.850	0.000	0.23442985
1.950	0.850	0.000	0.23444568
2.050	0.850	0.000	0.23446921
2.150	0.850	0.000	0.23388837
2.250	0.850	0.000	0.23336951
2.350	0.850	0.000	0.23242085
2.450	0.850	0.000	0.23196214
-2.450	0.950	0.000	0.20913590
-2.350	0.950	0.000	0.21004166
-2.250	0.950	0.000	0.21265267
-2.150	0.950	0.000	0.21526562
-2.050	0.950	0.000	0.21770306
-1.950	0.950	0.000	0.22020024
-1.850	0.950	0.000	0.22262563
-1.750	0.950	0.000	0.22496516
-1.650	0.950	0.000	0.22721615
-1.550	0.950	0.000	0.22916281
-1.450	0.950	0.000	0.23061326
-1.350	0.950	0.000	0.23159210
-1.250	0.950	0.000	0.23218636
-1.150	0.950	0.000	0.23252487
-1.050	0.950	0.000	0.23270909
-0.950	0.950	0.000	0.23280114
-0.850	0.950	0.000	0.23262255
-0.750	0.950	0.000	0.23216347
-0.650	0.950	0.000	0.23145828
-0.550	0.950	0.000	0.23062494
-0.450	0.950	0.000	0.22988455
-0.350	0.950	0.000	0.22937295
-0.250	0.950	0.000	0.22921377
-0.150	0.950	0.000	0.22936903
-0.050	0.950	0.000	0.22967306
0.050	0.950	0.000	0.23002964
0.150	0.950	0.000	0.23033608
0.250	0.950	0.000	0.23057611
0.350	0.950	0.000	0.23094204
0.450	0.950	0.000	0.23142909
0.550	0.950	0.000	0.23204780
0.650	0.950	0.000	0.23283567
0.750	0.950	0.000	0.23372930
0.850	0.950	0.000	0.23467922
0.950	0.950	0.000	0.23559491
1.050	0.950	0.000	0.23630401
1.150	0.950	0.000	0.23685807
1.250	0.950	0.000	0.23719157
1.350	0.950	0.000	0.23720217
1.450	0.950	0.000	0.23698680
1.550	0.950	0.000	0.23666808
1.650	0.950	0.000	0.23639345
1.750	0.950	0.000	0.23620978
1.850	0.950	0.000	0.23621471
1.950	0.950	0.000	0.23614185
2.050	0.950	0.000	0.23609374
2.150	0.950	0.000	0.23539151
2.250	0.950	0.000	0.23479196
2.350	0.950	0.000	0.23382710
2.450	0.950	0.000	0.23350224
-2.450	1.050	0.000	0.21369332
-2.350	1.050	0.000	0.21438155
-2.250	1.050	0.000	0.21686158
-2.150	1.050	0.000	0.21965685
-2.050	1.050	0.000	0.22226414
-1.950	1.050	0.000	0.22477625
-1.850	1.050	0.000	0.22699793
-1.750	1.050	0.000	0.22900014
-1.650	1.050	0.000	0.23092440
-1.550	1.050	0.000	0.23267293
-1.450	1.050	0.000	0.23413603
-1.350	1.050	0.000	0.23525491
-1.250	1.050	0.000	0.23612384
-1.150	1.050	0.000	0.23665048
-1.050	1.050	0.000	0.23704511
-0.950	1.050	0.000	0.23728862
-0.850	1.050	0.000	0.23722969
-0.750	1.050	0.000	0.23678665
-0.650	1.050	0.000	0.23601364
-0.550	1.050	0.000	0.23504217
-0.450	1.050	0.000	0.23412310
-0.350	1.050	0.000	0.23331127
-0.250	1.050	0.000	0.23276354
-0.150	1.050	0.000	0.23254840
-0.050	1.050	0.000	0.23249862
0.050	1.050	0.000	0.23266628
0.150	1.050	0.000	0.23288968
0.250	1.050	0.000	0.23326413
0.350	1.050	0.000	0.23382232
0.450	1.050	0.000	0.23441689
0.550	1.050	0.000	0.23500626
0.650	1.050	0.000	0.23554660
0.750	1.050	0.000	0.23613727
0.850	1.050	0.000	0.23681578
0.950	1.050	0.000	0.23748593
1.050	1.050	0.000	0.23810332
1.150	1.050	0.000	0.23868431
1.250	1.050	0.000	0.23910786
1.350	1.050	0.000	0.23928750
1.450	1.050	0.000	0.23923384
1.550	1.050	0.000	0.23903136
1.650	1.050	0.000	0.23877849
1.750	1.050	0.000	0.23850855
1.850	1.050	0.000	0.23837069
1.950	1.050	0.000	0.23814628
2.050	1.050	0.000	0.23797168
2.150	1.050	0.000	0.23711941
2.250	1.050	0.000	0.23643032
2.350	1.050	0.000	0.23544459
2.450	1.050	0.000	0.23523389
-2.450	1.150	0.000	0.21763644
-2.350	1.150	0.000	0.21814553
-2.250	1.150	0.000	0.22056411
-2.150	1.150	0.000	0.22358298
-2.050	1.150	0.000	0.22649036
-1.950	1.150	0.000	0.22915846
-1.850	1.150	0.000	0.23128246
-1.750	1.150	0.000	0.23297478
-1.650	1.150	0.000	0.23449072
-1.550	1.150	0.000	0.23590033
-1.450	1.150	0.000	0.23723532
-1.350	1.150	0.000	0.23839846
-1.250	1.150	0.000	0.23945528
-1.150	1.150	0.000	0.24024907
-1.050	1.150	0.000	0.24085255
-0.950	1.150	0.000	0.24134089
-0.850	1.150	0.000	0.24145660
-0.750	1.150	0.000	0.24116258
-0.650	1.150	0.000	0.24048288
-0.550	1.150	0.000	0.23952910
-0.450	1.150	0.000	0.23855413
-0.350	1.150	0.000	0.23761731
-0.250	1.150	0.000	0.23683786
-0.150	1.150	0.000	0.23637356
-0.050	1.150	0.000	0.23617616
0.050	1.150	0.000	0.23637682
0.150	1.150	0.000	0.23671448
0.250	1.150	0.000	0.23734131
0.350	1.150	0.000	0.23809998
0.450	1.150	0.000	0.23887168
0.550	1.150	0.000	0.23945078
0.650	1.150	0.000	0.23978306
0.750	1.150	0.000	0.24002561
0.850	1.150	0.000	0.24027756
0.950	1.150	0.000	0.24054296
1.050	1.150	0.000	0.24079479
1.150	1.150	0.000	0.24112292
1.250	1.150	0.000	0.24142618
1.350	1.150	0.000	0.24159065
1.450	1.150	0.000	0.24161503
1.550	1.150	0.000	0.24151024
1.650	1.150	0.000	0.24129127
1.750	1.150	0.000	0.24095643
1.850	1.150	0.000	0.24068151
1.950	1.150	0.000	0.24028291
2.050	1.150	0.000	0.23995692
2.150	1.150	0.000	0.23895203
2.250	1.150	0.000	0.23818335
2.350	1.150	0.000	0.23722865
2.450	1.150	0.000	0.23715700
-2.450	1.250	0.000	0.22062300
-2.350	1.250	0.000	0.22098903
-2.250	1.250	0.000	0.22335930
-2.150	1.250	0.000	0.22656086
-2.050	1.250	0.000	0.22978897
-1.950	1.250	0.000	0.23270984
-1.850	1.250	0.000	0.23490456
-1.750	1.250	0.000	0.23643135
-1.650	1.250	0.000	0.23755676
-1.550	1.250	0.000	0.23852783
-1.450	1.250	0.000	0.23960096
-1.350	1.250	0.000	0.24063691
-1.250	1.250	0.000	0.24170221
-1.150	1.250	0.000	0.24264957
-1.050	1.250	0.000	0.24337016
-0.950	1.250	0.000	0.24394549
-0.850	1.250	0.000	0.24425626
-0.750	1.250	0.000	0.24418846
-0.650	1.250	0.000	0.24371864
-0.550	1.250	0.000	0.24291195
-0.450	1.250	0.000	0.24198979
-0.350	1.250	0.000	0.24099113
-0.250	1.250	0.000	0.24014531
-0.150	1.250	0.000	0.23955011
-0.050	1.250	0.000	0.23938079
0.050	1.250	0.000	0.23963530
0.150	1.250	0.000	0.24026546
0.250	1.250	0.000	0.24117485
0.350	1.250	0.000	0.24223290
0.450	1.250	0.000	0.24321231
0.550	1.250	0.000	0.24381436
0.650	1.250	0.000	0.24413370
0.750	1.250	0.000	0.24423081
0.850	1.250	0.000	0.24415557
0.950	1.250	0.000	0.24397126
1.050	1.250	0.000	0.24378236
1.150	1.250	0.000	0.24370185
1.250	1.250	0.000	0.24364655
1.350	1.250	0.000	0.24363832
1.450	1.250	0.000	0.24363524
1.550	1.250	0.000	0.24354677
1.650	1.250	0.000	0.24334705
1.750	1.250	0.000	0.24300589
1.850	1.250	0.000	0.24268001
1.950	1.250	0.000	0.24217975
2.050	1.250	0.000	0.24172984
2.150	1.250	0.000	0.24063599
2.250	1.250	0.000	0.23984449
2.350	1.250	0.000	0.23895951
2.450	1.250	0.000	0.23904346
-2.450	1.350	0.000	0.22214366
-2.350	1.350	0.000	0.22235620
-2.250	1.350	0.000	0.22463179
-2.150	1.350	0.000	0.22794902
-2.050	1.350	0.000	0.23143540
-1.950	1.350	0.000	0.23467261
-1.850	1.350	0.000	0.23711303
-1.750	1.350	0.000	0.23870213
-1.650	1.350	0.000	0.23962456
-1.550	1.350	0.000	0.24025184
-1.450	1.350	0.000	0.24094553
-1.350	1.350	0.000	0.24160352
-1.250	1.350	0.000	0.24243015
-1.150	1.350	0.000	0.24322072
-1.050	1.350	0.000	0.24382643
-0.950	1.350	0.000	0.24438238
-0.850	1.350	0.000	0.24486251
-0.750	1.350	0.000	0.24503593
-0.650	1.350	0.000	0.24484967
-0.550	1.350	0.000	0.24425124
-0.450	1.350	0.000	0.24338134
-0.350	1.350	0.000	0.24238822
-0.250	1.350	0.000	0.24144374
-0.150	1.350	0.000	0.24083759
-0.050	1.350	0.000	0.24068345
0.050	1.350	0.000	0.24109583
0.150	1.350	0.000	0.24195798
0.250	1.350	0.000	0.24316154
0.350	1.350	0.000	0.24452771
0.450	1.350	0.000	0.24577616
0.550	1.350	0.000	0.24664780
0.650	1.350	0.000	0.24712640
0.750	1.350	0.000	0.24718702
0.850	1.350	0.000	0.24698022
0.950	1.350	0.000	0.24649894
1.050	1.350	0.000	0.24593592
1.150	1.350	0.000	0.24543245
1.250	1.350	0.000	0.24507543
1.350	1.350	0.000	0.24488583
1.450	1.350	0.000	0.24481207
1.550	1.350	0.000	0.24468966
1.650	1.350	0.000	0.24445988
1.750	1.350	0.000	0.24410319
1.850	1.350	0.000	0.24378838
1.950	1.350	0.000	0.24326548
2.050	1.350	0.000	0.24276362
2.150	1.350	0.000	0.24168016
2.250	1.350	0.000	0.24097280
2.350	1.350	0.000	0.24021073
2.450	1.350	0.000	0.24052598
-2.450	1.450	0.000	0.22237791
-2.350	1.450	0.000	0.22246711
-2.250	1.450	0.000	0.22456822
-2.150	1.450	0.000	0.22784498
-2.050	1.450	0.000	0.23150831
-1.950	1.450	0.000	0.23506215
-1.850	1.450	0.000	0.23782812
-1.750	1.450	0.000	0.23959874
-1.650	1.450	0.000	0.24048413
-1.550	1.450	0.000	0.24084866
-1.450	1.450	0.000	0.24129777
-1.350	1.450	0.000	0.24170119
-1.250	1.450	0.000	0.24228875
-1.150	1.450	0.000	0.24275906
-1.050	1.450	0.000	0.24323055
-0.950	1.450	0.000	0.24374284
-0.850	1.450	0.000	0.24421956
-0.750	1.450	0.000	0.24446352
-0.650	1.450	0.000	0.24449158
-0.550	1.450	0.000	0.24426517
-0.450	1.450	0.000	0.24366859
-0.350	1.450	0.000	0.24278106
-0.250	1.450	0.000	0.24182123
-0.150	1.450	0.000	0.24117455
-0.050	1.450	0.000	0.24086964
0.050	1.450	0.000	0.24123673
0.150	1.450	0.000	0.24210845
0.250	1.450	0.000	0.24341848
0.350	1.450	0.000	0.24496917
0.450	1.450	0.000	0.24636097
0.550	1.450	0.000	0.24738428
0.650	1.450	0.000	0.24802250
0.750	1.450	0.000	0.24814376
0.850	1.450	0.000	0.24798062
0.950	1.450	0.000	0.24753866
1.050	1.450	0.000	0.24678463
1.150	1.450	0.000	0.24600327
1.250	1.450	0.000	0.24541131
1.350	1.450	0.000	0.24506980
1.450	1.450	0.000	0.24487789
1.550	1.450	0.000	0.24470361
1.650	1.450	0.000	0.24448282
1.750	1.450	0.000	0.24414338
1.850	1.450	0.000	0.24387015
1.950	1.450	0.000	0.24337451
2.050	1.450	0.000	0.24287339
2.150	1.450	0.000	0.24196136
2.250	1.450	0.000	0.24149869
2.350	1.450	0.000	0.24089430
2.450	1.450	0.000	0.24145673
-2.450	1.550	0.000	0.22188605
-2.350	1.550	0.000	0.22185563
-2.250	1.550	0.000	0.22383592
-2.150	1.550	0.000	0.22706397
-2.050	1.550	0.000	0.23082533
-1.950	1.550	0.000	0.23461823
-1.850	1.550	0.000	0.23771107
-1.750	1.550	0.000	0.23976380
-1.650	1.550	0.000	0.24079050
-1.550	1.550	0.000	0.24102798
-1.450	1.550	0.000	0.24118760
-1.350	1.550	0.000	0.24131148
-1.250	1.550	0.000	0.24150546
-1.150	1.550	0.000	0.24179052
-1.050	1.550	0.000	0.24200246
-0.950	1.550	0.000	0.24221420
-0.850	1.550	0.000	0.24244094
-0.750	1.550	0.000	0.24264409
-0.650	1.550	0.000	0.24282679
-0.550	1.550	0.000	0.24288286
-0.450	1.550	0.000	0.24271657
-0.350	1.550	0.000	0.24222563
-0.250	1.550	0.000	0.24152735
-0.150	1.550	0.000	0.24090023
-0.050	1.550	0.000	0.24070407
0.050	1.550	0.000	0.24107839
0.150	1.550	0.000	0.24196669
0.250	1.550	0.000	0.24320373
0.350	1.550	0.000	0.24469505
0.450	1.550	0.000	0.24611367
0.550	1.550	0.000	0.24721153
0.650	1.550	0.000	0.24799463
0.750	1.550	0.000	0.24829654
0.850	1.550	0.000	0.24808834
0.950	1.550	0.000	0.24743713
1.050	1.550	0.000	0.24660699
1.150	1.550	0.000	0.24581850
1.250	1.550	0.000	0.24518842
1.350	1.550	0.000	0.24481645
1.450	1.550	0.000	0.24457361
1.550	1.550	0.000	0.24433088
1.650	1.550	0.000	0.24407376
1.750	1.550	0.000	0.24371640
1.850	1.550	0.000	0.24348387
1.950	1.550	0.000	0.24308775
2.050	1.550	0.000	0.24259441
2.150	1.550	0.000	0.24172938
2.250	1.550	0.000	0.24140458
2.350	1.550	0.000	0.24090567
2.450	1.550	0.000	0.24164842
-2.450	1.650	0.000	0.22005107
-2.350	1.650	0.000	0.21989669
-2.250	1.650	0.000	0.22166774
-2.150	1.650	0.000	0.22471721
-2.050	1.650	0.000	0.22840255
-1.950	1.650	0.000	0.23230065
-1.850	1.650	0.000	0.23564553
-1.750	1.650	0.000	0.23803601
-1.650	1.650	0.000	0.23937091
-1.550	1.650	0.000	0.23979837
-1.450	1.650	0.000	0.24000806
-1.350	1.650	0.000	0.24012449
-1.250	1.650	0.000	0.24018288
-1.150	1.650	0.000	0.24025118
-1.050	1.650	0.000	0.24022782
-0.950	1.650	0.000	0.24017344
-0.850	1.650	0.000	0.24013947
-0.750	1.650	0.000	0.24023171
-0.650	1.650	0.000	0.24045861
-0.550	1.650	0.000	0.24072732
-0.450	1.650	0.000	0.24087620
-0.350	1.650	0.000	0.24070415
-0.250	1.650	0.000	0.24037237
-0.150	1.650	0.000	0.23997633
-0.050	1.650	0.000	0.24001040
0.050	1.650	0.000	0.24039578
0.150	1.650	0.000	0.24126168
0.250	1.650	0.000	0.24245338
0.350	1.650	0.000	0.24378897
0.450	1.650	0.000	0.24496812
0.550	1.650	0.000	0.24591804
0.650	1.650	0.000	0.24664399
0.750	1.650	0.000	0.24699932
0.850	1.650	0.000	0.24694701
0.950	1.650	0.000	0.24651432
1.050	1.650	0.000	0.24588163
1.150	1.650	0.000	0.24527085
1.250	1.650	0.000	0.24483715
1.350	1.650	0.000	0.24455032
1.450	1.650	0.000	0.24424471
1.550	1.650	0.000	0.24387597
1.650	1.650	0.000	0.24339969
1.750	1.650	0.000	0.24288553
1.850	1.650	0.000	0.24256508
1.950	1.650	0.000	0.24213289
2.050	1.650	0.000	0.24174991
2.150	1.650	0.000	0.24116574
2.250	1.650	0.000	0.24099356
2.350	1.650	0.000	0.24057038
2.450	1.650	0.000	0.24132432
-2.450	1.750	0.000	0.21886294
-2.350	1.750	0.000	0.21858010
-2.250	1.750	0.000	0.22018270
-2.150	1.750	0.000	0.22301936
-2.050	1.750	0.000	0.22657642
-1.950	1.750	0.000	0.23051372
-1.850	1.750	0.000	0.23407513
-1.750	1.750	0.000	0.23679376
-1.650	1.750	0.000	0.23848213
-1.550	1.750	0.000	0.23931116
-1.450	1.750	0.000	0.23972414
-1.350	1.750	0.000	0.24000652
-1.250	1.750	0.000	0.23999852
-1.150	1.750	0.000	0.23996164
-1.050	1.750	0.000	0.23970251
-0.950	1.750	0.000	0.23939002
-0.850	1.750	0.000	0.23909071
-0.750	1.750	0.000	0.23883396
-0.650	1.750	0.000	0.23887171
-0.550	1.750	0.000	0.23913620
-0.450	1.750	0.000	0.23938937
-0.350	1.750	0.000	0.23943049
-0.250	1.750	0.000	0.23932388
-0.150	1.750	0.000	0.23917250
-0.050	1.750	0.000	0.23933281
0.050	1.750	0.000	0.23978762
0.150	1.750	0.000	0.24060310
0.250	1.750	0.000	0.24163702
0.350	1.750	0.000	0.24275871
0.450	1.750	0.000	0.24376716
0.550	1.750	0.000	0.24462299
0.650	1.750	0.000	0.24527873
0.750	1.750	0.000	0.24557848
0.850	1.750	0.000	0.24548255
0.950	1.750	0.000	0.24510089
1.050	1.750	0.000	0.24460159
1.150	1.750	0.000	0.24414140
1.250	1.750	0.000	0.24382073
1.350	1.750	0.000	0.24358314
1.450	1.750	0.000	0.24329288
1.550	1.750	0.000	0.24288492
1.650	1.750	0.000	0.24235144
1.750	1.750	0.000	0.24180064
1.850	1.750	0.000	0.24146409
1.950	1.750	0.000	0.24105652
2.050	1.750	0.000	0.24082324
2.150	1.750	0.000	0.24047814
2.250	1.750	0.000	0.24045697
2.350	1.750	0.000	0.24013139
2.450	1.750	0.000	0.24089764
-2.450	1.850	0.000	0.21882345
-2.350	1.850	0.000	0.21842578
-2.250	1.850	0.000	0.21988043
-2.150	1.850	0.000	0.22247688
-2.050	1.850	0.000	0.22577237
-1.950	1.850	0.000	0.22962983
-1.850	1.850	0.000	0.23336037
-1.750	1.850	0.000	0.23644295
-1.650	1.850	0.000	0.23860952
-1.550	1.850	0.000	0.23990239
-1.450	1.850	0.000	0.24060129
-1.350	1.850	0.000	0.24097204
-1.250	1.850	0.000	0.24097656
-1.150	1.850	0.000	0.24087644
-1.050	1.850	0.000	0.24047953
-0.950	1.850	0.000	0.23979865
-0.850	1.850	0.000	0.23896974
-0.750	1.850	0.000	0.23839471
-0.650	1.850	0.000	0.23817709
-0.550	1.850	0.000	0.23825645
-0.450	1.850	0.000	0.23841555
-0.350	1.850	0.000	0.23852661
-0.250	1.850	0.000	0.23854548
-0.150	1.850	0.000	0.23860925
-0.050	1.850	0.000	0.23883876
0.050	1.850	0.000	0.23935752
0.150	1.850	0.000	0.24009386
0.250	1.850	0.000	0.24098919
0.350	1.850	0.000	0.24194799
0.450	1.850	0.000	0.24278574
0.550	1.850	0.000	0.24353918
0.650	1.850	0.000	0.24409585
0.750	1.850	0.000	0.24432571
0.850	1.850	0.000	0.24417268
0.950	1.850	0.000	0.24378562
1.050	1.850	0.000	0.24337000
1.150	1.850	0.000	0.24308108
1.250	1.850	0.000	0.24292046
1.350	1.850	0.000	0.24275506
1.450	1.850	0.000	0.24246395
1.550	1.850	0.000	0.24202515
1.650	1.850	0.000	0.24143758
1.750	1.850	0.000	0.24084669
1.850	1.850	0.000	0.24042627
1.950	1.850	0.000	0.23998198
2.050	1.850	0.000	0.23988070
2.150	1.850	0.000	0.23969646
2.250	1.850	0.000	0.23974811
2.350	1.850	0.000	0.23951469
2.450	1.850	0.000	0.24019553
-2.450	1.950	0.000	0.21947278
-2.350	1.950	0.000	0.21898578
-2.250	1.950	0.000	0.22032332
-2.150	1.950	0.000	0.22270541
-2.050	1.950	0.000	0.22575682
-1.950	1.950	0.000	0.22954482
-1.850	1.950	0.000	0.23336172
-1.750	1.950	0.000	0.23668681
-1.650	1.950	0.000	0.23923087
-1.550	1.950	0.000	0.24098146
-1.450	1.950	0.000	0.24202102
-1.350	1.950	0.000	0.24245839
-1.250	1.950	0.000	0.24254023
-1.150	1.950	0.000	0.24240266
-1.050	1.950	0.000	0.24187718
-0.950	1.950	0.000	0.24103044
-0.850	1.950	0.000	0.23995209
-0.750	1.950	0.000	0.23896566
-0.650	1.950	0.000	0.23823161
-0.550	1.950	0.000	0.23789681
-0.450	1.950	0.000	0.23787795
-0.350	1.950	0.000	0.23796140
-0.250	1.950	0.000	0.23802556
-0.150	1.950	0.000	0.23809233
-0.050	1.950	0.000	0.23823573
0.050	1.950	0.000	0.23866823
0.150	1.950	0.000	0.23928697
0.250	1.950	0.000	0.24010555
0.350	1.950	0.000	0.24098273
0.450	1.950	0.000	0.24179108
0.550	1.950	0.000	0.24250260
0.650	1.950	0.000	0.24304223
0.750	1.950	0.000	0.24323604
0.850	1.950	0.000	0.24308218
0.950	1.950	0.000	0.24271777
1.050	1.950	0.000	0.24236080
1.150	1.950	0.000	0.24216159
1.250	1.950	0.000	0.24208154
1.350	1.950	0.000	0.24199235
1.450	1.950	0.000	0.24174424
1.550	1.950	0.000	0.24129760
1.650	1.950	0.000	0.24068281
1.750	1.950	0.000	0.24005981
1.850	1.950	0.000	0.23953912
1.950	1.950	0.000	0.23906244
2.050	1.950	0.000	0.23903583
2.150	1.950	0.000	0.23895660
2.250	1.950	0.000	0.23911329
2.350	1.950	0.000	0.23901032
2.450	1.950	0.000	0.23982453
-2.450	2.050	0.000	0.22084311
-2.350	2.050	0.000	0.22030041
-2.250	2.050	0.000	0.22149722
-2.150	2.050	0.000	0.22356123
-2.050	2.050	0.000	0.22624421
-1.950	2.050	0.000	0.22976476
-1.850	2.050	0.000	0.23353696
-1.750	2.050	0.000	0.23701015
-1.650	2.050	0.000	0.23983423
-1.550	2.050	0.000	0.24187094
-1.450	2.050	0.000	0.24314877
-1.350	2.050	0.000	0.24371332
-1.250	2.050	0.000	0.24389137
-1.150	2.050	0.000	0.24378902
-1.050	2.050	0.000	0.24325992
-0.950	2.050	0.000	0.24247232
-0.850	2.050	0.000	0.24136308
-0.750	2.050	0.000	0.24022549
-0.650	2.050	0.000	0.23920763
-0.550	2.050	0.000	0.23842777
-0.450	2.050	0.000	0.23796551
-0.350	2.050	0.000	0.23767573
-0.250	2.050	0.000	0.23745997
-0.150	2.050	0.000	0.23729312
-0.050	2.050	0.000	0.23730396
0.050	2.050	0.000	0.23760487
0.150	2.050	0.000	0.23818846
0.250	2.050	0.000	0.23900408
0.350	2.050	0.000	0.23989560
0.450	2.050	0.000	0.24075443
0.550	2.050	0.000	0.24151862
0.650	2.050	0.000	0.24214512
0.750	2.050	0.000	0.24244635
0.850	2.050	0.000	0.24239010
0.950	2.050	0.000	0.24210665
1.050	2.050	0.000	0.24180213
1.150	2.050	0.000	0.24161044
1.250	2.050	0.000	0.24151646
1.350	2.050	0.000	0.24140993
1.450	2.050	0.000	0.24118860
1.550	2.050	0.000	0.24082235
1.650	2.050	0.000	0.24027613
1.750	2.050	0.000	0.23964775
1.850	2.050	0.000	0.23907335
1.950	2.050	0.000	0.23861846
2.050	2.050	0.000	0.23862416
2.150	2.050	0.000	0.23857278
2.250	2.050	0.000	0.23882677
2.350	2.050	0.000	0.23887616
2.450	2.050	0.000	0.23972502
-2.450	2.150	0.000	0.22130805
-2.350	2.150	0.000	0.22076233
-2.250	2.150	0.000	0.22185287
-2.150	2.150	0.000	0.22368929
-2.050	2.150	0.000	0.22608334
-1.950	2.150	0.000	0.22929730
-1.850	2.150	0.000	0.23290952
-1.750	2.150	0.000	0.23640369
-1.650	2.150	0.000	0.23939890
-1.550	2.150	0.000	0.24166545
-1.450	2.150	0.000	0.24318616
-1.350	2.150	0.000	0.24392106
-1.250	2.150	0.000	0.24425480
-1.150	2.150	0.000	0.24412796
-1.050	2.150	0.000	0.24374712
-0.950	2.150	0.000	0.24321823
-0.850	2.150	0.000	0.24228959
-0.750	2.150	0.000	0.24123056
-0.650	2.150	0.000	0.24022475
-0.550	2.150	0.000	0.23938090
-0.450	2.150	0.000	0.23871490
-0.350	2.150	0.000	0.23811425
-0.250	2.150	0.000	0.23753850
-0.150	2.150	0.000	0.23708487
-0.050	2.150	0.000	0.23689836
0.050	2.150	0.000	0.23711695
0.150	2.150	0.000	0.23768649
0.250	2.150	0.000	0.23845808
0.350	2.150	0.000	0.23924427
0.450	2.150	0.000	0.23998788
0.550	2.150	0.000	0.24066605
0.650	2.150	0.000	0.24124314
0.750	2.150	0.000	0.24159393
0.850	2.150	0.000	0.24168713
0.950	2.150	0.000	0.24160357
1.050	2.150	0.000	0.24144784
1.150	2.150	0.000	0.24131189
1.250	2.150	0.000	0.24121894
1.350	2.150	0.000	0.24111094
1.450	2.150	0.000	0.24091245
1.550	2.150	0.000	0.24058709
1.650	2.150	0.000	0.24008483
1.750	2.150	0.000	0.23948395
1.850	2.150	0.000	0.23890090
1.950	2.150	0.000	0.23844680
2.050	2.150	0.000	0.23841697
2.150	2.150	0.000	0.23834465
2.250	2.150	0.000	0.23872083
2.350	2.150	0.000	0.23893072
2.450	2.150	0.000	0.23981325
-2.450	2.250	0.000	0.22127138
-2.350	2.250	0.000	0.22073676
-2.250	2.250	0.000	0.22174542
-2.150	2.250	0.000	0.22332929
-2.050	2.250	0.000	0.22548318
-1.950	2.250	0.000	0.22842860
-1.850	2.250	0.000	0.23178984
-1.750	2.250	0.000	0.23511656
-1.650	2.250	0.000	0.23815542
-1.550	2.250	0.000	0.24058555
-1.450	2.250	0.000	0.24228705
-1.350	2.250	0.000	0.24325144
-1.250	2.250	0.000	0.24374923
-1.150	2.250	0.000	0.24385771
-1.050	2.250	0.000	0.24366546
-0.950	2.250	0.000	0.24334234
-0.850	2.250	0.000	0.24275556
-0.750	2.250	0.000	0.24208128
-0.650	2.250	0.000	0.24141185
-0.550	2.250	0.000	0.24075265
-0.450	2.250	0.000	0.24009798
-0.350	2.250	0.000	0.23932366
-0.250	2.250	0.000	0.23852786
-0.150	2.250	0.000	0.23788609
-0.050	2.250	0.000	0.23757552
0.050	2.250	0.000	0.23758012
0.150	2.250	0.000	0.23789185
0.250	2.250	0.000	0.23839542
0.350	2.250	0.000	0.23898995
0.450	2.250	0.000	0.23960413
0.550	2.250	0.000	0.24015629
0.650	2.250	0.000	0.24057738
0.750	2.250	0.000	0.24088129
0.850	2.250	0.000	0.24111496
0.950	2.250	0.000	0.24118489
1.050	2.250	0.000	0.24108692
1.150	2.250	0.000	0.24091996
1.250	2.250	0.000	0.24076113
1.350	2.250	0.000	0.24060051
1.450	2.250	0.000	0.24039058
1.550	2.250	0.000	0.24011751
1.650	2.250	0.000	0.23972286
1.750	2.250	0.000	0.23922327
1.850	2.250	0.000	0.23875920
1.950	2.250	0.000	0.23848365
2.050	2.250	0.000	0.23851277
2.150	2.250	0.000	0.23853956
2.250	2.250	0.000	0.23902299
2.350	2.250	0.000	0.23935969
2.450	2.250	0.000	0.24017817
-2.450	2.350	0.000	0.22076558
-2.350	2.350	0.000	0.22027880
-2.250	2.350	0.000	0.22131506
-2.150	2.350	0.000	0.22282396
-2.050	2.350	0.000	0.22482002
-1.950	2.350	0.000	0.22749713
-1.850	2.350	0.000	0.23056315
-1.750	2.350	0.000	0.23361634
-1.650	2.350	0.000	0.23649849
-1.550	2.350	0.000	0.23890053
-1.450	2.350	0.000	0.24068080
-1.350	2.350	0.000	0.24182077
-1.250	2.350	0.000	0.24248800
-1.150	2.350	0.000	0.24290043
-1.050	2.350	0.000	0.24311490
-0.950	2.350	0.000	0.24320924
-0.850	2.350	0.000	0.24327616
-0.750	2.350	0.000	0.24324377
-0.650	2.350	0.000	0.24304131
-0.550	2.350	0.000	0.24265249
-0.450	2.350	0.000	0.24202888
-0.350	2.350	0.000	0.24131307
-0.250	2.350	0.000	0.24050920
-0.150	2.350	0.000	0.23980950
-0.050	2.350	0.000	0.23929064
0.050	2.350	0.000	0.23904438
0.150	2.350	0.000	0.23897365
0.250	2.350	0.000	0.23898004
0.350	2.350	0.000	0.23910525
0.450	2.350	0.000	0.23924841
0.550	2.350	0.000	0.23932880
0.650	2.350	0.000	0.23955306
0.750	2.350	0.000	0.23987043
0.850	2.350	0.000	0.24010891
0.950	2.350	0.000	0.24021074
1.050	2.350	0.000	0.24009481
1.150	2.350	0.000	0.23984160
1.250	2.350	0.000	0.23958649
1.350	2.350	0.000	0.23938264
1.450	2.350	0.000	0.23921168
1.550	2.350	0.000	0.23907270
1.650	2.350	0.000	0.23890163
1.750	2.350	0.000	0.23868987
1.850	2.350	0.000	0.23854578
1.950	2.350	0.000	0.23850811
2.050	2.350	0.000	0.23861285
2.150	2.350	0.000	0.23876472
2.250	2.350	0.000	0.23937343
2.350	2.350	0.000	0.23983522
2.450	2.350	0.000	0.24055558
-2.450	2.450	0.000	0.22049136
-2.350	2.450	0.000	0.22000833
-2.250	2.450	0.000	0.22107838
-2.150	2.450	0.000	0.22259283
-2.050	2.450	0.000	0.22455271
-1.950	2.450	0.000	0.22712283
-1.850	2.450	0.000	0.22999078
-1.750	2.450	0.000	0.23284595
-1.650	2.450	0.000	0.23554607
-1.550	2.450	0.000	0.23788445
-1.450	2.450	0.000	0.23976766
-1.350	2.450	0.000	0.24101055
-1.250	2.450	0.000	0.24182442
-1.150	2.450	0.000	0.24249586
-1.050	2.450	0.000	0.24287100
-0.950	2.450	0.000	0.24322271
-0.850	2.450	0.000	0.24364217
-0.750	2.450	0.000	0.24393296
-0.650	2.450	0.000	0.24404930
-0.550	2.450	0.000	0.24397931
-0.450	2.450	0.000	0.24370788
-0.350	2.450	0.000	0.24320242
-0.250	2.450	0.000	0.24249217
-0.150	2.450	0.000	0.24172236
-0.050	2.450	0.000	0.24107552
0.050	2.450	0.000	0.24061860
0.150	2.450	0.000	0.24028468
0.250	2.450	0.000	0.23992451
0.350	2.450	0.000	0.23948781
0.450	2.450	0.000	0.23902485
0.550	2.450	0.000	0.23878361
0.650	2.450	0.000	0.23877874
0.750	2.450	0.000	0.23886806
0.850	2.450	0.000	0.23897479
0.950	2.450	0.000	0.23897666
1.050	2.450	0.000	0.23877054
1.150	2.450	0.000	0.23843022
1.250	2.450	0.000	0.23813385
1.350	2.450	0.000	0.23793760
1.450	2.450	0.000	0.23785326
1.550	2.450	0.000	0.23791188
1.650	2.450	0.000	0.23796959
1.750	2.450	0.000	0.23802455
1.850	2.450	0.000	0.23812690
1.950	2.450	0.000	0.23826545
2.050	2.450	0.000	0.23859420
2.150	2.450	0.000	0.23898512
2.250	2.450	0.000	0.23974425
2.350	2.450	0.000	0.24035947
2.450	2.450	0.000	0.24091192
