-2.450	-2.450	0.000	0.07720584
-2.350	-2.450	0.000	0.08665932
-2.250	-2.450	0.000	0.09098106
-2.150	-2.450	0.000	0.09970205
-2.050	-2.450	0.000	0.09680381
-1.950	-2.450	0.000	0.10026497
-1.850	-2.450	0.000	0.10217177
-1.750	-2.450	0.000	0.10971261
-1.650	-2.450	0.000	0.12248529
-1.550	-2.450	0.000	0.13021617
-1.450	-2.450	0.000	0.13003622
-1.350	-2.450	0.000	0.12918322
-1.250	-2.450	0.000	0.12191217
-1.150	-2.450	0.000	0.11782568
-1.050	-2.450	0.000	0.11578116
-0.950	-2.450	0.000	0.11284437
-0.850	-2.450	0.000	0.11248074
-0.750	-2.450	0.000	0.11378225
-0.650	-2.450	0.000	0.11754266
-0.550	-2.450	0.000	0.12317592
-0.450	-2.450	0.000	0.12912950
-0.350	-2.450	0.000	0.13372342
-0.250	-2.450	0.000	0.13770030
-0.150	-2.450	0.000	0.14075334
-0.050	-2.450	0.000	0.14227782
0.050	-2.450	0.000	0.14265631
0.150	-2.450	0.000	0.14277874
0.250	-2.450	0.000	0.14340048
0.350	-2.450	0.000	0.14491564
0.450	-2.450	0.000	0.14847584
0.550	-2.450	0.000	0.15464513
0.650	-2.450	0.000	0.16293703
0.750	-2.450	0.000	0.17224160
0.850	-2.450	0.000	0.18008865
0.950	-2.450	0.000	0.18564422
1.050	-2.450	0.000	0.18651237
1.150	-2.450	0.000	0.18499753
1.250	-2.450	0.000	0.18405637
1.350	-2.450	0.000	0.18280932
1.450	-2.450	0.000	0.18237832
1.550	-2.450	0.000	0.18303274
1.650	-2.450	0.000	0.18329719
1.750	-2.450	0.000	0.18169938
1.850	-2.450	0.000	0.17923233
1.950	-2.450	0.000	0.17741717
2.050	-2.450	0.000	0.17635173
2.150	-2.450	0.000	0.17605819
2.250	-2.450	0.000	0.17384110
2.350	-2.450	0.000	0.17540140
2.450	-2.450	0.000	0.16787806
-2.450	-2.350	0.000	0.07930824
-2.350	-2.350	0.000	0.08881385
-2.250	-2.350	0.000	0.09301226
-2.150	-2.350	0.000	0.10179893
-2.050	-2.350	0.000	0.09956714
-1.950	-2.350	0.000	0.10325103
-1.850	-2.350	0.000	0.10515326
-1.750	-2.350	0.000	0.11189549
-1.650	-2.350	0.000	0.12416881
-1.550	-2.350	0.000	0.13272604
-1.450	-2.350	0.000	0.13387607
-1.350	-2.350	0.000	0.13399775
-1.250	-2.350	0.000	0.12756839
-1.150	-2.350	0.000	0.12369959
-1.050	-2.350	0.000	0.12141038
-0.950	-2.350	0.000	0.11820526
-0.850	-2.350	0.000	0.11724593
-0.750	-2.350	0.000	0.11772062
-0.650	-2.350	0.000	0.12071418
-0.550	-2.350	0.000	0.12624510
-0.450	-2.350	0.000	0.13254520
-0.350	-2.350	0.000	0.13732791
-0.250	-2.350	0.000	0.14101194
-0.150	-2.350	0.000	0.14396021
-0.050	-2.350	0.000	0.14520350
0.050	-2.350	0.000	0.14539167
0.150	-2.350	0.000	0.14515564
0.250	-2.350	0.000	0.14584862
0.350	-2.350	0.000	0.14722016
0.450	-2.350	0.000	0.15072998
0.550	-2.350	0.000	0.15679713
0.650	-2.350	0.000	0.16482079
0.750	-2.350	0.000	0.17348441
0.850	-2.350	0.000	0.18095498
0.950	-2.350	0.000	0.18534258
1.050	-2.350	0.000	0.18645887
1.150	-2.350	0.000	0.18485034
1.250	-2.350	0.000	0.18448043
1.350	-2.350	0.000	0.18415947
1.450	-2.350	0.000	0.18456519
1.550	-2.350	0.000	0.18573281
1.650	-2.350	0.000	0.18618159
1.750	-2.350	0.000	0.18518376
1.850	-2.350	0.000	0.18312491
1.950	-2.350	0.000	0.18090877
2.050	-2.350	0.000	0.17908606
2.150	-2.350	0.000	0.17824495
2.250	-2.350	0.000	0.17511073
2.350	-2.350	0.000	0.17632532
2.450	-2.350	0.000	0.16863699
-2.450	-2.250	0.000	0.08065783
-2.350	-2.250	0.000	0.08994228
-2.250	-2.250	0.000	0.09395883
-2.150	-2.250	0.000	0.10292229
-2.050	-2.250	0.000	0.10117175
-1.950	-2.250	0.000	0.10508311
-1.850	-2.250	0.000	0.10753839
-1.750	-2.250	0.000	0.11433493
-1.650	-2.250	0.000	0.12583041
-1.550	-2.250	0.000	0.13451061
-1.450	-2.250	0.000	0.13623501
-1.350	-2.250	0.000	0.13668934
-1.250	-2.250	0.000	0.13074815
-1.150	-2.250	0.000	0.12678695
-1.050	-2.250	0.000	0.12423993
-0.950	-2.250	0.000	0.12074508
-0.850	-2.250	0.000	0.11952318
-0.750	-2.250	0.000	0.11968385
-0.650	-2.250	0.000	0.12226959
-0.550	-2.250	0.000	0.12768865
-0.450	-2.250	0.000	0.13405937
-0.350	-2.250	0.000	0.13883404
-0.250	-2.250	0.000	0.14222956
-0.150	-2.250	0.000	0.14488226
-0.050	-2.250	0.000	0.14577125
0.050	-2.250	0.000	0.14567591
0.150	-2.250	0.000	0.14533316
0.250	-2.250	0.000	0.14621182
0.350	-2.250	0.000	0.14804442
0.450	-2.250	0.000	0.15196753
0.550	-2.250	0.000	0.15823150
0.650	-2.250	0.000	0.16639736
0.750	-2.250	0.000	0.17494848
0.850	-2.250	0.000	0.18244322
0.950	-2.250	0.000	0.18686758
1.050	-2.250	0.000	0.18811880
1.150	-2.250	0.000	0.18684340
1.250	-2.250	0.000	0.18653356
1.350	-2.250	0.000	0.18629257
1.450	-2.250	0.000	0.18688968
1.550	-2.250	0.000	0.18800630
1.650	-2.250	0.000	0.18810904
1.750	-2.250	0.000	0.18611751
1.850	-2.250	0.000	0.18318814
1.950	-2.250	0.000	0.18011250
2.050	-2.250	0.000	0.17750371
2.150	-2.250	0.000	0.17613597
2.250	-2.250	0.000	0.17222448
2.350	-2.250	0.000	0.17310029
2.450	-2.250	0.000	0.16584854
-2.450	-2.150	0.000	0.08304518
-2.350	-2.150	0.000	0.09232699
-2.250	-2.150	0.000	0.09635561
-2.150	-2.150	0.000	0.10538389
-2.050	-2.150	0.000	0.10427008
-1.950	-2.150	0.000	0.10853593
-1.850	-2.150	0.000	0.11098766
-1.750	-2.150	0.000	0.11728178
-1.650	-2.150	0.000	0.12798759
-1.550	-2.150	0.000	0.13697636
-1.450	-2.150	0.000	0.13958840
-1.350	-2.150	0.000	0.14053230
-1.250	-2.150	0.000	0.13541910
-1.150	-2.150	0.000	0.13144782
-1.050	-2.150	0.000	0.12870549
-0.950	-2.150	0.000	0.12485065
-0.850	-2.150	0.000	0.12299889
-0.750	-2.150	0.000	0.12241390
-0.650	-2.150	0.000	0.12450919
-0.550	-2.150	0.000	0.12971461
-0.450	-2.150	0.000	0.13630903
-0.350	-2.150	0.000	0.14137314
-0.250	-2.150	0.000	0.14471813
-0.150	-2.150	0.000	0.14687394
-0.050	-2.150	0.000	0.14705011
0.050	-2.150	0.000	0.14656335
0.150	-2.150	0.000	0.14588501
0.250	-2.150	0.000	0.14679506
0.350	-2.150	0.000	0.14917168
0.450	-2.150	0.000	0.15357745
0.550	-2.150	0.000	0.16006872
0.650	-2.150	0.000	0.16838379
0.750	-2.150	0.000	0.17686576
0.850	-2.150	0.000	0.18405950
0.950	-2.150	0.000	0.18806198
1.050	-2.150	0.000	0.18882836
1.150	-2.150	0.000	0.18737830
1.250	-2.150	0.000	0.18611781
1.350	-2.150	0.000	0.18558328
1.450	-2.150	0.000	0.18615732
1.550	-2.150	0.000	0.18672584
1.650	-2.150	0.000	0.18618193
1.750	-2.150	0.000	0.18381241
1.850	-2.150	0.000	0.18082570
1.950	-2.150	0.000	0.17751600
2.050	-2.150	0.000	0.17478907
2.150	-2.150	0.000	0.17362797
2.250	-2.150	0.000	0.16987690
2.350	-2.150	0.000	0.17087838
2.450	-2.150	0.000	0.16422246
-2.450	-2.050	0.000	0.08595070
-2.350	-2.050	0.000	0.09501892
-2.250	-2.050	0.000	0.09890895
-2.150	-2.050	0.000	0.10821203
-2.050	-2.050	0.000	0.10797904
-1.950	-2.050	0.000	0.11252731
-1.850	-2.050	0.000	0.11519744
-1.750	-2.050	0.000	0.12115882
-1.650	-2.050	0.000	0.13144414
-1.550	-2.050	0.000	0.14030111
-1.450	-2.050	0.000	0.14331615
-1.350	-2.050	0.000	0.14446309
-1.250	-2.050	0.000	0.13998950
-1.150	-2.050	0.000	0.13576126
-1.050	-2.050	0.000	0.13261618
-0.950	-2.050	0.000	0.12825306
-0.850	-2.050	0.000	0.12562837
-0.750	-2.050	0.000	0.12442426
-0.650	-2.050	0.000	0.12599574
-0.550	-2.050	0.000	0.13088344
-0.450	-2.050	0.000	0.13741124
-0.350	-2.050	0.000	0.14269422
-0.250	-2.050	0.000	0.14604159
-0.150	-2.050	0.000	0.14788914
-0.050	-2.050	0.000	0.14772184
0.050	-2.050	0.000	0.14716151
0.150	-2.050	0.000	0.14667560
0.250	-2.050	0.000	0.14778149
0.350	-2.050	0.000	0.15073247
0.450	-2.050	0.000	0.15561865
0.550	-2.050	0.000	0.16241512
0.650	-2.050	0.000	0.17074257
0.750	-2.050	0.000	0.17905423
0.850	-2.050	0.000	0.18557978
0.950	-2.050	0.000	0.18921247
1.050	-2.050	0.000	0.18944417
1.150	-2.050	0.000	0.18791263
1.250	-2.050	0.000	0.18655317
1.350	-2.050	0.000	0.18554947
1.450	-2.050	0.000	0.18524966
1.550	-2.050	0.000	0.18472302
1.650	-2.050	0.000	0.18339643
1.750	-2.050	0.000	0.18017483
1.850	-2.050	0.000	0.17660108
1.950	-2.050	0.000	0.17317845
2.050	-2.050	0.000	0.17066073
2.150	-2.050	0.000	0.16993275
2.250	-2.050	0.000	0.16686462
2.350	-2.050	0.000	0.16813035
2.450	-2.050	0.000	0.16230054
-2.450	-1.950	0.000	0.09019977
-2.350	-1.950	0.000	0.09931126
-2.250	-1.950	0.000	0.10306181
-2.150	-1.950	0.000	0.11252303
-2.050	-1.950	0.000	0.11317395
-1.950	-1.950	0.000	0.11798504
-1.850	-1.950	0.000	0.12063164
-1.750	-1.950	0.000	0.12617919
-1.650	-1.950	0.000	0.13612959
-1.550	-1.950	0.000	0.14483911
-1.450	-1.950	0.000	0.14803578
-1.350	-1.950	0.000	0.14932404
-1.250	-1.950	0.000	0.14543128
-1.150	-1.950	0.000	0.14101031
-1.050	-1.950	0.000	0.13728651
-0.950	-1.950	0.000	0.13238782
-0.850	-1.950	0.000	0.12874031
-0.750	-1.950	0.000	0.12674551
-0.650	-1.950	0.000	0.12765034
-0.550	-1.950	0.000	0.13209264
-0.450	-1.950	0.000	0.13849090
-0.350	-1.950	0.000	0.14395638
-0.250	-1.950	0.000	0.14759997
-0.150	-1.950	0.000	0.14962131
-0.050	-1.950	0.000	0.14938614
0.050	-1.950	0.000	0.14863867
0.150	-1.950	0.000	0.14803888
0.250	-1.950	0.000	0.14916982
0.350	-1.950	0.000	0.15249430
0.450	-1.950	0.000	0.15765347
0.550	-1.950	0.000	0.16443197
0.650	-1.950	0.000	0.17248003
0.750	-1.950	0.000	0.18008678
0.850	-1.950	0.000	0.18603149
0.950	-1.950	0.000	0.18854856
1.050	-1.950	0.000	0.18791491
1.150	-1.950	0.000	0.18536590
1.250	-1.950	0.000	0.18277517
1.350	-1.950	0.000	0.18148740
1.450	-1.950	0.000	0.18110847
1.550	-1.950	0.000	0.18046121
1.650	-1.950	0.000	0.17922691
1.750	-1.950	0.000	0.17624660
1.850	-1.950	0.000	0.17277282
1.950	-1.950	0.000	0.16984783
2.050	-1.950	0.000	0.16783005
2.150	-1.950	0.000	0.16757967
2.250	-1.950	0.000	0.16530068
2.350	-1.950	0.000	0.16688631
2.450	-1.950	0.000	0.16163981
-2.450	-1.850	0.000	0.09533127
-2.350	-1.850	0.000	0.10440127
-2.250	-1.850	0.000	0.10789184
-2.150	-1.850	0.000	0.11747022
-2.050	-1.850	0.000	0.11914535
-1.950	-1.850	0.000	0.12434104
-1.850	-1.850	0.000	0.12732594
-1.750	-1.850	0.000	0.13248186
-1.650	-1.850	0.000	0.14206292
-1.550	-1.850	0.000	0.15029693
-1.450	-1.850	0.000	0.15311810
-1.350	-1.850	0.000	0.15418340
-1.250	-1.850	0.000	0.15047748
-1.150	-1.850	0.000	0.14574252
-1.050	-1.850	0.000	0.14138444
-0.950	-1.850	0.000	0.13597378
-0.850	-1.850	0.000	0.13135685
-0.750	-1.850	0.000	0.12860370
-0.650	-1.850	0.000	0.12873530
-0.550	-1.850	0.000	0.13257962
-0.450	-1.850	0.000	0.13868707
-0.350	-1.850	0.000	0.14434616
-0.250	-1.850	0.000	0.14808145
-0.150	-1.850	0.000	0.15025494
-0.050	-1.850	0.000	0.15029249
0.050	-1.850	0.000	0.14974011
0.150	-1.850	0.000	0.14961310
0.250	-1.850	0.000	0.15107632
0.350	-1.850	0.000	0.15463808
0.450	-1.850	0.000	0.15991522
0.550	-1.850	0.000	0.16631888
0.650	-1.850	0.000	0.17391965
0.750	-1.850	0.000	0.18075953
0.850	-1.850	0.000	0.18595687
0.950	-1.850	0.000	0.18737531
1.050	-1.850	0.000	0.18579763
1.150	-1.850	0.000	0.18274243
1.250	-1.850	0.000	0.17978288
1.350	-1.850	0.000	0.17827050
1.450	-1.850	0.000	0.17788401
1.550	-1.850	0.000	0.17735069
1.650	-1.850	0.000	0.17596661
1.750	-1.850	0.000	0.17272770
1.850	-1.850	0.000	0.16911179
1.950	-1.850	0.000	0.16649726
2.050	-1.850	0.000	0.16487607
2.150	-1.850	0.000	0.16493614
2.250	-1.850	0.000	0.16326654
2.350	-1.850	0.000	0.16511863
2.450	-1.850	0.000	0.16051680
-2.450	-1.750	0.000	0.10146732
-2.350	-1.750	0.000	0.11061906
-2.250	-1.750	0.000	0.11396661
-2.150	-1.750	0.000	0.12338240
-2.050	-1.750	0.000	0.12594885
-1.950	-1.750	0.000	0.13173357
-1.850	-1.750	0.000	0.13529880
-1.750	-1.750	0.000	0.13993318
-1.650	-1.750	0.000	0.14898829
-1.550	-1.750	0.000	0.15664177
-1.450	-1.750	0.000	0.15897216
-1.350	-1.750	0.000	0.15959986
-1.250	-1.750	0.000	0.15576640
-1.150	-1.750	0.000	0.15058565
-1.050	-1.750	0.000	0.14556026
-0.950	-1.750	0.000	0.13958785
-0.850	-1.750	0.000	0.13413988
-0.750	-1.750	0.000	0.13056830
-0.650	-1.750	0.000	0.12993066
-0.550	-1.750	0.000	0.13302445
-0.450	-1.750	0.000	0.13880694
-0.350	-1.750	0.000	0.14462519
-0.250	-1.750	0.000	0.14854872
-0.150	-1.750	0.000	0.15084338
-0.050	-1.750	0.000	0.15123039
0.050	-1.750	0.000	0.15081310
0.150	-1.750	0.000	0.15094747
0.250	-1.750	0.000	0.15261236
0.350	-1.750	0.000	0.15614422
0.450	-1.750	0.000	0.16134009
0.550	-1.750	0.000	0.16740912
0.650	-1.750	0.000	0.17422487
0.750	-1.750	0.000	0.18012778
0.850	-1.750	0.000	0.18396913
0.950	-1.750	0.000	0.18453282
1.050	-1.750	0.000	0.18226105
1.150	-1.750	0.000	0.17868187
1.250	-1.750	0.000	0.17568156
1.350	-1.750	0.000	0.17432182
1.450	-1.750	0.000	0.17414674
1.550	-1.750	0.000	0.17394367
1.650	-1.750	0.000	0.17280295
1.750	-1.750	0.000	0.16977662
1.850	-1.750	0.000	0.16647495
1.950	-1.750	0.000	0.16417164
2.050	-1.750	0.000	0.16295737
2.150	-1.750	0.000	0.16343448
2.250	-1.750	0.000	0.16237038
2.350	-1.750	0.000	0.16448154
2.450	-1.750	0.000	0.16029134
-2.450	-1.650	0.000	0.10799591
-2.350	-1.650	0.000	0.11719853
-2.250	-1.650	0.000	0.12053972
-2.150	-1.650	0.000	0.12963878
-2.050	-1.650	0.000	0.13304743
-1.950	-1.650	0.000	0.13943067
-1.850	-1.650	0.000	0.14384037
-1.750	-1.650	0.000	0.14814088
-1.650	-1.650	0.000	0.15637617
-1.550	-1.650	0.000	0.16312900
-1.450	-1.650	0.000	0.16481350
-1.350	-1.650	0.000	0.16474445
-1.250	-1.650	0.000	0.16040884
-1.150	-1.650	0.000	0.15461013
-1.050	-1.650	0.000	0.14884686
-0.950	-1.650	0.000	0.14230388
-0.850	-1.650	0.000	0.13626999
-0.750	-1.650	0.000	0.13200800
-0.650	-1.650	0.000	0.13075562
-0.550	-1.650	0.000	0.13309141
-0.450	-1.650	0.000	0.13852718
-0.350	-1.650	0.000	0.14428808
-0.250	-1.650	0.000	0.14856756
-0.150	-1.650	0.000	0.15084098
-0.050	-1.650	0.000	0.15146720
0.050	-1.650	0.000	0.15128212
0.150	-1.650	0.000	0.15164328
0.250	-1.650	0.000	0.15346444
0.350	-1.650	0.000	0.15701503
0.450	-1.650	0.000	0.16209607
0.550	-1.650	0.000	0.16786578
0.650	-1.650	0.000	0.17385969
0.750	-1.650	0.000	0.17922735
0.850	-1.650	0.000	0.18201673
0.950	-1.650	0.000	0.18205366
1.050	-1.650	0.000	0.17960511
1.150	-1.650	0.000	0.17567722
1.250	-1.650	0.000	0.17274329
1.350	-1.650	0.000	0.17163876
1.450	-1.650	0.000	0.17149442
1.550	-1.650	0.000	0.17134015
1.650	-1.650	0.000	0.17023650
1.750	-1.650	0.000	0.16731222
1.850	-1.650	0.000	0.16430010
1.950	-1.650	0.000	0.16213809
2.050	-1.650	0.000	0.16118219
2.150	-1.650	0.000	0.16188729
2.250	-1.650	0.000	0.16121016
2.350	-1.650	0.000	0.16346167
2.450	-1.650	0.000	0.15987371
-2.450	-1.550	0.000	0.11464538
-2.350	-1.550	0.000	0.12399617
-2.250	-1.550	0.000	0.12741329
-2.150	-1.550	0.000	0.13618118
-2.050	-1.550	0.000	0.14033239
-1.950	-1.550	0.000	0.14711931
-1.850	-1.550	0.000	0.15240319
-1.750	-1.550	0.000	0.15664372
-1.650	-1.550	0.000	0.16400217
-1.550	-1.550	0.000	0.16972725
-1.450	-1.550	0.000	0.17071332
-1.350	-1.550	0.000	0.16973361
-1.250	-1.550	0.000	0.16459940
-1.150	-1.550	0.000	0.15797231
-1.050	-1.550	0.000	0.15118958
-0.950	-1.550	0.000	0.14422885
-0.850	-1.550	0.000	0.13788897
-0.750	-1.550	0.000	0.13315764
-0.650	-1.550	0.000	0.13166803
-0.550	-1.550	0.000	0.13342914
-0.450	-1.550	0.000	0.13827072
-0.350	-1.550	0.000	0.14385757
-0.250	-1.550	0.000	0.14831251
-0.150	-1.550	0.000	0.15061513
-0.050	-1.550	0.000	0.15123804
0.050	-1.550	0.000	0.15114944
0.150	-1.550	0.000	0.15158664
0.250	-1.550	0.000	0.15352555
0.350	-1.550	0.000	0.15714496
0.450	-1.550	0.000	0.16199619
0.550	-1.550	0.000	0.16750692
0.650	-1.550	0.000	0.17298697
0.750	-1.550	0.000	0.17791037
0.850	-1.550	0.000	0.17993419
0.950	-1.550	0.000	0.17954254
1.050	-1.550	0.000	0.17710692
1.150	-1.550	0.000	0.17322026
1.250	-1.550	0.000	0.17050865
1.350	-1.550	0.000	0.16959201
1.450	-1.550	0.000	0.16952418
1.550	-1.550	0.000	0.16934772
1.650	-1.550	0.000	0.16835016
1.750	-1.550	0.000	0.16550674
1.850	-1.550	0.000	0.16278718
1.950	-1.550	0.000	0.16068682
2.050	-1.550	0.000	0.15994461
2.150	-1.550	0.000	0.16084823
2.250	-1.550	0.000	0.16053708
2.350	-1.550	0.000	0.16286013
2.450	-1.550	0.000	0.15978907
-2.450	-1.450	0.000	0.12104891
-2.350	-1.450	0.000	0.13050692
-2.250	-1.450	0.000	0.13388689
-2.150	-1.450	0.000	0.14236945
-2.050	-1.450	0.000	0.14716187
-1.950	-1.450	0.000	0.15425022
-1.850	-1.450	0.000	0.16027261
-1.750	-1.450	0.000	0.16451213
-1.650	-1.450	0.000	0.17093436
-1.550	-1.450	0.000	0.17554602
-1.450	-1.450	0.000	0.17567195
-1.350	-1.450	0.000	0.17347699
-1.250	-1.450	0.000	0.16751038
-1.150	-1.450	0.000	0.16001631
-1.050	-1.450	0.000	0.15250841
-0.950	-1.450	0.000	0.14518324
-0.850	-1.450	0.000	0.13883662
-0.750	-1.450	0.000	0.13408241
-0.650	-1.450	0.000	0.13254791
-0.550	-1.450	0.000	0.13379157
-0.450	-1.450	0.000	0.13803209
-0.350	-1.450	0.000	0.14329439
-0.250	-1.450	0.000	0.14769365
-0.150	-1.450	0.000	0.15009579
-0.050	-1.450	0.000	0.15065530
0.050	-1.450	0.000	0.15060300
0.150	-1.450	0.000	0.15109117
0.250	-1.450	0.000	0.15312353
0.350	-1.450	0.000	0.15675186
0.450	-1.450	0.000	0.16147465
0.550	-1.450	0.000	0.16690172
0.650	-1.450	0.000	0.17217518
0.750	-1.450	0.000	0.17683266
0.850	-1.450	0.000	0.17848849
0.950	-1.450	0.000	0.17770031
1.050	-1.450	0.000	0.17529783
1.150	-1.450	0.000	0.17173351
1.250	-1.450	0.000	0.16920839
1.350	-1.450	0.000	0.16824570
1.450	-1.450	0.000	0.16806546
1.550	-1.450	0.000	0.16779166
1.650	-1.450	0.000	0.16691008
1.750	-1.450	0.000	0.16425192
1.850	-1.450	0.000	0.16167264
1.950	-1.450	0.000	0.15944412
2.050	-1.450	0.000	0.15849255
2.150	-1.450	0.000	0.15942885
2.250	-1.450	0.000	0.15935920
2.350	-1.450	0.000	0.16163394
2.450	-1.450	0.000	0.15929163
-2.450	-1.350	0.000	0.12687409
-2.350	-1.350	0.000	0.13646339
-2.250	-1.350	0.000	0.13970342
-2.150	-1.350	0.000	0.14782064
-2.050	-1.350	0.000	0.15321332
-1.950	-1.350	0.000	0.16044946
-1.850	-1.350	0.000	0.16700475
-1.750	-1.350	0.000	0.17111914
-1.650	-1.350	0.000	0.17650127
-1.550	-1.350	0.000	0.18001772
-1.450	-1.350	0.000	0.17940456
-1.350	-1.350	0.000	0.17622153
-1.250	-1.350	0.000	0.16961408
-1.150	-1.350	0.000	0.16109271
-1.050	-1.350	0.000	0.15292071
-0.950	-1.350	0.000	0.14528750
-0.850	-1.350	0.000	0.13913208
-0.750	-1.350	0.000	0.13487972
-0.650	-1.350	0.000	0.13357709
-0.550	-1.350	0.000	0.13459823
-0.450	-1.350	0.000	0.13817063
-0.350	-1.350	0.000	0.14289673
-0.250	-1.350	0.000	0.14704882
-0.150	-1.350	0.000	0.14933451
-0.050	-1.350	0.000	0.14991614
0.050	-1.350	0.000	0.14995055
0.150	-1.350	0.000	0.15050729
0.250	-1.350	0.000	0.15253171
0.350	-1.350	0.000	0.15604264
0.450	-1.350	0.000	0.16065799
0.550	-1.350	0.000	0.16599829
0.650	-1.350	0.000	0.17115065
0.750	-1.350	0.000	0.17571935
0.850	-1.350	0.000	0.17743261
0.950	-1.350	0.000	0.17671940
1.050	-1.350	0.000	0.17432919
1.150	-1.350	0.000	0.17094873
1.250	-1.350	0.000	0.16844535
1.350	-1.350	0.000	0.16730811
1.450	-1.350	0.000	0.16698511
1.550	-1.350	0.000	0.16668518
1.650	-1.350	0.000	0.16587523
1.750	-1.350	0.000	0.16335380
1.850	-1.350	0.000	0.16085306
1.950	-1.350	0.000	0.15839234
2.050	-1.350	0.000	0.15717840
2.150	-1.350	0.000	0.15807217
2.250	-1.350	0.000	0.15818076
2.350	-1.350	0.000	0.16027701
2.450	-1.350	0.000	0.15865341
-2.450	-1.250	0.000	0.13209458
-2.350	-1.250	0.000	0.14193022
-2.250	-1.250	0.000	0.14497235
-2.150	-1.250	0.000	0.15249005
-2.050	-1.250	0.000	0.15828317
-1.950	-1.250	0.000	0.16553384
-1.850	-1.250	0.000	0.17240925
-1.750	-1.250	0.000	0.17625241
-1.650	-1.250	0.000	0.18060118
-1.550	-1.250	0.000	0.18317668
-1.450	-1.250	0.000	0.18181296
-1.350	-1.250	0.000	0.17748974
-1.250	-1.250	0.000	0.17003332
-1.150	-1.250	0.000	0.16056582
-1.050	-1.250	0.000	0.15197133
-0.950	-1.250	0.000	0.14458202
-0.850	-1.250	0.000	0.13904703
-0.750	-1.250	0.000	0.13590652
-0.650	-1.250	0.000	0.13507834
-0.550	-1.250	0.000	0.13597222
-0.450	-1.250	0.000	0.13876700
-0.350	-1.250	0.000	0.14252409
-0.250	-1.250	0.000	0.14616381
-0.150	-1.250	0.000	0.14841422
-0.050	-1.250	0.000	0.14920674
0.050	-1.250	0.000	0.14955220
0.150	-1.250	0.000	0.15025593
0.250	-1.250	0.000	0.15227136
0.350	-1.250	0.000	0.15551533
0.450	-1.250	0.000	0.15974361
0.550	-1.250	0.000	0.16484919
0.650	-1.250	0.000	0.17009574
0.750	-1.250	0.000	0.17480770
0.850	-1.250	0.000	0.17672160
0.950	-1.250	0.000	0.17624350
1.050	-1.250	0.000	0.17394394
1.150	-1.250	0.000	0.17063262
1.250	-1.250	0.000	0.16797274
1.350	-1.250	0.000	0.16654080
1.450	-1.250	0.000	0.16600537
1.550	-1.250	0.000	0.16563849
1.650	-1.250	0.000	0.16487196
1.750	-1.250	0.000	0.16246918
1.850	-1.250	0.000	0.15995684
1.950	-1.250	0.000	0.15715192
2.050	-1.250	0.000	0.15565024
2.150	-1.250	0.000	0.15634970
2.250	-1.250	0.000	0.15656748
2.350	-1.250	0.000	0.15837435
2.450	-1.250	0.000	0.15761618
-2.450	-1.150	0.000	0.13658318
-2.350	-1.150	0.000	0.14671911
-2.250	-1.150	0.000	0.14976686
-2.150	-1.150	0.000	0.15658599
-2.050	-1.150	0.000	0.16246369
-1.950	-1.150	0.000	0.16935223
-1.850	-1.150	0.000	0.17625238
-1.750	-1.150	0.000	0.17963079
-1.650	-1.150	0.000	0.18282998
-1.550	-1.150	0.000	0.18408203
-1.450	-1.150	0.000	0.18169130
-1.350	-1.150	0.000	0.17647015
-1.250	-1.150	0.000	0.16835484
-1.150	-1.150	0.000	0.15857306
-1.050	-1.150	0.000	0.15005046
-0.950	-1.150	0.000	0.14376168
-0.850	-1.150	0.000	0.13926046
-0.750	-1.150	0.000	0.13775186
-0.650	-1.150	0.000	0.13742039
-0.550	-1.150	0.000	0.13814409
-0.450	-1.150	0.000	0.14019637
-0.350	-1.150	0.000	0.14302960
-0.250	-1.150	0.000	0.14586101
-0.150	-1.150	0.000	0.14797713
-0.050	-1.150	0.000	0.14887093
0.050	-1.150	0.000	0.14959918
0.150	-1.150	0.000	0.15058926
0.250	-1.150	0.000	0.15258293
0.350	-1.150	0.000	0.15559942
0.450	-1.150	0.000	0.15947360
0.550	-1.150	0.000	0.16415294
0.650	-1.150	0.000	0.16909578
0.750	-1.150	0.000	0.17380044
0.850	-1.150	0.000	0.17594782
0.950	-1.150	0.000	0.17586641
1.050	-1.150	0.000	0.17392504
1.150	-1.150	0.000	0.17079486
1.250	-1.150	0.000	0.16800930
1.350	-1.150	0.000	0.16622457
1.450	-1.150	0.000	0.16539745
1.550	-1.150	0.000	0.16484973
1.650	-1.150	0.000	0.16411364
1.750	-1.150	0.000	0.16185653
1.850	-1.150	0.000	0.15922648
1.950	-1.150	0.000	0.15619835
2.050	-1.150	0.000	0.15433130
2.150	-1.150	0.000	0.15466802
2.250	-1.150	0.000	0.15488316
2.350	-1.150	0.000	0.15659776
2.450	-1.150	0.000	0.15673554
-2.450	-1.050	0.000	0.13975608
-2.350	-1.050	0.000	0.15004210
-2.250	-1.050	0.000	0.15359195
-2.150	-1.050	0.000	0.15981865
-2.050	-1.050	0.000	0.16565903
-1.950	-1.050	0.000	0.17203902
-1.850	-1.050	0.000	0.17878510
-1.750	-1.050	0.000	0.18153174
-1.650	-1.050	0.000	0.18342635
-1.550	-1.050	0.000	0.18312027
-1.450	-1.050	0.000	0.17964898
-1.350	-1.050	0.000	0.17364044
-1.250	-1.050	0.000	0.16539985
-1.150	-1.050	0.000	0.15586436
-1.050	-1.050	0.000	0.14853764
-0.950	-1.050	0.000	0.14352794
-0.850	-1.050	0.000	0.14069961
-0.750	-1.050	0.000	0.14040779
-0.650	-1.050	0.000	0.14050473
-0.550	-1.050	0.000	0.14084233
-0.450	-1.050	0.000	0.14217374
-0.350	-1.050	0.000	0.14423397
-0.250	-1.050	0.000	0.14649175
-0.150	-1.050	0.000	0.14853090
-0.050	-1.050	0.000	0.14971270
0.050	-1.050	0.000	0.15070498
0.150	-1.050	0.000	0.15170798
0.250	-1.050	0.000	0.15347603
0.350	-1.050	0.000	0.15603842
0.450	-1.050	0.000	0.15941666
0.550	-1.050	0.000	0.16379838
0.650	-1.050	0.000	0.16856837
0.750	-1.050	0.000	0.17313407
0.850	-1.050	0.000	0.17535807
0.950	-1.050	0.000	0.17551968
1.050	-1.050	0.000	0.17399338
1.150	-1.050	0.000	0.17117362
1.250	-1.050	0.000	0.16825531
1.350	-1.050	0.000	0.16622476
1.450	-1.050	0.000	0.16519621
1.550	-1.050	0.000	0.16442938
1.650	-1.050	0.000	0.16363625
1.750	-1.050	0.000	0.16139406
1.850	-1.050	0.000	0.15857995
1.950	-1.050	0.000	0.15533061
2.050	-1.050	0.000	0.15321474
2.150	-1.050	0.000	0.15314479
2.250	-1.050	0.000	0.15333058
2.350	-1.050	0.000	0.15491167
2.450	-1.050	0.000	0.15589747
-2.450	-0.950	0.000	0.14185891
-2.350	-0.950	0.000	0.15233637
-2.250	-0.950	0.000	0.15657772
-2.150	-0.950	0.000	0.16209240
-2.050	-0.950	0.000	0.16737981
-1.950	-0.950	0.000	0.17300960
-1.850	-0.950	0.000	0.17913239
-1.750	-0.950	0.000	0.18131828
-1.650	-0.950	0.000	0.18214099
-1.550	-0.950	0.000	0.18096945
-1.450	-0.950	0.000	0.17690510
-1.350	-0.950	0.000	0.17072485
-1.250	-0.950	0.000	0.16303116
-1.150	-0.950	0.000	0.15442252
-1.050	-0.950	0.000	0.14874704
-0.950	-0.950	0.000	0.14485486
-0.850	-0.950	0.000	0.14322600
-0.750	-0.950	0.000	0.14384055
-0.650	-0.950	0.000	0.14419767
-0.550	-0.950	0.000	0.14427279
-0.450	-0.950	0.000	0.14501289
-0.350	-0.950	0.000	0.14648968
-0.250	-0.950	0.000	0.14815098
-0.150	-0.950	0.000	0.15004990
-0.050	-0.950	0.000	0.15125115
0.050	-0.950	0.000	0.15222090
0.150	-0.950	0.000	0.15308684
0.250	-0.950	0.000	0.15467720
0.350	-0.950	0.000	0.15661922
0.450	-0.950	0.000	0.15937501
0.550	-0.950	0.000	0.16321428
0.650	-0.950	0.000	0.16770656
0.750	-0.950	0.000	0.17219853
0.850	-0.950	0.000	0.17447722
0.950	-0.950	0.000	0.17490621
1.050	-0.950	0.000	0.17381904
1.150	-0.950	0.000	0.17143802
1.250	-0.950	0.000	0.16869305
1.350	-0.950	0.000	0.16656712
1.450	-0.950	0.000	0.16535713
1.550	-0.950	0.000	0.16428830
1.650	-0.950	0.000	0.16333707
1.750	-0.950	0.000	0.16111475
1.850	-0.950	0.000	0.15836939
1.950	-0.950	0.000	0.15501685
2.050	-0.950	0.000	0.15270187
2.150	-0.950	0.000	0.15228185
2.250	-0.950	0.000	0.15250346
2.350	-0.950	0.000	0.15369233
2.450	-0.950	0.000	0.15492769
-2.450	-0.850	0.000	0.14243503
-2.350	-0.850	0.000	0.15269211
-2.250	-0.850	0.000	0.15767944
-2.150	-0.850	0.000	0.16282965
-2.050	-0.850	0.000	0.16736519
-1.950	-0.850	0.000	0.17210172
-1.850	-0.850	0.000	0.17740948
-1.750	-0.850	0.000	0.17924517
-1.650	-0.850	0.000	0.17986663
-1.550	-0.850	0.000	0.17853172
-1.450	-0.850	0.000	0.17456098
-1.350	-0.850	0.000	0.16867842
-1.250	-0.850	0.000	0.16192800
-1.150	-0.850	0.000	0.15472615
-1.050	-0.850	0.000	0.15027128
-0.950	-0.850	0.000	0.14713947
-0.850	-0.850	0.000	0.14592566
-0.750	-0.850	0.000	0.14684013
-0.650	-0.850	0.000	0.14728038
-0.550	-0.850	0.000	0.14739513
-0.450	-0.850	0.000	0.14787848
-0.350	-0.850	0.000	0.14902496
-0.250	-0.850	0.000	0.15040198
-0.150	-0.850	0.000	0.15221436
-0.050	-0.850	0.000	0.15334584
0.050	-0.850	0.000	0.15418670
0.150	-0.850	0.000	0.15480296
0.250	-0.850	0.000	0.15598090
0.350	-0.850	0.000	0.15732940
0.450	-0.850	0.000	0.15950198
0.550	-0.850	0.000	0.16272511
0.650	-0.850	0.000	0.16677077
0.750	-0.850	0.000	0.17098823
0.850	-0.850	0.000	0.17343484
0.950	-0.850	0.000	0.17440151
1.050	-0.850	0.000	0.17409056
1.150	-0.850	0.000	0.17221433
1.250	-0.850	0.000	0.16961403
1.350	-0.850	0.000	0.16721582
1.450	-0.850	0.000	0.16566247
1.550	-0.850	0.000	0.16428119
1.650	-0.850	0.000	0.16308849
1.750	-0.850	0.000	0.16070162
1.850	-0.850	0.000	0.15803824
1.950	-0.850	0.000	0.15492313
2.050	-0.850	0.000	0.15276581
2.150	-0.850	0.000	0.15209155
2.250	-0.850	0.000	0.15247692
2.350	-0.850	0.000	0.15326832
2.450	-0.850	0.000	0.15424897
-2.450	-0.750	0.000	0.14173362
-2.350	-0.750	0.000	0.15150113
-2.250	-0.750	0.000	0.15710197
-2.150	-0.750	0.000	0.16195339
-2.050	-0.750	0.000	0.16589507
-1.950	-0.750	0.000	0.16988122
-1.850	-0.750	0.000	0.17440145
-1.750	-0.750	0.000	0.17643245
-1.650	-0.750	0.000	0.17728178
-1.550	-0.750	0.000	0.17606169
-1.450	-0.750	0.000	0.17260911
-1.350	-0.750	0.000	0.16750623
-1.250	-0.750	0.000	0.16193970
-1.150	-0.750	0.000	0.15587001
-1.050	-0.750	0.000	0.15213482
-0.950	-0.750	0.000	0.14931034
-0.850	-0.750	0.000	0.14844476
-0.750	-0.750	0.000	0.14952762
-0.650	-0.750	0.000	0.15012872
-0.550	-0.750	0.000	0.15040486
-0.450	-0.750	0.000	0.15092023
-0.350	-0.750	0.000	0.15179770
-0.250	-0.750	0.000	0.15289320
-0.150	-0.750	0.000	0.15434296
-0.050	-0.750	0.000	0.15534063
0.050	-0.750	0.000	0.15589122
0.150	-0.750	0.000	0.15622389
0.250	-0.750	0.000	0.15679237
0.350	-0.750	0.000	0.15800811
0.450	-0.750	0.000	0.15980181
0.550	-0.750	0.000	0.16277082
0.650	-0.750	0.000	0.16679902
0.750	-0.750	0.000	0.17095032
0.850	-0.750	0.000	0.17308405
0.950	-0.750	0.000	0.17417111
1.050	-0.750	0.000	0.17394401
1.150	-0.750	0.000	0.17228304
1.250	-0.750	0.000	0.17012763
1.350	-0.750	0.000	0.16791524
1.450	-0.750	0.000	0.16619989
1.550	-0.750	0.000	0.16440681
1.650	-0.750	0.000	0.16287930
1.750	-0.750	0.000	0.16034614
1.850	-0.750	0.000	0.15803811
1.950	-0.750	0.000	0.15529074
2.050	-0.750	0.000	0.15344135
2.150	-0.750	0.000	0.15270446
2.250	-0.750	0.000	0.15318416
2.350	-0.750	0.000	0.15356854
2.450	-0.750	0.000	0.15398116
-2.450	-0.650	0.000	0.13903773
-2.350	-0.650	0.000	0.14785348
-2.250	-0.650	0.000	0.15401697
-2.150	-0.650	0.000	0.15914878
-2.050	-0.650	0.000	0.16269697
-1.950	-0.650	0.000	0.16593078
-1.850	-0.650	0.000	0.16971543
-1.750	-0.650	0.000	0.17197722
-1.650	-0.650	0.000	0.17338577
-1.550	-0.650	0.000	0.17322141
-1.450	-0.650	0.000	0.17112245
-1.350	-0.650	0.000	0.16744336
-1.250	-0.650	0.000	0.16279960
-1.150	-0.650	0.000	0.15724115
-1.050	-0.650	0.000	0.15354827
-0.950	-0.650	0.000	0.15043250
-0.850	-0.650	0.000	0.14977293
-0.750	-0.650	0.000	0.15113123
-0.650	-0.650	0.000	0.15254880
-0.550	-0.650	0.000	0.15324818
-0.450	-0.650	0.000	0.15397780
-0.350	-0.650	0.000	0.15467775
-0.250	-0.650	0.000	0.15553735
-0.150	-0.650	0.000	0.15671590
-0.050	-0.650	0.000	0.15755795
0.050	-0.650	0.000	0.15798087
0.150	-0.650	0.000	0.15797812
0.250	-0.650	0.000	0.15823133
0.350	-0.650	0.000	0.15906811
0.450	-0.650	0.000	0.16039155
0.550	-0.650	0.000	0.16277717
0.650	-0.650	0.000	0.16606691
0.750	-0.650	0.000	0.16985898
0.850	-0.650	0.000	0.17228720
0.950	-0.650	0.000	0.17397915
1.050	-0.650	0.000	0.17420165
1.150	-0.650	0.000	0.17287391
1.250	-0.650	0.000	0.17090100
1.350	-0.650	0.000	0.16860898
1.450	-0.650	0.000	0.16677521
1.550	-0.650	0.000	0.16483437
1.650	-0.650	0.000	0.16307062
1.750	-0.650	0.000	0.16023281
1.850	-0.650	0.000	0.15789609
1.950	-0.650	0.000	0.15482740
2.050	-0.650	0.000	0.15345301
2.150	-0.650	0.000	0.15331034
2.250	-0.650	0.000	0.15393995
2.350	-0.650	0.000	0.15409172
2.450	-0.650	0.000	0.15400723
-2.450	-0.550	0.000	0.13480514
-2.350	-0.550	0.000	0.14226130
-2.250	-0.550	0.000	0.14822529
-2.150	-0.550	0.000	0.15327866
-2.050	-0.550	0.000	0.15696393
-1.950	-0.550	0.000	0.16079220
-1.850	-0.550	0.000	0.16482036
-1.750	-0.550	0.000	0.16880479
-1.650	-0.550	0.000	0.17119402
-1.550	-0.550	0.000	0.17177917
-1.450	-0.550	0.000	0.17005177
-1.350	-0.550	0.000	0.16670215
-1.250	-0.550	0.000	0.16219753
-1.150	-0.550	0.000	0.15699442
-1.050	-0.550	0.000	0.15346429
-0.950	-0.550	0.000	0.15060966
-0.850	-0.550	0.000	0.15063173
-0.750	-0.550	0.000	0.15221073
-0.650	-0.550	0.000	0.15396214
-0.550	-0.550	0.000	0.15506364
-0.450	-0.550	0.000	0.15602691
-0.350	-0.550	0.000	0.15661752
-0.250	-0.550	0.000	0.15727337
-0.150	-0.550	0.000	0.15827343
-0.050	-0.550	0.000	0.15926130
0.050	-0.550	0.000	0.15978685
0.150	-0.550	0.000	0.15981777
0.250	-0.550	0.000	0.15991211
0.350	-0.550	0.000	0.16031769
0.450	-0.550	0.000	0.16096416
0.550	-0.550	0.000	0.16304453
0.650	-0.550	0.000	0.16613124
0.750	-0.550	0.000	0.16970673
0.850	-0.550	0.000	0.17212480
0.950	-0.550	0.000	0.17340329
1.050	-0.550	0.000	0.17380455
1.150	-0.550	0.000	0.17271292
1.250	-0.550	0.000	0.17081684
1.350	-0.550	0.000	0.16849035
1.450	-0.550	0.000	0.16651963
1.550	-0.550	0.000	0.16443601
1.650	-0.550	0.000	0.16257733
1.750	-0.550	0.000	0.15983354
1.850	-0.550	0.000	0.15782212
1.950	-0.550	0.000	0.15530388
2.050	-0.550	0.000	0.15440233
2.150	-0.550	0.000	0.15413627
2.250	-0.550	0.000	0.15471698
2.350	-0.550	0.000	0.15474296
2.450	-0.550	0.000	0.15420848
-2.450	-0.450	0.000	0.12959057
-2.350	-0.450	0.000	0.13554579
-2.250	-0.450	0.000	0.14145005
-2.150	-0.450	0.000	0.14670590
-2.050	-0.450	0.000	0.15047494
-1.950	-0.450	0.000	0.15483502
-1.850	-0.450	0.000	0.15953034
-1.750	-0.450	0.000	0.16433094
-1.650	-0.450	0.000	0.16759236
-1.550	-0.450	0.000	0.16831326
-1.450	-0.450	0.000	0.16666970
-1.350	-0.450	0.000	0.16378081
-1.250	-0.450	0.000	0.15987988
-1.150	-0.450	0.000	0.15539187
-1.050	-0.450	0.000	0.15247560
-0.950	-0.450	0.000	0.15028368
-0.850	-0.450	0.000	0.15098003
-0.750	-0.450	0.000	0.15346190
-0.650	-0.450	0.000	0.15580726
-0.550	-0.450	0.000	0.15671213
-0.450	-0.450	0.000	0.15729491
-0.350	-0.450	0.000	0.15738186
-0.250	-0.450	0.000	0.15772088
-0.150	-0.450	0.000	0.15888393
-0.050	-0.450	0.000	0.16031690
0.050	-0.450	0.000	0.16166899
0.150	-0.450	0.000	0.16230188
0.250	-0.450	0.000	0.16219556
0.350	-0.450	0.000	0.16196865
0.450	-0.450	0.000	0.16207299
0.550	-0.450	0.000	0.16385324
0.650	-0.450	0.000	0.16650374
0.750	-0.450	0.000	0.16960937
0.850	-0.450	0.000	0.17170703
0.950	-0.450	0.000	0.17333037
1.050	-0.450	0.000	0.17402585
1.150	-0.450	0.000	0.17296749
1.250	-0.450	0.000	0.17100191
1.350	-0.450	0.000	0.16850683
1.450	-0.450	0.000	0.16632916
1.550	-0.450	0.000	0.16408688
1.650	-0.450	0.000	0.16213772
1.750	-0.450	0.000	0.15931129
1.850	-0.450	0.000	0.15722542
1.950	-0.450	0.000	0.15441807
2.050	-0.450	0.000	0.15385716
2.150	-0.450	0.000	0.15423863
2.250	-0.450	0.000	0.15541890
2.350	-0.450	0.000	0.15580329
2.450	-0.450	0.000	0.15499449
-2.450	-0.350	0.000	0.12371511
-2.350	-0.350	0.000	0.12796958
-2.250	-0.350	0.000	0.13341983
-2.150	-0.350	0.000	0.13897142
-2.050	-0.350	0.000	0.14338753
-1.950	-0.350	0.000	0.14858480
-1.850	-0.350	0.000	0.15370861
-1.750	-0.350	0.000	0.15867886
-1.650	-0.350	0.000	0.16245213
-1.550	-0.350	0.000	0.16315675
-1.450	-0.350	0.000	0.16228265
-1.350	-0.350	0.000	0.16000576
-1.250	-0.350	0.000	0.15706532
-1.150	-0.350	0.000	0.15322107
-1.050	-0.350	0.000	0.15092014
-0.950	-0.350	0.000	0.14960159
-0.850	-0.350	0.000	0.15092838
-0.750	-0.350	0.000	0.15410809
-0.650	-0.350	0.000	0.15681495
-0.550	-0.350	0.000	0.15778618
-0.450	-0.350	0.000	0.15810086
-0.350	-0.350	0.000	0.15773970
-0.250	-0.350	0.000	0.15773830
-0.150	-0.350	0.000	0.15908556
-0.050	-0.350	0.000	0.16113560
0.050	-0.350	0.000	0.16306098
0.150	-0.350	0.000	0.16441268
0.250	-0.350	0.000	0.16507035
0.350	-0.350	0.000	0.16523500
0.450	-0.350	0.000	0.16533162
0.550	-0.350	0.000	0.16575588
0.650	-0.350	0.000	0.16687231
0.750	-0.350	0.000	0.16916315
0.850	-0.350	0.000	0.17129786
0.950	-0.350	0.000	0.17275690
1.050	-0.350	0.000	0.17315742
1.150	-0.350	0.000	0.17222296
1.250	-0.350	0.000	0.17041938
1.350	-0.350	0.000	0.16806608
1.450	-0.350	0.000	0.16606101
1.550	-0.350	0.000	0.16391836
1.650	-0.350	0.000	0.16200341
1.750	-0.350	0.000	0.15928128
1.850	-0.350	0.000	0.15724985
1.950	-0.350	0.000	0.15461129
2.050	-0.350	0.000	0.15406635
2.150	-0.350	0.000	0.15434244
2.250	-0.350	0.000	0.15575691
2.350	-0.350	0.000	0.15642212
2.450	-0.350	0.000	0.15594769
-2.450	-0.250	0.000	0.11788230
-2.350	-0.250	0.000	0.12045190
-2.250	-0.250	0.000	0.12534112
-2.150	-0.250	0.000	0.13127236
-2.050	-0.250	0.000	0.13641147
-1.950	-0.250	0.000	0.14240448
-1.850	-0.250	0.000	0.14787748
-1.750	-0.250	0.000	0.15290394
-1.650	-0.250	0.000	0.15658416
-1.550	-0.250	0.000	0.15786584
-1.450	-0.250	0.000	0.15721692
-1.350	-0.250	0.000	0.15621066
-1.250	-0.250	0.000	0.15418707
-1.150	-0.250	0.000	0.15109096
-1.050	-0.250	0.000	0.14969510
-0.950	-0.250	0.000	0.14921966
-0.850	-0.250	0.000	0.15120159
-0.750	-0.250	0.000	0.15495101
-0.650	-0.250	0.000	0.15775873
-0.550	-0.250	0.000	0.15843575
-0.450	-0.250	0.000	0.15830603
-0.350	-0.250	0.000	0.15752190
-0.250	-0.250	0.000	0.15719441
-0.150	-0.250	0.000	0.15852427
-0.050	-0.250	0.000	0.16093215
0.050	-0.250	0.000	0.16350093
0.150	-0.250	0.000	0.16548218
0.250	-0.250	0.000	0.16655925
0.350	-0.250	0.000	0.16686165
0.450	-0.250	0.000	0.16689688
0.550	-0.250	0.000	0.16766998
0.650	-0.250	0.000	0.16932538
0.750	-0.250	0.000	0.17110135
0.850	-0.250	0.000	0.17224127
0.950	-0.250	0.000	0.17333937
1.050	-0.250	0.000	0.17335016
1.150	-0.250	0.000	0.17183030
1.250	-0.250	0.000	0.16973864
1.350	-0.250	0.000	0.16742070
1.450	-0.250	0.000	0.16547284
1.550	-0.250	0.000	0.16337496
1.650	-0.250	0.000	0.16152602
1.750	-0.250	0.000	0.15893571
1.850	-0.250	0.000	0.15689538
1.950	-0.250	0.000	0.15446351
2.050	-0.250	0.000	0.15400907
2.150	-0.250	0.000	0.15454076
2.250	-0.250	0.000	0.15624207
2.350	-0.250	0.000	0.15731192
2.450	-0.250	0.000	0.15717223
-2.450	-0.150	0.000	0.11279625
-2.350	-0.150	0.000	0.11367419
-2.250	-0.150	0.000	0.11789984
-2.150	-0.150	0.000	0.12436268
-2.050	-0.150	0.000	0.13016531
-1.950	-0.150	0.000	0.13675629
-1.850	-0.150	0.000	0.14250249
-1.750	-0.150	0.000	0.14778045
-1.650	-0.150	0.000	0.15112905
-1.550	-0.150	0.000	0.15286301
-1.450	-0.150	0.000	0.15208983
-1.350	-0.150	0.000	0.15206198
-1.250	-0.150	0.000	0.15178627
-1.150	-0.150	0.000	0.14993519
-1.050	-0.150	0.000	0.14993255
-0.950	-0.150	0.000	0.14999563
-0.850	-0.150	0.000	0.15189710
-0.750	-0.150	0.000	0.15502094
-0.650	-0.150	0.000	0.15761553
-0.550	-0.150	0.000	0.15841672
-0.450	-0.150	0.000	0.15824115
-0.350	-0.150	0.000	0.15730448
-0.250	-0.150	0.000	0.15653874
-0.150	-0.150	0.000	0.15758212
-0.050	-0.150	0.000	0.15993264
0.050	-0.150	0.000	0.16268006
0.150	-0.150	0.000	0.16511808
0.250	-0.150	0.000	0.16682975
0.350	-0.150	0.000	0.16787951
0.450	-0.150	0.000	0.16874863
0.550	-0.150	0.000	0.16975519
0.650	-0.150	0.000	0.17114665
0.750	-0.150	0.000	0.17245960
0.850	-0.150	0.000	0.17324537
0.950	-0.150	0.000	0.17352811
1.050	-0.150	0.000	0.17319749
1.150	-0.150	0.000	0.17196348
1.250	-0.150	0.000	0.17008771
1.350	-0.150	0.000	0.16777021
1.450	-0.150	0.000	0.16561963
1.550	-0.150	0.000	0.16339915
1.650	-0.150	0.000	0.16163680
1.750	-0.150	0.000	0.15933667
1.850	-0.150	0.000	0.15725368
1.950	-0.150	0.000	0.15496385
2.050	-0.150	0.000	0.15458925
2.150	-0.150	0.000	0.15492961
2.250	-0.150	0.000	0.15626821
2.350	-0.150	0.000	0.15705119
2.450	-0.150	0.000	0.15767479
-2.450	-0.050	0.000	0.10877255
-2.350	-0.050	0.000	0.10847028
-2.250	-0.050	0.000	0.11234637
-2.150	-0.050	0.000	0.11891612
-2.050	-0.050	0.000	0.12480856
-1.950	-0.050	0.000	0.13146268
-1.850	-0.050	0.000	0.13704897
-1.750	-0.050	0.000	0.14197020
-1.650	-0.050	0.000	0.14541276
-1.550	-0.050	0.000	0.14789507
-1.450	-0.050	0.000	0.14906165
-1.350	-0.050	0.000	0.15088733
-1.250	-0.050	0.000	0.15180732
-1.150	-0.050	0.000	0.15083385
-1.050	-0.050	0.000	0.15108527
-0.950	-0.050	0.000	0.15121695
-0.850	-0.050	0.000	0.15328063
-0.750	-0.050	0.000	0.15621306
-0.650	-0.050	0.000	0.15839940
-0.550	-0.050	0.000	0.15865085
-0.450	-0.050	0.000	0.15787952
-0.350	-0.050	0.000	0.15655451
-0.250	-0.050	0.000	0.15557833
-0.150	-0.050	0.000	0.15634602
-0.050	-0.050	0.000	0.15846971
0.050	-0.050	0.000	0.16118152
0.150	-0.050	0.000	0.16384214
0.250	-0.050	0.000	0.16606934
0.350	-0.050	0.000	0.16778916
0.450	-0.050	0.000	0.16949475
0.550	-0.050	0.000	0.17138024
0.650	-0.050	0.000	0.17332013
0.750	-0.050	0.000	0.17488547
0.850	-0.050	0.000	0.17572963
0.950	-0.050	0.000	0.17594157
1.050	-0.050	0.000	0.17524625
1.150	-0.050	0.000	0.17341746
1.250	-0.050	0.000	0.17102788
1.350	-0.050	0.000	0.16829464
1.450	-0.050	0.000	0.16598478
1.550	-0.050	0.000	0.16373870
1.650	-0.050	0.000	0.16196382
1.750	-0.050	0.000	0.15986672
1.850	-0.050	0.000	0.15786700
1.950	-0.050	0.000	0.15579642
2.050	-0.050	0.000	0.15537520
2.150	-0.050	0.000	0.15549427
2.250	-0.050	0.000	0.15683223
2.350	-0.050	0.000	0.15723857
2.450	-0.050	0.000	0.15845771
-2.450	0.050	0.000	0.10617961
-2.350	0.050	0.000	0.10556376
-2.250	0.050	0.000	0.10930011
-2.150	0.050	0.000	0.11573784
-2.050	0.050	0.000	0.12131198
-1.950	0.050	0.000	0.12768601
-1.850	0.050	0.000	0.13305619
-1.750	0.050	0.000	0.13783358
-1.650	0.050	0.000	0.14183070
-1.550	0.050	0.000	0.14544490
-1.450	0.050	0.000	0.14817537
-1.350	0.050	0.000	0.15076423
-1.250	0.050	0.000	0.15259844
-1.150	0.050	0.000	0.15203910
-1.050	0.050	0.000	0.15224144
-0.950	0.050	0.000	0.15209629
-0.850	0.050	0.000	0.15343018
-0.750	0.050	0.000	0.15566945
-0.650	0.050	0.000	0.15792842
-0.550	0.050	0.000	0.15858676
-0.450	0.050	0.000	0.15817085
-0.350	0.050	0.000	0.15650578
-0.250	0.050	0.000	0.15512253
-0.150	0.050	0.000	0.15522888
-0.050	0.050	0.000	0.15693463
0.050	0.050	0.000	0.15957412
0.150	0.050	0.000	0.16231562
0.250	0.050	0.000	0.16479678
0.350	0.050	0.000	0.16705611
0.450	0.050	0.000	0.16944616
0.550	0.050	0.000	0.17209153
0.650	0.050	0.000	0.17486367
0.750	0.050	0.000	0.17682080
0.850	0.050	0.000	0.17791612
0.950	0.050	0.000	0.17791748
1.050	0.050	0.000	0.17697278
1.150	0.050	0.000	0.17506531
1.250	0.050	0.000	0.17259611
1.350	0.050	0.000	0.16983773
1.450	0.050	0.000	0.16748038
1.550	0.050	0.000	0.16529518
1.650	0.050	0.000	0.16370863
1.750	0.050	0.000	0.16192450
1.850	0.050	0.000	0.16017081
1.950	0.050	0.000	0.15828815
2.050	0.050	0.000	0.15777694
2.150	0.050	0.000	0.15751635
2.250	0.050	0.000	0.15829571
2.350	0.050	0.000	0.15812841
2.450	0.050	0.000	0.15954579
-2.450	0.150	0.000	0.10507665
-2.350	0.150	0.000	0.10461159
-2.250	0.150	0.000	0.10821709
-2.150	0.150	0.000	0.11448358
-2.050	0.150	0.000	0.11960115
-1.950	0.150	0.000	0.12559028
-1.850	0.150	0.000	0.13104410
-1.750	0.150	0.000	0.13602796
-1.650	0.150	0.000	0.14054282
-1.550	0.150	0.000	0.14480516
-1.450	0.150	0.000	0.14855841
-1.350	0.150	0.000	0.15168756
-1.250	0.150	0.000	0.15371302
-1.150	0.150	0.000	0.15336776
-1.050	0.150	0.000	0.15289956
-0.950	0.150	0.000	0.15250774
-0.850	0.150	0.000	0.15329300
-0.750	0.150	0.000	0.15535501
-0.650	0.150	0.000	0.15777037
-0.550	0.150	0.000	0.15860669
-0.450	0.150	0.000	0.15860587
-0.350	0.150	0.000	0.15666425
-0.250	0.150	0.000	0.15497829
-0.150	0.150	0.000	0.15450543
-0.050	0.150	0.000	0.15572983
0.050	0.150	0.000	0.15809108
0.150	0.150	0.000	0.16064213
0.250	0.150	0.000	0.16307262
0.350	0.150	0.000	0.16569141
0.450	0.150	0.000	0.16888207
0.550	0.150	0.000	0.17219530
0.650	0.150	0.000	0.17550085
0.750	0.150	0.000	0.17815390
0.850	0.150	0.000	0.17977279
0.950	0.150	0.000	0.18022031
1.050	0.150	0.000	0.17949136
1.150	0.150	0.000	0.17763464
1.250	0.150	0.000	0.17510490
1.350	0.150	0.000	0.17219640
1.450	0.150	0.000	0.16966785
1.550	0.150	0.000	0.16748075
1.650	0.150	0.000	0.16596736
1.750	0.150	0.000	0.16438404
1.850	0.150	0.000	0.16294251
1.950	0.150	0.000	0.16122356
2.050	0.150	0.000	0.16065861
2.150	0.150	0.000	0.16013308
2.250	0.150	0.000	0.16068947
2.350	0.150	0.000	0.16044503
2.450	0.150	0.000	0.16168696
-2.450	0.250	0.000	0.10499699
-2.350	0.250	0.000	0.10530787
-2.250	0.250	0.000	0.10832261
-2.150	0.250	0.000	0.11403245
-2.050	0.250	0.000	0.11881395
-1.950	0.250	0.000	0.12449966
-1.850	0.250	0.000	0.13005212
-1.750	0.250	0.000	0.13524863
-1.650	0.250	0.000	0.14083683
-1.550	0.250	0.000	0.14597294
-1.450	0.250	0.000	0.15043660
-1.350	0.250	0.000	0.15358271
-1.250	0.250	0.000	0.15565252
-1.150	0.250	0.000	0.15494148
-1.050	0.250	0.000	0.15380344
-0.950	0.250	0.000	0.15269703
-0.850	0.250	0.000	0.15269701
-0.750	0.250	0.000	0.15470390
-0.650	0.250	0.000	0.15750495
-0.550	0.250	0.000	0.15881738
-0.450	0.250	0.000	0.15930320
-0.350	0.250	0.000	0.15724416
-0.250	0.250	0.000	0.15525343
-0.150	0.250	0.000	0.15453111
-0.050	0.250	0.000	0.15533772
0.050	0.250	0.000	0.15739253
0.150	0.250	0.000	0.15975359
0.250	0.250	0.000	0.16200759
0.350	0.250	0.000	0.16428083
0.450	0.250	0.000	0.16710091
0.550	0.250	0.000	0.17070460
0.650	0.250	0.000	0.17458068
0.750	0.250	0.000	0.17801072
0.850	0.250	0.000	0.18038911
0.950	0.250	0.000	0.18152824
1.050	0.250	0.000	0.18143448
1.150	0.250	0.000	0.18008997
1.250	0.250	0.000	0.17789321
1.350	0.250	0.000	0.17518817
1.450	0.250	0.000	0.17280811
1.550	0.250	0.000	0.17072086
1.650	0.250	0.000	0.16930550
1.750	0.250	0.000	0.16786504
1.850	0.250	0.000	0.16654482
1.950	0.250	0.000	0.16493073
2.050	0.250	0.000	0.16419040
2.150	0.250	0.000	0.16336951
2.250	0.250	0.000	0.16389395
2.350	0.250	0.000	0.16384642
2.450	0.250	0.000	0.16454019
-2.450	0.350	0.000	0.10617357
-2.350	0.350	0.000	0.10727188
-2.250	0.350	0.000	0.10972702
-2.150	0.350	0.000	0.11497311
-2.050	0.350	0.000	0.11953070
-1.950	0.350	0.000	0.12498786
-1.850	0.350	0.000	0.13085406
-1.750	0.350	0.000	0.13632751
-1.650	0.350	0.000	0.14244516
-1.550	0.350	0.000	0.14806694
-1.450	0.350	0.000	0.15283588
-1.350	0.350	0.000	0.15612030
-1.250	0.350	0.000	0.15797260
-1.150	0.350	0.000	0.15679942
-1.050	0.350	0.000	0.15486984
-0.950	0.350	0.000	0.15350610
-0.850	0.350	0.000	0.15326026
-0.750	0.350	0.000	0.15490469
-0.650	0.350	0.000	0.15751515
-0.550	0.350	0.000	0.15906435
-0.450	0.350	0.000	0.15969343
-0.350	0.350	0.000	0.15790041
-0.250	0.350	0.000	0.15606597
-0.150	0.350	0.000	0.15518846
-0.050	0.350	0.000	0.15556635
0.050	0.350	0.000	0.15705001
0.150	0.350	0.000	0.15906005
0.250	0.350	0.000	0.16115886
0.350	0.350	0.000	0.16353089
0.450	0.350	0.000	0.16655479
0.550	0.350	0.000	0.17037648
0.650	0.350	0.000	0.17463595
0.750	0.350	0.000	0.17819859
0.850	0.350	0.000	0.18110056
0.950	0.350	0.000	0.18252543
1.050	0.350	0.000	0.18280725
1.150	0.350	0.000	0.18193863
1.250	0.350	0.000	0.18018882
1.350	0.350	0.000	0.17773838
1.450	0.350	0.000	0.17551060
1.550	0.350	0.000	0.17376363
1.650	0.350	0.000	0.17256597
1.750	0.350	0.000	0.17109109
1.850	0.350	0.000	0.16969733
1.950	0.350	0.000	0.16806129
2.050	0.350	0.000	0.16731569
2.150	0.350	0.000	0.16666578
2.250	0.350	0.000	0.16731212
2.350	0.350	0.000	0.16790693
2.450	0.350	0.000	0.16838416
-2.450	0.450	0.000	0.10774528
-2.350	0.450	0.000	0.10952116
-2.250	0.450	0.000	0.11121163
-2.150	0.450	0.000	0.11611754
-2.050	0.450	0.000	0.12068954
-1.950	0.450	0.000	0.12617470
-1.850	0.450	0.000	0.13233879
-1.750	0.450	0.000	0.13811898
-1.650	0.450	0.000	0.14458662
-1.550	0.450	0.000	0.15063885
-1.450	0.450	0.000	0.15507868
-1.350	0.450	0.000	0.15847553
-1.250	0.450	0.000	0.15996535
-1.150	0.450	0.000	0.15869570
-1.050	0.450	0.000	0.15668659
-0.950	0.450	0.000	0.15527561
-0.850	0.450	0.000	0.15462567
-0.750	0.450	0.000	0.15616576
-0.650	0.450	0.000	0.15848282
-0.550	0.450	0.000	0.15981838
-0.450	0.450	0.000	0.16021308
-0.350	0.450	0.000	0.15844816
-0.250	0.450	0.000	0.15687326
-0.150	0.450	0.000	0.15575431
-0.050	0.450	0.000	0.15575442
0.050	0.450	0.000	0.15695526
0.150	0.450	0.000	0.15871751
0.250	0.450	0.000	0.16055515
0.350	0.450	0.000	0.16271611
0.450	0.450	0.000	0.16571347
0.550	0.450	0.000	0.16975655
0.650	0.450	0.000	0.17456077
0.750	0.450	0.000	0.17872758
0.850	0.450	0.000	0.18230562
0.950	0.450	0.000	0.18416131
1.050	0.450	0.000	0.18470283
1.150	0.450	0.000	0.18393703
1.250	0.450	0.000	0.18245079
1.350	0.450	0.000	0.18040258
1.450	0.450	0.000	0.17858239
1.550	0.450	0.000	0.17682999
1.650	0.450	0.000	0.17533198
1.750	0.450	0.000	0.17368267
1.850	0.450	0.000	0.17216575
1.950	0.450	0.000	0.17074645
2.050	0.450	0.000	0.17007828
2.150	0.450	0.000	0.16971123
2.250	0.450	0.000	0.17040369
2.350	0.450	0.000	0.17129356
2.450	0.450	0.000	0.17148294
-2.450	0.550	0.000	0.10991972
-2.350	0.550	0.000	0.11223793
-2.250	0.550	0.000	0.11317673
-2.150	0.550	0.000	0.11774246
-2.050	0.550	0.000	0.12236737
-1.950	0.550	0.000	0.12797886
-1.850	0.550	0.000	0.13452755
-1.750	0.550	0.000	0.14059354
-1.650	0.550	0.000	0.14729525
-1.550	0.550	0.000	0.15344928
-1.450	0.550	0.000	0.15746585
-1.350	0.550	0.000	0.16066745
-1.250	0.550	0.000	0.16201174
-1.150	0.550	0.000	0.16111664
-1.050	0.550	0.000	0.15939562
-0.950	0.550	0.000	0.15850790
-0.850	0.550	0.000	0.15760988
-0.750	0.550	0.000	0.15825564
-0.650	0.550	0.000	0.15988827
-0.550	0.550	0.000	0.16068147
-0.450	0.550	0.000	0.16083160
-0.350	0.550	0.000	0.15913229
-0.250	0.550	0.000	0.15745489
-0.150	0.550	0.000	0.15601800
-0.050	0.550	0.000	0.15589999
0.050	0.550	0.000	0.15718204
0.150	0.550	0.000	0.15903334
0.250	0.550	0.000	0.16080652
0.350	0.550	0.000	0.16274318
0.450	0.550	0.000	0.16548049
0.550	0.550	0.000	0.16938974
0.650	0.550	0.000	0.17433786
0.750	0.550	0.000	0.17906870
0.850	0.550	0.000	0.18339330
0.950	0.550	0.000	0.18621476
1.050	0.550	0.000	0.18708198
1.150	0.550	0.000	0.18661009
1.250	0.550	0.000	0.18510930
1.350	0.550	0.000	0.18274982
1.450	0.550	0.000	0.18071099
1.550	0.550	0.000	0.17894846
1.650	0.550	0.000	0.17758422
1.750	0.550	0.000	0.17617071
1.850	0.550	0.000	0.17493378
1.950	0.550	0.000	0.17359574
2.050	0.550	0.000	0.17307940
2.150	0.550	0.000	0.17308722
2.250	0.550	0.000	0.17397174
2.350	0.550	0.000	0.17567027
2.450	0.550	0.000	0.17592123
-2.450	0.650	0.000	0.11220987
-2.350	0.650	0.000	0.11541859
-2.250	0.650	0.000	0.11608147
-2.150	0.650	0.000	0.12031773
-2.050	0.650	0.000	0.12490965
-1.950	0.650	0.000	0.13027048
-1.850	0.650	0.000	0.13683461
-1.750	0.650	0.000	0.14290218
-1.650	0.650	0.000	0.14980786
-1.550	0.650	0.000	0.15614511
-1.450	0.650	0.000	0.16039409
-1.350	0.650	0.000	0.16354696
-1.250	0.650	0.000	0.16458975
-1.150	0.650	0.000	0.16365851
-1.050	0.650	0.000	0.16178089
-0.950	0.650	0.000	0.16041294
-0.850	0.650	0.000	0.15913565
-0.750	0.650	0.000	0.15950046
-0.650	0.650	0.000	0.16092700
-0.550	0.650	0.000	0.16185004
-0.450	0.650	0.000	0.16188398
-0.350	0.650	0.000	0.16048098
-0.250	0.650	0.000	0.15829413
-0.150	0.650	0.000	0.15682307
-0.050	0.650	0.000	0.15634432
0.050	0.650	0.000	0.15740791
0.150	0.650	0.000	0.15926486
0.250	0.650	0.000	0.16120984
0.350	0.650	0.000	0.16316886
0.450	0.650	0.000	0.16585325
0.550	0.650	0.000	0.16966747
0.650	0.650	0.000	0.17467254
0.750	0.650	0.000	0.17977560
0.850	0.650	0.000	0.18434273
0.950	0.650	0.000	0.18767957
1.050	0.650	0.000	0.18863297
1.150	0.650	0.000	0.18821537
1.250	0.650	0.000	0.18701456
1.350	0.650	0.000	0.18511511
1.450	0.650	0.000	0.18344705
1.550	0.650	0.000	0.18188719
1.650	0.650	0.000	0.18038708
1.750	0.650	0.000	0.17860769
1.850	0.650	0.000	0.17705603
1.950	0.650	0.000	0.17545062
2.050	0.650	0.000	0.17489487
2.150	0.650	0.000	0.17476372
2.250	0.650	0.000	0.17541637
2.350	0.650	0.000	0.17621155
2.450	0.650	0.000	0.17694336
-2.450	0.750	0.000	0.11457947
-2.350	0.750	0.000	0.11900572
-2.250	0.750	0.000	0.11930155
-2.150	0.750	0.000	0.12297086
-2.050	0.750	0.000	0.12773024
-1.950	0.750	0.000	0.13276902
-1.850	0.750	0.000	0.13954455
-1.750	0.750	0.000	0.14563847
-1.650	0.750	0.000	0.15253676
-1.550	0.750	0.000	0.15888150
-1.450	0.750	0.000	0.16318014
-1.350	0.750	0.000	0.16626461
-1.250	0.750	0.000	0.16701248
-1.150	0.750	0.000	0.16585782
-1.050	0.750	0.000	0.16363336
-0.950	0.750	0.000	0.16182941
-0.850	0.750	0.000	0.16045900
-0.750	0.750	0.000	0.15998042
-0.650	0.750	0.000	0.16116333
-0.550	0.750	0.000	0.16264133
-0.450	0.750	0.000	0.16319326
-0.350	0.750	0.000	0.16238406
-0.250	0.750	0.000	0.16009915
-0.150	0.750	0.000	0.15856099
-0.050	0.750	0.000	0.15752847
0.050	0.750	0.000	0.15812102
0.150	0.750	0.000	0.15982033
0.250	0.750	0.000	0.16191714
0.350	0.750	0.000	0.16395605
0.450	0.750	0.000	0.16650392
0.550	0.750	0.000	0.17008299
0.650	0.750	0.000	0.17496638
0.750	0.750	0.000	0.18025368
0.850	0.750	0.000	0.18526872
0.950	0.750	0.000	0.18935023
1.050	0.750	0.000	0.19062079
1.150	0.750	0.000	0.19026935
1.250	0.750	0.000	0.18890446
1.350	0.750	0.000	0.18683062
1.450	0.750	0.000	0.18495153
1.550	0.750	0.000	0.18348476
1.650	0.750	0.000	0.18242878
1.750	0.750	0.000	0.18134591
1.850	0.750	0.000	0.18028535
1.950	0.750	0.000	0.17927875
2.050	0.750	0.000	0.17867909
2.150	0.750	0.000	0.17877582
2.250	0.750	0.000	0.17930134
2.350	0.750	0.000	0.17938197
2.450	0.750	0.000	0.18052424
-2.450	0.850	0.000	0.11637932
-2.350	0.850	0.000	0.12200669
-2.250	0.850	0.000	0.12266622
-2.150	0.850	0.000	0.12595829
-2.050	0.850	0.000	0.13081187
-1.950	0.850	0.000	0.13515441
-1.850	0.850	0.000	0.14185402
-1.750	0.850	0.000	0.14806388
-1.650	0.850	0.000	0.15521236
-1.550	0.850	0.000	0.16167501
-1.450	0.850	0.000	0.16612673
-1.350	0.850	0.000	0.16869090
-1.250	0.850	0.000	0.16909394
-1.150	0.850	0.000	0.16783036
-1.050	0.850	0.000	0.16543008
-0.950	0.850	0.000	0.16311273
-0.850	0.850	0.000	0.16134058
-0.750	0.850	0.000	0.16067322
-0.650	0.850	0.000	0.16189794
-0.550	0.850	0.000	0.16371123
-0.450	0.850	0.000	0.16499972
-0.350	0.850	0.000	0.16487685
-0.250	0.850	0.000	0.16262606
-0.150	0.850	0.000	0.16094127
-0.050	0.850	0.000	0.15943304
0.050	0.850	0.000	0.15935032
0.150	0.850	0.000	0.16069721
0.250	0.850	0.000	0.16287534
0.350	0.850	0.000	0.16512601
0.450	0.850	0.000	0.16764916
0.550	0.850	0.000	0.17108607
0.650	0.850	0.000	0.17573293
0.750	0.850	0.000	0.18088663
0.850	0.850	0.000	0.18570754
0.950	0.850	0.000	0.19020094
1.050	0.850	0.000	0.19203186
1.150	0.850	0.000	0.19231740
1.250	0.850	0.000	0.19149603
1.350	0.850	0.000	0.18960318
1.450	0.850	0.000	0.18757552
1.550	0.850	0.000	0.18557712
1.650	0.850	0.000	0.18368946
1.750	0.850	0.000	0.18191883
1.850	0.850	0.000	0.18048763
1.950	0.850	0.000	0.17914067
2.050	0.850	0.000	0.17842536
2.150	0.850	0.000	0.17833991
2.250	0.850	0.000	0.17896073
2.350	0.850	0.000	0.17901224
2.450	0.850	0.000	0.18055725
-2.450	0.950	0.000	0.11721010
-2.350	0.950	0.000	0.12376785
-2.250	0.950	0.000	0.12558505
-2.150	0.950	0.000	0.12863867
-2.050	0.950	0.000	0.13348810
-1.950	0.950	0.000	0.13707508
-1.850	0.950	0.000	0.14336653
-1.750	0.950	0.000	0.14958605
-1.650	0.950	0.000	0.15685791
-1.550	0.950	0.000	0.16347919
-1.450	0.950	0.000	0.16814686
-1.350	0.950	0.000	0.17040700
-1.250	0.950	0.000	0.17055164
-1.150	0.950	0.000	0.16943425
-1.050	0.950	0.000	0.16727053
-0.950	0.950	0.000	0.16528563
-0.850	0.950	0.000	0.16351138
-0.750	0.950	0.000	0.16235912
-0.650	0.950	0.000	0.16311829
-0.550	0.950	0.000	0.16472849
-0.450	0.950	0.000	0.16618359
-0.350	0.950	0.000	0.16689801
-0.250	0.950	0.000	0.16565041
-0.150	0.950	0.000	0.16410445
-0.050	0.950	0.000	0.16204138
0.050	0.950	0.000	0.16145836
0.150	0.950	0.000	0.16232456
0.250	0.950	0.000	0.16430241
0.350	0.950	0.000	0.16664433
0.450	0.950	0.000	0.16921967
0.550	0.950	0.000	0.17265853
0.650	0.950	0.000	0.17722572
0.750	0.950	0.000	0.18236697
0.850	0.950	0.000	0.18703885
0.950	0.950	0.000	0.19158404
1.050	0.950	0.000	0.19364181
1.150	0.950	0.000	0.19406067
1.250	0.950	0.000	0.19352861
1.350	0.950	0.000	0.19196022
1.450	0.950	0.000	0.18991520
1.550	0.950	0.000	0.18771292
1.650	0.950	0.000	0.18547921
1.750	0.950	0.000	0.18353792
1.850	0.950	0.000	0.18221338
1.950	0.950	0.000	0.18148670
2.050	0.950	0.000	0.18146499
2.150	0.950	0.000	0.18141696
2.250	0.950	0.000	0.18224639
2.350	0.950	0.000	0.18194997
2.450	0.950	0.000	0.18335904
-2.450	1.050	0.000	0.11686081
-2.350	1.050	0.000	0.12423707
-2.250	1.050	0.000	0.12817755
-2.150	1.050	0.000	0.13120134
-2.050	1.050	0.000	0.13594384
-1.950	1.050	0.000	0.13875656
-1.850	1.050	0.000	0.14442635
-1.750	1.050	0.000	0.15061381
-1.650	1.050	0.000	0.15790969
-1.550	1.050	0.000	0.16444062
-1.450	1.050	0.000	0.16897587
-1.350	1.050	0.000	0.17096129
-1.250	1.050	0.000	0.17116946
-1.150	1.050	0.000	0.17051661
-1.050	1.050	0.000	0.16897644
-0.950	1.050	0.000	0.16728705
-0.850	1.050	0.000	0.16559400
-0.750	1.050	0.000	0.16437112
-0.650	1.050	0.000	0.16493872
-0.550	1.050	0.000	0.16623670
-0.450	1.050	0.000	0.16761574
-0.350	1.050	0.000	0.16852163
-0.250	1.050	0.000	0.16765253
-0.150	1.050	0.000	0.16678897
-0.050	1.050	0.000	0.16541220
0.050	1.050	0.000	0.16456173
0.150	1.050	0.000	0.16471124
0.250	1.050	0.000	0.16635576
0.350	1.050	0.000	0.16874555
0.450	1.050	0.000	0.17136870
0.550	1.050	0.000	0.17477824
0.650	1.050	0.000	0.17919381
0.750	1.050	0.000	0.18404463
0.850	1.050	0.000	0.18842712
0.950	1.050	0.000	0.19285035
1.050	1.050	0.000	0.19531256
1.150	1.050	0.000	0.19585009
1.250	1.050	0.000	0.19555706
1.350	1.050	0.000	0.19399865
1.450	1.050	0.000	0.19157869
1.550	1.050	0.000	0.18860331
1.650	1.050	0.000	0.18561639
1.750	1.050	0.000	0.18312407
1.850	1.050	0.000	0.18132484
1.950	1.050	0.000	0.18013889
2.050	1.050	0.000	0.17992012
2.150	1.050	0.000	0.17975596
2.250	1.050	0.000	0.18078357
2.350	1.050	0.000	0.18078890
2.450	1.050	0.000	0.18291180
-2.450	1.150	0.000	0.11545689
-2.350	1.150	0.000	0.12331767
-2.250	1.150	0.000	0.12969087
-2.150	1.150	0.000	0.13293839
-2.050	1.150	0.000	0.13787761
-1.950	1.150	0.000	0.14025156
-1.850	1.150	0.000	0.14527808
-1.750	1.150	0.000	0.15138264
-1.650	1.150	0.000	0.15854919
-1.550	1.150	0.000	0.16474387
-1.450	1.150	0.000	0.16909271
-1.350	1.150	0.000	0.17116040
-1.250	1.150	0.000	0.17187177
-1.150	1.150	0.000	0.17162029
-1.050	1.150	0.000	0.17049633
-0.950	1.150	0.000	0.16914245
-0.850	1.150	0.000	0.16781323
-0.750	1.150	0.000	0.16672137
-0.650	1.150	0.000	0.16712977
-0.550	1.150	0.000	0.16801035
-0.450	1.150	0.000	0.16900240
-0.350	1.150	0.000	0.17011663
-0.250	1.150	0.000	0.16977389
-0.150	1.150	0.000	0.16930684
-0.050	1.150	0.000	0.16840993
0.050	1.150	0.000	0.16773801
0.150	1.150	0.000	0.16787866
0.250	1.150	0.000	0.16928151
0.350	1.150	0.000	0.17152317
0.450	1.150	0.000	0.17411476
0.550	1.150	0.000	0.17730717
0.650	1.150	0.000	0.18146434
0.750	1.150	0.000	0.18616828
0.850	1.150	0.000	0.19047222
0.950	1.150	0.000	0.19495143
1.050	1.150	0.000	0.19789419
1.150	1.150	0.000	0.19837059
1.250	1.150	0.000	0.19798851
1.350	1.150	0.000	0.19613287
1.450	1.150	0.000	0.19320370
1.550	1.150	0.000	0.18987229
1.650	1.150	0.000	0.18649116
1.750	1.150	0.000	0.18354580
1.850	1.150	0.000	0.18135101
1.950	1.150	0.000	0.18017454
2.050	1.150	0.000	0.18016954
2.150	1.150	0.000	0.18020149
2.250	1.150	0.000	0.18172739
2.350	1.150	0.000	0.18211743
2.450	1.150	0.000	0.18498859
-2.450	1.250	0.000	0.11447681
-2.350	1.250	0.000	0.12175898
-2.250	1.250	0.000	0.13033977
-2.150	1.250	0.000	0.13411337
-2.050	1.250	0.000	0.13931541
-1.950	1.250	0.000	0.14160435
-1.850	1.250	0.000	0.14608297
-1.750	1.250	0.000	0.15198928
-1.650	1.250	0.000	0.15887062
-1.550	1.250	0.000	0.16474868
-1.450	1.250	0.000	0.16902813
-1.350	1.250	0.000	0.17124806
-1.250	1.250	0.000	0.17221570
-1.150	1.250	0.000	0.17208393
-1.050	1.250	0.000	0.17123215
-0.950	1.250	0.000	0.17038228
-0.850	1.250	0.000	0.16945243
-0.750	1.250	0.000	0.16878623
-0.650	1.250	0.000	0.16920643
-0.550	1.250	0.000	0.16996695
-0.450	1.250	0.000	0.17106648
-0.350	1.250	0.000	0.17250089
-0.250	1.250	0.000	0.17270933
-0.150	1.250	0.000	0.17266922
-0.050	1.250	0.000	0.17208014
0.050	1.250	0.000	0.17113085
0.150	1.250	0.000	0.17103371
0.250	1.250	0.000	0.17225496
0.350	1.250	0.000	0.17455025
0.450	1.250	0.000	0.17714098
0.550	1.250	0.000	0.18002829
0.650	1.250	0.000	0.18365872
0.750	1.250	0.000	0.18789397
0.850	1.250	0.000	0.19190474
0.950	1.250	0.000	0.19615676
1.050	1.250	0.000	0.19913948
1.150	1.250	0.000	0.19952653
1.250	1.250	0.000	0.19907402
1.350	1.250	0.000	0.19727261
1.450	1.250	0.000	0.19432394
1.550	1.250	0.000	0.19084615
1.650	1.250	0.000	0.18741001
1.750	1.250	0.000	0.18412031
1.850	1.250	0.000	0.18153100
1.950	1.250	0.000	0.18001324
2.050	1.250	0.000	0.18003477
2.150	1.250	0.000	0.18011920
2.250	1.250	0.000	0.18184339
2.350	1.250	0.000	0.18212304
2.450	1.250	0.000	0.18521757
-2.450	1.350	0.000	0.11312835
-2.350	1.350	0.000	0.11913123
-2.250	1.350	0.000	0.12953898
-2.150	1.350	0.000	0.13405403
-2.050	1.350	0.000	0.14020634
-1.950	1.350	0.000	0.14310862
-1.850	1.350	0.000	0.14710726
-1.750	1.350	0.000	0.15217739
-1.650	1.350	0.000	0.15826929
-1.550	1.350	0.000	0.16393220
-1.450	1.350	0.000	0.16855103
-1.350	1.350	0.000	0.17119795
-1.250	1.350	0.000	0.17264782
-1.150	1.350	0.000	0.17272508
-1.050	1.350	0.000	0.17206009
-0.950	1.350	0.000	0.17155582
-0.850	1.350	0.000	0.17111105
-0.750	1.350	0.000	0.17093132
-0.650	1.350	0.000	0.17152564
-0.550	1.350	0.000	0.17231455
-0.450	1.350	0.000	0.17342603
-0.350	1.350	0.000	0.17498252
-0.250	1.350	0.000	0.17550665
-0.150	1.350	0.000	0.17559853
-0.050	1.350	0.000	0.17522901
0.050	1.350	0.000	0.17416435
0.150	1.350	0.000	0.17392105
0.250	1.350	0.000	0.17486915
0.350	1.350	0.000	0.17715874
0.450	1.350	0.000	0.17989022
0.550	1.350	0.000	0.18297580
0.650	1.350	0.000	0.18660629
0.750	1.350	0.000	0.19084929
0.850	1.350	0.000	0.19477113
0.950	1.350	0.000	0.19884314
1.050	1.350	0.000	0.20189370
1.150	1.350	0.000	0.20216154
1.250	1.350	0.000	0.20129383
1.350	1.350	0.000	0.19882426
1.450	1.350	0.000	0.19531736
1.550	1.350	0.000	0.19141439
1.650	1.350	0.000	0.18764697
1.750	1.350	0.000	0.18449534
1.850	1.350	0.000	0.18246914
1.950	1.350	0.000	0.18156657
2.050	1.350	0.000	0.18212615
2.150	1.350	0.000	0.18221208
2.250	1.350	0.000	0.18378049
2.350	1.350	0.000	0.18363591
2.450	1.350	0.000	0.18686344
-2.450	1.450	0.000	0.11411590
-2.350	1.450	0.000	0.11783364
-2.250	1.450	0.000	0.12873036
-2.150	1.450	0.000	0.13371229
-2.050	1.450	0.000	0.14025205
-1.950	1.450	0.000	0.14403974
-1.850	1.450	0.000	0.14799429
-1.750	1.450	0.000	0.15254800
-1.650	1.450	0.000	0.15793826
-1.550	1.450	0.000	0.16322513
-1.450	1.450	0.000	0.16782136
-1.350	1.450	0.000	0.17092989
-1.250	1.450	0.000	0.17308919
-1.150	1.450	0.000	0.17374319
-1.050	1.450	0.000	0.17346458
-0.950	1.450	0.000	0.17307638
-0.850	1.450	0.000	0.17263989
-0.750	1.450	0.000	0.17257409
-0.650	1.450	0.000	0.17331557
-0.550	1.450	0.000	0.17425567
-0.450	1.450	0.000	0.17560013
-0.350	1.450	0.000	0.17731507
-0.250	1.450	0.000	0.17805716
-0.150	1.450	0.000	0.17853136
-0.050	1.450	0.000	0.17834416
0.050	1.450	0.000	0.17721887
0.150	1.450	0.000	0.17681864
0.250	1.450	0.000	0.17769285
0.350	1.450	0.000	0.17998661
0.450	1.450	0.000	0.18285961
0.550	1.450	0.000	0.18608914
0.650	1.450	0.000	0.18960805
0.750	1.450	0.000	0.19361208
0.850	1.450	0.000	0.19732982
0.950	1.450	0.000	0.20123602
1.050	1.450	0.000	0.20420459
1.150	1.450	0.000	0.20425835
1.250	1.450	0.000	0.20308700
1.350	1.450	0.000	0.20043129
1.450	1.450	0.000	0.19676578
1.550	1.450	0.000	0.19273303
1.650	1.450	0.000	0.18924509
1.750	1.450	0.000	0.18642668
1.850	1.450	0.000	0.18441126
1.950	1.450	0.000	0.18324800
2.050	1.450	0.000	0.18361691
2.150	1.450	0.000	0.18357825
2.250	1.450	0.000	0.18508545
2.350	1.450	0.000	0.18530169
2.450	1.450	0.000	0.18881413
-2.450	1.550	0.000	0.11550945
-2.350	1.550	0.000	0.11577494
-2.250	1.550	0.000	0.12640844
-2.150	1.550	0.000	0.13227306
-2.050	1.550	0.000	0.13997234
-1.950	1.550	0.000	0.14505146
-1.850	1.550	0.000	0.14925058
-1.750	1.550	0.000	0.15312749
-1.650	1.550	0.000	0.15752824
-1.550	1.550	0.000	0.16206262
-1.450	1.550	0.000	0.16623244
-1.350	1.550	0.000	0.16967481
-1.250	1.550	0.000	0.17263679
-1.150	1.550	0.000	0.17423248
-1.050	1.550	0.000	0.17489167
-0.950	1.550	0.000	0.17500252
-0.850	1.550	0.000	0.17489414
-0.750	1.550	0.000	0.17481662
-0.650	1.550	0.000	0.17528711
-0.550	1.550	0.000	0.17592815
-0.450	1.550	0.000	0.17704041
-0.350	1.550	0.000	0.17870812
-0.250	1.550	0.000	0.17974946
-0.150	1.550	0.000	0.18073215
-0.050	1.550	0.000	0.18093562
0.050	1.550	0.000	0.18005940
0.150	1.550	0.000	0.17977515
0.250	1.550	0.000	0.18074818
0.350	1.550	0.000	0.18315639
0.450	1.550	0.000	0.18617959
0.550	1.550	0.000	0.18950832
0.650	1.550	0.000	0.19294202
0.750	1.550	0.000	0.19673073
0.850	1.550	0.000	0.20010225
0.950	1.550	0.000	0.20365043
1.050	1.550	0.000	0.20647468
1.150	1.550	0.000	0.20641202
1.250	1.550	0.000	0.20509711
1.350	1.550	0.000	0.20243615
1.450	1.550	0.000	0.19871618
1.550	1.550	0.000	0.19465190
1.650	1.550	0.000	0.19125865
1.750	1.550	0.000	0.18868729
1.850	1.550	0.000	0.18723671
1.950	1.550	0.000	0.18617016
2.050	1.550	0.000	0.18634313
2.150	1.550	0.000	0.18599749
2.250	1.550	0.000	0.18758655
2.350	1.550	0.000	0.18814717
2.450	1.550	0.000	0.19181173
-2.450	1.650	0.000	0.11985617
-2.350	1.650	0.000	0.11626643
-2.250	1.650	0.000	0.12472143
-2.150	1.650	0.000	0.13087276
-2.050	1.650	0.000	0.13954449
-1.950	1.650	0.000	0.14595707
-1.850	1.650	0.000	0.15078026
-1.750	1.650	0.000	0.15442206
-1.650	1.650	0.000	0.15778746
-1.550	1.650	0.000	0.16130261
-1.450	1.650	0.000	0.16478653
-1.350	1.650	0.000	0.16826397
-1.250	1.650	0.000	0.17174903
-1.150	1.650	0.000	0.17419611
-1.050	1.650	0.000	0.17550676
-0.950	1.650	0.000	0.17606844
-0.850	1.650	0.000	0.17630787
-0.750	1.650	0.000	0.17648952
-0.650	1.650	0.000	0.17709950
-0.550	1.650	0.000	0.17768545
-0.450	1.650	0.000	0.17874078
-0.350	1.650	0.000	0.18020985
-0.250	1.650	0.000	0.18142772
-0.150	1.650	0.000	0.18255858
-0.050	1.650	0.000	0.18314734
0.050	1.650	0.000	0.18265903
0.150	1.650	0.000	0.18262856
0.250	1.650	0.000	0.18373638
0.350	1.650	0.000	0.18621925
0.450	1.650	0.000	0.18925869
0.550	1.650	0.000	0.19260167
0.650	1.650	0.000	0.19602484
0.750	1.650	0.000	0.19978854
0.850	1.650	0.000	0.20298113
0.950	1.650	0.000	0.20634697
1.050	1.650	0.000	0.20875810
1.150	1.650	0.000	0.20860083
1.250	1.650	0.000	0.20745130
1.350	1.650	0.000	0.20502891
1.450	1.650	0.000	0.20161158
1.550	1.650	0.000	0.19795458
1.650	1.650	0.000	0.19489285
1.750	1.650	0.000	0.19231150
1.850	1.650	0.000	0.19049503
1.950	1.650	0.000	0.18911278
2.050	1.650	0.000	0.18903351
2.150	1.650	0.000	0.18866333
2.250	1.650	0.000	0.18993860
2.350	1.650	0.000	0.19014391
2.450	1.650	0.000	0.19393583
-2.450	1.750	0.000	0.12688692
-2.350	1.750	0.000	0.11906865
-2.250	1.750	0.000	0.12442556
-2.150	1.750	0.000	0.13044062
-2.050	1.750	0.000	0.13916436
-1.950	1.750	0.000	0.14688212
-1.850	1.750	0.000	0.15301934
-1.750	1.750	0.000	0.15679637
-1.650	1.750	0.000	0.15921463
-1.550	1.750	0.000	0.16132358
-1.450	1.750	0.000	0.16401562
-1.350	1.750	0.000	0.16725938
-1.250	1.750	0.000	0.17068458
-1.150	1.750	0.000	0.17343423
-1.050	1.750	0.000	0.17528521
-0.950	1.750	0.000	0.17653078
-0.850	1.750	0.000	0.17748319
-0.750	1.750	0.000	0.17811447
-0.650	1.750	0.000	0.17872548
-0.550	1.750	0.000	0.17925654
-0.450	1.750	0.000	0.18010457
-0.350	1.750	0.000	0.18134657
-0.250	1.750	0.000	0.18260932
-0.150	1.750	0.000	0.18394050
-0.050	1.750	0.000	0.18510859
0.050	1.750	0.000	0.18541411
0.150	1.750	0.000	0.18583074
0.250	1.750	0.000	0.18709067
0.350	1.750	0.000	0.18942548
0.450	1.750	0.000	0.19235930
0.550	1.750	0.000	0.19566518
0.650	1.750	0.000	0.19907923
0.750	1.750	0.000	0.20275103
0.850	1.750	0.000	0.20585299
0.950	1.750	0.000	0.20917226
1.050	1.750	0.000	0.21171151
1.150	1.750	0.000	0.21179999
1.250	1.750	0.000	0.21082023
1.350	1.750	0.000	0.20853192
1.450	1.750	0.000	0.20505093
1.550	1.750	0.000	0.20121524
1.650	1.750	0.000	0.19788787
1.750	1.750	0.000	0.19495037
1.850	1.750	0.000	0.19279607
1.950	1.750	0.000	0.19118033
2.050	1.750	0.000	0.19086033
2.150	1.750	0.000	0.19045693
2.250	1.750	0.000	0.19174606
2.350	1.750	0.000	0.19186302
2.450	1.750	0.000	0.19555707
-2.450	1.850	0.000	0.13679616
-2.350	1.850	0.000	0.12603627
-2.250	1.850	0.000	0.12688288
-2.150	1.850	0.000	0.13050804
-2.050	1.850	0.000	0.13852894
-1.950	1.850	0.000	0.14757739
-1.850	1.850	0.000	0.15506764
-1.750	1.850	0.000	0.15976179
-1.650	1.850	0.000	0.16245295
-1.550	1.850	0.000	0.16411574
-1.450	1.850	0.000	0.16591568
-1.350	1.850	0.000	0.16810168
-1.250	1.850	0.000	0.17063846
-1.150	1.850	0.000	0.17309499
-1.050	1.850	0.000	0.17501503
-0.950	1.850	0.000	0.17633949
-0.850	1.850	0.000	0.17779332
-0.750	1.850	0.000	0.17916989
-0.650	1.850	0.000	0.18043527
-0.550	1.850	0.000	0.18148717
-0.450	1.850	0.000	0.18251255
-0.350	1.850	0.000	0.18378596
-0.250	1.850	0.000	0.18488954
-0.150	1.850	0.000	0.18603446
-0.050	1.850	0.000	0.18709742
0.050	1.850	0.000	0.18766457
0.150	1.850	0.000	0.18838197
0.250	1.850	0.000	0.18995544
0.350	1.850	0.000	0.19249271
0.450	1.850	0.000	0.19566061
0.550	1.850	0.000	0.19909774
0.650	1.850	0.000	0.20283268
0.750	1.850	0.000	0.20663826
0.850	1.850	0.000	0.20972835
0.950	1.850	0.000	0.21311164
1.050	1.850	0.000	0.21499532
1.150	1.850	0.000	0.21470965
1.250	1.850	0.000	0.21357419
1.350	1.850	0.000	0.21129672
1.450	1.850	0.000	0.20851064
1.550	1.850	0.000	0.20517465
1.650	1.850	0.000	0.20186405
1.750	1.850	0.000	0.19847123
1.850	1.850	0.000	0.19546619
1.950	1.850	0.000	0.19327228
2.050	1.850	0.000	0.19249715
2.150	1.850	0.000	0.19180991
2.250	1.850	0.000	0.19297726
2.350	1.850	0.000	0.19319570
2.450	1.850	0.000	0.19673225
-2.450	1.950	0.000	0.14937949
-2.350	1.950	0.000	0.13649739
-2.250	1.950	0.000	0.13069031
-2.150	1.950	0.000	0.13120162
-2.050	1.950	0.000	0.13701266
-1.950	1.950	0.000	0.14600672
-1.850	1.950	0.000	0.15475932
-1.750	1.950	0.000	0.16150007
-1.650	1.950	0.000	0.16620082
-1.550	1.950	0.000	0.16893356
-1.450	1.950	0.000	0.17048125
-1.350	1.950	0.000	0.17222811
-1.250	1.950	0.000	0.17421067
-1.150	1.950	0.000	0.17593795
-1.050	1.950	0.000	0.17733179
-0.950	1.950	0.000	0.17865287
-0.850	1.950	0.000	0.18042599
-0.750	1.950	0.000	0.18221276
-0.650	1.950	0.000	0.18379931
-0.550	1.950	0.000	0.18516991
-0.450	1.950	0.000	0.18626040
-0.350	1.950	0.000	0.18764041
-0.250	1.950	0.000	0.18853378
-0.150	1.950	0.000	0.18947016
-0.050	1.950	0.000	0.19034666
0.050	1.950	0.000	0.19090170
0.150	1.950	0.000	0.19171697
0.250	1.950	0.000	0.19315407
0.350	1.950	0.000	0.19527641
0.450	1.950	0.000	0.19807303
0.550	1.950	0.000	0.20145942
0.650	1.950	0.000	0.20529084
0.750	1.950	0.000	0.20913526
0.850	1.950	0.000	0.21236473
0.950	1.950	0.000	0.21557593
1.050	1.950	0.000	0.21755521
1.150	1.950	0.000	0.21771343
1.250	1.950	0.000	0.21713272
1.350	1.950	0.000	0.21519946
1.450	1.950	0.000	0.21219750
1.550	1.950	0.000	0.20876400
1.650	1.950	0.000	0.20563599
1.750	1.950	0.000	0.20265271
1.850	1.950	0.000	0.20029494
1.950	1.950	0.000	0.19814923
2.050	1.950	0.000	0.19704708
2.150	1.950	0.000	0.19573052
2.250	1.950	0.000	0.19622527
2.350	1.950	0.000	0.19625373
2.450	1.950	0.000	0.19972484
-2.450	2.050	0.000	0.16164738
-2.350	2.050	0.000	0.14917694
-2.250	2.050	0.000	0.13868639
-2.150	2.050	0.000	0.13374686
-2.050	2.050	0.000	0.13564038
-1.950	2.050	0.000	0.14234670
-1.850	2.050	0.000	0.15168971
-1.750	2.050	0.000	0.16124572
-1.650	2.050	0.000	0.16868085
-1.550	2.050	0.000	0.17377062
-1.450	2.050	0.000	0.17597583
-1.350	2.050	0.000	0.17816147
-1.250	2.050	0.000	0.18011439
-1.150	2.050	0.000	0.18137781
-1.050	2.050	0.000	0.18252239
-0.950	2.050	0.000	0.18360654
-0.850	2.050	0.000	0.18512699
-0.750	2.050	0.000	0.18672988
-0.650	2.050	0.000	0.18828163
-0.550	2.050	0.000	0.18980150
-0.450	2.050	0.000	0.19104728
-0.350	2.050	0.000	0.19241883
-0.250	2.050	0.000	0.19311714
-0.150	2.050	0.000	0.19367753
-0.050	2.050	0.000	0.19406594
0.050	2.050	0.000	0.19402882
0.150	2.050	0.000	0.19439055
0.250	2.050	0.000	0.19561692
0.350	2.050	0.000	0.19767416
0.450	2.050	0.000	0.20037369
0.550	2.050	0.000	0.20358309
0.650	2.050	0.000	0.20696272
0.750	2.050	0.000	0.21014273
0.850	2.050	0.000	0.21287511
0.950	2.050	0.000	0.21574707
1.050	2.050	0.000	0.21776409
1.150	2.050	0.000	0.21826309
1.250	2.050	0.000	0.21823975
1.350	2.050	0.000	0.21726589
1.450	2.050	0.000	0.21539204
1.550	2.050	0.000	0.21307996
1.650	2.050	0.000	0.21060577
1.750	2.050	0.000	0.20758390
1.850	2.050	0.000	0.20473194
1.950	2.050	0.000	0.20194817
2.050	2.050	0.000	0.20027369
2.150	2.050	0.000	0.19841585
2.250	2.050	0.000	0.19860023
2.350	2.050	0.000	0.19829880
2.450	2.050	0.000	0.20124957
-2.450	2.150	0.000	0.17255834
-2.350	2.150	0.000	0.16256694
-2.250	2.150	0.000	0.15019313
-2.150	2.150	0.000	0.14060619
-2.050	2.150	0.000	0.13664322
-1.950	2.150	0.000	0.14027926
-1.850	2.150	0.000	0.14836122
-1.750	2.150	0.000	0.15836298
-1.650	2.150	0.000	0.16746284
-1.550	2.150	0.000	0.17469974
-1.450	2.150	0.000	0.17877734
-1.350	2.150	0.000	0.18206398
-1.250	2.150	0.000	0.18460521
-1.150	2.150	0.000	0.18623011
-1.050	2.150	0.000	0.18747474
-0.950	2.150	0.000	0.18829213
-0.850	2.150	0.000	0.18945518
-0.750	2.150	0.000	0.19086117
-0.650	2.150	0.000	0.19224440
-0.550	2.150	0.000	0.19365184
-0.450	2.150	0.000	0.19484515
-0.350	2.150	0.000	0.19602314
-0.250	2.150	0.000	0.19669122
-0.150	2.150	0.000	0.19697092
-0.050	2.150	0.000	0.19703037
0.050	2.150	0.000	0.19653021
0.150	2.150	0.000	0.19627534
0.250	2.150	0.000	0.19681641
0.350	2.150	0.000	0.19846348
0.450	2.150	0.000	0.20098028
0.550	2.150	0.000	0.20415278
0.650	2.150	0.000	0.20747104
0.750	2.150	0.000	0.21044199
0.850	2.150	0.000	0.21315624
0.950	2.150	0.000	0.21595874
1.050	2.150	0.000	0.21844579
1.150	2.150	0.000	0.21965024
1.250	2.150	0.000	0.22015637
1.350	2.150	0.000	0.21959664
1.450	2.150	0.000	0.21825604
1.550	2.150	0.000	0.21632008
1.650	2.150	0.000	0.21387900
1.750	2.150	0.000	0.21090755
1.850	2.150	0.000	0.20822020
1.950	2.150	0.000	0.20530915
2.050	2.150	0.000	0.20322843
2.150	2.150	0.000	0.20104328
2.250	2.150	0.000	0.20095596
2.350	2.150	0.000	0.20032856
2.450	2.150	0.000	0.20342405
-2.450	2.250	0.000	0.18113340
-2.350	2.250	0.000	0.17440768
-2.250	2.250	0.000	0.16360244
-2.150	2.250	0.000	0.15294634
-2.050	2.250	0.000	0.14545621
-1.950	2.250	0.000	0.14393115
-1.850	2.250	0.000	0.14830405
-1.750	2.250	0.000	0.15680009
-1.650	2.250	0.000	0.16599275
-1.550	2.250	0.000	0.17421055
-1.450	2.250	0.000	0.17970847
-1.350	2.250	0.000	0.18403354
-1.250	2.250	0.000	0.18721037
-1.150	2.250	0.000	0.18873888
-1.050	2.250	0.000	0.18921997
-0.950	2.250	0.000	0.18912604
-0.850	2.250	0.000	0.18941255
-0.750	2.250	0.000	0.19025123
-0.650	2.250	0.000	0.19151667
-0.550	2.250	0.000	0.19301988
-0.450	2.250	0.000	0.19447742
-0.350	2.250	0.000	0.19592701
-0.250	2.250	0.000	0.19714896
-0.150	2.250	0.000	0.19782172
-0.050	2.250	0.000	0.19821423
0.050	2.250	0.000	0.19780967
0.150	2.250	0.000	0.19737071
0.250	2.250	0.000	0.19763081
0.350	2.250	0.000	0.19888167
0.450	2.250	0.000	0.20115057
0.550	2.250	0.000	0.20399728
0.650	2.250	0.000	0.20672089
0.750	2.250	0.000	0.20876019
0.850	2.250	0.000	0.21080700
0.950	2.250	0.000	0.21292219
1.050	2.250	0.000	0.21508586
1.150	2.250	0.000	0.21682741
1.250	2.250	0.000	0.21791089
1.350	2.250	0.000	0.21799448
1.450	2.250	0.000	0.21709222
1.550	2.250	0.000	0.21546255
1.650	2.250	0.000	0.21346705
1.750	2.250	0.000	0.21099454
1.850	2.250	0.000	0.20893452
1.950	2.250	0.000	0.20682578
2.050	2.250	0.000	0.20563148
2.150	2.250	0.000	0.20395687
2.250	2.250	0.000	0.20401525
2.350	2.250	0.000	0.20353840
2.450	2.250	0.000	0.20645368
-2.450	2.350	0.000	0.18669607
-2.350	2.350	0.000	0.18287852
-2.250	2.350	0.000	0.17519203
-2.150	2.350	0.000	0.16623229
-2.050	2.350	0.000	0.15768749
-1.950	2.350	0.000	0.15214492
-1.850	2.350	0.000	0.15056452
-1.750	2.350	0.000	0.15328407
-1.650	2.350	0.000	0.15892529
-1.550	2.350	0.000	0.16585951
-1.450	2.350	0.000	0.17327201
-1.350	2.350	0.000	0.17993429
-1.250	2.350	0.000	0.18525425
-1.150	2.350	0.000	0.18747912
-1.050	2.350	0.000	0.18838276
-0.950	2.350	0.000	0.18841395
-0.850	2.350	0.000	0.18866210
-0.750	2.350	0.000	0.18959843
-0.650	2.350	0.000	0.19086578
-0.550	2.350	0.000	0.19243737
-0.450	2.350	0.000	0.19394247
-0.350	2.350	0.000	0.19551036
-0.250	2.350	0.000	0.19714938
-0.150	2.350	0.000	0.19803667
-0.050	2.350	0.000	0.19847809
0.050	2.350	0.000	0.19792047
0.150	2.350	0.000	0.19719221
0.250	2.350	0.000	0.19730046
0.350	2.350	0.000	0.19863848
0.450	2.350	0.000	0.20119575
0.550	2.350	0.000	0.20413072
0.650	2.350	0.000	0.20695421
0.750	2.350	0.000	0.20897441
0.850	2.350	0.000	0.21053721
0.950	2.350	0.000	0.21207874
1.050	2.350	0.000	0.21387298
1.150	2.350	0.000	0.21549036
1.250	2.350	0.000	0.21654055
1.350	2.350	0.000	0.21658912
1.450	2.350	0.000	0.21573633
1.550	2.350	0.000	0.21419008
1.650	2.350	0.000	0.21248902
1.750	2.350	0.000	0.21061608
1.850	2.350	0.000	0.20918919
1.950	2.350	0.000	0.20757276
2.050	2.350	0.000	0.20606109
2.150	2.350	0.000	0.20393188
2.250	2.350	0.000	0.20364782
2.350	2.350	0.000	0.20294711
2.450	2.350	0.000	0.20640442
-2.450	2.450	0.000	0.18908511
-2.350	2.450	0.000	0.18714070
-2.250	2.450	0.000	0.18195555
-2.150	2.450	0.000	0.17525683
-2.050	2.450	0.000	0.16812089
-1.950	2.450	0.000	0.16187540
-1.850	2.450	0.000	0.15733419
-1.750	2.450	0.000	0.15467350
-1.650	2.450	0.000	0.15514778
-1.550	2.450	0.000	0.15861097
-1.450	2.450	0.000	0.16286924
-1.350	2.450	0.000	0.16774276
-1.250	2.450	0.000	0.17282353
-1.150	2.450	0.000	0.17725265
-1.050	2.450	0.000	0.18083234
-0.950	2.450	0.000	0.18353136
-0.850	2.450	0.000	0.18598299
-0.750	2.450	0.000	0.18831138
-0.650	2.450	0.000	0.19058512
-0.550	2.450	0.000	0.19268858
-0.450	2.450	0.000	0.19481450
-0.350	2.450	0.000	0.19672506
-0.250	2.450	0.000	0.19875544
-0.150	2.450	0.000	0.19986102
-0.050	2.450	0.000	0.20045002
0.050	2.450	0.000	0.19978955
0.150	2.450	0.000	0.19845133
0.250	2.450	0.000	0.19750910
0.350	2.450	0.000	0.19767173
0.450	2.450	0.000	0.19932872
0.550	2.450	0.000	0.20170106
0.650	2.450	0.000	0.20416661
0.750	2.450	0.000	0.20640980
0.850	2.450	0.000	0.20834780
0.950	2.450	0.000	0.21006651
1.050	2.450	0.000	0.21185751
1.150	2.450	0.000	0.21337675
1.250	2.450	0.000	0.21404450
1.350	2.450	0.000	0.21389863
1.450	2.450	0.000	0.21321601
1.550	2.450	0.000	0.21209052
1.650	2.450	0.000	0.21101248
1.750	2.450	0.000	0.20986125
1.850	2.450	0.000	0.20908692
1.950	2.450	0.000	0.20815176
2.050	2.450	0.000	0.20730038
2.150	2.450	0.000	0.20580438
2.250	2.450	0.000	0.20571417
2.350	2.450	0.000	0.20493644
2.450	2.450	0.000	0.20788196
