-2.450	-2.450	0.000	0.15320477
-2.350	-2.450	0.000	0.15970074
-2.250	-2.450	0.000	0.16049074
-2.150	-2.450	0.000	0.16186714
-2.050	-2.450	0.000	0.16082413
-1.950	-2.450	0.000	0.15805447
-1.850	-2.450	0.000	0.15285040
-1.750	-2.450	0.000	0.14717869
-1.650	-2.450	0.000	0.14171301
-1.550	-2.450	0.000	0.13625854
-1.450	-2.450	0.000	0.13329054
-1.350	-2.450	0.000	0.13122012
-1.250	-2.450	0.000	0.13009915
-1.150	-2.450	0.000	0.13134080
-1.050	-2.450	0.000	0.13252515
-0.950	-2.450	0.000	0.13178758
-0.850	-2.450	0.000	0.12806349
-0.750	-2.450	0.000	0.12401386
-0.650	-2.450	0.000	0.12402258
-0.550	-2.450	0.000	0.12873781
-0.450	-2.450	0.000	0.13683760
-0.350	-2.450	0.000	0.14729500
-0.250	-2.450	0.000	0.15784210
-0.150	-2.450	0.000	0.16348833
-0.050	-2.450	0.000	0.16547897
0.050	-2.450	0.000	0.16459535
0.150	-2.450	0.000	0.16216958
0.250	-2.450	0.000	0.15913098
0.350	-2.450	0.000	0.15641879
0.450	-2.450	0.000	0.15567762
0.550	-2.450	0.000	0.15818460
0.650	-2.450	0.000	0.16389593
0.750	-2.450	0.000	0.17121702
0.850	-2.450	0.000	0.17851654
0.950	-2.450	0.000	0.18473618
1.050	-2.450	0.000	0.18920089
1.150	-2.450	0.000	0.19187087
1.250	-2.450	0.000	0.19346990
1.350	-2.450	0.000	0.19499262
1.450	-2.450	0.000	0.19686779
1.550	-2.450	0.000	0.19872020
1.650	-2.450	0.000	0.19971123
1.750	-2.450	0.000	0.20027176
1.850	-2.450	0.000	0.20045792
1.950	-2.450	0.000	0.20062307
2.050	-2.450	0.000	0.20046543
2.150	-2.450	0.000	0.20030673
2.250	-2.450	0.000	0.19903623
2.350	-2.450	0.000	0.19795758
2.450	-2.450	0.000	0.19606671
-2.450	-2.350	0.000	0.15708776
-2.350	-2.350	0.000	0.16338214
-2.250	-2.350	0.000	0.16398826
-2.150	-2.350	0.000	0.16464688
-2.050	-2.350	0.000	0.16281742
-1.950	-2.350	0.000	0.15931267
-1.850	-2.350	0.000	0.15299755
-1.750	-2.350	0.000	0.14560296
-1.650	-2.350	0.000	0.13866346
-1.550	-2.350	0.000	0.13252373
-1.450	-2.350	0.000	0.12990648
-1.350	-2.350	0.000	0.12871677
-1.250	-2.350	0.000	0.12850080
-1.150	-2.350	0.000	0.13042395
-1.050	-2.350	0.000	0.13225648
-0.950	-2.350	0.000	0.13209167
-0.850	-2.350	0.000	0.12920362
-0.750	-2.350	0.000	0.12602729
-0.650	-2.350	0.000	0.12655841
-0.550	-2.350	0.000	0.13121611
-0.450	-2.350	0.000	0.13913888
-0.350	-2.350	0.000	0.14881082
-0.250	-2.350	0.000	0.15868022
-0.150	-2.350	0.000	0.16401690
-0.050	-2.350	0.000	0.16584738
0.050	-2.350	0.000	0.16490421
0.150	-2.350	0.000	0.16250974
0.250	-2.350	0.000	0.15954104
0.350	-2.350	0.000	0.15675038
0.450	-2.350	0.000	0.15615620
0.550	-2.350	0.000	0.15844284
0.650	-2.350	0.000	0.16391253
0.750	-2.350	0.000	0.17098312
0.850	-2.350	0.000	0.17811243
0.950	-2.350	0.000	0.18425398
1.050	-2.350	0.000	0.18883061
1.150	-2.350	0.000	0.19191456
1.250	-2.350	0.000	0.19430619
1.350	-2.350	0.000	0.19672295
1.450	-2.350	0.000	0.19919907
1.550	-2.350	0.000	0.20127410
1.650	-2.350	0.000	0.20216730
1.750	-2.350	0.000	0.20247412
1.850	-2.350	0.000	0.20245561
1.950	-2.350	0.000	0.20218639
2.050	-2.350	0.000	0.20127568
2.150	-2.350	0.000	0.19990236
2.250	-2.350	0.000	0.19734888
2.350	-2.350	0.000	0.19559079
2.450	-2.350	0.000	0.19256078
-2.450	-2.250	0.000	0.16052620
-2.350	-2.250	0.000	0.16611141
-2.250	-2.250	0.000	0.16624150
-2.150	-2.250	0.000	0.16615799
-2.050	-2.250	0.000	0.16358474
-1.950	-2.250	0.000	0.15946889
-1.850	-2.250	0.000	0.15276122
-1.750	-2.250	0.000	0.14488351
-1.650	-2.250	0.000	0.13781613
-1.550	-2.250	0.000	0.13185367
-1.450	-2.250	0.000	0.12981446
-1.350	-2.250	0.000	0.12949990
-1.250	-2.250	0.000	0.12976758
-1.150	-2.250	0.000	0.13217181
-1.050	-2.250	0.000	0.13409987
-0.950	-2.250	0.000	0.13398179
-0.850	-2.250	0.000	0.13115583
-0.750	-2.250	0.000	0.12802090
-0.650	-2.250	0.000	0.12853014
-0.550	-2.250	0.000	0.13303702
-0.450	-2.250	0.000	0.14073765
-0.350	-2.250	0.000	0.15029454
-0.250	-2.250	0.000	0.16011859
-0.150	-2.250	0.000	0.16540027
-0.050	-2.250	0.000	0.16723287
0.050	-2.250	0.000	0.16629355
0.150	-2.250	0.000	0.16378643
0.250	-2.250	0.000	0.16074429
0.350	-2.250	0.000	0.15795341
0.450	-2.250	0.000	0.15729119
0.550	-2.250	0.000	0.15919369
0.650	-2.250	0.000	0.16432674
0.750	-2.250	0.000	0.17122692
0.850	-2.250	0.000	0.17829518
0.950	-2.250	0.000	0.18451965
1.050	-2.250	0.000	0.18936668
1.150	-2.250	0.000	0.19289893
1.250	-2.250	0.000	0.19578774
1.350	-2.250	0.000	0.19827053
1.450	-2.250	0.000	0.20036694
1.550	-2.250	0.000	0.20182021
1.650	-2.250	0.000	0.20195656
1.750	-2.250	0.000	0.20143875
1.850	-2.250	0.000	0.20033439
1.950	-2.250	0.000	0.19921610
2.050	-2.250	0.000	0.19753341
2.150	-2.250	0.000	0.19598012
2.250	-2.250	0.000	0.19364695
2.350	-2.250	0.000	0.19228348
2.450	-2.250	0.000	0.18953051
-2.450	-2.150	0.000	0.16546996
-2.350	-2.150	0.000	0.17037407
-2.250	-2.150	0.000	0.16991141
-2.150	-2.150	0.000	0.16898297
-2.050	-2.150	0.000	0.16557993
-1.950	-2.150	0.000	0.16039804
-1.850	-2.150	0.000	0.15286601
-1.750	-2.150	0.000	0.14435339
-1.650	-2.150	0.000	0.13717911
-1.550	-2.150	0.000	0.13163194
-1.450	-2.150	0.000	0.13055122
-1.350	-2.150	0.000	0.13102823
-1.250	-2.150	0.000	0.13162172
-1.150	-2.150	0.000	0.13387208
-1.050	-2.150	0.000	0.13541654
-0.950	-2.150	0.000	0.13523696
-0.850	-2.150	0.000	0.13290800
-0.750	-2.150	0.000	0.13029008
-0.650	-2.150	0.000	0.13103729
-0.550	-2.150	0.000	0.13552676
-0.450	-2.150	0.000	0.14293696
-0.350	-2.150	0.000	0.15213700
-0.250	-2.150	0.000	0.16180632
-0.150	-2.150	0.000	0.16710442
-0.050	-2.150	0.000	0.16894609
0.050	-2.150	0.000	0.16806832
0.150	-2.150	0.000	0.16563769
0.250	-2.150	0.000	0.16272213
0.350	-2.150	0.000	0.16002175
0.450	-2.150	0.000	0.15931886
0.550	-2.150	0.000	0.16079906
0.650	-2.150	0.000	0.16546787
0.750	-2.150	0.000	0.17193057
0.850	-2.150	0.000	0.17863473
0.950	-2.150	0.000	0.18456504
1.050	-2.150	0.000	0.18930095
1.150	-2.150	0.000	0.19291250
1.250	-2.150	0.000	0.19581486
1.350	-2.150	0.000	0.19794177
1.450	-2.150	0.000	0.19983606
1.550	-2.150	0.000	0.20025828
1.650	-2.150	0.000	0.19993268
1.750	-2.150	0.000	0.19898373
1.850	-2.150	0.000	0.19749385
1.950	-2.150	0.000	0.19616084
2.050	-2.150	0.000	0.19453682
2.150	-2.150	0.000	0.19320326
2.250	-2.150	0.000	0.19105166
2.350	-2.150	0.000	0.18997574
2.450	-2.150	0.000	0.18710300
-2.450	-2.050	0.000	0.17048332
-2.350	-2.050	0.000	0.17411292
-2.250	-2.050	0.000	0.17283590
-2.150	-2.050	0.000	0.17121671
-2.050	-2.050	0.000	0.16725437
-1.950	-2.050	0.000	0.16160186
-1.850	-2.050	0.000	0.15441510
-1.750	-2.050	0.000	0.14687543
-1.650	-2.050	0.000	0.14095263
-1.550	-2.050	0.000	0.13649544
-1.450	-2.050	0.000	0.13610542
-1.350	-2.050	0.000	0.13648205
-1.250	-2.050	0.000	0.13665445
-1.150	-2.050	0.000	0.13809881
-1.050	-2.050	0.000	0.13861686
-0.950	-2.050	0.000	0.13796461
-0.850	-2.050	0.000	0.13584785
-0.750	-2.050	0.000	0.13360958
-0.650	-2.050	0.000	0.13452764
-0.550	-2.050	0.000	0.13892587
-0.450	-2.050	0.000	0.14591956
-0.350	-2.050	0.000	0.15466727
-0.250	-2.050	0.000	0.16393232
-0.150	-2.050	0.000	0.16910332
-0.050	-2.050	0.000	0.17097071
0.050	-2.050	0.000	0.17020334
0.150	-2.050	0.000	0.16790339
0.250	-2.050	0.000	0.16509251
0.350	-2.050	0.000	0.16248144
0.450	-2.050	0.000	0.16183166
0.550	-2.050	0.000	0.16302632
0.650	-2.050	0.000	0.16715136
0.750	-2.050	0.000	0.17302617
0.850	-2.050	0.000	0.17938212
0.950	-2.050	0.000	0.18512303
1.050	-2.050	0.000	0.18968803
1.150	-2.050	0.000	0.19319771
1.250	-2.050	0.000	0.19555387
1.350	-2.050	0.000	0.19746338
1.450	-2.050	0.000	0.19796817
1.550	-2.050	0.000	0.19788595
1.650	-2.050	0.000	0.19697872
1.750	-2.050	0.000	0.19578391
1.850	-2.050	0.000	0.19433154
1.950	-2.050	0.000	0.19322462
2.050	-2.050	0.000	0.19189554
2.150	-2.050	0.000	0.19075345
2.250	-2.050	0.000	0.18868037
2.350	-2.050	0.000	0.18769991
2.450	-2.050	0.000	0.18482405
-2.450	-1.950	0.000	0.17609070
-2.350	-1.950	0.000	0.17884257
-2.250	-1.950	0.000	0.17708653
-2.150	-1.950	0.000	0.17477831
-2.050	-1.950	0.000	0.17011385
-1.950	-1.950	0.000	0.16407517
-1.850	-1.950	0.000	0.15721549
-1.750	-1.950	0.000	0.15046033
-1.650	-1.950	0.000	0.14547980
-1.550	-1.950	0.000	0.14203005
-1.450	-1.950	0.000	0.14179330
-1.350	-1.950	0.000	0.14202258
-1.250	-1.950	0.000	0.14175725
-1.150	-1.950	0.000	0.14209722
-1.050	-1.950	0.000	0.14169724
-0.950	-1.950	0.000	0.14051187
-0.850	-1.950	0.000	0.13863976
-0.750	-1.950	0.000	0.13655972
-0.650	-1.950	0.000	0.13745371
-0.550	-1.950	0.000	0.14158244
-0.450	-1.950	0.000	0.14809054
-0.350	-1.950	0.000	0.15626082
-0.250	-1.950	0.000	0.16525249
-0.150	-1.950	0.000	0.17061444
-0.050	-1.950	0.000	0.17256185
0.050	-1.950	0.000	0.17196444
0.150	-1.950	0.000	0.16979535
0.250	-1.950	0.000	0.16715424
0.350	-1.950	0.000	0.16478860
0.450	-1.950	0.000	0.16418485
0.550	-1.950	0.000	0.16509117
0.650	-1.950	0.000	0.16862582
0.750	-1.950	0.000	0.17388256
0.850	-1.950	0.000	0.17966399
0.950	-1.950	0.000	0.18480325
1.050	-1.950	0.000	0.18881497
1.150	-1.950	0.000	0.19169922
1.250	-1.950	0.000	0.19376095
1.350	-1.950	0.000	0.19497973
1.450	-1.950	0.000	0.19498438
1.550	-1.950	0.000	0.19460504
1.650	-1.950	0.000	0.19359933
1.750	-1.950	0.000	0.19273709
1.850	-1.950	0.000	0.19182363
1.950	-1.950	0.000	0.19135232
2.050	-1.950	0.000	0.19053183
2.150	-1.950	0.000	0.18969713
2.250	-1.950	0.000	0.18767937
2.350	-1.950	0.000	0.18673494
2.450	-1.950	0.000	0.18367833
-2.450	-1.850	0.000	0.18100670
-2.350	-1.850	0.000	0.18292360
-2.250	-1.850	0.000	0.18065268
-2.150	-1.850	0.000	0.17789681
-2.050	-1.850	0.000	0.17324550
-1.950	-1.850	0.000	0.16764426
-1.850	-1.850	0.000	0.16149828
-1.750	-1.850	0.000	0.15584123
-1.650	-1.850	0.000	0.15194736
-1.550	-1.850	0.000	0.14952764
-1.450	-1.850	0.000	0.14900118
-1.350	-1.850	0.000	0.14877588
-1.250	-1.850	0.000	0.14780377
-1.150	-1.850	0.000	0.14670452
-1.050	-1.850	0.000	0.14516142
-0.950	-1.850	0.000	0.14348198
-0.850	-1.850	0.000	0.14174014
-0.750	-1.850	0.000	0.13962173
-0.650	-1.850	0.000	0.14038941
-0.550	-1.850	0.000	0.14418007
-0.450	-1.850	0.000	0.15007417
-0.350	-1.850	0.000	0.15751338
-0.250	-1.850	0.000	0.16599874
-0.150	-1.850	0.000	0.17132562
-0.050	-1.850	0.000	0.17341623
0.050	-1.850	0.000	0.17309235
0.150	-1.850	0.000	0.17124078
0.250	-1.850	0.000	0.16895445
0.350	-1.850	0.000	0.16705364
0.450	-1.850	0.000	0.16656433
0.550	-1.850	0.000	0.16738969
0.650	-1.850	0.000	0.17038254
0.750	-1.850	0.000	0.17499155
0.850	-1.850	0.000	0.18018086
0.950	-1.850	0.000	0.18458478
1.050	-1.850	0.000	0.18794958
1.150	-1.850	0.000	0.19034588
1.250	-1.850	0.000	0.19191076
1.350	-1.850	0.000	0.19269349
1.450	-1.850	0.000	0.19257002
1.550	-1.850	0.000	0.19200531
1.650	-1.850	0.000	0.19103919
1.750	-1.850	0.000	0.19040248
1.850	-1.850	0.000	0.18991308
1.950	-1.850	0.000	0.18992141
2.050	-1.850	0.000	0.18956895
2.150	-1.850	0.000	0.18911521
2.250	-1.850	0.000	0.18719555
2.350	-1.850	0.000	0.18645145
2.450	-1.850	0.000	0.18320462
-2.450	-1.750	0.000	0.18570045
-2.350	-1.750	0.000	0.18694757
-2.250	-1.750	0.000	0.18449797
-2.150	-1.750	0.000	0.18164679
-2.050	-1.750	0.000	0.17721117
-1.950	-1.750	0.000	0.17209707
-1.850	-1.750	0.000	0.16702864
-1.750	-1.750	0.000	0.16302262
-1.650	-1.750	0.000	0.16015762
-1.550	-1.750	0.000	0.15800808
-1.450	-1.750	0.000	0.15675816
-1.350	-1.750	0.000	0.15551724
-1.250	-1.750	0.000	0.15342312
-1.150	-1.750	0.000	0.15112576
-1.050	-1.750	0.000	0.14861277
-0.950	-1.750	0.000	0.14642633
-0.850	-1.750	0.000	0.14481613
-0.750	-1.750	0.000	0.14275566
-0.650	-1.750	0.000	0.14328286
-0.550	-1.750	0.000	0.14651746
-0.450	-1.750	0.000	0.15162791
-0.350	-1.750	0.000	0.15817668
-0.250	-1.750	0.000	0.16596398
-0.150	-1.750	0.000	0.17171988
-0.050	-1.750	0.000	0.17417504
0.050	-1.750	0.000	0.17424969
0.150	-1.750	0.000	0.17259093
0.250	-1.750	0.000	0.17041872
0.350	-1.750	0.000	0.16867079
0.450	-1.750	0.000	0.16817276
0.550	-1.750	0.000	0.16892695
0.650	-1.750	0.000	0.17150512
0.750	-1.750	0.000	0.17553017
0.850	-1.750	0.000	0.18019485
0.950	-1.750	0.000	0.18401131
1.050	-1.750	0.000	0.18696295
1.150	-1.750	0.000	0.18917386
1.250	-1.750	0.000	0.19051653
1.350	-1.750	0.000	0.19109935
1.450	-1.750	0.000	0.19097653
1.550	-1.750	0.000	0.19049981
1.650	-1.750	0.000	0.18963152
1.750	-1.750	0.000	0.18917195
1.850	-1.750	0.000	0.18899718
1.950	-1.750	0.000	0.18929558
2.050	-1.750	0.000	0.18922809
2.150	-1.750	0.000	0.18896240
2.250	-1.750	0.000	0.18708201
2.350	-1.750	0.000	0.18639977
2.450	-1.750	0.000	0.18305635
-2.450	-1.650	0.000	0.18938622
-2.350	-1.650	0.000	0.18998469
-2.250	-1.650	0.000	0.18756020
-2.150	-1.650	0.000	0.18488623
-2.050	-1.650	0.000	0.18095076
-1.950	-1.650	0.000	0.17674130
-1.850	-1.650	0.000	0.17265145
-1.750	-1.650	0.000	0.16945882
-1.650	-1.650	0.000	0.16710405
-1.550	-1.650	0.000	0.16496144
-1.450	-1.650	0.000	0.16311638
-1.350	-1.650	0.000	0.16112323
-1.250	-1.650	0.000	0.15845472
-1.150	-1.650	0.000	0.15569682
-1.050	-1.650	0.000	0.15271313
-0.950	-1.650	0.000	0.14990044
-0.850	-1.650	0.000	0.14788513
-0.750	-1.650	0.000	0.14555770
-0.650	-1.650	0.000	0.14556149
-0.550	-1.650	0.000	0.14825353
-0.450	-1.650	0.000	0.15274796
-0.350	-1.650	0.000	0.15856279
-0.250	-1.650	0.000	0.16560695
-0.150	-1.650	0.000	0.17147726
-0.050	-1.650	0.000	0.17407429
0.050	-1.650	0.000	0.17450288
0.150	-1.650	0.000	0.17308535
0.250	-1.650	0.000	0.17113248
0.350	-1.650	0.000	0.16964804
0.450	-1.650	0.000	0.16923776
0.550	-1.650	0.000	0.17004597
0.650	-1.650	0.000	0.17235003
0.750	-1.650	0.000	0.17595589
0.850	-1.650	0.000	0.18011528
0.950	-1.650	0.000	0.18342118
1.050	-1.650	0.000	0.18602706
1.150	-1.650	0.000	0.18815888
1.250	-1.650	0.000	0.18945141
1.350	-1.650	0.000	0.19011644
1.450	-1.650	0.000	0.19006132
1.550	-1.650	0.000	0.18968607
1.650	-1.650	0.000	0.18887059
1.750	-1.650	0.000	0.18847559
1.850	-1.650	0.000	0.18841119
1.950	-1.650	0.000	0.18877907
2.050	-1.650	0.000	0.18875195
2.150	-1.650	0.000	0.18852456
2.250	-1.650	0.000	0.18659547
2.350	-1.650	0.000	0.18583861
2.450	-1.650	0.000	0.18260442
-2.450	-1.550	0.000	0.19222543
-2.350	-1.550	0.000	0.19251759
-2.250	-1.550	0.000	0.19036412
-2.150	-1.550	0.000	0.18813191
-2.050	-1.550	0.000	0.18483995
-1.950	-1.550	0.000	0.18161026
-1.850	-1.550	0.000	0.17845654
-1.750	-1.550	0.000	0.17548066
-1.650	-1.550	0.000	0.17291872
-1.550	-1.550	0.000	0.17043184
-1.450	-1.550	0.000	0.16798322
-1.350	-1.550	0.000	0.16547309
-1.250	-1.550	0.000	0.16275153
-1.150	-1.550	0.000	0.15994525
-1.050	-1.550	0.000	0.15683210
-0.950	-1.550	0.000	0.15356241
-0.850	-1.550	0.000	0.15107697
-0.750	-1.550	0.000	0.14844128
-0.650	-1.550	0.000	0.14769268
-0.550	-1.550	0.000	0.14985332
-0.450	-1.550	0.000	0.15384252
-0.350	-1.550	0.000	0.15899676
-0.250	-1.550	0.000	0.16537468
-0.150	-1.550	0.000	0.17109331
-0.050	-1.550	0.000	0.17367564
0.050	-1.550	0.000	0.17433125
0.150	-1.550	0.000	0.17312376
0.250	-1.550	0.000	0.17133911
0.350	-1.550	0.000	0.17004830
0.450	-1.550	0.000	0.16976300
0.550	-1.550	0.000	0.17061070
0.650	-1.550	0.000	0.17279194
0.750	-1.550	0.000	0.17605500
0.850	-1.550	0.000	0.17990659
0.950	-1.550	0.000	0.18281716
1.050	-1.550	0.000	0.18511416
1.150	-1.550	0.000	0.18712142
1.250	-1.550	0.000	0.18844418
1.350	-1.550	0.000	0.18943010
1.450	-1.550	0.000	0.18971768
1.550	-1.550	0.000	0.18965195
1.650	-1.550	0.000	0.18886378
1.750	-1.550	0.000	0.18828513
1.850	-1.550	0.000	0.18804826
1.950	-1.550	0.000	0.18831554
2.050	-1.550	0.000	0.18823369
2.150	-1.550	0.000	0.18802556
2.250	-1.550	0.000	0.18609944
2.350	-1.550	0.000	0.18523496
2.450	-1.550	0.000	0.18211272
-2.450	-1.450	0.000	0.19418375
-2.350	-1.450	0.000	0.19472358
-2.250	-1.450	0.000	0.19312473
-2.150	-1.450	0.000	0.19147378
-2.050	-1.450	0.000	0.18856966
-1.950	-1.450	0.000	0.18543945
-1.850	-1.450	0.000	0.18239653
-1.750	-1.450	0.000	0.17958161
-1.650	-1.450	0.000	0.17683579
-1.550	-1.450	0.000	0.17413463
-1.450	-1.450	0.000	0.17152478
-1.350	-1.450	0.000	0.16904740
-1.250	-1.450	0.000	0.16660494
-1.150	-1.450	0.000	0.16393284
-1.050	-1.450	0.000	0.16070125
-0.950	-1.450	0.000	0.15682778
-0.850	-1.450	0.000	0.15356940
-0.750	-1.450	0.000	0.15079795
-0.650	-1.450	0.000	0.14966680
-0.550	-1.450	0.000	0.15143701
-0.450	-1.450	0.000	0.15498951
-0.350	-1.450	0.000	0.15968241
-0.250	-1.450	0.000	0.16529623
-0.150	-1.450	0.000	0.17076701
-0.050	-1.450	0.000	0.17348751
0.050	-1.450	0.000	0.17427534
0.150	-1.450	0.000	0.17320448
0.250	-1.450	0.000	0.17149028
0.350	-1.450	0.000	0.17017072
0.450	-1.450	0.000	0.16984230
0.550	-1.450	0.000	0.17055668
0.650	-1.450	0.000	0.17256525
0.750	-1.450	0.000	0.17556992
0.850	-1.450	0.000	0.17926946
0.950	-1.450	0.000	0.18205497
1.050	-1.450	0.000	0.18439482
1.150	-1.450	0.000	0.18651041
1.250	-1.450	0.000	0.18815021
1.350	-1.450	0.000	0.18911900
1.450	-1.450	0.000	0.18972205
1.550	-1.450	0.000	0.18984523
1.650	-1.450	0.000	0.18926665
1.750	-1.450	0.000	0.18868232
1.850	-1.450	0.000	0.18816647
1.950	-1.450	0.000	0.18813542
2.050	-1.450	0.000	0.18771221
2.150	-1.450	0.000	0.18725397
2.250	-1.450	0.000	0.18515141
2.350	-1.450	0.000	0.18420415
2.450	-1.450	0.000	0.18149157
-2.450	-1.350	0.000	0.19581518
-2.350	-1.350	0.000	0.19697034
-2.250	-1.350	0.000	0.19579877
-2.150	-1.350	0.000	0.19438395
-2.050	-1.350	0.000	0.19171827
-1.950	-1.350	0.000	0.18830173
-1.850	-1.350	0.000	0.18498524
-1.750	-1.350	0.000	0.18229286
-1.650	-1.350	0.000	0.17964816
-1.550	-1.350	0.000	0.17728692
-1.450	-1.350	0.000	0.17492992
-1.350	-1.350	0.000	0.17270999
-1.250	-1.350	0.000	0.17045991
-1.150	-1.350	0.000	0.16763598
-1.050	-1.350	0.000	0.16405730
-0.950	-1.350	0.000	0.15969469
-0.850	-1.350	0.000	0.15552671
-0.750	-1.350	0.000	0.15254180
-0.650	-1.350	0.000	0.15125914
-0.550	-1.350	0.000	0.15280263
-0.450	-1.350	0.000	0.15612233
-0.350	-1.350	0.000	0.16057688
-0.250	-1.350	0.000	0.16566372
-0.150	-1.350	0.000	0.17095552
-0.050	-1.350	0.000	0.17373186
0.050	-1.350	0.000	0.17448688
0.150	-1.350	0.000	0.17343608
0.250	-1.350	0.000	0.17165442
0.350	-1.350	0.000	0.17015681
0.450	-1.350	0.000	0.16961946
0.550	-1.350	0.000	0.16997926
0.650	-1.350	0.000	0.17172027
0.750	-1.350	0.000	0.17440568
0.850	-1.350	0.000	0.17796360
0.950	-1.350	0.000	0.18092820
1.050	-1.350	0.000	0.18372014
1.150	-1.350	0.000	0.18629229
1.250	-1.350	0.000	0.18839887
1.350	-1.350	0.000	0.19002028
1.450	-1.350	0.000	0.19099662
1.550	-1.350	0.000	0.19115569
1.650	-1.350	0.000	0.19034687
1.750	-1.350	0.000	0.18950099
1.850	-1.350	0.000	0.18858747
1.950	-1.350	0.000	0.18819834
2.050	-1.350	0.000	0.18745255
2.150	-1.350	0.000	0.18669453
2.250	-1.350	0.000	0.18443745
2.350	-1.350	0.000	0.18337394
2.450	-1.350	0.000	0.18098339
-2.450	-1.250	0.000	0.19700645
-2.350	-1.250	0.000	0.19882216
-2.250	-1.250	0.000	0.19781663
-2.150	-1.250	0.000	0.19618633
-2.050	-1.250	0.000	0.19337080
-1.950	-1.250	0.000	0.18974853
-1.850	-1.250	0.000	0.18634596
-1.750	-1.250	0.000	0.18386529
-1.650	-1.250	0.000	0.18205160
-1.550	-1.250	0.000	0.18046556
-1.450	-1.250	0.000	0.17860326
-1.350	-1.250	0.000	0.17645481
-1.250	-1.250	0.000	0.17394964
-1.150	-1.250	0.000	0.17059523
-1.050	-1.250	0.000	0.16640954
-0.950	-1.250	0.000	0.16150126
-0.850	-1.250	0.000	0.15661457
-0.750	-1.250	0.000	0.15335190
-0.650	-1.250	0.000	0.15203010
-0.550	-1.250	0.000	0.15355375
-0.450	-1.250	0.000	0.15704395
-0.350	-1.250	0.000	0.16172397
-0.250	-1.250	0.000	0.16669747
-0.150	-1.250	0.000	0.17179283
-0.050	-1.250	0.000	0.17438750
0.050	-1.250	0.000	0.17510478
0.150	-1.250	0.000	0.17406566
0.250	-1.250	0.000	0.17216502
0.350	-1.250	0.000	0.17038463
0.450	-1.250	0.000	0.16947429
0.550	-1.250	0.000	0.16956805
0.650	-1.250	0.000	0.17096052
0.750	-1.250	0.000	0.17348722
0.850	-1.250	0.000	0.17689477
0.950	-1.250	0.000	0.17990759
1.050	-1.250	0.000	0.18280651
1.150	-1.250	0.000	0.18569446
1.250	-1.250	0.000	0.18829462
1.350	-1.250	0.000	0.19075784
1.450	-1.250	0.000	0.19222306
1.550	-1.250	0.000	0.19299944
1.650	-1.250	0.000	0.19248283
1.750	-1.250	0.000	0.19141752
1.850	-1.250	0.000	0.19004324
1.950	-1.250	0.000	0.18904921
2.050	-1.250	0.000	0.18767208
2.150	-1.250	0.000	0.18646343
2.250	-1.250	0.000	0.18416007
2.350	-1.250	0.000	0.18316592
2.450	-1.250	0.000	0.18094766
-2.450	-1.150	0.000	0.19723658
-2.350	-1.150	0.000	0.19959831
-2.250	-1.150	0.000	0.19847250
-2.150	-1.150	0.000	0.19646601
-2.050	-1.150	0.000	0.19344969
-1.950	-1.150	0.000	0.18999000
-1.850	-1.150	0.000	0.18702148
-1.750	-1.150	0.000	0.18533300
-1.650	-1.150	0.000	0.18420905
-1.550	-1.150	0.000	0.18308821
-1.450	-1.150	0.000	0.18153256
-1.350	-1.150	0.000	0.17934413
-1.250	-1.150	0.000	0.17646882
-1.150	-1.150	0.000	0.17249921
-1.050	-1.150	0.000	0.16737857
-0.950	-1.150	0.000	0.16186596
-0.850	-1.150	0.000	0.15691501
-0.750	-1.150	0.000	0.15411979
-0.650	-1.150	0.000	0.15290663
-0.550	-1.150	0.000	0.15430707
-0.450	-1.150	0.000	0.15777561
-0.350	-1.150	0.000	0.16241209
-0.250	-1.150	0.000	0.16717613
-0.150	-1.150	0.000	0.17213435
-0.050	-1.150	0.000	0.17521819
0.050	-1.150	0.000	0.17611423
0.150	-1.150	0.000	0.17528956
0.250	-1.150	0.000	0.17332178
0.350	-1.150	0.000	0.17125784
0.450	-1.150	0.000	0.16981992
0.550	-1.150	0.000	0.16964367
0.650	-1.150	0.000	0.17053041
0.750	-1.150	0.000	0.17262904
0.850	-1.150	0.000	0.17566019
0.950	-1.150	0.000	0.17867437
1.050	-1.150	0.000	0.18167186
1.150	-1.150	0.000	0.18490337
1.250	-1.150	0.000	0.18806103
1.350	-1.150	0.000	0.19115041
1.450	-1.150	0.000	0.19349566
1.550	-1.150	0.000	0.19459771
1.650	-1.150	0.000	0.19454932
1.750	-1.150	0.000	0.19360699
1.850	-1.150	0.000	0.19199134
1.950	-1.150	0.000	0.19052149
2.050	-1.150	0.000	0.18862651
2.150	-1.150	0.000	0.18705787
2.250	-1.150	0.000	0.18460047
2.350	-1.150	0.000	0.18382303
2.450	-1.150	0.000	0.18162647
-2.450	-1.050	0.000	0.19670728
-2.350	-1.050	0.000	0.19926541
-2.250	-1.050	0.000	0.19796032
-2.150	-1.050	0.000	0.19571613
-2.050	-1.050	0.000	0.19279222
-1.950	-1.050	0.000	0.18975705
-1.850	-1.050	0.000	0.18733543
-1.750	-1.050	0.000	0.18614146
-1.650	-1.050	0.000	0.18562238
-1.550	-1.050	0.000	0.18501601
-1.450	-1.050	0.000	0.18356001
-1.350	-1.050	0.000	0.18110001
-1.250	-1.050	0.000	0.17759660
-1.150	-1.050	0.000	0.17305735
-1.050	-1.050	0.000	0.16737507
-0.950	-1.050	0.000	0.16144580
-0.850	-1.050	0.000	0.15639535
-0.750	-1.050	0.000	0.15400837
-0.650	-1.050	0.000	0.15318231
-0.550	-1.050	0.000	0.15457164
-0.450	-1.050	0.000	0.15782571
-0.350	-1.050	0.000	0.16221683
-0.250	-1.050	0.000	0.16715075
-0.150	-1.050	0.000	0.17205495
-0.050	-1.050	0.000	0.17576914
0.050	-1.050	0.000	0.17710014
0.150	-1.050	0.000	0.17676599
0.250	-1.050	0.000	0.17486256
0.350	-1.050	0.000	0.17271660
0.450	-1.050	0.000	0.17078681
0.550	-1.050	0.000	0.16997659
0.650	-1.050	0.000	0.17054875
0.750	-1.050	0.000	0.17229265
0.850	-1.050	0.000	0.17486641
0.950	-1.050	0.000	0.17768171
1.050	-1.050	0.000	0.18061121
1.150	-1.050	0.000	0.18396199
1.250	-1.050	0.000	0.18754910
1.350	-1.050	0.000	0.19108252
1.450	-1.050	0.000	0.19428088
1.550	-1.050	0.000	0.19603977
1.650	-1.050	0.000	0.19643261
1.750	-1.050	0.000	0.19576904
1.850	-1.050	0.000	0.19414362
1.950	-1.050	0.000	0.19248673
2.050	-1.050	0.000	0.19034620
2.150	-1.050	0.000	0.18872024
2.250	-1.050	0.000	0.18629773
2.350	-1.050	0.000	0.18561392
2.450	-1.050	0.000	0.18302642
-2.450	-0.950	0.000	0.19503771
-2.350	-0.950	0.000	0.19795601
-2.250	-0.950	0.000	0.19642754
-2.150	-0.950	0.000	0.19396782
-2.050	-0.950	0.000	0.19103339
-1.950	-0.950	0.000	0.18848071
-1.850	-0.950	0.000	0.18671472
-1.750	-0.950	0.000	0.18600248
-1.650	-0.950	0.000	0.18631852
-1.550	-0.950	0.000	0.18618466
-1.450	-0.950	0.000	0.18483722
-1.350	-0.950	0.000	0.18196400
-1.250	-0.950	0.000	0.17771065
-1.150	-0.950	0.000	0.17237653
-1.050	-0.950	0.000	0.16604538
-0.950	-0.950	0.000	0.16031133
-0.850	-0.950	0.000	0.15588631
-0.750	-0.950	0.000	0.15378086
-0.650	-0.950	0.000	0.15310688
-0.550	-0.950	0.000	0.15445372
-0.450	-0.950	0.000	0.15768245
-0.350	-0.950	0.000	0.16181557
-0.250	-0.950	0.000	0.16668324
-0.150	-0.950	0.000	0.17158663
-0.050	-0.950	0.000	0.17575419
0.050	-0.950	0.000	0.17768168
0.150	-0.950	0.000	0.17790152
0.250	-0.950	0.000	0.17626143
0.350	-0.950	0.000	0.17404503
0.450	-0.950	0.000	0.17212267
0.550	-0.950	0.000	0.17095178
0.650	-0.950	0.000	0.17126900
0.750	-0.950	0.000	0.17260766
0.850	-0.950	0.000	0.17484793
0.950	-0.950	0.000	0.17728189
1.050	-0.950	0.000	0.17993808
1.150	-0.950	0.000	0.18326342
1.250	-0.950	0.000	0.18720920
1.350	-0.950	0.000	0.19121613
1.450	-0.950	0.000	0.19485028
1.550	-0.950	0.000	0.19718178
1.650	-0.950	0.000	0.19779299
1.750	-0.950	0.000	0.19753043
1.850	-0.950	0.000	0.19605966
1.950	-0.950	0.000	0.19445379
2.050	-0.950	0.000	0.19230388
2.150	-0.950	0.000	0.19072881
2.250	-0.950	0.000	0.18827924
2.350	-0.950	0.000	0.18777508
2.450	-0.950	0.000	0.18488275
-2.450	-0.850	0.000	0.19068606
-2.350	-0.850	0.000	0.19358127
-2.250	-0.850	0.000	0.19186243
-2.150	-0.850	0.000	0.18953297
-2.050	-0.850	0.000	0.18683182
-1.950	-0.850	0.000	0.18493775
-1.850	-0.850	0.000	0.18407242
-1.750	-0.850	0.000	0.18405400
-1.650	-0.850	0.000	0.18500502
-1.550	-0.850	0.000	0.18535514
-1.450	-0.850	0.000	0.18416493
-1.350	-0.850	0.000	0.18090677
-1.250	-0.850	0.000	0.17606832
-1.150	-0.850	0.000	0.17037414
-1.050	-0.850	0.000	0.16397141
-0.950	-0.850	0.000	0.15882120
-0.850	-0.850	0.000	0.15507068
-0.750	-0.850	0.000	0.15358062
-0.650	-0.850	0.000	0.15336528
-0.550	-0.850	0.000	0.15466763
-0.450	-0.850	0.000	0.15745182
-0.350	-0.850	0.000	0.16126245
-0.250	-0.850	0.000	0.16587727
-0.150	-0.850	0.000	0.17091675
-0.050	-0.850	0.000	0.17507644
0.050	-0.850	0.000	0.17781664
0.150	-0.850	0.000	0.17843740
0.250	-0.850	0.000	0.17730676
0.350	-0.850	0.000	0.17523871
0.450	-0.850	0.000	0.17345425
0.550	-0.850	0.000	0.17215611
0.650	-0.850	0.000	0.17229238
0.750	-0.850	0.000	0.17339721
0.850	-0.850	0.000	0.17536801
0.950	-0.850	0.000	0.17769246
1.050	-0.850	0.000	0.18014474
1.150	-0.850	0.000	0.18312851
1.250	-0.850	0.000	0.18697606
1.350	-0.850	0.000	0.19120975
1.450	-0.850	0.000	0.19507740
1.550	-0.850	0.000	0.19800539
1.650	-0.850	0.000	0.19878575
1.750	-0.850	0.000	0.19880088
1.850	-0.850	0.000	0.19770326
1.950	-0.850	0.000	0.19636318
2.050	-0.850	0.000	0.19438784
2.150	-0.850	0.000	0.19299898
2.250	-0.850	0.000	0.19050331
2.350	-0.850	0.000	0.19005589
2.450	-0.850	0.000	0.18684335
-2.450	-0.750	0.000	0.18564516
-2.350	-0.750	0.000	0.18850702
-2.250	-0.750	0.000	0.18670915
-2.150	-0.750	0.000	0.18454127
-2.050	-0.750	0.000	0.18202403
-1.950	-0.750	0.000	0.18063605
-1.850	-0.750	0.000	0.18034227
-1.750	-0.750	0.000	0.18092087
-1.650	-0.750	0.000	0.18216361
-1.550	-0.750	0.000	0.18260702
-1.450	-0.750	0.000	0.18139854
-1.350	-0.750	0.000	0.17789721
-1.250	-0.750	0.000	0.17283022
-1.150	-0.750	0.000	0.16698541
-1.050	-0.750	0.000	0.16109744
-0.950	-0.750	0.000	0.15705666
-0.850	-0.750	0.000	0.15404007
-0.750	-0.750	0.000	0.15350603
-0.650	-0.750	0.000	0.15397905
-0.550	-0.750	0.000	0.15532815
-0.450	-0.750	0.000	0.15774722
-0.350	-0.750	0.000	0.16118617
-0.250	-0.750	0.000	0.16534206
-0.150	-0.750	0.000	0.16998470
-0.050	-0.750	0.000	0.17408240
0.050	-0.750	0.000	0.17724204
0.150	-0.750	0.000	0.17826110
0.250	-0.750	0.000	0.17770867
0.350	-0.750	0.000	0.17607473
0.450	-0.750	0.000	0.17446466
0.550	-0.750	0.000	0.17324795
0.650	-0.750	0.000	0.17340481
0.750	-0.750	0.000	0.17446513
0.850	-0.750	0.000	0.17632993
0.950	-0.750	0.000	0.17864031
1.050	-0.750	0.000	0.18103683
1.150	-0.750	0.000	0.18383607
1.250	-0.750	0.000	0.18747249
1.350	-0.750	0.000	0.19162190
1.450	-0.750	0.000	0.19544616
1.550	-0.750	0.000	0.19858854
1.650	-0.750	0.000	0.19969836
1.750	-0.750	0.000	0.19991578
1.850	-0.750	0.000	0.19917287
1.950	-0.750	0.000	0.19812177
2.050	-0.750	0.000	0.19629970
2.150	-0.750	0.000	0.19498028
2.250	-0.750	0.000	0.19231173
2.350	-0.750	0.000	0.19180055
2.450	-0.750	0.000	0.18853703
-2.450	-0.650	0.000	0.17998582
-2.350	-0.650	0.000	0.18273090
-2.250	-0.650	0.000	0.18095186
-2.150	-0.650	0.000	0.17903166
-2.050	-0.650	0.000	0.17658789
-1.950	-0.650	0.000	0.17571463
-1.850	-0.650	0.000	0.17563286
-1.750	-0.650	0.000	0.17674857
-1.650	-0.650	0.000	0.17821918
-1.550	-0.650	0.000	0.17880547
-1.450	-0.650	0.000	0.17747793
-1.350	-0.650	0.000	0.17383380
-1.250	-0.650	0.000	0.16872825
-1.150	-0.650	0.000	0.16304359
-1.050	-0.650	0.000	0.15771838
-0.950	-0.650	0.000	0.15484846
-0.850	-0.650	0.000	0.15287742
-0.750	-0.650	0.000	0.15308461
-0.650	-0.650	0.000	0.15434201
-0.550	-0.650	0.000	0.15609035
-0.450	-0.650	0.000	0.15838771
-0.350	-0.650	0.000	0.16134949
-0.250	-0.650	0.000	0.16508085
-0.150	-0.650	0.000	0.16939458
-0.050	-0.650	0.000	0.17351249
0.050	-0.650	0.000	0.17656316
0.150	-0.650	0.000	0.17800392
0.250	-0.650	0.000	0.17771304
0.350	-0.650	0.000	0.17633821
0.450	-0.650	0.000	0.17485671
0.550	-0.650	0.000	0.17405482
0.650	-0.650	0.000	0.17437680
0.750	-0.650	0.000	0.17564626
0.850	-0.650	0.000	0.17755400
0.950	-0.650	0.000	0.17983417
1.050	-0.650	0.000	0.18219072
1.150	-0.650	0.000	0.18486172
1.250	-0.650	0.000	0.18829536
1.350	-0.650	0.000	0.19228913
1.450	-0.650	0.000	0.19596279
1.550	-0.650	0.000	0.19905634
1.650	-0.650	0.000	0.20046140
1.750	-0.650	0.000	0.20090149
1.850	-0.650	0.000	0.20067254
1.950	-0.650	0.000	0.20003207
2.050	-0.650	0.000	0.19833514
2.150	-0.650	0.000	0.19690621
2.250	-0.650	0.000	0.19392888
2.350	-0.650	0.000	0.19314791
2.450	-0.650	0.000	0.18986864
-2.450	-0.550	0.000	0.17411993
-2.350	-0.550	0.000	0.17695309
-2.250	-0.550	0.000	0.17530827
-2.150	-0.550	0.000	0.17344508
-2.050	-0.550	0.000	0.17107001
-1.950	-0.550	0.000	0.17015475
-1.850	-0.550	0.000	0.17017680
-1.750	-0.550	0.000	0.17176917
-1.650	-0.550	0.000	0.17352670
-1.550	-0.550	0.000	0.17425479
-1.450	-0.550	0.000	0.17307636
-1.350	-0.550	0.000	0.16940729
-1.250	-0.550	0.000	0.16406722
-1.150	-0.550	0.000	0.15851492
-1.050	-0.550	0.000	0.15414013
-0.950	-0.550	0.000	0.15222500
-0.850	-0.550	0.000	0.15151536
-0.750	-0.550	0.000	0.15248622
-0.650	-0.550	0.000	0.15436272
-0.550	-0.550	0.000	0.15645167
-0.450	-0.550	0.000	0.15887319
-0.350	-0.550	0.000	0.16170976
-0.250	-0.550	0.000	0.16525833
-0.150	-0.550	0.000	0.16929686
-0.050	-0.550	0.000	0.17316863
0.050	-0.550	0.000	0.17623201
0.150	-0.550	0.000	0.17778929
0.250	-0.550	0.000	0.17766598
0.350	-0.550	0.000	0.17644706
0.450	-0.550	0.000	0.17501418
0.550	-0.550	0.000	0.17452261
0.650	-0.550	0.000	0.17498629
0.750	-0.550	0.000	0.17649488
0.850	-0.550	0.000	0.17861530
0.950	-0.550	0.000	0.18102141
1.050	-0.550	0.000	0.18356153
1.150	-0.550	0.000	0.18629624
1.250	-0.550	0.000	0.18954821
1.350	-0.550	0.000	0.19325846
1.450	-0.550	0.000	0.19660324
1.550	-0.550	0.000	0.19945244
1.650	-0.550	0.000	0.20106702
1.750	-0.550	0.000	0.20174572
1.850	-0.550	0.000	0.20194606
1.950	-0.550	0.000	0.20177136
2.050	-0.550	0.000	0.20027032
2.150	-0.550	0.000	0.19881263
2.250	-0.550	0.000	0.19565056
2.350	-0.550	0.000	0.19464718
2.450	-0.550	0.000	0.19114970
-2.450	-0.450	0.000	0.16877207
-2.350	-0.450	0.000	0.17170835
-2.250	-0.450	0.000	0.17023751
-2.150	-0.450	0.000	0.16834217
-2.050	-0.450	0.000	0.16579702
-1.950	-0.450	0.000	0.16465621
-1.850	-0.450	0.000	0.16505142
-1.750	-0.450	0.000	0.16678129
-1.650	-0.450	0.000	0.16912776
-1.550	-0.450	0.000	0.17008971
-1.450	-0.450	0.000	0.16887714
-1.350	-0.450	0.000	0.16503496
-1.250	-0.450	0.000	0.15988505
-1.150	-0.450	0.000	0.15483321
-1.050	-0.450	0.000	0.15119521
-0.950	-0.450	0.000	0.14978799
-0.850	-0.450	0.000	0.14998141
-0.750	-0.450	0.000	0.15148331
-0.650	-0.450	0.000	0.15371113
-0.550	-0.450	0.000	0.15628192
-0.450	-0.450	0.000	0.15896061
-0.350	-0.450	0.000	0.16180553
-0.250	-0.450	0.000	0.16544388
-0.150	-0.450	0.000	0.16965796
-0.050	-0.450	0.000	0.17354065
0.050	-0.450	0.000	0.17698230
0.150	-0.450	0.000	0.17843249
0.250	-0.450	0.000	0.17839199
0.350	-0.450	0.000	0.17721164
0.450	-0.450	0.000	0.17566937
0.550	-0.450	0.000	0.17493790
0.650	-0.450	0.000	0.17540388
0.750	-0.450	0.000	0.17698760
0.850	-0.450	0.000	0.17930818
0.950	-0.450	0.000	0.18189718
1.050	-0.450	0.000	0.18465146
1.150	-0.450	0.000	0.18758431
1.250	-0.450	0.000	0.19083756
1.350	-0.450	0.000	0.19437620
1.450	-0.450	0.000	0.19748724
1.550	-0.450	0.000	0.20010921
1.650	-0.450	0.000	0.20184641
1.750	-0.450	0.000	0.20269236
1.850	-0.450	0.000	0.20296881
1.950	-0.450	0.000	0.20302007
2.050	-0.450	0.000	0.20176093
2.150	-0.450	0.000	0.20047167
2.250	-0.450	0.000	0.19749862
2.350	-0.450	0.000	0.19674647
2.450	-0.450	0.000	0.19312136
-2.450	-0.350	0.000	0.16471791
-2.350	-0.350	0.000	0.16760881
-2.250	-0.350	0.000	0.16614823
-2.150	-0.350	0.000	0.16435187
-2.050	-0.350	0.000	0.16159138
-1.950	-0.350	0.000	0.16039623
-1.850	-0.350	0.000	0.16091862
-1.750	-0.350	0.000	0.16257451
-1.650	-0.350	0.000	0.16491766
-1.550	-0.350	0.000	0.16595002
-1.450	-0.350	0.000	0.16495138
-1.350	-0.350	0.000	0.16165513
-1.250	-0.350	0.000	0.15715401
-1.150	-0.350	0.000	0.15228406
-1.050	-0.350	0.000	0.14928490
-0.950	-0.350	0.000	0.14815983
-0.850	-0.350	0.000	0.14882654
-0.750	-0.350	0.000	0.15097962
-0.650	-0.350	0.000	0.15322627
-0.550	-0.350	0.000	0.15576094
-0.450	-0.350	0.000	0.15860792
-0.350	-0.350	0.000	0.16166066
-0.250	-0.350	0.000	0.16547859
-0.150	-0.350	0.000	0.16994481
-0.050	-0.350	0.000	0.17414802
0.050	-0.350	0.000	0.17814969
0.150	-0.350	0.000	0.17995042
0.250	-0.350	0.000	0.18005247
0.350	-0.350	0.000	0.17876984
0.450	-0.350	0.000	0.17705773
0.550	-0.350	0.000	0.17588420
0.650	-0.350	0.000	0.17612062
0.750	-0.350	0.000	0.17743288
0.850	-0.350	0.000	0.17976142
0.950	-0.350	0.000	0.18250230
1.050	-0.350	0.000	0.18541038
1.150	-0.350	0.000	0.18855488
1.250	-0.350	0.000	0.19192567
1.350	-0.350	0.000	0.19537474
1.450	-0.350	0.000	0.19832461
1.550	-0.350	0.000	0.20070823
1.650	-0.350	0.000	0.20235766
1.750	-0.350	0.000	0.20325744
1.850	-0.350	0.000	0.20344567
1.950	-0.350	0.000	0.20355247
2.050	-0.350	0.000	0.20237499
2.150	-0.350	0.000	0.20127076
2.250	-0.350	0.000	0.19864525
2.350	-0.350	0.000	0.19821705
2.450	-0.350	0.000	0.19454449
-2.450	-0.250	0.000	0.16236115
-2.350	-0.250	0.000	0.16502699
-2.250	-0.250	0.000	0.16348448
-2.150	-0.250	0.000	0.16190675
-2.050	-0.250	0.000	0.15902109
-1.950	-0.250	0.000	0.15775162
-1.850	-0.250	0.000	0.15798843
-1.750	-0.250	0.000	0.15946537
-1.650	-0.250	0.000	0.16161551
-1.550	-0.250	0.000	0.16266018
-1.450	-0.250	0.000	0.16178885
-1.350	-0.250	0.000	0.15877712
-1.250	-0.250	0.000	0.15455371
-1.150	-0.250	0.000	0.15076219
-1.050	-0.250	0.000	0.14875916
-0.950	-0.250	0.000	0.14800230
-0.850	-0.250	0.000	0.14883114
-0.750	-0.250	0.000	0.15087454
-0.650	-0.250	0.000	0.15316829
-0.550	-0.250	0.000	0.15561105
-0.450	-0.250	0.000	0.15821849
-0.350	-0.250	0.000	0.16122359
-0.250	-0.250	0.000	0.16533689
-0.150	-0.250	0.000	0.17036892
-0.050	-0.250	0.000	0.17501685
0.050	-0.250	0.000	0.17952612
0.150	-0.250	0.000	0.18195112
0.250	-0.250	0.000	0.18227455
0.350	-0.250	0.000	0.18103939
0.450	-0.250	0.000	0.17927927
0.550	-0.250	0.000	0.17765376
0.650	-0.250	0.000	0.17742699
0.750	-0.250	0.000	0.17836297
0.850	-0.250	0.000	0.18026771
0.950	-0.250	0.000	0.18292919
1.050	-0.250	0.000	0.18587081
1.150	-0.250	0.000	0.18916158
1.250	-0.250	0.000	0.19276318
1.350	-0.250	0.000	0.19629382
1.450	-0.250	0.000	0.19922149
1.550	-0.250	0.000	0.20135874
1.650	-0.250	0.000	0.20279840
1.750	-0.250	0.000	0.20354344
1.850	-0.250	0.000	0.20349166
1.950	-0.250	0.000	0.20339905
2.050	-0.250	0.000	0.20221694
2.150	-0.250	0.000	0.20162950
2.250	-0.250	0.000	0.19957726
2.350	-0.250	0.000	0.19971275
2.450	-0.250	0.000	0.19615550
-2.450	-0.150	0.000	0.16166721
-2.350	-0.150	0.000	0.16412069
-2.250	-0.150	0.000	0.16247728
-2.150	-0.150	0.000	0.16110723
-2.050	-0.150	0.000	0.15818687
-1.950	-0.150	0.000	0.15689631
-1.850	-0.150	0.000	0.15645924
-1.750	-0.150	0.000	0.15757012
-1.650	-0.150	0.000	0.15904470
-1.550	-0.150	0.000	0.15974820
-1.450	-0.150	0.000	0.15896818
-1.350	-0.150	0.000	0.15676357
-1.250	-0.150	0.000	0.15375429
-1.150	-0.150	0.000	0.15117033
-1.050	-0.150	0.000	0.14966145
-0.950	-0.150	0.000	0.14860977
-0.850	-0.150	0.000	0.14928031
-0.750	-0.150	0.000	0.15110205
-0.650	-0.150	0.000	0.15331045
-0.550	-0.150	0.000	0.15556504
-0.450	-0.150	0.000	0.15795188
-0.350	-0.150	0.000	0.16098097
-0.250	-0.150	0.000	0.16520791
-0.150	-0.150	0.000	0.17063424
-0.050	-0.150	0.000	0.17586435
0.050	-0.150	0.000	0.18054861
0.150	-0.150	0.000	0.18383254
0.250	-0.150	0.000	0.18456823
0.350	-0.150	0.000	0.18376081
0.450	-0.150	0.000	0.18210442
0.550	-0.150	0.000	0.18027942
0.650	-0.150	0.000	0.17923425
0.750	-0.150	0.000	0.17970309
0.850	-0.150	0.000	0.18098496
0.950	-0.150	0.000	0.18326828
1.050	-0.150	0.000	0.18609913
1.150	-0.150	0.000	0.18932389
1.250	-0.150	0.000	0.19295922
1.350	-0.150	0.000	0.19658111
1.450	-0.150	0.000	0.19954140
1.550	-0.150	0.000	0.20152010
1.650	-0.150	0.000	0.20258708
1.750	-0.150	0.000	0.20315440
1.850	-0.150	0.000	0.20280436
1.950	-0.150	0.000	0.20250425
2.050	-0.150	0.000	0.20150054
2.150	-0.150	0.000	0.20134419
2.250	-0.150	0.000	0.19990027
2.350	-0.150	0.000	0.20041491
2.450	-0.150	0.000	0.19716641
-2.450	-0.050	0.000	0.16169158
-2.350	-0.050	0.000	0.16411322
-2.250	-0.050	0.000	0.16246490
-2.150	-0.050	0.000	0.16119285
-2.050	-0.050	0.000	0.15826763
-1.950	-0.050	0.000	0.15689407
-1.850	-0.050	0.000	0.15594029
-1.750	-0.050	0.000	0.15649509
-1.650	-0.050	0.000	0.15746009
-1.550	-0.050	0.000	0.15826680
-1.450	-0.050	0.000	0.15810595
-1.350	-0.050	0.000	0.15667178
-1.250	-0.050	0.000	0.15400623
-1.150	-0.050	0.000	0.15178233
-1.050	-0.050	0.000	0.15060371
-0.950	-0.050	0.000	0.14993188
-0.850	-0.050	0.000	0.15059614
-0.750	-0.050	0.000	0.15211333
-0.650	-0.050	0.000	0.15406394
-0.550	-0.050	0.000	0.15601271
-0.450	-0.050	0.000	0.15825360
-0.350	-0.050	0.000	0.16126393
-0.250	-0.050	0.000	0.16559970
-0.150	-0.050	0.000	0.17112350
-0.050	-0.050	0.000	0.17671068
0.050	-0.050	0.000	0.18130811
0.150	-0.050	0.000	0.18514875
0.250	-0.050	0.000	0.18628944
0.350	-0.050	0.000	0.18594798
0.450	-0.050	0.000	0.18456152
0.550	-0.050	0.000	0.18295287
0.650	-0.050	0.000	0.18169971
0.750	-0.050	0.000	0.18194452
0.850	-0.050	0.000	0.18276785
0.950	-0.050	0.000	0.18425691
1.050	-0.050	0.000	0.18654077
1.150	-0.050	0.000	0.18927823
1.250	-0.050	0.000	0.19263676
1.350	-0.050	0.000	0.19613081
1.450	-0.050	0.000	0.19903524
1.550	-0.050	0.000	0.20116729
1.650	-0.050	0.000	0.20216529
1.750	-0.050	0.000	0.20267640
1.850	-0.050	0.000	0.20248379
1.950	-0.050	0.000	0.20226644
2.050	-0.050	0.000	0.20142682
2.150	-0.050	0.000	0.20150064
2.250	-0.050	0.000	0.20051070
2.350	-0.050	0.000	0.20112808
2.450	-0.050	0.000	0.19818293
-2.450	0.050	0.000	0.16204427
-2.350	0.050	0.000	0.16482496
-2.250	0.050	0.000	0.16324611
-2.150	0.050	0.000	0.16201445
-2.050	0.050	0.000	0.15904684
-1.950	0.050	0.000	0.15742053
-1.850	0.050	0.000	0.15590252
-1.750	0.050	0.000	0.15623386
-1.650	0.050	0.000	0.15703532
-1.550	0.050	0.000	0.15796749
-1.450	0.050	0.000	0.15810592
-1.350	0.050	0.000	0.15718874
-1.250	0.050	0.000	0.15507254
-1.150	0.050	0.000	0.15366523
-1.050	0.050	0.000	0.15250872
-0.950	0.050	0.000	0.15176351
-0.850	0.050	0.000	0.15219447
-0.750	0.050	0.000	0.15341493
-0.650	0.050	0.000	0.15496145
-0.550	0.050	0.000	0.15677172
-0.450	0.050	0.000	0.15882652
-0.350	0.050	0.000	0.16202269
-0.250	0.050	0.000	0.16631886
-0.150	0.050	0.000	0.17156109
-0.050	0.050	0.000	0.17755449
0.050	0.050	0.000	0.18244493
0.150	0.050	0.000	0.18650995
0.250	0.050	0.000	0.18797740
0.350	0.050	0.000	0.18780991
0.450	0.050	0.000	0.18653417
0.550	0.050	0.000	0.18517883
0.650	0.050	0.000	0.18422370
0.750	0.050	0.000	0.18446493
0.850	0.050	0.000	0.18503328
0.950	0.050	0.000	0.18594860
1.050	0.050	0.000	0.18755296
1.150	0.050	0.000	0.18959412
1.250	0.050	0.000	0.19226585
1.350	0.050	0.000	0.19541822
1.450	0.050	0.000	0.19816217
1.550	0.050	0.000	0.20017323
1.650	0.050	0.000	0.20118655
1.750	0.050	0.000	0.20157856
1.850	0.050	0.000	0.20153807
1.950	0.050	0.000	0.20161755
2.050	0.050	0.000	0.20118573
2.150	0.050	0.000	0.20149443
2.250	0.050	0.000	0.20092177
2.350	0.050	0.000	0.20179908
2.450	0.050	0.000	0.19910780
-2.450	0.150	0.000	0.16347624
-2.350	0.150	0.000	0.16660020
-2.250	0.150	0.000	0.16510107
-2.150	0.150	0.000	0.16401008
-2.050	0.150	0.000	0.16105747
-1.950	0.150	0.000	0.15913521
-1.850	0.150	0.000	0.15702529
-1.750	0.150	0.000	0.15689637
-1.650	0.150	0.000	0.15735486
-1.550	0.150	0.000	0.15867694
-1.450	0.150	0.000	0.15948664
-1.350	0.150	0.000	0.15918019
-1.250	0.150	0.000	0.15765247
-1.150	0.150	0.000	0.15612377
-1.050	0.150	0.000	0.15469958
-0.950	0.150	0.000	0.15388465
-0.850	0.150	0.000	0.15414310
-0.750	0.150	0.000	0.15529032
-0.650	0.150	0.000	0.15673047
-0.550	0.150	0.000	0.15851896
-0.450	0.150	0.000	0.16054361
-0.350	0.150	0.000	0.16342731
-0.250	0.150	0.000	0.16763139
-0.150	0.150	0.000	0.17285736
-0.050	0.150	0.000	0.17838781
0.050	0.150	0.000	0.18327266
0.150	0.150	0.000	0.18740681
0.250	0.150	0.000	0.18903504
0.350	0.150	0.000	0.18917826
0.450	0.150	0.000	0.18835609
0.550	0.150	0.000	0.18736197
0.650	0.150	0.000	0.18661320
0.750	0.150	0.000	0.18678039
0.850	0.150	0.000	0.18719721
0.950	0.150	0.000	0.18774442
1.050	0.150	0.000	0.18875352
1.150	0.150	0.000	0.19009121
1.250	0.150	0.000	0.19209538
1.350	0.150	0.000	0.19457933
1.450	0.150	0.000	0.19694968
1.550	0.150	0.000	0.19892497
1.650	0.150	0.000	0.19997928
1.750	0.150	0.000	0.20051250
1.850	0.150	0.000	0.20071472
1.950	0.150	0.000	0.20148842
2.050	0.150	0.000	0.20173857
2.150	0.150	0.000	0.20250742
2.250	0.150	0.000	0.20216574
2.350	0.150	0.000	0.20324765
2.450	0.150	0.000	0.20076194
-2.450	0.250	0.000	0.16557404
-2.350	0.250	0.000	0.16906141
-2.250	0.250	0.000	0.16771832
-2.150	0.250	0.000	0.16672868
-2.050	0.250	0.000	0.16379483
-1.950	0.250	0.000	0.16168314
-1.850	0.250	0.000	0.15926087
-1.750	0.250	0.000	0.15879571
-1.650	0.250	0.000	0.15910172
-1.550	0.250	0.000	0.16044094
-1.450	0.250	0.000	0.16151817
-1.350	0.250	0.000	0.16155855
-1.250	0.250	0.000	0.16030036
-1.150	0.250	0.000	0.15865678
-1.050	0.250	0.000	0.15713331
-0.950	0.250	0.000	0.15623586
-0.850	0.250	0.000	0.15649830
-0.750	0.250	0.000	0.15770392
-0.650	0.250	0.000	0.15934329
-0.550	0.250	0.000	0.16122268
-0.450	0.250	0.000	0.16321380
-0.350	0.250	0.000	0.16603780
-0.250	0.250	0.000	0.16989103
-0.150	0.250	0.000	0.17449893
-0.050	0.250	0.000	0.17969133
0.050	0.250	0.000	0.18421082
0.150	0.250	0.000	0.18805370
0.250	0.250	0.000	0.18975715
0.350	0.250	0.000	0.19008456
0.450	0.250	0.000	0.18953703
0.550	0.250	0.000	0.18873170
0.650	0.250	0.000	0.18837552
0.750	0.250	0.000	0.18879975
0.850	0.250	0.000	0.18929149
0.950	0.250	0.000	0.18986064
1.050	0.250	0.000	0.19046137
1.150	0.250	0.000	0.19127542
1.250	0.250	0.000	0.19266306
1.350	0.250	0.000	0.19443443
1.450	0.250	0.000	0.19617796
1.550	0.250	0.000	0.19769199
1.650	0.250	0.000	0.19867796
1.750	0.250	0.000	0.19954234
1.850	0.250	0.000	0.20011717
1.950	0.250	0.000	0.20154670
2.050	0.250	0.000	0.20247214
2.150	0.250	0.000	0.20372193
2.250	0.250	0.000	0.20373657
2.350	0.250	0.000	0.20531955
2.450	0.250	0.000	0.20281985
-2.450	0.350	0.000	0.16783656
-2.350	0.350	0.000	0.17188530
-2.250	0.350	0.000	0.17084095
-2.150	0.350	0.000	0.16984856
-2.050	0.350	0.000	0.16679221
-1.950	0.350	0.000	0.16429880
-1.850	0.350	0.000	0.16151366
-1.750	0.350	0.000	0.16074014
-1.650	0.350	0.000	0.16088200
-1.550	0.350	0.000	0.16219725
-1.450	0.350	0.000	0.16355397
-1.350	0.350	0.000	0.16393484
-1.250	0.350	0.000	0.16311181
-1.150	0.350	0.000	0.16152242
-1.050	0.350	0.000	0.15974157
-0.950	0.350	0.000	0.15849309
-0.850	0.350	0.000	0.15867877
-0.750	0.350	0.000	0.15998024
-0.650	0.350	0.000	0.16192943
-0.550	0.350	0.000	0.16411455
-0.450	0.350	0.000	0.16634789
-0.350	0.350	0.000	0.16917005
-0.250	0.350	0.000	0.17270644
-0.150	0.350	0.000	0.17687342
-0.050	0.350	0.000	0.18133610
0.050	0.350	0.000	0.18560170
0.150	0.350	0.000	0.18916248
0.250	0.350	0.000	0.19040701
0.350	0.350	0.000	0.19067414
0.450	0.350	0.000	0.19038245
0.550	0.350	0.000	0.18981421
0.650	0.350	0.000	0.18961273
0.750	0.350	0.000	0.19011278
0.850	0.350	0.000	0.19068517
0.950	0.350	0.000	0.19136010
1.050	0.350	0.000	0.19191109
1.150	0.350	0.000	0.19269145
1.250	0.350	0.000	0.19373818
1.350	0.350	0.000	0.19504641
1.450	0.350	0.000	0.19645716
1.550	0.350	0.000	0.19774713
1.650	0.350	0.000	0.19863851
1.750	0.350	0.000	0.19950715
1.850	0.350	0.000	0.20021313
1.950	0.350	0.000	0.20167729
2.050	0.350	0.000	0.20287360
2.150	0.350	0.000	0.20466310
2.250	0.350	0.000	0.20503764
2.350	0.350	0.000	0.20699054
2.450	0.350	0.000	0.20467106
-2.450	0.450	0.000	0.16998705
-2.350	0.450	0.000	0.17435119
-2.250	0.450	0.000	0.17355752
-2.150	0.450	0.000	0.17267422
-2.050	0.450	0.000	0.16975838
-1.950	0.450	0.000	0.16713046
-1.850	0.450	0.000	0.16427067
-1.750	0.450	0.000	0.16304047
-1.650	0.450	0.000	0.16292359
-1.550	0.450	0.000	0.16390091
-1.450	0.450	0.000	0.16547178
-1.350	0.450	0.000	0.16629159
-1.250	0.450	0.000	0.16585739
-1.150	0.450	0.000	0.16429849
-1.050	0.450	0.000	0.16254038
-0.950	0.450	0.000	0.16113319
-0.850	0.450	0.000	0.16087987
-0.750	0.450	0.000	0.16208543
-0.650	0.450	0.000	0.16401617
-0.550	0.450	0.000	0.16638748
-0.450	0.450	0.000	0.16889013
-0.350	0.450	0.000	0.17190954
-0.250	0.450	0.000	0.17543782
-0.150	0.450	0.000	0.17954098
-0.050	0.450	0.000	0.18393931
0.050	0.450	0.000	0.18766515
0.150	0.450	0.000	0.19072732
0.250	0.450	0.000	0.19205552
0.350	0.450	0.000	0.19231354
0.450	0.450	0.000	0.19171275
0.550	0.450	0.000	0.19063528
0.650	0.450	0.000	0.19039306
0.750	0.450	0.000	0.19088262
0.850	0.450	0.000	0.19143619
0.950	0.450	0.000	0.19230919
1.050	0.450	0.000	0.19299099
1.150	0.450	0.000	0.19398206
1.250	0.450	0.000	0.19525585
1.350	0.450	0.000	0.19655235
1.450	0.450	0.000	0.19775689
1.550	0.450	0.000	0.19859986
1.650	0.450	0.000	0.19920056
1.750	0.450	0.000	0.19975998
1.850	0.450	0.000	0.20028079
1.950	0.450	0.000	0.20161207
2.050	0.450	0.000	0.20311798
2.150	0.450	0.000	0.20550136
2.250	0.450	0.000	0.20623448
2.350	0.450	0.000	0.20823944
2.450	0.450	0.000	0.20609051
-2.450	0.550	0.000	0.17176919
-2.350	0.550	0.000	0.17651045
-2.250	0.550	0.000	0.17607550
-2.150	0.550	0.000	0.17526954
-2.050	0.550	0.000	0.17246959
-1.950	0.550	0.000	0.16974825
-1.850	0.550	0.000	0.16698755
-1.750	0.550	0.000	0.16545099
-1.650	0.550	0.000	0.16530867
-1.550	0.550	0.000	0.16619134
-1.450	0.550	0.000	0.16782987
-1.350	0.550	0.000	0.16872247
-1.250	0.550	0.000	0.16855264
-1.150	0.550	0.000	0.16705771
-1.050	0.550	0.000	0.16477445
-0.950	0.550	0.000	0.16262709
-0.850	0.550	0.000	0.16201815
-0.750	0.550	0.000	0.16304417
-0.650	0.550	0.000	0.16513884
-0.550	0.550	0.000	0.16792440
-0.450	0.550	0.000	0.17099038
-0.350	0.550	0.000	0.17454204
-0.250	0.550	0.000	0.17851450
-0.150	0.550	0.000	0.18281521
-0.050	0.550	0.000	0.18708377
0.050	0.550	0.000	0.19053635
0.150	0.550	0.000	0.19341011
0.250	0.550	0.000	0.19411750
0.350	0.550	0.000	0.19377439
0.450	0.550	0.000	0.19291222
0.550	0.550	0.000	0.19203688
0.650	0.550	0.000	0.19147806
0.750	0.550	0.000	0.19160494
0.850	0.550	0.000	0.19192630
0.950	0.550	0.000	0.19279845
1.050	0.550	0.000	0.19372986
1.150	0.550	0.000	0.19492142
1.250	0.550	0.000	0.19672151
1.350	0.550	0.000	0.19831061
1.450	0.550	0.000	0.19948469
1.550	0.550	0.000	0.20008214
1.650	0.550	0.000	0.20052665
1.750	0.550	0.000	0.20077229
1.850	0.550	0.000	0.20106268
1.950	0.550	0.000	0.20216437
2.050	0.550	0.000	0.20341846
2.150	0.550	0.000	0.20579524
2.250	0.550	0.000	0.20673227
2.350	0.550	0.000	0.20876969
2.450	0.550	0.000	0.20697032
-2.450	0.650	0.000	0.17291395
-2.350	0.650	0.000	0.17781429
-2.250	0.650	0.000	0.17765452
-2.150	0.650	0.000	0.17718267
-2.050	0.650	0.000	0.17486276
-1.950	0.650	0.000	0.17234719
-1.850	0.650	0.000	0.16970748
-1.750	0.650	0.000	0.16829920
-1.650	0.650	0.000	0.16799791
-1.550	0.650	0.000	0.16858798
-1.450	0.650	0.000	0.17006172
-1.350	0.650	0.000	0.17101319
-1.250	0.650	0.000	0.17076620
-1.150	0.650	0.000	0.16902740
-1.050	0.650	0.000	0.16643098
-0.950	0.650	0.000	0.16387902
-0.850	0.650	0.000	0.16276845
-0.750	0.650	0.000	0.16355133
-0.650	0.650	0.000	0.16566941
-0.550	0.650	0.000	0.16880637
-0.450	0.650	0.000	0.17245810
-0.350	0.650	0.000	0.17665473
-0.250	0.650	0.000	0.18114190
-0.150	0.650	0.000	0.18574981
-0.050	0.650	0.000	0.19023485
0.050	0.650	0.000	0.19385840
0.150	0.650	0.000	0.19669195
0.250	0.650	0.000	0.19728152
0.350	0.650	0.000	0.19663507
0.450	0.650	0.000	0.19525222
0.550	0.650	0.000	0.19364527
0.650	0.650	0.000	0.19248363
0.750	0.650	0.000	0.19238862
0.850	0.650	0.000	0.19266151
0.950	0.650	0.000	0.19373104
1.050	0.650	0.000	0.19497631
1.150	0.650	0.000	0.19603714
1.250	0.650	0.000	0.19774516
1.350	0.650	0.000	0.19954960
1.450	0.650	0.000	0.20105535
1.550	0.650	0.000	0.20175852
1.650	0.650	0.000	0.20190522
1.750	0.650	0.000	0.20140226
1.850	0.650	0.000	0.20093893
1.950	0.650	0.000	0.20164657
2.050	0.650	0.000	0.20257963
2.150	0.650	0.000	0.20497720
2.250	0.650	0.000	0.20632346
2.350	0.650	0.000	0.20864944
2.450	0.650	0.000	0.20728850
-2.450	0.750	0.000	0.17403315
-2.350	0.750	0.000	0.17913751
-2.250	0.750	0.000	0.17921300
-2.150	0.750	0.000	0.17893089
-2.050	0.750	0.000	0.17694622
-1.950	0.750	0.000	0.17476906
-1.850	0.750	0.000	0.17260316
-1.750	0.750	0.000	0.17147167
-1.650	0.750	0.000	0.17098401
-1.550	0.750	0.000	0.17134848
-1.450	0.750	0.000	0.17245455
-1.350	0.750	0.000	0.17329168
-1.250	0.750	0.000	0.17287971
-1.150	0.750	0.000	0.17098081
-1.050	0.750	0.000	0.16807640
-0.950	0.750	0.000	0.16497049
-0.850	0.750	0.000	0.16336811
-0.750	0.750	0.000	0.16380498
-0.650	0.750	0.000	0.16590707
-0.550	0.750	0.000	0.16938457
-0.450	0.750	0.000	0.17355463
-0.350	0.750	0.000	0.17830352
-0.250	0.750	0.000	0.18322876
-0.150	0.750	0.000	0.18816219
-0.050	0.750	0.000	0.19284244
0.050	0.750	0.000	0.19669117
0.150	0.750	0.000	0.19946599
0.250	0.750	0.000	0.19997308
0.350	0.750	0.000	0.19917375
0.450	0.750	0.000	0.19748437
0.550	0.750	0.000	0.19568869
0.650	0.750	0.000	0.19411784
0.750	0.750	0.000	0.19356270
0.850	0.750	0.000	0.19357622
0.950	0.750	0.000	0.19428723
1.050	0.750	0.000	0.19563867
1.150	0.750	0.000	0.19760627
1.250	0.750	0.000	0.19967707
1.350	0.750	0.000	0.20171008
1.450	0.750	0.000	0.20277435
1.550	0.750	0.000	0.20286383
1.650	0.750	0.000	0.20241064
1.750	0.750	0.000	0.20161702
1.850	0.750	0.000	0.20081557
1.950	0.750	0.000	0.20132798
2.050	0.750	0.000	0.20211823
2.150	0.750	0.000	0.20447776
2.250	0.750	0.000	0.20612927
2.350	0.750	0.000	0.20867185
2.450	0.750	0.000	0.20786895
-2.450	0.850	0.000	0.17458016
-2.350	0.850	0.000	0.17977059
-2.250	0.850	0.000	0.17999034
-2.150	0.850	0.000	0.17994410
-2.050	0.850	0.000	0.17860095
-1.950	0.850	0.000	0.17706504
-1.850	0.850	0.000	0.17541508
-1.750	0.850	0.000	0.17456613
-1.650	0.850	0.000	0.17402893
-1.550	0.850	0.000	0.17412834
-1.450	0.850	0.000	0.17496799
-1.350	0.850	0.000	0.17580114
-1.250	0.850	0.000	0.17524147
-1.150	0.850	0.000	0.17302947
-1.050	0.850	0.000	0.16970767
-0.950	0.850	0.000	0.16591801
-0.850	0.850	0.000	0.16379623
-0.750	0.850	0.000	0.16402273
-0.650	0.850	0.000	0.16605416
-0.550	0.850	0.000	0.16974454
-0.450	0.850	0.000	0.17428106
-0.350	0.850	0.000	0.17942870
-0.250	0.850	0.000	0.18479314
-0.150	0.850	0.000	0.19000429
-0.050	0.850	0.000	0.19491054
0.050	0.850	0.000	0.19878288
0.150	0.850	0.000	0.20167527
0.250	0.850	0.000	0.20238878
0.350	0.850	0.000	0.20169455
0.450	0.850	0.000	0.19992940
0.550	0.850	0.000	0.19801953
0.650	0.850	0.000	0.19622436
0.750	0.850	0.000	0.19560617
0.850	0.850	0.000	0.19571137
0.950	0.850	0.000	0.19643086
1.050	0.850	0.000	0.19757582
1.150	0.850	0.000	0.19894227
1.250	0.850	0.000	0.20053262
1.350	0.850	0.000	0.20200950
1.450	0.850	0.000	0.20304358
1.550	0.850	0.000	0.20322001
1.650	0.850	0.000	0.20288464
1.750	0.850	0.000	0.20225309
1.850	0.850	0.000	0.20149973
1.950	0.850	0.000	0.20186237
2.050	0.850	0.000	0.20239434
2.150	0.850	0.000	0.20448534
2.250	0.850	0.000	0.20614715
2.350	0.850	0.000	0.20874061
2.450	0.850	0.000	0.20836408
-2.450	0.950	0.000	0.17507590
-2.350	0.950	0.000	0.18048382
-2.250	0.950	0.000	0.18089585
-2.150	0.950	0.000	0.18113533
-2.050	0.950	0.000	0.18043463
-1.950	0.950	0.000	0.17945202
-1.850	0.950	0.000	0.17824639
-1.750	0.950	0.000	0.17749044
-1.650	0.950	0.000	0.17673916
-1.550	0.950	0.000	0.17665900
-1.450	0.950	0.000	0.17747955
-1.350	0.950	0.000	0.17810655
-1.250	0.950	0.000	0.17750664
-1.150	0.950	0.000	0.17522472
-1.050	0.950	0.000	0.17178467
-0.950	0.950	0.000	0.16773508
-0.850	0.950	0.000	0.16522333
-0.750	0.950	0.000	0.16472846
-0.650	0.950	0.000	0.16649552
-0.550	0.950	0.000	0.17026606
-0.450	0.950	0.000	0.17502244
-0.350	0.950	0.000	0.18036655
-0.250	0.950	0.000	0.18583357
-0.150	0.950	0.000	0.19098052
-0.050	0.950	0.000	0.19576250
0.050	0.950	0.000	0.19968577
0.150	0.950	0.000	0.20280086
0.250	0.950	0.000	0.20374477
0.350	0.950	0.000	0.20318095
0.450	0.950	0.000	0.20142683
0.550	0.950	0.000	0.19962795
0.650	0.950	0.000	0.19804370
0.750	0.950	0.000	0.19755973
0.850	0.950	0.000	0.19782043
0.950	0.950	0.000	0.19858283
1.050	0.950	0.000	0.19972950
1.150	0.950	0.000	0.20099269
1.250	0.950	0.000	0.20218873
1.350	0.950	0.000	0.20323500
1.450	0.950	0.000	0.20399690
1.550	0.950	0.000	0.20390831
1.650	0.950	0.000	0.20351957
1.750	0.950	0.000	0.20307921
1.850	0.950	0.000	0.20237391
1.950	0.950	0.000	0.20270464
2.050	0.950	0.000	0.20309044
2.150	0.950	0.000	0.20493402
2.250	0.950	0.000	0.20661038
2.350	0.950	0.000	0.20958424
2.450	0.950	0.000	0.20964451
-2.450	1.050	0.000	0.17549993
-2.350	1.050	0.000	0.18118595
-2.250	1.050	0.000	0.18194138
-2.150	1.050	0.000	0.18246779
-2.050	1.050	0.000	0.18215501
-1.950	1.050	0.000	0.18156414
-1.850	1.050	0.000	0.18051846
-1.750	1.050	0.000	0.17961031
-1.650	1.050	0.000	0.17889002
-1.550	1.050	0.000	0.17888482
-1.450	1.050	0.000	0.17977028
-1.350	1.050	0.000	0.18048236
-1.250	1.050	0.000	0.18001120
-1.150	1.050	0.000	0.17775118
-1.050	1.050	0.000	0.17426030
-0.950	1.050	0.000	0.16997689
-0.850	1.050	0.000	0.16705513
-0.750	1.050	0.000	0.16597541
-0.650	1.050	0.000	0.16742958
-0.550	1.050	0.000	0.17098583
-0.450	1.050	0.000	0.17575075
-0.350	1.050	0.000	0.18112110
-0.250	1.050	0.000	0.18657385
-0.150	1.050	0.000	0.19156051
-0.050	1.050	0.000	0.19614129
0.050	1.050	0.000	0.19997610
0.150	1.050	0.000	0.20300682
0.250	1.050	0.000	0.20409951
0.350	1.050	0.000	0.20372464
0.450	1.050	0.000	0.20228595
0.550	1.050	0.000	0.20078078
0.650	1.050	0.000	0.19935308
0.750	1.050	0.000	0.19906549
0.850	1.050	0.000	0.19953546
0.950	1.050	0.000	0.20045917
1.050	1.050	0.000	0.20167147
1.150	1.050	0.000	0.20278077
1.250	1.050	0.000	0.20358144
1.350	1.050	0.000	0.20417747
1.450	1.050	0.000	0.20441030
1.550	1.050	0.000	0.20415099
1.650	1.050	0.000	0.20382844
1.750	1.050	0.000	0.20362139
1.850	1.050	0.000	0.20323025
1.950	1.050	0.000	0.20367832
2.050	1.050	0.000	0.20432813
2.150	1.050	0.000	0.20659471
2.250	1.050	0.000	0.20824161
2.350	1.050	0.000	0.21089633
2.450	1.050	0.000	0.21104436
-2.450	1.150	0.000	0.17574175
-2.350	1.150	0.000	0.18172485
-2.250	1.150	0.000	0.18321423
-2.150	1.150	0.000	0.18396562
-2.050	1.150	0.000	0.18397118
-1.950	1.150	0.000	0.18346079
-1.850	1.150	0.000	0.18232754
-1.750	1.150	0.000	0.18136765
-1.650	1.150	0.000	0.18071698
-1.550	1.150	0.000	0.18094432
-1.450	1.150	0.000	0.18181142
-1.350	1.150	0.000	0.18229870
-1.250	1.150	0.000	0.18185587
-1.150	1.150	0.000	0.17984159
-1.050	1.150	0.000	0.17672022
-0.950	1.150	0.000	0.17285870
-0.850	1.150	0.000	0.16996975
-0.750	1.150	0.000	0.16819850
-0.650	1.150	0.000	0.16907865
-0.550	1.150	0.000	0.17219664
-0.450	1.150	0.000	0.17672868
-0.350	1.150	0.000	0.18188898
-0.250	1.150	0.000	0.18708667
-0.150	1.150	0.000	0.19177961
-0.050	1.150	0.000	0.19590198
0.050	1.150	0.000	0.19947669
0.150	1.150	0.000	0.20233494
0.250	1.150	0.000	0.20350435
0.350	1.150	0.000	0.20334984
0.450	1.150	0.000	0.20222491
0.550	1.150	0.000	0.20091678
0.650	1.150	0.000	0.19980365
0.750	1.150	0.000	0.19997549
0.850	1.150	0.000	0.20079815
0.950	1.150	0.000	0.20207122
1.050	1.150	0.000	0.20360224
1.150	1.150	0.000	0.20490798
1.250	1.150	0.000	0.20568980
1.350	1.150	0.000	0.20608442
1.450	1.150	0.000	0.20614260
1.550	1.150	0.000	0.20578241
1.650	1.150	0.000	0.20539135
1.750	1.150	0.000	0.20507641
1.850	1.150	0.000	0.20491928
1.950	1.150	0.000	0.20548764
2.050	1.150	0.000	0.20603125
2.150	1.150	0.000	0.20808595
2.250	1.150	0.000	0.20975780
2.350	1.150	0.000	0.21258405
2.450	1.150	0.000	0.21295869
-2.450	1.250	0.000	0.17645544
-2.350	1.250	0.000	0.18256460
-2.250	1.250	0.000	0.18490630
-2.150	1.250	0.000	0.18584856
-2.050	1.250	0.000	0.18578652
-1.950	1.250	0.000	0.18518759
-1.850	1.250	0.000	0.18405528
-1.750	1.250	0.000	0.18315180
-1.650	1.250	0.000	0.18270151
-1.550	1.250	0.000	0.18288881
-1.450	1.250	0.000	0.18347533
-1.350	1.250	0.000	0.18371619
-1.250	1.250	0.000	0.18322076
-1.150	1.250	0.000	0.18157797
-1.050	1.250	0.000	0.17901896
-0.950	1.250	0.000	0.17575385
-0.850	1.250	0.000	0.17295660
-0.750	1.250	0.000	0.17080075
-0.650	1.250	0.000	0.17118232
-0.550	1.250	0.000	0.17386782
-0.450	1.250	0.000	0.17800578
-0.350	1.250	0.000	0.18281457
-0.250	1.250	0.000	0.18767731
-0.150	1.250	0.000	0.19201450
-0.050	1.250	0.000	0.19559161
0.050	1.250	0.000	0.19874078
0.150	1.250	0.000	0.20125122
0.250	1.250	0.000	0.20228489
0.350	1.250	0.000	0.20220877
0.450	1.250	0.000	0.20147379
0.550	1.250	0.000	0.20056003
0.650	1.250	0.000	0.20005256
0.750	1.250	0.000	0.20067896
0.850	1.250	0.000	0.20177868
0.950	1.250	0.000	0.20326084
1.050	1.250	0.000	0.20499696
1.150	1.250	0.000	0.20640180
1.250	1.250	0.000	0.20734860
1.350	1.250	0.000	0.20779805
1.450	1.250	0.000	0.20776616
1.550	1.250	0.000	0.20751862
1.650	1.250	0.000	0.20726728
1.750	1.250	0.000	0.20711881
1.850	1.250	0.000	0.20697142
1.950	1.250	0.000	0.20737717
2.050	1.250	0.000	0.20784125
2.150	1.250	0.000	0.20992690
2.250	1.250	0.000	0.21152082
2.350	1.250	0.000	0.21418288
2.450	1.250	0.000	0.21467143
-2.450	1.350	0.000	0.17673866
-2.350	1.350	0.000	0.18325534
-2.250	1.350	0.000	0.18598206
-2.150	1.350	0.000	0.18737568
-2.050	1.350	0.000	0.18762036
-1.950	1.350	0.000	0.18735567
-1.850	1.350	0.000	0.18636478
-1.750	1.350	0.000	0.18557978
-1.650	1.350	0.000	0.18528745
-1.550	1.350	0.000	0.18533152
-1.450	1.350	0.000	0.18541349
-1.350	1.350	0.000	0.18505675
-1.250	1.350	0.000	0.18428728
-1.150	1.350	0.000	0.18294865
-1.050	1.350	0.000	0.18097949
-0.950	1.350	0.000	0.17837825
-0.850	1.350	0.000	0.17571451
-0.750	1.350	0.000	0.17340943
-0.650	1.350	0.000	0.17339554
-0.550	1.350	0.000	0.17560823
-0.450	1.350	0.000	0.17936735
-0.350	1.350	0.000	0.18378370
-0.250	1.350	0.000	0.18823184
-0.150	1.350	0.000	0.19217372
-0.050	1.350	0.000	0.19524924
0.050	1.350	0.000	0.19804353
0.150	1.350	0.000	0.20027487
0.250	1.350	0.000	0.20119464
0.350	1.350	0.000	0.20125945
0.450	1.350	0.000	0.20084311
0.550	1.350	0.000	0.20024757
0.650	1.350	0.000	0.20017333
0.750	1.350	0.000	0.20104480
0.850	1.350	0.000	0.20227963
0.950	1.350	0.000	0.20389307
1.050	1.350	0.000	0.20586452
1.150	1.350	0.000	0.20765842
1.250	1.350	0.000	0.20908456
1.350	1.350	0.000	0.20989928
1.450	1.350	0.000	0.21012013
1.550	1.350	0.000	0.20996366
1.650	1.350	0.000	0.20962973
1.750	1.350	0.000	0.20940244
1.850	1.350	0.000	0.20934902
1.950	1.350	0.000	0.20986791
2.050	1.350	0.000	0.21023756
2.150	1.350	0.000	0.21206844
2.250	1.350	0.000	0.21347299
2.350	1.350	0.000	0.21593757
2.450	1.350	0.000	0.21635817
-2.450	1.450	0.000	0.17868632
-2.350	1.450	0.000	0.18506820
-2.250	1.450	0.000	0.18818566
-2.150	1.450	0.000	0.19008586
-2.050	1.450	0.000	0.19045366
-1.950	1.450	0.000	0.19043162
-1.850	1.450	0.000	0.18975045
-1.750	1.450	0.000	0.18923140
-1.650	1.450	0.000	0.18891661
-1.550	1.450	0.000	0.18856539
-1.450	1.450	0.000	0.18796250
-1.350	1.450	0.000	0.18694456
-1.250	1.450	0.000	0.18577905
-1.150	1.450	0.000	0.18441340
-1.050	1.450	0.000	0.18264678
-0.950	1.450	0.000	0.18050085
-0.850	1.450	0.000	0.17800410
-0.750	1.450	0.000	0.17591596
-0.650	1.450	0.000	0.17575358
-0.550	1.450	0.000	0.17757756
-0.450	1.450	0.000	0.18088579
-0.350	1.450	0.000	0.18481408
-0.250	1.450	0.000	0.18885116
-0.150	1.450	0.000	0.19248436
-0.050	1.450	0.000	0.19519217
0.050	1.450	0.000	0.19771248
0.150	1.450	0.000	0.19970553
0.250	1.450	0.000	0.20053214
0.350	1.450	0.000	0.20072107
0.450	1.450	0.000	0.20054525
0.550	1.450	0.000	0.20027459
0.650	1.450	0.000	0.20060287
0.750	1.450	0.000	0.20160389
0.850	1.450	0.000	0.20282888
0.950	1.450	0.000	0.20438677
1.050	1.450	0.000	0.20630236
1.150	1.450	0.000	0.20810026
1.250	1.450	0.000	0.20967132
1.350	1.450	0.000	0.21077763
1.450	1.450	0.000	0.21132770
1.550	1.450	0.000	0.21147232
1.650	1.450	0.000	0.21150814
1.750	1.450	0.000	0.21168363
1.850	1.450	0.000	0.21178192
1.950	1.450	0.000	0.21226075
2.050	1.450	0.000	0.21256486
2.150	1.450	0.000	0.21420319
2.250	1.450	0.000	0.21543127
2.350	1.450	0.000	0.21778047
2.450	1.450	0.000	0.21813276
-2.450	1.550	0.000	0.18128982
-2.350	1.550	0.000	0.18711843
-2.250	1.550	0.000	0.19028834
-2.150	1.550	0.000	0.19255397
-2.050	1.550	0.000	0.19365144
-1.950	1.550	0.000	0.19432378
-1.850	1.550	0.000	0.19416076
-1.750	1.550	0.000	0.19373102
-1.650	1.550	0.000	0.19325931
-1.550	1.550	0.000	0.19262831
-1.450	1.550	0.000	0.19165231
-1.350	1.550	0.000	0.19029973
-1.250	1.550	0.000	0.18876325
-1.150	1.550	0.000	0.18703274
-1.050	1.550	0.000	0.18517672
-0.950	1.550	0.000	0.18311146
-0.850	1.550	0.000	0.18062787
-0.750	1.550	0.000	0.17871207
-0.650	1.550	0.000	0.17843442
-0.550	1.550	0.000	0.17990635
-0.450	1.550	0.000	0.18268210
-0.350	1.550	0.000	0.18613319
-0.250	1.550	0.000	0.18974860
-0.150	1.550	0.000	0.19311242
-0.050	1.550	0.000	0.19569059
0.050	1.550	0.000	0.19813003
0.150	1.550	0.000	0.20010313
0.250	1.550	0.000	0.20092155
0.350	1.550	0.000	0.20123212
0.450	1.550	0.000	0.20122789
0.550	1.550	0.000	0.20117415
0.650	1.550	0.000	0.20155521
0.750	1.550	0.000	0.20242359
0.850	1.550	0.000	0.20347516
0.950	1.550	0.000	0.20491138
1.050	1.550	0.000	0.20678915
1.150	1.550	0.000	0.20874858
1.250	1.550	0.000	0.21061477
1.350	1.550	0.000	0.21210323
1.450	1.550	0.000	0.21303992
1.550	1.550	0.000	0.21345554
1.650	1.550	0.000	0.21362667
1.750	1.550	0.000	0.21382315
1.850	1.550	0.000	0.21387793
1.950	1.550	0.000	0.21436055
2.050	1.550	0.000	0.21471019
2.150	1.550	0.000	0.21637516
2.250	1.550	0.000	0.21765545
2.350	1.550	0.000	0.22016723
2.450	1.550	0.000	0.22032644
-2.450	1.650	0.000	0.18425554
-2.350	1.650	0.000	0.18925443
-2.250	1.650	0.000	0.19220170
-2.150	1.650	0.000	0.19507703
-2.050	1.650	0.000	0.19696420
-1.950	1.650	0.000	0.19824152
-1.850	1.650	0.000	0.19873396
-1.750	1.650	0.000	0.19839612
-1.650	1.650	0.000	0.19792171
-1.550	1.650	0.000	0.19726041
-1.450	1.650	0.000	0.19634944
-1.350	1.650	0.000	0.19507115
-1.250	1.650	0.000	0.19340259
-1.150	1.650	0.000	0.19135936
-1.050	1.650	0.000	0.18921311
-0.950	1.650	0.000	0.18698616
-0.850	1.650	0.000	0.18455154
-0.750	1.650	0.000	0.18289688
-0.650	1.650	0.000	0.18250184
-0.550	1.650	0.000	0.18359929
-0.450	1.650	0.000	0.18576592
-0.350	1.650	0.000	0.18874045
-0.250	1.650	0.000	0.19204293
-0.150	1.650	0.000	0.19535030
-0.050	1.650	0.000	0.19784862
0.050	1.650	0.000	0.20009783
0.150	1.650	0.000	0.20164236
0.250	1.650	0.000	0.20225900
0.350	1.650	0.000	0.20255435
0.450	1.650	0.000	0.20254803
0.550	1.650	0.000	0.20248446
0.650	1.650	0.000	0.20276539
0.750	1.650	0.000	0.20347798
0.850	1.650	0.000	0.20442088
0.950	1.650	0.000	0.20585835
1.050	1.650	0.000	0.20770191
1.150	1.650	0.000	0.20970634
1.250	1.650	0.000	0.21165913
1.350	1.650	0.000	0.21333227
1.450	1.650	0.000	0.21454136
1.550	1.650	0.000	0.21516922
1.650	1.650	0.000	0.21554136
1.750	1.650	0.000	0.21585476
1.850	1.650	0.000	0.21584815
1.950	1.650	0.000	0.21613073
2.050	1.650	0.000	0.21634251
2.150	1.650	0.000	0.21790421
2.250	1.650	0.000	0.21914528
2.350	1.650	0.000	0.22162203
2.450	1.650	0.000	0.22186790
-2.450	1.750	0.000	0.18644352
-2.350	1.750	0.000	0.19060335
-2.250	1.750	0.000	0.19318488
-2.150	1.750	0.000	0.19675526
-2.050	1.750	0.000	0.19940375
-1.950	1.750	0.000	0.20124258
-1.850	1.750	0.000	0.20239764
-1.750	1.750	0.000	0.20238298
-1.650	1.750	0.000	0.20225953
-1.550	1.750	0.000	0.20194685
-1.450	1.750	0.000	0.20153260
-1.350	1.750	0.000	0.20070738
-1.250	1.750	0.000	0.19934821
-1.150	1.750	0.000	0.19735821
-1.050	1.750	0.000	0.19513303
-0.950	1.750	0.000	0.19282222
-0.850	1.750	0.000	0.19053932
-0.750	1.750	0.000	0.18906476
-0.650	1.750	0.000	0.18850230
-0.550	1.750	0.000	0.18917303
-0.450	1.750	0.000	0.19076298
-0.350	1.750	0.000	0.19316196
-0.250	1.750	0.000	0.19605114
-0.150	1.750	0.000	0.19903685
-0.050	1.750	0.000	0.20140517
0.050	1.750	0.000	0.20364799
0.150	1.750	0.000	0.20507698
0.250	1.750	0.000	0.20558049
0.350	1.750	0.000	0.20550436
0.450	1.750	0.000	0.20508614
0.550	1.750	0.000	0.20469198
0.650	1.750	0.000	0.20451362
0.750	1.750	0.000	0.20480782
0.850	1.750	0.000	0.20549639
0.950	1.750	0.000	0.20691992
1.050	1.750	0.000	0.20888914
1.150	1.750	0.000	0.21102227
1.250	1.750	0.000	0.21301866
1.350	1.750	0.000	0.21468598
1.450	1.750	0.000	0.21586281
1.550	1.750	0.000	0.21661097
1.650	1.750	0.000	0.21707891
1.750	1.750	0.000	0.21762869
1.850	1.750	0.000	0.21783659
1.950	1.750	0.000	0.21830899
2.050	1.750	0.000	0.21865125
2.150	1.750	0.000	0.22019449
2.250	1.750	0.000	0.22138031
2.350	1.750	0.000	0.22356802
2.450	1.750	0.000	0.22351485
-2.450	1.850	0.000	0.18808410
-2.350	1.850	0.000	0.19148993
-2.250	1.850	0.000	0.19351813
-2.150	1.850	0.000	0.19767705
-2.050	1.850	0.000	0.20095412
-1.950	1.850	0.000	0.20331497
-1.850	1.850	0.000	0.20506804
-1.750	1.850	0.000	0.20567924
-1.650	1.850	0.000	0.20599817
-1.550	1.850	0.000	0.20613232
-1.450	1.850	0.000	0.20619132
-1.350	1.850	0.000	0.20579833
-1.250	1.850	0.000	0.20478772
-1.150	1.850	0.000	0.20314156
-1.050	1.850	0.000	0.20126033
-0.950	1.850	0.000	0.19923839
-0.850	1.850	0.000	0.19736128
-0.750	1.850	0.000	0.19602300
-0.650	1.850	0.000	0.19535594
-0.550	1.850	0.000	0.19557305
-0.450	1.850	0.000	0.19656840
-0.350	1.850	0.000	0.19834091
-0.250	1.850	0.000	0.20076329
-0.150	1.850	0.000	0.20337914
-0.050	1.850	0.000	0.20571968
0.050	1.850	0.000	0.20784070
0.150	1.850	0.000	0.20883134
0.250	1.850	0.000	0.20905055
0.350	1.850	0.000	0.20849694
0.450	1.850	0.000	0.20760682
0.550	1.850	0.000	0.20671880
0.650	1.850	0.000	0.20601673
0.750	1.850	0.000	0.20589954
0.850	1.850	0.000	0.20628643
0.950	1.850	0.000	0.20748623
1.050	1.850	0.000	0.20936567
1.150	1.850	0.000	0.21147229
1.250	1.850	0.000	0.21346664
1.350	1.850	0.000	0.21514525
1.450	1.850	0.000	0.21644047
1.550	1.850	0.000	0.21754427
1.650	1.850	0.000	0.21853973
1.750	1.850	0.000	0.21973571
1.850	1.850	0.000	0.22052069
1.950	1.850	0.000	0.22149003
2.050	1.850	0.000	0.22205304
2.150	1.850	0.000	0.22362641
2.250	1.850	0.000	0.22475800
2.350	1.850	0.000	0.22655746
2.450	1.850	0.000	0.22601943
-2.450	1.950	0.000	0.18946710
-2.350	1.950	0.000	0.19289610
-2.250	1.950	0.000	0.19404338
-2.150	1.950	0.000	0.19803159
-2.050	1.950	0.000	0.20157780
-1.950	1.950	0.000	0.20440267
-1.850	1.950	0.000	0.20685638
-1.750	1.950	0.000	0.20842938
-1.650	1.950	0.000	0.20941119
-1.550	1.950	0.000	0.20986740
-1.450	1.950	0.000	0.20994861
-1.350	1.950	0.000	0.20952834
-1.250	1.950	0.000	0.20853308
-1.150	1.950	0.000	0.20706755
-1.050	1.950	0.000	0.20547196
-0.950	1.950	0.000	0.20371629
-0.850	1.950	0.000	0.20209068
-0.750	1.950	0.000	0.20070352
-0.650	1.950	0.000	0.19995968
-0.550	1.950	0.000	0.19975632
-0.450	1.950	0.000	0.20019090
-0.350	1.950	0.000	0.20145795
-0.250	1.950	0.000	0.20343639
-0.150	1.950	0.000	0.20580395
-0.050	1.950	0.000	0.20818335
0.050	1.950	0.000	0.21034560
0.150	1.950	0.000	0.21123388
0.250	1.950	0.000	0.21132849
0.350	1.950	0.000	0.21053082
0.450	1.950	0.000	0.20933521
0.550	1.950	0.000	0.20816353
0.650	1.950	0.000	0.20719622
0.750	1.950	0.000	0.20678483
0.850	1.950	0.000	0.20693286
0.950	1.950	0.000	0.20789872
1.050	1.950	0.000	0.20959039
1.150	1.950	0.000	0.21153620
1.250	1.950	0.000	0.21341845
1.350	1.950	0.000	0.21508643
1.450	1.950	0.000	0.21647497
1.550	1.950	0.000	0.21785589
1.650	1.950	0.000	0.21930695
1.750	1.950	0.000	0.22105566
1.850	1.950	0.000	0.22249936
1.950	1.950	0.000	0.22403508
2.050	1.950	0.000	0.22482932
2.150	1.950	0.000	0.22646625
2.250	1.950	0.000	0.22742297
2.350	1.950	0.000	0.22892934
2.450	1.950	0.000	0.22811438
-2.450	2.050	0.000	0.19091569
-2.350	2.050	0.000	0.19449538
-2.250	2.050	0.000	0.19424550
-2.150	2.050	0.000	0.19728085
-2.050	2.050	0.000	0.20055687
-1.950	2.050	0.000	0.20338863
-1.850	2.050	0.000	0.20634849
-1.750	2.050	0.000	0.20874260
-1.650	2.050	0.000	0.21040723
-1.550	2.050	0.000	0.21131694
-1.450	2.050	0.000	0.21153072
-1.350	2.050	0.000	0.21107085
-1.250	2.050	0.000	0.20999542
-1.150	2.050	0.000	0.20848581
-1.050	2.050	0.000	0.20683709
-0.950	2.050	0.000	0.20510185
-0.850	2.050	0.000	0.20358098
-0.750	2.050	0.000	0.20235254
-0.650	2.050	0.000	0.20176312
-0.550	2.050	0.000	0.20143710
-0.450	2.050	0.000	0.20158195
-0.350	2.050	0.000	0.20251885
-0.250	2.050	0.000	0.20426510
-0.150	2.050	0.000	0.20642893
-0.050	2.050	0.000	0.20884396
0.050	2.050	0.000	0.21108724
0.150	2.050	0.000	0.21190031
0.250	2.050	0.000	0.21191519
0.350	2.050	0.000	0.21101804
0.450	2.050	0.000	0.20974024
0.550	2.050	0.000	0.20849706
0.650	2.050	0.000	0.20745745
0.750	2.050	0.000	0.20695618
0.850	2.050	0.000	0.20698738
0.950	2.050	0.000	0.20784833
1.050	2.050	0.000	0.20943968
1.150	2.050	0.000	0.21131170
1.250	2.050	0.000	0.21314445
1.350	2.050	0.000	0.21482973
1.450	2.050	0.000	0.21634202
1.550	2.050	0.000	0.21791866
1.650	2.050	0.000	0.21955898
1.750	2.050	0.000	0.22144820
1.850	2.050	0.000	0.22299768
1.950	2.050	0.000	0.22466557
2.050	2.050	0.000	0.22558521
2.150	2.050	0.000	0.22736828
2.250	2.050	0.000	0.22838293
2.350	2.050	0.000	0.22983140
2.450	2.050	0.000	0.22898881
-2.450	2.150	0.000	0.19102690
-2.350	2.150	0.000	0.19521634
-2.250	2.150	0.000	0.19448437
-2.150	2.150	0.000	0.19709069
-2.050	2.150	0.000	0.19982578
-1.950	2.150	0.000	0.20214801
-1.850	2.150	0.000	0.20509551
-1.750	2.150	0.000	0.20775278
-1.650	2.150	0.000	0.20974667
-1.550	2.150	0.000	0.21097790
-1.450	2.150	0.000	0.21141434
-1.350	2.150	0.000	0.21098541
-1.250	2.150	0.000	0.20987426
-1.150	2.150	0.000	0.20824279
-1.050	2.150	0.000	0.20648038
-0.950	2.150	0.000	0.20484656
-0.850	2.150	0.000	0.20352893
-0.750	2.150	0.000	0.20255460
-0.650	2.150	0.000	0.20219910
-0.550	2.150	0.000	0.20193997
-0.450	2.150	0.000	0.20209873
-0.350	2.150	0.000	0.20305493
-0.250	2.150	0.000	0.20477509
-0.150	2.150	0.000	0.20680900
-0.050	2.150	0.000	0.20911036
0.050	2.150	0.000	0.21133435
0.150	2.150	0.000	0.21221900
0.250	2.150	0.000	0.21232608
0.350	2.150	0.000	0.21144292
0.450	2.150	0.000	0.21009433
0.550	2.150	0.000	0.20877822
0.650	2.150	0.000	0.20764497
0.750	2.150	0.000	0.20711158
0.850	2.150	0.000	0.20709479
0.950	2.150	0.000	0.20792471
1.050	2.150	0.000	0.20936464
1.150	2.150	0.000	0.21105483
1.250	2.150	0.000	0.21271135
1.350	2.150	0.000	0.21425660
1.450	2.150	0.000	0.21569620
1.550	2.150	0.000	0.21722305
1.650	2.150	0.000	0.21873672
1.750	2.150	0.000	0.22041081
1.850	2.150	0.000	0.22184166
1.950	2.150	0.000	0.22352429
2.050	2.150	0.000	0.22459124
2.150	2.150	0.000	0.22676283
2.250	2.150	0.000	0.22814809
2.350	2.150	0.000	0.22984649
2.450	2.150	0.000	0.22906736
-2.450	2.250	0.000	0.18545820
-2.350	2.250	0.000	0.19043863
-2.250	2.250	0.000	0.18919550
-2.150	2.250	0.000	0.19066663
-2.050	2.250	0.000	0.19287440
-1.950	2.250	0.000	0.19545080
-1.850	2.250	0.000	0.19898848
-1.750	2.250	0.000	0.20236541
-1.650	2.250	0.000	0.20526858
-1.550	2.250	0.000	0.20748863
-1.450	2.250	0.000	0.20862940
-1.350	2.250	0.000	0.20884317
-1.250	2.250	0.000	0.20823418
-1.150	2.250	0.000	0.20694570
-1.050	2.250	0.000	0.20527738
-0.950	2.250	0.000	0.20337947
-0.850	2.250	0.000	0.20181632
-0.750	2.250	0.000	0.20080931
-0.650	2.250	0.000	0.20056717
-0.550	2.250	0.000	0.20078698
-0.450	2.250	0.000	0.20123886
-0.350	2.250	0.000	0.20245501
-0.250	2.250	0.000	0.20446500
-0.150	2.250	0.000	0.20665170
-0.050	2.250	0.000	0.20893332
0.050	2.250	0.000	0.21111627
0.150	2.250	0.000	0.21203005
0.250	2.250	0.000	0.21221133
0.350	2.250	0.000	0.21137941
0.450	2.250	0.000	0.21009465
0.550	2.250	0.000	0.20883976
0.650	2.250	0.000	0.20790268
0.750	2.250	0.000	0.20757644
0.850	2.250	0.000	0.20780455
0.950	2.250	0.000	0.20880586
1.050	2.250	0.000	0.21019331
1.150	2.250	0.000	0.21159925
1.250	2.250	0.000	0.21281761
1.350	2.250	0.000	0.21391146
1.450	2.250	0.000	0.21501687
1.550	2.250	0.000	0.21636702
1.650	2.250	0.000	0.21778315
1.750	2.250	0.000	0.21930678
1.850	2.250	0.000	0.22049601
1.950	2.250	0.000	0.22198199
2.050	2.250	0.000	0.22299440
2.150	2.250	0.000	0.22501053
2.250	2.250	0.000	0.22642760
2.350	2.250	0.000	0.22824205
2.450	2.250	0.000	0.22762677
-2.450	2.350	0.000	0.18043363
-2.350	2.350	0.000	0.18778583
-2.250	2.350	0.000	0.18730056
-2.150	2.350	0.000	0.18816663
-2.050	2.350	0.000	0.19010752
-1.950	2.350	0.000	0.19208755
-1.850	2.350	0.000	0.19488582
-1.750	2.350	0.000	0.19849004
-1.650	2.350	0.000	0.20217313
-1.550	2.350	0.000	0.20534863
-1.450	2.350	0.000	0.20758441
-1.350	2.350	0.000	0.20880869
-1.250	2.350	0.000	0.20868890
-1.150	2.350	0.000	0.20770733
-1.050	2.350	0.000	0.20624113
-0.950	2.350	0.000	0.20456879
-0.850	2.350	0.000	0.20300034
-0.750	2.350	0.000	0.20155168
-0.650	2.350	0.000	0.20098929
-0.550	2.350	0.000	0.20088714
-0.450	2.350	0.000	0.20135540
-0.350	2.350	0.000	0.20270596
-0.250	2.350	0.000	0.20496096
-0.150	2.350	0.000	0.20734930
-0.050	2.350	0.000	0.20972481
0.050	2.350	0.000	0.21184960
0.150	2.350	0.000	0.21281070
0.250	2.350	0.000	0.21312039
0.350	2.350	0.000	0.21249212
0.450	2.350	0.000	0.21134929
0.550	2.350	0.000	0.21017027
0.650	2.350	0.000	0.20916264
0.750	2.350	0.000	0.20864181
0.850	2.350	0.000	0.20866062
0.950	2.350	0.000	0.20950329
1.050	2.350	0.000	0.21076097
1.150	2.350	0.000	0.21204498
1.250	2.350	0.000	0.21307804
1.350	2.350	0.000	0.21387480
1.450	2.350	0.000	0.21456645
1.550	2.350	0.000	0.21539605
1.650	2.350	0.000	0.21632347
1.750	2.350	0.000	0.21749575
1.850	2.350	0.000	0.21849306
1.950	2.350	0.000	0.21988742
2.050	2.350	0.000	0.22095485
2.150	2.350	0.000	0.22293089
2.250	2.350	0.000	0.22447778
2.350	2.350	0.000	0.22652002
2.450	2.350	0.000	0.22623877
-2.450	2.450	0.000	0.17617221
-2.350	2.450	0.000	0.18618229
-2.250	2.450	0.000	0.18888946
-2.150	2.450	0.000	0.18953046
-2.050	2.450	0.000	0.19139361
-1.950	2.450	0.000	0.19312312
-1.850	2.450	0.000	0.19528745
-1.750	2.450	0.000	0.19810800
-1.650	2.450	0.000	0.20121682
-1.550	2.450	0.000	0.20432399
-1.450	2.450	0.000	0.20695552
-1.350	2.450	0.000	0.20881934
-1.250	2.450	0.000	0.20955709
-1.150	2.450	0.000	0.20921966
-1.050	2.450	0.000	0.20843670
-0.950	2.450	0.000	0.20704880
-0.850	2.450	0.000	0.20530921
-0.750	2.450	0.000	0.20334540
-0.650	2.450	0.000	0.20225434
-0.550	2.450	0.000	0.20149323
-0.450	2.450	0.000	0.20172086
-0.350	2.450	0.000	0.20305325
-0.250	2.450	0.000	0.20550394
-0.150	2.450	0.000	0.20812804
-0.050	2.450	0.000	0.21081656
0.050	2.450	0.000	0.21302284
0.150	2.450	0.000	0.21407181
0.250	2.450	0.000	0.21449940
0.350	2.450	0.000	0.21409293
0.450	2.450	0.000	0.21314995
0.550	2.450	0.000	0.21215570
0.650	2.450	0.000	0.21117440
0.750	2.450	0.000	0.21067649
0.850	2.450	0.000	0.21048854
0.950	2.450	0.000	0.21111378
1.050	2.450	0.000	0.21212783
1.150	2.450	0.000	0.21312171
1.250	2.450	0.000	0.21377271
1.350	2.450	0.000	0.21402018
1.450	2.450	0.000	0.21405309
1.550	2.450	0.000	0.21425810
1.650	2.450	0.000	0.21485241
1.750	2.450	0.000	0.21594913
1.850	2.450	0.000	0.21724063
1.950	2.450	0.000	0.21901003
2.050	2.450	0.000	0.22043291
2.150	2.450	0.000	0.22228074
2.250	2.450	0.000	0.22358872
2.350	2.450	0.000	0.22517198
2.450	2.450	0.000	0.22484918
