-2.450	-2.450	0.000	-0.02089058
-2.350	-2.450	0.000	-0.02098277
-2.250	-2.450	0.000	-0.02178891
-2.150	-2.450	0.000	-0.02188803
-2.050	-2.450	0.000	-0.02199687
-1.950	-2.450	0.000	-0.02150348
-1.850	-2.450	0.000	-0.02134691
-1.750	-2.450	0.000	-0.02111149
-1.650	-2.450	0.000	-0.02086093
-1.550	-2.450	0.000	-0.02075641
-1.450	-2.450	0.000	-0.02059407
-1.350	-2.450	0.000	-0.02030353
-1.250	-2.450	0.000	-0.01995705
-1.150	-2.450	0.000	-0.02035895
-1.050	-2.450	0.000	-0.02002811
-0.950	-2.450	0.000	-0.02012045
-0.850	-2.450	0.000	-0.01973771
-0.750	-2.450	0.000	-0.01991053
-0.650	-2.450	0.000	-0.01951220
-0.550	-2.450	0.000	-0.01946842
-0.450	-2.450	0.000	-0.01909914
-0.350	-2.450	0.000	-0.01888205
-0.250	-2.450	0.000	-0.01859698
-0.150	-2.450	0.000	-0.01852002
-0.050	-2.450	0.000	-0.01815623
0.050	-2.450	0.000	-0.01795215
0.150	-2.450	0.000	-0.01763117
0.250	-2.450	0.000	-0.01745859
0.350	-2.450	0.000	-0.01699945
0.450	-2.450	0.000	-0.01690806
0.550	-2.450	0.000	-0.01643476
0.650	-2.450	0.000	-0.01642300
0.750	-2.450	0.000	-0.01623747
0.850	-2.450	0.000	-0.01600506
0.950	-2.450	0.000	-0.01576637
1.050	-2.450	0.000	-0.01563573
1.150	-2.450	0.000	-0.01570372
1.250	-2.450	0.000	-0.01577281
1.350	-2.450	0.000	-0.01578314
1.450	-2.450	0.000	-0.01585017
1.550	-2.450	0.000	-0.01567812
1.650	-2.450	0.000	-0.01585587
1.750	-2.450	0.000	-0.01564297
1.850	-2.450	0.000	-0.01607319
1.950	-2.450	0.000	-0.01574835
2.050	-2.450	0.000	-0.01586512
2.150	-2.450	0.000	-0.01577238
2.250	-2.450	0.000	-0.01548696
2.350	-2.450	0.000	-0.01533500
2.450	-2.450	0.000	-0.01522546
-2.450	-2.350	0.000	-0.02082104
-2.350	-2.350	0.000	-0.02092048
-2.250	-2.350	0.000	-0.02172103
-2.150	-2.350	0.000	-0.02183505
-2.050	-2.350	0.000	-0.02194103
-1.950	-2.350	0.000	-0.02145695
-1.850	-2.350	0.000	-0.02130763
-1.750	-2.350	0.000	-0.02106401
-1.650	-2.350	0.000	-0.02081701
-1.550	-2.350	0.000	-0.02068908
-1.450	-2.350	0.000	-0.02050606
-1.350	-2.350	0.000	-0.02022016
-1.250	-2.350	0.000	-0.01985480
-1.150	-2.350	0.000	-0.02024588
-1.050	-2.350	0.000	-0.01990100
-0.950	-2.350	0.000	-0.01997182
-0.850	-2.350	0.000	-0.01959257
-0.750	-2.350	0.000	-0.01974820
-0.650	-2.350	0.000	-0.01933762
-0.550	-2.350	0.000	-0.01931207
-0.450	-2.350	0.000	-0.01892989
-0.350	-2.350	0.000	-0.01872045
-0.250	-2.350	0.000	-0.01844229
-0.150	-2.350	0.000	-0.01837327
-0.050	-2.350	0.000	-0.01801991
0.050	-2.350	0.000	-0.01781765
0.150	-2.350	0.000	-0.01748381
0.250	-2.350	0.000	-0.01731313
0.350	-2.350	0.000	-0.01686031
0.450	-2.350	0.000	-0.01676616
0.550	-2.350	0.000	-0.01629330
0.650	-2.350	0.000	-0.01628631
0.750	-2.350	0.000	-0.01611491
0.850	-2.350	0.000	-0.01586553
0.950	-2.350	0.000	-0.01564662
1.050	-2.350	0.000	-0.01552045
1.150	-2.350	0.000	-0.01558364
1.250	-2.350	0.000	-0.01567550
1.350	-2.350	0.000	-0.01567733
1.450	-2.350	0.000	-0.01575242
1.550	-2.350	0.000	-0.01557759
1.650	-2.350	0.000	-0.01574573
1.750	-2.350	0.000	-0.01556141
1.850	-2.350	0.000	-0.01597719
1.950	-2.350	0.000	-0.01564040
2.050	-2.350	0.000	-0.01574683
2.150	-2.350	0.000	-0.01565165
2.250	-2.350	0.000	-0.01534649
2.350	-2.350	0.000	-0.01519733
2.450	-2.350	0.000	-0.01506487
-2.450	-2.250	0.000	-0.02078469
-2.350	-2.250	0.000	-0.02088212
-2.250	-2.250	0.000	-0.02167982
-2.150	-2.250	0.000	-0.02180193
-2.050	-2.250	0.000	-0.02191862
-1.950	-2.250	0.000	-0.02143375
-1.850	-2.250	0.000	-0.02128405
-1.750	-2.250	0.000	-0.02104365
-1.650	-2.250	0.000	-0.02080268
-1.550	-2.250	0.000	-0.02067591
-1.450	-2.250	0.000	-0.02049154
-1.350	-2.250	0.000	-0.02021021
-1.250	-2.250	0.000	-0.01984006
-1.150	-2.250	0.000	-0.02021725
-1.050	-2.250	0.000	-0.01985920
-0.950	-2.250	0.000	-0.01993146
-0.850	-2.250	0.000	-0.01953919
-0.750	-2.250	0.000	-0.01967516
-0.650	-2.250	0.000	-0.01925639
-0.550	-2.250	0.000	-0.01922452
-0.450	-2.250	0.000	-0.01884019
-0.350	-2.250	0.000	-0.01862675
-0.250	-2.250	0.000	-0.01833780
-0.150	-2.250	0.000	-0.01825858
-0.050	-2.250	0.000	-0.01790126
0.050	-2.250	0.000	-0.01769525
0.150	-2.250	0.000	-0.01734928
0.250	-2.250	0.000	-0.01717014
0.350	-2.250	0.000	-0.01670965
0.450	-2.250	0.000	-0.01660150
0.550	-2.250	0.000	-0.01612717
0.650	-2.250	0.000	-0.01611062
0.750	-2.250	0.000	-0.01592888
0.850	-2.250	0.000	-0.01566832
0.950	-2.250	0.000	-0.01543888
1.050	-2.250	0.000	-0.01530823
1.150	-2.250	0.000	-0.01535101
1.250	-2.250	0.000	-0.01543032
1.350	-2.250	0.000	-0.01543498
1.450	-2.250	0.000	-0.01551424
1.550	-2.250	0.000	-0.01532348
1.650	-2.250	0.000	-0.01549020
1.750	-2.250	0.000	-0.01531947
1.850	-2.250	0.000	-0.01574338
1.950	-2.250	0.000	-0.01540258
2.050	-2.250	0.000	-0.01553355
2.150	-2.250	0.000	-0.01544788
2.250	-2.250	0.000	-0.01513763
2.350	-2.250	0.000	-0.01499098
2.450	-2.250	0.000	-0.01486609
-2.450	-2.150	0.000	-0.02115704
-2.350	-2.150	0.000	-0.02125622
-2.250	-2.150	0.000	-0.02206619
-2.150	-2.150	0.000	-0.02221311
-2.050	-2.150	0.000	-0.02235189
-1.950	-2.150	0.000	-0.02187436
-1.850	-2.150	0.000	-0.02174341
-1.750	-2.150	0.000	-0.02151125
-1.650	-2.150	0.000	-0.02127351
-1.550	-2.150	0.000	-0.02113778
-1.450	-2.150	0.000	-0.02093581
-1.350	-2.150	0.000	-0.02065335
-1.250	-2.150	0.000	-0.02026237
-1.150	-2.150	0.000	-0.02061522
-1.050	-2.150	0.000	-0.02023840
-0.950	-2.150	0.000	-0.02027904
-0.850	-2.150	0.000	-0.01986926
-0.750	-2.150	0.000	-0.01996322
-0.650	-2.150	0.000	-0.01951415
-0.550	-2.150	0.000	-0.01947163
-0.450	-2.150	0.000	-0.01904378
-0.350	-2.150	0.000	-0.01881625
-0.250	-2.150	0.000	-0.01849365
-0.150	-2.150	0.000	-0.01839332
-0.050	-2.150	0.000	-0.01801410
0.050	-2.150	0.000	-0.01779133
0.150	-2.150	0.000	-0.01741294
0.250	-2.150	0.000	-0.01721911
0.350	-2.150	0.000	-0.01675404
0.450	-2.150	0.000	-0.01662145
0.550	-2.150	0.000	-0.01614359
0.650	-2.150	0.000	-0.01611952
0.750	-2.150	0.000	-0.01593460
0.850	-2.150	0.000	-0.01566199
0.950	-2.150	0.000	-0.01542642
1.050	-2.150	0.000	-0.01530183
1.150	-2.150	0.000	-0.01532248
1.250	-2.150	0.000	-0.01540012
1.350	-2.150	0.000	-0.01540409
1.450	-2.150	0.000	-0.01547978
1.550	-2.150	0.000	-0.01527489
1.650	-2.150	0.000	-0.01542791
1.750	-2.150	0.000	-0.01528234
1.850	-2.150	0.000	-0.01569249
1.950	-2.150	0.000	-0.01534953
2.050	-2.150	0.000	-0.01550204
2.150	-2.150	0.000	-0.01543288
2.250	-2.150	0.000	-0.01512341
2.350	-2.150	0.000	-0.01500343
2.450	-2.150	0.000	-0.01488272
-2.450	-2.050	0.000	-0.02165612
-2.350	-2.050	0.000	-0.02175514
-2.250	-2.050	0.000	-0.02256861
-2.150	-2.050	0.000	-0.02271263
-2.050	-2.050	0.000	-0.02285955
-1.950	-2.050	0.000	-0.02237747
-1.850	-2.050	0.000	-0.02225048
-1.750	-2.050	0.000	-0.02201691
-1.650	-2.050	0.000	-0.02178216
-1.550	-2.050	0.000	-0.02164232
-1.450	-2.050	0.000	-0.02143898
-1.350	-2.050	0.000	-0.02116595
-1.250	-2.050	0.000	-0.02077491
-1.150	-2.050	0.000	-0.02112527
-1.050	-2.050	0.000	-0.02074183
-0.950	-2.050	0.000	-0.02077766
-0.850	-2.050	0.000	-0.02036062
-0.750	-2.050	0.000	-0.02043824
-0.650	-2.050	0.000	-0.01997813
-0.550	-2.050	0.000	-0.01993042
-0.450	-2.050	0.000	-0.01949617
-0.350	-2.050	0.000	-0.01925408
-0.250	-2.050	0.000	-0.01891008
-0.150	-2.050	0.000	-0.01878938
-0.050	-2.050	0.000	-0.01839006
0.050	-2.050	0.000	-0.01814403
0.150	-2.050	0.000	-0.01772845
0.250	-2.050	0.000	-0.01750606
0.350	-2.050	0.000	-0.01702133
0.450	-2.050	0.000	-0.01684597
0.550	-2.050	0.000	-0.01634876
0.650	-2.050	0.000	-0.01630079
0.750	-2.050	0.000	-0.01609083
0.850	-2.050	0.000	-0.01579082
0.950	-2.050	0.000	-0.01554228
1.050	-2.050	0.000	-0.01541155
1.150	-2.050	0.000	-0.01541066
1.250	-2.050	0.000	-0.01547225
1.350	-2.050	0.000	-0.01547644
1.450	-2.050	0.000	-0.01555210
1.550	-2.050	0.000	-0.01532877
1.650	-2.050	0.000	-0.01548267
1.750	-2.050	0.000	-0.01536550
1.850	-2.050	0.000	-0.01579260
1.950	-2.050	0.000	-0.01546902
2.050	-2.050	0.000	-0.01567060
2.150	-2.050	0.000	-0.01561536
2.250	-2.050	0.000	-0.01533049
2.350	-2.050	0.000	-0.01521858
2.450	-2.050	0.000	-0.01511627
-2.450	-1.950	0.000	-0.02214868
-2.350	-1.950	0.000	-0.02225039
-2.250	-1.950	0.000	-0.02307412
-2.150	-1.950	0.000	-0.02322294
-2.050	-1.950	0.000	-0.02337231
-1.950	-1.950	0.000	-0.02288424
-1.850	-1.950	0.000	-0.02275950
-1.750	-1.950	0.000	-0.02252038
-1.650	-1.950	0.000	-0.02228334
-1.550	-1.950	0.000	-0.02214003
-1.450	-1.950	0.000	-0.02193631
-1.350	-1.950	0.000	-0.02166595
-1.250	-1.950	0.000	-0.02127206
-1.150	-1.950	0.000	-0.02162120
-1.050	-1.950	0.000	-0.02124056
-0.950	-1.950	0.000	-0.02127802
-0.850	-1.950	0.000	-0.02087433
-0.750	-1.950	0.000	-0.02095483
-0.650	-1.950	0.000	-0.02049478
-0.550	-1.950	0.000	-0.02046052
-0.450	-1.950	0.000	-0.02003751
-0.350	-1.950	0.000	-0.01979606
-0.250	-1.950	0.000	-0.01944501
-0.150	-1.950	0.000	-0.01932735
-0.050	-1.950	0.000	-0.01892312
0.050	-1.950	0.000	-0.01867704
0.150	-1.950	0.000	-0.01824895
0.250	-1.950	0.000	-0.01800828
0.350	-1.950	0.000	-0.01751500
0.450	-1.950	0.000	-0.01731678
0.550	-1.950	0.000	-0.01680698
0.650	-1.950	0.000	-0.01674249
0.750	-1.950	0.000	-0.01650833
0.850	-1.950	0.000	-0.01619465
0.950	-1.950	0.000	-0.01590851
1.050	-1.950	0.000	-0.01577738
1.150	-1.950	0.000	-0.01574910
1.250	-1.950	0.000	-0.01577593
1.350	-1.950	0.000	-0.01578481
1.450	-1.950	0.000	-0.01585323
1.550	-1.950	0.000	-0.01561503
1.650	-1.950	0.000	-0.01575451
1.750	-1.950	0.000	-0.01566564
1.850	-1.950	0.000	-0.01607922
1.950	-1.950	0.000	-0.01575221
2.050	-1.950	0.000	-0.01597663
2.150	-1.950	0.000	-0.01593298
2.250	-1.950	0.000	-0.01565751
2.350	-1.950	0.000	-0.01555822
2.450	-1.950	0.000	-0.01545401
-2.450	-1.850	0.000	-0.02238114
-2.350	-1.850	0.000	-0.02247924
-2.250	-1.850	0.000	-0.02328668
-2.150	-1.850	0.000	-0.02343133
-2.050	-1.850	0.000	-0.02358702
-1.950	-1.850	0.000	-0.02309631
-1.850	-1.850	0.000	-0.02296802
-1.750	-1.850	0.000	-0.02272461
-1.650	-1.850	0.000	-0.02249032
-1.550	-1.850	0.000	-0.02234780
-1.450	-1.850	0.000	-0.02214893
-1.350	-1.850	0.000	-0.02188865
-1.250	-1.850	0.000	-0.02149862
-1.150	-1.850	0.000	-0.02186596
-1.050	-1.850	0.000	-0.02148621
-0.950	-1.850	0.000	-0.02152194
-0.850	-1.850	0.000	-0.02112598
-0.750	-1.850	0.000	-0.02121933
-0.650	-1.850	0.000	-0.02076941
-0.550	-1.850	0.000	-0.02074070
-0.450	-1.850	0.000	-0.02033153
-0.350	-1.850	0.000	-0.02009478
-0.250	-1.850	0.000	-0.01974653
-0.150	-1.850	0.000	-0.01963108
-0.050	-1.850	0.000	-0.01923288
0.050	-1.850	0.000	-0.01898702
0.150	-1.850	0.000	-0.01855371
0.250	-1.850	0.000	-0.01830748
0.350	-1.850	0.000	-0.01781644
0.450	-1.850	0.000	-0.01760995
0.550	-1.850	0.000	-0.01710139
0.650	-1.850	0.000	-0.01702647
0.750	-1.850	0.000	-0.01678987
0.850	-1.850	0.000	-0.01646402
0.950	-1.850	0.000	-0.01617217
1.050	-1.850	0.000	-0.01603953
1.150	-1.850	0.000	-0.01599916
1.250	-1.850	0.000	-0.01602449
1.350	-1.850	0.000	-0.01604382
1.450	-1.850	0.000	-0.01611306
1.550	-1.850	0.000	-0.01587252
1.650	-1.850	0.000	-0.01601973
1.750	-1.850	0.000	-0.01592740
1.850	-1.850	0.000	-0.01633491
1.950	-1.850	0.000	-0.01599008
2.050	-1.850	0.000	-0.01619364
2.150	-1.850	0.000	-0.01611533
2.250	-1.850	0.000	-0.01583264
2.350	-1.850	0.000	-0.01570344
2.450	-1.850	0.000	-0.01558596
-2.450	-1.750	0.000	-0.02247019
-2.350	-1.750	0.000	-0.02257239
-2.250	-1.750	0.000	-0.02338740
-2.150	-1.750	0.000	-0.02354571
-2.050	-1.750	0.000	-0.02370299
-1.950	-1.750	0.000	-0.02320921
-1.850	-1.750	0.000	-0.02308666
-1.750	-1.750	0.000	-0.02284626
-1.650	-1.750	0.000	-0.02260737
-1.550	-1.750	0.000	-0.02247114
-1.450	-1.750	0.000	-0.02227234
-1.350	-1.750	0.000	-0.02200878
-1.250	-1.750	0.000	-0.02161224
-1.150	-1.750	0.000	-0.02197492
-1.050	-1.750	0.000	-0.02158831
-0.950	-1.750	0.000	-0.02161937
-0.850	-1.750	0.000	-0.02122216
-0.750	-1.750	0.000	-0.02132844
-0.650	-1.750	0.000	-0.02088362
-0.550	-1.750	0.000	-0.02085820
-0.450	-1.750	0.000	-0.02046571
-0.350	-1.750	0.000	-0.02023472
-0.250	-1.750	0.000	-0.01988994
-0.150	-1.750	0.000	-0.01978485
-0.050	-1.750	0.000	-0.01939186
0.050	-1.750	0.000	-0.01915227
0.150	-1.750	0.000	-0.01871812
0.250	-1.750	0.000	-0.01847019
0.350	-1.750	0.000	-0.01798358
0.450	-1.750	0.000	-0.01776821
0.550	-1.750	0.000	-0.01725352
0.650	-1.750	0.000	-0.01717497
0.750	-1.750	0.000	-0.01692521
0.850	-1.750	0.000	-0.01660206
0.950	-1.750	0.000	-0.01628896
1.050	-1.750	0.000	-0.01617198
1.150	-1.750	0.000	-0.01611766
1.250	-1.750	0.000	-0.01612224
1.350	-1.750	0.000	-0.01615644
1.450	-1.750	0.000	-0.01622474
1.550	-1.750	0.000	-0.01597267
1.650	-1.750	0.000	-0.01610675
1.750	-1.750	0.000	-0.01602216
1.850	-1.750	0.000	-0.01639322
1.950	-1.750	0.000	-0.01603874
2.050	-1.750	0.000	-0.01622892
2.150	-1.750	0.000	-0.01613829
2.250	-1.750	0.000	-0.01585517
2.350	-1.750	0.000	-0.01573731
2.450	-1.750	0.000	-0.01561541
-2.450	-1.650	0.000	-0.02241436
-2.350	-1.650	0.000	-0.02251494
-2.250	-1.650	0.000	-0.02332590
-2.150	-1.650	0.000	-0.02348519
-2.050	-1.650	0.000	-0.02364914
-1.950	-1.650	0.000	-0.02315682
-1.850	-1.650	0.000	-0.02303662
-1.750	-1.650	0.000	-0.02279822
-1.650	-1.650	0.000	-0.02256075
-1.550	-1.650	0.000	-0.02242964
-1.450	-1.650	0.000	-0.02222801
-1.350	-1.650	0.000	-0.02196973
-1.250	-1.650	0.000	-0.02157014
-1.150	-1.650	0.000	-0.02194712
-1.050	-1.650	0.000	-0.02155840
-0.950	-1.650	0.000	-0.02158965
-0.850	-1.650	0.000	-0.02119696
-0.750	-1.650	0.000	-0.02131172
-0.650	-1.650	0.000	-0.02087238
-0.550	-1.650	0.000	-0.02084253
-0.450	-1.650	0.000	-0.02045891
-0.350	-1.650	0.000	-0.02022703
-0.250	-1.650	0.000	-0.01988420
-0.150	-1.650	0.000	-0.01978358
-0.050	-1.650	0.000	-0.01939571
0.050	-1.650	0.000	-0.01915254
0.150	-1.650	0.000	-0.01870984
0.250	-1.650	0.000	-0.01846035
0.350	-1.650	0.000	-0.01797600
0.450	-1.650	0.000	-0.01775847
0.550	-1.650	0.000	-0.01724932
0.650	-1.650	0.000	-0.01717078
0.750	-1.650	0.000	-0.01692089
0.850	-1.650	0.000	-0.01658562
0.950	-1.650	0.000	-0.01627218
1.050	-1.650	0.000	-0.01615186
1.150	-1.650	0.000	-0.01610022
1.250	-1.650	0.000	-0.01610556
1.350	-1.650	0.000	-0.01614926
1.450	-1.650	0.000	-0.01621352
1.550	-1.650	0.000	-0.01594258
1.650	-1.650	0.000	-0.01606577
1.750	-1.650	0.000	-0.01595640
1.850	-1.650	0.000	-0.01630944
1.950	-1.650	0.000	-0.01594660
2.050	-1.650	0.000	-0.01614114
2.150	-1.650	0.000	-0.01604467
2.250	-1.650	0.000	-0.01578607
2.350	-1.650	0.000	-0.01565854
2.450	-1.650	0.000	-0.01552545
-2.450	-1.550	0.000	-0.02235267
-2.350	-1.550	0.000	-0.02245889
-2.250	-1.550	0.000	-0.02326533
-2.150	-1.550	0.000	-0.02343127
-2.050	-1.550	0.000	-0.02359780
-1.950	-1.550	0.000	-0.02310971
-1.850	-1.550	0.000	-0.02299614
-1.750	-1.550	0.000	-0.02276104
-1.650	-1.550	0.000	-0.02252420
-1.550	-1.550	0.000	-0.02240656
-1.450	-1.550	0.000	-0.02220594
-1.350	-1.550	0.000	-0.02194836
-1.250	-1.550	0.000	-0.02154446
-1.150	-1.550	0.000	-0.02191833
-1.050	-1.550	0.000	-0.02152919
-0.950	-1.550	0.000	-0.02156058
-0.850	-1.550	0.000	-0.02115672
-0.750	-1.550	0.000	-0.02128720
-0.650	-1.550	0.000	-0.02085718
-0.550	-1.550	0.000	-0.02081765
-0.450	-1.550	0.000	-0.02045006
-0.350	-1.550	0.000	-0.02022349
-0.250	-1.550	0.000	-0.01988116
-0.150	-1.550	0.000	-0.01978408
-0.050	-1.550	0.000	-0.01939842
0.050	-1.550	0.000	-0.01915142
0.150	-1.550	0.000	-0.01870459
0.250	-1.550	0.000	-0.01845135
0.350	-1.550	0.000	-0.01796352
0.450	-1.550	0.000	-0.01773228
0.550	-1.550	0.000	-0.01721124
0.650	-1.550	0.000	-0.01712150
0.750	-1.550	0.000	-0.01685138
0.850	-1.550	0.000	-0.01651189
0.950	-1.550	0.000	-0.01618044
1.050	-1.550	0.000	-0.01605134
1.150	-1.550	0.000	-0.01599186
1.250	-1.550	0.000	-0.01597095
1.350	-1.550	0.000	-0.01601166
1.450	-1.550	0.000	-0.01606451
1.550	-1.550	0.000	-0.01578071
1.650	-1.550	0.000	-0.01588267
1.750	-1.550	0.000	-0.01576557
1.850	-1.550	0.000	-0.01610596
1.950	-1.550	0.000	-0.01573871
2.050	-1.550	0.000	-0.01595615
2.150	-1.550	0.000	-0.01585229
2.250	-1.550	0.000	-0.01560953
2.350	-1.550	0.000	-0.01551412
2.450	-1.550	0.000	-0.01537527
-2.450	-1.450	0.000	-0.02215260
-2.350	-1.450	0.000	-0.02226385
-2.250	-1.450	0.000	-0.02308112
-2.150	-1.450	0.000	-0.02324836
-2.050	-1.450	0.000	-0.02343035
-1.950	-1.450	0.000	-0.02294845
-1.850	-1.450	0.000	-0.02284467
-1.750	-1.450	0.000	-0.02261350
-1.650	-1.450	0.000	-0.02237922
-1.550	-1.450	0.000	-0.02227916
-1.450	-1.450	0.000	-0.02207956
-1.350	-1.450	0.000	-0.02182690
-1.250	-1.450	0.000	-0.02141114
-1.150	-1.450	0.000	-0.02178708
-1.050	-1.450	0.000	-0.02139589
-0.950	-1.450	0.000	-0.02142746
-0.850	-1.450	0.000	-0.02102050
-0.750	-1.450	0.000	-0.02115350
-0.650	-1.450	0.000	-0.02072515
-0.550	-1.450	0.000	-0.02067378
-0.450	-1.450	0.000	-0.02030940
-0.350	-1.450	0.000	-0.02007833
-0.250	-1.450	0.000	-0.01972642
-0.150	-1.450	0.000	-0.01962308
-0.050	-1.450	0.000	-0.01923827
0.050	-1.450	0.000	-0.01899490
0.150	-1.450	0.000	-0.01854699
0.250	-1.450	0.000	-0.01829634
0.350	-1.450	0.000	-0.01780966
0.450	-1.450	0.000	-0.01757975
0.550	-1.450	0.000	-0.01706450
0.650	-1.450	0.000	-0.01697800
0.750	-1.450	0.000	-0.01670836
0.850	-1.450	0.000	-0.01636828
0.950	-1.450	0.000	-0.01604327
1.050	-1.450	0.000	-0.01591139
1.150	-1.450	0.000	-0.01586685
1.250	-1.450	0.000	-0.01584808
1.350	-1.450	0.000	-0.01588361
1.450	-1.450	0.000	-0.01592298
1.550	-1.450	0.000	-0.01562495
1.650	-1.450	0.000	-0.01571207
1.750	-1.450	0.000	-0.01556574
1.850	-1.450	0.000	-0.01588408
1.950	-1.450	0.000	-0.01550125
2.050	-1.450	0.000	-0.01572824
2.150	-1.450	0.000	-0.01562439
2.250	-1.450	0.000	-0.01541186
2.350	-1.450	0.000	-0.01533950
2.450	-1.450	0.000	-0.01520374
-2.450	-1.350	0.000	-0.02188986
-2.350	-1.350	0.000	-0.02201119
-2.250	-1.350	0.000	-0.02282968
-2.150	-1.350	0.000	-0.02300333
-2.050	-1.350	0.000	-0.02320041
-1.950	-1.350	0.000	-0.02272641
-1.850	-1.350	0.000	-0.02263373
-1.750	-1.350	0.000	-0.02240587
-1.650	-1.350	0.000	-0.02217288
-1.550	-1.350	0.000	-0.02209628
-1.450	-1.350	0.000	-0.02190185
-1.350	-1.350	0.000	-0.02165516
-1.250	-1.350	0.000	-0.02123152
-1.150	-1.350	0.000	-0.02160696
-1.050	-1.350	0.000	-0.02121635
-0.950	-1.350	0.000	-0.02126028
-0.850	-1.350	0.000	-0.02085349
-0.750	-1.350	0.000	-0.02100604
-0.650	-1.350	0.000	-0.02059420
-0.550	-1.350	0.000	-0.02053690
-0.450	-1.350	0.000	-0.02019205
-0.350	-1.350	0.000	-0.01996457
-0.250	-1.350	0.000	-0.01961003
-0.150	-1.350	0.000	-0.01950784
-0.050	-1.350	0.000	-0.01912406
0.050	-1.350	0.000	-0.01887333
0.150	-1.350	0.000	-0.01841591
0.250	-1.350	0.000	-0.01815896
0.350	-1.350	0.000	-0.01766613
0.450	-1.350	0.000	-0.01743071
0.550	-1.350	0.000	-0.01691768
0.650	-1.350	0.000	-0.01682690
0.750	-1.350	0.000	-0.01655081
0.850	-1.350	0.000	-0.01620904
0.950	-1.350	0.000	-0.01587894
1.050	-1.350	0.000	-0.01572293
1.150	-1.350	0.000	-0.01568138
1.250	-1.350	0.000	-0.01564921
1.350	-1.350	0.000	-0.01566763
1.450	-1.350	0.000	-0.01570004
1.550	-1.350	0.000	-0.01539374
1.650	-1.350	0.000	-0.01545653
1.750	-1.350	0.000	-0.01528577
1.850	-1.350	0.000	-0.01559859
1.950	-1.350	0.000	-0.01519447
2.050	-1.350	0.000	-0.01543619
2.150	-1.350	0.000	-0.01532649
2.250	-1.350	0.000	-0.01512363
2.350	-1.350	0.000	-0.01507809
2.450	-1.350	0.000	-0.01492689
-2.450	-1.250	0.000	-0.02158591
-2.350	-1.250	0.000	-0.02171908
-2.250	-1.250	0.000	-0.02254012
-2.150	-1.250	0.000	-0.02271296
-2.050	-1.250	0.000	-0.02291307
-1.950	-1.250	0.000	-0.02243430
-1.850	-1.250	0.000	-0.02234628
-1.750	-1.250	0.000	-0.02212043
-1.650	-1.250	0.000	-0.02188760
-1.550	-1.250	0.000	-0.02183193
-1.450	-1.250	0.000	-0.02163906
-1.350	-1.250	0.000	-0.02140776
-1.250	-1.250	0.000	-0.02098849
-1.150	-1.250	0.000	-0.02136972
-1.050	-1.250	0.000	-0.02099431
-0.950	-1.250	0.000	-0.02105247
-0.850	-1.250	0.000	-0.02065800
-0.750	-1.250	0.000	-0.02081505
-0.650	-1.250	0.000	-0.02040515
-0.550	-1.250	0.000	-0.02033275
-0.450	-1.250	0.000	-0.01998745
-0.350	-1.250	0.000	-0.01975718
-0.250	-1.250	0.000	-0.01938310
-0.150	-1.250	0.000	-0.01927625
-0.050	-1.250	0.000	-0.01889220
0.050	-1.250	0.000	-0.01864350
0.150	-1.250	0.000	-0.01818890
0.250	-1.250	0.000	-0.01793335
0.350	-1.250	0.000	-0.01744400
0.450	-1.250	0.000	-0.01721177
0.550	-1.250	0.000	-0.01670331
0.650	-1.250	0.000	-0.01660986
0.750	-1.250	0.000	-0.01633276
0.850	-1.250	0.000	-0.01599176
0.950	-1.250	0.000	-0.01565667
1.050	-1.250	0.000	-0.01549566
1.150	-1.250	0.000	-0.01546581
1.250	-1.250	0.000	-0.01541460
1.350	-1.250	0.000	-0.01542449
1.450	-1.250	0.000	-0.01543540
1.550	-1.250	0.000	-0.01511181
1.650	-1.250	0.000	-0.01515307
1.750	-1.250	0.000	-0.01494875
1.850	-1.250	0.000	-0.01525286
1.950	-1.250	0.000	-0.01484772
2.050	-1.250	0.000	-0.01508814
2.150	-1.250	0.000	-0.01496665
2.250	-1.250	0.000	-0.01478404
2.350	-1.250	0.000	-0.01474571
2.450	-1.250	0.000	-0.01461433
-2.450	-1.150	0.000	-0.02119406
-2.350	-1.150	0.000	-0.02133933
-2.250	-1.150	0.000	-0.02216468
-2.150	-1.150	0.000	-0.02234147
-2.050	-1.150	0.000	-0.02255011
-1.950	-1.150	0.000	-0.02206811
-1.850	-1.150	0.000	-0.02198622
-1.750	-1.150	0.000	-0.02175707
-1.650	-1.150	0.000	-0.02151754
-1.550	-1.150	0.000	-0.02147571
-1.450	-1.150	0.000	-0.02127804
-1.350	-1.150	0.000	-0.02106040
-1.250	-1.150	0.000	-0.02063857
-1.150	-1.150	0.000	-0.02101968
-1.050	-1.150	0.000	-0.02065794
-0.950	-1.150	0.000	-0.02073432
-0.850	-1.150	0.000	-0.02034329
-0.750	-1.150	0.000	-0.02052042
-0.650	-1.150	0.000	-0.02012396
-0.550	-1.150	0.000	-0.02003944
-0.450	-1.150	0.000	-0.01971523
-0.350	-1.150	0.000	-0.01949870
-0.250	-1.150	0.000	-0.01912442
-0.150	-1.150	0.000	-0.01902127
-0.050	-1.150	0.000	-0.01864831
0.050	-1.150	0.000	-0.01840153
0.150	-1.150	0.000	-0.01795144
0.250	-1.150	0.000	-0.01769861
0.350	-1.150	0.000	-0.01720595
0.450	-1.150	0.000	-0.01696715
0.550	-1.150	0.000	-0.01645375
0.650	-1.150	0.000	-0.01634541
0.750	-1.150	0.000	-0.01606264
0.850	-1.150	0.000	-0.01571397
0.950	-1.150	0.000	-0.01537391
1.050	-1.150	0.000	-0.01520092
1.150	-1.150	0.000	-0.01516798
1.250	-1.150	0.000	-0.01510066
1.350	-1.150	0.000	-0.01509584
1.450	-1.150	0.000	-0.01509328
1.550	-1.150	0.000	-0.01476031
1.650	-1.150	0.000	-0.01478054
1.750	-1.150	0.000	-0.01455464
1.850	-1.150	0.000	-0.01485924
1.950	-1.150	0.000	-0.01443488
2.050	-1.150	0.000	-0.01468778
2.150	-1.150	0.000	-0.01456713
2.250	-1.150	0.000	-0.01438910
2.350	-1.150	0.000	-0.01438262
2.450	-1.150	0.000	-0.01423690
-2.450	-1.050	0.000	-0.02076803
-2.350	-1.050	0.000	-0.02091707
-2.250	-1.050	0.000	-0.02174070
-2.150	-1.050	0.000	-0.02192650
-2.050	-1.050	0.000	-0.02214048
-1.950	-1.050	0.000	-0.02166077
-1.850	-1.050	0.000	-0.02157759
-1.750	-1.050	0.000	-0.02134609
-1.650	-1.050	0.000	-0.02109685
-1.550	-1.050	0.000	-0.02106075
-1.450	-1.050	0.000	-0.02086244
-1.350	-1.050	0.000	-0.02065476
-1.250	-1.050	0.000	-0.02023221
-1.150	-1.050	0.000	-0.02060122
-1.050	-1.050	0.000	-0.02024884
-0.950	-1.050	0.000	-0.02034411
-0.850	-1.050	0.000	-0.01996554
-0.750	-1.050	0.000	-0.02015759
-0.650	-1.050	0.000	-0.01977581
-0.550	-1.050	0.000	-0.01967918
-0.450	-1.050	0.000	-0.01935970
-0.350	-1.050	0.000	-0.01915284
-0.250	-1.050	0.000	-0.01877144
-0.150	-1.050	0.000	-0.01866976
-0.050	-1.050	0.000	-0.01829708
0.050	-1.050	0.000	-0.01805640
0.150	-1.050	0.000	-0.01760663
0.250	-1.050	0.000	-0.01735024
0.350	-1.050	0.000	-0.01685969
0.450	-1.050	0.000	-0.01662031
0.550	-1.050	0.000	-0.01610992
0.650	-1.050	0.000	-0.01598941
0.750	-1.050	0.000	-0.01571139
0.850	-1.050	0.000	-0.01535159
0.950	-1.050	0.000	-0.01500548
1.050	-1.050	0.000	-0.01482686
1.150	-1.050	0.000	-0.01478801
1.250	-1.050	0.000	-0.01472923
1.350	-1.050	0.000	-0.01473285
1.450	-1.050	0.000	-0.01473433
1.550	-1.050	0.000	-0.01441476
1.650	-1.050	0.000	-0.01442090
1.750	-1.050	0.000	-0.01415919
1.850	-1.050	0.000	-0.01444402
1.950	-1.050	0.000	-0.01400575
2.050	-1.050	0.000	-0.01424751
2.150	-1.050	0.000	-0.01411700
2.250	-1.050	0.000	-0.01396790
2.350	-1.050	0.000	-0.01396540
2.450	-1.050	0.000	-0.01381785
-2.450	-0.950	0.000	-0.02025187
-2.350	-0.950	0.000	-0.02040675
-2.250	-0.950	0.000	-0.02124090
-2.150	-0.950	0.000	-0.02143285
-2.050	-0.950	0.000	-0.02165416
-1.950	-0.950	0.000	-0.02116939
-1.850	-0.950	0.000	-0.02108620
-1.750	-0.950	0.000	-0.02085100
-1.650	-0.950	0.000	-0.02059506
-1.550	-0.950	0.000	-0.02057407
-1.450	-0.950	0.000	-0.02036780
-1.350	-0.950	0.000	-0.02018109
-1.250	-0.950	0.000	-0.01976505
-1.150	-0.950	0.000	-0.02012631
-1.050	-0.950	0.000	-0.01978298
-0.950	-0.950	0.000	-0.01990727
-0.850	-0.950	0.000	-0.01952840
-0.750	-0.950	0.000	-0.01973993
-0.650	-0.950	0.000	-0.01937983
-0.550	-0.950	0.000	-0.01926766
-0.450	-0.950	0.000	-0.01897363
-0.350	-0.950	0.000	-0.01879647
-0.250	-0.950	0.000	-0.01841935
-0.150	-0.950	0.000	-0.01831317
-0.050	-0.950	0.000	-0.01795326
0.050	-0.950	0.000	-0.01771447
0.150	-0.950	0.000	-0.01726528
0.250	-0.950	0.000	-0.01701251
0.350	-0.950	0.000	-0.01651543
0.450	-0.950	0.000	-0.01626879
0.550	-0.950	0.000	-0.01575662
0.650	-0.950	0.000	-0.01562247
0.750	-0.950	0.000	-0.01534483
0.850	-0.950	0.000	-0.01496814
0.950	-0.950	0.000	-0.01462552
1.050	-0.950	0.000	-0.01443178
1.150	-0.950	0.000	-0.01438093
1.250	-0.950	0.000	-0.01432035
1.350	-0.950	0.000	-0.01431276
1.450	-0.950	0.000	-0.01430147
1.550	-0.950	0.000	-0.01397516
1.650	-0.950	0.000	-0.01395847
1.750	-0.950	0.000	-0.01367744
1.850	-0.950	0.000	-0.01395906
1.950	-0.950	0.000	-0.01350902
2.050	-0.950	0.000	-0.01374936
2.150	-0.950	0.000	-0.01360505
2.250	-0.950	0.000	-0.01347276
2.350	-0.950	0.000	-0.01348806
2.450	-0.950	0.000	-0.01333444
-2.450	-0.850	0.000	-0.01968021
-2.350	-0.850	0.000	-0.01984878
-2.250	-0.850	0.000	-0.02068795
-2.150	-0.850	0.000	-0.02088213
-2.050	-0.850	0.000	-0.02111714
-1.950	-0.850	0.000	-0.02062652
-1.850	-0.850	0.000	-0.02053563
-1.750	-0.850	0.000	-0.02030206
-1.650	-0.850	0.000	-0.02004091
-1.550	-0.850	0.000	-0.02002699
-1.450	-0.850	0.000	-0.01982876
-1.350	-0.850	0.000	-0.01966088
-1.250	-0.850	0.000	-0.01924479
-1.150	-0.850	0.000	-0.01959484
-1.050	-0.850	0.000	-0.01926987
-0.950	-0.850	0.000	-0.01943467
-0.850	-0.850	0.000	-0.01909189
-0.750	-0.850	0.000	-0.01931132
-0.650	-0.850	0.000	-0.01897372
-0.550	-0.850	0.000	-0.01885144
-0.450	-0.850	0.000	-0.01854765
-0.350	-0.850	0.000	-0.01838474
-0.250	-0.850	0.000	-0.01799399
-0.150	-0.850	0.000	-0.01788205
-0.050	-0.850	0.000	-0.01751774
0.050	-0.850	0.000	-0.01727927
0.150	-0.850	0.000	-0.01683217
0.250	-0.850	0.000	-0.01657367
0.350	-0.850	0.000	-0.01607927
0.450	-0.850	0.000	-0.01582713
0.550	-0.850	0.000	-0.01531583
0.650	-0.850	0.000	-0.01517188
0.750	-0.850	0.000	-0.01489428
0.850	-0.850	0.000	-0.01451151
0.950	-0.850	0.000	-0.01416756
1.050	-0.850	0.000	-0.01397957
1.150	-0.850	0.000	-0.01391064
1.250	-0.850	0.000	-0.01384303
1.350	-0.850	0.000	-0.01383328
1.450	-0.850	0.000	-0.01380361
1.550	-0.850	0.000	-0.01346081
1.650	-0.850	0.000	-0.01342951
1.750	-0.850	0.000	-0.01313692
1.850	-0.850	0.000	-0.01340280
1.950	-0.850	0.000	-0.01297019
2.050	-0.850	0.000	-0.01322096
2.150	-0.850	0.000	-0.01307376
2.250	-0.850	0.000	-0.01295880
2.350	-0.850	0.000	-0.01297497
2.450	-0.850	0.000	-0.01282597
-2.450	-0.750	0.000	-0.01907080
-2.350	-0.750	0.000	-0.01924006
-2.250	-0.750	0.000	-0.02008408
-2.150	-0.750	0.000	-0.02028637
-2.050	-0.750	0.000	-0.02053242
-1.950	-0.750	0.000	-0.02003846
-1.850	-0.750	0.000	-0.01993423
-1.750	-0.750	0.000	-0.01969804
-1.650	-0.750	0.000	-0.01942410
-1.550	-0.750	0.000	-0.01942133
-1.450	-0.750	0.000	-0.01922504
-1.350	-0.750	0.000	-0.01908992
-1.250	-0.750	0.000	-0.01867914
-1.150	-0.750	0.000	-0.01901547
-1.050	-0.750	0.000	-0.01869049
-0.950	-0.750	0.000	-0.01890418
-0.850	-0.750	0.000	-0.01859161
-0.750	-0.750	0.000	-0.01880241
-0.650	-0.750	0.000	-0.01850520
-0.550	-0.750	0.000	-0.01838713
-0.450	-0.750	0.000	-0.01808855
-0.350	-0.750	0.000	-0.01795337
-0.250	-0.750	0.000	-0.01755343
-0.150	-0.750	0.000	-0.01743011
-0.050	-0.750	0.000	-0.01707244
0.050	-0.750	0.000	-0.01682843
0.150	-0.750	0.000	-0.01638532
0.250	-0.750	0.000	-0.01612534
0.350	-0.750	0.000	-0.01562924
0.450	-0.750	0.000	-0.01537236
0.550	-0.750	0.000	-0.01486505
0.650	-0.750	0.000	-0.01471777
0.750	-0.750	0.000	-0.01443947
0.850	-0.750	0.000	-0.01404120
0.950	-0.750	0.000	-0.01370610
1.050	-0.750	0.000	-0.01350171
1.150	-0.750	0.000	-0.01340928
1.250	-0.750	0.000	-0.01333954
1.350	-0.750	0.000	-0.01332423
1.450	-0.750	0.000	-0.01329204
1.550	-0.750	0.000	-0.01295254
1.650	-0.750	0.000	-0.01290775
1.750	-0.750	0.000	-0.01259566
1.850	-0.750	0.000	-0.01286049
1.950	-0.750	0.000	-0.01242801
2.050	-0.750	0.000	-0.01269005
2.150	-0.750	0.000	-0.01254435
2.250	-0.750	0.000	-0.01243179
2.350	-0.750	0.000	-0.01243129
2.450	-0.750	0.000	-0.01227535
-2.450	-0.650	0.000	-0.01840057
-2.350	-0.650	0.000	-0.01856904
-2.250	-0.650	0.000	-0.01941380
-2.150	-0.650	0.000	-0.01962189
-2.050	-0.650	0.000	-0.01989611
-1.950	-0.650	0.000	-0.01941109
-1.850	-0.650	0.000	-0.01930797
-1.750	-0.650	0.000	-0.01907399
-1.650	-0.650	0.000	-0.01880192
-1.550	-0.650	0.000	-0.01880186
-1.450	-0.650	0.000	-0.01861593
-1.350	-0.650	0.000	-0.01850004
-1.250	-0.650	0.000	-0.01808850
-1.150	-0.650	0.000	-0.01841812
-1.050	-0.650	0.000	-0.01810367
-0.950	-0.650	0.000	-0.01834541
-0.850	-0.650	0.000	-0.01803963
-0.750	-0.650	0.000	-0.01823702
-0.650	-0.650	0.000	-0.01793960
-0.550	-0.650	0.000	-0.01782762
-0.450	-0.650	0.000	-0.01753112
-0.350	-0.650	0.000	-0.01742431
-0.250	-0.650	0.000	-0.01703168
-0.150	-0.650	0.000	-0.01689978
-0.050	-0.650	0.000	-0.01654403
0.050	-0.650	0.000	-0.01630623
0.150	-0.650	0.000	-0.01586587
0.250	-0.650	0.000	-0.01560714
0.350	-0.650	0.000	-0.01511289
0.450	-0.650	0.000	-0.01484592
0.550	-0.650	0.000	-0.01434942
0.650	-0.650	0.000	-0.01419619
0.750	-0.650	0.000	-0.01391927
0.850	-0.650	0.000	-0.01351264
0.950	-0.650	0.000	-0.01319136
1.050	-0.650	0.000	-0.01298843
1.150	-0.650	0.000	-0.01288913
1.250	-0.650	0.000	-0.01282647
1.350	-0.650	0.000	-0.01280354
1.450	-0.650	0.000	-0.01277703
1.550	-0.650	0.000	-0.01244241
1.650	-0.650	0.000	-0.01238809
1.750	-0.650	0.000	-0.01204714
1.850	-0.650	0.000	-0.01231218
1.950	-0.650	0.000	-0.01186049
2.050	-0.650	0.000	-0.01207923
2.150	-0.650	0.000	-0.01191182
2.250	-0.650	0.000	-0.01183108
2.350	-0.650	0.000	-0.01190194
2.450	-0.650	0.000	-0.01174882
-2.450	-0.550	0.000	-0.01774395
-2.350	-0.550	0.000	-0.01791487
-2.250	-0.550	0.000	-0.01877417
-2.150	-0.550	0.000	-0.01898675
-2.050	-0.550	0.000	-0.01926559
-1.950	-0.550	0.000	-0.01877894
-1.850	-0.550	0.000	-0.01866742
-1.750	-0.550	0.000	-0.01843324
-1.650	-0.550	0.000	-0.01815832
-1.550	-0.550	0.000	-0.01816563
-1.450	-0.550	0.000	-0.01798359
-1.350	-0.550	0.000	-0.01790239
-1.250	-0.550	0.000	-0.01749139
-1.150	-0.550	0.000	-0.01780969
-1.050	-0.550	0.000	-0.01749388
-0.950	-0.550	0.000	-0.01778431
-0.850	-0.550	0.000	-0.01752165
-0.750	-0.550	0.000	-0.01768199
-0.650	-0.550	0.000	-0.01740881
-0.550	-0.550	0.000	-0.01731337
-0.450	-0.550	0.000	-0.01700591
-0.350	-0.550	0.000	-0.01692414
-0.250	-0.550	0.000	-0.01652797
-0.150	-0.550	0.000	-0.01639126
-0.050	-0.550	0.000	-0.01604754
0.050	-0.550	0.000	-0.01580552
0.150	-0.550	0.000	-0.01536594
0.250	-0.550	0.000	-0.01510727
0.350	-0.550	0.000	-0.01461848
0.450	-0.550	0.000	-0.01434181
0.550	-0.550	0.000	-0.01385095
0.650	-0.550	0.000	-0.01369820
0.750	-0.550	0.000	-0.01341393
0.850	-0.550	0.000	-0.01299644
0.950	-0.550	0.000	-0.01267624
1.050	-0.550	0.000	-0.01246715
1.150	-0.550	0.000	-0.01235326
1.250	-0.550	0.000	-0.01229655
1.350	-0.550	0.000	-0.01227416
1.450	-0.550	0.000	-0.01224778
1.550	-0.550	0.000	-0.01191867
1.650	-0.550	0.000	-0.01185930
1.750	-0.550	0.000	-0.01149563
1.850	-0.550	0.000	-0.01176138
1.950	-0.550	0.000	-0.01131862
2.050	-0.550	0.000	-0.01152809
2.150	-0.550	0.000	-0.01136505
2.250	-0.550	0.000	-0.01128241
2.350	-0.550	0.000	-0.01133259
2.450	-0.550	0.000	-0.01117527
-2.450	-0.450	0.000	-0.01709895
-2.350	-0.450	0.000	-0.01727154
-2.250	-0.450	0.000	-0.01812987
-2.150	-0.450	0.000	-0.01834944
-2.050	-0.450	0.000	-0.01865228
-1.950	-0.450	0.000	-0.01816796
-1.850	-0.450	0.000	-0.01804824
-1.750	-0.450	0.000	-0.01781354
-1.650	-0.450	0.000	-0.01753651
-1.550	-0.450	0.000	-0.01754145
-1.450	-0.450	0.000	-0.01736853
-1.350	-0.450	0.000	-0.01730729
-1.250	-0.450	0.000	-0.01689168
-1.150	-0.450	0.000	-0.01719830
-1.050	-0.450	0.000	-0.01688099
-0.950	-0.450	0.000	-0.01719431
-0.850	-0.450	0.000	-0.01695013
-0.750	-0.450	0.000	-0.01710468
-0.650	-0.450	0.000	-0.01683727
-0.550	-0.450	0.000	-0.01675993
-0.450	-0.450	0.000	-0.01646611
-0.350	-0.450	0.000	-0.01640848
-0.250	-0.450	0.000	-0.01603028
-0.150	-0.450	0.000	-0.01588764
-0.050	-0.450	0.000	-0.01553786
0.050	-0.450	0.000	-0.01530652
0.150	-0.450	0.000	-0.01486921
0.250	-0.450	0.000	-0.01460463
0.350	-0.450	0.000	-0.01412051
0.450	-0.450	0.000	-0.01383729
0.550	-0.450	0.000	-0.01335470
0.650	-0.450	0.000	-0.01319261
0.750	-0.450	0.000	-0.01291168
0.850	-0.450	0.000	-0.01249647
0.950	-0.450	0.000	-0.01218034
1.050	-0.450	0.000	-0.01197848
1.150	-0.450	0.000	-0.01185514
1.250	-0.450	0.000	-0.01179051
1.350	-0.450	0.000	-0.01175426
1.450	-0.450	0.000	-0.01171017
1.550	-0.450	0.000	-0.01136638
1.650	-0.450	0.000	-0.01127691
1.750	-0.450	0.000	-0.01090311
1.850	-0.450	0.000	-0.01114532
1.950	-0.450	0.000	-0.01069534
2.050	-0.450	0.000	-0.01093617
2.150	-0.450	0.000	-0.01080396
2.250	-0.450	0.000	-0.01071572
2.350	-0.450	0.000	-0.01077405
2.450	-0.450	0.000	-0.01064551
-2.450	-0.350	0.000	-0.01646654
-2.350	-0.350	0.000	-0.01664735
-2.250	-0.350	0.000	-0.01751980
-2.150	-0.350	0.000	-0.01774417
-2.050	-0.350	0.000	-0.01807419
-1.950	-0.350	0.000	-0.01759189
-1.850	-0.350	0.000	-0.01746835
-1.750	-0.350	0.000	-0.01723401
-1.650	-0.350	0.000	-0.01695829
-1.550	-0.350	0.000	-0.01696688
-1.450	-0.350	0.000	-0.01679989
-1.350	-0.350	0.000	-0.01676961
-1.250	-0.350	0.000	-0.01635648
-1.150	-0.350	0.000	-0.01665176
-1.050	-0.350	0.000	-0.01633325
-0.950	-0.350	0.000	-0.01667473
-0.850	-0.350	0.000	-0.01644747
-0.750	-0.350	0.000	-0.01656870
-0.650	-0.350	0.000	-0.01630056
-0.550	-0.350	0.000	-0.01624728
-0.450	-0.350	0.000	-0.01595294
-0.350	-0.350	0.000	-0.01591414
-0.250	-0.350	0.000	-0.01554484
-0.150	-0.350	0.000	-0.01539051
-0.050	-0.350	0.000	-0.01504770
0.050	-0.350	0.000	-0.01482349
0.150	-0.350	0.000	-0.01438481
0.250	-0.350	0.000	-0.01411980
0.350	-0.350	0.000	-0.01364556
0.450	-0.350	0.000	-0.01334938
0.550	-0.350	0.000	-0.01287248
0.650	-0.350	0.000	-0.01270553
0.750	-0.350	0.000	-0.01241647
0.850	-0.350	0.000	-0.01200168
0.950	-0.350	0.000	-0.01168520
1.050	-0.350	0.000	-0.01148716
1.150	-0.350	0.000	-0.01136105
1.250	-0.350	0.000	-0.01130081
1.350	-0.350	0.000	-0.01125144
1.450	-0.350	0.000	-0.01120698
1.550	-0.350	0.000	-0.01086504
1.650	-0.350	0.000	-0.01077650
1.750	-0.350	0.000	-0.01040187
1.850	-0.350	0.000	-0.01065646
1.950	-0.350	0.000	-0.01020419
2.050	-0.350	0.000	-0.01042481
2.150	-0.350	0.000	-0.01029620
2.250	-0.350	0.000	-0.01020074
2.350	-0.350	0.000	-0.01026109
2.450	-0.350	0.000	-0.01013368
-2.450	-0.250	0.000	-0.01589542
-2.350	-0.250	0.000	-0.01608131
-2.250	-0.250	0.000	-0.01696254
-2.150	-0.250	0.000	-0.01718970
-2.050	-0.250	0.000	-0.01752946
-1.950	-0.250	0.000	-0.01704768
-1.850	-0.250	0.000	-0.01691982
-1.750	-0.250	0.000	-0.01668435
-1.650	-0.250	0.000	-0.01641152
-1.550	-0.250	0.000	-0.01641664
-1.450	-0.250	0.000	-0.01625529
-1.350	-0.250	0.000	-0.01624530
-1.250	-0.250	0.000	-0.01583647
-1.150	-0.250	0.000	-0.01613073
-1.050	-0.250	0.000	-0.01582375
-0.950	-0.250	0.000	-0.01618723
-0.850	-0.250	0.000	-0.01596955
-0.750	-0.250	0.000	-0.01608928
-0.650	-0.250	0.000	-0.01581575
-0.550	-0.250	0.000	-0.01577111
-0.450	-0.250	0.000	-0.01547918
-0.350	-0.250	0.000	-0.01544480
-0.250	-0.250	0.000	-0.01508182
-0.150	-0.250	0.000	-0.01491226
-0.050	-0.250	0.000	-0.01456598
0.050	-0.250	0.000	-0.01436090
0.150	-0.250	0.000	-0.01392598
0.250	-0.250	0.000	-0.01365981
0.350	-0.250	0.000	-0.01318969
0.450	-0.250	0.000	-0.01289508
0.550	-0.250	0.000	-0.01242492
0.650	-0.250	0.000	-0.01225164
0.750	-0.250	0.000	-0.01197465
0.850	-0.250	0.000	-0.01156077
0.950	-0.250	0.000	-0.01125010
1.050	-0.250	0.000	-0.01105933
1.150	-0.250	0.000	-0.01092487
1.250	-0.250	0.000	-0.01085190
1.350	-0.250	0.000	-0.01079099
1.450	-0.250	0.000	-0.01076467
1.550	-0.250	0.000	-0.01043211
1.650	-0.250	0.000	-0.01031901
1.750	-0.250	0.000	-0.00991022
1.850	-0.250	0.000	-0.01014897
1.950	-0.250	0.000	-0.00969291
2.050	-0.250	0.000	-0.00989213
2.150	-0.250	0.000	-0.00976950
2.250	-0.250	0.000	-0.00969161
2.350	-0.250	0.000	-0.00975557
2.450	-0.250	0.000	-0.00965438
-2.450	-0.150	0.000	-0.01531525
-2.350	-0.150	0.000	-0.01550454
-2.250	-0.150	0.000	-0.01638953
-2.150	-0.150	0.000	-0.01661840
-2.050	-0.150	0.000	-0.01698306
-1.950	-0.150	0.000	-0.01650527
-1.850	-0.150	0.000	-0.01637578
-1.750	-0.150	0.000	-0.01614164
-1.650	-0.150	0.000	-0.01587207
-1.550	-0.150	0.000	-0.01587057
-1.450	-0.150	0.000	-0.01571065
-1.350	-0.150	0.000	-0.01571949
-1.250	-0.150	0.000	-0.01531606
-1.150	-0.150	0.000	-0.01561361
-1.050	-0.150	0.000	-0.01531273
-0.950	-0.150	0.000	-0.01569897
-0.850	-0.150	0.000	-0.01548538
-0.750	-0.150	0.000	-0.01559438
-0.650	-0.150	0.000	-0.01532046
-0.550	-0.150	0.000	-0.01530600
-0.450	-0.150	0.000	-0.01502343
-0.350	-0.150	0.000	-0.01499381
-0.250	-0.150	0.000	-0.01465472
-0.150	-0.150	0.000	-0.01448003
-0.050	-0.150	0.000	-0.01412937
0.050	-0.150	0.000	-0.01394409
0.150	-0.150	0.000	-0.01351601
0.250	-0.150	0.000	-0.01324537
0.350	-0.150	0.000	-0.01278599
0.450	-0.150	0.000	-0.01249140
0.550	-0.150	0.000	-0.01203051
0.650	-0.150	0.000	-0.01185181
0.750	-0.150	0.000	-0.01158143
0.850	-0.150	0.000	-0.01117071
0.950	-0.150	0.000	-0.01085195
1.050	-0.150	0.000	-0.01067288
1.150	-0.150	0.000	-0.01053357
1.250	-0.150	0.000	-0.01045072
1.350	-0.150	0.000	-0.01038475
1.450	-0.150	0.000	-0.01035514
1.550	-0.150	0.000	-0.01001456
1.650	-0.150	0.000	-0.00989230
1.750	-0.150	0.000	-0.00948481
1.850	-0.150	0.000	-0.00973046
1.950	-0.150	0.000	-0.00927532
2.050	-0.150	0.000	-0.00947841
2.150	-0.150	0.000	-0.00936268
2.250	-0.150	0.000	-0.00926774
2.350	-0.150	0.000	-0.00934036
2.450	-0.150	0.000	-0.00924347
-2.450	-0.050	0.000	-0.01478304
-2.350	-0.050	0.000	-0.01497074
-2.250	-0.050	0.000	-0.01586413
-2.150	-0.050	0.000	-0.01609423
-2.050	-0.050	0.000	-0.01646576
-1.950	-0.050	0.000	-0.01599017
-1.850	-0.050	0.000	-0.01585625
-1.750	-0.050	0.000	-0.01562340
-1.650	-0.050	0.000	-0.01535430
-1.550	-0.050	0.000	-0.01534061
-1.450	-0.050	0.000	-0.01517909
-1.350	-0.050	0.000	-0.01520548
-1.250	-0.050	0.000	-0.01480908
-1.150	-0.050	0.000	-0.01511268
-1.050	-0.050	0.000	-0.01481651
-0.950	-0.050	0.000	-0.01521950
-0.850	-0.050	0.000	-0.01501107
-0.750	-0.050	0.000	-0.01511561
-0.650	-0.050	0.000	-0.01483927
-0.550	-0.050	0.000	-0.01483388
-0.450	-0.050	0.000	-0.01454521
-0.350	-0.050	0.000	-0.01450746
-0.250	-0.050	0.000	-0.01417695
-0.150	-0.050	0.000	-0.01399858
-0.050	-0.050	0.000	-0.01365841
0.050	-0.050	0.000	-0.01350541
0.150	-0.050	0.000	-0.01309496
0.250	-0.050	0.000	-0.01283957
0.350	-0.050	0.000	-0.01239955
0.450	-0.050	0.000	-0.01211508
0.550	-0.050	0.000	-0.01166804
0.650	-0.050	0.000	-0.01148435
0.750	-0.050	0.000	-0.01121994
0.850	-0.050	0.000	-0.01080531
0.950	-0.050	0.000	-0.01048667
1.050	-0.050	0.000	-0.01031735
1.150	-0.050	0.000	-0.01018103
1.250	-0.050	0.000	-0.01009474
1.350	-0.050	0.000	-0.01000951
1.450	-0.050	0.000	-0.00998620
1.550	-0.050	0.000	-0.00964438
1.650	-0.050	0.000	-0.00952095
1.750	-0.050	0.000	-0.00912078
1.850	-0.050	0.000	-0.00935578
1.950	-0.050	0.000	-0.00889275
2.050	-0.050	0.000	-0.00908299
2.150	-0.050	0.000	-0.00897211
2.250	-0.050	0.000	-0.00887249
2.350	-0.050	0.000	-0.00894399
2.450	-0.050	0.000	-0.00886577
-2.450	0.050	0.000	-0.01422937
-2.350	0.050	0.000	-0.01442162
-2.250	0.050	0.000	-0.01531630
-2.150	0.050	0.000	-0.01554750
-2.050	0.050	0.000	-0.01593389
-1.950	0.050	0.000	-0.01546139
-1.850	0.050	0.000	-0.01532591
-1.750	0.050	0.000	-0.01509471
-1.650	0.050	0.000	-0.01482655
-1.550	0.050	0.000	-0.01480123
-1.450	0.050	0.000	-0.01463605
-1.350	0.050	0.000	-0.01467329
-1.250	0.050	0.000	-0.01428984
-1.150	0.050	0.000	-0.01459870
-1.050	0.050	0.000	-0.01431120
-0.950	0.050	0.000	-0.01473320
-0.850	0.050	0.000	-0.01452205
-0.750	0.050	0.000	-0.01462082
-0.650	0.050	0.000	-0.01435024
-0.550	0.050	0.000	-0.01436676
-0.450	0.050	0.000	-0.01408067
-0.350	0.050	0.000	-0.01404889
-0.250	0.050	0.000	-0.01372942
-0.150	0.050	0.000	-0.01355990
-0.050	0.050	0.000	-0.01322974
0.050	0.050	0.000	-0.01309307
0.150	0.050	0.000	-0.01270104
0.250	0.050	0.000	-0.01245228
0.350	0.050	0.000	-0.01202382
0.450	0.050	0.000	-0.01174498
0.550	0.050	0.000	-0.01131203
0.650	0.050	0.000	-0.01113581
0.750	0.050	0.000	-0.01088118
0.850	0.050	0.000	-0.01046326
0.950	0.050	0.000	-0.01013838
1.050	0.050	0.000	-0.00998074
1.150	0.050	0.000	-0.00984478
1.250	0.050	0.000	-0.00976425
1.350	0.050	0.000	-0.00968864
1.450	0.050	0.000	-0.00967825
1.550	0.050	0.000	-0.00933663
1.650	0.050	0.000	-0.00919604
1.750	0.050	0.000	-0.00877308
1.850	0.050	0.000	-0.00899708
1.950	0.050	0.000	-0.00854492
2.050	0.050	0.000	-0.00873087
2.150	0.050	0.000	-0.00860973
2.250	0.050	0.000	-0.00850402
2.350	0.050	0.000	-0.00857603
2.450	0.050	0.000	-0.00850287
-2.450	0.150	0.000	-0.01372398
-2.350	0.150	0.000	-0.01391728
-2.250	0.150	0.000	-0.01482623
-2.150	0.150	0.000	-0.01505454
-2.050	0.150	0.000	-0.01544630
-1.950	0.150	0.000	-0.01497676
-1.850	0.150	0.000	-0.01483269
-1.750	0.150	0.000	-0.01459955
-1.650	0.150	0.000	-0.01432218
-1.550	0.150	0.000	-0.01428614
-1.450	0.150	0.000	-0.01411249
-1.350	0.150	0.000	-0.01416114
-1.250	0.150	0.000	-0.01378853
-1.150	0.150	0.000	-0.01410726
-1.050	0.150	0.000	-0.01382503
-0.950	0.150	0.000	-0.01425600
-0.850	0.150	0.000	-0.01403935
-0.750	0.150	0.000	-0.01413744
-0.650	0.150	0.000	-0.01386249
-0.550	0.150	0.000	-0.01389215
-0.450	0.150	0.000	-0.01360943
-0.350	0.150	0.000	-0.01357357
-0.250	0.150	0.000	-0.01327149
-0.150	0.150	0.000	-0.01310922
-0.050	0.150	0.000	-0.01278286
0.050	0.150	0.000	-0.01265638
0.150	0.150	0.000	-0.01228157
0.250	0.150	0.000	-0.01204283
0.350	0.150	0.000	-0.01162801
0.450	0.150	0.000	-0.01136498
0.550	0.150	0.000	-0.01095443
0.650	0.150	0.000	-0.01078397
0.750	0.150	0.000	-0.01055039
0.850	0.150	0.000	-0.01013827
0.950	0.150	0.000	-0.00982262
1.050	0.150	0.000	-0.00967996
1.150	0.150	0.000	-0.00954072
1.250	0.150	0.000	-0.00945835
1.350	0.150	0.000	-0.00936305
1.450	0.150	0.000	-0.00935169
1.550	0.150	0.000	-0.00900982
1.650	0.150	0.000	-0.00888124
1.750	0.150	0.000	-0.00846749
1.850	0.150	0.000	-0.00869058
1.950	0.150	0.000	-0.00825281
2.050	0.150	0.000	-0.00841816
2.150	0.150	0.000	-0.00831452
2.250	0.150	0.000	-0.00820426
2.350	0.150	0.000	-0.00826450
2.450	0.150	0.000	-0.00820811
-2.450	0.250	0.000	-0.01316033
-2.350	0.250	0.000	-0.01335150
-2.250	0.250	0.000	-0.01426205
-2.150	0.250	0.000	-0.01448386
-2.050	0.250	0.000	-0.01489590
-1.950	0.250	0.000	-0.01443928
-1.850	0.250	0.000	-0.01429863
-1.750	0.250	0.000	-0.01406683
-1.650	0.250	0.000	-0.01379166
-1.550	0.250	0.000	-0.01374981
-1.450	0.250	0.000	-0.01356698
-1.350	0.250	0.000	-0.01362731
-1.250	0.250	0.000	-0.01327580
-1.150	0.250	0.000	-0.01359957
-1.050	0.250	0.000	-0.01332231
-0.950	0.250	0.000	-0.01377203
-0.850	0.250	0.000	-0.01355430
-0.750	0.250	0.000	-0.01364587
-0.650	0.250	0.000	-0.01337003
-0.550	0.250	0.000	-0.01341920
-0.450	0.250	0.000	-0.01313403
-0.350	0.250	0.000	-0.01310073
-0.250	0.250	0.000	-0.01281336
-0.150	0.250	0.000	-0.01266959
-0.050	0.250	0.000	-0.01236261
0.050	0.250	0.000	-0.01225056
0.150	0.250	0.000	-0.01189684
0.250	0.250	0.000	-0.01166707
0.350	0.250	0.000	-0.01126960
0.450	0.250	0.000	-0.01102411
0.550	0.250	0.000	-0.01063193
0.650	0.250	0.000	-0.01046704
0.750	0.250	0.000	-0.01024365
0.850	0.250	0.000	-0.00983469
0.950	0.250	0.000	-0.00951843
1.050	0.250	0.000	-0.00938330
1.150	0.250	0.000	-0.00924555
1.250	0.250	0.000	-0.00916388
1.350	0.250	0.000	-0.00906757
1.450	0.250	0.000	-0.00906684
1.550	0.250	0.000	-0.00872567
1.650	0.250	0.000	-0.00860199
1.750	0.250	0.000	-0.00818591
1.850	0.250	0.000	-0.00839879
1.950	0.250	0.000	-0.00796335
2.050	0.250	0.000	-0.00811900
2.150	0.250	0.000	-0.00800999
2.250	0.250	0.000	-0.00788232
2.350	0.250	0.000	-0.00796284
2.450	0.250	0.000	-0.00791369
-2.450	0.350	0.000	-0.01267401
-2.350	0.350	0.000	-0.01286542
-2.250	0.350	0.000	-0.01378688
-2.150	0.350	0.000	-0.01400412
-2.050	0.350	0.000	-0.01441386
-1.950	0.350	0.000	-0.01396161
-1.850	0.350	0.000	-0.01382050
-1.750	0.350	0.000	-0.01359201
-1.650	0.350	0.000	-0.01331215
-1.550	0.350	0.000	-0.01326295
-1.450	0.350	0.000	-0.01306693
-1.350	0.350	0.000	-0.01313616
-1.250	0.350	0.000	-0.01280015
-1.150	0.350	0.000	-0.01312986
-1.050	0.350	0.000	-0.01285810
-0.950	0.350	0.000	-0.01331263
-0.850	0.350	0.000	-0.01307988
-0.750	0.350	0.000	-0.01317483
-0.650	0.350	0.000	-0.01289585
-0.550	0.350	0.000	-0.01294753
-0.450	0.350	0.000	-0.01266172
-0.350	0.350	0.000	-0.01262493
-0.250	0.350	0.000	-0.01234504
-0.150	0.350	0.000	-0.01221688
-0.050	0.350	0.000	-0.01191964
0.050	0.350	0.000	-0.01180864
0.150	0.350	0.000	-0.01147284
0.250	0.350	0.000	-0.01125323
0.350	0.350	0.000	-0.01087671
0.450	0.350	0.000	-0.01064973
0.550	0.350	0.000	-0.01028419
0.650	0.350	0.000	-0.01013714
0.750	0.350	0.000	-0.00993209
0.850	0.350	0.000	-0.00953047
0.950	0.350	0.000	-0.00922483
1.050	0.350	0.000	-0.00909441
1.150	0.350	0.000	-0.00895485
1.250	0.350	0.000	-0.00888607
1.350	0.350	0.000	-0.00877826
1.450	0.350	0.000	-0.00878226
1.550	0.350	0.000	-0.00843673
1.650	0.350	0.000	-0.00830959
1.750	0.350	0.000	-0.00788283
1.850	0.350	0.000	-0.00810677
1.950	0.350	0.000	-0.00770246
2.050	0.350	0.000	-0.00785660
2.150	0.350	0.000	-0.00774025
2.250	0.350	0.000	-0.00762174
2.350	0.350	0.000	-0.00768633
2.450	0.350	0.000	-0.00762716
-2.450	0.450	0.000	-0.01216403
-2.350	0.450	0.000	-0.01235521
-2.250	0.450	0.000	-0.01328010
-2.150	0.450	0.000	-0.01349379
-2.050	0.450	0.000	-0.01391566
-1.950	0.450	0.000	-0.01347167
-1.850	0.450	0.000	-0.01333408
-1.750	0.450	0.000	-0.01310716
-1.650	0.450	0.000	-0.01282977
-1.550	0.450	0.000	-0.01277372
-1.450	0.450	0.000	-0.01256357
-1.350	0.450	0.000	-0.01264844
-1.250	0.450	0.000	-0.01233451
-1.150	0.450	0.000	-0.01266932
-1.050	0.450	0.000	-0.01240043
-0.950	0.450	0.000	-0.01287392
-0.850	0.450	0.000	-0.01264168
-0.750	0.450	0.000	-0.01272792
-0.650	0.450	0.000	-0.01245348
-0.550	0.450	0.000	-0.01252555
-0.450	0.450	0.000	-0.01223889
-0.350	0.450	0.000	-0.01219558
-0.250	0.450	0.000	-0.01192502
-0.150	0.450	0.000	-0.01182051
-0.050	0.450	0.000	-0.01153757
0.050	0.450	0.000	-0.01143124
0.150	0.450	0.000	-0.01111719
0.250	0.450	0.000	-0.01090968
0.350	0.450	0.000	-0.01055320
0.450	0.450	0.000	-0.01034843
0.550	0.450	0.000	-0.00999192
0.650	0.450	0.000	-0.00984919
0.750	0.450	0.000	-0.00964454
0.850	0.450	0.000	-0.00924641
0.950	0.450	0.000	-0.00894415
1.050	0.450	0.000	-0.00881395
1.150	0.450	0.000	-0.00867048
1.250	0.450	0.000	-0.00859943
1.350	0.450	0.000	-0.00848242
1.450	0.450	0.000	-0.00848951
1.550	0.450	0.000	-0.00816435
1.650	0.450	0.000	-0.00806719
1.750	0.450	0.000	-0.00765240
1.850	0.450	0.000	-0.00787868
1.950	0.450	0.000	-0.00748445
2.050	0.450	0.000	-0.00763339
2.150	0.450	0.000	-0.00752118
2.250	0.450	0.000	-0.00738090
2.350	0.450	0.000	-0.00745990
2.450	0.450	0.000	-0.00740260
-2.450	0.550	0.000	-0.01170213
-2.350	0.550	0.000	-0.01188848
-2.250	0.550	0.000	-0.01281496
-2.150	0.550	0.000	-0.01301480
-2.050	0.550	0.000	-0.01343546
-1.950	0.550	0.000	-0.01300208
-1.850	0.550	0.000	-0.01286332
-1.750	0.550	0.000	-0.01264385
-1.650	0.550	0.000	-0.01236487
-1.550	0.550	0.000	-0.01230491
-1.450	0.550	0.000	-0.01208414
-1.350	0.550	0.000	-0.01218109
-1.250	0.550	0.000	-0.01188107
-1.150	0.550	0.000	-0.01221870
-1.050	0.550	0.000	-0.01195550
-0.950	0.550	0.000	-0.01242980
-0.850	0.550	0.000	-0.01218392
-0.750	0.550	0.000	-0.01226835
-0.650	0.550	0.000	-0.01198659
-0.550	0.550	0.000	-0.01206571
-0.450	0.550	0.000	-0.01177478
-0.350	0.550	0.000	-0.01173166
-0.250	0.550	0.000	-0.01147828
-0.150	0.550	0.000	-0.01138747
-0.050	0.550	0.000	-0.01111083
0.050	0.550	0.000	-0.01100453
0.150	0.550	0.000	-0.01071305
0.250	0.550	0.000	-0.01051447
0.350	0.550	0.000	-0.01018141
0.450	0.550	0.000	-0.00999731
0.550	0.550	0.000	-0.00965815
0.650	0.550	0.000	-0.00953497
0.750	0.550	0.000	-0.00934793
0.850	0.550	0.000	-0.00896243
0.950	0.550	0.000	-0.00866901
1.050	0.550	0.000	-0.00853858
1.150	0.550	0.000	-0.00839966
1.250	0.550	0.000	-0.00834862
1.350	0.550	0.000	-0.00822614
1.450	0.550	0.000	-0.00824062
1.550	0.550	0.000	-0.00791515
1.650	0.550	0.000	-0.00782157
1.750	0.550	0.000	-0.00740675
1.850	0.550	0.000	-0.00764371
1.950	0.550	0.000	-0.00726787
2.050	0.550	0.000	-0.00741657
2.150	0.550	0.000	-0.00729873
2.250	0.550	0.000	-0.00716073
2.350	0.550	0.000	-0.00723844
2.450	0.550	0.000	-0.00717946
-2.450	0.650	0.000	-0.01122542
-2.350	0.650	0.000	-0.01142151
-2.250	0.650	0.000	-0.01235818
-2.150	0.650	0.000	-0.01255474
-2.050	0.650	0.000	-0.01298219
-1.950	0.650	0.000	-0.01255131
-1.850	0.650	0.000	-0.01240717
-1.750	0.650	0.000	-0.01218765
-1.650	0.650	0.000	-0.01191309
-1.550	0.650	0.000	-0.01184679
-1.450	0.650	0.000	-0.01161881
-1.350	0.650	0.000	-0.01173280
-1.250	0.650	0.000	-0.01144524
-1.150	0.650	0.000	-0.01178471
-1.050	0.650	0.000	-0.01152872
-0.950	0.650	0.000	-0.01201977
-0.850	0.650	0.000	-0.01177809
-0.750	0.650	0.000	-0.01186228
-0.650	0.650	0.000	-0.01158858
-0.550	0.650	0.000	-0.01168686
-0.450	0.650	0.000	-0.01139587
-0.350	0.650	0.000	-0.01134247
-0.250	0.650	0.000	-0.01109836
-0.150	0.650	0.000	-0.01103080
-0.050	0.650	0.000	-0.01076289
0.050	0.650	0.000	-0.01065756
0.150	0.650	0.000	-0.01038409
0.250	0.650	0.000	-0.01019542
0.350	0.650	0.000	-0.00987380
0.450	0.650	0.000	-0.00970339
0.550	0.650	0.000	-0.00936705
0.650	0.650	0.000	-0.00925284
0.750	0.650	0.000	-0.00906989
0.850	0.650	0.000	-0.00870338
0.950	0.650	0.000	-0.00840876
1.050	0.650	0.000	-0.00827734
1.150	0.650	0.000	-0.00814088
1.250	0.650	0.000	-0.00808787
1.350	0.650	0.000	-0.00796001
1.450	0.650	0.000	-0.00797347
1.550	0.650	0.000	-0.00766333
1.650	0.650	0.000	-0.00759324
1.750	0.650	0.000	-0.00719320
1.850	0.650	0.000	-0.00745429
1.950	0.650	0.000	-0.00710029
2.050	0.650	0.000	-0.00724577
2.150	0.650	0.000	-0.00712395
2.250	0.650	0.000	-0.00697088
2.350	0.650	0.000	-0.00703937
2.450	0.650	0.000	-0.00697524
-2.450	0.750	0.000	-0.01077558
-2.350	0.750	0.000	-0.01096699
-2.250	0.750	0.000	-0.01190193
-2.150	0.750	0.000	-0.01208710
-2.050	0.750	0.000	-0.01251128
-1.950	0.750	0.000	-0.01208048
-1.850	0.750	0.000	-0.01193044
-1.750	0.750	0.000	-0.01172203
-1.650	0.750	0.000	-0.01144348
-1.550	0.750	0.000	-0.01137384
-1.450	0.750	0.000	-0.01113504
-1.350	0.750	0.000	-0.01125443
-1.250	0.750	0.000	-0.01096823
-1.150	0.750	0.000	-0.01130001
-1.050	0.750	0.000	-0.01105109
-0.950	0.750	0.000	-0.01154505
-0.850	0.750	0.000	-0.01129956
-0.750	0.750	0.000	-0.01138606
-0.650	0.750	0.000	-0.01111102
-0.550	0.750	0.000	-0.01121323
-0.450	0.750	0.000	-0.01091564
-0.350	0.750	0.000	-0.01086462
-0.250	0.750	0.000	-0.01063381
-0.150	0.750	0.000	-0.01057900
-0.050	0.750	0.000	-0.01032509
0.050	0.750	0.000	-0.01022267
0.150	0.750	0.000	-0.00996536
0.250	0.750	0.000	-0.00979520
0.350	0.750	0.000	-0.00949524
0.450	0.750	0.000	-0.00934826
0.550	0.750	0.000	-0.00903336
0.650	0.750	0.000	-0.00894032
0.750	0.750	0.000	-0.00877424
0.850	0.750	0.000	-0.00843178
0.950	0.750	0.000	-0.00816210
1.050	0.750	0.000	-0.00804312
1.150	0.750	0.000	-0.00791194
1.250	0.750	0.000	-0.00787454
1.350	0.750	0.000	-0.00773985
1.450	0.750	0.000	-0.00774843
1.550	0.750	0.000	-0.00744430
1.650	0.750	0.000	-0.00738266
1.750	0.750	0.000	-0.00699920
1.850	0.750	0.000	-0.00727458
1.950	0.750	0.000	-0.00694155
2.050	0.750	0.000	-0.00709569
2.150	0.750	0.000	-0.00697378
2.250	0.750	0.000	-0.00681502
2.350	0.750	0.000	-0.00688281
2.450	0.750	0.000	-0.00682176
-2.450	0.850	0.000	-0.01031322
-2.350	0.850	0.000	-0.01051247
-2.250	0.850	0.000	-0.01144313
-2.150	0.850	0.000	-0.01162265
-2.050	0.850	0.000	-0.01203838
-1.950	0.850	0.000	-0.01161008
-1.850	0.850	0.000	-0.01144924
-1.750	0.850	0.000	-0.01123915
-1.650	0.850	0.000	-0.01096603
-1.550	0.850	0.000	-0.01088998
-1.450	0.850	0.000	-0.01065161
-1.350	0.850	0.000	-0.01078773
-1.250	0.850	0.000	-0.01051355
-1.150	0.850	0.000	-0.01085241
-1.050	0.850	0.000	-0.01061632
-0.950	0.850	0.000	-0.01112076
-0.850	0.850	0.000	-0.01087894
-0.750	0.850	0.000	-0.01096698
-0.650	0.850	0.000	-0.01069523
-0.550	0.850	0.000	-0.01081878
-0.450	0.850	0.000	-0.01051971
-0.350	0.850	0.000	-0.01046565
-0.250	0.850	0.000	-0.01025610
-0.150	0.850	0.000	-0.01021347
-0.050	0.850	0.000	-0.00996826
0.050	0.850	0.000	-0.00988149
0.150	0.850	0.000	-0.00964056
0.250	0.850	0.000	-0.00947778
0.350	0.850	0.000	-0.00917826
0.450	0.850	0.000	-0.00904209
0.550	0.850	0.000	-0.00873323
0.650	0.850	0.000	-0.00864685
0.750	0.850	0.000	-0.00847778
0.850	0.850	0.000	-0.00816158
0.950	0.850	0.000	-0.00789570
1.050	0.850	0.000	-0.00777917
1.150	0.850	0.000	-0.00766681
1.250	0.850	0.000	-0.00763750
1.350	0.850	0.000	-0.00751395
1.450	0.850	0.000	-0.00753434
1.550	0.850	0.000	-0.00724631
1.650	0.850	0.000	-0.00720792
1.750	0.850	0.000	-0.00683573
1.850	0.850	0.000	-0.00713870
1.950	0.850	0.000	-0.00682153
2.050	0.850	0.000	-0.00697017
2.150	0.850	0.000	-0.00684124
2.250	0.850	0.000	-0.00665359
2.350	0.850	0.000	-0.00669205
2.450	0.850	0.000	-0.00662475
-2.450	0.950	0.000	-0.00982952
-2.350	0.950	0.000	-0.01002495
-2.250	0.950	0.000	-0.01096527
-2.150	0.950	0.000	-0.01113037
-2.050	0.950	0.000	-0.01154871
-1.950	0.950	0.000	-0.01111632
-1.850	0.950	0.000	-0.01094871
-1.750	0.950	0.000	-0.01074553
-1.650	0.950	0.000	-0.01046960
-1.550	0.950	0.000	-0.01039860
-1.450	0.950	0.000	-0.01014736
-1.350	0.950	0.000	-0.01029251
-1.250	0.950	0.000	-0.01001224
-1.150	0.950	0.000	-0.01032854
-1.050	0.950	0.000	-0.01008989
-0.950	0.950	0.000	-0.01060106
-0.850	0.950	0.000	-0.01035444
-0.750	0.950	0.000	-0.01044093
-0.650	0.950	0.000	-0.01017456
-0.550	0.950	0.000	-0.01031333
-0.450	0.950	0.000	-0.01001655
-0.350	0.950	0.000	-0.00995994
-0.250	0.950	0.000	-0.00976432
-0.150	0.950	0.000	-0.00972423
-0.050	0.950	0.000	-0.00948160
0.050	0.950	0.000	-0.00940157
0.150	0.950	0.000	-0.00918009
0.250	0.950	0.000	-0.00903649
0.350	0.950	0.000	-0.00875694
0.450	0.950	0.000	-0.00864880
0.550	0.950	0.000	-0.00837186
0.650	0.950	0.000	-0.00830813
0.750	0.950	0.000	-0.00815574
0.850	0.950	0.000	-0.00787207
0.950	0.950	0.000	-0.00762752
1.050	0.950	0.000	-0.00752893
1.150	0.950	0.000	-0.00742730
1.250	0.950	0.000	-0.00741338
1.350	0.950	0.000	-0.00729734
1.450	0.950	0.000	-0.00732069
1.550	0.950	0.000	-0.00703825
1.650	0.950	0.000	-0.00702183
1.750	0.950	0.000	-0.00667116
1.850	0.950	0.000	-0.00698288
1.950	0.950	0.000	-0.00667667
2.050	0.950	0.000	-0.00681064
2.150	0.950	0.000	-0.00668056
2.250	0.950	0.000	-0.00647878
2.350	0.950	0.000	-0.00650619
2.450	0.950	0.000	-0.00644196
-2.450	1.050	0.000	-0.00940208
-2.350	1.050	0.000	-0.00960284
-2.250	1.050	0.000	-0.01052226
-2.150	1.050	0.000	-0.01068952
-2.050	1.050	0.000	-0.01107406
-1.950	1.050	0.000	-0.01063605
-1.850	1.050	0.000	-0.01045981
-1.750	1.050	0.000	-0.01026085
-1.650	1.050	0.000	-0.01000124
-1.550	1.050	0.000	-0.00993002
-1.450	1.050	0.000	-0.00968757
-1.350	1.050	0.000	-0.00983708
-1.250	1.050	0.000	-0.00956758
-1.150	1.050	0.000	-0.00988404
-1.050	1.050	0.000	-0.00966333
-0.950	1.050	0.000	-0.01018591
-0.850	1.050	0.000	-0.00994167
-0.750	1.050	0.000	-0.01004163
-0.650	1.050	0.000	-0.00976831
-0.550	1.050	0.000	-0.00991438
-0.450	1.050	0.000	-0.00961525
-0.350	1.050	0.000	-0.00955794
-0.250	1.050	0.000	-0.00937117
-0.150	1.050	0.000	-0.00933296
-0.050	1.050	0.000	-0.00909506
0.050	1.050	0.000	-0.00902866
0.150	1.050	0.000	-0.00882116
0.250	1.050	0.000	-0.00868494
0.350	1.050	0.000	-0.00840402
0.450	1.050	0.000	-0.00830281
0.550	1.050	0.000	-0.00802037
0.650	1.050	0.000	-0.00796468
0.750	1.050	0.000	-0.00779858
0.850	1.050	0.000	-0.00753095
0.950	1.050	0.000	-0.00729467
1.050	1.050	0.000	-0.00719251
1.150	1.050	0.000	-0.00710565
1.250	1.050	0.000	-0.00709228
1.350	1.050	0.000	-0.00699839
1.450	1.050	0.000	-0.00703534
1.550	1.050	0.000	-0.00676189
1.650	1.050	0.000	-0.00675953
1.750	1.050	0.000	-0.00644575
1.850	1.050	0.000	-0.00679508
1.950	1.050	0.000	-0.00650193
2.050	1.050	0.000	-0.00665661
2.150	1.050	0.000	-0.00650685
2.250	1.050	0.000	-0.00625232
2.350	1.050	0.000	-0.00625301
2.450	1.050	0.000	-0.00618558
-2.450	1.150	0.000	-0.00898902
-2.350	1.150	0.000	-0.00919060
-2.250	1.150	0.000	-0.01012757
-2.150	1.150	0.000	-0.01028938
-2.050	1.150	0.000	-0.01067775
-1.950	1.150	0.000	-0.01022599
-1.850	1.150	0.000	-0.01004224
-1.750	1.150	0.000	-0.00984091
-1.650	1.150	0.000	-0.00955755
-1.550	1.150	0.000	-0.00949034
-1.450	1.150	0.000	-0.00921450
-1.350	1.150	0.000	-0.00936627
-1.250	1.150	0.000	-0.00909995
-1.150	1.150	0.000	-0.00938949
-1.050	1.150	0.000	-0.00915855
-0.950	1.150	0.000	-0.00969402
-0.850	1.150	0.000	-0.00943738
-0.750	1.150	0.000	-0.00952744
-0.650	1.150	0.000	-0.00926427
-0.550	1.150	0.000	-0.00942898
-0.450	1.150	0.000	-0.00914156
-0.350	1.150	0.000	-0.00907849
-0.250	1.150	0.000	-0.00891278
-0.150	1.150	0.000	-0.00887368
-0.050	1.150	0.000	-0.00863514
0.050	1.150	0.000	-0.00857672
0.150	1.150	0.000	-0.00837580
0.250	1.150	0.000	-0.00824533
0.350	1.150	0.000	-0.00796579
0.450	1.150	0.000	-0.00787704
0.550	1.150	0.000	-0.00761373
0.650	1.150	0.000	-0.00757635
0.750	1.150	0.000	-0.00741223
0.850	1.150	0.000	-0.00717369
0.950	1.150	0.000	-0.00694682
1.050	1.150	0.000	-0.00686045
1.150	1.150	0.000	-0.00678312
1.250	1.150	0.000	-0.00676893
1.350	1.150	0.000	-0.00669330
1.450	1.150	0.000	-0.00674808
1.550	1.150	0.000	-0.00648130
1.650	1.150	0.000	-0.00652584
1.750	1.150	0.000	-0.00622790
1.850	1.150	0.000	-0.00657983
1.950	1.150	0.000	-0.00629683
2.050	1.150	0.000	-0.00643049
2.150	1.150	0.000	-0.00628926
2.250	1.150	0.000	-0.00602281
2.350	1.150	0.000	-0.00602827
2.450	1.150	0.000	-0.00596887
-2.450	1.250	0.000	-0.00861574
-2.350	1.250	0.000	-0.00880930
-2.250	1.250	0.000	-0.00971765
-2.150	1.250	0.000	-0.00988979
-2.050	1.250	0.000	-0.01024483
-1.950	1.250	0.000	-0.00978159
-1.850	1.250	0.000	-0.00958463
-1.750	1.250	0.000	-0.00939271
-1.650	1.250	0.000	-0.00912923
-1.550	1.250	0.000	-0.00907386
-1.450	1.250	0.000	-0.00881337
-1.350	1.250	0.000	-0.00896275
-1.250	1.250	0.000	-0.00869747
-1.150	1.250	0.000	-0.00896714
-1.050	1.250	0.000	-0.00874561
-0.950	1.250	0.000	-0.00928086
-0.850	1.250	0.000	-0.00901417
-0.750	1.250	0.000	-0.00912722
-0.650	1.250	0.000	-0.00886732
-0.550	1.250	0.000	-0.00904085
-0.450	1.250	0.000	-0.00876925
-0.350	1.250	0.000	-0.00870713
-0.250	1.250	0.000	-0.00854972
-0.150	1.250	0.000	-0.00851978
-0.050	1.250	0.000	-0.00828312
0.050	1.250	0.000	-0.00822889
0.150	1.250	0.000	-0.00804237
0.250	1.250	0.000	-0.00792051
0.350	1.250	0.000	-0.00762615
0.450	1.250	0.000	-0.00754164
0.550	1.250	0.000	-0.00727273
0.650	1.250	0.000	-0.00723099
0.750	1.250	0.000	-0.00705207
0.850	1.250	0.000	-0.00682322
0.950	1.250	0.000	-0.00659822
1.050	1.250	0.000	-0.00650880
1.150	1.250	0.000	-0.00644591
1.250	1.250	0.000	-0.00642916
1.350	1.250	0.000	-0.00637004
1.450	1.250	0.000	-0.00641576
1.550	1.250	0.000	-0.00615504
1.650	1.250	0.000	-0.00622230
1.750	1.250	0.000	-0.00597327
1.850	1.250	0.000	-0.00636392
1.950	1.250	0.000	-0.00609349
2.050	1.250	0.000	-0.00625018
2.150	1.250	0.000	-0.00611152
2.250	1.250	0.000	-0.00581450
2.350	1.250	0.000	-0.00581296
2.450	1.250	0.000	-0.00574950
-2.450	1.350	0.000	-0.00824143
-2.350	1.350	0.000	-0.00842877
-2.250	1.350	0.000	-0.00933688
-2.150	1.350	0.000	-0.00950803
-2.050	1.350	0.000	-0.00983355
-1.950	1.350	0.000	-0.00935617
-1.850	1.350	0.000	-0.00914262
-1.750	1.350	0.000	-0.00893917
-1.650	1.350	0.000	-0.00864372
-1.550	1.350	0.000	-0.00859186
-1.450	1.350	0.000	-0.00831051
-1.350	1.350	0.000	-0.00843940
-1.250	1.350	0.000	-0.00817551
-1.150	1.350	0.000	-0.00844598
-1.050	1.350	0.000	-0.00822919
-0.950	1.350	0.000	-0.00876188
-0.850	1.350	0.000	-0.00848271
-0.750	1.350	0.000	-0.00860391
-0.650	1.350	0.000	-0.00836486
-0.550	1.350	0.000	-0.00854663
-0.450	1.350	0.000	-0.00829461
-0.350	1.350	0.000	-0.00822921
-0.250	1.350	0.000	-0.00808605
-0.150	1.350	0.000	-0.00806636
-0.050	1.350	0.000	-0.00784260
0.050	1.350	0.000	-0.00779618
0.150	1.350	0.000	-0.00761350
0.250	1.350	0.000	-0.00751511
0.350	1.350	0.000	-0.00721479
0.450	1.350	0.000	-0.00714496
0.550	1.350	0.000	-0.00689236
0.650	1.350	0.000	-0.00686278
0.750	1.350	0.000	-0.00668741
0.850	1.350	0.000	-0.00648208
0.950	1.350	0.000	-0.00626277
1.050	1.350	0.000	-0.00617983
1.150	1.350	0.000	-0.00613015
1.250	1.350	0.000	-0.00612999
1.350	1.350	0.000	-0.00608983
1.450	1.350	0.000	-0.00616663
1.550	1.350	0.000	-0.00591404
1.650	1.350	0.000	-0.00602445
1.750	1.350	0.000	-0.00578904
1.850	1.350	0.000	-0.00618238
1.950	1.350	0.000	-0.00591688
2.050	1.350	0.000	-0.00604946
2.150	1.350	0.000	-0.00591739
2.250	1.350	0.000	-0.00561958
2.350	1.350	0.000	-0.00563106
2.450	1.350	0.000	-0.00556269
-2.450	1.450	0.000	-0.00780908
-2.350	1.450	0.000	-0.00799685
-2.250	1.450	0.000	-0.00888712
-2.150	1.450	0.000	-0.00906991
-2.050	1.450	0.000	-0.00936743
-1.950	1.450	0.000	-0.00887813
-1.850	1.450	0.000	-0.00864534
-1.750	1.450	0.000	-0.00844503
-1.650	1.450	0.000	-0.00815638
-1.550	1.450	0.000	-0.00810903
-1.450	1.450	0.000	-0.00783197
-1.350	1.450	0.000	-0.00795407
-1.250	1.450	0.000	-0.00769455
-1.150	1.450	0.000	-0.00796247
-1.050	1.450	0.000	-0.00775907
-0.950	1.450	0.000	-0.00828160
-0.850	1.450	0.000	-0.00799896
-0.750	1.450	0.000	-0.00814062
-0.650	1.450	0.000	-0.00791271
-0.550	1.450	0.000	-0.00809981
-0.450	1.450	0.000	-0.00785924
-0.350	1.450	0.000	-0.00780386
-0.250	1.450	0.000	-0.00768310
-0.150	1.450	0.000	-0.00766741
-0.050	1.450	0.000	-0.00746221
0.050	1.450	0.000	-0.00742294
0.150	1.450	0.000	-0.00724742
0.250	1.450	0.000	-0.00717079
0.350	1.450	0.000	-0.00685226
0.450	1.450	0.000	-0.00679222
0.550	1.450	0.000	-0.00654040
0.650	1.450	0.000	-0.00650901
0.750	1.450	0.000	-0.00633596
0.850	1.450	0.000	-0.00615465
0.950	1.450	0.000	-0.00594702
1.050	1.450	0.000	-0.00587632
1.150	1.450	0.000	-0.00584321
1.250	1.450	0.000	-0.00584871
1.350	1.450	0.000	-0.00583141
1.450	1.450	0.000	-0.00590812
1.550	1.450	0.000	-0.00566309
1.650	1.450	0.000	-0.00579004
1.750	1.450	0.000	-0.00559127
1.850	1.450	0.000	-0.00600741
1.950	1.450	0.000	-0.00575566
2.050	1.450	0.000	-0.00590983
2.150	1.450	0.000	-0.00577140
2.250	1.450	0.000	-0.00545352
2.350	1.450	0.000	-0.00546709
2.450	1.450	0.000	-0.00538161
-2.450	1.550	0.000	-0.00737910
-2.350	1.550	0.000	-0.00756665
-2.250	1.550	0.000	-0.00844883
-2.150	1.550	0.000	-0.00863312
-2.050	1.550	0.000	-0.00889743
-1.950	1.550	0.000	-0.00839491
-1.850	1.550	0.000	-0.00814916
-1.750	1.550	0.000	-0.00794059
-1.650	1.550	0.000	-0.00762598
-1.550	1.550	0.000	-0.00758497
-1.450	1.550	0.000	-0.00730361
-1.350	1.550	0.000	-0.00740428
-1.250	1.550	0.000	-0.00714100
-1.150	1.550	0.000	-0.00742996
-1.050	1.550	0.000	-0.00722697
-0.950	1.550	0.000	-0.00772227
-0.850	1.550	0.000	-0.00743143
-0.750	1.550	0.000	-0.00759642
-0.650	1.550	0.000	-0.00738277
-0.550	1.550	0.000	-0.00754685
-0.450	1.550	0.000	-0.00732101
-0.350	1.550	0.000	-0.00729545
-0.250	1.550	0.000	-0.00718336
-0.150	1.550	0.000	-0.00716112
-0.050	1.550	0.000	-0.00698465
0.050	1.550	0.000	-0.00694423
0.150	1.550	0.000	-0.00676905
0.250	1.550	0.000	-0.00672093
0.350	1.550	0.000	-0.00639369
0.450	1.550	0.000	-0.00635236
0.550	1.550	0.000	-0.00611211
0.650	1.550	0.000	-0.00608601
0.750	1.550	0.000	-0.00593170
0.850	1.550	0.000	-0.00578155
0.950	1.550	0.000	-0.00557877
1.050	1.550	0.000	-0.00552917
1.150	1.550	0.000	-0.00549505
1.250	1.550	0.000	-0.00554151
1.350	1.550	0.000	-0.00555888
1.450	1.550	0.000	-0.00564863
1.550	1.550	0.000	-0.00542472
1.650	1.550	0.000	-0.00559476
1.750	1.550	0.000	-0.00542435
1.850	1.550	0.000	-0.00585673
1.950	1.550	0.000	-0.00559334
2.050	1.550	0.000	-0.00573000
2.150	1.550	0.000	-0.00561590
2.250	1.550	0.000	-0.00529992
2.350	1.550	0.000	-0.00530524
2.450	1.550	0.000	-0.00519093
-2.450	1.650	0.000	-0.00709589
-2.350	1.650	0.000	-0.00727105
-2.250	1.650	0.000	-0.00812945
-2.150	1.650	0.000	-0.00832422
-2.050	1.650	0.000	-0.00856587
-1.950	1.650	0.000	-0.00807209
-1.850	1.650	0.000	-0.00782669
-1.750	1.650	0.000	-0.00762780
-1.650	1.650	0.000	-0.00733980
-1.550	1.650	0.000	-0.00732193
-1.450	1.650	0.000	-0.00706075
-1.350	1.650	0.000	-0.00715259
-1.250	1.650	0.000	-0.00688843
-1.150	1.650	0.000	-0.00719346
-1.050	1.650	0.000	-0.00699214
-0.950	1.650	0.000	-0.00743121
-0.850	1.650	0.000	-0.00713291
-0.750	1.650	0.000	-0.00732247
-0.650	1.650	0.000	-0.00710263
-0.550	1.650	0.000	-0.00723356
-0.450	1.650	0.000	-0.00699684
-0.350	1.650	0.000	-0.00698963
-0.250	1.650	0.000	-0.00687050
-0.150	1.650	0.000	-0.00682489
-0.050	1.650	0.000	-0.00666267
0.050	1.650	0.000	-0.00661359
0.150	1.650	0.000	-0.00643019
0.250	1.650	0.000	-0.00638717
0.350	1.650	0.000	-0.00605378
0.450	1.650	0.000	-0.00601986
0.550	1.650	0.000	-0.00576870
0.650	1.650	0.000	-0.00574663
0.750	1.650	0.000	-0.00559385
0.850	1.650	0.000	-0.00546129
0.950	1.650	0.000	-0.00526200
1.050	1.650	0.000	-0.00522149
1.150	1.650	0.000	-0.00520402
1.250	1.650	0.000	-0.00526338
1.350	1.650	0.000	-0.00530710
1.450	1.650	0.000	-0.00540647
1.550	1.650	0.000	-0.00519628
1.650	1.650	0.000	-0.00538262
1.750	1.650	0.000	-0.00524108
1.850	1.650	0.000	-0.00568187
1.950	1.650	0.000	-0.00542142
2.050	1.650	0.000	-0.00559246
2.150	1.650	0.000	-0.00549709
2.250	1.650	0.000	-0.00517197
2.350	1.650	0.000	-0.00518680
2.450	1.650	0.000	-0.00504764
-2.450	1.750	0.000	-0.00706795
-2.350	1.750	0.000	-0.00723667
-2.250	1.750	0.000	-0.00808605
-2.150	1.750	0.000	-0.00828299
-2.050	1.750	0.000	-0.00849267
-1.950	1.750	0.000	-0.00800446
-1.850	1.750	0.000	-0.00776142
-1.750	1.750	0.000	-0.00754908
-1.650	1.750	0.000	-0.00723936
-1.550	1.750	0.000	-0.00722039
-1.450	1.750	0.000	-0.00695203
-1.350	1.750	0.000	-0.00701689
-1.250	1.750	0.000	-0.00674660
-1.150	1.750	0.000	-0.00707561
-1.050	1.750	0.000	-0.00686371
-0.950	1.750	0.000	-0.00726857
-0.850	1.750	0.000	-0.00696765
-0.750	1.750	0.000	-0.00717487
-0.650	1.750	0.000	-0.00696644
-0.550	1.750	0.000	-0.00705027
-0.450	1.750	0.000	-0.00682107
-0.350	1.750	0.000	-0.00683751
-0.250	1.750	0.000	-0.00670216
-0.150	1.750	0.000	-0.00665644
-0.050	1.750	0.000	-0.00649939
0.050	1.750	0.000	-0.00644376
0.150	1.750	0.000	-0.00625800
0.250	1.750	0.000	-0.00620542
0.350	1.750	0.000	-0.00586695
0.450	1.750	0.000	-0.00583788
0.550	1.750	0.000	-0.00557351
0.650	1.750	0.000	-0.00554837
0.750	1.750	0.000	-0.00540333
0.850	1.750	0.000	-0.00529799
0.950	1.750	0.000	-0.00508154
1.050	1.750	0.000	-0.00507140
1.150	1.750	0.000	-0.00504562
1.250	1.750	0.000	-0.00513417
1.350	1.750	0.000	-0.00519745
1.450	1.750	0.000	-0.00529997
1.550	1.750	0.000	-0.00510538
1.650	1.750	0.000	-0.00528706
1.750	1.750	0.000	-0.00518137
1.850	1.750	0.000	-0.00562244
1.950	1.750	0.000	-0.00536717
2.050	1.750	0.000	-0.00553555
2.150	1.750	0.000	-0.00544220
2.250	1.750	0.000	-0.00514281
2.350	1.750	0.000	-0.00514075
2.450	1.750	0.000	-0.00496979
-2.450	1.850	0.000	-0.00725108
-2.350	1.850	0.000	-0.00741333
-2.250	1.850	0.000	-0.00823532
-2.150	1.850	0.000	-0.00844008
-2.050	1.850	0.000	-0.00862415
-1.950	1.850	0.000	-0.00813045
-1.850	1.850	0.000	-0.00788928
-1.750	1.850	0.000	-0.00768270
-1.650	1.850	0.000	-0.00739199
-1.550	1.850	0.000	-0.00738579
-1.450	1.850	0.000	-0.00713210
-1.350	1.850	0.000	-0.00718804
-1.250	1.850	0.000	-0.00692644
-1.150	1.850	0.000	-0.00727878
-1.050	1.850	0.000	-0.00707773
-0.950	1.850	0.000	-0.00745172
-0.850	1.850	0.000	-0.00714444
-0.750	1.850	0.000	-0.00736911
-0.650	1.850	0.000	-0.00715748
-0.550	1.850	0.000	-0.00722699
-0.450	1.850	0.000	-0.00701117
-0.350	1.850	0.000	-0.00703158
-0.250	1.850	0.000	-0.00688576
-0.150	1.850	0.000	-0.00685397
-0.050	1.850	0.000	-0.00668168
0.050	1.850	0.000	-0.00660812
0.150	1.850	0.000	-0.00642242
0.250	1.850	0.000	-0.00634080
0.350	1.850	0.000	-0.00599638
0.450	1.850	0.000	-0.00596622
0.550	1.850	0.000	-0.00567992
0.650	1.850	0.000	-0.00565806
0.750	1.850	0.000	-0.00550258
0.850	1.850	0.000	-0.00540739
0.950	1.850	0.000	-0.00519563
1.050	1.850	0.000	-0.00516799
1.150	1.850	0.000	-0.00515027
1.250	1.850	0.000	-0.00522937
1.350	1.850	0.000	-0.00529543
1.450	1.850	0.000	-0.00539671
1.550	1.850	0.000	-0.00519126
1.650	1.850	0.000	-0.00538893
1.750	1.850	0.000	-0.00528183
1.850	1.850	0.000	-0.00572680
1.950	1.850	0.000	-0.00546371
2.050	1.850	0.000	-0.00565944
2.150	1.850	0.000	-0.00557021
2.250	1.850	0.000	-0.00524299
2.350	1.850	0.000	-0.00520044
2.450	1.850	0.000	-0.00501819
-2.450	1.950	0.000	-0.00796322
-2.350	1.950	0.000	-0.00812059
-2.250	1.950	0.000	-0.00893223
-2.150	1.950	0.000	-0.00913282
-2.050	1.950	0.000	-0.00929285
-1.950	1.950	0.000	-0.00880822
-1.850	1.950	0.000	-0.00857310
-1.750	1.950	0.000	-0.00835116
-1.650	1.950	0.000	-0.00806565
-1.550	1.950	0.000	-0.00804765
-1.450	1.950	0.000	-0.00778956
-1.350	1.950	0.000	-0.00782140
-1.250	1.950	0.000	-0.00754367
-1.150	1.950	0.000	-0.00788787
-1.050	1.950	0.000	-0.00764877
-0.950	1.950	0.000	-0.00796322
-0.850	1.950	0.000	-0.00762381
-0.750	1.950	0.000	-0.00784238
-0.650	1.950	0.000	-0.00761369
-0.550	1.950	0.000	-0.00758013
-0.450	1.950	0.000	-0.00734677
-0.350	1.950	0.000	-0.00737204
-0.250	1.950	0.000	-0.00717961
-0.150	1.950	0.000	-0.00713925
-0.050	1.950	0.000	-0.00694053
0.050	1.950	0.000	-0.00685149
0.150	1.950	0.000	-0.00665218
0.250	1.950	0.000	-0.00655684
0.350	1.950	0.000	-0.00620340
0.450	1.950	0.000	-0.00616591
0.550	1.950	0.000	-0.00587395
0.650	1.950	0.000	-0.00583532
0.750	1.950	0.000	-0.00567734
0.850	1.950	0.000	-0.00558361
0.950	1.950	0.000	-0.00534929
1.050	1.950	0.000	-0.00532533
1.150	1.950	0.000	-0.00528926
1.250	1.950	0.000	-0.00538813
1.350	1.950	0.000	-0.00545404
1.450	1.950	0.000	-0.00557531
1.550	1.950	0.000	-0.00536924
1.650	1.950	0.000	-0.00555060
1.750	1.950	0.000	-0.00548833
1.850	1.950	0.000	-0.00590112
1.950	1.950	0.000	-0.00567498
2.050	1.950	0.000	-0.00586143
2.150	1.950	0.000	-0.00580164
2.250	1.950	0.000	-0.00551844
2.350	1.950	0.000	-0.00547507
2.450	1.950	0.000	-0.00531465
-2.450	2.050	0.000	-0.00926099
-2.350	2.050	0.000	-0.00940089
-2.250	2.050	0.000	-0.01018986
-2.150	2.050	0.000	-0.01039871
-2.050	2.050	0.000	-0.01054095
-1.950	2.050	0.000	-0.01005193
-1.850	2.050	0.000	-0.00983891
-1.750	2.050	0.000	-0.00961354
-1.650	2.050	0.000	-0.00933524
-1.550	2.050	0.000	-0.00929907
-1.450	2.050	0.000	-0.00902851
-1.350	2.050	0.000	-0.00905833
-1.250	2.050	0.000	-0.00877489
-1.150	2.050	0.000	-0.00911214
-1.050	2.050	0.000	-0.00886958
-0.950	2.050	0.000	-0.00916207
-0.850	2.050	0.000	-0.00880881
-0.750	2.050	0.000	-0.00898816
-0.650	2.050	0.000	-0.00873696
-0.550	2.050	0.000	-0.00867692
-0.450	2.050	0.000	-0.00841311
-0.350	2.050	0.000	-0.00841480
-0.250	2.050	0.000	-0.00818944
-0.150	2.050	0.000	-0.00812847
-0.050	2.050	0.000	-0.00789550
0.050	2.050	0.000	-0.00778700
0.150	2.050	0.000	-0.00755012
0.250	2.050	0.000	-0.00741399
0.350	2.050	0.000	-0.00703111
0.450	2.050	0.000	-0.00695351
0.550	2.050	0.000	-0.00662408
0.650	2.050	0.000	-0.00655985
0.750	2.050	0.000	-0.00635810
0.850	2.050	0.000	-0.00623700
0.950	2.050	0.000	-0.00597765
1.050	2.050	0.000	-0.00591625
1.150	2.050	0.000	-0.00586513
1.250	2.050	0.000	-0.00593854
1.350	2.050	0.000	-0.00599884
1.450	2.050	0.000	-0.00609632
1.550	2.050	0.000	-0.00586626
1.650	2.050	0.000	-0.00608063
1.750	2.050	0.000	-0.00603213
1.850	2.050	0.000	-0.00649115
1.950	2.050	0.000	-0.00628427
2.050	2.050	0.000	-0.00653206
2.150	2.050	0.000	-0.00647799
2.250	2.050	0.000	-0.00618946
2.350	2.050	0.000	-0.00611617
2.450	2.050	0.000	-0.00595381
-2.450	2.150	0.000	-0.01090254
-2.350	2.150	0.000	-0.01104802
-2.250	2.150	0.000	-0.01183900
-2.150	2.150	0.000	-0.01203113
-2.050	2.150	0.000	-0.01215290
-1.950	2.150	0.000	-0.01164016
-1.850	2.150	0.000	-0.01142548
-1.750	2.150	0.000	-0.01118327
-1.650	2.150	0.000	-0.01092402
-1.550	2.150	0.000	-0.01086833
-1.450	2.150	0.000	-0.01058696
-1.350	2.150	0.000	-0.01058693
-1.250	2.150	0.000	-0.01029149
-1.150	2.150	0.000	-0.01061393
-1.050	2.150	0.000	-0.01032883
-0.950	2.150	0.000	-0.01058896
-0.850	2.150	0.000	-0.01023008
-0.750	2.150	0.000	-0.01036447
-0.650	2.150	0.000	-0.01007874
-0.550	2.150	0.000	-0.01000451
-0.450	2.150	0.000	-0.00971879
-0.350	2.150	0.000	-0.00967533
-0.250	2.150	0.000	-0.00943202
-0.150	2.150	0.000	-0.00936799
-0.050	2.150	0.000	-0.00909136
0.050	2.150	0.000	-0.00895658
0.150	2.150	0.000	-0.00869560
0.250	2.150	0.000	-0.00854817
0.350	2.150	0.000	-0.00814371
0.450	2.150	0.000	-0.00803955
0.550	2.150	0.000	-0.00768694
0.650	2.150	0.000	-0.00759345
0.750	2.150	0.000	-0.00736835
0.850	2.150	0.000	-0.00720926
0.950	2.150	0.000	-0.00692966
1.050	2.150	0.000	-0.00683563
1.150	2.150	0.000	-0.00674546
1.250	2.150	0.000	-0.00681393
1.350	2.150	0.000	-0.00685906
1.450	2.150	0.000	-0.00696084
1.550	2.150	0.000	-0.00673492
1.650	2.150	0.000	-0.00693484
1.750	2.150	0.000	-0.00691623
1.850	2.150	0.000	-0.00733489
1.950	2.150	0.000	-0.00717510
2.050	2.150	0.000	-0.00740995
2.150	2.150	0.000	-0.00739394
2.250	2.150	0.000	-0.00716516
2.350	2.150	0.000	-0.00710351
2.450	2.150	0.000	-0.00701353
-2.450	2.250	0.000	-0.01315269
-2.350	2.250	0.000	-0.01327028
-2.250	2.250	0.000	-0.01403618
-2.150	2.250	0.000	-0.01421233
-2.050	2.250	0.000	-0.01433791
-1.950	2.250	0.000	-0.01383422
-1.850	2.250	0.000	-0.01364955
-1.750	2.250	0.000	-0.01340657
-1.650	2.250	0.000	-0.01314137
-1.550	2.250	0.000	-0.01305983
-1.450	2.250	0.000	-0.01277469
-1.350	2.250	0.000	-0.01276366
-1.250	2.250	0.000	-0.01247327
-1.150	2.250	0.000	-0.01278682
-1.050	2.250	0.000	-0.01248472
-0.950	2.250	0.000	-0.01272149
-0.850	2.250	0.000	-0.01236221
-0.750	2.250	0.000	-0.01243625
-0.650	2.250	0.000	-0.01211866
-0.550	2.250	0.000	-0.01205644
-0.450	2.250	0.000	-0.01173339
-0.350	2.250	0.000	-0.01163481
-0.250	2.250	0.000	-0.01136344
-0.150	2.250	0.000	-0.01128104
-0.050	2.250	0.000	-0.01095317
0.050	2.250	0.000	-0.01081519
0.150	2.250	0.000	-0.01052670
0.250	2.250	0.000	-0.01031393
0.350	2.250	0.000	-0.00988867
0.450	2.250	0.000	-0.00974317
0.550	2.250	0.000	-0.00934320
0.650	2.250	0.000	-0.00923069
0.750	2.250	0.000	-0.00896120
0.850	2.250	0.000	-0.00877120
0.950	2.250	0.000	-0.00845048
1.050	2.250	0.000	-0.00830886
1.150	2.250	0.000	-0.00820336
1.250	2.250	0.000	-0.00822692
1.350	2.250	0.000	-0.00824085
1.450	2.250	0.000	-0.00832988
1.550	2.250	0.000	-0.00809401
1.650	2.250	0.000	-0.00829167
1.750	2.250	0.000	-0.00826369
1.850	2.250	0.000	-0.00874060
1.950	2.250	0.000	-0.00857322
2.050	2.250	0.000	-0.00886768
2.150	2.250	0.000	-0.00889954
2.250	2.250	0.000	-0.00868668
2.350	2.250	0.000	-0.00862769
2.450	2.250	0.000	-0.00855980
-2.450	2.350	0.000	-0.01545648
-2.350	2.350	0.000	-0.01556696
-2.250	2.350	0.000	-0.01633071
-2.150	2.350	0.000	-0.01649295
-2.050	2.350	0.000	-0.01662686
-1.950	2.350	0.000	-0.01612937
-1.850	2.350	0.000	-0.01595361
-1.750	2.350	0.000	-0.01569782
-1.650	2.350	0.000	-0.01545598
-1.550	2.350	0.000	-0.01536344
-1.450	2.350	0.000	-0.01508736
-1.350	2.350	0.000	-0.01506059
-1.250	2.350	0.000	-0.01477805
-1.150	2.350	0.000	-0.01510888
-1.050	2.350	0.000	-0.01480599
-0.950	2.350	0.000	-0.01502616
-0.850	2.350	0.000	-0.01467493
-0.750	2.350	0.000	-0.01474383
-0.650	2.350	0.000	-0.01441280
-0.550	2.350	0.000	-0.01431497
-0.450	2.350	0.000	-0.01398111
-0.350	2.350	0.000	-0.01387352
-0.250	2.350	0.000	-0.01358939
-0.150	2.350	0.000	-0.01349615
-0.050	2.350	0.000	-0.01315031
0.050	2.350	0.000	-0.01299701
0.150	2.350	0.000	-0.01268538
0.250	2.350	0.000	-0.01248312
0.350	2.350	0.000	-0.01204058
0.450	2.350	0.000	-0.01186583
0.550	2.350	0.000	-0.01145750
0.650	2.350	0.000	-0.01131854
0.750	2.350	0.000	-0.01102399
0.850	2.350	0.000	-0.01080554
0.950	2.350	0.000	-0.01045436
1.050	2.350	0.000	-0.01028439
1.150	2.350	0.000	-0.01015214
1.250	2.350	0.000	-0.01016707
1.350	2.350	0.000	-0.01016248
1.450	2.350	0.000	-0.01025075
1.550	2.350	0.000	-0.01001460
1.650	2.350	0.000	-0.01021098
1.750	2.350	0.000	-0.01017672
1.850	2.350	0.000	-0.01060972
1.950	2.350	0.000	-0.01046456
2.050	2.350	0.000	-0.01072661
2.150	2.350	0.000	-0.01077607
2.250	2.350	0.000	-0.01062548
2.350	2.350	0.000	-0.01058172
2.450	2.350	0.000	-0.01054061
-2.450	2.450	0.000	-0.01656415
-2.350	2.450	0.000	-0.01666351
-2.250	2.450	0.000	-0.01740136
-2.150	2.450	0.000	-0.01754984
-2.050	2.450	0.000	-0.01767816
-1.950	2.450	0.000	-0.01718666
-1.850	2.450	0.000	-0.01702383
-1.750	2.450	0.000	-0.01676807
-1.650	2.450	0.000	-0.01652637
-1.550	2.450	0.000	-0.01645047
-1.450	2.450	0.000	-0.01619087
-1.350	2.450	0.000	-0.01616568
-1.250	2.450	0.000	-0.01592773
-1.150	2.450	0.000	-0.01628893
-1.050	2.450	0.000	-0.01600286
-0.950	2.450	0.000	-0.01626004
-0.850	2.450	0.000	-0.01593290
-0.750	2.450	0.000	-0.01607006
-0.650	2.450	0.000	-0.01577859
-0.550	2.450	0.000	-0.01569248
-0.450	2.450	0.000	-0.01540998
-0.350	2.450	0.000	-0.01530936
-0.250	2.450	0.000	-0.01506598
-0.150	2.450	0.000	-0.01501458
-0.050	2.450	0.000	-0.01467210
0.050	2.450	0.000	-0.01455658
0.150	2.450	0.000	-0.01428806
0.250	2.450	0.000	-0.01406566
0.350	2.450	0.000	-0.01364114
0.450	2.450	0.000	-0.01347760
0.550	2.450	0.000	-0.01303096
0.650	2.450	0.000	-0.01290728
0.750	2.450	0.000	-0.01258376
0.850	2.450	0.000	-0.01236286
0.950	2.450	0.000	-0.01200578
1.050	2.450	0.000	-0.01183516
1.150	2.450	0.000	-0.01172829
1.250	2.450	0.000	-0.01172707
1.350	2.450	0.000	-0.01172028
1.450	2.450	0.000	-0.01178841
1.550	2.450	0.000	-0.01155634
1.650	2.450	0.000	-0.01173314
1.750	2.450	0.000	-0.01162909
1.850	2.450	0.000	-0.01210232
1.950	2.450	0.000	-0.01189969
2.050	2.450	0.000	-0.01215458
2.150	2.450	0.000	-0.01218367
2.250	2.450	0.000	-0.01195695
2.350	2.450	0.000	-0.01190549
2.450	2.450	0.000	-0.01178475
