-2.450	-2.450	0.000	0.15048674
-2.350	-2.450	0.000	0.12465924
-2.250	-2.450	0.000	0.06749170
-2.150	-2.450	0.000	0.00846094
-2.050	-2.450	0.000	-0.03949121
-1.950	-2.450	0.000	-0.06102523
-1.850	-2.450	0.000	-0.06959774
-1.750	-2.450	0.000	-0.07153710
-1.650	-2.450	0.000	-0.07110700
-1.550	-2.450	0.000	-0.06339851
-1.450	-2.450	0.000	-0.05509995
-1.350	-2.450	0.000	-0.04756995
-1.250	-2.450	0.000	-0.04284119
-1.150	-2.450	0.000	-0.04338722
-1.050	-2.450	0.000	-0.05830529
-0.950	-2.450	0.000	-0.08508556
-0.850	-2.450	0.000	-0.12077597
-0.750	-2.450	0.000	-0.14998783
-0.650	-2.450	0.000	-0.16289356
-0.550	-2.450	0.000	-0.16231005
-0.450	-2.450	0.000	-0.15356009
-0.350	-2.450	0.000	-0.13402863
-0.250	-2.450	0.000	-0.10866042
-0.150	-2.450	0.000	-0.07771903
-0.050	-2.450	0.000	-0.04391265
0.050	-2.450	0.000	-0.00798515
0.150	-2.450	0.000	0.03230288
0.250	-2.450	0.000	0.07225604
0.350	-2.450	0.000	0.10854102
0.450	-2.450	0.000	0.14471999
0.550	-2.450	0.000	0.17683423
0.650	-2.450	0.000	0.19790186
0.750	-2.450	0.000	0.21636119
0.850	-2.450	0.000	0.22026446
0.950	-2.450	0.000	0.21117596
1.050	-2.450	0.000	0.19463603
1.150	-2.450	0.000	0.17363383
1.250	-2.450	0.000	0.15219347
1.350	-2.450	0.000	0.13388902
1.450	-2.450	0.000	0.11950988
1.550	-2.450	0.000	0.10716366
1.650	-2.450	0.000	0.09929971
1.750	-2.450	0.000	0.09161461
1.850	-2.450	0.000	0.08700626
1.950	-2.450	0.000	0.07955642
2.050	-2.450	0.000	0.07607120
2.150	-2.450	0.000	0.06857544
2.250	-2.450	0.000	0.05082349
2.350	-2.450	0.000	0.04074968
2.450	-2.450	0.000	0.00709276
-2.450	-2.350	0.000	0.15237078
-2.350	-2.350	0.000	0.12320826
-2.250	-2.350	0.000	0.06337201
-2.150	-2.350	0.000	0.00460631
-2.050	-2.350	0.000	-0.03889027
-1.950	-2.350	0.000	-0.05712968
-1.850	-2.350	0.000	-0.06539198
-1.750	-2.350	0.000	-0.06745947
-1.650	-2.350	0.000	-0.06642906
-1.550	-2.350	0.000	-0.05722738
-1.450	-2.350	0.000	-0.04790833
-1.350	-2.350	0.000	-0.03971578
-1.250	-2.350	0.000	-0.03399982
-1.150	-2.350	0.000	-0.03342203
-1.050	-2.350	0.000	-0.04804642
-0.950	-2.350	0.000	-0.07758002
-0.850	-2.350	0.000	-0.11662245
-0.750	-2.350	0.000	-0.14800788
-0.650	-2.350	0.000	-0.16152476
-0.550	-2.350	0.000	-0.16054140
-0.450	-2.350	0.000	-0.14952783
-0.350	-2.350	0.000	-0.12958172
-0.250	-2.350	0.000	-0.10399833
-0.150	-2.350	0.000	-0.07170356
-0.050	-2.350	0.000	-0.03815014
0.050	-2.350	0.000	-0.00160583
0.150	-2.350	0.000	0.03775438
0.250	-2.350	0.000	0.07663103
0.350	-2.350	0.000	0.11309200
0.450	-2.350	0.000	0.14754638
0.550	-2.350	0.000	0.17845398
0.650	-2.350	0.000	0.19828473
0.750	-2.350	0.000	0.21540631
0.850	-2.350	0.000	0.21917966
0.950	-2.350	0.000	0.20724930
1.050	-2.350	0.000	0.18741605
1.150	-2.350	0.000	0.16582046
1.250	-2.350	0.000	0.14697124
1.350	-2.350	0.000	0.13159291
1.450	-2.350	0.000	0.12001583
1.550	-2.350	0.000	0.10868411
1.650	-2.350	0.000	0.10130141
1.750	-2.350	0.000	0.09402563
1.850	-2.350	0.000	0.08998173
1.950	-2.350	0.000	0.08386698
2.050	-2.350	0.000	0.08130175
2.150	-2.350	0.000	0.07495262
2.250	-2.350	0.000	0.05681151
2.350	-2.350	0.000	0.04567769
2.450	-2.350	0.000	0.00951168
-2.450	-2.250	0.000	0.15421642
-2.350	-2.250	0.000	0.12372086
-2.250	-2.250	0.000	0.06281432
-2.150	-2.250	0.000	0.00437731
-2.050	-2.250	0.000	-0.03717270
-1.950	-2.250	0.000	-0.05455456
-1.850	-2.250	0.000	-0.06324837
-1.750	-2.250	0.000	-0.06591808
-1.650	-2.250	0.000	-0.06577208
-1.550	-2.250	0.000	-0.05783072
-1.450	-2.250	0.000	-0.04900704
-1.350	-2.250	0.000	-0.04031197
-1.250	-2.250	0.000	-0.03372105
-1.150	-2.250	0.000	-0.03278046
-1.050	-2.250	0.000	-0.04714447
-0.950	-2.250	0.000	-0.07588689
-0.850	-2.250	0.000	-0.11513212
-0.750	-2.250	0.000	-0.14634626
-0.650	-2.250	0.000	-0.15965351
-0.550	-2.250	0.000	-0.15809207
-0.450	-2.250	0.000	-0.14635804
-0.350	-2.250	0.000	-0.12571163
-0.250	-2.250	0.000	-0.10013649
-0.150	-2.250	0.000	-0.06743847
-0.050	-2.250	0.000	-0.03311839
0.050	-2.250	0.000	0.00357224
0.150	-2.250	0.000	0.04260624
0.250	-2.250	0.000	0.08122271
0.350	-2.250	0.000	0.11839204
0.450	-2.250	0.000	0.15226059
0.550	-2.250	0.000	0.18349461
0.650	-2.250	0.000	0.20281859
0.750	-2.250	0.000	0.21759820
0.850	-2.250	0.000	0.21783097
0.950	-2.250	0.000	0.20492993
1.050	-2.250	0.000	0.18456647
1.150	-2.250	0.000	0.16238160
1.250	-2.250	0.000	0.14252557
1.350	-2.250	0.000	0.12649135
1.450	-2.250	0.000	0.11577210
1.550	-2.250	0.000	0.10566944
1.650	-2.250	0.000	0.09967194
1.750	-2.250	0.000	0.09327704
1.850	-2.250	0.000	0.08983250
1.950	-2.250	0.000	0.08389058
2.050	-2.250	0.000	0.08114974
2.150	-2.250	0.000	0.07495496
2.250	-2.250	0.000	0.05632547
2.350	-2.250	0.000	0.04596579
2.450	-2.250	0.000	0.00927412
-2.450	-2.150	0.000	0.15460269
-2.350	-2.150	0.000	0.12178279
-2.250	-2.150	0.000	0.05892444
-2.150	-2.150	0.000	0.00093854
-2.050	-2.150	0.000	-0.03771867
-1.950	-2.150	0.000	-0.05246593
-1.850	-2.150	0.000	-0.06015442
-1.750	-2.150	0.000	-0.06279334
-1.650	-2.150	0.000	-0.06215869
-1.550	-2.150	0.000	-0.05223124
-1.450	-2.150	0.000	-0.04152533
-1.350	-2.150	0.000	-0.03123725
-1.250	-2.150	0.000	-0.02378205
-1.150	-2.150	0.000	-0.02232013
-1.050	-2.150	0.000	-0.03651393
-0.950	-2.150	0.000	-0.06763694
-0.850	-2.150	0.000	-0.10992920
-0.750	-2.150	0.000	-0.14327475
-0.650	-2.150	0.000	-0.15720008
-0.550	-2.150	0.000	-0.15544727
-0.450	-2.150	0.000	-0.14282288
-0.350	-2.150	0.000	-0.12222907
-0.250	-2.150	0.000	-0.09667554
-0.150	-2.150	0.000	-0.06401640
-0.050	-2.150	0.000	-0.03010736
0.050	-2.150	0.000	0.00644466
0.150	-2.150	0.000	0.04459372
0.250	-2.150	0.000	0.08248137
0.350	-2.150	0.000	0.11970907
0.450	-2.150	0.000	0.15250421
0.550	-2.150	0.000	0.18350965
0.650	-2.150	0.000	0.20294951
0.750	-2.150	0.000	0.21671484
0.850	-2.150	0.000	0.21838208
0.950	-2.150	0.000	0.20440760
1.050	-2.150	0.000	0.18384399
1.150	-2.150	0.000	0.16311054
1.250	-2.150	0.000	0.14572716
1.350	-2.150	0.000	0.13111505
1.450	-2.150	0.000	0.11989047
1.550	-2.150	0.000	0.10843031
1.650	-2.150	0.000	0.10144603
1.750	-2.150	0.000	0.09419815
1.850	-2.150	0.000	0.09001578
1.950	-2.150	0.000	0.08394949
2.050	-2.150	0.000	0.08061384
2.150	-2.150	0.000	0.07446627
2.250	-2.150	0.000	0.05533637
2.350	-2.150	0.000	0.04650055
2.450	-2.150	0.000	0.00954711
-2.450	-2.050	0.000	0.15572245
-2.350	-2.050	0.000	0.12187221
-2.250	-2.050	0.000	0.05824234
-2.150	-2.050	0.000	0.00041072
-2.050	-2.050	0.000	-0.03701334
-1.950	-2.050	0.000	-0.05097969
-1.850	-2.050	0.000	-0.05861573
-1.750	-2.050	0.000	-0.06128980
-1.650	-2.050	0.000	-0.06092422
-1.550	-2.050	0.000	-0.05142348
-1.450	-2.050	0.000	-0.04110952
-1.350	-2.050	0.000	-0.03119329
-1.250	-2.050	0.000	-0.02296944
-1.150	-2.050	0.000	-0.02057301
-1.050	-2.050	0.000	-0.03435230
-0.950	-2.050	0.000	-0.06442919
-0.850	-2.050	0.000	-0.10677217
-0.750	-2.050	0.000	-0.13995534
-0.650	-2.050	0.000	-0.15364906
-0.550	-2.050	0.000	-0.15117940
-0.450	-2.050	0.000	-0.13789737
-0.350	-2.050	0.000	-0.11691448
-0.250	-2.050	0.000	-0.09163773
-0.150	-2.050	0.000	-0.05956829
-0.050	-2.050	0.000	-0.02603787
0.050	-2.050	0.000	0.01009150
0.150	-2.050	0.000	0.04788599
0.250	-2.050	0.000	0.08498035
0.350	-2.050	0.000	0.12197696
0.450	-2.050	0.000	0.15386322
0.550	-2.050	0.000	0.18404168
0.650	-2.050	0.000	0.20146976
0.750	-2.050	0.000	0.21309748
0.850	-2.050	0.000	0.21136443
0.950	-2.050	0.000	0.19614410
1.050	-2.050	0.000	0.17438123
1.150	-2.050	0.000	0.15310711
1.250	-2.050	0.000	0.13715801
1.350	-2.050	0.000	0.12532350
1.450	-2.050	0.000	0.11687556
1.550	-2.050	0.000	0.10767280
1.650	-2.050	0.000	0.10214663
1.750	-2.050	0.000	0.09477283
1.850	-2.050	0.000	0.09000293
1.950	-2.050	0.000	0.08356526
2.050	-2.050	0.000	0.07899039
2.150	-2.050	0.000	0.07252131
2.250	-2.050	0.000	0.05287013
2.350	-2.050	0.000	0.04576153
2.450	-2.050	0.000	0.00923796
-2.450	-1.950	0.000	0.15552877
-2.350	-1.950	0.000	0.12009706
-2.250	-1.950	0.000	0.05508553
-2.150	-1.950	0.000	-0.00276429
-2.050	-1.950	0.000	-0.03862370
-1.950	-1.950	0.000	-0.05103459
-1.850	-1.950	0.000	-0.05759727
-1.750	-1.950	0.000	-0.05971304
-1.650	-1.950	0.000	-0.05848026
-1.550	-1.950	0.000	-0.04785843
-1.450	-1.950	0.000	-0.03738316
-1.350	-1.950	0.000	-0.02719177
-1.250	-1.950	0.000	-0.01885317
-1.150	-1.950	0.000	-0.01663118
-1.050	-1.950	0.000	-0.03074292
-0.950	-1.950	0.000	-0.06190517
-0.850	-1.950	0.000	-0.10474440
-0.750	-1.950	0.000	-0.13760318
-0.650	-1.950	0.000	-0.15046614
-0.550	-1.950	0.000	-0.14698136
-0.450	-1.950	0.000	-0.13296507
-0.350	-1.950	0.000	-0.11117195
-0.250	-1.950	0.000	-0.08549825
-0.150	-1.950	0.000	-0.05359695
-0.050	-1.950	0.000	-0.02044073
0.050	-1.950	0.000	0.01521695
0.150	-1.950	0.000	0.05219781
0.250	-1.950	0.000	0.08841246
0.350	-1.950	0.000	0.12471081
0.450	-1.950	0.000	0.15590972
0.550	-1.950	0.000	0.18533859
0.650	-1.950	0.000	0.20272744
0.750	-1.950	0.000	0.21246529
0.850	-1.950	0.000	0.21157524
0.950	-1.950	0.000	0.19561695
1.050	-1.950	0.000	0.17382909
1.150	-1.950	0.000	0.15251721
1.250	-1.950	0.000	0.13648699
1.350	-1.950	0.000	0.12465359
1.450	-1.950	0.000	0.11697102
1.550	-1.950	0.000	0.10825136
1.650	-1.950	0.000	0.10321646
1.750	-1.950	0.000	0.09632183
1.850	-1.950	0.000	0.09151003
1.950	-1.950	0.000	0.08528736
2.050	-1.950	0.000	0.07978010
2.150	-1.950	0.000	0.07280622
2.250	-1.950	0.000	0.05231086
2.350	-1.950	0.000	0.04610386
2.450	-1.950	0.000	0.00965417
-2.450	-1.850	0.000	0.15668914
-2.350	-1.850	0.000	0.12066177
-2.250	-1.850	0.000	0.05536457
-2.150	-1.850	0.000	-0.00249840
-2.050	-1.850	0.000	-0.03783829
-1.950	-1.850	0.000	-0.05008586
-1.850	-1.850	0.000	-0.05651343
-1.750	-1.850	0.000	-0.05834693
-1.650	-1.850	0.000	-0.05712018
-1.550	-1.850	0.000	-0.04724872
-1.450	-1.850	0.000	-0.03731601
-1.350	-1.850	0.000	-0.02763909
-1.250	-1.850	0.000	-0.01904720
-1.150	-1.850	0.000	-0.01631296
-1.050	-1.850	0.000	-0.03064539
-0.950	-1.850	0.000	-0.06214951
-0.850	-1.850	0.000	-0.10421894
-0.750	-1.850	0.000	-0.13555835
-0.650	-1.850	0.000	-0.14687905
-0.550	-1.850	0.000	-0.14278015
-0.450	-1.850	0.000	-0.12814821
-0.350	-1.850	0.000	-0.10626288
-0.250	-1.850	0.000	-0.08084142
-0.150	-1.850	0.000	-0.04958750
-0.050	-1.850	0.000	-0.01688350
0.050	-1.850	0.000	0.01822465
0.150	-1.850	0.000	0.05466665
0.250	-1.850	0.000	0.08998801
0.350	-1.850	0.000	0.12542340
0.450	-1.850	0.000	0.15515813
0.550	-1.850	0.000	0.18300618
0.650	-1.850	0.000	0.19845031
0.750	-1.850	0.000	0.20707773
0.850	-1.850	0.000	0.20428514
0.950	-1.850	0.000	0.18757918
1.050	-1.850	0.000	0.16524768
1.150	-1.850	0.000	0.14483953
1.250	-1.850	0.000	0.13123208
1.350	-1.850	0.000	0.12221313
1.450	-1.850	0.000	0.11677885
1.550	-1.850	0.000	0.10969651
1.650	-1.850	0.000	0.10527207
1.750	-1.850	0.000	0.09829357
1.850	-1.850	0.000	0.09312174
1.950	-1.850	0.000	0.08658117
2.050	-1.850	0.000	0.07976549
2.150	-1.850	0.000	0.07206549
2.250	-1.850	0.000	0.05048851
2.350	-1.850	0.000	0.04425974
2.450	-1.850	0.000	0.00812871
-2.450	-1.750	0.000	0.15802975
-2.350	-1.750	0.000	0.12156562
-2.250	-1.750	0.000	0.05561665
-2.150	-1.750	0.000	-0.00317661
-2.050	-1.750	0.000	-0.03891635
-1.950	-1.750	0.000	-0.05114190
-1.850	-1.750	0.000	-0.05711251
-1.750	-1.750	0.000	-0.05864324
-1.650	-1.750	0.000	-0.05676648
-1.550	-1.750	0.000	-0.04648055
-1.450	-1.750	0.000	-0.03599951
-1.350	-1.750	0.000	-0.02601586
-1.250	-1.750	0.000	-0.01788416
-1.150	-1.750	0.000	-0.01685062
-1.050	-1.750	0.000	-0.03369878
-0.950	-1.750	0.000	-0.06652539
-0.850	-1.750	0.000	-0.10737947
-0.750	-1.750	0.000	-0.13636877
-0.650	-1.750	0.000	-0.14492415
-0.550	-1.750	0.000	-0.13920893
-0.450	-1.750	0.000	-0.12313803
-0.350	-1.750	0.000	-0.10021637
-0.250	-1.750	0.000	-0.07405026
-0.150	-1.750	0.000	-0.04259517
-0.050	-1.750	0.000	-0.01036674
0.050	-1.750	0.000	0.02402787
0.150	-1.750	0.000	0.05970284
0.250	-1.750	0.000	0.09404907
0.350	-1.750	0.000	0.12833458
0.450	-1.750	0.000	0.15739541
0.550	-1.750	0.000	0.18474752
0.650	-1.750	0.000	0.19955741
0.750	-1.750	0.000	0.20769155
0.850	-1.750	0.000	0.20434737
0.950	-1.750	0.000	0.18765120
1.050	-1.750	0.000	0.16560213
1.150	-1.750	0.000	0.14524034
1.250	-1.750	0.000	0.13175297
1.350	-1.750	0.000	0.12261278
1.450	-1.750	0.000	0.11753841
1.550	-1.750	0.000	0.11138976
1.650	-1.750	0.000	0.10811649
1.750	-1.750	0.000	0.10186320
1.850	-1.750	0.000	0.09623805
1.950	-1.750	0.000	0.08932822
2.050	-1.750	0.000	0.08114693
2.150	-1.750	0.000	0.07250513
2.250	-1.750	0.000	0.04963025
2.350	-1.750	0.000	0.04260331
2.450	-1.750	0.000	0.00661035
-2.450	-1.650	0.000	0.15872172
-2.350	-1.650	0.000	0.12316408
-2.250	-1.650	0.000	0.05835511
-2.150	-1.650	0.000	-0.00029314
-2.050	-1.650	0.000	-0.03665304
-1.950	-1.650	0.000	-0.04966605
-1.850	-1.650	0.000	-0.05594378
-1.750	-1.650	0.000	-0.05733778
-1.650	-1.650	0.000	-0.05544333
-1.550	-1.650	0.000	-0.04560155
-1.450	-1.650	0.000	-0.03593368
-1.350	-1.650	0.000	-0.02683536
-1.250	-1.650	0.000	-0.02046894
-1.150	-1.650	0.000	-0.02186655
-1.050	-1.650	0.000	-0.03982882
-0.950	-1.650	0.000	-0.07241630
-0.850	-1.650	0.000	-0.11037297
-0.750	-1.650	0.000	-0.13650574
-0.650	-1.650	0.000	-0.14275788
-0.550	-1.650	0.000	-0.13595095
-0.450	-1.650	0.000	-0.11899260
-0.350	-1.650	0.000	-0.09580108
-0.250	-1.650	0.000	-0.06974955
-0.150	-1.650	0.000	-0.03861209
-0.050	-1.650	0.000	-0.00669538
0.050	-1.650	0.000	0.02696837
0.150	-1.650	0.000	0.06191427
0.250	-1.650	0.000	0.09497538
0.350	-1.650	0.000	0.12778741
0.450	-1.650	0.000	0.15528630
0.550	-1.650	0.000	0.18107162
0.650	-1.650	0.000	0.19490448
0.750	-1.650	0.000	0.20258087
0.850	-1.650	0.000	0.19942442
0.950	-1.650	0.000	0.18342429
1.050	-1.650	0.000	0.16209379
1.150	-1.650	0.000	0.14274716
1.250	-1.650	0.000	0.13054016
1.350	-1.650	0.000	0.12312860
1.450	-1.650	0.000	0.11993931
1.550	-1.650	0.000	0.11569029
1.650	-1.650	0.000	0.11314716
1.750	-1.650	0.000	0.10673675
1.850	-1.650	0.000	0.10028396
1.950	-1.650	0.000	0.09233530
2.050	-1.650	0.000	0.08228470
2.150	-1.650	0.000	0.07197600
2.250	-1.650	0.000	0.04757508
2.350	-1.650	0.000	0.03873349
2.450	-1.650	0.000	0.00325899
-2.450	-1.550	0.000	0.16152754
-2.350	-1.550	0.000	0.12798795
-2.250	-1.550	0.000	0.06483065
-2.150	-1.550	0.000	0.00601742
-2.050	-1.550	0.000	-0.03279295
-1.950	-1.550	0.000	-0.04808812
-1.850	-1.550	0.000	-0.05548606
-1.750	-1.550	0.000	-0.05730033
-1.650	-1.550	0.000	-0.05628484
-1.550	-1.550	0.000	-0.04748017
-1.450	-1.550	0.000	-0.03797470
-1.350	-1.550	0.000	-0.02957232
-1.250	-1.550	0.000	-0.02516670
-1.150	-1.550	0.000	-0.02974175
-1.050	-1.550	0.000	-0.05101240
-0.950	-1.550	0.000	-0.08444396
-0.850	-1.550	0.000	-0.11891092
-0.750	-1.550	0.000	-0.14126308
-0.650	-1.550	0.000	-0.14397292
-0.550	-1.550	0.000	-0.13521267
-0.450	-1.550	0.000	-0.11642870
-0.350	-1.550	0.000	-0.09152021
-0.250	-1.550	0.000	-0.06378484
-0.150	-1.550	0.000	-0.03198018
-0.050	-1.550	0.000	0.00035039
0.050	-1.550	0.000	0.03349782
0.150	-1.550	0.000	0.06760205
0.250	-1.550	0.000	0.09992815
0.350	-1.550	0.000	0.13179128
0.450	-1.550	0.000	0.15871097
0.550	-1.550	0.000	0.18358821
0.650	-1.550	0.000	0.19630457
0.750	-1.550	0.000	0.20309176
0.850	-1.550	0.000	0.19976300
0.950	-1.550	0.000	0.18463926
1.050	-1.550	0.000	0.16488014
1.150	-1.550	0.000	0.14642778
1.250	-1.550	0.000	0.13432103
1.350	-1.550	0.000	0.12708364
1.450	-1.550	0.000	0.12425660
1.550	-1.550	0.000	0.12037428
1.650	-1.550	0.000	0.11780395
1.750	-1.550	0.000	0.11143091
1.850	-1.550	0.000	0.10462532
1.950	-1.550	0.000	0.09618098
2.050	-1.550	0.000	0.08470882
2.150	-1.550	0.000	0.07253741
2.250	-1.550	0.000	0.04683026
2.350	-1.550	0.000	0.03575740
2.450	-1.550	0.000	0.00094942
-2.450	-1.450	0.000	0.16210243
-2.350	-1.450	0.000	0.13066465
-2.250	-1.450	0.000	0.07053297
-2.150	-1.450	0.000	0.01293750
-2.050	-1.450	0.000	-0.02713640
-1.950	-1.450	0.000	-0.04430006
-1.850	-1.450	0.000	-0.05292646
-1.750	-1.450	0.000	-0.05521332
-1.650	-1.450	0.000	-0.05501274
-1.550	-1.450	0.000	-0.04724002
-1.450	-1.450	0.000	-0.03837308
-1.350	-1.450	0.000	-0.03130097
-1.250	-1.450	0.000	-0.02918703
-1.150	-1.450	0.000	-0.03630226
-1.050	-1.450	0.000	-0.05807243
-0.950	-1.450	0.000	-0.08952086
-0.850	-1.450	0.000	-0.12119810
-0.750	-1.450	0.000	-0.14109512
-0.650	-1.450	0.000	-0.14237078
-0.550	-1.450	0.000	-0.13320765
-0.450	-1.450	0.000	-0.11423618
-0.350	-1.450	0.000	-0.08969164
-0.250	-1.450	0.000	-0.06209671
-0.150	-1.450	0.000	-0.03019300
-0.050	-1.450	0.000	0.00221295
0.050	-1.450	0.000	0.03519816
0.150	-1.450	0.000	0.06909537
0.250	-1.450	0.000	0.10093903
0.350	-1.450	0.000	0.13173212
0.450	-1.450	0.000	0.15744203
0.550	-1.450	0.000	0.18096407
0.650	-1.450	0.000	0.19388033
0.750	-1.450	0.000	0.20069537
0.850	-1.450	0.000	0.19808289
0.950	-1.450	0.000	0.18421128
1.050	-1.450	0.000	0.16545849
1.150	-1.450	0.000	0.14759892
1.250	-1.450	0.000	0.13611060
1.350	-1.450	0.000	0.12969577
1.450	-1.450	0.000	0.12796013
1.550	-1.450	0.000	0.12557492
1.650	-1.450	0.000	0.12380327
1.750	-1.450	0.000	0.11762775
1.850	-1.450	0.000	0.11004236
1.950	-1.450	0.000	0.10004435
2.050	-1.450	0.000	0.08670566
2.150	-1.450	0.000	0.07179187
2.250	-1.450	0.000	0.04461819
2.350	-1.450	0.000	0.03024457
2.450	-1.450	0.000	-0.00334557
-2.450	-1.350	0.000	0.16379528
-2.350	-1.350	0.000	0.13604142
-2.250	-1.350	0.000	0.08015856
-2.150	-1.350	0.000	0.02491207
-2.050	-1.350	0.000	-0.01645290
-1.950	-1.350	0.000	-0.03700603
-1.850	-1.350	0.000	-0.04852794
-1.750	-1.350	0.000	-0.05283849
-1.650	-1.350	0.000	-0.05497370
-1.550	-1.350	0.000	-0.04981170
-1.450	-1.350	0.000	-0.04280240
-1.350	-1.350	0.000	-0.03797568
-1.250	-1.350	0.000	-0.03849983
-1.150	-1.350	0.000	-0.04824287
-1.050	-1.350	0.000	-0.07130284
-0.950	-1.350	0.000	-0.10160644
-0.850	-1.350	0.000	-0.13002846
-0.750	-1.350	0.000	-0.14658231
-0.650	-1.350	0.000	-0.14532654
-0.550	-1.350	0.000	-0.13507538
-0.450	-1.350	0.000	-0.11446813
-0.350	-1.350	0.000	-0.08841983
-0.250	-1.350	0.000	-0.05895328
-0.150	-1.350	0.000	-0.02581967
-0.050	-1.350	0.000	0.00792870
0.050	-1.350	0.000	0.04176572
0.150	-1.350	0.000	0.07612742
0.250	-1.350	0.000	0.10821477
0.350	-1.350	0.000	0.13800474
0.450	-1.350	0.000	0.16299869
0.550	-1.350	0.000	0.18526176
0.650	-1.350	0.000	0.19719106
0.750	-1.350	0.000	0.20426497
0.850	-1.350	0.000	0.20173724
0.950	-1.350	0.000	0.18898572
1.050	-1.350	0.000	0.17123476
1.150	-1.350	0.000	0.15299290
1.250	-1.350	0.000	0.13998505
1.350	-1.350	0.000	0.13249116
1.450	-1.350	0.000	0.13062783
1.550	-1.350	0.000	0.12914309
1.650	-1.350	0.000	0.12818782
1.750	-1.350	0.000	0.12272739
1.850	-1.350	0.000	0.11534630
1.950	-1.350	0.000	0.10454582
2.050	-1.350	0.000	0.08964378
2.150	-1.350	0.000	0.07189839
2.250	-1.350	0.000	0.04322588
2.350	-1.350	0.000	0.02560190
2.450	-1.350	0.000	-0.00614056
-2.450	-1.250	0.000	0.16415942
-2.350	-1.250	0.000	0.13937339
-2.250	-1.250	0.000	0.08790340
-2.150	-1.250	0.000	0.03536670
-2.050	-1.250	0.000	-0.00640326
-1.950	-1.250	0.000	-0.02937752
-1.850	-1.250	0.000	-0.04300974
-1.750	-1.250	0.000	-0.04871004
-1.650	-1.250	0.000	-0.05185897
-1.550	-1.250	0.000	-0.04801205
-1.450	-1.250	0.000	-0.04240284
-1.350	-1.250	0.000	-0.03916832
-1.250	-1.250	0.000	-0.04234960
-1.150	-1.250	0.000	-0.05437098
-1.050	-1.250	0.000	-0.07835863
-0.950	-1.250	0.000	-0.10760055
-0.850	-1.250	0.000	-0.13453448
-0.750	-1.250	0.000	-0.14978351
-0.650	-1.250	0.000	-0.14750692
-0.550	-1.250	0.000	-0.13630792
-0.450	-1.250	0.000	-0.11490779
-0.350	-1.250	0.000	-0.08799133
-0.250	-1.250	0.000	-0.05796788
-0.150	-1.250	0.000	-0.02442710
-0.050	-1.250	0.000	0.00979332
0.050	-1.250	0.000	0.04343824
0.150	-1.250	0.000	0.07746769
0.250	-1.250	0.000	0.10881109
0.350	-1.250	0.000	0.13793428
0.450	-1.250	0.000	0.16273619
0.550	-1.250	0.000	0.18385293
0.650	-1.250	0.000	0.19565117
0.750	-1.250	0.000	0.20288153
0.850	-1.250	0.000	0.20215641
0.950	-1.250	0.000	0.19139093
1.050	-1.250	0.000	0.17574178
1.150	-1.250	0.000	0.15846522
1.250	-1.250	0.000	0.14501287
1.350	-1.250	0.000	0.13662769
1.450	-1.250	0.000	0.13411492
1.550	-1.250	0.000	0.13283470
1.650	-1.250	0.000	0.13230331
1.750	-1.250	0.000	0.12715109
1.850	-1.250	0.000	0.11924374
1.950	-1.250	0.000	0.10698149
2.050	-1.250	0.000	0.09030383
2.150	-1.250	0.000	0.06936178
2.250	-1.250	0.000	0.04042742
2.350	-1.250	0.000	0.01998853
2.450	-1.250	0.000	-0.00925085
-2.450	-1.150	0.000	0.16482647
-2.350	-1.150	0.000	0.14384463
-2.250	-1.150	0.000	0.09783036
-2.150	-1.150	0.000	0.04938454
-2.050	-1.150	0.000	0.00795348
-1.950	-1.150	0.000	-0.01753103
-1.850	-1.150	0.000	-0.03436401
-1.750	-1.150	0.000	-0.04261205
-1.650	-1.150	0.000	-0.04830076
-1.550	-1.150	0.000	-0.04720895
-1.450	-1.150	0.000	-0.04416736
-1.350	-1.150	0.000	-0.04311979
-1.250	-1.150	0.000	-0.04939898
-1.150	-1.150	0.000	-0.06406537
-1.050	-1.150	0.000	-0.08873183
-0.950	-1.150	0.000	-0.11762354
-0.850	-1.150	0.000	-0.14250650
-0.750	-1.150	0.000	-0.15509519
-0.650	-1.150	0.000	-0.15066043
-0.550	-1.150	0.000	-0.13838843
-0.450	-1.150	0.000	-0.11599138
-0.350	-1.150	0.000	-0.08865707
-0.250	-1.150	0.000	-0.05750234
-0.150	-1.150	0.000	-0.02310045
-0.050	-1.150	0.000	0.01203938
0.050	-1.150	0.000	0.04648827
0.150	-1.150	0.000	0.08133940
0.250	-1.150	0.000	0.11359241
0.350	-1.150	0.000	0.14250846
0.450	-1.150	0.000	0.16710532
0.550	-1.150	0.000	0.18762407
0.650	-1.150	0.000	0.19894660
0.750	-1.150	0.000	0.20593584
0.850	-1.150	0.000	0.20478141
0.950	-1.150	0.000	0.19562328
1.050	-1.150	0.000	0.18196152
1.150	-1.150	0.000	0.16550499
1.250	-1.150	0.000	0.15105897
1.350	-1.150	0.000	0.14102153
1.450	-1.150	0.000	0.13695262
1.550	-1.150	0.000	0.13498932
1.650	-1.150	0.000	0.13421737
1.750	-1.150	0.000	0.12916617
1.850	-1.150	0.000	0.12187421
1.950	-1.150	0.000	0.10920791
2.050	-1.150	0.000	0.09107582
2.150	-1.150	0.000	0.06685079
2.250	-1.150	0.000	0.03714724
2.350	-1.150	0.000	0.01525685
2.450	-1.150	0.000	-0.01072688
-2.450	-1.050	0.000	0.16476738
-2.350	-1.050	0.000	0.14669119
-2.250	-1.050	0.000	0.10506348
-2.150	-1.050	0.000	0.05994144
-2.050	-1.050	0.000	0.01894962
-1.950	-1.050	0.000	-0.00757071
-1.850	-1.050	0.000	-0.02579681
-1.750	-1.050	0.000	-0.03525431
-1.650	-1.050	0.000	-0.04198769
-1.550	-1.050	0.000	-0.04183049
-1.450	-1.050	0.000	-0.04084325
-1.350	-1.050	0.000	-0.04214304
-1.250	-1.050	0.000	-0.05093747
-1.150	-1.050	0.000	-0.06793076
-1.050	-1.050	0.000	-0.09399953
-0.950	-1.050	0.000	-0.12364803
-0.850	-1.050	0.000	-0.14783947
-0.750	-1.050	0.000	-0.15947090
-0.650	-1.050	0.000	-0.15473378
-0.550	-1.050	0.000	-0.14216049
-0.450	-1.050	0.000	-0.11920470
-0.350	-1.050	0.000	-0.09093574
-0.250	-1.050	0.000	-0.05884321
-0.150	-1.050	0.000	-0.02363568
-0.050	-1.050	0.000	0.01246000
0.050	-1.050	0.000	0.04732721
0.150	-1.050	0.000	0.08223435
0.250	-1.050	0.000	0.11391044
0.350	-1.050	0.000	0.14227693
0.450	-1.050	0.000	0.16648400
0.550	-1.050	0.000	0.18542604
0.650	-1.050	0.000	0.19664551
0.750	-1.050	0.000	0.20405632
0.850	-1.050	0.000	0.20263784
0.950	-1.050	0.000	0.19536203
1.050	-1.050	0.000	0.18378274
1.150	-1.050	0.000	0.16957238
1.250	-1.050	0.000	0.15660705
1.350	-1.050	0.000	0.14705968
1.450	-1.050	0.000	0.14175558
1.550	-1.050	0.000	0.13848685
1.650	-1.050	0.000	0.13645069
1.750	-1.050	0.000	0.13041419
1.850	-1.050	0.000	0.12201548
1.950	-1.050	0.000	0.10687251
2.050	-1.050	0.000	0.08695776
2.150	-1.050	0.000	0.05983896
2.250	-1.050	0.000	0.03044734
2.350	-1.050	0.000	0.00661548
2.450	-1.050	0.000	-0.01600537
-2.450	-0.950	0.000	0.16566357
-2.350	-0.950	0.000	0.15079716
-2.250	-0.950	0.000	0.11421780
-2.150	-0.950	0.000	0.07362443
-2.050	-0.950	0.000	0.03474552
-1.950	-0.950	0.000	0.00672950
-1.850	-0.950	0.000	-0.01416303
-1.750	-0.950	0.000	-0.02531878
-1.650	-0.950	0.000	-0.03386230
-1.550	-0.950	0.000	-0.03595691
-1.450	-0.950	0.000	-0.03719292
-1.350	-0.950	0.000	-0.03966869
-1.250	-0.950	0.000	-0.05020769
-1.150	-0.950	0.000	-0.07029075
-1.050	-0.950	0.000	-0.09898699
-0.950	-0.950	0.000	-0.13009541
-0.850	-0.950	0.000	-0.15345657
-0.750	-0.950	0.000	-0.16390844
-0.650	-0.950	0.000	-0.15893033
-0.550	-0.950	0.000	-0.14545959
-0.450	-0.950	0.000	-0.12168647
-0.350	-0.950	0.000	-0.09260798
-0.250	-0.950	0.000	-0.05968696
-0.150	-0.950	0.000	-0.02412474
-0.050	-0.950	0.000	0.01230702
0.050	-0.950	0.000	0.04757338
0.150	-0.950	0.000	0.08291601
0.250	-0.950	0.000	0.11483096
0.350	-0.950	0.000	0.14258333
0.450	-0.950	0.000	0.16638261
0.550	-0.950	0.000	0.18393849
0.650	-0.950	0.000	0.19431323
0.750	-0.950	0.000	0.20108674
0.850	-0.950	0.000	0.19983454
0.950	-0.950	0.000	0.19406195
1.050	-0.950	0.000	0.18424812
1.150	-0.950	0.000	0.17166357
1.250	-0.950	0.000	0.15821978
1.350	-0.950	0.000	0.14704159
1.450	-0.950	0.000	0.14069076
1.550	-0.950	0.000	0.13701534
1.650	-0.950	0.000	0.13444510
1.750	-0.950	0.000	0.12790623
1.850	-0.950	0.000	0.11915483
1.950	-0.950	0.000	0.10307350
2.050	-0.950	0.000	0.08286899
2.150	-0.950	0.000	0.05512322
2.250	-0.950	0.000	0.02775160
2.350	-0.950	0.000	0.00434893
2.450	-0.950	0.000	-0.01601584
-2.450	-0.850	0.000	0.16600259
-2.350	-0.850	0.000	0.15300600
-2.250	-0.850	0.000	0.11935288
-2.150	-0.850	0.000	0.08129308
-2.050	-0.850	0.000	0.04275253
-1.950	-0.850	0.000	0.01546413
-1.850	-0.850	0.000	-0.00452129
-1.750	-0.850	0.000	-0.01570928
-1.650	-0.850	0.000	-0.02372416
-1.550	-0.850	0.000	-0.02494087
-1.450	-0.850	0.000	-0.02615972
-1.350	-0.850	0.000	-0.03118397
-1.250	-0.850	0.000	-0.04634695
-1.150	-0.850	0.000	-0.06949908
-1.050	-0.850	0.000	-0.10039067
-0.950	-0.850	0.000	-0.13314776
-0.850	-0.850	0.000	-0.15726683
-0.750	-0.850	0.000	-0.16772810
-0.650	-0.850	0.000	-0.16286249
-0.550	-0.850	0.000	-0.14898016
-0.450	-0.850	0.000	-0.12474179
-0.350	-0.850	0.000	-0.09527141
-0.250	-0.850	0.000	-0.06189113
-0.150	-0.850	0.000	-0.02609828
-0.050	-0.850	0.000	0.01051948
0.050	-0.850	0.000	0.04572556
0.150	-0.850	0.000	0.08093180
0.250	-0.850	0.000	0.11216085
0.350	-0.850	0.000	0.13929136
0.450	-0.850	0.000	0.16240074
0.550	-0.850	0.000	0.17789851
0.650	-0.850	0.000	0.18788810
0.750	-0.850	0.000	0.19306092
0.850	-0.850	0.000	0.19060846
0.950	-0.850	0.000	0.18506929
1.050	-0.850	0.000	0.17633311
1.150	-0.850	0.000	0.16571848
1.250	-0.850	0.000	0.15601024
1.350	-0.850	0.000	0.14809354
1.450	-0.850	0.000	0.14170642
1.550	-0.850	0.000	0.13669513
1.650	-0.850	0.000	0.13161215
1.750	-0.850	0.000	0.12208630
1.850	-0.850	0.000	0.11248855
1.950	-0.850	0.000	0.09460896
2.050	-0.850	0.000	0.07421399
2.150	-0.850	0.000	0.04516323
2.250	-0.850	0.000	0.01968568
2.350	-0.850	0.000	-0.00443339
2.450	-0.850	0.000	-0.02147054
-2.450	-0.750	0.000	0.16756329
-2.350	-0.750	0.000	0.15615939
-2.250	-0.750	0.000	0.12584770
-2.150	-0.750	0.000	0.09132586
-2.050	-0.750	0.000	0.05555990
-1.950	-0.750	0.000	0.02809797
-1.850	-0.750	0.000	0.00666377
-1.750	-0.750	0.000	-0.00465861
-1.650	-0.750	0.000	-0.01227767
-1.550	-0.750	0.000	-0.01403860
-1.450	-0.750	0.000	-0.01663069
-1.350	-0.750	0.000	-0.02177145
-1.250	-0.750	0.000	-0.03458208
-1.150	-0.750	0.000	-0.05891365
-1.050	-0.750	0.000	-0.09649705
-0.950	-0.750	0.000	-0.13528080
-0.850	-0.750	0.000	-0.16066343
-0.750	-0.750	0.000	-0.17099373
-0.650	-0.750	0.000	-0.16603652
-0.550	-0.750	0.000	-0.15222801
-0.450	-0.750	0.000	-0.12784754
-0.350	-0.750	0.000	-0.09821034
-0.250	-0.750	0.000	-0.06444176
-0.150	-0.750	0.000	-0.02831856
-0.050	-0.750	0.000	0.00843738
0.050	-0.750	0.000	0.04367689
0.150	-0.750	0.000	0.07852934
0.250	-0.750	0.000	0.10937741
0.350	-0.750	0.000	0.13574108
0.450	-0.750	0.000	0.15810965
0.550	-0.750	0.000	0.17203262
0.650	-0.750	0.000	0.18146302
0.750	-0.750	0.000	0.18510878
0.850	-0.750	0.000	0.18215571
0.950	-0.750	0.000	0.17630863
1.050	-0.750	0.000	0.16748734
1.150	-0.750	0.000	0.15771714
1.250	-0.750	0.000	0.14742617
1.350	-0.750	0.000	0.13878275
1.450	-0.750	0.000	0.13199498
1.550	-0.750	0.000	0.12646395
1.650	-0.750	0.000	0.12167703
1.750	-0.750	0.000	0.11257127
1.850	-0.750	0.000	0.10435975
1.950	-0.750	0.000	0.08582535
2.050	-0.750	0.000	0.06719599
2.150	-0.750	0.000	0.03716210
2.250	-0.750	0.000	0.01414043
2.350	-0.750	0.000	-0.00993650
2.450	-0.750	0.000	-0.02540522
-2.450	-0.650	0.000	0.16842428
-2.350	-0.650	0.000	0.15679112
-2.250	-0.650	0.000	0.12637061
-2.150	-0.650	0.000	0.09194951
-2.050	-0.650	0.000	0.05654176
-1.950	-0.650	0.000	0.03079826
-1.850	-0.650	0.000	0.01227592
-1.750	-0.650	0.000	0.00374510
-1.650	-0.650	0.000	-0.00132190
-1.550	-0.650	0.000	-0.00060824
-1.450	-0.650	0.000	0.00044587
-1.350	-0.650	0.000	-0.00252204
-1.250	-0.650	0.000	-0.01922232
-1.150	-0.650	0.000	-0.04850586
-1.050	-0.650	0.000	-0.08659834
-0.950	-0.650	0.000	-0.12691222
-0.850	-0.650	0.000	-0.15802264
-0.750	-0.650	0.000	-0.17279871
-0.650	-0.650	0.000	-0.16990216
-0.550	-0.650	0.000	-0.15618485
-0.450	-0.650	0.000	-0.13095219
-0.350	-0.650	0.000	-0.10109099
-0.250	-0.650	0.000	-0.06720007
-0.150	-0.650	0.000	-0.03125219
-0.050	-0.650	0.000	0.00538199
0.050	-0.650	0.000	0.04035006
0.150	-0.650	0.000	0.07479602
0.250	-0.650	0.000	0.10482730
0.350	-0.650	0.000	0.13040195
0.450	-0.650	0.000	0.15117344
0.550	-0.650	0.000	0.16288263
0.650	-0.650	0.000	0.17077132
0.750	-0.650	0.000	0.17079031
0.850	-0.650	0.000	0.16647279
0.950	-0.650	0.000	0.15984654
1.050	-0.650	0.000	0.15126738
1.150	-0.650	0.000	0.14313240
1.250	-0.650	0.000	0.13558687
1.350	-0.650	0.000	0.12974153
1.450	-0.650	0.000	0.12458001
1.550	-0.650	0.000	0.11859252
1.650	-0.650	0.000	0.11234899
1.750	-0.650	0.000	0.10071689
1.850	-0.650	0.000	0.09232514
1.950	-0.650	0.000	0.07206688
2.050	-0.650	0.000	0.05479648
2.150	-0.650	0.000	0.02419463
2.250	-0.650	0.000	0.00430458
2.350	-0.650	0.000	-0.01935278
2.450	-0.650	0.000	-0.03225891
-2.450	-0.550	0.000	0.17064568
-2.350	-0.550	0.000	0.15778813
-2.250	-0.550	0.000	0.12644386
-2.150	-0.550	0.000	0.09238517
-2.050	-0.550	0.000	0.05894921
-1.950	-0.550	0.000	0.03543036
-1.850	-0.550	0.000	0.01807270
-1.750	-0.550	0.000	0.01043638
-1.650	-0.550	0.000	0.00748592
-1.550	-0.550	0.000	0.01084972
-1.450	-0.550	0.000	0.01466648
-1.350	-0.550	0.000	0.01511046
-1.250	-0.550	0.000	0.00422531
-1.150	-0.550	0.000	-0.02240657
-1.050	-0.550	0.000	-0.06712127
-0.950	-0.550	0.000	-0.11696100
-0.850	-0.550	0.000	-0.15311463
-0.750	-0.550	0.000	-0.16924250
-0.650	-0.550	0.000	-0.16649340
-0.550	-0.550	0.000	-0.15636572
-0.450	-0.550	0.000	-0.13245277
-0.350	-0.550	0.000	-0.10395300
-0.250	-0.550	0.000	-0.07062451
-0.150	-0.550	0.000	-0.03498020
-0.050	-0.550	0.000	0.00140686
0.050	-0.550	0.000	0.03611886
0.150	-0.550	0.000	0.07002784
0.250	-0.550	0.000	0.09930044
0.350	-0.550	0.000	0.12392838
0.450	-0.550	0.000	0.14282966
0.550	-0.550	0.000	0.15293838
0.650	-0.550	0.000	0.15908858
0.750	-0.550	0.000	0.15682699
0.850	-0.550	0.000	0.15133210
0.950	-0.550	0.000	0.14361462
1.050	-0.550	0.000	0.13466340
1.150	-0.550	0.000	0.12655336
1.250	-0.550	0.000	0.11861524
1.350	-0.550	0.000	0.11316403
1.450	-0.550	0.000	0.10862500
1.550	-0.550	0.000	0.10310014
1.650	-0.550	0.000	0.09803130
1.750	-0.550	0.000	0.08662955
1.850	-0.550	0.000	0.08009521
1.950	-0.550	0.000	0.05858121
2.050	-0.550	0.000	0.04405100
2.150	-0.550	0.000	0.01382630
2.250	-0.550	0.000	-0.00402045
2.350	-0.550	0.000	-0.02725670
2.450	-0.550	0.000	-0.03737672
-2.450	-0.450	0.000	0.17056264
-2.350	-0.450	0.000	0.15477051
-2.250	-0.450	0.000	0.12041129
-2.150	-0.450	0.000	0.08463661
-2.050	-0.450	0.000	0.05261818
-1.950	-0.450	0.000	0.03245365
-1.850	-0.450	0.000	0.01908528
-1.750	-0.450	0.000	0.01473321
-1.650	-0.450	0.000	0.01403741
-1.550	-0.450	0.000	0.01882821
-1.450	-0.450	0.000	0.02542995
-1.350	-0.450	0.000	0.02995186
-1.250	-0.450	0.000	0.02587962
-1.150	-0.450	0.000	0.00620707
-1.050	-0.450	0.000	-0.03581428
-0.950	-0.450	0.000	-0.09027858
-0.850	-0.450	0.000	-0.13647057
-0.750	-0.450	0.000	-0.16173638
-0.650	-0.450	0.000	-0.16595377
-0.550	-0.450	0.000	-0.15684873
-0.450	-0.450	0.000	-0.13406788
-0.350	-0.450	0.000	-0.10589147
-0.250	-0.450	0.000	-0.07273769
-0.150	-0.450	0.000	-0.03780068
-0.050	-0.450	0.000	-0.00233297
0.050	-0.450	0.000	0.03144455
0.150	-0.450	0.000	0.06483630
0.250	-0.450	0.000	0.09315296
0.350	-0.450	0.000	0.11711772
0.450	-0.450	0.000	0.13365075
0.550	-0.450	0.000	0.14231886
0.650	-0.450	0.000	0.14525914
0.750	-0.450	0.000	0.14015830
0.850	-0.450	0.000	0.13179834
0.950	-0.450	0.000	0.12231890
1.050	-0.450	0.000	0.11323460
1.150	-0.450	0.000	0.10704254
1.250	-0.450	0.000	0.10083023
1.350	-0.450	0.000	0.09835019
1.450	-0.450	0.000	0.09603494
1.550	-0.450	0.000	0.09016486
1.650	-0.450	0.000	0.08474754
1.750	-0.450	0.000	0.07196833
1.850	-0.450	0.000	0.06754087
1.950	-0.450	0.000	0.04578061
2.050	-0.450	0.000	0.03319369
2.150	-0.450	0.000	0.00119610
2.250	-0.450	0.000	-0.01528103
2.350	-0.450	0.000	-0.03762759
2.450	-0.450	0.000	-0.04470649
-2.450	-0.350	0.000	0.17319039
-2.350	-0.350	0.000	0.15373529
-2.250	-0.350	0.000	0.11632248
-2.150	-0.350	0.000	0.08015941
-2.050	-0.350	0.000	0.05094126
-1.950	-0.350	0.000	0.03344423
-1.850	-0.350	0.000	0.02199228
-1.750	-0.350	0.000	0.01761792
-1.650	-0.350	0.000	0.01792943
-1.550	-0.350	0.000	0.02424250
-1.450	-0.350	0.000	0.03208018
-1.350	-0.350	0.000	0.03861069
-1.250	-0.350	0.000	0.03906950
-1.150	-0.350	0.000	0.02857607
-1.050	-0.350	0.000	-0.00322135
-0.950	-0.350	0.000	-0.05354507
-0.850	-0.350	0.000	-0.10638352
-0.750	-0.350	0.000	-0.14179510
-0.650	-0.350	0.000	-0.15606764
-0.550	-0.350	0.000	-0.15048881
-0.450	-0.350	0.000	-0.13195258
-0.350	-0.350	0.000	-0.10658287
-0.250	-0.350	0.000	-0.07567691
-0.150	-0.350	0.000	-0.04194776
-0.050	-0.350	0.000	-0.00694038
0.050	-0.350	0.000	0.02655782
0.150	-0.350	0.000	0.05948886
0.250	-0.350	0.000	0.08656703
0.350	-0.350	0.000	0.10982280
0.450	-0.350	0.000	0.12272549
0.550	-0.350	0.000	0.13077872
0.650	-0.350	0.000	0.12985301
0.750	-0.350	0.000	0.12188412
0.850	-0.350	0.000	0.11177010
0.950	-0.350	0.000	0.10122146
1.050	-0.350	0.000	0.09299025
1.150	-0.350	0.000	0.08756836
1.250	-0.350	0.000	0.08156922
1.350	-0.350	0.000	0.08099411
1.450	-0.350	0.000	0.07974181
1.550	-0.350	0.000	0.07496642
1.650	-0.350	0.000	0.07150833
1.750	-0.350	0.000	0.05820653
1.850	-0.350	0.000	0.05573665
1.950	-0.350	0.000	0.03393876
2.050	-0.350	0.000	0.02286396
2.150	-0.350	0.000	-0.00896835
2.250	-0.350	0.000	-0.02470562
2.350	-0.350	0.000	-0.04648175
2.450	-0.350	0.000	-0.05095597
-2.450	-0.250	0.000	0.16967840
-2.350	-0.250	0.000	0.14584808
-2.250	-0.250	0.000	0.10664962
-2.150	-0.250	0.000	0.07129139
-2.050	-0.250	0.000	0.04537534
-1.950	-0.250	0.000	0.03129074
-1.850	-0.250	0.000	0.02323516
-1.750	-0.250	0.000	0.02010549
-1.650	-0.250	0.000	0.02089269
-1.550	-0.250	0.000	0.02747325
-1.450	-0.250	0.000	0.03504790
-1.350	-0.250	0.000	0.04215250
-1.250	-0.250	0.000	0.04357323
-1.150	-0.250	0.000	0.03854473
-1.050	-0.250	0.000	0.01925046
-0.950	-0.250	0.000	-0.01829716
-0.850	-0.250	0.000	-0.06696169
-0.750	-0.250	0.000	-0.10963654
-0.650	-0.250	0.000	-0.13477649
-0.550	-0.250	0.000	-0.13713525
-0.450	-0.250	0.000	-0.12600319
-0.350	-0.250	0.000	-0.10403300
-0.250	-0.250	0.000	-0.07551883
-0.150	-0.250	0.000	-0.04337740
-0.050	-0.250	0.000	-0.00964583
0.050	-0.250	0.000	0.02262990
0.150	-0.250	0.000	0.05464127
0.250	-0.250	0.000	0.08008395
0.350	-0.250	0.000	0.10239366
0.450	-0.250	0.000	0.11264557
0.550	-0.250	0.000	0.11896991
0.650	-0.250	0.000	0.11411598
0.750	-0.250	0.000	0.10287580
0.850	-0.250	0.000	0.09072784
0.950	-0.250	0.000	0.07938319
1.050	-0.250	0.000	0.07245331
1.150	-0.250	0.000	0.06818956
1.250	-0.250	0.000	0.06587450
1.350	-0.250	0.000	0.06740211
1.450	-0.250	0.000	0.06686803
1.550	-0.250	0.000	0.06329869
1.650	-0.250	0.000	0.06098605
1.750	-0.250	0.000	0.04813182
1.850	-0.250	0.000	0.04650154
1.950	-0.250	0.000	0.02343011
2.050	-0.250	0.000	0.01171847
2.150	-0.250	0.000	-0.02057176
2.250	-0.250	0.000	-0.03619057
2.350	-0.250	0.000	-0.05628468
2.450	-0.250	0.000	-0.05748409
-2.450	-0.150	0.000	0.16947334
-2.350	-0.150	0.000	0.14235727
-2.250	-0.150	0.000	0.10333074
-2.150	-0.150	0.000	0.06949884
-2.050	-0.150	0.000	0.04572785
-1.950	-0.150	0.000	0.03245195
-1.850	-0.150	0.000	0.02423556
-1.750	-0.150	0.000	0.02131335
-1.650	-0.150	0.000	0.02265954
-1.550	-0.150	0.000	0.03016796
-1.450	-0.150	0.000	0.03714466
-1.350	-0.150	0.000	0.04455483
-1.250	-0.150	0.000	0.04654737
-1.150	-0.150	0.000	0.04076966
-1.050	-0.150	0.000	0.02591930
-0.950	-0.150	0.000	0.00197726
-0.850	-0.150	0.000	-0.03257501
-0.750	-0.150	0.000	-0.07139177
-0.650	-0.150	0.000	-0.10126544
-0.550	-0.150	0.000	-0.11434776
-0.450	-0.150	0.000	-0.11143948
-0.350	-0.150	0.000	-0.09570633
-0.250	-0.150	0.000	-0.07159850
-0.150	-0.150	0.000	-0.04256823
-0.050	-0.150	0.000	-0.01106805
0.050	-0.150	0.000	0.01963136
0.150	-0.150	0.000	0.05029115
0.250	-0.150	0.000	0.07417464
0.350	-0.150	0.000	0.09448253
0.450	-0.150	0.000	0.10287061
0.550	-0.150	0.000	0.10560735
0.650	-0.150	0.000	0.09786792
0.750	-0.150	0.000	0.08387090
0.850	-0.150	0.000	0.07079241
0.950	-0.150	0.000	0.05946993
1.050	-0.150	0.000	0.05449142
1.150	-0.150	0.000	0.05134662
1.250	-0.150	0.000	0.04908153
1.350	-0.150	0.000	0.05374378
1.450	-0.150	0.000	0.05483927
1.550	-0.150	0.000	0.05324754
1.650	-0.150	0.000	0.05194815
1.750	-0.150	0.000	0.03850818
1.850	-0.150	0.000	0.03715168
1.950	-0.150	0.000	0.01460655
2.050	-0.150	0.000	0.00240613
2.150	-0.150	0.000	-0.02899959
2.250	-0.150	0.000	-0.04427036
2.350	-0.150	0.000	-0.06286472
2.450	-0.150	0.000	-0.06232068
-2.450	-0.050	0.000	0.16248260
-2.350	-0.050	0.000	0.13312633
-2.250	-0.050	0.000	0.09657740
-2.150	-0.050	0.000	0.06537277
-2.050	-0.050	0.000	0.04296865
-1.950	-0.050	0.000	0.02990394
-1.850	-0.050	0.000	0.02279272
-1.750	-0.050	0.000	0.02043865
-1.650	-0.050	0.000	0.02133647
-1.550	-0.050	0.000	0.02880667
-1.450	-0.050	0.000	0.03748653
-1.350	-0.050	0.000	0.04659779
-1.250	-0.050	0.000	0.04730472
-1.150	-0.050	0.000	0.04056166
-1.050	-0.050	0.000	0.02599020
-0.950	-0.050	0.000	0.00596039
-0.850	-0.050	0.000	-0.01685965
-0.750	-0.050	0.000	-0.04168248
-0.650	-0.050	0.000	-0.06547444
-0.550	-0.050	0.000	-0.08229331
-0.450	-0.050	0.000	-0.08537892
-0.350	-0.050	0.000	-0.07937820
-0.250	-0.050	0.000	-0.06205152
-0.150	-0.050	0.000	-0.03787296
-0.050	-0.050	0.000	-0.00907639
0.050	-0.050	0.000	0.01877245
0.150	-0.050	0.000	0.04712533
0.250	-0.050	0.000	0.06936101
0.350	-0.050	0.000	0.08668422
0.450	-0.050	0.000	0.09364193
0.550	-0.050	0.000	0.09277669
0.650	-0.050	0.000	0.08233900
0.750	-0.050	0.000	0.06692289
0.850	-0.050	0.000	0.05297465
0.950	-0.050	0.000	0.04321019
1.050	-0.050	0.000	0.03949485
1.150	-0.050	0.000	0.03831399
1.250	-0.050	0.000	0.03960197
1.350	-0.050	0.000	0.04558987
1.450	-0.050	0.000	0.04607775
1.550	-0.050	0.000	0.04492624
1.650	-0.050	0.000	0.04432741
1.750	-0.050	0.000	0.03131479
1.850	-0.050	0.000	0.02957086
1.950	-0.050	0.000	0.00800348
2.050	-0.050	0.000	-0.00581553
2.150	-0.050	0.000	-0.03710281
2.250	-0.050	0.000	-0.05194049
2.350	-0.050	0.000	-0.06941594
2.450	-0.050	0.000	-0.06773929
-2.450	0.050	0.000	0.15788902
-2.350	0.050	0.000	0.12845415
-2.250	0.050	0.000	0.09550008
-2.150	0.050	0.000	0.06616836
-2.050	0.050	0.000	0.04426701
-1.950	0.050	0.000	0.03052942
-1.850	0.050	0.000	0.02238427
-1.750	0.050	0.000	0.01903572
-1.650	0.050	0.000	0.01953992
-1.550	0.050	0.000	0.02735026
-1.450	0.050	0.000	0.03440402
-1.350	0.050	0.000	0.04287898
-1.250	0.050	0.000	0.04560856
-1.150	0.050	0.000	0.04124188
-1.050	0.050	0.000	0.02730457
-0.950	0.050	0.000	0.00655360
-0.850	0.050	0.000	-0.01368395
-0.750	0.050	0.000	-0.02940637
-0.650	0.050	0.000	-0.04111722
-0.550	0.050	0.000	-0.05211920
-0.450	0.050	0.000	-0.05646730
-0.350	0.050	0.000	-0.05429630
-0.250	0.050	0.000	-0.04437220
-0.150	0.050	0.000	-0.02656206
-0.050	0.050	0.000	-0.00273548
0.050	0.050	0.000	0.02110765
0.150	0.050	0.000	0.04611414
0.250	0.050	0.000	0.06601846
0.350	0.050	0.000	0.07991589
0.450	0.050	0.000	0.08590539
0.550	0.050	0.000	0.08140453
0.650	0.050	0.000	0.06852589
0.750	0.050	0.000	0.05245919
0.850	0.050	0.000	0.03914049
0.950	0.050	0.000	0.03026292
1.050	0.050	0.000	0.02680375
1.150	0.050	0.000	0.02654714
1.250	0.050	0.000	0.02815177
1.350	0.050	0.000	0.03571633
1.450	0.050	0.000	0.03863062
1.550	0.050	0.000	0.04069275
1.650	0.050	0.000	0.04066141
1.750	0.050	0.000	0.02755848
1.850	0.050	0.000	0.02466769
1.950	0.050	0.000	0.00228050
2.050	0.050	0.000	-0.01357469
2.150	0.050	0.000	-0.04357582
2.250	0.050	0.000	-0.05835668
2.350	0.050	0.000	-0.07547078
2.450	0.050	0.000	-0.07380112
-2.450	0.150	0.000	0.14704384
-2.350	0.150	0.000	0.11982575
-2.250	0.150	0.000	0.09228883
-2.150	0.150	0.000	0.06451341
-2.050	0.150	0.000	0.04337720
-1.950	0.150	0.000	0.02930831
-1.850	0.150	0.000	0.02075843
-1.750	0.150	0.000	0.01659505
-1.650	0.150	0.000	0.01617222
-1.550	0.150	0.000	0.02382785
-1.450	0.150	0.000	0.03098996
-1.350	0.150	0.000	0.04000257
-1.250	0.150	0.000	0.04116326
-1.150	0.150	0.000	0.03561356
-1.050	0.150	0.000	0.02314728
-0.950	0.150	0.000	0.00584331
-0.850	0.150	0.000	-0.01174714
-0.750	0.150	0.000	-0.02486198
-0.650	0.150	0.000	-0.03087125
-0.550	0.150	0.000	-0.03353402
-0.450	0.150	0.000	-0.03229295
-0.350	0.150	0.000	-0.02849134
-0.250	0.150	0.000	-0.02243933
-0.150	0.150	0.000	-0.00931033
-0.050	0.150	0.000	0.00814631
0.050	0.150	0.000	0.02762687
0.150	0.150	0.000	0.04768462
0.250	0.150	0.000	0.06529366
0.350	0.150	0.000	0.07472358
0.450	0.150	0.000	0.07893167
0.550	0.150	0.000	0.07253347
0.650	0.150	0.000	0.05719228
0.750	0.150	0.000	0.04172638
0.850	0.150	0.000	0.02792738
0.950	0.150	0.000	0.02070235
1.050	0.150	0.000	0.01761741
1.150	0.150	0.000	0.01905155
1.250	0.150	0.000	0.02433005
1.350	0.150	0.000	0.03180360
1.450	0.150	0.000	0.03570285
1.550	0.150	0.000	0.03753914
1.650	0.150	0.000	0.03721044
1.750	0.150	0.000	0.02423561
1.850	0.150	0.000	0.02043716
1.950	0.150	0.000	-0.00046410
2.050	0.150	0.000	-0.01821650
2.150	0.150	0.000	-0.04847610
2.250	0.150	0.000	-0.06373602
2.350	0.150	0.000	-0.08056374
2.450	0.150	0.000	-0.07960536
-2.450	0.250	0.000	0.14104052
-2.350	0.250	0.000	0.11641642
-2.250	0.250	0.000	0.09259595
-2.150	0.250	0.000	0.06756683
-2.050	0.250	0.000	0.04861850
-1.950	0.250	0.000	0.03321299
-1.850	0.250	0.000	0.02268415
-1.750	0.250	0.000	0.01573135
-1.650	0.250	0.000	0.01360091
-1.550	0.250	0.000	0.02015150
-1.450	0.250	0.000	0.02588678
-1.350	0.250	0.000	0.03423113
-1.250	0.250	0.000	0.03569536
-1.150	0.250	0.000	0.03007446
-1.050	0.250	0.000	0.01711734
-0.950	0.250	0.000	0.00157187
-0.850	0.250	0.000	-0.01358971
-0.750	0.250	0.000	-0.02301485
-0.650	0.250	0.000	-0.02645125
-0.550	0.250	0.000	-0.02294383
-0.450	0.250	0.000	-0.01604423
-0.350	0.250	0.000	-0.00826634
-0.250	0.250	0.000	-0.00176345
-0.150	0.250	0.000	0.00945394
-0.050	0.250	0.000	0.02217452
0.050	0.250	0.000	0.03728971
0.150	0.250	0.000	0.05278042
0.250	0.250	0.000	0.06658375
0.350	0.250	0.000	0.07337011
0.450	0.250	0.000	0.07447351
0.550	0.250	0.000	0.06621661
0.650	0.250	0.000	0.04945908
0.750	0.250	0.000	0.03311780
0.850	0.250	0.000	0.02015856
0.950	0.250	0.000	0.01359792
1.050	0.250	0.000	0.01061771
1.150	0.250	0.000	0.01322148
1.250	0.250	0.000	0.01898437
1.350	0.250	0.000	0.02767873
1.450	0.250	0.000	0.03293587
1.550	0.250	0.000	0.03687858
1.650	0.250	0.000	0.03716741
1.750	0.250	0.000	0.02562333
1.850	0.250	0.000	0.02090437
1.950	0.250	0.000	-0.00078009
2.050	0.250	0.000	-0.02123289
2.150	0.250	0.000	-0.05322464
2.250	0.250	0.000	-0.07033508
2.350	0.250	0.000	-0.08816013
2.450	0.250	0.000	-0.08765651
-2.450	0.350	0.000	0.12747322
-2.350	0.350	0.000	0.10866068
-2.250	0.350	0.000	0.09082481
-2.150	0.350	0.000	0.06786174
-2.050	0.350	0.000	0.04870610
-1.950	0.350	0.000	0.03347886
-1.850	0.350	0.000	0.02357101
-1.750	0.350	0.000	0.01655828
-1.650	0.350	0.000	0.01261929
-1.550	0.350	0.000	0.01704441
-1.450	0.350	0.000	0.02235600
-1.350	0.350	0.000	0.02828984
-1.250	0.350	0.000	0.02770290
-1.150	0.350	0.000	0.02182443
-1.050	0.350	0.000	0.00858806
-0.950	0.350	0.000	-0.00587126
-0.850	0.350	0.000	-0.01790132
-0.750	0.350	0.000	-0.02403002
-0.650	0.350	0.000	-0.02429503
-0.550	0.350	0.000	-0.01682017
-0.450	0.350	0.000	-0.00784577
-0.350	0.350	0.000	0.00421376
-0.250	0.350	0.000	0.01540009
-0.150	0.350	0.000	0.02697511
-0.050	0.350	0.000	0.03846010
0.050	0.350	0.000	0.04998135
0.150	0.350	0.000	0.06050611
0.250	0.350	0.000	0.06980612
0.350	0.350	0.000	0.07326079
0.450	0.350	0.000	0.07137556
0.550	0.350	0.000	0.06164229
0.650	0.350	0.000	0.04416764
0.750	0.350	0.000	0.02673616
0.850	0.350	0.000	0.01410989
0.950	0.350	0.000	0.00780841
1.050	0.350	0.000	0.00576429
1.150	0.350	0.000	0.00999172
1.250	0.350	0.000	0.01833715
1.350	0.350	0.000	0.02756881
1.450	0.350	0.000	0.03425989
1.550	0.350	0.000	0.03904267
1.650	0.350	0.000	0.03917697
1.750	0.350	0.000	0.02803554
1.850	0.350	0.000	0.02141654
1.950	0.350	0.000	-0.00128674
2.050	0.350	0.000	-0.02518850
2.150	0.350	0.000	-0.05776112
2.250	0.350	0.000	-0.07632495
2.350	0.350	0.000	-0.09363358
2.450	0.350	0.000	-0.09421902
-2.450	0.450	0.000	0.11685482
-2.350	0.450	0.000	0.10355516
-2.250	0.450	0.000	0.09078825
-2.150	0.450	0.000	0.07281876
-2.050	0.450	0.000	0.05730935
-1.950	0.450	0.000	0.04076719
-1.850	0.450	0.000	0.02488634
-1.750	0.450	0.000	0.01651900
-1.650	0.450	0.000	0.01400666
-1.550	0.450	0.000	0.01680590
-1.450	0.450	0.000	0.02002545
-1.350	0.450	0.000	0.02403624
-1.250	0.450	0.000	0.02200567
-1.150	0.450	0.000	0.01435746
-1.050	0.450	0.000	-0.00067949
-0.950	0.450	0.000	-0.01475969
-0.850	0.450	0.000	-0.02538748
-0.750	0.450	0.000	-0.02816880
-0.650	0.450	0.000	-0.02377012
-0.550	0.450	0.000	-0.01478954
-0.450	0.450	0.000	-0.00202126
-0.350	0.450	0.000	0.01235502
-0.250	0.450	0.000	0.02554338
-0.150	0.450	0.000	0.03963324
-0.050	0.450	0.000	0.05125052
0.050	0.450	0.000	0.06196557
0.150	0.450	0.000	0.07004199
0.250	0.450	0.000	0.07527414
0.350	0.450	0.000	0.07627879
0.450	0.450	0.000	0.07113127
0.550	0.450	0.000	0.05912407
0.650	0.450	0.000	0.04142040
0.750	0.450	0.000	0.02359034
0.850	0.450	0.000	0.01144540
0.950	0.450	0.000	0.00552244
1.050	0.450	0.000	0.00400542
1.150	0.450	0.000	0.00842944
1.250	0.450	0.000	0.01698880
1.350	0.450	0.000	0.02697028
1.450	0.450	0.000	0.03534102
1.550	0.450	0.000	0.04057030
1.650	0.450	0.000	0.04041526
1.750	0.450	0.000	0.03102811
1.850	0.450	0.000	0.02340949
1.950	0.450	0.000	0.00050340
2.050	0.450	0.000	-0.02601372
2.150	0.450	0.000	-0.06158169
2.250	0.450	0.000	-0.08291577
2.350	0.450	0.000	-0.10160042
2.450	0.450	0.000	-0.10396158
-2.450	0.550	0.000	0.10524483
-2.350	0.550	0.000	0.10016117
-2.250	0.550	0.000	0.09196479
-2.150	0.550	0.000	0.07835560
-2.050	0.550	0.000	0.06350122
-1.950	0.550	0.000	0.04521819
-1.850	0.550	0.000	0.03023948
-1.750	0.550	0.000	0.02164825
-1.650	0.550	0.000	0.01488883
-1.550	0.550	0.000	0.01595867
-1.450	0.550	0.000	0.01900330
-1.350	0.550	0.000	0.02181073
-1.250	0.550	0.000	0.01655887
-1.150	0.550	0.000	0.00594594
-1.050	0.550	0.000	-0.01010604
-0.950	0.550	0.000	-0.02404100
-0.850	0.550	0.000	-0.03303265
-0.750	0.550	0.000	-0.03391710
-0.650	0.550	0.000	-0.02696897
-0.550	0.550	0.000	-0.01466604
-0.450	0.550	0.000	0.00026422
-0.350	0.550	0.000	0.01675613
-0.250	0.550	0.000	0.03229579
-0.150	0.550	0.000	0.04793794
-0.050	0.550	0.000	0.06093768
0.050	0.550	0.000	0.07190806
0.150	0.550	0.000	0.07916949
0.250	0.550	0.000	0.08269479
0.350	0.550	0.000	0.08143696
0.450	0.550	0.000	0.07331791
0.550	0.550	0.000	0.05888097
0.650	0.550	0.000	0.04027621
0.750	0.550	0.000	0.02096742
0.850	0.550	0.000	0.00835911
0.950	0.550	0.000	0.00219890
1.050	0.550	0.000	0.00177251
1.150	0.550	0.000	0.00816033
1.250	0.550	0.000	0.01872964
1.350	0.550	0.000	0.02924192
1.450	0.550	0.000	0.03893474
1.550	0.550	0.000	0.04525327
1.650	0.550	0.000	0.04562841
1.750	0.550	0.000	0.03811730
1.850	0.550	0.000	0.02834625
1.950	0.550	0.000	0.00467572
2.050	0.550	0.000	-0.02586744
2.150	0.550	0.000	-0.06355009
2.250	0.550	0.000	-0.08798077
2.350	0.550	0.000	-0.10868248
2.450	0.550	0.000	-0.11362512
-2.450	0.650	0.000	0.09538779
-2.350	0.650	0.000	0.09588226
-2.250	0.650	0.000	0.09372661
-2.150	0.650	0.000	0.08745212
-2.050	0.650	0.000	0.07515342
-1.950	0.650	0.000	0.05706745
-1.850	0.650	0.000	0.03786169
-1.750	0.650	0.000	0.02539353
-1.650	0.650	0.000	0.02051673
-1.550	0.650	0.000	0.02074911
-1.450	0.650	0.000	0.02046864
-1.350	0.650	0.000	0.02073963
-1.250	0.650	0.000	0.01238813
-1.150	0.650	0.000	-0.00228883
-1.050	0.650	0.000	-0.02135365
-0.950	0.650	0.000	-0.03533390
-0.850	0.650	0.000	-0.04126773
-0.750	0.650	0.000	-0.03882565
-0.650	0.650	0.000	-0.03124533
-0.550	0.650	0.000	-0.01637797
-0.450	0.650	0.000	0.00017301
-0.350	0.650	0.000	0.01914077
-0.250	0.650	0.000	0.03627222
-0.150	0.650	0.000	0.05304109
-0.050	0.650	0.000	0.06795116
0.050	0.650	0.000	0.07972575
0.150	0.650	0.000	0.08716141
0.250	0.650	0.000	0.09025054
0.350	0.650	0.000	0.08769833
0.450	0.650	0.000	0.07771938
0.550	0.650	0.000	0.06170700
0.650	0.650	0.000	0.04210036
0.750	0.650	0.000	0.02226908
0.850	0.650	0.000	0.00937304
0.950	0.650	0.000	0.00379125
1.050	0.650	0.000	0.00298180
1.150	0.650	0.000	0.00899519
1.250	0.650	0.000	0.01937934
1.350	0.650	0.000	0.03024960
1.450	0.650	0.000	0.04100437
1.550	0.650	0.000	0.04780516
1.650	0.650	0.000	0.04833961
1.750	0.650	0.000	0.04277306
1.850	0.650	0.000	0.03365882
1.950	0.650	0.000	0.01014402
2.050	0.650	0.000	-0.02313007
2.150	0.650	0.000	-0.06459823
2.250	0.650	0.000	-0.09326992
2.350	0.650	0.000	-0.11655152
2.450	0.650	0.000	-0.12407132
-2.450	0.750	0.000	0.08566842
-2.350	0.750	0.000	0.09333589
-2.250	0.750	0.000	0.09431385
-2.150	0.750	0.000	0.09396049
-2.050	0.750	0.000	0.08534015
-1.950	0.750	0.000	0.07198083
-1.850	0.750	0.000	0.05453638
-1.750	0.750	0.000	0.03970926
-1.650	0.750	0.000	0.02933689
-1.550	0.750	0.000	0.02589725
-1.450	0.750	0.000	0.02360080
-1.350	0.750	0.000	0.01923746
-1.250	0.750	0.000	0.00589821
-1.150	0.750	0.000	-0.01104187
-1.050	0.750	0.000	-0.03131783
-0.950	0.750	0.000	-0.04483842
-0.850	0.750	0.000	-0.04824394
-0.750	0.750	0.000	-0.04328362
-0.650	0.750	0.000	-0.03413974
-0.550	0.750	0.000	-0.01840983
-0.450	0.750	0.000	-0.00067049
-0.350	0.750	0.000	0.01910299
-0.250	0.750	0.000	0.03790587
-0.150	0.750	0.000	0.05595458
-0.050	0.750	0.000	0.07161428
0.050	0.750	0.000	0.08515335
0.150	0.750	0.000	0.09385237
0.250	0.750	0.000	0.09720843
0.350	0.750	0.000	0.09450373
0.450	0.750	0.000	0.08382102
0.550	0.750	0.000	0.06669721
0.650	0.750	0.000	0.04534708
0.750	0.750	0.000	0.02428975
0.850	0.750	0.000	0.01009733
0.950	0.750	0.000	0.00393917
1.050	0.750	0.000	0.00364118
1.150	0.750	0.000	0.01009431
1.250	0.750	0.000	0.02108759
1.350	0.750	0.000	0.03180110
1.450	0.750	0.000	0.04296035
1.550	0.750	0.000	0.04985572
1.650	0.750	0.000	0.05118774
1.750	0.750	0.000	0.04796357
1.850	0.750	0.000	0.03802413
1.950	0.750	0.000	0.01547113
2.050	0.750	0.000	-0.02094099
2.150	0.750	0.000	-0.06536952
2.250	0.750	0.000	-0.09827318
2.350	0.750	0.000	-0.12446605
2.450	0.750	0.000	-0.13465418
-2.450	0.850	0.000	0.07653016
-2.350	0.850	0.000	0.08750874
-2.250	0.850	0.000	0.09007006
-2.150	0.850	0.000	0.09575841
-2.050	0.850	0.000	0.09108376
-1.950	0.850	0.000	0.08405797
-1.850	0.850	0.000	0.07236823
-1.750	0.850	0.000	0.05846395
-1.650	0.850	0.000	0.04652683
-1.550	0.850	0.000	0.03977982
-1.450	0.850	0.000	0.03157870
-1.350	0.850	0.000	0.02163579
-1.250	0.850	0.000	-0.00029771
-1.150	0.850	0.000	-0.02240049
-1.050	0.850	0.000	-0.04254889
-0.950	0.850	0.000	-0.05235957
-0.850	0.850	0.000	-0.05342045
-0.750	0.850	0.000	-0.04633737
-0.650	0.850	0.000	-0.03550128
-0.550	0.850	0.000	-0.01949102
-0.450	0.850	0.000	-0.00119025
-0.350	0.850	0.000	0.01922144
-0.250	0.850	0.000	0.03889357
-0.150	0.850	0.000	0.05804832
-0.050	0.850	0.000	0.07488636
0.050	0.850	0.000	0.08923981
0.150	0.850	0.000	0.09968541
0.250	0.850	0.000	0.10425200
0.350	0.850	0.000	0.10165723
0.450	0.850	0.000	0.09127439
0.550	0.850	0.000	0.07339562
0.650	0.850	0.000	0.05085324
0.750	0.850	0.000	0.02899731
0.850	0.850	0.000	0.01284183
0.950	0.850	0.000	0.00608668
1.050	0.850	0.000	0.00421367
1.150	0.850	0.000	0.00918718
1.250	0.850	0.000	0.01950161
1.350	0.850	0.000	0.02983117
1.450	0.850	0.000	0.04153598
1.550	0.850	0.000	0.04967524
1.650	0.850	0.000	0.05162810
1.750	0.850	0.000	0.04840564
1.850	0.850	0.000	0.03961311
1.950	0.850	0.000	0.01900781
2.050	0.850	0.000	-0.01612484
2.150	0.850	0.000	-0.06092089
2.250	0.850	0.000	-0.09682707
2.350	0.850	0.000	-0.12650089
2.450	0.850	0.000	-0.13956176
-2.450	0.950	0.000	0.06771035
-2.350	0.950	0.000	0.08000460
-2.250	0.950	0.000	0.08356598
-2.150	0.950	0.000	0.09133831
-2.050	0.950	0.000	0.09011838
-1.950	0.950	0.000	0.08988731
-1.850	0.950	0.000	0.08585194
-1.750	0.950	0.000	0.07710355
-1.650	0.950	0.000	0.06648886
-1.550	0.950	0.000	0.05811964
-1.450	0.950	0.000	0.04266543
-1.350	0.950	0.000	0.02568611
-1.250	0.950	0.000	-0.00420521
-1.150	0.950	0.000	-0.02973898
-1.050	0.950	0.000	-0.04896061
-0.950	0.950	0.000	-0.05609140
-0.850	0.950	0.000	-0.05488875
-0.750	0.950	0.000	-0.04670539
-0.650	0.950	0.000	-0.03446151
-0.550	0.950	0.000	-0.01879977
-0.450	0.950	0.000	-0.00063740
-0.350	0.950	0.000	0.01979730
-0.250	0.950	0.000	0.03999696
-0.150	0.950	0.000	0.05980053
-0.050	0.950	0.000	0.07751487
0.050	0.950	0.000	0.09285258
0.150	0.950	0.000	0.10453721
0.250	0.950	0.000	0.11051519
0.350	0.950	0.000	0.10897393
0.450	0.950	0.000	0.09927154
0.550	0.950	0.000	0.08133309
0.650	0.950	0.000	0.05771125
0.750	0.950	0.000	0.03393588
0.850	0.950	0.000	0.01614520
0.950	0.950	0.000	0.00791059
1.050	0.950	0.000	0.00578607
1.150	0.950	0.000	0.01044683
1.250	0.950	0.000	0.02035227
1.350	0.950	0.000	0.02970218
1.450	0.950	0.000	0.04075659
1.550	0.950	0.000	0.04796036
1.650	0.950	0.000	0.05029579
1.750	0.950	0.000	0.04831766
1.850	0.950	0.000	0.03981072
1.950	0.950	0.000	0.02177731
2.050	0.950	0.000	-0.01079062
2.150	0.950	0.000	-0.05417926
2.250	0.950	0.000	-0.09288267
2.350	0.950	0.000	-0.12643088
2.450	0.950	0.000	-0.14333889
-2.450	1.050	0.000	0.05828425
-2.350	1.050	0.000	0.07025045
-2.250	1.050	0.000	0.07267462
-2.150	1.050	0.000	0.08130921
-2.050	1.050	0.000	0.08353281
-1.950	1.050	0.000	0.08804598
-1.850	1.050	0.000	0.09137253
-1.750	1.050	0.000	0.08678076
-1.650	1.050	0.000	0.08087344
-1.550	1.050	0.000	0.07605358
-1.450	1.050	0.000	0.05712211
-1.350	1.050	0.000	0.03257727
-1.250	1.050	0.000	-0.00166594
-1.150	1.050	0.000	-0.02869887
-1.050	1.050	0.000	-0.04736375
-0.950	1.050	0.000	-0.05373181
-0.850	1.050	0.000	-0.05226562
-0.750	1.050	0.000	-0.04408481
-0.650	1.050	0.000	-0.03114545
-0.550	1.050	0.000	-0.01525869
-0.450	1.050	0.000	0.00200902
-0.350	1.050	0.000	0.02198939
-0.250	1.050	0.000	0.04238037
-0.150	1.050	0.000	0.06281479
-0.050	1.050	0.000	0.08112087
0.050	1.050	0.000	0.09753424
0.150	1.050	0.000	0.11003270
0.250	1.050	0.000	0.11735250
0.350	1.050	0.000	0.11680421
0.450	1.050	0.000	0.10798507
0.550	1.050	0.000	0.09023350
0.650	1.050	0.000	0.06605161
0.750	1.050	0.000	0.04086022
0.850	1.050	0.000	0.02097336
0.950	1.050	0.000	0.01051879
1.050	1.050	0.000	0.00610548
1.150	1.050	0.000	0.00845068
1.250	1.050	0.000	0.01670415
1.350	1.050	0.000	0.02480661
1.450	1.050	0.000	0.03461654
1.550	1.050	0.000	0.04155268
1.650	1.050	0.000	0.04250456
1.750	1.050	0.000	0.03859854
1.850	1.050	0.000	0.03230243
1.950	1.050	0.000	0.01770834
2.050	1.050	0.000	-0.00640607
2.150	1.050	0.000	-0.04340083
2.250	1.050	0.000	-0.08034201
2.350	1.050	0.000	-0.11718382
2.450	1.050	0.000	-0.13831842
-2.450	1.150	0.000	0.04405189
-2.350	1.150	0.000	0.05418330
-2.250	1.150	0.000	0.05870930
-2.150	1.150	0.000	0.06835402
-2.050	1.150	0.000	0.07553877
-1.950	1.150	0.000	0.08181726
-1.850	1.150	0.000	0.08970899
-1.750	1.150	0.000	0.08892207
-1.650	1.150	0.000	0.08832853
-1.550	1.150	0.000	0.08644409
-1.450	1.150	0.000	0.06749908
-1.350	1.150	0.000	0.04408678
-1.250	1.150	0.000	0.00835602
-1.150	1.150	0.000	-0.01915723
-1.050	1.150	0.000	-0.03876194
-0.950	1.150	0.000	-0.04539098
-0.850	1.150	0.000	-0.04466819
-0.750	1.150	0.000	-0.03796294
-0.650	1.150	0.000	-0.02583008
-0.550	1.150	0.000	-0.01005007
-0.450	1.150	0.000	0.00685892
-0.350	1.150	0.000	0.02646604
-0.250	1.150	0.000	0.04642563
-0.150	1.150	0.000	0.06687699
-0.050	1.150	0.000	0.08544875
0.050	1.150	0.000	0.10224368
0.150	1.150	0.000	0.11524624
0.250	1.150	0.000	0.12408939
0.350	1.150	0.000	0.12457839
0.450	1.150	0.000	0.11666200
0.550	1.150	0.000	0.09961450
0.650	1.150	0.000	0.07500475
0.750	1.150	0.000	0.04801953
0.850	1.150	0.000	0.02605830
0.950	1.150	0.000	0.01309926
1.050	1.150	0.000	0.00770814
1.150	1.150	0.000	0.00837436
1.250	1.150	0.000	0.01485276
1.350	1.150	0.000	0.02099924
1.450	1.150	0.000	0.02966073
1.550	1.150	0.000	0.03479685
1.650	1.150	0.000	0.03758762
1.750	1.150	0.000	0.03492218
1.850	1.150	0.000	0.02649410
1.950	1.150	0.000	0.01257756
2.050	1.150	0.000	-0.00662183
2.150	1.150	0.000	-0.03509550
2.250	1.150	0.000	-0.06757171
2.350	1.150	0.000	-0.10370310
2.450	1.150	0.000	-0.12908992
-2.450	1.250	0.000	0.03043040
-2.350	1.250	0.000	0.03971158
-2.250	1.250	0.000	0.04491694
-2.150	1.250	0.000	0.05286509
-2.050	1.250	0.000	0.06118605
-1.950	1.250	0.000	0.06950527
-1.850	1.250	0.000	0.08173271
-1.750	1.250	0.000	0.08509194
-1.650	1.250	0.000	0.08854205
-1.550	1.250	0.000	0.08917148
-1.450	1.250	0.000	0.07292135
-1.350	1.250	0.000	0.05402075
-1.250	1.250	0.000	0.02165312
-1.150	1.250	0.000	-0.00405803
-1.050	1.250	0.000	-0.02380526
-0.950	1.250	0.000	-0.03322490
-0.850	1.250	0.000	-0.03440733
-0.750	1.250	0.000	-0.02735120
-0.650	1.250	0.000	-0.01872534
-0.550	1.250	0.000	-0.00427828
-0.450	1.250	0.000	0.01327326
-0.350	1.250	0.000	0.03211964
-0.250	1.250	0.000	0.05188319
-0.150	1.250	0.000	0.07215241
-0.050	1.250	0.000	0.09112007
0.050	1.250	0.000	0.10854500
0.150	1.250	0.000	0.12177330
0.250	1.250	0.000	0.13180958
0.350	1.250	0.000	0.13284333
0.450	1.250	0.000	0.12579682
0.550	1.250	0.000	0.10955471
0.650	1.250	0.000	0.08506337
0.750	1.250	0.000	0.05697715
0.850	1.250	0.000	0.03264972
0.950	1.250	0.000	0.01689593
1.050	1.250	0.000	0.00843217
1.150	1.250	0.000	0.00570731
1.250	1.250	0.000	0.00892137
1.350	1.250	0.000	0.01412019
1.450	1.250	0.000	0.01992949
1.550	1.250	0.000	0.02377823
1.650	1.250	0.000	0.02442790
1.750	1.250	0.000	0.02094512
1.850	1.250	0.000	0.01898715
1.950	1.250	0.000	0.00904476
2.050	1.250	0.000	-0.00250424
2.150	1.250	0.000	-0.02468140
2.250	1.250	0.000	-0.05154199
2.350	1.250	0.000	-0.08305797
2.450	1.250	0.000	-0.11199833
-2.450	1.350	0.000	0.01732033
-2.350	1.350	0.000	0.02393111
-2.250	1.350	0.000	0.03195414
-2.150	1.350	0.000	0.03905723
-2.050	1.350	0.000	0.05144902
-1.950	1.350	0.000	0.05904273
-1.850	1.350	0.000	0.06976987
-1.750	1.350	0.000	0.07340232
-1.650	1.350	0.000	0.08250971
-1.550	1.350	0.000	0.08572718
-1.450	1.350	0.000	0.07481241
-1.350	1.350	0.000	0.06156454
-1.250	1.350	0.000	0.03473585
-1.150	1.350	0.000	0.01155597
-1.050	1.350	0.000	-0.00716980
-0.950	1.350	0.000	-0.01759354
-0.850	1.350	0.000	-0.02147749
-0.750	1.350	0.000	-0.01689159
-0.650	1.350	0.000	-0.00892578
-0.550	1.350	0.000	0.00495341
-0.450	1.350	0.000	0.02033259
-0.350	1.350	0.000	0.03803077
-0.250	1.350	0.000	0.05773079
-0.150	1.350	0.000	0.07794615
-0.050	1.350	0.000	0.09680258
0.050	1.350	0.000	0.11431806
0.150	1.350	0.000	0.12727024
0.250	1.350	0.000	0.13816705
0.350	1.350	0.000	0.14092274
0.450	1.350	0.000	0.13537177
0.550	1.350	0.000	0.12060566
0.650	1.350	0.000	0.09644689
0.750	1.350	0.000	0.06718867
0.850	1.350	0.000	0.04063421
0.950	1.350	0.000	0.02146816
1.050	1.350	0.000	0.01147872
1.150	1.350	0.000	0.00631419
1.250	1.350	0.000	0.00675624
1.350	1.350	0.000	0.00859372
1.450	1.350	0.000	0.01463095
1.550	1.350	0.000	0.01731536
1.650	1.350	0.000	0.02011733
1.750	1.350	0.000	0.01760582
1.850	1.350	0.000	0.01244710
1.950	1.350	0.000	0.00493892
2.050	1.350	0.000	-0.00478164
2.150	1.350	0.000	-0.01972256
2.250	1.350	0.000	-0.03950303
2.350	1.350	0.000	-0.06383444
2.450	1.350	0.000	-0.09233323
-2.450	1.450	0.000	-0.00280236
-2.350	1.450	0.000	0.00334690
-2.250	1.450	0.000	0.01445560
-2.150	1.450	0.000	0.02025294
-2.050	1.450	0.000	0.03737369
-1.950	1.450	0.000	0.04482330
-1.850	1.450	0.000	0.05943751
-1.750	1.450	0.000	0.06374245
-1.650	1.450	0.000	0.07241467
-1.550	1.450	0.000	0.07667869
-1.450	1.450	0.000	0.07092359
-1.350	1.450	0.000	0.06351457
-1.250	1.450	0.000	0.04440153
-1.150	1.450	0.000	0.02717678
-1.050	1.450	0.000	0.00752481
-0.950	1.450	0.000	-0.00255413
-0.850	1.450	0.000	-0.00875309
-0.750	1.450	0.000	-0.00608288
-0.650	1.450	0.000	0.00074952
-0.550	1.450	0.000	0.01231418
-0.450	1.450	0.000	0.02736121
-0.350	1.450	0.000	0.04510014
-0.250	1.450	0.000	0.06400351
-0.150	1.450	0.000	0.08342510
-0.050	1.450	0.000	0.10221886
0.050	1.450	0.000	0.12023505
0.150	1.450	0.000	0.13373187
0.250	1.450	0.000	0.14457268
0.350	1.450	0.000	0.14869352
0.450	1.450	0.000	0.14429428
0.550	1.450	0.000	0.13123544
0.650	1.450	0.000	0.10868815
0.750	1.450	0.000	0.08002996
0.850	1.450	0.000	0.05185639
0.950	1.450	0.000	0.02891727
1.050	1.450	0.000	0.01505850
1.150	1.450	0.000	0.00592411
1.250	1.450	0.000	0.00423871
1.350	1.450	0.000	0.00302579
1.450	1.450	0.000	0.00699527
1.550	1.450	0.000	0.00897456
1.650	1.450	0.000	0.01158828
1.750	1.450	0.000	0.01136301
1.850	1.450	0.000	0.00832118
1.950	1.450	0.000	0.00469365
2.050	1.450	0.000	-0.00312926
2.150	1.450	0.000	-0.01384827
2.250	1.450	0.000	-0.02869171
2.350	1.450	0.000	-0.04453734
2.450	1.450	0.000	-0.07034811
-2.450	1.550	0.000	-0.01204941
-2.350	1.550	0.000	-0.00821827
-2.250	1.550	0.000	0.00564662
-2.150	1.550	0.000	0.00933320
-2.050	1.550	0.000	0.02646196
-1.950	1.550	0.000	0.03068889
-1.850	1.550	0.000	0.04714399
-1.750	1.550	0.000	0.04992527
-1.650	1.550	0.000	0.06002736
-1.550	1.550	0.000	0.06646349
-1.450	1.550	0.000	0.06607483
-1.350	1.550	0.000	0.06310323
-1.250	1.550	0.000	0.05038771
-1.150	1.550	0.000	0.03715143
-1.050	1.550	0.000	0.02051865
-0.950	1.550	0.000	0.01027863
-0.850	1.550	0.000	0.00345307
-0.750	1.550	0.000	0.00506662
-0.650	1.550	0.000	0.01021557
-0.550	1.550	0.000	0.02108655
-0.450	1.550	0.000	0.03509481
-0.350	1.550	0.000	0.05169363
-0.250	1.550	0.000	0.06928636
-0.150	1.550	0.000	0.08761885
-0.050	1.550	0.000	0.10556170
0.050	1.550	0.000	0.12281721
0.150	1.550	0.000	0.13791794
0.250	1.550	0.000	0.14830108
0.350	1.550	0.000	0.15443353
0.450	1.550	0.000	0.15211508
0.550	1.550	0.000	0.14167386
0.650	1.550	0.000	0.12190165
0.750	1.550	0.000	0.09475561
0.850	1.550	0.000	0.06558404
0.950	1.550	0.000	0.03997738
1.050	1.550	0.000	0.02432983
1.150	1.550	0.000	0.01177699
1.250	1.550	0.000	0.00830975
1.350	1.550	0.000	0.00357801
1.450	1.550	0.000	0.00469270
1.550	1.550	0.000	0.00722329
1.650	1.550	0.000	0.00960604
1.750	1.550	0.000	0.01110504
1.850	1.550	0.000	0.00679715
1.950	1.550	0.000	0.00392775
2.050	1.550	0.000	-0.00236929
2.150	1.550	0.000	-0.01027960
2.250	1.550	0.000	-0.02184048
2.350	1.550	0.000	-0.03072445
2.450	1.550	0.000	-0.05115854
-2.450	1.650	0.000	-0.03161069
-2.350	1.650	0.000	-0.02652949
-2.250	1.650	0.000	-0.01317207
-2.150	1.650	0.000	-0.00874281
-2.050	1.650	0.000	0.01272760
-1.950	1.650	0.000	0.01664228
-1.850	1.650	0.000	0.03388951
-1.750	1.650	0.000	0.03627835
-1.650	1.650	0.000	0.04740345
-1.550	1.650	0.000	0.05532313
-1.450	1.650	0.000	0.05991078
-1.350	1.650	0.000	0.06042442
-1.250	1.650	0.000	0.05326957
-1.150	1.650	0.000	0.04427470
-1.050	1.650	0.000	0.03008027
-0.950	1.650	0.000	0.02090622
-0.850	1.650	0.000	0.01374713
-0.750	1.650	0.000	0.01344494
-0.650	1.650	0.000	0.01766954
-0.550	1.650	0.000	0.02683603
-0.450	1.650	0.000	0.03929894
-0.350	1.650	0.000	0.05474920
-0.250	1.650	0.000	0.07217915
-0.150	1.650	0.000	0.09097671
-0.050	1.650	0.000	0.10887917
0.050	1.650	0.000	0.12584075
0.150	1.650	0.000	0.14088850
0.250	1.650	0.000	0.15090385
0.350	1.650	0.000	0.15836592
0.450	1.650	0.000	0.15803312
0.550	1.650	0.000	0.15018696
0.650	1.650	0.000	0.13389745
0.750	1.650	0.000	0.10951584
0.850	1.650	0.000	0.08148471
0.950	1.650	0.000	0.05419934
1.050	1.650	0.000	0.03485309
1.150	1.650	0.000	0.01895825
1.250	1.650	0.000	0.01244601
1.350	1.650	0.000	0.00523990
1.450	1.650	0.000	0.00447827
1.550	1.650	0.000	0.00664122
1.650	1.650	0.000	0.00711891
1.750	1.650	0.000	0.00947048
1.850	1.650	0.000	0.00725028
1.950	1.650	0.000	0.00709049
2.050	1.650	0.000	0.00217380
2.150	1.650	0.000	-0.00165670
2.250	1.650	0.000	-0.01182611
2.350	1.650	0.000	-0.01622386
2.450	1.650	0.000	-0.03130713
-2.450	1.750	0.000	-0.03732035
-2.350	1.750	0.000	-0.03482866
-2.250	1.750	0.000	-0.02238023
-2.150	1.750	0.000	-0.01971581
-2.050	1.750	0.000	0.00088583
-1.950	1.750	0.000	0.00391834
-1.850	1.750	0.000	0.02135053
-1.750	1.750	0.000	0.02319539
-1.650	1.750	0.000	0.03602184
-1.550	1.750	0.000	0.04415697
-1.450	1.750	0.000	0.05237480
-1.350	1.750	0.000	0.05690157
-1.250	1.750	0.000	0.05269063
-1.150	1.750	0.000	0.04741669
-1.050	1.750	0.000	0.03639340
-0.950	1.750	0.000	0.02807275
-0.850	1.750	0.000	0.02159751
-0.750	1.750	0.000	0.02159464
-0.650	1.750	0.000	0.02462943
-0.550	1.750	0.000	0.03343863
-0.450	1.750	0.000	0.04532704
-0.350	1.750	0.000	0.05961743
-0.250	1.750	0.000	0.07577453
-0.150	1.750	0.000	0.09261993
-0.050	1.750	0.000	0.10934205
0.050	1.750	0.000	0.12511490
0.150	1.750	0.000	0.13988329
0.250	1.750	0.000	0.15047258
0.350	1.750	0.000	0.16006710
0.450	1.750	0.000	0.16304338
0.550	1.750	0.000	0.15782546
0.650	1.750	0.000	0.14517488
0.750	1.750	0.000	0.12518874
0.850	1.750	0.000	0.09998196
0.950	1.750	0.000	0.07257062
1.050	1.750	0.000	0.05076859
1.150	1.750	0.000	0.03246614
1.250	1.750	0.000	0.02329772
1.350	1.750	0.000	0.01398803
1.450	1.750	0.000	0.01093389
1.550	1.750	0.000	0.01135257
1.650	1.750	0.000	0.00907040
1.750	1.750	0.000	0.01227397
1.850	1.750	0.000	0.00973623
1.950	1.750	0.000	0.00822306
2.050	1.750	0.000	0.00401599
2.150	1.750	0.000	0.00267026
2.250	1.750	0.000	-0.00580002
2.350	1.750	0.000	-0.00726109
2.450	1.750	0.000	-0.01803797
-2.450	1.850	0.000	-0.05585951
-2.350	1.850	0.000	-0.05373151
-2.250	1.850	0.000	-0.03624991
-2.150	1.850	0.000	-0.03192383
-2.050	1.850	0.000	-0.00895910
-1.950	1.850	0.000	-0.00592102
-1.850	1.850	0.000	0.01013044
-1.750	1.850	0.000	0.01106526
-1.650	1.850	0.000	0.02337358
-1.550	1.850	0.000	0.03438704
-1.450	1.850	0.000	0.04260071
-1.350	1.850	0.000	0.05069650
-1.250	1.850	0.000	0.05029353
-1.150	1.850	0.000	0.04690485
-1.050	1.850	0.000	0.03879814
-0.950	1.850	0.000	0.03221008
-0.850	1.850	0.000	0.02693414
-0.750	1.850	0.000	0.02710986
-0.650	1.850	0.000	0.03011552
-0.550	1.850	0.000	0.03823726
-0.450	1.850	0.000	0.04890861
-0.350	1.850	0.000	0.06253577
-0.250	1.850	0.000	0.07781328
-0.150	1.850	0.000	0.09432559
-0.050	1.850	0.000	0.11082043
0.050	1.850	0.000	0.12637706
0.150	1.850	0.000	0.14091581
0.250	1.850	0.000	0.15115590
0.350	1.850	0.000	0.15897854
0.450	1.850	0.000	0.16253236
0.550	1.850	0.000	0.15959154
0.650	1.850	0.000	0.15155031
0.750	1.850	0.000	0.13743617
0.850	1.850	0.000	0.11729934
0.950	1.850	0.000	0.09204427
1.050	1.850	0.000	0.06873738
1.150	1.850	0.000	0.04873239
1.250	1.850	0.000	0.03546145
1.350	1.850	0.000	0.02330752
1.450	1.850	0.000	0.01700043
1.550	1.850	0.000	0.01596268
1.650	1.850	0.000	0.01404864
1.750	1.850	0.000	0.01834347
1.850	1.850	0.000	0.01649863
1.950	1.850	0.000	0.01491089
2.050	1.850	0.000	0.01000956
2.150	1.850	0.000	0.01032314
2.250	1.850	0.000	0.00163307
2.350	1.850	0.000	0.00109157
2.450	1.850	0.000	-0.00760113
-2.450	1.950	0.000	-0.05911871
-2.350	1.950	0.000	-0.06040425
-2.250	1.950	0.000	-0.04670738
-2.150	1.950	0.000	-0.04512061
-2.050	1.950	0.000	-0.02364155
-1.950	1.950	0.000	-0.02076295
-1.850	1.950	0.000	-0.00378067
-1.750	1.950	0.000	0.00007077
-1.650	1.950	0.000	0.01541642
-1.550	1.950	0.000	0.02881032
-1.450	1.950	0.000	0.03728207
-1.350	1.950	0.000	0.04910889
-1.250	1.950	0.000	0.04929954
-1.150	1.950	0.000	0.04614468
-1.050	1.950	0.000	0.03960090
-0.950	1.950	0.000	0.03397645
-0.850	1.950	0.000	0.02978039
-0.750	1.950	0.000	0.03024886
-0.650	1.950	0.000	0.03286688
-0.550	1.950	0.000	0.04095952
-0.450	1.950	0.000	0.05119393
-0.350	1.950	0.000	0.06464902
-0.250	1.950	0.000	0.07919346
-0.150	1.950	0.000	0.09481065
-0.050	1.950	0.000	0.10991073
0.050	1.950	0.000	0.12421134
0.150	1.950	0.000	0.13820131
0.250	1.950	0.000	0.14907944
0.350	1.950	0.000	0.15802839
0.450	1.950	0.000	0.16388582
0.550	1.950	0.000	0.16406360
0.650	1.950	0.000	0.15995775
0.750	1.950	0.000	0.14951015
0.850	1.950	0.000	0.13333569
0.950	1.950	0.000	0.11254816
1.050	1.950	0.000	0.08995255
1.150	1.950	0.000	0.06755046
1.250	1.950	0.000	0.04988784
1.350	1.950	0.000	0.03631198
1.450	1.950	0.000	0.02714614
1.550	1.950	0.000	0.02478537
1.650	1.950	0.000	0.01957102
1.750	1.950	0.000	0.02284568
1.850	1.950	0.000	0.02104014
1.950	1.950	0.000	0.01974609
2.050	1.950	0.000	0.01553672
2.150	1.950	0.000	0.01603012
2.250	1.950	0.000	0.00867568
2.350	1.950	0.000	0.00881894
2.450	1.950	0.000	0.00143388
-2.450	2.050	0.000	-0.06590392
-2.350	2.050	0.000	-0.06862890
-2.250	2.050	0.000	-0.05074402
-2.150	2.050	0.000	-0.04806418
-2.050	2.050	0.000	-0.02595360
-1.950	2.050	0.000	-0.02498729
-1.850	2.050	0.000	-0.01101466
-1.750	2.050	0.000	-0.00801064
-1.650	2.050	0.000	0.00482569
-1.550	2.050	0.000	0.01826238
-1.450	2.050	0.000	0.02702400
-1.350	2.050	0.000	0.03942306
-1.250	2.050	0.000	0.04197973
-1.150	2.050	0.000	0.04106898
-1.050	2.050	0.000	0.03802393
-0.950	2.050	0.000	0.03380620
-0.850	2.050	0.000	0.03151528
-0.750	2.050	0.000	0.03231538
-0.650	2.050	0.000	0.03585278
-0.550	2.050	0.000	0.04405126
-0.450	2.050	0.000	0.05345074
-0.350	2.050	0.000	0.06638789
-0.250	2.050	0.000	0.08028004
-0.150	2.050	0.000	0.09497674
-0.050	2.050	0.000	0.10960088
0.050	2.050	0.000	0.12351437
0.150	2.050	0.000	0.13636880
0.250	2.050	0.000	0.14663297
0.350	2.050	0.000	0.15493692
0.450	2.050	0.000	0.16138701
0.550	2.050	0.000	0.16238424
0.650	2.050	0.000	0.16044746
0.750	2.050	0.000	0.15465800
0.850	2.050	0.000	0.14544684
0.950	2.050	0.000	0.13223141
1.050	2.050	0.000	0.11467131
1.150	2.050	0.000	0.09324686
1.250	2.050	0.000	0.07248168
1.350	2.050	0.000	0.05563113
1.450	2.050	0.000	0.04208667
1.550	2.050	0.000	0.03753601
1.650	2.050	0.000	0.03087944
1.750	2.050	0.000	0.03348597
1.850	2.050	0.000	0.03191358
1.950	2.050	0.000	0.03062611
2.050	2.050	0.000	0.02582851
2.150	2.050	0.000	0.02568130
2.250	2.050	0.000	0.01768987
2.350	2.050	0.000	0.01744150
2.450	2.050	0.000	0.01063818
-2.450	2.150	0.000	-0.06935849
-2.350	2.150	0.000	-0.07685117
-2.250	2.150	0.000	-0.06094075
-2.150	2.150	0.000	-0.06130347
-2.050	2.150	0.000	-0.04061414
-1.950	2.150	0.000	-0.03762060
-1.850	2.150	0.000	-0.02345145
-1.750	2.150	0.000	-0.01656813
-1.650	2.150	0.000	-0.00050273
-1.550	2.150	0.000	0.01507819
-1.450	2.150	0.000	0.02626473
-1.350	2.150	0.000	0.03937500
-1.250	2.150	0.000	0.04313383
-1.150	2.150	0.000	0.04094131
-1.050	2.150	0.000	0.03686009
-0.950	2.150	0.000	0.03117611
-0.850	2.150	0.000	0.02873200
-0.750	2.150	0.000	0.03158576
-0.650	2.150	0.000	0.03569098
-0.550	2.150	0.000	0.04486767
-0.450	2.150	0.000	0.05412824
-0.350	2.150	0.000	0.06656330
-0.250	2.150	0.000	0.07987636
-0.150	2.150	0.000	0.09391817
-0.050	2.150	0.000	0.10790337
0.050	2.150	0.000	0.12157886
0.150	2.150	0.000	0.13406721
0.250	2.150	0.000	0.14433770
0.350	2.150	0.000	0.15301830
0.450	2.150	0.000	0.15958056
0.550	2.150	0.000	0.16171746
0.650	2.150	0.000	0.16196448
0.750	2.150	0.000	0.16018637
0.850	2.150	0.000	0.15623680
0.950	2.150	0.000	0.14795730
1.050	2.150	0.000	0.13472182
1.150	2.150	0.000	0.11635368
1.250	2.150	0.000	0.09427937
1.350	2.150	0.000	0.07268378
1.450	2.150	0.000	0.05248702
1.550	2.150	0.000	0.04543772
1.650	2.150	0.000	0.03723393
1.750	2.150	0.000	0.04032714
1.850	2.150	0.000	0.03957132
1.950	2.150	0.000	0.03815036
2.050	2.150	0.000	0.03495462
2.150	2.150	0.000	0.03450405
2.250	2.150	0.000	0.02722815
2.350	2.150	0.000	0.02577044
2.450	2.150	0.000	0.01963618
-2.450	2.250	0.000	-0.06145626
-2.350	2.250	0.000	-0.07140739
-2.250	2.250	0.000	-0.05543695
-2.150	2.250	0.000	-0.05704593
-2.050	2.250	0.000	-0.03939995
-1.950	2.250	0.000	-0.03778935
-1.850	2.250	0.000	-0.02680405
-1.750	2.250	0.000	-0.02029480
-1.650	2.250	0.000	-0.00860283
-1.550	2.250	0.000	0.00594625
-1.450	2.250	0.000	0.01537951
-1.350	2.250	0.000	0.02658656
-1.250	2.250	0.000	0.02926689
-1.150	2.250	0.000	0.02885103
-1.050	2.250	0.000	0.02843567
-0.950	2.250	0.000	0.02542179
-0.850	2.250	0.000	0.02802429
-0.750	2.250	0.000	0.03109831
-0.650	2.250	0.000	0.03656180
-0.550	2.250	0.000	0.04573268
-0.450	2.250	0.000	0.05563080
-0.350	2.250	0.000	0.06809389
-0.250	2.250	0.000	0.08096829
-0.150	2.250	0.000	0.09435695
-0.050	2.250	0.000	0.10739199
0.050	2.250	0.000	0.11992700
0.150	2.250	0.000	0.13111146
0.250	2.250	0.000	0.14025566
0.350	2.250	0.000	0.14816564
0.450	2.250	0.000	0.15377279
0.550	2.250	0.000	0.15646242
0.650	2.250	0.000	0.15828818
0.750	2.250	0.000	0.15915810
0.850	2.250	0.000	0.15896744
0.950	2.250	0.000	0.15674275
1.050	2.250	0.000	0.15110248
1.150	2.250	0.000	0.14092830
1.250	2.250	0.000	0.12499040
1.350	2.250	0.000	0.10548405
1.450	2.250	0.000	0.08212979
1.550	2.250	0.000	0.06900045
1.650	2.250	0.000	0.05721345
1.750	2.250	0.000	0.05786171
1.850	2.250	0.000	0.05654806
1.950	2.250	0.000	0.05455922
2.050	2.250	0.000	0.05060583
2.150	2.250	0.000	0.04799955
2.250	2.250	0.000	0.04106317
2.350	2.250	0.000	0.03832849
2.450	2.250	0.000	0.03289039
-2.450	2.350	0.000	-0.06544030
-2.350	2.350	0.000	-0.07977023
-2.250	2.350	0.000	-0.06188313
-2.150	2.350	0.000	-0.06510681
-2.050	2.350	0.000	-0.05132632
-1.950	2.350	0.000	-0.04613132
-1.850	2.350	0.000	-0.03216515
-1.750	2.350	0.000	-0.02400234
-1.650	2.350	0.000	-0.01010100
-1.550	2.350	0.000	0.00581945
-1.450	2.350	0.000	0.01714126
-1.350	2.350	0.000	0.02761960
-1.250	2.350	0.000	0.03118459
-1.150	2.350	0.000	0.02929173
-1.050	2.350	0.000	0.02702522
-0.950	2.350	0.000	0.02284742
-0.850	2.350	0.000	0.02417018
-0.750	2.350	0.000	0.02858722
-0.650	2.350	0.000	0.03451664
-0.550	2.350	0.000	0.04454874
-0.450	2.350	0.000	0.05473608
-0.350	2.350	0.000	0.06737635
-0.250	2.350	0.000	0.08003820
-0.150	2.350	0.000	0.09290516
-0.050	2.350	0.000	0.10578842
0.050	2.350	0.000	0.11811012
0.150	2.350	0.000	0.12900229
0.250	2.350	0.000	0.13815738
0.350	2.350	0.000	0.14586797
0.450	2.350	0.000	0.15127291
0.550	2.350	0.000	0.15434064
0.650	2.350	0.000	0.15709391
0.750	2.350	0.000	0.15977442
0.850	2.350	0.000	0.16247854
0.950	2.350	0.000	0.16434851
1.050	2.350	0.000	0.16315770
1.150	2.350	0.000	0.15738863
1.250	2.350	0.000	0.14448822
1.350	2.350	0.000	0.12609836
1.450	2.350	0.000	0.10095441
1.550	2.350	0.000	0.08293433
1.650	2.350	0.000	0.06658357
1.750	2.350	0.000	0.06773814
1.850	2.350	0.000	0.06831674
1.950	2.350	0.000	0.06721522
2.050	2.350	0.000	0.06419509
2.150	2.350	0.000	0.06013114
2.250	2.350	0.000	0.05470090
2.350	2.350	0.000	0.05186479
2.450	2.350	0.000	0.04836730
-2.450	2.450	0.000	-0.04781486
-2.350	2.450	0.000	-0.06368318
-2.250	2.450	0.000	-0.05227825
-2.150	2.450	0.000	-0.05711886
-2.050	2.450	0.000	-0.04810055
-1.950	2.450	0.000	-0.04492122
-1.850	2.450	0.000	-0.03517442
-1.750	2.450	0.000	-0.02771476
-1.650	2.450	0.000	-0.01891650
-1.550	2.450	0.000	-0.00515629
-1.450	2.450	0.000	0.00482639
-1.350	2.450	0.000	0.01300156
-1.250	2.450	0.000	0.01363364
-1.150	2.450	0.000	0.01486043
-1.050	2.450	0.000	0.01634032
-0.950	2.450	0.000	0.01492217
-0.850	2.450	0.000	0.02074562
-0.750	2.450	0.000	0.02471702
-0.650	2.450	0.000	0.03333978
-0.550	2.450	0.000	0.04392345
-0.450	2.450	0.000	0.05514354
-0.350	2.450	0.000	0.06821792
-0.250	2.450	0.000	0.08092063
-0.150	2.450	0.000	0.09340465
-0.050	2.450	0.000	0.10555569
0.050	2.450	0.000	0.11697155
0.150	2.450	0.000	0.12622006
0.250	2.450	0.000	0.13394506
0.350	2.450	0.000	0.14024949
0.450	2.450	0.000	0.14458115
0.550	2.450	0.000	0.14811158
0.650	2.450	0.000	0.15218326
0.750	2.450	0.000	0.15688710
0.850	2.450	0.000	0.16197643
0.950	2.450	0.000	0.16643846
1.050	2.450	0.000	0.16864833
1.150	2.450	0.000	0.16775395
1.250	2.450	0.000	0.16257136
1.350	2.450	0.000	0.15395519
1.450	2.450	0.000	0.13897876
1.550	2.450	0.000	0.12529916
1.650	2.450	0.000	0.10974437
1.750	2.450	0.000	0.10189505
1.850	2.450	0.000	0.09441839
1.950	2.450	0.000	0.08864377
2.050	2.450	0.000	0.08272061
2.150	2.450	0.000	0.07663288
2.250	2.450	0.000	0.07232279
2.350	2.450	0.000	0.06889749
2.450	2.450	0.000	0.06890669
