-2.450	-2.450	0.000	-0.14122750
-2.350	-2.450	0.000	-0.14271310
-2.250	-2.450	0.000	-0.09367584
-2.150	-2.450	0.000	-0.08626217
-2.050	-2.450	0.000	-0.05058395
-1.950	-2.450	0.000	-0.03814592
-1.850	-2.450	0.000	-0.02062887
-1.750	-2.450	0.000	-0.01094402
-1.650	-2.450	0.000	0.00178513
-1.550	-2.450	0.000	0.01375145
-1.450	-2.450	0.000	0.02122824
-1.350	-2.450	0.000	0.02717962
-1.250	-2.450	0.000	0.03132725
-1.150	-2.450	0.000	0.03424892
-1.050	-2.450	0.000	0.03611286
-0.950	-2.450	0.000	0.03753899
-0.850	-2.450	0.000	0.04236502
-0.750	-2.450	0.000	0.04943424
-0.650	-2.450	0.000	0.05209693
-0.550	-2.450	0.000	0.04256311
-0.450	-2.450	0.000	0.00098102
-0.350	-2.450	0.000	-0.04006362
-0.250	-2.450	0.000	-0.06472132
-0.150	-2.450	0.000	-0.06891919
-0.050	-2.450	0.000	-0.06117811
0.050	-2.450	0.000	-0.04571389
0.150	-2.450	0.000	-0.02674463
0.250	-2.450	0.000	-0.00538264
0.350	-2.450	0.000	0.00667648
0.450	-2.450	0.000	0.01764235
0.550	-2.450	0.000	0.02531860
0.650	-2.450	0.000	0.02934535
0.750	-2.450	0.000	0.03626673
0.850	-2.450	0.000	0.05016406
0.950	-2.450	0.000	0.06734055
1.050	-2.450	0.000	0.08565562
1.150	-2.450	0.000	0.10305376
1.250	-2.450	0.000	0.11750945
1.350	-2.450	0.000	0.13092363
1.450	-2.450	0.000	0.14075418
1.550	-2.450	0.000	0.14817296
1.650	-2.450	0.000	0.14870462
1.750	-2.450	0.000	0.15077472
1.850	-2.450	0.000	0.14431496
1.950	-2.450	0.000	0.14254768
2.050	-2.450	0.000	0.13732500
2.150	-2.450	0.000	0.13988064
2.250	-2.450	0.000	0.13641046
2.350	-2.450	0.000	0.13475825
2.450	-2.450	0.000	0.12983836
-2.450	-2.350	0.000	-0.13463596
-2.350	-2.350	0.000	-0.13737440
-2.250	-2.350	0.000	-0.09142757
-2.150	-2.350	0.000	-0.08509573
-2.050	-2.350	0.000	-0.04911386
-1.950	-2.350	0.000	-0.03676260
-1.850	-2.350	0.000	-0.01950533
-1.750	-2.350	0.000	-0.01068025
-1.650	-2.350	0.000	0.00149321
-1.550	-2.350	0.000	0.01216797
-1.450	-2.350	0.000	0.02020668
-1.350	-2.350	0.000	0.02459973
-1.250	-2.350	0.000	0.03096483
-1.150	-2.350	0.000	0.03312677
-1.050	-2.350	0.000	0.03567009
-0.950	-2.350	0.000	0.03978777
-0.850	-2.350	0.000	0.04396902
-0.750	-2.350	0.000	0.05333348
-0.650	-2.350	0.000	0.05884864
-0.550	-2.350	0.000	0.05346351
-0.450	-2.350	0.000	0.01402244
-0.350	-2.350	0.000	-0.02921258
-0.250	-2.350	0.000	-0.05677579
-0.150	-2.350	0.000	-0.06321713
-0.050	-2.350	0.000	-0.05615088
0.050	-2.350	0.000	-0.04127622
0.150	-2.350	0.000	-0.02494953
0.250	-2.350	0.000	-0.00615436
0.350	-2.350	0.000	0.00346269
0.450	-2.350	0.000	0.01078437
0.550	-2.350	0.000	0.01520142
0.650	-2.350	0.000	0.01752970
0.750	-2.350	0.000	0.02478387
0.850	-2.350	0.000	0.04067279
0.950	-2.350	0.000	0.05932037
1.050	-2.350	0.000	0.07854018
1.150	-2.350	0.000	0.09653113
1.250	-2.350	0.000	0.11120268
1.350	-2.350	0.000	0.12517311
1.450	-2.350	0.000	0.13578421
1.550	-2.350	0.000	0.14377725
1.650	-2.350	0.000	0.14486353
1.750	-2.350	0.000	0.14809580
1.850	-2.350	0.000	0.14355560
1.950	-2.350	0.000	0.14399554
2.050	-2.350	0.000	0.14068143
2.150	-2.350	0.000	0.14406724
2.250	-2.350	0.000	0.14083956
2.350	-2.350	0.000	0.13824643
2.450	-2.350	0.000	0.13295269
-2.450	-2.250	0.000	-0.13167052
-2.350	-2.250	0.000	-0.13525492
-2.250	-2.250	0.000	-0.09045344
-2.150	-2.250	0.000	-0.08417673
-2.050	-2.250	0.000	-0.04821972
-1.950	-2.250	0.000	-0.03550874
-1.850	-2.250	0.000	-0.01803619
-1.750	-2.250	0.000	-0.00950739
-1.650	-2.250	0.000	0.00261563
-1.550	-2.250	0.000	0.01307707
-1.450	-2.250	0.000	0.02121248
-1.350	-2.250	0.000	0.02572952
-1.250	-2.250	0.000	0.03189681
-1.150	-2.250	0.000	0.03424074
-1.050	-2.250	0.000	0.03656120
-0.950	-2.250	0.000	0.04046573
-0.850	-2.250	0.000	0.04460975
-0.750	-2.250	0.000	0.05337335
-0.650	-2.250	0.000	0.05948786
-0.550	-2.250	0.000	0.05570759
-0.450	-2.250	0.000	0.01776458
-0.350	-2.250	0.000	-0.02554490
-0.250	-2.250	0.000	-0.05407672
-0.150	-2.250	0.000	-0.06118729
-0.050	-2.250	0.000	-0.05448721
0.050	-2.250	0.000	-0.03941370
0.150	-2.250	0.000	-0.02308940
0.250	-2.250	0.000	-0.00497785
0.350	-2.250	0.000	0.00436147
0.450	-2.250	0.000	0.01179915
0.550	-2.250	0.000	0.01543672
0.650	-2.250	0.000	0.01671804
0.750	-2.250	0.000	0.02437512
0.850	-2.250	0.000	0.04093652
0.950	-2.250	0.000	0.06031218
1.050	-2.250	0.000	0.08072396
1.150	-2.250	0.000	0.09974673
1.250	-2.250	0.000	0.11486019
1.350	-2.250	0.000	0.12867886
1.450	-2.250	0.000	0.13884220
1.550	-2.250	0.000	0.14620425
1.650	-2.250	0.000	0.14712510
1.750	-2.250	0.000	0.15037225
1.850	-2.250	0.000	0.14636022
1.950	-2.250	0.000	0.14750077
2.050	-2.250	0.000	0.14456558
2.150	-2.250	0.000	0.14753582
2.250	-2.250	0.000	0.14355655
2.350	-2.250	0.000	0.14072694
2.450	-2.250	0.000	0.13434145
-2.450	-2.150	0.000	-0.12716459
-2.350	-2.150	0.000	-0.13074951
-2.250	-2.150	0.000	-0.08850507
-2.150	-2.150	0.000	-0.08323498
-2.050	-2.150	0.000	-0.04692763
-1.950	-2.150	0.000	-0.03382050
-1.850	-2.150	0.000	-0.01636354
-1.750	-2.150	0.000	-0.00883228
-1.650	-2.150	0.000	0.00331499
-1.550	-2.150	0.000	0.01332976
-1.450	-2.150	0.000	0.02160575
-1.350	-2.150	0.000	0.02621334
-1.250	-2.150	0.000	0.03310700
-1.150	-2.150	0.000	0.03564346
-1.050	-2.150	0.000	0.03771036
-0.950	-2.150	0.000	0.04224115
-0.850	-2.150	0.000	0.04628410
-0.750	-2.150	0.000	0.05553772
-0.650	-2.150	0.000	0.06266381
-0.550	-2.150	0.000	0.06019374
-0.450	-2.150	0.000	0.02360348
-0.350	-2.150	0.000	-0.02072918
-0.250	-2.150	0.000	-0.05142593
-0.150	-2.150	0.000	-0.06029874
-0.050	-2.150	0.000	-0.05416236
0.050	-2.150	0.000	-0.04008447
0.150	-2.150	0.000	-0.02516588
0.250	-2.150	0.000	-0.00875796
0.350	-2.150	0.000	-0.00097930
0.450	-2.150	0.000	0.00466232
0.550	-2.150	0.000	0.00657028
0.650	-2.150	0.000	0.00801393
0.750	-2.150	0.000	0.01647339
0.850	-2.150	0.000	0.03392601
0.950	-2.150	0.000	0.05422102
1.050	-2.150	0.000	0.07518769
1.150	-2.150	0.000	0.09516413
1.250	-2.150	0.000	0.11152584
1.350	-2.150	0.000	0.12658101
1.450	-2.150	0.000	0.13788573
1.550	-2.150	0.000	0.14627492
1.650	-2.150	0.000	0.14769994
1.750	-2.150	0.000	0.15087415
1.850	-2.150	0.000	0.14759262
1.950	-2.150	0.000	0.14958632
2.050	-2.150	0.000	0.14713767
2.150	-2.150	0.000	0.15008193
2.250	-2.150	0.000	0.14565672
2.350	-2.150	0.000	0.14277625
2.450	-2.150	0.000	0.13563135
-2.450	-2.050	0.000	-0.12352129
-2.350	-2.050	0.000	-0.12741229
-2.250	-2.050	0.000	-0.08642014
-2.150	-2.050	0.000	-0.08231012
-2.050	-2.050	0.000	-0.04615798
-1.950	-2.050	0.000	-0.03296824
-1.850	-2.050	0.000	-0.01484248
-1.750	-2.050	0.000	-0.00730591
-1.650	-2.050	0.000	0.00437478
-1.550	-2.050	0.000	0.01406698
-1.450	-2.050	0.000	0.02152177
-1.350	-2.050	0.000	0.02622153
-1.250	-2.050	0.000	0.03248261
-1.150	-2.050	0.000	0.03532298
-1.050	-2.050	0.000	0.03704719
-0.950	-2.050	0.000	0.04127618
-0.850	-2.050	0.000	0.04495406
-0.750	-2.050	0.000	0.05352432
-0.650	-2.050	0.000	0.06090681
-0.550	-2.050	0.000	0.05886171
-0.450	-2.050	0.000	0.02336314
-0.350	-2.050	0.000	-0.01982779
-0.250	-2.050	0.000	-0.05029219
-0.150	-2.050	0.000	-0.05907204
-0.050	-2.050	0.000	-0.05274173
0.050	-2.050	0.000	-0.03869819
0.150	-2.050	0.000	-0.02399588
0.250	-2.050	0.000	-0.00788390
0.350	-2.050	0.000	-0.00059954
0.450	-2.050	0.000	0.00436709
0.550	-2.050	0.000	0.00503175
0.650	-2.050	0.000	0.00646483
0.750	-2.050	0.000	0.01635487
0.850	-2.050	0.000	0.03527778
0.950	-2.050	0.000	0.05707486
1.050	-2.050	0.000	0.07904153
1.150	-2.050	0.000	0.09958249
1.250	-2.050	0.000	0.11612257
1.350	-2.050	0.000	0.13042824
1.450	-2.050	0.000	0.14101614
1.550	-2.050	0.000	0.14950137
1.650	-2.050	0.000	0.15137096
1.750	-2.050	0.000	0.15466920
1.850	-2.050	0.000	0.15162644
1.950	-2.050	0.000	0.15365605
2.050	-2.050	0.000	0.15113215
2.150	-2.050	0.000	0.15359029
2.250	-2.050	0.000	0.14888395
2.350	-2.050	0.000	0.14578114
2.450	-2.050	0.000	0.13676040
-2.450	-1.950	0.000	-0.11992346
-2.350	-1.950	0.000	-0.12278131
-2.250	-1.950	0.000	-0.08221414
-2.150	-1.950	0.000	-0.07923836
-2.050	-1.950	0.000	-0.04275264
-1.950	-1.950	0.000	-0.02997032
-1.850	-1.950	0.000	-0.01170056
-1.750	-1.950	0.000	-0.00527225
-1.650	-1.950	0.000	0.00558410
-1.550	-1.950	0.000	0.01504937
-1.450	-1.950	0.000	0.02193325
-1.350	-1.950	0.000	0.02616861
-1.250	-1.950	0.000	0.03236050
-1.150	-1.950	0.000	0.03591979
-1.050	-1.950	0.000	0.03818783
-0.950	-1.950	0.000	0.04351707
-0.850	-1.950	0.000	0.04778563
-0.750	-1.950	0.000	0.05623236
-0.650	-1.950	0.000	0.06336348
-0.550	-1.950	0.000	0.06014131
-0.450	-1.950	0.000	0.02362126
-0.350	-1.950	0.000	-0.02025093
-0.250	-1.950	0.000	-0.05079648
-0.150	-1.950	0.000	-0.05952754
-0.050	-1.950	0.000	-0.05320500
0.050	-1.950	0.000	-0.03970948
0.150	-1.950	0.000	-0.02552260
0.250	-1.950	0.000	-0.01041879
0.350	-1.950	0.000	-0.00395883
0.450	-1.950	0.000	0.00030784
0.550	-1.950	0.000	0.00079784
0.650	-1.950	0.000	0.00283128
0.750	-1.950	0.000	0.01274029
0.850	-1.950	0.000	0.03169757
0.950	-1.950	0.000	0.05394547
1.050	-1.950	0.000	0.07597445
1.150	-1.950	0.000	0.09655203
1.250	-1.950	0.000	0.11384216
1.350	-1.950	0.000	0.12890127
1.450	-1.950	0.000	0.13980080
1.550	-1.950	0.000	0.14920573
1.650	-1.950	0.000	0.15240632
1.750	-1.950	0.000	0.15650766
1.850	-1.950	0.000	0.15439512
1.950	-1.950	0.000	0.15746209
2.050	-1.950	0.000	0.15573065
2.150	-1.950	0.000	0.15792130
2.250	-1.950	0.000	0.15301496
2.350	-1.950	0.000	0.15051305
2.450	-1.950	0.000	0.13999827
-2.450	-1.850	0.000	-0.11563520
-2.350	-1.850	0.000	-0.11853306
-2.250	-1.850	0.000	-0.07814474
-2.150	-1.850	0.000	-0.07653791
-2.050	-1.850	0.000	-0.04061007
-1.950	-1.850	0.000	-0.02849343
-1.850	-1.850	0.000	-0.01041618
-1.750	-1.850	0.000	-0.00411429
-1.650	-1.850	0.000	0.00658847
-1.550	-1.850	0.000	0.01567052
-1.450	-1.850	0.000	0.02195481
-1.350	-1.850	0.000	0.02615037
-1.250	-1.850	0.000	0.03188356
-1.150	-1.850	0.000	0.03579384
-1.050	-1.850	0.000	0.03804476
-0.950	-1.850	0.000	0.04335715
-0.850	-1.850	0.000	0.04779691
-0.750	-1.850	0.000	0.05542904
-0.650	-1.850	0.000	0.06183723
-0.550	-1.850	0.000	0.05746343
-0.450	-1.850	0.000	0.02019851
-0.350	-1.850	0.000	-0.02323641
-0.250	-1.850	0.000	-0.05267820
-0.150	-1.850	0.000	-0.06049358
-0.050	-1.850	0.000	-0.05343438
0.050	-1.850	0.000	-0.03994506
0.150	-1.850	0.000	-0.02538819
0.250	-1.850	0.000	-0.01023501
0.350	-1.850	0.000	-0.00367510
0.450	-1.850	0.000	0.00083375
0.550	-1.850	0.000	0.00170230
0.650	-1.850	0.000	0.00478670
0.750	-1.850	0.000	0.01605802
0.850	-1.850	0.000	0.03548033
0.950	-1.850	0.000	0.05873122
1.050	-1.850	0.000	0.08162304
1.150	-1.850	0.000	0.10221414
1.250	-1.850	0.000	0.11889156
1.350	-1.850	0.000	0.13261870
1.450	-1.850	0.000	0.14214070
1.550	-1.850	0.000	0.15087529
1.650	-1.850	0.000	0.15386721
1.750	-1.850	0.000	0.15783092
1.850	-1.850	0.000	0.15604481
1.950	-1.850	0.000	0.15949290
2.050	-1.850	0.000	0.15911415
2.150	-1.850	0.000	0.16251589
2.250	-1.850	0.000	0.15807416
2.350	-1.850	0.000	0.15557061
2.450	-1.850	0.000	0.14301011
-2.450	-1.750	0.000	-0.11274257
-2.350	-1.750	0.000	-0.11480973
-2.250	-1.750	0.000	-0.07343203
-2.150	-1.750	0.000	-0.07210584
-2.050	-1.750	0.000	-0.03575806
-1.950	-1.750	0.000	-0.02426637
-1.850	-1.750	0.000	-0.00624120
-1.750	-1.750	0.000	-0.00028308
-1.650	-1.750	0.000	0.01000100
-1.550	-1.750	0.000	0.01832679
-1.450	-1.750	0.000	0.02411964
-1.350	-1.750	0.000	0.02807144
-1.250	-1.750	0.000	0.03341725
-1.150	-1.750	0.000	0.03797492
-1.050	-1.750	0.000	0.04044189
-0.950	-1.750	0.000	0.04568291
-0.850	-1.750	0.000	0.05024167
-0.750	-1.750	0.000	0.05878093
-0.650	-1.750	0.000	0.06480006
-0.550	-1.750	0.000	0.05755315
-0.450	-1.750	0.000	0.01799385
-0.350	-1.750	0.000	-0.02596593
-0.250	-1.750	0.000	-0.05441823
-0.150	-1.750	0.000	-0.06126526
-0.050	-1.750	0.000	-0.05379048
0.050	-1.750	0.000	-0.04052315
0.150	-1.750	0.000	-0.02641686
0.250	-1.750	0.000	-0.01171729
0.350	-1.750	0.000	-0.00551462
0.450	-1.750	0.000	-0.00125401
0.550	-1.750	0.000	-0.00000057
0.650	-1.750	0.000	0.00316989
0.750	-1.750	0.000	0.01431073
0.850	-1.750	0.000	0.03359274
0.950	-1.750	0.000	0.05677572
1.050	-1.750	0.000	0.07935111
1.150	-1.750	0.000	0.10019003
1.250	-1.750	0.000	0.11754896
1.350	-1.750	0.000	0.13131966
1.450	-1.750	0.000	0.14131443
1.550	-1.750	0.000	0.15178552
1.650	-1.750	0.000	0.15648778
1.750	-1.750	0.000	0.16110133
1.850	-1.750	0.000	0.15949328
1.950	-1.750	0.000	0.16232572
2.050	-1.750	0.000	0.16115774
2.150	-1.750	0.000	0.16445768
2.250	-1.750	0.000	0.16058773
2.350	-1.750	0.000	0.15978442
2.450	-1.750	0.000	0.14704484
-2.450	-1.650	0.000	-0.10792564
-2.350	-1.650	0.000	-0.11028127
-2.250	-1.650	0.000	-0.06732397
-2.150	-1.650	0.000	-0.06733693
-2.050	-1.650	0.000	-0.03206819
-1.950	-1.650	0.000	-0.02128078
-1.850	-1.650	0.000	-0.00399728
-1.750	-1.650	0.000	0.00157046
-1.650	-1.650	0.000	0.01158253
-1.550	-1.650	0.000	0.01988518
-1.450	-1.650	0.000	0.02531852
-1.350	-1.650	0.000	0.02907836
-1.250	-1.650	0.000	0.03401475
-1.150	-1.650	0.000	0.03831760
-1.050	-1.650	0.000	0.04053251
-0.950	-1.650	0.000	0.04539715
-0.850	-1.650	0.000	0.05049394
-0.750	-1.650	0.000	0.05935544
-0.650	-1.650	0.000	0.06400261
-0.550	-1.650	0.000	0.05390771
-0.450	-1.650	0.000	0.01237527
-0.350	-1.650	0.000	-0.03074189
-0.250	-1.650	0.000	-0.05699490
-0.150	-1.650	0.000	-0.06236934
-0.050	-1.650	0.000	-0.05409551
0.050	-1.650	0.000	-0.04084976
0.150	-1.650	0.000	-0.02621607
0.250	-1.650	0.000	-0.01115482
0.350	-1.650	0.000	-0.00415958
0.450	-1.650	0.000	0.00075016
0.550	-1.650	0.000	0.00254630
0.650	-1.650	0.000	0.00617657
0.750	-1.650	0.000	0.01780724
0.850	-1.650	0.000	0.03770722
0.950	-1.650	0.000	0.06157986
1.050	-1.650	0.000	0.08447141
1.150	-1.650	0.000	0.10480141
1.250	-1.650	0.000	0.12194252
1.350	-1.650	0.000	0.13581504
1.450	-1.650	0.000	0.14502046
1.550	-1.650	0.000	0.15373884
1.650	-1.650	0.000	0.15668070
1.750	-1.650	0.000	0.16024007
1.850	-1.650	0.000	0.15880045
1.950	-1.650	0.000	0.16220534
2.050	-1.650	0.000	0.16259049
2.150	-1.650	0.000	0.16771376
2.250	-1.650	0.000	0.16439286
2.350	-1.650	0.000	0.16369927
2.450	-1.650	0.000	0.14974512
-2.450	-1.550	0.000	-0.10240257
-2.350	-1.550	0.000	-0.10628042
-2.250	-1.550	0.000	-0.06288181
-2.150	-1.550	0.000	-0.06299141
-2.050	-1.550	0.000	-0.02807189
-1.950	-1.550	0.000	-0.01679504
-1.850	-1.550	0.000	0.00096409
-1.750	-1.550	0.000	0.00656228
-1.650	-1.550	0.000	0.01634496
-1.550	-1.550	0.000	0.02462772
-1.450	-1.550	0.000	0.03017275
-1.350	-1.550	0.000	0.03399614
-1.250	-1.550	0.000	0.03806204
-1.150	-1.550	0.000	0.04237716
-1.050	-1.550	0.000	0.04546304
-0.950	-1.550	0.000	0.05113333
-0.850	-1.550	0.000	0.05655272
-0.750	-1.550	0.000	0.06530149
-0.650	-1.550	0.000	0.06724394
-0.550	-1.550	0.000	0.05143772
-0.450	-1.550	0.000	0.00701564
-0.350	-1.550	0.000	-0.03542551
-0.250	-1.550	0.000	-0.05922128
-0.150	-1.550	0.000	-0.06312279
-0.050	-1.550	0.000	-0.05420687
0.050	-1.550	0.000	-0.04081156
0.150	-1.550	0.000	-0.02609975
0.250	-1.550	0.000	-0.01091479
0.350	-1.550	0.000	-0.00408672
0.450	-1.550	0.000	0.00104001
0.550	-1.550	0.000	0.00348160
0.650	-1.550	0.000	0.00678068
0.750	-1.550	0.000	0.01762970
0.850	-1.550	0.000	0.03624890
0.950	-1.550	0.000	0.05928618
1.050	-1.550	0.000	0.08238745
1.150	-1.550	0.000	0.10360540
1.250	-1.550	0.000	0.12173659
1.350	-1.550	0.000	0.13596420
1.450	-1.550	0.000	0.14537758
1.550	-1.550	0.000	0.15468478
1.650	-1.550	0.000	0.15836291
1.750	-1.550	0.000	0.16184340
1.850	-1.550	0.000	0.15918554
1.950	-1.550	0.000	0.16069327
2.050	-1.550	0.000	0.15975159
2.150	-1.550	0.000	0.16485104
2.250	-1.550	0.000	0.16266982
2.350	-1.550	0.000	0.16504613
2.450	-1.550	0.000	0.15237126
-2.450	-1.450	0.000	-0.09814236
-2.350	-1.450	0.000	-0.10342431
-2.250	-1.450	0.000	-0.05715992
-2.150	-1.450	0.000	-0.05774640
-2.050	-1.450	0.000	-0.02457314
-1.950	-1.450	0.000	-0.01382804
-1.850	-1.450	0.000	0.00285431
-1.750	-1.450	0.000	0.00865744
-1.650	-1.450	0.000	0.01878457
-1.550	-1.450	0.000	0.02741962
-1.450	-1.450	0.000	0.03346032
-1.350	-1.450	0.000	0.03834800
-1.250	-1.450	0.000	0.04317930
-1.150	-1.450	0.000	0.04768846
-1.050	-1.450	0.000	0.05088102
-0.950	-1.450	0.000	0.05614877
-0.850	-1.450	0.000	0.06182385
-0.750	-1.450	0.000	0.06990303
-0.650	-1.450	0.000	0.06817406
-0.550	-1.450	0.000	0.04590027
-0.450	-1.450	0.000	-0.00031113
-0.350	-1.450	0.000	-0.04118998
-0.250	-1.450	0.000	-0.06235677
-0.150	-1.450	0.000	-0.06445102
-0.050	-1.450	0.000	-0.05477150
0.050	-1.450	0.000	-0.04083057
0.150	-1.450	0.000	-0.02550776
0.250	-1.450	0.000	-0.01011368
0.350	-1.450	0.000	-0.00224303
0.450	-1.450	0.000	0.00376069
0.550	-1.450	0.000	0.00718432
0.650	-1.450	0.000	0.01094005
0.750	-1.450	0.000	0.02168235
0.850	-1.450	0.000	0.04025724
0.950	-1.450	0.000	0.06280062
1.050	-1.450	0.000	0.08548412
1.150	-1.450	0.000	0.10553169
1.250	-1.450	0.000	0.12222179
1.350	-1.450	0.000	0.13524950
1.450	-1.450	0.000	0.14329226
1.550	-1.450	0.000	0.15039946
1.650	-1.450	0.000	0.15239114
1.750	-1.450	0.000	0.15480851
1.850	-1.450	0.000	0.15301019
1.950	-1.450	0.000	0.15556300
2.050	-1.450	0.000	0.15549611
2.150	-1.450	0.000	0.16138630
2.250	-1.450	0.000	0.15873323
2.350	-1.450	0.000	0.16225274
2.450	-1.450	0.000	0.15056278
-2.450	-1.350	0.000	-0.08965006
-2.350	-1.350	0.000	-0.09941143
-2.250	-1.350	0.000	-0.05401706
-2.150	-1.350	0.000	-0.05438245
-2.050	-1.350	0.000	-0.02335159
-1.950	-1.350	0.000	-0.01152089
-1.850	-1.350	0.000	0.00619946
-1.750	-1.350	0.000	0.01307254
-1.650	-1.350	0.000	0.02350656
-1.550	-1.350	0.000	0.03264679
-1.450	-1.350	0.000	0.04006468
-1.350	-1.350	0.000	0.04547481
-1.250	-1.350	0.000	0.04886029
-1.150	-1.350	0.000	0.05275903
-1.050	-1.350	0.000	0.05753243
-0.950	-1.350	0.000	0.06468515
-0.850	-1.350	0.000	0.07038731
-0.750	-1.350	0.000	0.07706700
-0.650	-1.350	0.000	0.07064763
-0.550	-1.350	0.000	0.04188286
-0.450	-1.350	0.000	-0.00627871
-0.350	-1.350	0.000	-0.04504069
-0.250	-1.350	0.000	-0.06333966
-0.150	-1.350	0.000	-0.06387130
-0.050	-1.350	0.000	-0.05348467
0.050	-1.350	0.000	-0.03943619
0.150	-1.350	0.000	-0.02378441
0.250	-1.350	0.000	-0.00773091
0.350	-1.350	0.000	0.00077712
0.450	-1.350	0.000	0.00728718
0.550	-1.350	0.000	0.01109811
0.650	-1.350	0.000	0.01420964
0.750	-1.350	0.000	0.02364072
0.850	-1.350	0.000	0.04056741
0.950	-1.350	0.000	0.06190381
1.050	-1.350	0.000	0.08442733
1.150	-1.350	0.000	0.10497823
1.250	-1.350	0.000	0.12222721
1.350	-1.350	0.000	0.13457270
1.450	-1.350	0.000	0.14140807
1.550	-1.350	0.000	0.14762090
1.650	-1.350	0.000	0.14881775
1.750	-1.350	0.000	0.15092330
1.850	-1.350	0.000	0.14747472
1.950	-1.350	0.000	0.14807110
2.050	-1.350	0.000	0.14689818
2.150	-1.350	0.000	0.15250227
2.250	-1.350	0.000	0.15071887
2.350	-1.350	0.000	0.15601768
2.450	-1.350	0.000	0.14611471
-2.450	-1.250	0.000	-0.08511481
-2.350	-1.250	0.000	-0.09906439
-2.250	-1.250	0.000	-0.05151444
-2.150	-1.250	0.000	-0.05075760
-2.050	-1.250	0.000	-0.02204632
-1.950	-1.250	0.000	-0.01040881
-1.850	-1.250	0.000	0.00654484
-1.750	-1.250	0.000	0.01458491
-1.650	-1.250	0.000	0.02577385
-1.550	-1.250	0.000	0.03620056
-1.450	-1.250	0.000	0.04571512
-1.350	-1.250	0.000	0.05276880
-1.250	-1.250	0.000	0.05786838
-1.150	-1.250	0.000	0.06415660
-1.050	-1.250	0.000	0.07008062
-0.950	-1.250	0.000	0.07507379
-0.850	-1.250	0.000	0.07795852
-0.750	-1.250	0.000	0.08220690
-0.650	-1.250	0.000	0.07163623
-0.550	-1.250	0.000	0.03875830
-0.450	-1.250	0.000	-0.00943379
-0.350	-1.250	0.000	-0.04607653
-0.250	-1.250	0.000	-0.06285272
-0.150	-1.250	0.000	-0.06272049
-0.050	-1.250	0.000	-0.05257555
0.050	-1.250	0.000	-0.03901904
0.150	-1.250	0.000	-0.02369705
0.250	-1.250	0.000	-0.00789752
0.350	-1.250	0.000	0.00141062
0.450	-1.250	0.000	0.00882628
0.550	-1.250	0.000	0.01382443
0.650	-1.250	0.000	0.01768295
0.750	-1.250	0.000	0.02641326
0.850	-1.250	0.000	0.04209233
0.950	-1.250	0.000	0.06145263
1.050	-1.250	0.000	0.08255974
1.150	-1.250	0.000	0.10181925
1.250	-1.250	0.000	0.11735547
1.350	-1.250	0.000	0.12784076
1.450	-1.250	0.000	0.13372357
1.550	-1.250	0.000	0.13863972
1.650	-1.250	0.000	0.13892835
1.750	-1.250	0.000	0.13820875
1.850	-1.250	0.000	0.13346612
1.950	-1.250	0.000	0.13420486
2.050	-1.250	0.000	0.13304856
2.150	-1.250	0.000	0.14150554
2.250	-1.250	0.000	0.14144066
2.350	-1.250	0.000	0.14911877
2.450	-1.250	0.000	0.13992639
-2.450	-1.150	0.000	-0.07725329
-2.350	-1.150	0.000	-0.09789672
-2.250	-1.150	0.000	-0.05387145
-2.150	-1.150	0.000	-0.05107881
-2.050	-1.150	0.000	-0.02495668
-1.950	-1.150	0.000	-0.01298352
-1.850	-1.150	0.000	0.00487355
-1.750	-1.150	0.000	0.01497255
-1.650	-1.150	0.000	0.02800876
-1.550	-1.150	0.000	0.03989121
-1.450	-1.150	0.000	0.05186712
-1.350	-1.150	0.000	0.06122838
-1.250	-1.150	0.000	0.06729475
-1.150	-1.150	0.000	0.07562648
-1.050	-1.150	0.000	0.08511820
-0.950	-1.150	0.000	0.09113868
-0.850	-1.150	0.000	0.09339385
-0.750	-1.150	0.000	0.09405215
-0.650	-1.150	0.000	0.07389011
-0.550	-1.150	0.000	0.03552724
-0.450	-1.150	0.000	-0.01269192
-0.350	-1.150	0.000	-0.04682683
-0.250	-1.150	0.000	-0.06170934
-0.150	-1.150	0.000	-0.06082784
-0.050	-1.150	0.000	-0.04987115
0.050	-1.150	0.000	-0.03616166
0.150	-1.150	0.000	-0.02029379
0.250	-1.150	0.000	-0.00413739
0.350	-1.150	0.000	0.00590275
0.450	-1.150	0.000	0.01386504
0.550	-1.150	0.000	0.01928654
0.650	-1.150	0.000	0.02238055
0.750	-1.150	0.000	0.02962062
0.850	-1.150	0.000	0.04323724
0.950	-1.150	0.000	0.06097014
1.050	-1.150	0.000	0.08118741
1.150	-1.150	0.000	0.09971408
1.250	-1.150	0.000	0.11518806
1.350	-1.150	0.000	0.12453323
1.450	-1.150	0.000	0.12875789
1.550	-1.150	0.000	0.13067600
1.650	-1.150	0.000	0.12814067
1.750	-1.150	0.000	0.12578909
1.850	-1.150	0.000	0.12069973
1.950	-1.150	0.000	0.12205055
2.050	-1.150	0.000	0.12089115
2.150	-1.150	0.000	0.12973900
2.250	-1.150	0.000	0.12987301
2.350	-1.150	0.000	0.13989332
2.450	-1.150	0.000	0.13164008
-2.450	-1.050	0.000	-0.07174181
-2.350	-1.050	0.000	-0.09757775
-2.250	-1.050	0.000	-0.05466452
-2.150	-1.050	0.000	-0.04986169
-2.050	-1.050	0.000	-0.02615400
-1.950	-1.050	0.000	-0.01455062
-1.850	-1.050	0.000	0.00256365
-1.750	-1.050	0.000	0.01360851
-1.650	-1.050	0.000	0.02665809
-1.550	-1.050	0.000	0.03936023
-1.450	-1.050	0.000	0.05375182
-1.350	-1.050	0.000	0.06556199
-1.250	-1.050	0.000	0.07392250
-1.150	-1.050	0.000	0.08565407
-1.050	-1.050	0.000	0.09863494
-0.950	-1.050	0.000	0.10779165
-0.850	-1.050	0.000	0.11070324
-0.750	-1.050	0.000	0.10875230
-0.650	-1.050	0.000	0.08382349
-0.550	-1.050	0.000	0.04009231
-0.450	-1.050	0.000	-0.00915307
-0.350	-1.050	0.000	-0.04309879
-0.250	-1.050	0.000	-0.05723650
-0.150	-1.050	0.000	-0.05589406
-0.050	-1.050	0.000	-0.04610879
0.050	-1.050	0.000	-0.03320501
0.150	-1.050	0.000	-0.01799374
0.250	-1.050	0.000	-0.00265616
0.350	-1.050	0.000	0.00734494
0.450	-1.050	0.000	0.01559279
0.550	-1.050	0.000	0.02151138
0.650	-1.050	0.000	0.02467271
0.750	-1.050	0.000	0.03076022
0.850	-1.050	0.000	0.04242809
0.950	-1.050	0.000	0.05718249
1.050	-1.050	0.000	0.07507644
1.150	-1.050	0.000	0.09169988
1.250	-1.050	0.000	0.10476325
1.350	-1.050	0.000	0.11178194
1.450	-1.050	0.000	0.11524552
1.550	-1.050	0.000	0.11641090
1.650	-1.050	0.000	0.11511558
1.750	-1.050	0.000	0.11527123
1.850	-1.050	0.000	0.11102183
1.950	-1.050	0.000	0.11042766
2.050	-1.050	0.000	0.10715324
2.150	-1.050	0.000	0.11788505
2.250	-1.050	0.000	0.11846908
2.350	-1.050	0.000	0.13238941
2.450	-1.050	0.000	0.12319822
-2.450	-0.950	0.000	-0.06538799
-2.350	-0.950	0.000	-0.09620768
-2.250	-0.950	0.000	-0.05609930
-2.150	-0.950	0.000	-0.04943174
-2.050	-0.950	0.000	-0.02586626
-1.950	-0.950	0.000	-0.01536127
-1.850	-0.950	0.000	0.00031881
-1.750	-0.950	0.000	0.01184274
-1.650	-0.950	0.000	0.02474090
-1.550	-0.950	0.000	0.03741707
-1.450	-0.950	0.000	0.05155063
-1.350	-0.950	0.000	0.06366500
-1.250	-0.950	0.000	0.07477199
-1.150	-0.950	0.000	0.09075160
-1.050	-0.950	0.000	0.10835743
-0.950	-0.950	0.000	0.12551728
-0.850	-0.950	0.000	0.13486986
-0.750	-0.950	0.000	0.13628340
-0.650	-0.950	0.000	0.10591023
-0.550	-0.950	0.000	0.05399763
-0.450	-0.950	0.000	-0.00158911
-0.350	-0.950	0.000	-0.03820398
-0.250	-0.950	0.000	-0.05325794
-0.150	-0.950	0.000	-0.05198452
-0.050	-0.950	0.000	-0.04176649
0.050	-0.950	0.000	-0.02913757
0.150	-0.950	0.000	-0.01399861
0.250	-0.950	0.000	0.00079371
0.350	-0.950	0.000	0.01086954
0.450	-0.950	0.000	0.01908799
0.550	-0.950	0.000	0.02509643
0.650	-0.950	0.000	0.02743185
0.750	-0.950	0.000	0.03168420
0.850	-0.950	0.000	0.04070749
0.950	-0.950	0.000	0.05383817
1.050	-0.950	0.000	0.07023719
1.150	-0.950	0.000	0.08608983
1.250	-0.950	0.000	0.09911682
1.350	-0.950	0.000	0.10435906
1.450	-0.950	0.000	0.10679021
1.550	-0.950	0.000	0.10730760
1.650	-0.950	0.000	0.10497127
1.750	-0.950	0.000	0.10275383
1.850	-0.950	0.000	0.09742315
1.950	-0.950	0.000	0.09890491
2.050	-0.950	0.000	0.09658030
2.150	-0.950	0.000	0.10802121
2.250	-0.950	0.000	0.10802146
2.350	-0.950	0.000	0.12587689
2.450	-0.950	0.000	0.11527005
-2.450	-0.850	0.000	-0.06057822
-2.350	-0.850	0.000	-0.09329696
-2.250	-0.850	0.000	-0.05384839
-2.150	-0.850	0.000	-0.04769767
-2.050	-0.850	0.000	-0.02600281
-1.950	-0.850	0.000	-0.01627357
-1.850	-0.850	0.000	-0.00166517
-1.750	-0.850	0.000	0.00974257
-1.650	-0.850	0.000	0.02177036
-1.550	-0.850	0.000	0.03423627
-1.450	-0.850	0.000	0.04840257
-1.350	-0.850	0.000	0.06128962
-1.250	-0.850	0.000	0.07190084
-1.150	-0.850	0.000	0.08817622
-1.050	-0.850	0.000	0.10749128
-0.950	-0.850	0.000	0.13066126
-0.850	-0.850	0.000	0.15160744
-0.750	-0.850	0.000	0.16305494
-0.650	-0.850	0.000	0.14254287
-0.550	-0.850	0.000	0.08459310
-0.450	-0.850	0.000	0.01919345
-0.350	-0.850	0.000	-0.02484718
-0.250	-0.850	0.000	-0.04276226
-0.150	-0.850	0.000	-0.04330434
-0.050	-0.850	0.000	-0.03606204
0.050	-0.850	0.000	-0.02512259
0.150	-0.850	0.000	-0.01191403
0.250	-0.850	0.000	0.00086711
0.350	-0.850	0.000	0.00973571
0.450	-0.850	0.000	0.01763726
0.550	-0.850	0.000	0.02375027
0.650	-0.850	0.000	0.02744236
0.750	-0.850	0.000	0.03309518
0.850	-0.850	0.000	0.04103337
0.950	-0.850	0.000	0.05000225
1.050	-0.850	0.000	0.06230688
1.150	-0.850	0.000	0.07488041
1.250	-0.850	0.000	0.08612543
1.350	-0.850	0.000	0.09162343
1.450	-0.850	0.000	0.09546417
1.550	-0.850	0.000	0.09631092
1.650	-0.850	0.000	0.09470230
1.750	-0.850	0.000	0.09354496
1.850	-0.850	0.000	0.08916429
1.950	-0.850	0.000	0.09098396
2.050	-0.850	0.000	0.08776893
2.150	-0.850	0.000	0.10052709
2.250	-0.850	0.000	0.10036672
2.350	-0.850	0.000	0.11949178
2.450	-0.850	0.000	0.10609994
-2.450	-0.750	0.000	-0.05310967
-2.350	-0.750	0.000	-0.08750695
-2.250	-0.750	0.000	-0.04923268
-2.150	-0.750	0.000	-0.04433766
-2.050	-0.750	0.000	-0.02266871
-1.950	-0.750	0.000	-0.01363147
-1.850	-0.750	0.000	-0.00148876
-1.750	-0.750	0.000	0.00851512
-1.650	-0.750	0.000	0.01917415
-1.550	-0.750	0.000	0.03062929
-1.450	-0.750	0.000	0.04276565
-1.350	-0.750	0.000	0.05480732
-1.250	-0.750	0.000	0.06614375
-1.150	-0.750	0.000	0.08361869
-1.050	-0.750	0.000	0.10173931
-0.950	-0.750	0.000	0.12380792
-0.850	-0.750	0.000	0.15119296
-0.750	-0.750	0.000	0.17563260
-0.650	-0.750	0.000	0.17740422
-0.550	-0.750	0.000	0.13432403
-0.450	-0.750	0.000	0.06062056
-0.350	-0.750	0.000	-0.00082524
-0.250	-0.750	0.000	-0.02972135
-0.150	-0.750	0.000	-0.03546391
-0.050	-0.750	0.000	-0.03053425
0.050	-0.750	0.000	-0.02112147
0.150	-0.750	0.000	-0.00903638
0.250	-0.750	0.000	0.00216411
0.350	-0.750	0.000	0.00977245
0.450	-0.750	0.000	0.01641571
0.550	-0.750	0.000	0.02238699
0.650	-0.750	0.000	0.02658751
0.750	-0.750	0.000	0.03254065
0.850	-0.750	0.000	0.04058844
0.950	-0.750	0.000	0.04881110
1.050	-0.750	0.000	0.06075166
1.150	-0.750	0.000	0.07161285
1.250	-0.750	0.000	0.08134552
1.350	-0.750	0.000	0.08569136
1.450	-0.750	0.000	0.08899551
1.550	-0.750	0.000	0.08974490
1.650	-0.750	0.000	0.08785375
1.750	-0.750	0.000	0.08657680
1.850	-0.750	0.000	0.08165076
1.950	-0.750	0.000	0.08283865
2.050	-0.750	0.000	0.07824340
2.150	-0.750	0.000	0.09079176
2.250	-0.750	0.000	0.09088427
2.350	-0.750	0.000	0.11194484
2.450	-0.750	0.000	0.09656914
-2.450	-0.650	0.000	-0.04560576
-2.350	-0.650	0.000	-0.07983215
-2.250	-0.650	0.000	-0.04206140
-2.150	-0.650	0.000	-0.03972665
-2.050	-0.650	0.000	-0.01904300
-1.950	-0.650	0.000	-0.01160560
-1.850	-0.650	0.000	-0.00111830
-1.750	-0.650	0.000	0.00712721
-1.650	-0.650	0.000	0.01588200
-1.550	-0.650	0.000	0.02628854
-1.450	-0.650	0.000	0.03644107
-1.350	-0.650	0.000	0.04707031
-1.250	-0.650	0.000	0.05767731
-1.150	-0.650	0.000	0.07442824
-1.050	-0.650	0.000	0.09254288
-0.950	-0.650	0.000	0.11466513
-0.850	-0.650	0.000	0.14404590
-0.750	-0.650	0.000	0.17404562
-0.650	-0.650	0.000	0.18856932
-0.550	-0.650	0.000	0.17839634
-0.450	-0.650	0.000	0.11911041
-0.350	-0.650	0.000	0.04168479
-0.250	-0.650	0.000	-0.00533580
-0.150	-0.650	0.000	-0.01989002
-0.050	-0.650	0.000	-0.02011923
0.050	-0.650	0.000	-0.01507613
0.150	-0.650	0.000	-0.00708739
0.250	-0.650	0.000	0.00016391
0.350	-0.650	0.000	0.00590332
0.450	-0.650	0.000	0.01203854
0.550	-0.650	0.000	0.01763223
0.650	-0.650	0.000	0.02331047
0.750	-0.650	0.000	0.03190318
0.850	-0.650	0.000	0.04227304
0.950	-0.650	0.000	0.05048671
1.050	-0.650	0.000	0.06048506
1.150	-0.650	0.000	0.06794243
1.250	-0.650	0.000	0.07620049
1.350	-0.650	0.000	0.07994517
1.450	-0.650	0.000	0.08317712
1.550	-0.650	0.000	0.08305644
1.650	-0.650	0.000	0.08009255
1.750	-0.650	0.000	0.07716475
1.850	-0.650	0.000	0.07246206
1.950	-0.650	0.000	0.07608997
2.050	-0.650	0.000	0.07178579
2.150	-0.650	0.000	0.08369865
2.250	-0.650	0.000	0.08189027
2.350	-0.650	0.000	0.10153341
2.450	-0.650	0.000	0.08567123
-2.450	-0.550	0.000	-0.03271291
-2.350	-0.550	0.000	-0.06737053
-2.250	-0.550	0.000	-0.03298500
-2.150	-0.550	0.000	-0.03494767
-2.050	-0.550	0.000	-0.01543024
-1.950	-0.550	0.000	-0.00855869
-1.850	-0.550	0.000	0.00093958
-1.750	-0.550	0.000	0.00666833
-1.650	-0.550	0.000	0.01324303
-1.550	-0.550	0.000	0.02227928
-1.450	-0.550	0.000	0.03072148
-1.350	-0.550	0.000	0.04078000
-1.250	-0.550	0.000	0.05049862
-1.150	-0.550	0.000	0.06674282
-1.050	-0.550	0.000	0.08470425
-0.950	-0.550	0.000	0.10489501
-0.850	-0.550	0.000	0.12881343
-0.750	-0.550	0.000	0.16124518
-0.650	-0.550	0.000	0.18265945
-0.550	-0.550	0.000	0.18768220
-0.450	-0.550	0.000	0.16389537
-0.350	-0.550	0.000	0.10328786
-0.250	-0.550	0.000	0.04164433
-0.150	-0.550	0.000	0.00668712
-0.050	-0.550	0.000	-0.00620531
0.050	-0.550	0.000	-0.00818101
0.150	-0.550	0.000	-0.00539551
0.250	-0.550	0.000	-0.00239895
0.350	-0.550	0.000	0.00047378
0.450	-0.550	0.000	0.00454124
0.550	-0.550	0.000	0.01077250
0.650	-0.550	0.000	0.01985050
0.750	-0.550	0.000	0.03201499
0.850	-0.550	0.000	0.04404059
0.950	-0.550	0.000	0.05277423
1.050	-0.550	0.000	0.06358056
1.150	-0.550	0.000	0.07037888
1.250	-0.550	0.000	0.07639541
1.350	-0.550	0.000	0.07849278
1.450	-0.550	0.000	0.08017961
1.550	-0.550	0.000	0.07833579
1.650	-0.550	0.000	0.07466302
1.750	-0.550	0.000	0.07049487
1.850	-0.550	0.000	0.06535024
1.950	-0.550	0.000	0.06782953
2.050	-0.550	0.000	0.06119477
2.150	-0.550	0.000	0.07115277
2.250	-0.550	0.000	0.07009485
2.350	-0.550	0.000	0.09258836
2.450	-0.550	0.000	0.07801457
-2.450	-0.450	0.000	-0.02201579
-2.350	-0.450	0.000	-0.05464562
-2.250	-0.450	0.000	-0.02240355
-2.150	-0.450	0.000	-0.03006291
-2.050	-0.450	0.000	-0.01128399
-1.950	-0.450	0.000	-0.00563176
-1.850	-0.450	0.000	0.00257704
-1.750	-0.450	0.000	0.00607308
-1.650	-0.450	0.000	0.01020965
-1.550	-0.450	0.000	0.01669849
-1.450	-0.450	0.000	0.02352820
-1.350	-0.450	0.000	0.03252396
-1.250	-0.450	0.000	0.04145448
-1.150	-0.450	0.000	0.05729643
-1.050	-0.450	0.000	0.07646766
-0.950	-0.450	0.000	0.09882638
-0.850	-0.450	0.000	0.11980829
-0.750	-0.450	0.000	0.14415798
-0.650	-0.450	0.000	0.16759735
-0.550	-0.450	0.000	0.17971931
-0.450	-0.450	0.000	0.17514436
-0.350	-0.450	0.000	0.14391144
-0.250	-0.450	0.000	0.09361278
-0.150	-0.450	0.000	0.04698361
-0.050	-0.450	0.000	0.01818514
0.050	-0.450	0.000	0.00501087
0.150	-0.450	0.000	-0.00126533
0.250	-0.450	0.000	-0.00454362
0.350	-0.450	0.000	-0.00532054
0.450	-0.450	0.000	-0.00259680
0.550	-0.450	0.000	0.00443873
0.650	-0.450	0.000	0.01782875
0.750	-0.450	0.000	0.03316653
0.850	-0.450	0.000	0.04673645
0.950	-0.450	0.000	0.05704053
1.050	-0.450	0.000	0.06646828
1.150	-0.450	0.000	0.07200336
1.250	-0.450	0.000	0.07586692
1.350	-0.450	0.000	0.07532761
1.450	-0.450	0.000	0.07585751
1.550	-0.450	0.000	0.07222255
1.650	-0.450	0.000	0.06792349
1.750	-0.450	0.000	0.06276984
1.850	-0.450	0.000	0.05714998
1.950	-0.450	0.000	0.05882729
2.050	-0.450	0.000	0.05331373
2.150	-0.450	0.000	0.06467445
2.250	-0.450	0.000	0.06022640
2.350	-0.450	0.000	0.07827233
2.450	-0.450	0.000	0.06561007
-2.450	-0.350	0.000	-0.00868603
-2.350	-0.350	0.000	-0.04067774
-2.250	-0.350	0.000	-0.01120300
-2.150	-0.350	0.000	-0.02306451
-2.050	-0.350	0.000	-0.00454312
-1.950	-0.350	0.000	-0.00117192
-1.850	-0.350	0.000	0.00529163
-1.750	-0.350	0.000	0.00720828
-1.650	-0.350	0.000	0.00922196
-1.550	-0.350	0.000	0.01372779
-1.450	-0.350	0.000	0.01832072
-1.350	-0.350	0.000	0.02562002
-1.250	-0.350	0.000	0.03320806
-1.150	-0.350	0.000	0.04857052
-1.050	-0.350	0.000	0.06580001
-0.950	-0.350	0.000	0.08961997
-0.850	-0.350	0.000	0.11309635
-0.750	-0.350	0.000	0.13575436
-0.650	-0.350	0.000	0.15353061
-0.550	-0.350	0.000	0.16346821
-0.450	-0.350	0.000	0.16632050
-0.350	-0.350	0.000	0.15362135
-0.250	-0.350	0.000	0.12562431
-0.150	-0.350	0.000	0.09086764
-0.050	-0.350	0.000	0.05458087
0.050	-0.350	0.000	0.02771195
0.150	-0.350	0.000	0.00887583
0.250	-0.350	0.000	-0.00339106
0.350	-0.350	0.000	-0.00854255
0.450	-0.350	0.000	-0.00645846
0.550	-0.350	0.000	0.00325291
0.650	-0.350	0.000	0.01765511
0.750	-0.350	0.000	0.03404655
0.850	-0.350	0.000	0.04866140
0.950	-0.350	0.000	0.05846827
1.050	-0.350	0.000	0.06876100
1.150	-0.350	0.000	0.07526384
1.250	-0.350	0.000	0.07716645
1.350	-0.350	0.000	0.07461948
1.450	-0.350	0.000	0.07327680
1.550	-0.350	0.000	0.06645873
1.650	-0.350	0.000	0.06120114
1.750	-0.350	0.000	0.05475821
1.850	-0.350	0.000	0.05010420
1.950	-0.350	0.000	0.05094771
2.050	-0.350	0.000	0.04300128
2.150	-0.350	0.000	0.05028094
2.250	-0.350	0.000	0.04622873
2.350	-0.350	0.000	0.06999224
2.450	-0.350	0.000	0.05865968
-2.450	-0.250	0.000	0.00114009
-2.350	-0.250	0.000	-0.02768018
-2.250	-0.250	0.000	-0.00101948
-2.150	-0.250	0.000	-0.01551631
-2.050	-0.250	0.000	0.00144188
-1.950	-0.250	0.000	0.00304687
-1.850	-0.250	0.000	0.00806960
-1.750	-0.250	0.000	0.00821183
-1.650	-0.250	0.000	0.00901176
-1.550	-0.250	0.000	0.00994300
-1.450	-0.250	0.000	0.01242326
-1.350	-0.250	0.000	0.01797813
-1.250	-0.250	0.000	0.02523002
-1.150	-0.250	0.000	0.03955147
-1.050	-0.250	0.000	0.05538363
-0.950	-0.250	0.000	0.07964589
-0.850	-0.250	0.000	0.10249720
-0.750	-0.250	0.000	0.12811759
-0.650	-0.250	0.000	0.14563103
-0.550	-0.250	0.000	0.15282539
-0.450	-0.250	0.000	0.15270571
-0.350	-0.250	0.000	0.14583206
-0.250	-0.250	0.000	0.13119590
-0.150	-0.250	0.000	0.11030361
-0.050	-0.250	0.000	0.08297192
0.050	-0.250	0.000	0.05368472
0.150	-0.250	0.000	0.02633821
0.250	-0.250	0.000	0.00583494
0.350	-0.250	0.000	-0.00427406
0.450	-0.250	0.000	-0.00532698
0.550	-0.250	0.000	0.00576379
0.650	-0.250	0.000	0.01932617
0.750	-0.250	0.000	0.03389566
0.850	-0.250	0.000	0.04814536
0.950	-0.250	0.000	0.05889598
1.050	-0.250	0.000	0.06754354
1.150	-0.250	0.000	0.07209048
1.250	-0.250	0.000	0.07373700
1.350	-0.250	0.000	0.07104658
1.450	-0.250	0.000	0.06915092
1.550	-0.250	0.000	0.06089241
1.650	-0.250	0.000	0.05628820
1.750	-0.250	0.000	0.04917924
1.850	-0.250	0.000	0.04395849
1.950	-0.250	0.000	0.04502334
2.050	-0.250	0.000	0.03939341
2.150	-0.250	0.000	0.04765570
2.250	-0.250	0.000	0.04137582
2.350	-0.250	0.000	0.06166184
2.450	-0.250	0.000	0.05002246
-2.450	-0.150	0.000	0.01336369
-2.350	-0.150	0.000	-0.01280494
-2.250	-0.150	0.000	0.01015754
-2.150	-0.150	0.000	-0.00623614
-2.050	-0.150	0.000	0.00785902
-1.950	-0.150	0.000	0.00775144
-1.850	-0.150	0.000	0.01253394
-1.750	-0.150	0.000	0.01145935
-1.650	-0.150	0.000	0.00972083
-1.550	-0.150	0.000	0.00902951
-1.450	-0.150	0.000	0.01177411
-1.350	-0.150	0.000	0.01465133
-1.250	-0.150	0.000	0.02096082
-1.150	-0.150	0.000	0.03468596
-1.050	-0.150	0.000	0.04830309
-0.950	-0.150	0.000	0.07019797
-0.850	-0.150	0.000	0.09057409
-0.750	-0.150	0.000	0.11656056
-0.650	-0.150	0.000	0.13698070
-0.550	-0.150	0.000	0.14558704
-0.450	-0.150	0.000	0.14472377
-0.350	-0.150	0.000	0.13591078
-0.250	-0.150	0.000	0.12435608
-0.150	-0.150	0.000	0.11190168
-0.050	-0.150	0.000	0.09439784
0.050	-0.150	0.000	0.07193224
0.150	-0.150	0.000	0.04506561
0.250	-0.150	0.000	0.02067872
0.350	-0.150	0.000	0.00691300
0.450	-0.150	0.000	0.00202893
0.550	-0.150	0.000	0.01163042
0.650	-0.150	0.000	0.02253153
0.750	-0.150	0.000	0.03454447
0.850	-0.150	0.000	0.04948033
0.950	-0.150	0.000	0.05848974
1.050	-0.150	0.000	0.06789944
1.150	-0.150	0.000	0.07239430
1.250	-0.150	0.000	0.07261465
1.350	-0.150	0.000	0.06914131
1.450	-0.150	0.000	0.06581573
1.550	-0.150	0.000	0.05722567
1.650	-0.150	0.000	0.05235134
1.750	-0.150	0.000	0.04406252
1.850	-0.150	0.000	0.03892354
1.950	-0.150	0.000	0.03887924
2.050	-0.150	0.000	0.03253878
2.150	-0.150	0.000	0.03919030
2.250	-0.150	0.000	0.03424795
2.350	-0.150	0.000	0.05611295
2.450	-0.150	0.000	0.04284343
-2.450	-0.050	0.000	0.02005694
-2.350	-0.050	0.000	-0.00276605
-2.250	-0.050	0.000	0.01755629
-2.150	-0.050	0.000	0.00273505
-2.050	-0.050	0.000	0.01266193
-1.950	-0.050	0.000	0.01168938
-1.850	-0.050	0.000	0.01496883
-1.750	-0.050	0.000	0.01195266
-1.650	-0.050	0.000	0.01158915
-1.550	-0.050	0.000	0.00936869
-1.450	-0.050	0.000	0.00960273
-1.350	-0.050	0.000	0.01042421
-1.250	-0.050	0.000	0.01687126
-1.150	-0.050	0.000	0.02900278
-1.050	-0.050	0.000	0.04182956
-0.950	-0.050	0.000	0.06402105
-0.850	-0.050	0.000	0.08311428
-0.750	-0.050	0.000	0.10463937
-0.650	-0.050	0.000	0.12415043
-0.550	-0.050	0.000	0.13444546
-0.450	-0.050	0.000	0.13623324
-0.350	-0.050	0.000	0.13037410
-0.250	-0.050	0.000	0.11781605
-0.150	-0.050	0.000	0.10542915
-0.050	-0.050	0.000	0.09341018
0.050	-0.050	0.000	0.07665106
0.150	-0.050	0.000	0.05714174
0.250	-0.050	0.000	0.03443455
0.350	-0.050	0.000	0.02032103
0.450	-0.050	0.000	0.01311744
0.550	-0.050	0.000	0.01822096
0.650	-0.050	0.000	0.02674871
0.750	-0.050	0.000	0.03515620
0.850	-0.050	0.000	0.04851351
0.950	-0.050	0.000	0.05697626
1.050	-0.050	0.000	0.06444592
1.150	-0.050	0.000	0.06767635
1.250	-0.050	0.000	0.06849176
1.350	-0.050	0.000	0.06485720
1.450	-0.050	0.000	0.06190529
1.550	-0.050	0.000	0.05327436
1.650	-0.050	0.000	0.04857787
1.750	-0.050	0.000	0.04105417
1.850	-0.050	0.000	0.03691779
1.950	-0.050	0.000	0.03760897
2.050	-0.050	0.000	0.03215211
2.150	-0.050	0.000	0.03871636
2.250	-0.050	0.000	0.03395415
2.350	-0.050	0.000	0.05418445
2.450	-0.050	0.000	0.03801072
-2.450	0.050	0.000	0.02978617
-2.350	0.050	0.000	0.00970638
-2.250	0.050	0.000	0.02435251
-2.150	0.050	0.000	0.00942599
-2.050	0.050	0.000	0.01893150
-1.950	0.050	0.000	0.01747105
-1.850	0.050	0.000	0.02044519
-1.750	0.050	0.000	0.01666971
-1.650	0.050	0.000	0.01449833
-1.550	0.050	0.000	0.01061468
-1.450	0.050	0.000	0.01144839
-1.350	0.050	0.000	0.01108387
-1.250	0.050	0.000	0.01615879
-1.150	0.050	0.000	0.02657874
-1.050	0.050	0.000	0.03727470
-0.950	0.050	0.000	0.05812186
-0.850	0.050	0.000	0.07573104
-0.750	0.050	0.000	0.09678848
-0.650	0.050	0.000	0.11413530
-0.550	0.050	0.000	0.12198281
-0.450	0.050	0.000	0.12430885
-0.350	0.050	0.000	0.12128943
-0.250	0.050	0.000	0.11141124
-0.150	0.050	0.000	0.09965020
-0.050	0.050	0.000	0.08775976
0.050	0.050	0.000	0.07396496
0.150	0.050	0.000	0.05882392
0.250	0.050	0.000	0.04230452
0.350	0.050	0.000	0.03128621
0.450	0.050	0.000	0.02559509
0.550	0.050	0.000	0.02783323
0.650	0.050	0.000	0.03386392
0.750	0.050	0.000	0.03981994
0.850	0.050	0.000	0.05158029
0.950	0.050	0.000	0.05823661
1.050	0.050	0.000	0.06593891
1.150	0.050	0.000	0.06782415
1.250	0.050	0.000	0.06794945
1.350	0.050	0.000	0.06396838
1.450	0.050	0.000	0.06028430
1.550	0.050	0.000	0.05260526
1.650	0.050	0.000	0.04734900
1.750	0.050	0.000	0.04007218
1.850	0.050	0.000	0.03704889
1.950	0.050	0.000	0.03774747
2.050	0.050	0.000	0.03170838
2.150	0.050	0.000	0.03708623
2.250	0.050	0.000	0.03306985
2.350	0.050	0.000	0.05348204
2.450	0.050	0.000	0.03435326
-2.450	0.150	0.000	0.03288984
-2.350	0.150	0.000	0.01377811
-2.250	0.150	0.000	0.02922529
-2.150	0.150	0.000	0.01631863
-2.050	0.150	0.000	0.02194648
-1.950	0.150	0.000	0.02034088
-1.850	0.150	0.000	0.02212276
-1.750	0.150	0.000	0.01805918
-1.650	0.150	0.000	0.01633742
-1.550	0.150	0.000	0.01336282
-1.450	0.150	0.000	0.01473864
-1.350	0.150	0.000	0.01155499
-1.250	0.150	0.000	0.01437487
-1.150	0.150	0.000	0.02369477
-1.050	0.150	0.000	0.03265327
-0.950	0.150	0.000	0.05286588
-0.850	0.150	0.000	0.07020640
-0.750	0.150	0.000	0.08972791
-0.650	0.150	0.000	0.10419528
-0.550	0.150	0.000	0.11131039
-0.450	0.150	0.000	0.11213762
-0.350	0.150	0.000	0.10830709
-0.250	0.150	0.000	0.10165758
-0.150	0.150	0.000	0.09438872
-0.050	0.150	0.000	0.08342519
0.050	0.150	0.000	0.07003899
0.150	0.150	0.000	0.05638781
0.250	0.150	0.000	0.04354705
0.350	0.150	0.000	0.03687942
0.450	0.150	0.000	0.03478240
0.550	0.150	0.000	0.03736437
0.650	0.150	0.000	0.04236510
0.750	0.150	0.000	0.04644963
0.850	0.150	0.000	0.05464595
0.950	0.150	0.000	0.06029440
1.050	0.150	0.000	0.06631361
1.150	0.150	0.000	0.06579904
1.250	0.150	0.000	0.06434009
1.350	0.150	0.000	0.05920882
1.450	0.150	0.000	0.05546859
1.550	0.150	0.000	0.04941464
1.650	0.150	0.000	0.04584560
1.750	0.150	0.000	0.04021458
1.850	0.150	0.000	0.03848140
1.950	0.150	0.000	0.04112280
2.050	0.150	0.000	0.03582181
2.150	0.150	0.000	0.04257470
2.250	0.150	0.000	0.04031916
2.350	0.150	0.000	0.05944353
2.450	0.150	0.000	0.03533343
-2.450	0.250	0.000	0.03955511
-2.350	0.250	0.000	0.02080013
-2.250	0.250	0.000	0.03143376
-2.150	0.250	0.000	0.01973219
-2.050	0.250	0.000	0.02763911
-1.950	0.250	0.000	0.02663648
-1.850	0.250	0.000	0.02773451
-1.750	0.250	0.000	0.02402202
-1.650	0.250	0.000	0.02229420
-1.550	0.250	0.000	0.01749541
-1.450	0.250	0.000	0.01686675
-1.350	0.250	0.000	0.01517110
-1.250	0.250	0.000	0.01760702
-1.150	0.250	0.000	0.02453835
-1.050	0.250	0.000	0.03051152
-0.950	0.250	0.000	0.04834264
-0.850	0.250	0.000	0.06186739
-0.750	0.250	0.000	0.08149321
-0.650	0.250	0.000	0.09546874
-0.550	0.250	0.000	0.10110223
-0.450	0.250	0.000	0.10117542
-0.350	0.250	0.000	0.09677736
-0.250	0.250	0.000	0.09068980
-0.150	0.250	0.000	0.08473235
-0.050	0.250	0.000	0.07686712
0.050	0.250	0.000	0.06573147
0.150	0.250	0.000	0.05353503
0.250	0.250	0.000	0.04338228
0.350	0.250	0.000	0.03883137
0.450	0.250	0.000	0.04093210
0.550	0.250	0.000	0.04547340
0.650	0.250	0.000	0.05038180
0.750	0.250	0.000	0.05569256
0.850	0.250	0.000	0.06079097
0.950	0.250	0.000	0.06505034
1.050	0.250	0.000	0.06957277
1.150	0.250	0.000	0.06839743
1.250	0.250	0.000	0.06630673
1.350	0.250	0.000	0.05970741
1.450	0.250	0.000	0.05550722
1.550	0.250	0.000	0.05056989
1.650	0.250	0.000	0.04572269
1.750	0.250	0.000	0.04256983
1.850	0.250	0.000	0.04343177
1.950	0.250	0.000	0.04664375
2.050	0.250	0.000	0.04121294
2.150	0.250	0.000	0.04634570
2.250	0.250	0.000	0.04498875
2.350	0.250	0.000	0.06430604
2.450	0.250	0.000	0.03660848
-2.450	0.350	0.000	0.03657348
-2.350	0.350	0.000	0.01653021
-2.250	0.350	0.000	0.02947384
-2.150	0.350	0.000	0.02019551
-2.050	0.350	0.000	0.02569926
-1.950	0.350	0.000	0.02616185
-1.850	0.350	0.000	0.02875611
-1.750	0.350	0.000	0.02687921
-1.650	0.350	0.000	0.02496096
-1.550	0.350	0.000	0.02258335
-1.450	0.350	0.000	0.02257100
-1.350	0.350	0.000	0.01931553
-1.250	0.350	0.000	0.01807348
-1.150	0.350	0.000	0.02308677
-1.050	0.350	0.000	0.02916774
-0.950	0.350	0.000	0.04606909
-0.850	0.350	0.000	0.05876848
-0.750	0.350	0.000	0.07385154
-0.650	0.350	0.000	0.08481167
-0.550	0.350	0.000	0.09009692
-0.450	0.350	0.000	0.08961862
-0.350	0.350	0.000	0.08585186
-0.250	0.350	0.000	0.08132099
-0.150	0.350	0.000	0.07601919
-0.050	0.350	0.000	0.07118268
0.050	0.350	0.000	0.06208184
0.150	0.350	0.000	0.04974834
0.250	0.350	0.000	0.04178670
0.350	0.350	0.000	0.03917281
0.450	0.350	0.000	0.04363739
0.550	0.350	0.000	0.04970143
0.650	0.350	0.000	0.05678640
0.750	0.350	0.000	0.06432509
0.850	0.350	0.000	0.06880902
0.950	0.350	0.000	0.07202855
1.050	0.350	0.000	0.07252930
1.150	0.350	0.000	0.06806819
1.250	0.350	0.000	0.06564305
1.350	0.350	0.000	0.05736356
1.450	0.350	0.000	0.05262056
1.550	0.350	0.000	0.04900183
1.650	0.350	0.000	0.04488318
1.750	0.350	0.000	0.04287675
1.850	0.350	0.000	0.04482197
1.950	0.350	0.000	0.05036283
2.050	0.350	0.000	0.04744472
2.150	0.350	0.000	0.05552880
2.250	0.350	0.000	0.05701806
2.350	0.350	0.000	0.07953636
2.450	0.350	0.000	0.04684265
-2.450	0.450	0.000	0.03655187
-2.350	0.450	0.000	0.01317628
-2.250	0.450	0.000	0.02297921
-2.150	0.450	0.000	0.01847076
-2.050	0.450	0.000	0.02833346
-1.950	0.450	0.000	0.02902146
-1.850	0.450	0.000	0.03029390
-1.750	0.450	0.000	0.02869971
-1.650	0.450	0.000	0.02901612
-1.550	0.450	0.000	0.02778541
-1.450	0.450	0.000	0.02603194
-1.350	0.450	0.000	0.02506567
-1.250	0.450	0.000	0.02432163
-1.150	0.450	0.000	0.02616914
-1.050	0.450	0.000	0.03045187
-0.950	0.450	0.000	0.04336215
-0.850	0.450	0.000	0.05376384
-0.750	0.450	0.000	0.07007656
-0.650	0.450	0.000	0.07712863
-0.550	0.450	0.000	0.07795564
-0.450	0.450	0.000	0.07722553
-0.350	0.450	0.000	0.07471828
-0.250	0.450	0.000	0.06982277
-0.150	0.450	0.000	0.06880368
-0.050	0.450	0.000	0.06450055
0.050	0.450	0.000	0.05862593
0.150	0.450	0.000	0.04854141
0.250	0.450	0.000	0.04091052
0.350	0.450	0.000	0.04009637
0.450	0.450	0.000	0.04507819
0.550	0.450	0.000	0.05387335
0.650	0.450	0.000	0.06272022
0.750	0.450	0.000	0.07014602
0.850	0.450	0.000	0.07552765
0.950	0.450	0.000	0.07842340
1.050	0.450	0.000	0.07868231
1.150	0.450	0.000	0.07271310
1.250	0.450	0.000	0.06709068
1.350	0.450	0.000	0.05825800
1.450	0.450	0.000	0.05353994
1.550	0.450	0.000	0.04981279
1.650	0.450	0.000	0.04560862
1.750	0.450	0.000	0.04489799
1.850	0.450	0.000	0.04723169
1.950	0.450	0.000	0.05394790
2.050	0.450	0.000	0.05178326
2.150	0.450	0.000	0.06013659
2.250	0.450	0.000	0.06383841
2.350	0.450	0.000	0.08996367
2.450	0.450	0.000	0.05567402
-2.450	0.550	0.000	0.03136357
-2.350	0.550	0.000	0.00774640
-2.250	0.550	0.000	0.01801036
-2.150	0.550	0.000	0.01419765
-2.050	0.550	0.000	0.02214137
-1.950	0.550	0.000	0.02500911
-1.850	0.550	0.000	0.02921925
-1.750	0.550	0.000	0.03087220
-1.650	0.550	0.000	0.03033305
-1.550	0.550	0.000	0.02972576
-1.450	0.550	0.000	0.03059739
-1.350	0.550	0.000	0.02996696
-1.250	0.550	0.000	0.02699376
-1.150	0.550	0.000	0.02997040
-1.050	0.550	0.000	0.03401968
-0.950	0.550	0.000	0.04430241
-0.850	0.550	0.000	0.05407102
-0.750	0.550	0.000	0.06534526
-0.650	0.550	0.000	0.06862424
-0.550	0.550	0.000	0.06838140
-0.450	0.550	0.000	0.06619328
-0.350	0.550	0.000	0.06347882
-0.250	0.550	0.000	0.06196728
-0.150	0.550	0.000	0.06062758
-0.050	0.550	0.000	0.05827546
0.050	0.550	0.000	0.05392196
0.150	0.550	0.000	0.04635311
0.250	0.550	0.000	0.04023314
0.350	0.550	0.000	0.03999003
0.450	0.550	0.000	0.04637944
0.550	0.550	0.000	0.05632168
0.650	0.550	0.000	0.06637508
0.750	0.550	0.000	0.07590660
0.850	0.550	0.000	0.08362140
0.950	0.550	0.000	0.08555207
1.050	0.550	0.000	0.08325295
1.150	0.550	0.000	0.07593177
1.250	0.550	0.000	0.06919733
1.350	0.550	0.000	0.05819828
1.450	0.550	0.000	0.05170378
1.550	0.550	0.000	0.04883131
1.650	0.550	0.000	0.04553851
1.750	0.550	0.000	0.04501979
1.850	0.550	0.000	0.04815678
1.950	0.550	0.000	0.05513021
2.050	0.550	0.000	0.05529702
2.150	0.550	0.000	0.06577635
2.250	0.550	0.000	0.07077733
2.350	0.550	0.000	0.10437780
2.450	0.550	0.000	0.07025322
-2.450	0.650	0.000	0.03078208
-2.350	0.650	0.000	0.00506295
-2.250	0.650	0.000	0.01384395
-2.150	0.650	0.000	0.01275893
-2.050	0.650	0.000	0.02186615
-1.950	0.650	0.000	0.02443557
-1.850	0.650	0.000	0.02701511
-1.750	0.650	0.000	0.02851634
-1.650	0.650	0.000	0.03087560
-1.550	0.650	0.000	0.03156595
-1.450	0.650	0.000	0.03078268
-1.350	0.650	0.000	0.03218912
-1.250	0.650	0.000	0.03302442
-1.150	0.650	0.000	0.03566327
-1.050	0.650	0.000	0.04016719
-0.950	0.650	0.000	0.04722091
-0.850	0.650	0.000	0.05495191
-0.750	0.650	0.000	0.06327147
-0.650	0.650	0.000	0.06137329
-0.550	0.650	0.000	0.05962643
-0.450	0.650	0.000	0.05342147
-0.350	0.650	0.000	0.05357993
-0.250	0.650	0.000	0.05298958
-0.150	0.650	0.000	0.05509416
-0.050	0.650	0.000	0.05466806
0.050	0.650	0.000	0.05112491
0.150	0.650	0.000	0.04586357
0.250	0.650	0.000	0.03890485
0.350	0.650	0.000	0.03990975
0.450	0.650	0.000	0.04668816
0.550	0.650	0.000	0.05804615
0.650	0.650	0.000	0.06964707
0.750	0.650	0.000	0.07944734
0.850	0.650	0.000	0.08725160
0.950	0.650	0.000	0.09174576
1.050	0.650	0.000	0.09070803
1.150	0.650	0.000	0.08190819
1.250	0.650	0.000	0.07292823
1.350	0.650	0.000	0.06215982
1.450	0.650	0.000	0.05437879
1.550	0.650	0.000	0.05022059
1.650	0.650	0.000	0.04717632
1.750	0.650	0.000	0.04707645
1.850	0.650	0.000	0.04917923
1.950	0.650	0.000	0.05544798
2.050	0.650	0.000	0.05615123
2.150	0.650	0.000	0.06763518
2.250	0.650	0.000	0.07391465
2.350	0.650	0.000	0.11225940
2.450	0.650	0.000	0.08018412
-2.450	0.750	0.000	0.02787018
-2.350	0.750	0.000	0.00366197
-2.250	0.750	0.000	0.01105243
-2.150	0.750	0.000	0.01138257
-2.050	0.750	0.000	0.01859639
-1.950	0.750	0.000	0.02143131
-1.850	0.750	0.000	0.02490360
-1.750	0.750	0.000	0.02804254
-1.650	0.750	0.000	0.02967083
-1.550	0.750	0.000	0.03164788
-1.450	0.750	0.000	0.03258175
-1.350	0.750	0.000	0.02957251
-1.250	0.750	0.000	0.03054038
-1.150	0.750	0.000	0.03703533
-1.050	0.750	0.000	0.04538023
-0.950	0.750	0.000	0.05403582
-0.850	0.750	0.000	0.06033453
-0.750	0.750	0.000	0.06529441
-0.650	0.750	0.000	0.05663182
-0.550	0.750	0.000	0.05127360
-0.450	0.750	0.000	0.04482996
-0.350	0.750	0.000	0.04239281
-0.250	0.750	0.000	0.04518608
-0.150	0.750	0.000	0.04785562
-0.050	0.750	0.000	0.05003765
0.050	0.750	0.000	0.04865459
0.150	0.750	0.000	0.04453501
0.250	0.750	0.000	0.03935875
0.350	0.750	0.000	0.03959472
0.450	0.750	0.000	0.04675454
0.550	0.750	0.000	0.05846172
0.650	0.750	0.000	0.07094395
0.750	0.750	0.000	0.08303348
0.850	0.750	0.000	0.09214884
0.950	0.750	0.000	0.09665653
1.050	0.750	0.000	0.09548202
1.150	0.750	0.000	0.08789384
1.250	0.750	0.000	0.07884779
1.350	0.750	0.000	0.06612860
1.450	0.750	0.000	0.05645244
1.550	0.750	0.000	0.05099219
1.650	0.750	0.000	0.04663540
1.750	0.750	0.000	0.04591655
1.850	0.750	0.000	0.04771309
1.950	0.750	0.000	0.05485103
2.050	0.750	0.000	0.05683000
2.150	0.750	0.000	0.07027810
2.250	0.750	0.000	0.07335375
2.350	0.750	0.000	0.11402717
2.450	0.750	0.000	0.08701262
-2.450	0.850	0.000	0.03365310
-2.350	0.850	0.000	0.01065490
-2.250	0.850	0.000	0.01156601
-2.150	0.850	0.000	0.01182691
-2.050	0.850	0.000	0.02015925
-1.950	0.850	0.000	0.02348286
-1.850	0.850	0.000	0.02577909
-1.750	0.850	0.000	0.02633239
-1.650	0.850	0.000	0.02771186
-1.550	0.850	0.000	0.03030177
-1.450	0.850	0.000	0.02951543
-1.350	0.850	0.000	0.03076611
-1.250	0.850	0.000	0.03386750
-1.150	0.850	0.000	0.03751878
-1.050	0.850	0.000	0.04738149
-0.950	0.850	0.000	0.05886617
-0.850	0.850	0.000	0.06432737
-0.750	0.850	0.000	0.06745393
-0.650	0.850	0.000	0.05444858
-0.550	0.850	0.000	0.04445054
-0.450	0.850	0.000	0.03488777
-0.350	0.850	0.000	0.03542389
-0.250	0.850	0.000	0.03819365
-0.150	0.850	0.000	0.04366476
-0.050	0.850	0.000	0.04614829
0.050	0.850	0.000	0.04538726
0.150	0.850	0.000	0.04236832
0.250	0.850	0.000	0.03892663
0.350	0.850	0.000	0.03914415
0.450	0.850	0.000	0.04673250
0.550	0.850	0.000	0.05895325
0.650	0.850	0.000	0.07176428
0.750	0.850	0.000	0.08340907
0.850	0.850	0.000	0.09271505
0.950	0.850	0.000	0.09921157
1.050	0.850	0.000	0.09923831
1.150	0.850	0.000	0.09204543
1.250	0.850	0.000	0.08234017
1.350	0.850	0.000	0.07148647
1.450	0.850	0.000	0.06199508
1.550	0.850	0.000	0.05693237
1.650	0.850	0.000	0.05225181
1.750	0.850	0.000	0.04955786
1.850	0.850	0.000	0.04907196
1.950	0.850	0.000	0.05548608
2.050	0.850	0.000	0.05678734
2.150	0.850	0.000	0.07201300
2.250	0.850	0.000	0.07252615
2.350	0.850	0.000	0.10979203
2.450	0.850	0.000	0.08698504
-2.450	0.950	0.000	0.04382140
-2.350	0.950	0.000	0.02487422
-2.250	0.950	0.000	0.01700094
-2.150	0.950	0.000	0.01342532
-2.050	0.950	0.000	0.01475199
-1.950	0.950	0.000	0.01972887
-1.850	0.950	0.000	0.02447820
-1.750	0.950	0.000	0.02826698
-1.650	0.950	0.000	0.02913993
-1.550	0.950	0.000	0.02869371
-1.450	0.950	0.000	0.02767025
-1.350	0.950	0.000	0.02803349
-1.250	0.950	0.000	0.03064195
-1.150	0.950	0.000	0.03558858
-1.050	0.950	0.000	0.04757385
-0.950	0.950	0.000	0.06218159
-0.850	0.950	0.000	0.06967946
-0.750	0.950	0.000	0.07103651
-0.650	0.950	0.000	0.05094788
-0.550	0.950	0.000	0.03626478
-0.450	0.950	0.000	0.02886413
-0.350	0.950	0.000	0.02698853
-0.250	0.950	0.000	0.03247447
-0.150	0.950	0.000	0.03973521
-0.050	0.950	0.000	0.04376044
0.050	0.950	0.000	0.04504222
0.150	0.950	0.000	0.04138918
0.250	0.950	0.000	0.03764550
0.350	0.950	0.000	0.03697904
0.450	0.950	0.000	0.04464942
0.550	0.950	0.000	0.05689618
0.650	0.950	0.000	0.07098141
0.750	0.950	0.000	0.08389322
0.850	0.950	0.000	0.09499057
0.950	0.950	0.000	0.10277122
1.050	0.950	0.000	0.10419414
1.150	0.950	0.000	0.09975737
1.250	0.950	0.000	0.09104793
1.350	0.950	0.000	0.07945375
1.450	0.950	0.000	0.06773577
1.550	0.950	0.000	0.06145454
1.650	0.950	0.000	0.05525709
1.750	0.950	0.000	0.05273524
1.850	0.950	0.000	0.05203129
1.950	0.950	0.000	0.05816115
2.050	0.950	0.000	0.05850332
2.150	0.950	0.000	0.07615097
2.250	0.950	0.000	0.07376229
2.350	0.950	0.000	0.10558297
2.450	0.950	0.000	0.08430765
-2.450	1.050	0.000	0.05269191
-2.350	1.050	0.000	0.04104178
-2.250	1.050	0.000	0.03072946
-2.150	1.050	0.000	0.02255593
-2.050	1.050	0.000	0.01811031
-1.950	1.050	0.000	0.02011673
-1.850	1.050	0.000	0.02284744
-1.750	1.050	0.000	0.02521691
-1.650	1.050	0.000	0.02808405
-1.550	1.050	0.000	0.02810455
-1.450	1.050	0.000	0.02645801
-1.350	1.050	0.000	0.02769251
-1.250	1.050	0.000	0.03090063
-1.150	1.050	0.000	0.03541442
-1.050	1.050	0.000	0.04852759
-0.950	1.050	0.000	0.06413464
-0.850	1.050	0.000	0.07096326
-0.750	1.050	0.000	0.06879833
-0.650	1.050	0.000	0.04781882
-0.550	1.050	0.000	0.03279531
-0.450	1.050	0.000	0.02220962
-0.350	1.050	0.000	0.02491777
-0.250	1.050	0.000	0.02800530
-0.150	1.050	0.000	0.03767025
-0.050	1.050	0.000	0.04089168
0.050	1.050	0.000	0.04274179
0.150	1.050	0.000	0.03947676
0.250	1.050	0.000	0.03655781
0.350	1.050	0.000	0.03601362
0.450	1.050	0.000	0.04328981
0.550	1.050	0.000	0.05559391
0.650	1.050	0.000	0.06982663
0.750	1.050	0.000	0.08269737
0.850	1.050	0.000	0.09341245
0.950	1.050	0.000	0.10282100
1.050	1.050	0.000	0.10590278
1.150	1.050	0.000	0.10341672
1.250	1.050	0.000	0.09663031
1.350	1.050	0.000	0.08788767
1.450	1.050	0.000	0.07737786
1.550	1.050	0.000	0.07040157
1.650	1.050	0.000	0.06304587
1.750	1.050	0.000	0.05955535
1.850	1.050	0.000	0.05678463
1.950	1.050	0.000	0.06361721
2.050	1.050	0.000	0.06233935
2.150	1.050	0.000	0.07908140
2.250	1.050	0.000	0.07439984
2.350	1.050	0.000	0.09917536
2.450	1.050	0.000	0.07950151
-2.450	1.150	0.000	0.05976554
-2.350	1.150	0.000	0.05802431
-2.250	1.150	0.000	0.04988122
-2.150	1.150	0.000	0.04192535
-2.050	1.150	0.000	0.02789474
-1.950	1.150	0.000	0.02507939
-1.850	1.150	0.000	0.02376067
-1.750	1.150	0.000	0.02558949
-1.650	1.150	0.000	0.02632053
-1.550	1.150	0.000	0.02728912
-1.450	1.150	0.000	0.02497840
-1.350	1.150	0.000	0.02491732
-1.250	1.150	0.000	0.02975265
-1.150	1.150	0.000	0.03373726
-1.050	1.150	0.000	0.04877827
-0.950	1.150	0.000	0.06435676
-0.850	1.150	0.000	0.06919233
-0.750	1.150	0.000	0.06495364
-0.650	1.150	0.000	0.04085292
-0.550	1.150	0.000	0.02622366
-0.450	1.150	0.000	0.01952139
-0.350	1.150	0.000	0.02200215
-0.250	1.150	0.000	0.02750769
-0.150	1.150	0.000	0.03695569
-0.050	1.150	0.000	0.04197488
0.050	1.150	0.000	0.04550456
0.150	1.150	0.000	0.04048740
0.250	1.150	0.000	0.03608068
0.350	1.150	0.000	0.03452189
0.450	1.150	0.000	0.04152888
0.550	1.150	0.000	0.05336181
0.650	1.150	0.000	0.06870253
0.750	1.150	0.000	0.08208545
0.850	1.150	0.000	0.09364567
0.950	1.150	0.000	0.10428461
1.050	1.150	0.000	0.10846428
1.150	1.150	0.000	0.10848027
1.250	1.150	0.000	0.10427058
1.350	1.150	0.000	0.09651096
1.450	1.150	0.000	0.08495331
1.550	1.150	0.000	0.07768461
1.650	1.150	0.000	0.06953920
1.750	1.150	0.000	0.06554005
1.850	1.150	0.000	0.06200384
1.950	1.150	0.000	0.06732518
2.050	1.150	0.000	0.06610052
2.150	1.150	0.000	0.08350878
2.250	1.150	0.000	0.07920609
2.350	1.150	0.000	0.09648079
2.450	1.150	0.000	0.07406592
-2.450	1.250	0.000	0.06383206
-2.350	1.250	0.000	0.06995375
-2.250	1.250	0.000	0.06565180
-2.150	1.250	0.000	0.06333151
-2.050	1.250	0.000	0.04896501
-1.950	1.250	0.000	0.04144237
-1.850	1.250	0.000	0.03264559
-1.750	1.250	0.000	0.02827796
-1.650	1.250	0.000	0.02599420
-1.550	1.250	0.000	0.02779415
-1.450	1.250	0.000	0.02976383
-1.350	1.250	0.000	0.02903775
-1.250	1.250	0.000	0.03229548
-1.150	1.250	0.000	0.03633843
-1.050	1.250	0.000	0.04798888
-0.950	1.250	0.000	0.05931762
-0.850	1.250	0.000	0.06001380
-0.750	1.250	0.000	0.05300396
-0.650	1.250	0.000	0.03334427
-0.550	1.250	0.000	0.02318946
-0.450	1.250	0.000	0.01714266
-0.350	1.250	0.000	0.02344405
-0.250	1.250	0.000	0.02774022
-0.150	1.250	0.000	0.03780503
-0.050	1.250	0.000	0.04097828
0.050	1.250	0.000	0.04431589
0.150	1.250	0.000	0.04094642
0.250	1.250	0.000	0.03746134
0.350	1.250	0.000	0.03469885
0.450	1.250	0.000	0.03981659
0.550	1.250	0.000	0.05135949
0.650	1.250	0.000	0.06605546
0.750	1.250	0.000	0.08006514
0.850	1.250	0.000	0.09195155
0.950	1.250	0.000	0.10303500
1.050	1.250	0.000	0.10932606
1.150	1.250	0.000	0.11096340
1.250	1.250	0.000	0.10849474
1.350	1.250	0.000	0.10344791
1.450	1.250	0.000	0.09468069
1.550	1.250	0.000	0.08845362
1.650	1.250	0.000	0.08040783
1.750	1.250	0.000	0.07677553
1.850	1.250	0.000	0.07168213
1.950	1.250	0.000	0.07589884
2.050	1.250	0.000	0.07373712
2.150	1.250	0.000	0.08465476
2.250	1.250	0.000	0.07775819
2.350	1.250	0.000	0.08764147
2.450	1.250	0.000	0.06487890
-2.450	1.350	0.000	0.06250926
-2.350	1.350	0.000	0.07390849
-2.250	1.350	0.000	0.07183690
-2.150	1.350	0.000	0.07679496
-2.050	1.350	0.000	0.06668220
-1.950	1.350	0.000	0.06357206
-1.850	1.350	0.000	0.05231836
-1.750	1.350	0.000	0.04360398
-1.650	1.350	0.000	0.03549350
-1.550	1.350	0.000	0.03204475
-1.450	1.350	0.000	0.03225679
-1.350	1.350	0.000	0.03111387
-1.250	1.350	0.000	0.03520040
-1.150	1.350	0.000	0.03849400
-1.050	1.350	0.000	0.04678331
-0.950	1.350	0.000	0.05216363
-0.850	1.350	0.000	0.04893541
-0.750	1.350	0.000	0.04200806
-0.650	1.350	0.000	0.02805130
-0.550	1.350	0.000	0.02090484
-0.450	1.350	0.000	0.01797879
-0.350	1.350	0.000	0.02417307
-0.250	1.350	0.000	0.02984672
-0.150	1.350	0.000	0.04093743
-0.050	1.350	0.000	0.04527716
0.050	1.350	0.000	0.04989130
0.150	1.350	0.000	0.04464509
0.250	1.350	0.000	0.03875852
0.350	1.350	0.000	0.03611162
0.450	1.350	0.000	0.04024770
0.550	1.350	0.000	0.05133367
0.650	1.350	0.000	0.06651706
0.750	1.350	0.000	0.08048549
0.850	1.350	0.000	0.09276800
0.950	1.350	0.000	0.10332833
1.050	1.350	0.000	0.11066322
1.150	1.350	0.000	0.11423582
1.250	1.350	0.000	0.11254935
1.350	1.350	0.000	0.10832926
1.450	1.350	0.000	0.10013546
1.550	1.350	0.000	0.09345789
1.650	1.350	0.000	0.08616559
1.750	1.350	0.000	0.08195203
1.850	1.350	0.000	0.07602696
1.950	1.350	0.000	0.07983715
2.050	1.350	0.000	0.07840875
2.150	1.350	0.000	0.08620297
2.250	1.350	0.000	0.07738128
2.350	1.350	0.000	0.08522230
2.450	1.350	0.000	0.06161153
-2.450	1.450	0.000	0.05794485
-2.350	1.450	0.000	0.07306050
-2.250	1.450	0.000	0.07372379
-2.150	1.450	0.000	0.08392647
-2.050	1.450	0.000	0.07834126
-1.950	1.450	0.000	0.08026865
-1.850	1.450	0.000	0.07035424
-1.750	1.450	0.000	0.06298830
-1.650	1.450	0.000	0.05426658
-1.550	1.450	0.000	0.04729562
-1.450	1.450	0.000	0.04408262
-1.350	1.450	0.000	0.03886443
-1.250	1.450	0.000	0.03924846
-1.150	1.450	0.000	0.03922101
-1.050	1.450	0.000	0.04274722
-0.950	1.450	0.000	0.04240697
-0.850	1.450	0.000	0.03831685
-0.750	1.450	0.000	0.03364435
-0.650	1.450	0.000	0.02548910
-0.550	1.450	0.000	0.02218801
-0.450	1.450	0.000	0.02163393
-0.350	1.450	0.000	0.02917892
-0.250	1.450	0.000	0.03399434
-0.150	1.450	0.000	0.04456392
-0.050	1.450	0.000	0.04851908
0.050	1.450	0.000	0.05171028
0.150	1.450	0.000	0.04869414
0.250	1.450	0.000	0.04347898
0.350	1.450	0.000	0.03902438
0.450	1.450	0.000	0.04023805
0.550	1.450	0.000	0.05034560
0.650	1.450	0.000	0.06447394
0.750	1.450	0.000	0.07819178
0.850	1.450	0.000	0.09045868
0.950	1.450	0.000	0.10188290
1.050	1.450	0.000	0.11039694
1.150	1.450	0.000	0.11516288
1.250	1.450	0.000	0.11500712
1.350	1.450	0.000	0.11259756
1.450	1.450	0.000	0.10735323
1.550	1.450	0.000	0.10171716
1.650	1.450	0.000	0.09471238
1.750	1.450	0.000	0.09125353
1.850	1.450	0.000	0.08404146
1.950	1.450	0.000	0.08497516
2.050	1.450	0.000	0.07903291
2.150	1.450	0.000	0.08164824
2.250	1.450	0.000	0.07041742
2.350	1.450	0.000	0.07199135
2.450	1.450	0.000	0.04944241
-2.450	1.550	0.000	0.05080284
-2.350	1.550	0.000	0.06878841
-2.250	1.550	0.000	0.07033225
-2.150	1.550	0.000	0.08152577
-2.050	1.550	0.000	0.07806930
-1.950	1.550	0.000	0.08602840
-1.850	1.550	0.000	0.07999659
-1.750	1.550	0.000	0.07745425
-1.650	1.550	0.000	0.07137717
-1.550	1.550	0.000	0.06459846
-1.450	1.550	0.000	0.05966502
-1.350	1.550	0.000	0.05032128
-1.250	1.550	0.000	0.04684843
-1.150	1.550	0.000	0.04165232
-1.050	1.550	0.000	0.04139974
-0.950	1.550	0.000	0.03873419
-0.850	1.550	0.000	0.03575122
-0.750	1.550	0.000	0.03334199
-0.650	1.550	0.000	0.02865826
-0.550	1.550	0.000	0.02631543
-0.450	1.550	0.000	0.02717610
-0.350	1.550	0.000	0.03316209
-0.250	1.550	0.000	0.03889640
-0.150	1.550	0.000	0.04898971
-0.050	1.550	0.000	0.05469343
0.050	1.550	0.000	0.05936064
0.150	1.550	0.000	0.05546441
0.250	1.550	0.000	0.04943734
0.350	1.550	0.000	0.04464054
0.450	1.550	0.000	0.04461038
0.550	1.550	0.000	0.05264359
0.650	1.550	0.000	0.06599642
0.750	1.550	0.000	0.07968257
0.850	1.550	0.000	0.09129740
0.950	1.550	0.000	0.10207644
1.050	1.550	0.000	0.10998166
1.150	1.550	0.000	0.11498083
1.250	1.550	0.000	0.11536237
1.350	1.550	0.000	0.11305814
1.450	1.550	0.000	0.10821663
1.550	1.550	0.000	0.10340129
1.650	1.550	0.000	0.09620803
1.750	1.550	0.000	0.09302586
1.850	1.550	0.000	0.08628748
1.950	1.550	0.000	0.08490683
2.050	1.550	0.000	0.07661687
2.150	1.550	0.000	0.07754077
2.250	1.550	0.000	0.06519611
2.350	1.550	0.000	0.06638072
2.450	1.550	0.000	0.04618806
-2.450	1.650	0.000	0.04145288
-2.350	1.650	0.000	0.06225071
-2.250	1.650	0.000	0.06465115
-2.150	1.650	0.000	0.07804403
-2.050	1.650	0.000	0.07529126
-1.950	1.650	0.000	0.08665220
-1.850	1.650	0.000	0.08335215
-1.750	1.650	0.000	0.08422643
-1.650	1.650	0.000	0.08157515
-1.550	1.650	0.000	0.07693435
-1.450	1.650	0.000	0.07173420
-1.350	1.650	0.000	0.06020994
-1.250	1.650	0.000	0.05485626
-1.150	1.650	0.000	0.04597115
-1.050	1.650	0.000	0.04312774
-0.950	1.650	0.000	0.03968131
-0.850	1.650	0.000	0.03895633
-0.750	1.650	0.000	0.03886282
-0.650	1.650	0.000	0.03655048
-0.550	1.650	0.000	0.03451109
-0.450	1.650	0.000	0.03581960
-0.350	1.650	0.000	0.04135027
-0.250	1.650	0.000	0.04623062
-0.150	1.650	0.000	0.05540396
-0.050	1.650	0.000	0.06129194
0.050	1.650	0.000	0.06560303
0.150	1.650	0.000	0.06369638
0.250	1.650	0.000	0.05844305
0.350	1.650	0.000	0.05233111
0.450	1.650	0.000	0.04861579
0.550	1.650	0.000	0.05343112
0.650	1.650	0.000	0.06521627
0.750	1.650	0.000	0.07863059
0.850	1.650	0.000	0.08961286
0.950	1.650	0.000	0.10003641
1.050	1.650	0.000	0.10769331
1.150	1.650	0.000	0.11428063
1.250	1.650	0.000	0.11729724
1.350	1.650	0.000	0.11627503
1.450	1.650	0.000	0.11155444
1.550	1.650	0.000	0.10819767
1.650	1.650	0.000	0.10170272
1.750	1.650	0.000	0.09733587
1.850	1.650	0.000	0.08793823
1.950	1.650	0.000	0.08368652
2.050	1.650	0.000	0.07292405
2.150	1.650	0.000	0.07052916
2.250	1.650	0.000	0.05841531
2.350	1.650	0.000	0.05851651
2.450	1.650	0.000	0.04139502
-2.450	1.750	0.000	0.03480750
-2.350	1.750	0.000	0.05631554
-2.250	1.750	0.000	0.05544734
-2.150	1.750	0.000	0.07188381
-2.050	1.750	0.000	0.06952254
-1.950	1.750	0.000	0.08203043
-1.850	1.750	0.000	0.07976894
-1.750	1.750	0.000	0.08277589
-1.650	1.750	0.000	0.08294713
-1.550	1.750	0.000	0.08151164
-1.450	1.750	0.000	0.07775712
-1.350	1.750	0.000	0.06738339
-1.250	1.750	0.000	0.06202531
-1.150	1.750	0.000	0.05094404
-1.050	1.750	0.000	0.04888450
-0.950	1.750	0.000	0.04664943
-0.850	1.750	0.000	0.04645808
-0.750	1.750	0.000	0.04791434
-0.650	1.750	0.000	0.04708600
-0.550	1.750	0.000	0.04536338
-0.450	1.750	0.000	0.04675533
-0.350	1.750	0.000	0.05069823
-0.250	1.750	0.000	0.05550916
-0.150	1.750	0.000	0.06381991
-0.050	1.750	0.000	0.07056376
0.050	1.750	0.000	0.07525074
0.150	1.750	0.000	0.07503163
0.250	1.750	0.000	0.07057501
0.350	1.750	0.000	0.06205155
0.450	1.750	0.000	0.05660535
0.550	1.750	0.000	0.05798833
0.650	1.750	0.000	0.06682518
0.750	1.750	0.000	0.07898699
0.850	1.750	0.000	0.08846773
0.950	1.750	0.000	0.09780678
1.050	1.750	0.000	0.10498242
1.150	1.750	0.000	0.11131805
1.250	1.750	0.000	0.11414319
1.350	1.750	0.000	0.11422852
1.450	1.750	0.000	0.11074150
1.550	1.750	0.000	0.10661727
1.650	1.750	0.000	0.09937177
1.750	1.750	0.000	0.09514206
1.850	1.750	0.000	0.08612875
1.950	1.750	0.000	0.08259124
2.050	1.750	0.000	0.07232949
2.150	1.750	0.000	0.07042126
2.250	1.750	0.000	0.05817868
2.350	1.750	0.000	0.06011242
2.450	1.750	0.000	0.04589144
-2.450	1.850	0.000	0.02202781
-2.350	1.850	0.000	0.04490942
-2.250	1.850	0.000	0.04343147
-2.150	1.850	0.000	0.06232446
-2.050	1.850	0.000	0.06138378
-1.950	1.850	0.000	0.07509568
-1.850	1.850	0.000	0.07405314
-1.750	1.850	0.000	0.07735432
-1.650	1.850	0.000	0.08045017
-1.550	1.850	0.000	0.08185730
-1.450	1.850	0.000	0.07921295
-1.350	1.850	0.000	0.07008107
-1.250	1.850	0.000	0.06657491
-1.150	1.850	0.000	0.05484478
-1.050	1.850	0.000	0.05396327
-0.950	1.850	0.000	0.05335987
-0.850	1.850	0.000	0.05477484
-0.750	1.850	0.000	0.05804701
-0.650	1.850	0.000	0.05886275
-0.550	1.850	0.000	0.05712166
-0.450	1.850	0.000	0.05773020
-0.350	1.850	0.000	0.06056076
-0.250	1.850	0.000	0.06492035
-0.150	1.850	0.000	0.07271264
-0.050	1.850	0.000	0.07987384
0.050	1.850	0.000	0.08574416
0.150	1.850	0.000	0.08812904
0.250	1.850	0.000	0.08516347
0.350	1.850	0.000	0.07758627
0.450	1.850	0.000	0.07001234
0.550	1.850	0.000	0.06582289
0.650	1.850	0.000	0.06978044
0.750	1.850	0.000	0.07913839
0.850	1.850	0.000	0.08798410
0.950	1.850	0.000	0.09778260
1.050	1.850	0.000	0.10502984
1.150	1.850	0.000	0.11199231
1.250	1.850	0.000	0.11558933
1.350	1.850	0.000	0.11653901
1.450	1.850	0.000	0.11397079
1.550	1.850	0.000	0.11145524
1.650	1.850	0.000	0.10365226
1.750	1.850	0.000	0.09706445
1.850	1.850	0.000	0.08622863
1.950	1.850	0.000	0.08097634
2.050	1.850	0.000	0.07040374
2.150	1.850	0.000	0.06890827
2.250	1.850	0.000	0.05915460
2.350	1.850	0.000	0.05912364
2.450	1.850	0.000	0.04559367
-2.450	1.950	0.000	0.01611630
-2.350	1.950	0.000	0.04007059
-2.250	1.950	0.000	0.03518851
-2.150	1.950	0.000	0.05577257
-2.050	1.950	0.000	0.05373956
-1.950	1.950	0.000	0.06681377
-1.850	1.950	0.000	0.06681827
-1.750	1.950	0.000	0.07004055
-1.650	1.950	0.000	0.07544009
-1.550	1.950	0.000	0.07841787
-1.450	1.950	0.000	0.07740819
-1.350	1.950	0.000	0.06997629
-1.250	1.950	0.000	0.06843431
-1.150	1.950	0.000	0.05893617
-1.050	1.950	0.000	0.05988889
-0.950	1.950	0.000	0.06040967
-0.850	1.950	0.000	0.06335928
-0.750	1.950	0.000	0.06732738
-0.650	1.950	0.000	0.06894418
-0.550	1.950	0.000	0.06657692
-0.450	1.950	0.000	0.06659154
-0.350	1.950	0.000	0.06863042
-0.250	1.950	0.000	0.07279282
-0.150	1.950	0.000	0.08007459
-0.050	1.950	0.000	0.08744805
0.050	1.950	0.000	0.09467870
0.150	1.950	0.000	0.09972508
0.250	1.950	0.000	0.10065562
0.350	1.950	0.000	0.09646674
0.450	1.950	0.000	0.08924447
0.550	1.950	0.000	0.08157070
0.650	1.950	0.000	0.07826145
0.750	1.950	0.000	0.08186219
0.850	1.950	0.000	0.08719818
0.950	1.950	0.000	0.09415451
1.050	1.950	0.000	0.09835532
1.150	1.950	0.000	0.10437933
1.250	1.950	0.000	0.10910031
1.350	1.950	0.000	0.11129422
1.450	1.950	0.000	0.11037186
1.550	1.950	0.000	0.10921843
1.650	1.950	0.000	0.10260031
1.750	1.950	0.000	0.09801746
1.850	1.950	0.000	0.08790944
1.950	1.950	0.000	0.08288218
2.050	1.950	0.000	0.07144283
2.150	1.950	0.000	0.06951061
2.250	1.950	0.000	0.05967644
2.350	1.950	0.000	0.06053026
2.450	1.950	0.000	0.05025250
-2.450	2.050	0.000	0.00072989
-2.350	2.050	0.000	0.02258496
-2.250	2.050	0.000	0.02184130
-2.150	2.050	0.000	0.04166052
-2.050	2.050	0.000	0.03935133
-1.950	2.050	0.000	0.05334964
-1.850	2.050	0.000	0.05585230
-1.750	2.050	0.000	0.06055837
-1.650	2.050	0.000	0.06881006
-1.550	2.050	0.000	0.07344230
-1.450	2.050	0.000	0.07610889
-1.350	2.050	0.000	0.06928901
-1.250	2.050	0.000	0.06934144
-1.150	2.050	0.000	0.06161865
-1.050	2.050	0.000	0.06402463
-0.950	2.050	0.000	0.06646239
-0.850	2.050	0.000	0.06976409
-0.750	2.050	0.000	0.07354796
-0.650	2.050	0.000	0.07561719
-0.550	2.050	0.000	0.07384617
-0.450	2.050	0.000	0.07410322
-0.350	2.050	0.000	0.07542897
-0.250	2.050	0.000	0.07924303
-0.150	2.050	0.000	0.08547861
-0.050	2.050	0.000	0.09306030
0.050	2.050	0.000	0.10137642
0.150	2.050	0.000	0.10912482
0.250	2.050	0.000	0.11403706
0.350	2.050	0.000	0.11489182
0.450	2.050	0.000	0.11071773
0.550	2.050	0.000	0.10233711
0.650	2.050	0.000	0.09385385
0.750	2.050	0.000	0.09148616
0.850	2.050	0.000	0.09406820
0.950	2.050	0.000	0.10087483
1.050	2.050	0.000	0.10530070
1.150	2.050	0.000	0.11132959
1.250	2.050	0.000	0.11892535
1.350	2.050	0.000	0.12264553
1.450	2.050	0.000	0.12078836
1.550	2.050	0.000	0.11720162
1.650	2.050	0.000	0.10741712
1.750	2.050	0.000	0.10068168
1.850	2.050	0.000	0.09004664
1.950	2.050	0.000	0.08487687
2.050	2.050	0.000	0.07486505
2.150	2.050	0.000	0.07365502
2.250	2.050	0.000	0.06428275
2.350	2.050	0.000	0.06404554
2.450	2.050	0.000	0.05369934
-2.450	2.150	0.000	-0.00739831
-2.350	2.150	0.000	0.01705756
-2.250	2.150	0.000	0.01608074
-2.150	2.150	0.000	0.03367576
-2.050	2.150	0.000	0.02855896
-1.950	2.150	0.000	0.04185937
-1.850	2.150	0.000	0.04667971
-1.750	2.150	0.000	0.05188981
-1.650	2.150	0.000	0.06181965
-1.550	2.150	0.000	0.06672351
-1.450	2.150	0.000	0.07073241
-1.350	2.150	0.000	0.06570359
-1.250	2.150	0.000	0.06893654
-1.150	2.150	0.000	0.06352275
-1.050	2.150	0.000	0.06765297
-0.950	2.150	0.000	0.07057593
-0.850	2.150	0.000	0.07490356
-0.750	2.150	0.000	0.07939048
-0.650	2.150	0.000	0.08271443
-0.550	2.150	0.000	0.08110087
-0.450	2.150	0.000	0.08006748
-0.350	2.150	0.000	0.08000178
-0.250	2.150	0.000	0.08311271
-0.150	2.150	0.000	0.08846715
-0.050	2.150	0.000	0.09616578
0.050	2.150	0.000	0.10542378
0.150	2.150	0.000	0.11494020
0.250	2.150	0.000	0.12343448
0.350	2.150	0.000	0.12937248
0.450	2.150	0.000	0.13022111
0.550	2.150	0.000	0.12552318
0.650	2.150	0.000	0.11441877
0.750	2.150	0.000	0.10301102
0.850	2.150	0.000	0.09618895
0.950	2.150	0.000	0.09749895
1.050	2.150	0.000	0.09971786
1.150	2.150	0.000	0.10482595
1.250	2.150	0.000	0.11108965
1.350	2.150	0.000	0.11597776
1.450	2.150	0.000	0.11788192
1.550	2.150	0.000	0.11752424
1.650	2.150	0.000	0.10962795
1.750	2.150	0.000	0.10334415
1.850	2.150	0.000	0.09391309
1.950	2.150	0.000	0.08934399
2.050	2.150	0.000	0.07948507
2.150	2.150	0.000	0.07757139
2.250	2.150	0.000	0.06972872
2.350	2.150	0.000	0.07071987
2.450	2.150	0.000	0.06052171
-2.450	2.250	0.000	-0.02461548
-2.350	2.250	0.000	-0.00549429
-2.250	2.250	0.000	-0.00331958
-2.150	2.250	0.000	0.01238791
-2.050	2.250	0.000	0.01302681
-1.950	2.250	0.000	0.02594000
-1.850	2.250	0.000	0.03541449
-1.750	2.250	0.000	0.04211975
-1.650	2.250	0.000	0.05488594
-1.550	2.250	0.000	0.05944268
-1.450	2.250	0.000	0.06617793
-1.350	2.250	0.000	0.06242869
-1.250	2.250	0.000	0.06804090
-1.150	2.250	0.000	0.06463484
-1.050	2.250	0.000	0.07121195
-0.950	2.250	0.000	0.07619836
-0.850	2.250	0.000	0.08111850
-0.750	2.250	0.000	0.08435041
-0.650	2.250	0.000	0.08600824
-0.550	2.250	0.000	0.08413193
-0.450	2.250	0.000	0.08267312
-0.350	2.250	0.000	0.08187124
-0.250	2.250	0.000	0.08498735
-0.150	2.250	0.000	0.08955767
-0.050	2.250	0.000	0.09720165
0.050	2.250	0.000	0.10709036
0.150	2.250	0.000	0.11819728
0.250	2.250	0.000	0.12927355
0.350	2.250	0.000	0.13987416
0.450	2.250	0.000	0.14709722
0.550	2.250	0.000	0.14836462
0.650	2.250	0.000	0.14177601
0.750	2.250	0.000	0.12979993
0.850	2.250	0.000	0.11887158
0.950	2.250	0.000	0.11708952
1.050	2.250	0.000	0.12045465
1.150	2.250	0.000	0.12627749
1.250	2.250	0.000	0.13099980
1.350	2.250	0.000	0.13126208
1.450	2.250	0.000	0.12713943
1.550	2.250	0.000	0.12269072
1.650	2.250	0.000	0.11361708
1.750	2.250	0.000	0.10606887
1.850	2.250	0.000	0.09683105
1.950	2.250	0.000	0.09178589
2.050	2.250	0.000	0.08291773
2.150	2.250	0.000	0.08130088
2.250	2.250	0.000	0.07301538
2.350	2.250	0.000	0.07325295
2.450	2.250	0.000	0.06363921
-2.450	2.350	0.000	-0.03001269
-2.350	2.350	0.000	-0.01286246
-2.250	2.350	0.000	-0.01374226
-2.150	2.350	0.000	0.00097576
-2.050	2.350	0.000	0.00372834
-1.950	2.350	0.000	0.01395586
-1.850	2.350	0.000	0.02717482
-1.750	2.350	0.000	0.03491974
-1.650	2.350	0.000	0.04809341
-1.550	2.350	0.000	0.05087527
-1.450	2.350	0.000	0.06063033
-1.350	2.350	0.000	0.05837065
-1.250	2.350	0.000	0.06553891
-1.150	2.350	0.000	0.06382095
-1.050	2.350	0.000	0.07191641
-0.950	2.350	0.000	0.07873134
-0.850	2.350	0.000	0.08443948
-0.750	2.350	0.000	0.08798874
-0.650	2.350	0.000	0.08969402
-0.550	2.350	0.000	0.08759735
-0.450	2.350	0.000	0.08532873
-0.350	2.350	0.000	0.08350933
-0.250	2.350	0.000	0.08645348
-0.150	2.350	0.000	0.09037153
-0.050	2.350	0.000	0.09813045
0.050	2.350	0.000	0.10870194
0.150	2.350	0.000	0.12110058
0.250	2.350	0.000	0.13406108
0.350	2.350	0.000	0.14755814
0.450	2.350	0.000	0.15848924
0.550	2.350	0.000	0.16525550
0.650	2.350	0.000	0.16326985
0.750	2.350	0.000	0.15357102
0.850	2.350	0.000	0.13683005
0.950	2.350	0.000	0.12361255
1.050	2.350	0.000	0.11744447
1.150	2.350	0.000	0.12399355
1.250	2.350	0.000	0.13343821
1.350	2.350	0.000	0.13694640
1.450	2.350	0.000	0.13482936
1.550	2.350	0.000	0.13061769
1.650	2.350	0.000	0.12173577
1.750	2.350	0.000	0.11417480
1.850	2.350	0.000	0.10593960
1.950	2.350	0.000	0.10191912
2.050	2.350	0.000	0.09434151
2.150	2.350	0.000	0.09203910
2.250	2.350	0.000	0.08350507
2.350	2.350	0.000	0.08297808
2.450	2.350	0.000	0.07242835
-2.450	2.450	0.000	-0.05653100
-2.350	2.450	0.000	-0.03998286
-2.250	2.450	0.000	-0.03788586
-2.150	2.450	0.000	-0.02279500
-2.050	2.450	0.000	-0.01329343
-1.950	2.450	0.000	-0.00222282
-1.850	2.450	0.000	0.01753273
-1.750	2.450	0.000	0.02465031
-1.650	2.450	0.000	0.04023928
-1.550	2.450	0.000	0.04363450
-1.450	2.450	0.000	0.05619403
-1.350	2.450	0.000	0.05538039
-1.250	2.450	0.000	0.06524082
-1.150	2.450	0.000	0.06585752
-1.050	2.450	0.000	0.07558732
-0.950	2.450	0.000	0.08385062
-0.850	2.450	0.000	0.09052861
-0.750	2.450	0.000	0.09351593
-0.650	2.450	0.000	0.09420931
-0.550	2.450	0.000	0.09146339
-0.450	2.450	0.000	0.08804205
-0.350	2.450	0.000	0.08546286
-0.250	2.450	0.000	0.08772241
-0.150	2.450	0.000	0.09068419
-0.050	2.450	0.000	0.09823265
0.050	2.450	0.000	0.10878117
0.150	2.450	0.000	0.12166289
0.250	2.450	0.000	0.13566718
0.350	2.450	0.000	0.15077721
0.450	2.450	0.000	0.16499285
0.550	2.450	0.000	0.17704099
0.650	2.450	0.000	0.18534596
0.750	2.450	0.000	0.18644716
0.850	2.450	0.000	0.18077263
0.950	2.450	0.000	0.16833599
1.050	2.450	0.000	0.15338865
1.150	2.450	0.000	0.13994558
1.250	2.450	0.000	0.13320054
1.350	2.450	0.000	0.13177723
1.450	2.450	0.000	0.13152838
1.550	2.450	0.000	0.12992680
1.650	2.450	0.000	0.12380543
1.750	2.450	0.000	0.11758867
1.850	2.450	0.000	0.11116506
1.950	2.450	0.000	0.10784864
2.050	2.450	0.000	0.10185921
2.150	2.450	0.000	0.10043033
2.250	2.450	0.000	0.09464911
2.350	2.450	0.000	0.09428450
2.450	2.450	0.000	0.08608682
