-2.450	-2.450	0.000	-0.00456821
-2.350	-2.450	0.000	-0.00283211
-2.250	-2.450	0.000	-0.00344195
-2.150	-2.450	0.000	0.00437496
-2.050	-2.450	0.000	0.00683180
-1.950	-2.450	0.000	0.01922790
-1.850	-2.450	0.000	0.02434056
-1.750	-2.450	0.000	0.04776998
-1.650	-2.450	0.000	0.04984770
-1.550	-2.450	0.000	0.06707410
-1.450	-2.450	0.000	0.07509309
-1.350	-2.450	0.000	0.08127155
-1.250	-2.450	0.000	0.08930255
-1.150	-2.450	0.000	0.10677627
-1.050	-2.450	0.000	0.10584226
-0.950	-2.450	0.000	0.11525424
-0.850	-2.450	0.000	0.11444829
-0.750	-2.450	0.000	0.10887743
-0.650	-2.450	0.000	0.09469596
-0.550	-2.450	0.000	0.09045889
-0.450	-2.450	0.000	0.08784083
-0.350	-2.450	0.000	0.09280621
-0.250	-2.450	0.000	0.09811551
-0.150	-2.450	0.000	0.09690385
-0.050	-2.450	0.000	0.08867260
0.050	-2.450	0.000	0.07786712
0.150	-2.450	0.000	0.07612704
0.250	-2.450	0.000	0.07569591
0.350	-2.450	0.000	0.06970876
0.450	-2.450	0.000	0.05759761
0.550	-2.450	0.000	0.06298295
0.650	-2.450	0.000	0.08827063
0.750	-2.450	0.000	0.10761113
0.850	-2.450	0.000	0.08566629
0.950	-2.450	0.000	0.01377480
1.050	-2.450	0.000	-0.05759555
1.150	-2.450	0.000	-0.09341191
1.250	-2.450	0.000	-0.10458581
1.350	-2.450	0.000	-0.10055988
1.450	-2.450	0.000	-0.09287236
1.550	-2.450	0.000	-0.07894782
1.650	-2.450	0.000	-0.05938390
1.750	-2.450	0.000	-0.04817409
1.850	-2.450	0.000	-0.02214239
1.950	-2.450	0.000	-0.01670013
2.050	-2.450	0.000	0.01211860
2.150	-2.450	0.000	0.01914098
2.250	-2.450	0.000	0.05030242
2.350	-2.450	0.000	0.05381813
2.450	-2.450	0.000	0.08880476
-2.450	-2.350	0.000	0.00091138
-2.350	-2.350	0.000	0.00335565
-2.250	-2.350	0.000	0.00171605
-2.150	-2.350	0.000	0.00976586
-2.050	-2.350	0.000	0.01153998
-1.950	-2.350	0.000	0.02274170
-1.850	-2.350	0.000	0.02738151
-1.750	-2.350	0.000	0.05003057
-1.650	-2.350	0.000	0.05138713
-1.550	-2.350	0.000	0.06786226
-1.450	-2.350	0.000	0.07697705
-1.350	-2.350	0.000	0.08380182
-1.250	-2.350	0.000	0.09088138
-1.150	-2.350	0.000	0.10836630
-1.050	-2.350	0.000	0.10740748
-0.950	-2.350	0.000	0.11773235
-0.850	-2.350	0.000	0.11645524
-0.750	-2.350	0.000	0.11369096
-0.650	-2.350	0.000	0.10584675
-0.550	-2.350	0.000	0.10547676
-0.450	-2.350	0.000	0.11233799
-0.350	-2.350	0.000	0.12454196
-0.250	-2.350	0.000	0.13470346
-0.150	-2.350	0.000	0.13365144
-0.050	-2.350	0.000	0.11916526
0.050	-2.350	0.000	0.09875563
0.150	-2.350	0.000	0.08874805
0.250	-2.350	0.000	0.08341642
0.350	-2.350	0.000	0.07294655
0.450	-2.350	0.000	0.05776056
0.550	-2.350	0.000	0.05971852
0.650	-2.350	0.000	0.08078500
0.750	-2.350	0.000	0.09516402
0.850	-2.350	0.000	0.06746561
0.950	-2.350	0.000	-0.00875707
1.050	-2.350	0.000	-0.08065954
1.150	-2.350	0.000	-0.11578121
1.250	-2.350	0.000	-0.12539351
1.350	-2.350	0.000	-0.12136713
1.450	-2.350	0.000	-0.10984619
1.550	-2.350	0.000	-0.09469397
1.650	-2.350	0.000	-0.07212280
1.750	-2.350	0.000	-0.05854984
1.850	-2.350	0.000	-0.03014034
1.950	-2.350	0.000	-0.02440250
2.050	-2.350	0.000	0.00591001
2.150	-2.350	0.000	0.01291338
2.250	-2.350	0.000	0.04475284
2.350	-2.350	0.000	0.04829872
2.450	-2.350	0.000	0.08167759
-2.450	-2.250	0.000	0.00527542
-2.350	-2.250	0.000	0.00832591
-2.250	-2.250	0.000	0.00638113
-2.150	-2.250	0.000	0.01497789
-2.050	-2.250	0.000	0.01656411
-1.950	-2.250	0.000	0.02746299
-1.850	-2.250	0.000	0.03147772
-1.750	-2.250	0.000	0.05354970
-1.650	-2.250	0.000	0.05424850
-1.550	-2.250	0.000	0.07029649
-1.450	-2.250	0.000	0.07950653
-1.350	-2.250	0.000	0.08727017
-1.250	-2.250	0.000	0.09322742
-1.150	-2.250	0.000	0.11123492
-1.050	-2.250	0.000	0.10932974
-0.950	-2.250	0.000	0.11899956
-0.850	-2.250	0.000	0.11690021
-0.750	-2.250	0.000	0.11364952
-0.650	-2.250	0.000	0.10529877
-0.550	-2.250	0.000	0.10392921
-0.450	-2.250	0.000	0.11066350
-0.350	-2.250	0.000	0.12315089
-0.250	-2.250	0.000	0.13611841
-0.150	-2.250	0.000	0.14269860
-0.050	-2.250	0.000	0.14069125
0.050	-2.250	0.000	0.12703921
0.150	-2.250	0.000	0.11285172
0.250	-2.250	0.000	0.09890465
0.350	-2.250	0.000	0.07915585
0.450	-2.250	0.000	0.05718323
0.550	-2.250	0.000	0.05594049
0.650	-2.250	0.000	0.07384188
0.750	-2.250	0.000	0.08631490
0.850	-2.250	0.000	0.05763018
0.950	-2.250	0.000	-0.01736653
1.050	-2.250	0.000	-0.08475930
1.150	-2.250	0.000	-0.11656902
1.250	-2.250	0.000	-0.12461616
1.350	-2.250	0.000	-0.11870053
1.450	-2.250	0.000	-0.10661685
1.550	-2.250	0.000	-0.09182021
1.650	-2.250	0.000	-0.07007205
1.750	-2.250	0.000	-0.05799854
1.850	-2.250	0.000	-0.03011684
1.950	-2.250	0.000	-0.02434765
2.050	-2.250	0.000	0.00504032
2.150	-2.250	0.000	0.01056456
2.250	-2.250	0.000	0.04147429
2.350	-2.250	0.000	0.04393572
2.450	-2.250	0.000	0.07662326
-2.450	-2.150	0.000	0.00885093
-2.350	-2.150	0.000	0.01217129
-2.250	-2.150	0.000	0.01026332
-2.150	-2.150	0.000	0.01892660
-2.050	-2.150	0.000	0.02047409
-1.950	-2.150	0.000	0.03101107
-1.850	-2.150	0.000	0.03455659
-1.750	-2.150	0.000	0.05609764
-1.650	-2.150	0.000	0.05600830
-1.550	-2.150	0.000	0.07162447
-1.450	-2.150	0.000	0.08029861
-1.350	-2.150	0.000	0.08925816
-1.250	-2.150	0.000	0.09476444
-1.150	-2.150	0.000	0.11267390
-1.050	-2.150	0.000	0.11135708
-0.950	-2.150	0.000	0.11977781
-0.850	-2.150	0.000	0.11822333
-0.750	-2.150	0.000	0.11468085
-0.650	-2.150	0.000	0.10701291
-0.550	-2.150	0.000	0.10502911
-0.450	-2.150	0.000	0.11262919
-0.350	-2.150	0.000	0.12499037
-0.250	-2.150	0.000	0.13759656
-0.150	-2.150	0.000	0.14725903
-0.050	-2.150	0.000	0.15113205
0.050	-2.150	0.000	0.14815149
0.150	-2.150	0.000	0.14174141
0.250	-2.150	0.000	0.12938693
0.350	-2.150	0.000	0.10328449
0.450	-2.150	0.000	0.06763144
0.550	-2.150	0.000	0.05399357
0.650	-2.150	0.000	0.06453522
0.750	-2.150	0.000	0.07112933
0.850	-2.150	0.000	0.03707869
0.950	-2.150	0.000	-0.03732488
1.050	-2.150	0.000	-0.10018481
1.150	-2.150	0.000	-0.12898895
1.250	-2.150	0.000	-0.13528433
1.350	-2.150	0.000	-0.12862568
1.450	-2.150	0.000	-0.11551183
1.550	-2.150	0.000	-0.10039343
1.650	-2.150	0.000	-0.07757000
1.750	-2.150	0.000	-0.06479487
1.850	-2.150	0.000	-0.03598094
1.950	-2.150	0.000	-0.03022829
2.050	-2.150	0.000	0.00009063
2.150	-2.150	0.000	0.00518119
2.250	-2.150	0.000	0.03596198
2.350	-2.150	0.000	0.03850647
2.450	-2.150	0.000	0.07082788
-2.450	-2.050	0.000	0.01219427
-2.350	-2.050	0.000	0.01590871
-2.250	-2.050	0.000	0.01432609
-2.150	-2.050	0.000	0.02305106
-2.050	-2.050	0.000	0.02437766
-1.950	-2.050	0.000	0.03478619
-1.850	-2.050	0.000	0.03847608
-1.750	-2.050	0.000	0.05901112
-1.650	-2.050	0.000	0.05847354
-1.550	-2.050	0.000	0.07351454
-1.450	-2.050	0.000	0.08065425
-1.350	-2.050	0.000	0.09073696
-1.250	-2.050	0.000	0.09559523
-1.150	-2.050	0.000	0.11264165
-1.050	-2.050	0.000	0.11246468
-0.950	-2.050	0.000	0.11911171
-0.850	-2.050	0.000	0.11824766
-0.750	-2.050	0.000	0.11332217
-0.650	-2.050	0.000	0.10511134
-0.550	-2.050	0.000	0.10160006
-0.450	-2.050	0.000	0.10826873
-0.350	-2.050	0.000	0.11911074
-0.250	-2.050	0.000	0.12793528
-0.150	-2.050	0.000	0.13220952
-0.050	-2.050	0.000	0.13436463
0.050	-2.050	0.000	0.13677591
0.150	-2.050	0.000	0.14211917
0.250	-2.050	0.000	0.14622733
0.350	-2.050	0.000	0.13725641
0.450	-2.050	0.000	0.10363692
0.550	-2.050	0.000	0.07554677
0.650	-2.050	0.000	0.07248157
0.750	-2.050	0.000	0.07183660
0.850	-2.050	0.000	0.03561844
0.950	-2.050	0.000	-0.04080264
1.050	-2.050	0.000	-0.10229611
1.150	-2.050	0.000	-0.12943894
1.250	-2.050	0.000	-0.13518772
1.350	-2.050	0.000	-0.12816103
1.450	-2.050	0.000	-0.11330985
1.550	-2.050	0.000	-0.09687889
1.650	-2.050	0.000	-0.07323436
1.750	-2.050	0.000	-0.06029200
1.850	-2.050	0.000	-0.03200919
1.950	-2.050	0.000	-0.02712847
2.050	-2.050	0.000	0.00172573
2.150	-2.050	0.000	0.00628902
2.250	-2.050	0.000	0.03543779
2.350	-2.050	0.000	0.03743438
2.450	-2.050	0.000	0.06928362
-2.450	-1.950	0.000	0.01486357
-2.350	-1.950	0.000	0.01898719
-2.250	-1.950	0.000	0.01798831
-2.150	-1.950	0.000	0.02685374
-2.050	-1.950	0.000	0.02779482
-1.950	-1.950	0.000	0.03785602
-1.850	-1.950	0.000	0.04178678
-1.750	-1.950	0.000	0.06183567
-1.650	-1.950	0.000	0.06137692
-1.550	-1.950	0.000	0.07640067
-1.450	-1.950	0.000	0.08210959
-1.350	-1.950	0.000	0.09347823
-1.250	-1.950	0.000	0.09769303
-1.150	-1.950	0.000	0.11397727
-1.050	-1.950	0.000	0.11440468
-0.950	-1.950	0.000	0.12082536
-0.850	-1.950	0.000	0.11925882
-0.750	-1.950	0.000	0.11360009
-0.650	-1.950	0.000	0.10503751
-0.550	-1.950	0.000	0.10009304
-0.450	-1.950	0.000	0.10464044
-0.350	-1.950	0.000	0.11471424
-0.250	-1.950	0.000	0.12350489
-0.150	-1.950	0.000	0.12648839
-0.050	-1.950	0.000	0.12541927
0.050	-1.950	0.000	0.12559278
0.150	-1.950	0.000	0.13270721
0.250	-1.950	0.000	0.14409746
0.350	-1.950	0.000	0.14862932
0.450	-1.950	0.000	0.13968457
0.550	-1.950	0.000	0.12123398
0.650	-1.950	0.000	0.10310528
0.750	-1.950	0.000	0.07995176
0.850	-1.950	0.000	0.02509882
0.950	-1.950	0.000	-0.05361181
1.050	-1.950	0.000	-0.11113799
1.150	-1.950	0.000	-0.13469136
1.250	-1.950	0.000	-0.13765685
1.350	-1.950	0.000	-0.13011925
1.450	-1.950	0.000	-0.11565368
1.550	-1.950	0.000	-0.10038643
1.650	-1.950	0.000	-0.07805873
1.750	-1.950	0.000	-0.06622835
1.850	-1.950	0.000	-0.03825170
1.950	-1.950	0.000	-0.03291984
2.050	-1.950	0.000	-0.00307220
2.150	-1.950	0.000	0.00145702
2.250	-1.950	0.000	0.03121020
2.350	-1.950	0.000	0.03330155
2.450	-1.950	0.000	0.06480676
-2.450	-1.850	0.000	0.01714424
-2.350	-1.850	0.000	0.02170716
-2.250	-1.850	0.000	0.02120920
-2.150	-1.850	0.000	0.03041889
-2.050	-1.850	0.000	0.03099779
-1.950	-1.850	0.000	0.04112655
-1.850	-1.850	0.000	0.04546127
-1.750	-1.850	0.000	0.06509687
-1.650	-1.850	0.000	0.06470589
-1.550	-1.850	0.000	0.07871716
-1.450	-1.850	0.000	0.08328319
-1.350	-1.850	0.000	0.09518230
-1.250	-1.850	0.000	0.09828744
-1.150	-1.850	0.000	0.11420532
-1.050	-1.850	0.000	0.11469934
-0.950	-1.850	0.000	0.12065214
-0.850	-1.850	0.000	0.11885312
-0.750	-1.850	0.000	0.11187495
-0.650	-1.850	0.000	0.10155502
-0.550	-1.850	0.000	0.09537245
-0.450	-1.850	0.000	0.09761081
-0.350	-1.850	0.000	0.10593518
-0.250	-1.850	0.000	0.11395221
-0.150	-1.850	0.000	0.11824016
-0.050	-1.850	0.000	0.11533273
0.050	-1.850	0.000	0.11097765
0.150	-1.850	0.000	0.11247338
0.250	-1.850	0.000	0.12260384
0.350	-1.850	0.000	0.13266516
0.450	-1.850	0.000	0.13738486
0.550	-1.850	0.000	0.14598081
0.650	-1.850	0.000	0.15544154
0.750	-1.850	0.000	0.13462652
0.850	-1.850	0.000	0.05811535
0.950	-1.850	0.000	-0.04396597
1.050	-1.850	0.000	-0.10982090
1.150	-1.850	0.000	-0.13380192
1.250	-1.850	0.000	-0.13520950
1.350	-1.850	0.000	-0.12738404
1.450	-1.850	0.000	-0.11207413
1.550	-1.850	0.000	-0.09678103
1.650	-1.850	0.000	-0.07420625
1.750	-1.850	0.000	-0.06189492
1.850	-1.850	0.000	-0.03381197
1.950	-1.850	0.000	-0.02785618
2.050	-1.850	0.000	0.00064388
2.150	-1.850	0.000	0.00494476
2.250	-1.850	0.000	0.03298453
2.350	-1.850	0.000	0.03515252
2.450	-1.850	0.000	0.06458979
-2.450	-1.750	0.000	0.01945667
-2.350	-1.750	0.000	0.02449697
-2.250	-1.750	0.000	0.02449729
-2.150	-1.750	0.000	0.03405049
-2.050	-1.750	0.000	0.03400405
-1.950	-1.750	0.000	0.04423852
-1.850	-1.750	0.000	0.04885592
-1.750	-1.750	0.000	0.06856240
-1.650	-1.750	0.000	0.06874361
-1.550	-1.750	0.000	0.08179148
-1.450	-1.750	0.000	0.08608918
-1.350	-1.750	0.000	0.09837795
-1.250	-1.750	0.000	0.10012478
-1.150	-1.750	0.000	0.11524580
-1.050	-1.750	0.000	0.11585766
-0.950	-1.750	0.000	0.12167809
-0.850	-1.750	0.000	0.11852831
-0.750	-1.750	0.000	0.11041343
-0.650	-1.750	0.000	0.09785876
-0.550	-1.750	0.000	0.08930364
-0.450	-1.750	0.000	0.08950749
-0.350	-1.750	0.000	0.09670784
-0.250	-1.750	0.000	0.10537748
-0.150	-1.750	0.000	0.11087918
-0.050	-1.750	0.000	0.10993847
0.050	-1.750	0.000	0.10743333
0.150	-1.750	0.000	0.10764339
0.250	-1.750	0.000	0.11236578
0.350	-1.750	0.000	0.11869021
0.450	-1.750	0.000	0.12400565
0.550	-1.750	0.000	0.14476731
0.650	-1.750	0.000	0.18063104
0.750	-1.750	0.000	0.18857253
0.850	-1.750	0.000	0.12217633
0.950	-1.750	0.000	-0.01878748
1.050	-1.750	0.000	-0.10946632
1.150	-1.750	0.000	-0.13472880
1.250	-1.750	0.000	-0.13661322
1.350	-1.750	0.000	-0.12878177
1.450	-1.750	0.000	-0.11262282
1.550	-1.750	0.000	-0.09655721
1.650	-1.750	0.000	-0.07436031
1.750	-1.750	0.000	-0.06236558
1.850	-1.750	0.000	-0.03514310
1.950	-1.750	0.000	-0.02955186
2.050	-1.750	0.000	-0.00130445
2.150	-1.750	0.000	0.00251390
2.250	-1.750	0.000	0.03018550
2.350	-1.750	0.000	0.03226757
2.450	-1.750	0.000	0.06159954
-2.450	-1.650	0.000	0.02077375
-2.350	-1.650	0.000	0.02723076
-2.250	-1.650	0.000	0.02774107
-2.150	-1.650	0.000	0.03773373
-2.050	-1.650	0.000	0.03761104
-1.950	-1.650	0.000	0.04817741
-1.850	-1.650	0.000	0.05314767
-1.750	-1.650	0.000	0.07269391
-1.650	-1.650	0.000	0.07310116
-1.550	-1.650	0.000	0.08468946
-1.450	-1.650	0.000	0.08902475
-1.350	-1.650	0.000	0.10110555
-1.250	-1.650	0.000	0.10147891
-1.150	-1.650	0.000	0.11559487
-1.050	-1.650	0.000	0.11549708
-0.950	-1.650	0.000	0.12066830
-0.850	-1.650	0.000	0.11657099
-0.750	-1.650	0.000	0.10653239
-0.650	-1.650	0.000	0.09174438
-0.550	-1.650	0.000	0.07946750
-0.450	-1.650	0.000	0.07844333
-0.350	-1.650	0.000	0.08592879
-0.250	-1.650	0.000	0.09499736
-0.150	-1.650	0.000	0.10225519
-0.050	-1.650	0.000	0.10468610
0.050	-1.650	0.000	0.10354403
0.150	-1.650	0.000	0.10272563
0.250	-1.650	0.000	0.10494334
0.350	-1.650	0.000	0.10648987
0.450	-1.650	0.000	0.10614646
0.550	-1.650	0.000	0.12554377
0.650	-1.650	0.000	0.17665434
0.750	-1.650	0.000	0.21319622
0.850	-1.650	0.000	0.18918648
0.950	-1.650	0.000	0.06150135
1.050	-1.650	0.000	-0.07615506
1.150	-1.650	0.000	-0.12412688
1.250	-1.650	0.000	-0.12962501
1.350	-1.650	0.000	-0.12322631
1.450	-1.650	0.000	-0.10802003
1.550	-1.650	0.000	-0.09195086
1.650	-1.650	0.000	-0.06951642
1.750	-1.650	0.000	-0.05634359
1.850	-1.650	0.000	-0.02973013
1.950	-1.650	0.000	-0.02310931
2.050	-1.650	0.000	0.00383153
2.150	-1.650	0.000	0.00817634
2.250	-1.650	0.000	0.03417427
2.350	-1.650	0.000	0.03593113
2.450	-1.650	0.000	0.06360938
-2.450	-1.550	0.000	0.02131507
-2.350	-1.550	0.000	0.02943111
-2.250	-1.550	0.000	0.03087646
-2.150	-1.550	0.000	0.04207333
-2.050	-1.550	0.000	0.04238715
-1.950	-1.550	0.000	0.05326308
-1.850	-1.550	0.000	0.05772018
-1.750	-1.550	0.000	0.07873590
-1.650	-1.550	0.000	0.07974041
-1.550	-1.550	0.000	0.08874571
-1.450	-1.550	0.000	0.09352864
-1.350	-1.550	0.000	0.10471360
-1.250	-1.550	0.000	0.10345614
-1.150	-1.550	0.000	0.11656388
-1.050	-1.550	0.000	0.11547936
-0.950	-1.550	0.000	0.11917145
-0.850	-1.550	0.000	0.11396877
-0.750	-1.550	0.000	0.10085156
-0.650	-1.550	0.000	0.08374702
-0.550	-1.550	0.000	0.06905754
-0.450	-1.550	0.000	0.06793040
-0.350	-1.550	0.000	0.07652526
-0.250	-1.550	0.000	0.08695314
-0.150	-1.550	0.000	0.09745890
-0.050	-1.550	0.000	0.10213524
0.050	-1.550	0.000	0.09996299
0.150	-1.550	0.000	0.09889923
0.250	-1.550	0.000	0.10318473
0.350	-1.550	0.000	0.10587681
0.450	-1.550	0.000	0.10503643
0.550	-1.550	0.000	0.11484018
0.650	-1.550	0.000	0.16329175
0.750	-1.550	0.000	0.21632470
0.850	-1.550	0.000	0.22196114
0.950	-1.550	0.000	0.14459451
1.050	-1.550	0.000	-0.01460164
1.150	-1.550	0.000	-0.10418124
1.250	-1.550	0.000	-0.12024929
1.350	-1.550	0.000	-0.11555757
1.450	-1.550	0.000	-0.10128748
1.550	-1.550	0.000	-0.08715516
1.650	-1.550	0.000	-0.06689253
1.750	-1.550	0.000	-0.05606361
1.850	-1.550	0.000	-0.03049068
1.950	-1.550	0.000	-0.02377590
2.050	-1.550	0.000	0.00285472
2.150	-1.550	0.000	0.00763626
2.250	-1.550	0.000	0.03320433
2.350	-1.550	0.000	0.03523339
2.450	-1.550	0.000	0.06203017
-2.450	-1.450	0.000	0.02149097
-2.350	-1.450	0.000	0.03111659
-2.250	-1.450	0.000	0.03355604
-2.150	-1.450	0.000	0.04689622
-2.050	-1.450	0.000	0.04747488
-1.950	-1.450	0.000	0.05850721
-1.850	-1.450	0.000	0.06284652
-1.750	-1.450	0.000	0.08438971
-1.650	-1.450	0.000	0.08582612
-1.550	-1.450	0.000	0.09341523
-1.450	-1.450	0.000	0.09911765
-1.350	-1.450	0.000	0.10939235
-1.250	-1.450	0.000	0.10539548
-1.150	-1.450	0.000	0.11708251
-1.050	-1.450	0.000	0.11512595
-0.950	-1.450	0.000	0.11630779
-0.850	-1.450	0.000	0.10986896
-0.750	-1.450	0.000	0.09352252
-0.650	-1.450	0.000	0.07412383
-0.550	-1.450	0.000	0.05851351
-0.450	-1.450	0.000	0.05865218
-0.350	-1.450	0.000	0.06984494
-0.250	-1.450	0.000	0.08170424
-0.150	-1.450	0.000	0.09182522
-0.050	-1.450	0.000	0.09518132
0.050	-1.450	0.000	0.09284496
0.150	-1.450	0.000	0.09388366
0.250	-1.450	0.000	0.10025270
0.350	-1.450	0.000	0.10583287
0.450	-1.450	0.000	0.10728767
0.550	-1.450	0.000	0.11191958
0.650	-1.450	0.000	0.14403236
0.750	-1.450	0.000	0.19699925
0.850	-1.450	0.000	0.22122946
0.950	-1.450	0.000	0.18563744
1.050	-1.450	0.000	0.06188526
1.150	-1.450	0.000	-0.05892056
1.250	-1.450	0.000	-0.10035142
1.350	-1.450	0.000	-0.10446734
1.450	-1.450	0.000	-0.09502137
1.550	-1.450	0.000	-0.08129503
1.650	-1.450	0.000	-0.06110512
1.750	-1.450	0.000	-0.04847748
1.850	-1.450	0.000	-0.02433228
1.950	-1.450	0.000	-0.01674126
2.050	-1.450	0.000	0.00871493
2.150	-1.450	0.000	0.01363234
2.250	-1.450	0.000	0.03832755
2.350	-1.450	0.000	0.03988394
2.450	-1.450	0.000	0.06501929
-2.450	-1.350	0.000	0.02185469
-2.350	-1.350	0.000	0.03296828
-2.250	-1.350	0.000	0.03603270
-2.150	-1.350	0.000	0.05172072
-2.050	-1.350	0.000	0.05305887
-1.950	-1.350	0.000	0.06449118
-1.850	-1.350	0.000	0.06823569
-1.750	-1.350	0.000	0.09000733
-1.650	-1.350	0.000	0.09233160
-1.550	-1.350	0.000	0.09895764
-1.450	-1.350	0.000	0.10552160
-1.350	-1.350	0.000	0.11494315
-1.250	-1.350	0.000	0.10869646
-1.150	-1.350	0.000	0.11836834
-1.050	-1.350	0.000	0.11540905
-0.950	-1.350	0.000	0.11341488
-0.850	-1.350	0.000	0.10499380
-0.750	-1.350	0.000	0.08610450
-0.650	-1.350	0.000	0.06531820
-0.550	-1.350	0.000	0.05076373
-0.450	-1.350	0.000	0.05202284
-0.350	-1.350	0.000	0.06464900
-0.250	-1.350	0.000	0.07903695
-0.150	-1.350	0.000	0.08624778
-0.050	-1.350	0.000	0.08826476
0.050	-1.350	0.000	0.08794601
0.150	-1.350	0.000	0.09004204
0.250	-1.350	0.000	0.09605612
0.350	-1.350	0.000	0.10367490
0.450	-1.350	0.000	0.10902299
0.550	-1.350	0.000	0.11427199
0.650	-1.350	0.000	0.13430279
0.750	-1.350	0.000	0.17624651
0.850	-1.350	0.000	0.20745361
0.950	-1.350	0.000	0.19736917
1.050	-1.350	0.000	0.12064368
1.150	-1.350	0.000	0.00487170
1.250	-1.350	0.000	-0.06223831
1.350	-1.350	0.000	-0.08159887
1.450	-1.350	0.000	-0.07918359
1.550	-1.350	0.000	-0.07063519
1.650	-1.350	0.000	-0.05376208
1.750	-1.350	0.000	-0.04370135
1.850	-1.350	0.000	-0.02052923
1.950	-1.350	0.000	-0.01289800
2.050	-1.350	0.000	0.01115062
2.150	-1.350	0.000	0.01758771
2.250	-1.350	0.000	0.04116845
2.350	-1.350	0.000	0.04382322
2.450	-1.350	0.000	0.06715837
-2.450	-1.250	0.000	0.02275023
-2.350	-1.250	0.000	0.03540577
-2.250	-1.250	0.000	0.03828125
-2.150	-1.250	0.000	0.05588122
-2.050	-1.250	0.000	0.05799156
-1.950	-1.250	0.000	0.07008030
-1.850	-1.250	0.000	0.07354060
-1.750	-1.250	0.000	0.09452589
-1.650	-1.250	0.000	0.09808391
-1.550	-1.250	0.000	0.10459903
-1.450	-1.250	0.000	0.11133308
-1.350	-1.250	0.000	0.12036421
-1.250	-1.250	0.000	0.11262608
-1.150	-1.250	0.000	0.11987654
-1.050	-1.250	0.000	0.11600092
-0.950	-1.250	0.000	0.11040293
-0.850	-1.250	0.000	0.09987216
-0.750	-1.250	0.000	0.07970949
-0.650	-1.250	0.000	0.05952951
-0.550	-1.250	0.000	0.04814327
-0.450	-1.250	0.000	0.05047605
-0.350	-1.250	0.000	0.06281248
-0.250	-1.250	0.000	0.07662924
-0.150	-1.250	0.000	0.08329782
-0.050	-1.250	0.000	0.08447398
0.050	-1.250	0.000	0.08427583
0.150	-1.250	0.000	0.08719783
0.250	-1.250	0.000	0.09189341
0.350	-1.250	0.000	0.09723590
0.450	-1.250	0.000	0.10269070
0.550	-1.250	0.000	0.11008267
0.650	-1.250	0.000	0.12777904
0.750	-1.250	0.000	0.15913218
0.850	-1.250	0.000	0.18620928
0.950	-1.250	0.000	0.18635628
1.050	-1.250	0.000	0.13975090
1.150	-1.250	0.000	0.05066461
1.250	-1.250	0.000	-0.01862430
1.350	-1.250	0.000	-0.05181677
1.450	-1.250	0.000	-0.05972527
1.550	-1.250	0.000	-0.05592946
1.650	-1.250	0.000	-0.04360630
1.750	-1.250	0.000	-0.03432487
1.850	-1.250	0.000	-0.01310724
1.950	-1.250	0.000	-0.00540492
2.050	-1.250	0.000	0.01707395
2.150	-1.250	0.000	0.02248810
2.250	-1.250	0.000	0.04500879
2.350	-1.250	0.000	0.04839190
2.450	-1.250	0.000	0.07007276
-2.450	-1.150	0.000	0.02442595
-2.350	-1.150	0.000	0.03894082
-2.250	-1.150	0.000	0.04076135
-2.150	-1.150	0.000	0.05934807
-2.050	-1.150	0.000	0.06238557
-1.950	-1.150	0.000	0.07569999
-1.850	-1.150	0.000	0.07876404
-1.750	-1.150	0.000	0.09823786
-1.650	-1.150	0.000	0.10311925
-1.550	-1.150	0.000	0.11005384
-1.450	-1.150	0.000	0.11654272
-1.350	-1.150	0.000	0.12528512
-1.250	-1.150	0.000	0.11693187
-1.150	-1.150	0.000	0.12099531
-1.050	-1.150	0.000	0.11659488
-0.950	-1.150	0.000	0.10846169
-0.850	-1.150	0.000	0.09586646
-0.750	-1.150	0.000	0.07566172
-0.650	-1.150	0.000	0.05816100
-0.550	-1.150	0.000	0.04971387
-0.450	-1.150	0.000	0.05360936
-0.350	-1.150	0.000	0.06438372
-0.250	-1.150	0.000	0.07558842
-0.150	-1.150	0.000	0.08115136
-0.050	-1.150	0.000	0.08238184
0.050	-1.150	0.000	0.08211256
0.150	-1.150	0.000	0.08360115
0.250	-1.150	0.000	0.08615438
0.350	-1.150	0.000	0.08890184
0.450	-1.150	0.000	0.09287542
0.550	-1.150	0.000	0.10278339
0.650	-1.150	0.000	0.12261069
0.750	-1.150	0.000	0.14978051
0.850	-1.150	0.000	0.17099547
0.950	-1.150	0.000	0.17241065
1.050	-1.150	0.000	0.14234672
1.150	-1.150	0.000	0.07980995
1.250	-1.150	0.000	0.02280480
1.350	-1.150	0.000	-0.01216544
1.450	-1.150	0.000	-0.02801503
1.550	-1.150	0.000	-0.03210939
1.650	-1.150	0.000	-0.02633365
1.750	-1.150	0.000	-0.02115538
1.850	-1.150	0.000	-0.00459338
1.950	-1.150	0.000	0.00145006
2.050	-1.150	0.000	0.02227090
2.150	-1.150	0.000	0.02831854
2.250	-1.150	0.000	0.04977607
2.350	-1.150	0.000	0.05280265
2.450	-1.150	0.000	0.07281127
-2.450	-1.050	0.000	0.02704474
-2.350	-1.050	0.000	0.04295867
-2.250	-1.050	0.000	0.04399259
-2.150	-1.050	0.000	0.06244492
-2.050	-1.050	0.000	0.06617212
-1.950	-1.050	0.000	0.08085916
-1.850	-1.050	0.000	0.08346394
-1.750	-1.050	0.000	0.10096592
-1.650	-1.050	0.000	0.10636686
-1.550	-1.050	0.000	0.11375447
-1.450	-1.050	0.000	0.11988346
-1.350	-1.050	0.000	0.12862259
-1.250	-1.050	0.000	0.12034962
-1.150	-1.050	0.000	0.12172035
-1.050	-1.050	0.000	0.11646257
-0.950	-1.050	0.000	0.10692267
-0.850	-1.050	0.000	0.09337160
-0.750	-1.050	0.000	0.07428635
-0.650	-1.050	0.000	0.06085547
-0.550	-1.050	0.000	0.05595976
-0.450	-1.050	0.000	0.06037419
-0.350	-1.050	0.000	0.06890640
-0.250	-1.050	0.000	0.07647330
-0.150	-1.050	0.000	0.08099479
-0.050	-1.050	0.000	0.08209676
0.050	-1.050	0.000	0.08149216
0.150	-1.050	0.000	0.08109733
0.250	-1.050	0.000	0.08013253
0.350	-1.050	0.000	0.08046196
0.450	-1.050	0.000	0.08381522
0.550	-1.050	0.000	0.09540659
0.650	-1.050	0.000	0.11640021
0.750	-1.050	0.000	0.14180480
0.850	-1.050	0.000	0.15982565
0.950	-1.050	0.000	0.15992218
1.050	-1.050	0.000	0.13508207
1.150	-1.050	0.000	0.08817581
1.250	-1.050	0.000	0.04422218
1.350	-1.050	0.000	0.01510852
1.450	-1.050	0.000	-0.00038414
1.550	-1.050	0.000	-0.00888283
1.650	-1.050	0.000	-0.00863916
1.750	-1.050	0.000	-0.00659334
1.850	-1.050	0.000	0.00623666
1.950	-1.050	0.000	0.01176552
2.050	-1.050	0.000	0.02958183
2.150	-1.050	0.000	0.03430887
2.250	-1.050	0.000	0.05382145
2.350	-1.050	0.000	0.05803329
2.450	-1.050	0.000	0.07646379
-2.450	-0.950	0.000	0.03097436
-2.350	-0.950	0.000	0.04773727
-2.250	-0.950	0.000	0.04857078
-2.150	-0.950	0.000	0.06584805
-2.050	-0.950	0.000	0.07023205
-1.950	-0.950	0.000	0.08606762
-1.850	-0.950	0.000	0.08850765
-1.750	-0.950	0.000	0.10400737
-1.650	-0.950	0.000	0.10959730
-1.550	-0.950	0.000	0.11723208
-1.450	-0.950	0.000	0.12237789
-1.350	-0.950	0.000	0.13071294
-1.250	-0.950	0.000	0.12287724
-1.150	-0.950	0.000	0.12194991
-1.050	-0.950	0.000	0.11584481
-0.950	-0.950	0.000	0.10522522
-0.850	-0.950	0.000	0.09148470
-0.750	-0.950	0.000	0.07539503
-0.650	-0.950	0.000	0.06583236
-0.550	-0.950	0.000	0.06354155
-0.450	-0.950	0.000	0.06777743
-0.350	-0.950	0.000	0.07406837
-0.250	-0.950	0.000	0.07948675
-0.150	-0.950	0.000	0.08239733
-0.050	-0.950	0.000	0.08259477
0.050	-0.950	0.000	0.08148471
0.150	-0.950	0.000	0.07925019
0.250	-0.950	0.000	0.07599789
0.350	-0.950	0.000	0.07533704
0.450	-0.950	0.000	0.07848781
0.550	-0.950	0.000	0.09074038
0.650	-0.950	0.000	0.11055268
0.750	-0.950	0.000	0.13357779
0.850	-0.950	0.000	0.15081838
0.950	-0.950	0.000	0.15100022
1.050	-0.950	0.000	0.12837254
1.150	-0.950	0.000	0.08953048
1.250	-0.950	0.000	0.05663364
1.350	-0.950	0.000	0.03606559
1.450	-0.950	0.000	0.02406513
1.550	-0.950	0.000	0.01663784
1.650	-0.950	0.000	0.01369163
1.750	-0.950	0.000	0.01278866
1.850	-0.950	0.000	0.01987306
1.950	-0.950	0.000	0.02283674
2.050	-0.950	0.000	0.03664902
2.150	-0.950	0.000	0.03936291
2.250	-0.950	0.000	0.05741508
2.350	-0.950	0.000	0.06123389
2.450	-0.950	0.000	0.07991531
-2.450	-0.850	0.000	0.03614360
-2.350	-0.850	0.000	0.05377285
-2.250	-0.850	0.000	0.05433372
-2.150	-0.850	0.000	0.06980768
-2.050	-0.850	0.000	0.07465644
-1.950	-0.850	0.000	0.09098113
-1.850	-0.850	0.000	0.09340641
-1.750	-0.850	0.000	0.10723089
-1.650	-0.850	0.000	0.11253481
-1.550	-0.850	0.000	0.11989114
-1.450	-0.850	0.000	0.12420423
-1.350	-0.850	0.000	0.13176970
-1.250	-0.850	0.000	0.12437227
-1.150	-0.850	0.000	0.12146425
-1.050	-0.850	0.000	0.11424349
-0.950	-0.850	0.000	0.10334911
-0.850	-0.850	0.000	0.09060415
-0.750	-0.850	0.000	0.07798514
-0.650	-0.850	0.000	0.07264501
-0.550	-0.850	0.000	0.07245401
-0.450	-0.850	0.000	0.07546584
-0.350	-0.850	0.000	0.07987431
-0.250	-0.850	0.000	0.08333357
-0.150	-0.850	0.000	0.08470188
-0.050	-0.850	0.000	0.08371170
0.050	-0.850	0.000	0.08191940
0.150	-0.850	0.000	0.07930508
0.250	-0.850	0.000	0.07486446
0.350	-0.850	0.000	0.07372691
0.450	-0.850	0.000	0.07736101
0.550	-0.850	0.000	0.08931668
0.650	-0.850	0.000	0.10552669
0.750	-0.850	0.000	0.12488443
0.850	-0.850	0.000	0.14062232
0.950	-0.850	0.000	0.14178796
1.050	-0.850	0.000	0.12266860
1.150	-0.850	0.000	0.08827376
1.250	-0.850	0.000	0.05994024
1.350	-0.850	0.000	0.04529024
1.450	-0.850	0.000	0.03734948
1.550	-0.850	0.000	0.03282384
1.650	-0.850	0.000	0.03084341
1.750	-0.850	0.000	0.02961098
1.850	-0.850	0.000	0.03309237
1.950	-0.850	0.000	0.03476234
2.050	-0.850	0.000	0.04518627
2.150	-0.850	0.000	0.04673756
2.250	-0.850	0.000	0.06198327
2.350	-0.850	0.000	0.06401392
2.450	-0.850	0.000	0.08304075
-2.450	-0.750	0.000	0.04219404
-2.350	-0.750	0.000	0.06011269
-2.250	-0.750	0.000	0.06119873
-2.150	-0.750	0.000	0.07498545
-2.050	-0.750	0.000	0.07959161
-1.950	-0.750	0.000	0.09564219
-1.850	-0.750	0.000	0.09842882
-1.750	-0.750	0.000	0.11083606
-1.650	-0.750	0.000	0.11564756
-1.550	-0.750	0.000	0.12245715
-1.450	-0.750	0.000	0.12565307
-1.350	-0.750	0.000	0.13241090
-1.250	-0.750	0.000	0.12547876
-1.150	-0.750	0.000	0.12094917
-1.050	-0.750	0.000	0.11197978
-0.950	-0.750	0.000	0.10102113
-0.850	-0.750	0.000	0.08962727
-0.750	-0.750	0.000	0.08028081
-0.650	-0.750	0.000	0.07855930
-0.550	-0.750	0.000	0.08051457
-0.450	-0.750	0.000	0.08235643
-0.350	-0.750	0.000	0.08564284
-0.250	-0.750	0.000	0.08750681
-0.150	-0.750	0.000	0.08776777
-0.050	-0.750	0.000	0.08670229
0.050	-0.750	0.000	0.08417647
0.150	-0.750	0.000	0.08013890
0.250	-0.750	0.000	0.07514232
0.350	-0.750	0.000	0.07404400
0.450	-0.750	0.000	0.07850772
0.550	-0.750	0.000	0.08931228
0.650	-0.750	0.000	0.10216901
0.750	-0.750	0.000	0.11762998
0.850	-0.750	0.000	0.13012981
0.950	-0.750	0.000	0.13190198
1.050	-0.750	0.000	0.11730403
1.150	-0.750	0.000	0.08914239
1.250	-0.750	0.000	0.06370749
1.350	-0.750	0.000	0.05204888
1.450	-0.750	0.000	0.04711644
1.550	-0.750	0.000	0.04647857
1.650	-0.750	0.000	0.04732297
1.750	-0.750	0.000	0.04716282
1.850	-0.750	0.000	0.04991609
1.950	-0.750	0.000	0.04973095
2.050	-0.750	0.000	0.05603728
2.150	-0.750	0.000	0.05468059
2.250	-0.750	0.000	0.06719334
2.350	-0.750	0.000	0.06725980
2.450	-0.750	0.000	0.08652896
-2.450	-0.650	0.000	0.04890092
-2.350	-0.650	0.000	0.06655643
-2.250	-0.650	0.000	0.06801274
-2.150	-0.650	0.000	0.08056834
-2.050	-0.650	0.000	0.08519588
-1.950	-0.650	0.000	0.10042734
-1.850	-0.650	0.000	0.10323039
-1.750	-0.650	0.000	0.11505533
-1.650	-0.650	0.000	0.11924265
-1.550	-0.650	0.000	0.12520584
-1.450	-0.650	0.000	0.12722351
-1.350	-0.650	0.000	0.13248323
-1.250	-0.650	0.000	0.12611622
-1.150	-0.650	0.000	0.12006086
-1.050	-0.650	0.000	0.10985322
-0.950	-0.650	0.000	0.09824588
-0.850	-0.650	0.000	0.08769137
-0.750	-0.650	0.000	0.08189701
-0.650	-0.650	0.000	0.08332143
-0.550	-0.650	0.000	0.08650671
-0.450	-0.650	0.000	0.08894490
-0.350	-0.650	0.000	0.09096378
-0.250	-0.650	0.000	0.09175953
-0.150	-0.650	0.000	0.09199050
-0.050	-0.650	0.000	0.09136990
0.050	-0.650	0.000	0.08917838
0.150	-0.650	0.000	0.08390585
0.250	-0.650	0.000	0.07737111
0.350	-0.650	0.000	0.07597455
0.450	-0.650	0.000	0.08014290
0.550	-0.650	0.000	0.08888938
0.650	-0.650	0.000	0.09897301
0.750	-0.650	0.000	0.11116052
0.850	-0.650	0.000	0.12020288
0.950	-0.650	0.000	0.12179604
1.050	-0.650	0.000	0.11020762
1.150	-0.650	0.000	0.08795228
1.250	-0.650	0.000	0.06616352
1.350	-0.650	0.000	0.05675681
1.450	-0.650	0.000	0.05285297
1.550	-0.650	0.000	0.05435216
1.650	-0.650	0.000	0.05791591
1.750	-0.650	0.000	0.05858257
1.850	-0.650	0.000	0.06183915
1.950	-0.650	0.000	0.06194382
2.050	-0.650	0.000	0.06593147
2.150	-0.650	0.000	0.06226790
2.250	-0.650	0.000	0.07272363
2.350	-0.650	0.000	0.07249690
2.450	-0.650	0.000	0.09097140
-2.450	-0.550	0.000	0.05574325
-2.350	-0.550	0.000	0.07309018
-2.250	-0.550	0.000	0.07430103
-2.150	-0.550	0.000	0.08615021
-2.050	-0.550	0.000	0.09075678
-1.950	-0.550	0.000	0.10578485
-1.850	-0.550	0.000	0.10846458
-1.750	-0.550	0.000	0.11937820
-1.650	-0.550	0.000	0.12365529
-1.550	-0.550	0.000	0.12982941
-1.450	-0.550	0.000	0.13017640
-1.350	-0.550	0.000	0.13337508
-1.250	-0.550	0.000	0.12683101
-1.150	-0.550	0.000	0.11926257
-1.050	-0.550	0.000	0.10834850
-0.950	-0.550	0.000	0.09631789
-0.850	-0.550	0.000	0.08635002
-0.750	-0.550	0.000	0.08323181
-0.650	-0.550	0.000	0.08710647
-0.550	-0.550	0.000	0.09089483
-0.450	-0.550	0.000	0.09345271
-0.350	-0.550	0.000	0.09466656
-0.250	-0.550	0.000	0.09469143
-0.150	-0.550	0.000	0.09476356
-0.050	-0.550	0.000	0.09579628
0.050	-0.550	0.000	0.09544297
0.150	-0.550	0.000	0.09103064
0.250	-0.550	0.000	0.08274728
0.350	-0.550	0.000	0.07941154
0.450	-0.550	0.000	0.08121090
0.550	-0.550	0.000	0.08719188
0.650	-0.550	0.000	0.09499620
0.750	-0.550	0.000	0.10482717
0.850	-0.550	0.000	0.11192809
0.950	-0.550	0.000	0.11361303
1.050	-0.550	0.000	0.10394200
1.150	-0.550	0.000	0.08655026
1.250	-0.550	0.000	0.06972898
1.350	-0.550	0.000	0.06247485
1.450	-0.550	0.000	0.05903425
1.550	-0.550	0.000	0.06082173
1.650	-0.550	0.000	0.06519252
1.750	-0.550	0.000	0.06778799
1.850	-0.550	0.000	0.07290857
1.950	-0.550	0.000	0.07365594
2.050	-0.550	0.000	0.07809442
2.150	-0.550	0.000	0.07467671
2.250	-0.550	0.000	0.08177283
2.350	-0.550	0.000	0.07952213
2.450	-0.550	0.000	0.09595734
-2.450	-0.450	0.000	0.06106959
-2.350	-0.450	0.000	0.07835243
-2.250	-0.450	0.000	0.07979923
-2.150	-0.450	0.000	0.09110069
-2.050	-0.450	0.000	0.09515592
-1.950	-0.450	0.000	0.10911576
-1.850	-0.450	0.000	0.11208335
-1.750	-0.450	0.000	0.12234386
-1.650	-0.450	0.000	0.12733124
-1.550	-0.450	0.000	0.13492621
-1.450	-0.450	0.000	0.13416024
-1.350	-0.450	0.000	0.13564590
-1.250	-0.450	0.000	0.12918951
-1.150	-0.450	0.000	0.12024342
-1.050	-0.450	0.000	0.10851008
-0.950	-0.450	0.000	0.09592363
-0.850	-0.450	0.000	0.08579092
-0.750	-0.450	0.000	0.08389231
-0.650	-0.450	0.000	0.08957939
-0.550	-0.450	0.000	0.09473292
-0.450	-0.450	0.000	0.09748089
-0.350	-0.450	0.000	0.09796379
-0.250	-0.450	0.000	0.09715410
-0.150	-0.450	0.000	0.09672985
-0.050	-0.450	0.000	0.09847251
0.050	-0.450	0.000	0.09975328
0.150	-0.450	0.000	0.09758338
0.250	-0.450	0.000	0.09064528
0.350	-0.450	0.000	0.08487447
0.450	-0.450	0.000	0.08377151
0.550	-0.450	0.000	0.08640344
0.650	-0.450	0.000	0.09107627
0.750	-0.450	0.000	0.09842409
0.850	-0.450	0.000	0.10403895
0.950	-0.450	0.000	0.10625344
1.050	-0.450	0.000	0.09845817
1.150	-0.450	0.000	0.08457436
1.250	-0.450	0.000	0.07246417
1.350	-0.450	0.000	0.06702510
1.450	-0.450	0.000	0.06453151
1.550	-0.450	0.000	0.06604999
1.650	-0.450	0.000	0.07107371
1.750	-0.450	0.000	0.07598086
1.850	-0.450	0.000	0.08225879
1.950	-0.450	0.000	0.08376484
2.050	-0.450	0.000	0.08752733
2.150	-0.450	0.000	0.08430070
2.250	-0.450	0.000	0.09131445
2.350	-0.450	0.000	0.09030637
2.450	-0.450	0.000	0.10394491
-2.450	-0.350	0.000	0.06452310
-2.350	-0.350	0.000	0.08240373
-2.250	-0.350	0.000	0.08380798
-2.150	-0.350	0.000	0.09479437
-2.050	-0.350	0.000	0.09826389
-1.950	-0.350	0.000	0.11118656
-1.850	-0.350	0.000	0.11376922
-1.750	-0.350	0.000	0.12361298
-1.650	-0.350	0.000	0.12918620
-1.550	-0.350	0.000	0.13765033
-1.450	-0.350	0.000	0.13716142
-1.350	-0.350	0.000	0.13846326
-1.250	-0.350	0.000	0.13290492
-1.150	-0.350	0.000	0.12337303
-1.050	-0.350	0.000	0.11088756
-0.950	-0.350	0.000	0.09750092
-0.850	-0.350	0.000	0.08687405
-0.750	-0.350	0.000	0.08561019
-0.650	-0.350	0.000	0.09232452
-0.550	-0.350	0.000	0.09898353
-0.450	-0.350	0.000	0.10119362
-0.350	-0.350	0.000	0.10136966
-0.250	-0.350	0.000	0.09910136
-0.150	-0.350	0.000	0.09778638
-0.050	-0.350	0.000	0.09977254
0.050	-0.350	0.000	0.10289987
0.150	-0.350	0.000	0.10348132
0.250	-0.350	0.000	0.09918590
0.350	-0.350	0.000	0.09244643
0.450	-0.350	0.000	0.08579824
0.550	-0.350	0.000	0.08449980
0.650	-0.350	0.000	0.08774228
0.750	-0.350	0.000	0.09352691
0.850	-0.350	0.000	0.09783578
0.950	-0.350	0.000	0.10007422
1.050	-0.350	0.000	0.09353812
1.150	-0.350	0.000	0.08190985
1.250	-0.350	0.000	0.07394413
1.350	-0.350	0.000	0.07110001
1.450	-0.350	0.000	0.07056455
1.550	-0.350	0.000	0.07274225
1.650	-0.350	0.000	0.07624266
1.750	-0.350	0.000	0.08046792
1.850	-0.350	0.000	0.08780424
1.950	-0.350	0.000	0.09271497
2.050	-0.350	0.000	0.09932689
2.150	-0.350	0.000	0.09901475
2.250	-0.350	0.000	0.10393923
2.350	-0.350	0.000	0.10111871
2.450	-0.350	0.000	0.11127272
-2.450	-0.250	0.000	0.06504931
-2.350	-0.250	0.000	0.08385006
-2.250	-0.250	0.000	0.08504388
-2.150	-0.250	0.000	0.09662972
-2.050	-0.250	0.000	0.10034681
-1.950	-0.250	0.000	0.11198433
-1.850	-0.250	0.000	0.11474726
-1.750	-0.250	0.000	0.12428142
-1.650	-0.250	0.000	0.13043678
-1.550	-0.250	0.000	0.13997906
-1.450	-0.250	0.000	0.13973352
-1.350	-0.250	0.000	0.14075966
-1.250	-0.250	0.000	0.13595198
-1.150	-0.250	0.000	0.12640490
-1.050	-0.250	0.000	0.11368158
-0.950	-0.250	0.000	0.09981532
-0.850	-0.250	0.000	0.08950033
-0.750	-0.250	0.000	0.08858285
-0.650	-0.250	0.000	0.09628881
-0.550	-0.250	0.000	0.10373740
-0.450	-0.250	0.000	0.10671517
-0.350	-0.250	0.000	0.10590642
-0.250	-0.250	0.000	0.10204376
-0.150	-0.250	0.000	0.09864430
-0.050	-0.250	0.000	0.09952309
0.050	-0.250	0.000	0.10281292
0.150	-0.250	0.000	0.10481660
0.250	-0.250	0.000	0.10342387
0.350	-0.250	0.000	0.09888160
0.450	-0.250	0.000	0.09217535
0.550	-0.250	0.000	0.08741913
0.650	-0.250	0.000	0.08749188
0.750	-0.250	0.000	0.09081370
0.850	-0.250	0.000	0.09404027
0.950	-0.250	0.000	0.09635265
1.050	-0.250	0.000	0.09011514
1.150	-0.250	0.000	0.07940478
1.250	-0.250	0.000	0.07503932
1.350	-0.250	0.000	0.07430442
1.450	-0.250	0.000	0.07500789
1.550	-0.250	0.000	0.07767759
1.650	-0.250	0.000	0.08146311
1.750	-0.250	0.000	0.08628321
1.850	-0.250	0.000	0.09301730
1.950	-0.250	0.000	0.09885378
2.050	-0.250	0.000	0.10740014
2.150	-0.250	0.000	0.10865342
2.250	-0.250	0.000	0.11402402
2.350	-0.250	0.000	0.11445353
2.450	-0.250	0.000	0.12164006
-2.450	-0.150	0.000	0.06426971
-2.350	-0.150	0.000	0.08312090
-2.250	-0.150	0.000	0.08399514
-2.150	-0.150	0.000	0.09639265
-2.050	-0.150	0.000	0.10034633
-1.950	-0.150	0.000	0.11082248
-1.850	-0.150	0.000	0.11402496
-1.750	-0.150	0.000	0.12405334
-1.650	-0.150	0.000	0.13038220
-1.550	-0.150	0.000	0.14052081
-1.450	-0.150	0.000	0.14135642
-1.350	-0.150	0.000	0.14294802
-1.250	-0.150	0.000	0.13905182
-1.150	-0.150	0.000	0.12931418
-1.050	-0.150	0.000	0.11624876
-0.950	-0.150	0.000	0.10239803
-0.850	-0.150	0.000	0.09267282
-0.750	-0.150	0.000	0.09226006
-0.650	-0.150	0.000	0.10083529
-0.550	-0.150	0.000	0.10892010
-0.450	-0.150	0.000	0.11295965
-0.350	-0.150	0.000	0.11114568
-0.250	-0.150	0.000	0.10660546
-0.150	-0.150	0.000	0.10134220
-0.050	-0.150	0.000	0.09958697
0.050	-0.150	0.000	0.10207070
0.150	-0.150	0.000	0.10517501
0.250	-0.150	0.000	0.10484773
0.350	-0.150	0.000	0.10317071
0.450	-0.150	0.000	0.09672647
0.550	-0.150	0.000	0.09158934
0.650	-0.150	0.000	0.09007826
0.750	-0.150	0.000	0.09099539
0.850	-0.150	0.000	0.09315450
0.950	-0.150	0.000	0.09465221
1.050	-0.150	0.000	0.08821765
1.150	-0.150	0.000	0.07847635
1.250	-0.150	0.000	0.07627542
1.350	-0.150	0.000	0.07733794
1.450	-0.150	0.000	0.07938172
1.550	-0.150	0.000	0.08309168
1.650	-0.150	0.000	0.08545792
1.750	-0.150	0.000	0.08949353
1.850	-0.150	0.000	0.09628045
1.950	-0.150	0.000	0.10413226
2.050	-0.150	0.000	0.11501803
2.150	-0.150	0.000	0.11955762
2.250	-0.150	0.000	0.12582883
2.350	-0.150	0.000	0.12712021
2.450	-0.150	0.000	0.13163078
-2.450	-0.050	0.000	0.06075410
-2.350	-0.050	0.000	0.07963671
-2.250	-0.050	0.000	0.08027191
-2.150	-0.050	0.000	0.09341127
-2.050	-0.050	0.000	0.09803039
-1.950	-0.050	0.000	0.10796682
-1.850	-0.050	0.000	0.11232770
-1.750	-0.050	0.000	0.12301271
-1.650	-0.050	0.000	0.13008466
-1.550	-0.050	0.000	0.14042820
-1.450	-0.050	0.000	0.14206445
-1.350	-0.050	0.000	0.14387795
-1.250	-0.050	0.000	0.14041625
-1.150	-0.050	0.000	0.13071667
-1.050	-0.050	0.000	0.11799534
-0.950	-0.050	0.000	0.10439371
-0.850	-0.050	0.000	0.09484746
-0.750	-0.050	0.000	0.09504107
-0.650	-0.050	0.000	0.10391553
-0.550	-0.050	0.000	0.11353664
-0.450	-0.050	0.000	0.11886603
-0.350	-0.050	0.000	0.11870737
-0.250	-0.050	0.000	0.11449827
-0.150	-0.050	0.000	0.10715026
-0.050	-0.050	0.000	0.10167319
0.050	-0.050	0.000	0.10054732
0.150	-0.050	0.000	0.10264376
0.250	-0.050	0.000	0.10497077
0.350	-0.050	0.000	0.10643925
0.450	-0.050	0.000	0.10262254
0.550	-0.050	0.000	0.09773182
0.650	-0.050	0.000	0.09482931
0.750	-0.050	0.000	0.09383525
0.850	-0.050	0.000	0.09459170
0.950	-0.050	0.000	0.09451158
1.050	-0.050	0.000	0.08774646
1.150	-0.050	0.000	0.07860394
1.250	-0.050	0.000	0.07823396
1.350	-0.050	0.000	0.08105362
1.450	-0.050	0.000	0.08366278
1.550	-0.050	0.000	0.08778921
1.650	-0.050	0.000	0.08997535
1.750	-0.050	0.000	0.09399884
1.850	-0.050	0.000	0.10062462
1.950	-0.050	0.000	0.10916210
2.050	-0.050	0.000	0.12004024
2.150	-0.050	0.000	0.12694734
2.250	-0.050	0.000	0.13500215
2.350	-0.050	0.000	0.13847052
2.450	-0.050	0.000	0.14193398
-2.450	0.050	0.000	0.05689605
-2.350	0.050	0.000	0.07574240
-2.250	0.050	0.000	0.07659227
-2.150	0.050	0.000	0.08919520
-2.050	0.050	0.000	0.09433856
-1.950	0.050	0.000	0.10520923
-1.850	0.050	0.000	0.11117252
-1.750	0.050	0.000	0.12195086
-1.650	0.050	0.000	0.13010527
-1.550	0.050	0.000	0.14038254
-1.450	0.050	0.000	0.14259177
-1.350	0.050	0.000	0.14385632
-1.250	0.050	0.000	0.14014301
-1.150	0.050	0.000	0.13033028
-1.050	0.050	0.000	0.11787336
-0.950	0.050	0.000	0.10470615
-0.850	0.050	0.000	0.09592205
-0.750	0.050	0.000	0.09665613
-0.650	0.050	0.000	0.10624298
-0.550	0.050	0.000	0.11665385
-0.450	0.050	0.000	0.12267293
-0.350	0.050	0.000	0.12483311
-0.250	0.050	0.000	0.12151776
-0.150	0.050	0.000	0.11479934
-0.050	0.050	0.000	0.10758080
0.050	0.050	0.000	0.10303809
0.150	0.050	0.000	0.10167366
0.250	0.050	0.000	0.10344085
0.350	0.050	0.000	0.10682962
0.450	0.050	0.000	0.10665217
0.550	0.050	0.000	0.10414594
0.650	0.050	0.000	0.10129651
0.750	0.050	0.000	0.09900752
0.850	0.050	0.000	0.09814771
0.950	0.050	0.000	0.09563703
1.050	0.050	0.000	0.08845077
1.150	0.050	0.000	0.08015534
1.250	0.050	0.000	0.08011506
1.350	0.050	0.000	0.08453500
1.450	0.050	0.000	0.08823036
1.550	0.050	0.000	0.09307580
1.650	0.050	0.000	0.09415370
1.750	0.050	0.000	0.09766705
1.850	0.050	0.000	0.10493457
1.950	0.050	0.000	0.11460214
2.050	0.050	0.000	0.12569501
2.150	0.050	0.000	0.13516577
2.250	0.050	0.000	0.14401570
2.350	0.050	0.000	0.14957371
2.450	0.050	0.000	0.15277331
-2.450	0.150	0.000	0.04945936
-2.350	0.150	0.000	0.06728664
-2.250	0.150	0.000	0.06927438
-2.150	0.150	0.000	0.08289200
-2.050	0.150	0.000	0.08852196
-1.950	0.150	0.000	0.10112603
-1.850	0.150	0.000	0.10909695
-1.750	0.150	0.000	0.11946165
-1.650	0.150	0.000	0.12919591
-1.550	0.150	0.000	0.13995415
-1.450	0.150	0.000	0.14269032
-1.350	0.150	0.000	0.14332290
-1.250	0.150	0.000	0.13895084
-1.150	0.150	0.000	0.12864913
-1.050	0.150	0.000	0.11514597
-0.950	0.150	0.000	0.10132990
-0.850	0.150	0.000	0.09326535
-0.750	0.150	0.000	0.09567447
-0.650	0.150	0.000	0.10716558
-0.550	0.150	0.000	0.11901817
-0.450	0.150	0.000	0.12569006
-0.350	0.150	0.000	0.12941527
-0.250	0.150	0.000	0.12828694
-0.150	0.150	0.000	0.12293560
-0.050	0.150	0.000	0.11537741
0.050	0.150	0.000	0.10840271
0.150	0.150	0.000	0.10422663
0.250	0.150	0.000	0.10372592
0.350	0.150	0.000	0.10658075
0.450	0.150	0.000	0.10867841
0.550	0.150	0.000	0.10962067
0.650	0.150	0.000	0.10777163
0.750	0.150	0.000	0.10467920
0.850	0.150	0.000	0.10246262
0.950	0.150	0.000	0.09779084
1.050	0.150	0.000	0.08972718
1.150	0.150	0.000	0.08241814
1.250	0.150	0.000	0.08269216
1.350	0.150	0.000	0.08727320
1.450	0.150	0.000	0.09071098
1.550	0.150	0.000	0.09617658
1.650	0.150	0.000	0.09865235
1.750	0.150	0.000	0.10278594
1.850	0.150	0.000	0.10933975
1.950	0.150	0.000	0.12039980
2.050	0.150	0.000	0.13098386
2.150	0.150	0.000	0.14257771
2.250	0.150	0.000	0.15128917
2.350	0.150	0.000	0.15891445
2.450	0.150	0.000	0.16462247
-2.450	0.250	0.000	0.04274355
-2.350	0.250	0.000	0.06021259
-2.250	0.250	0.000	0.06140772
-2.150	0.250	0.000	0.07471314
-2.050	0.250	0.000	0.08261540
-1.950	0.250	0.000	0.09658314
-1.850	0.250	0.000	0.10684745
-1.750	0.250	0.000	0.11747650
-1.650	0.250	0.000	0.12846337
-1.550	0.250	0.000	0.13910323
-1.450	0.250	0.000	0.14239247
-1.350	0.250	0.000	0.14243917
-1.250	0.250	0.000	0.13735619
-1.150	0.250	0.000	0.12637009
-1.050	0.250	0.000	0.11205174
-0.950	0.250	0.000	0.09848132
-0.850	0.250	0.000	0.09028416
-0.750	0.250	0.000	0.09280523
-0.650	0.250	0.000	0.10545974
-0.550	0.250	0.000	0.11786362
-0.450	0.250	0.000	0.12770464
-0.350	0.250	0.000	0.13210209
-0.250	0.250	0.000	0.13328008
-0.150	0.250	0.000	0.13027483
-0.050	0.250	0.000	0.12455086
0.050	0.250	0.000	0.11656590
0.150	0.250	0.000	0.10872672
0.250	0.250	0.000	0.10644732
0.350	0.250	0.000	0.10848073
0.450	0.250	0.000	0.11135094
0.550	0.250	0.000	0.11345227
0.650	0.250	0.000	0.11388905
0.750	0.250	0.000	0.11117335
0.850	0.250	0.000	0.10830452
0.950	0.250	0.000	0.10203627
1.050	0.250	0.000	0.09236170
1.150	0.250	0.000	0.08487017
1.250	0.250	0.000	0.08520765
1.350	0.250	0.000	0.09017426
1.450	0.250	0.000	0.09392650
1.550	0.250	0.000	0.09959568
1.650	0.250	0.000	0.10104993
1.750	0.250	0.000	0.10485914
1.850	0.250	0.000	0.11230752
1.950	0.250	0.000	0.12467039
2.050	0.250	0.000	0.13535221
2.150	0.250	0.000	0.14869715
2.250	0.250	0.000	0.15914519
2.350	0.250	0.000	0.16968620
2.450	0.250	0.000	0.17611928
-2.450	0.350	0.000	0.03282818
-2.350	0.350	0.000	0.05066256
-2.250	0.350	0.000	0.05390968
-2.150	0.350	0.000	0.06649589
-2.050	0.350	0.000	0.07586558
-1.950	0.350	0.000	0.09117535
-1.850	0.350	0.000	0.10355081
-1.750	0.350	0.000	0.11379828
-1.650	0.350	0.000	0.12566800
-1.550	0.350	0.000	0.13633025
-1.450	0.350	0.000	0.14053699
-1.350	0.350	0.000	0.14064102
-1.250	0.350	0.000	0.13525796
-1.150	0.350	0.000	0.12354193
-1.050	0.350	0.000	0.10839377
-0.950	0.350	0.000	0.09423529
-0.850	0.350	0.000	0.08629207
-0.750	0.350	0.000	0.08967985
-0.650	0.350	0.000	0.10321680
-0.550	0.350	0.000	0.11686393
-0.450	0.350	0.000	0.12691851
-0.350	0.350	0.000	0.13285089
-0.250	0.350	0.000	0.13611883
-0.150	0.350	0.000	0.13499992
-0.050	0.350	0.000	0.13258281
0.050	0.350	0.000	0.12719457
0.150	0.350	0.000	0.11907687
0.250	0.350	0.000	0.11235307
0.350	0.350	0.000	0.11173481
0.450	0.350	0.000	0.11406763
0.550	0.350	0.000	0.11666825
0.650	0.350	0.000	0.11839910
0.750	0.350	0.000	0.11701166
0.850	0.350	0.000	0.11386809
0.950	0.350	0.000	0.10572200
1.050	0.350	0.000	0.09435932
1.150	0.350	0.000	0.08633588
1.250	0.350	0.000	0.08638406
1.350	0.350	0.000	0.09158231
1.450	0.350	0.000	0.09610267
1.550	0.350	0.000	0.10351843
1.650	0.350	0.000	0.10678897
1.750	0.350	0.000	0.11254004
1.850	0.350	0.000	0.11969242
1.950	0.350	0.000	0.13120823
2.050	0.350	0.000	0.13992202
2.150	0.350	0.000	0.15270151
2.250	0.350	0.000	0.16224396
2.350	0.350	0.000	0.17184633
2.450	0.350	0.000	0.18216613
-2.450	0.450	0.000	0.02533746
-2.350	0.450	0.000	0.04009202
-2.250	0.450	0.000	0.04522526
-2.150	0.450	0.000	0.06122815
-2.050	0.450	0.000	0.07163255
-1.950	0.450	0.000	0.08659651
-1.850	0.450	0.000	0.10138596
-1.750	0.450	0.000	0.11163123
-1.650	0.450	0.000	0.12407136
-1.550	0.450	0.000	0.13421673
-1.450	0.450	0.000	0.13833520
-1.350	0.450	0.000	0.13837484
-1.250	0.450	0.000	0.13286752
-1.150	0.450	0.000	0.12046394
-1.050	0.450	0.000	0.10442898
-0.950	0.450	0.000	0.08985750
-0.850	0.450	0.000	0.08236535
-0.750	0.450	0.000	0.08658875
-0.650	0.450	0.000	0.10091366
-0.550	0.450	0.000	0.11524434
-0.450	0.450	0.000	0.12655322
-0.350	0.450	0.000	0.13308641
-0.250	0.450	0.000	0.13810323
-0.150	0.450	0.000	0.13905236
-0.050	0.450	0.000	0.13835259
0.050	0.450	0.000	0.13488586
0.150	0.450	0.000	0.12779728
0.250	0.450	0.000	0.12104891
0.350	0.450	0.000	0.11943692
0.450	0.450	0.000	0.12117711
0.550	0.450	0.000	0.12342831
0.650	0.450	0.000	0.12522724
0.750	0.450	0.000	0.12469942
0.850	0.450	0.000	0.12145007
0.950	0.450	0.000	0.11127646
1.050	0.450	0.000	0.09730949
1.150	0.450	0.000	0.08817109
1.250	0.450	0.000	0.08807743
1.350	0.450	0.000	0.09232406
1.450	0.450	0.000	0.09612493
1.550	0.450	0.000	0.10307844
1.650	0.450	0.000	0.10722066
1.750	0.450	0.000	0.11513802
1.850	0.450	0.000	0.12405787
1.950	0.450	0.000	0.13718203
2.050	0.450	0.000	0.14733060
2.150	0.450	0.000	0.16125830
2.250	0.450	0.000	0.17086364
2.350	0.450	0.000	0.17898445
2.450	0.450	0.000	0.18869060
-2.450	0.550	0.000	0.01587908
-2.350	0.550	0.000	0.02910637
-2.250	0.550	0.000	0.03429044
-2.150	0.550	0.000	0.05251265
-2.050	0.550	0.000	0.06616796
-1.950	0.550	0.000	0.07988962
-1.850	0.550	0.000	0.09579576
-1.750	0.550	0.000	0.10604762
-1.650	0.550	0.000	0.11894694
-1.550	0.550	0.000	0.12917688
-1.450	0.550	0.000	0.13388275
-1.350	0.550	0.000	0.13423625
-1.250	0.550	0.000	0.12913370
-1.150	0.550	0.000	0.11685212
-1.050	0.550	0.000	0.10084353
-0.950	0.550	0.000	0.08578236
-0.850	0.550	0.000	0.07902407
-0.750	0.550	0.000	0.08394357
-0.650	0.550	0.000	0.09851928
-0.550	0.550	0.000	0.11333363
-0.450	0.550	0.000	0.12511230
-0.350	0.550	0.000	0.13299741
-0.250	0.550	0.000	0.13898186
-0.150	0.550	0.000	0.14166541
-0.050	0.550	0.000	0.14359988
0.050	0.550	0.000	0.14159395
0.150	0.550	0.000	0.13567810
0.250	0.550	0.000	0.12865652
0.350	0.550	0.000	0.12596266
0.450	0.550	0.000	0.12792554
0.550	0.550	0.000	0.13065794
0.650	0.550	0.000	0.13262206
0.750	0.550	0.000	0.13196988
0.850	0.550	0.000	0.12792374
0.950	0.550	0.000	0.11647065
1.050	0.550	0.000	0.10058513
1.150	0.550	0.000	0.09125267
1.250	0.550	0.000	0.09122588
1.350	0.550	0.000	0.09544399
1.450	0.550	0.000	0.09930544
1.550	0.550	0.000	0.10648605
1.650	0.550	0.000	0.11156578
1.750	0.550	0.000	0.12046558
1.850	0.550	0.000	0.12984188
1.950	0.550	0.000	0.14339954
2.050	0.550	0.000	0.15333594
2.150	0.550	0.000	0.16743281
2.250	0.550	0.000	0.17677800
2.350	0.550	0.000	0.18478927
2.450	0.550	0.000	0.19447584
-2.450	0.650	0.000	0.00861892
-2.350	0.650	0.000	0.02180983
-2.250	0.650	0.000	0.02922193
-2.150	0.650	0.000	0.04697949
-2.050	0.650	0.000	0.06266367
-1.950	0.650	0.000	0.07626399
-1.850	0.650	0.000	0.09410891
-1.750	0.650	0.000	0.10408285
-1.650	0.650	0.000	0.11682241
-1.550	0.650	0.000	0.12657395
-1.450	0.650	0.000	0.13038208
-1.350	0.650	0.000	0.12997703
-1.250	0.650	0.000	0.12453596
-1.150	0.650	0.000	0.11192719
-1.050	0.650	0.000	0.09635074
-0.950	0.650	0.000	0.08176121
-0.850	0.650	0.000	0.07651693
-0.750	0.650	0.000	0.08246358
-0.650	0.650	0.000	0.09700843
-0.550	0.650	0.000	0.11210449
-0.450	0.650	0.000	0.12440088
-0.350	0.650	0.000	0.13261351
-0.250	0.650	0.000	0.13948776
-0.150	0.650	0.000	0.14364251
-0.050	0.650	0.000	0.14737743
0.050	0.650	0.000	0.14690703
0.150	0.650	0.000	0.14263634
0.250	0.650	0.000	0.13670701
0.350	0.650	0.000	0.13375825
0.450	0.650	0.000	0.13517612
0.550	0.650	0.000	0.13956109
0.650	0.650	0.000	0.14370440
0.750	0.650	0.000	0.14402163
0.850	0.650	0.000	0.13910151
0.950	0.650	0.000	0.12531422
1.050	0.650	0.000	0.10645837
1.150	0.650	0.000	0.09524990
1.250	0.650	0.000	0.09416034
1.350	0.650	0.000	0.09720536
1.450	0.650	0.000	0.10103597
1.550	0.650	0.000	0.10802982
1.650	0.650	0.000	0.11423951
1.750	0.650	0.000	0.12479463
1.850	0.650	0.000	0.13576770
1.950	0.650	0.000	0.15046699
2.050	0.650	0.000	0.16053285
2.150	0.650	0.000	0.17501757
2.250	0.650	0.000	0.18458451
2.350	0.650	0.000	0.19304663
2.450	0.650	0.000	0.20131560
-2.450	0.750	0.000	-0.00109735
-2.350	0.750	0.000	0.01329750
-2.250	0.750	0.000	0.02414496
-2.150	0.750	0.000	0.03894454
-2.050	0.750	0.000	0.05576283
-1.950	0.750	0.000	0.06817700
-1.850	0.750	0.000	0.08719560
-1.750	0.750	0.000	0.09687680
-1.650	0.750	0.000	0.10936271
-1.550	0.750	0.000	0.11988253
-1.450	0.750	0.000	0.12487776
-1.350	0.750	0.000	0.12566370
-1.250	0.750	0.000	0.12058334
-1.150	0.750	0.000	0.10764262
-1.050	0.750	0.000	0.09213826
-0.950	0.750	0.000	0.07785569
-0.850	0.750	0.000	0.07378787
-0.750	0.750	0.000	0.08103278
-0.650	0.750	0.000	0.09607795
-0.550	0.750	0.000	0.11141578
-0.450	0.750	0.000	0.12392014
-0.350	0.750	0.000	0.13238758
-0.250	0.750	0.000	0.13948439
-0.150	0.750	0.000	0.14433359
-0.050	0.750	0.000	0.14912437
0.050	0.750	0.000	0.14983258
0.150	0.750	0.000	0.14606227
0.250	0.750	0.000	0.14019388
0.350	0.750	0.000	0.13804869
0.450	0.750	0.000	0.14116880
0.550	0.750	0.000	0.14779079
0.650	0.750	0.000	0.15318531
0.750	0.750	0.000	0.15405130
0.850	0.750	0.000	0.14920132
0.950	0.750	0.000	0.13442037
1.050	0.750	0.000	0.11429590
1.150	0.750	0.000	0.10177043
1.250	0.750	0.000	0.09991149
1.350	0.750	0.000	0.10291431
1.450	0.750	0.000	0.10694189
1.550	0.750	0.000	0.11372918
1.650	0.750	0.000	0.11945284
1.750	0.750	0.000	0.12923308
1.850	0.750	0.000	0.13974172
1.950	0.750	0.000	0.15431382
2.050	0.750	0.000	0.16524661
2.150	0.750	0.000	0.18089686
2.250	0.750	0.000	0.19110073
2.350	0.750	0.000	0.20119570
2.450	0.750	0.000	0.20742440
-2.450	0.850	0.000	-0.00209633
-2.350	0.850	0.000	0.01170783
-2.250	0.850	0.000	0.02402098
-2.150	0.850	0.000	0.03841875
-2.050	0.850	0.000	0.05593633
-1.950	0.850	0.000	0.06614595
-1.850	0.850	0.000	0.08430158
-1.750	0.850	0.000	0.09388176
-1.650	0.850	0.000	0.10674003
-1.550	0.850	0.000	0.11709692
-1.450	0.850	0.000	0.12160835
-1.350	0.850	0.000	0.12112986
-1.250	0.850	0.000	0.11625044
-1.150	0.850	0.000	0.10359547
-1.050	0.850	0.000	0.08917182
-0.950	0.850	0.000	0.07577960
-0.850	0.850	0.000	0.07223963
-0.750	0.850	0.000	0.07981446
-0.650	0.850	0.000	0.09485433
-0.550	0.850	0.000	0.11063334
-0.450	0.850	0.000	0.12368374
-0.350	0.850	0.000	0.13217190
-0.250	0.850	0.000	0.13943493
-0.150	0.850	0.000	0.14517315
-0.050	0.850	0.000	0.15142009
0.050	0.850	0.000	0.15308200
0.150	0.850	0.000	0.15023740
0.250	0.850	0.000	0.14502221
0.350	0.850	0.000	0.14346977
0.450	0.850	0.000	0.14714301
0.550	0.850	0.000	0.15525050
0.650	0.850	0.000	0.16259761
0.750	0.850	0.000	0.16528565
0.850	0.850	0.000	0.16076861
0.950	0.850	0.000	0.14476918
1.050	0.850	0.000	0.12249456
1.150	0.850	0.000	0.10716188
1.250	0.850	0.000	0.10377175
1.350	0.850	0.000	0.10555740
1.450	0.850	0.000	0.10933637
1.550	0.850	0.000	0.11618591
1.650	0.850	0.000	0.12336228
1.750	0.850	0.000	0.13456275
1.850	0.850	0.000	0.14588666
1.950	0.850	0.000	0.16110866
2.050	0.850	0.000	0.17214631
2.150	0.850	0.000	0.18715371
2.250	0.850	0.000	0.19723171
2.350	0.850	0.000	0.20864402
2.450	0.850	0.000	0.21362156
-2.450	0.950	0.000	-0.00759166
-2.350	0.950	0.000	0.00665322
-2.250	0.950	0.000	0.01760308
-2.150	0.950	0.000	0.03086325
-2.050	0.950	0.000	0.04804473
-1.950	0.950	0.000	0.05666694
-1.850	0.950	0.000	0.07618120
-1.750	0.950	0.000	0.08491397
-1.650	0.950	0.000	0.09754042
-1.550	0.950	0.000	0.10881274
-1.450	0.950	0.000	0.11379656
-1.350	0.950	0.000	0.11408611
-1.250	0.950	0.000	0.11050490
-1.150	0.950	0.000	0.09886242
-1.050	0.950	0.000	0.08509029
-0.950	0.950	0.000	0.07206704
-0.850	0.950	0.000	0.06937867
-0.750	0.950	0.000	0.07726207
-0.650	0.950	0.000	0.09255647
-0.550	0.950	0.000	0.10903502
-0.450	0.950	0.000	0.12286311
-0.350	0.950	0.000	0.13221350
-0.250	0.950	0.000	0.13974394
-0.150	0.950	0.000	0.14554937
-0.050	0.950	0.000	0.15177009
0.050	0.950	0.000	0.15310712
0.150	0.950	0.000	0.15004709
0.250	0.950	0.000	0.14488523
0.350	0.950	0.000	0.14453261
0.450	0.950	0.000	0.15044791
0.550	0.950	0.000	0.16151582
0.650	0.950	0.000	0.17122556
0.750	0.950	0.000	0.17397365
0.850	0.950	0.000	0.16877422
0.950	0.950	0.000	0.15140687
1.050	0.950	0.000	0.12913741
1.150	0.950	0.000	0.11494672
1.250	0.950	0.000	0.11197442
1.350	0.950	0.000	0.11359470
1.450	0.950	0.000	0.11691430
1.550	0.950	0.000	0.12316348
1.650	0.950	0.000	0.12907204
1.750	0.950	0.000	0.13874073
1.850	0.950	0.000	0.14934255
1.950	0.950	0.000	0.16452216
2.050	0.950	0.000	0.17639075
2.150	0.950	0.000	0.19140470
2.250	0.950	0.000	0.20096213
2.350	0.950	0.000	0.21228407
2.450	0.950	0.000	0.21627572
-2.450	1.050	0.000	-0.00488394
-2.350	1.050	0.000	0.00854623
-2.250	1.050	0.000	0.02157251
-2.150	1.050	0.000	0.03332805
-2.050	1.050	0.000	0.05028780
-1.950	1.050	0.000	0.05771580
-1.850	1.050	0.000	0.07656632
-1.750	1.050	0.000	0.08505583
-1.650	1.050	0.000	0.09533304
-1.550	1.050	0.000	0.10424796
-1.450	1.050	0.000	0.10839219
-1.350	1.050	0.000	0.10790402
-1.250	1.050	0.000	0.10456153
-1.150	1.050	0.000	0.09380672
-1.050	1.050	0.000	0.08120336
-0.950	1.050	0.000	0.07046052
-0.850	1.050	0.000	0.06886426
-0.750	1.050	0.000	0.07661783
-0.650	1.050	0.000	0.09116840
-0.550	1.050	0.000	0.10728533
-0.450	1.050	0.000	0.12153323
-0.350	1.050	0.000	0.13132700
-0.250	1.050	0.000	0.13946995
-0.150	1.050	0.000	0.14618233
-0.050	1.050	0.000	0.15330966
0.050	1.050	0.000	0.15555817
0.150	1.050	0.000	0.15343182
0.250	1.050	0.000	0.14921328
0.350	1.050	0.000	0.14940478
0.450	1.050	0.000	0.15615752
0.550	1.050	0.000	0.16831951
0.650	1.050	0.000	0.17851426
0.750	1.050	0.000	0.18110344
0.850	1.050	0.000	0.17461531
0.950	1.050	0.000	0.15532066
1.050	1.050	0.000	0.13138704
1.150	1.050	0.000	0.11469463
1.250	1.050	0.000	0.11071662
1.350	1.050	0.000	0.11221434
1.450	1.050	0.000	0.11588095
1.550	1.050	0.000	0.12288682
1.650	1.050	0.000	0.13032863
1.750	1.050	0.000	0.14152546
1.850	1.050	0.000	0.15308721
1.950	1.050	0.000	0.16832364
2.050	1.050	0.000	0.17994191
2.150	1.050	0.000	0.19424941
2.250	1.050	0.000	0.20363754
2.350	1.050	0.000	0.21485171
2.450	1.050	0.000	0.21819037
-2.450	1.150	0.000	-0.00642149
-2.350	1.150	0.000	0.00594342
-2.250	1.150	0.000	0.01628020
-2.150	1.150	0.000	0.02821812
-2.050	1.150	0.000	0.04470856
-1.950	1.150	0.000	0.05071790
-1.850	1.150	0.000	0.06771199
-1.750	1.150	0.000	0.07729974
-1.650	1.150	0.000	0.08690256
-1.550	1.150	0.000	0.09620599
-1.450	1.150	0.000	0.10111680
-1.350	1.150	0.000	0.10154200
-1.250	1.150	0.000	0.09939121
-1.150	1.150	0.000	0.08937788
-1.050	1.150	0.000	0.07744422
-0.950	1.150	0.000	0.06682086
-0.850	1.150	0.000	0.06587391
-0.750	1.150	0.000	0.07440899
-0.650	1.150	0.000	0.08916094
-0.550	1.150	0.000	0.10531559
-0.450	1.150	0.000	0.11903311
-0.350	1.150	0.000	0.12855034
-0.250	1.150	0.000	0.13641641
-0.150	1.150	0.000	0.14316846
-0.050	1.150	0.000	0.14999400
0.050	1.150	0.000	0.15257019
0.150	1.150	0.000	0.15106209
0.250	1.150	0.000	0.14791186
0.350	1.150	0.000	0.14972594
0.450	1.150	0.000	0.15890497
0.550	1.150	0.000	0.17261544
0.650	1.150	0.000	0.18334538
0.750	1.150	0.000	0.18626788
0.850	1.150	0.000	0.17951186
0.950	1.150	0.000	0.15875228
1.050	1.150	0.000	0.13443428
1.150	1.150	0.000	0.11830464
1.250	1.150	0.000	0.11481360
1.350	1.150	0.000	0.11632122
1.450	1.150	0.000	0.12029669
1.550	1.150	0.000	0.12780651
1.650	1.150	0.000	0.13515532
1.750	1.150	0.000	0.14507098
1.850	1.150	0.000	0.15534888
1.950	1.150	0.000	0.16928722
2.050	1.150	0.000	0.18058461
2.150	1.150	0.000	0.19448072
2.250	1.150	0.000	0.20373279
2.350	1.150	0.000	0.21495089
2.450	1.150	0.000	0.21842611
-2.450	1.250	0.000	-0.00151884
-2.350	1.250	0.000	0.01061430
-2.250	1.250	0.000	0.02316145
-2.150	1.250	0.000	0.03138495
-2.050	1.250	0.000	0.04718677
-1.950	1.250	0.000	0.05298728
-1.850	1.250	0.000	0.06742129
-1.750	1.250	0.000	0.07798984
-1.650	1.250	0.000	0.08663195
-1.550	1.250	0.000	0.09408011
-1.450	1.250	0.000	0.09838102
-1.350	1.250	0.000	0.09819333
-1.250	1.250	0.000	0.09668143
-1.150	1.250	0.000	0.08784101
-1.050	1.250	0.000	0.07621080
-0.950	1.250	0.000	0.06757442
-0.850	1.250	0.000	0.06574554
-0.750	1.250	0.000	0.07280108
-0.650	1.250	0.000	0.08683030
-0.550	1.250	0.000	0.10248011
-0.450	1.250	0.000	0.11643627
-0.350	1.250	0.000	0.12644391
-0.250	1.250	0.000	0.13490790
-0.150	1.250	0.000	0.14251325
-0.050	1.250	0.000	0.15089405
0.050	1.250	0.000	0.15553990
0.150	1.250	0.000	0.15560375
0.250	1.250	0.000	0.15374805
0.350	1.250	0.000	0.15621646
0.450	1.250	0.000	0.16578099
0.550	1.250	0.000	0.17916593
0.650	1.250	0.000	0.18781900
0.750	1.250	0.000	0.18791592
0.850	1.250	0.000	0.17563735
0.950	1.250	0.000	0.15138774
1.050	1.250	0.000	0.12652925
1.150	1.250	0.000	0.11229058
1.250	1.250	0.000	0.11010501
1.350	1.250	0.000	0.11255446
1.450	1.250	0.000	0.11737289
1.550	1.250	0.000	0.12535329
1.650	1.250	0.000	0.13358741
1.750	1.250	0.000	0.14434803
1.850	1.250	0.000	0.15540104
1.950	1.250	0.000	0.17005396
2.050	1.250	0.000	0.18187475
2.150	1.250	0.000	0.19563204
2.250	1.250	0.000	0.20467184
2.350	1.250	0.000	0.21555999
2.450	1.250	0.000	0.21886058
-2.450	1.350	0.000	0.00162590
-2.350	1.350	0.000	0.01036726
-2.250	1.350	0.000	0.01965326
-2.150	1.350	0.000	0.02818142
-2.050	1.350	0.000	0.04101977
-1.950	1.350	0.000	0.04780998
-1.850	1.350	0.000	0.06057661
-1.750	1.350	0.000	0.07064477
-1.650	1.350	0.000	0.07870131
-1.550	1.350	0.000	0.08683005
-1.450	1.350	0.000	0.09264276
-1.350	1.350	0.000	0.09454874
-1.250	1.350	0.000	0.09477364
-1.150	1.350	0.000	0.08738506
-1.050	1.350	0.000	0.07658937
-0.950	1.350	0.000	0.06729850
-0.850	1.350	0.000	0.06455287
-0.750	1.350	0.000	0.07061643
-0.650	1.350	0.000	0.08377595
-0.550	1.350	0.000	0.09879738
-0.450	1.350	0.000	0.11223623
-0.350	1.350	0.000	0.12229676
-0.250	1.350	0.000	0.13001822
-0.150	1.350	0.000	0.13679641
-0.050	1.350	0.000	0.14389130
0.050	1.350	0.000	0.14921573
0.150	1.350	0.000	0.15105172
0.250	1.350	0.000	0.15156092
0.350	1.350	0.000	0.15611827
0.450	1.350	0.000	0.16764703
0.550	1.350	0.000	0.18173684
0.650	1.350	0.000	0.18989281
0.750	1.350	0.000	0.18969418
0.850	1.350	0.000	0.17618562
0.950	1.350	0.000	0.15119062
1.050	1.350	0.000	0.12674832
1.150	1.350	0.000	0.11404396
1.250	1.350	0.000	0.11290259
1.350	1.350	0.000	0.11561821
1.450	1.350	0.000	0.12045467
1.550	1.350	0.000	0.12864928
1.650	1.350	0.000	0.13707240
1.750	1.350	0.000	0.14764161
1.850	1.350	0.000	0.15859301
1.950	1.350	0.000	0.17244099
2.050	1.350	0.000	0.18366861
2.150	1.350	0.000	0.19614552
2.250	1.350	0.000	0.20425481
2.350	1.350	0.000	0.21456237
2.450	1.350	0.000	0.21824154
-2.450	1.450	0.000	0.00678918
-2.350	1.450	0.000	0.01389397
-2.250	1.450	0.000	0.02054610
-2.150	1.450	0.000	0.02996042
-2.050	1.450	0.000	0.04429699
-1.950	1.450	0.000	0.04910018
-1.850	1.450	0.000	0.06171302
-1.750	1.450	0.000	0.07314041
-1.650	1.450	0.000	0.08019244
-1.550	1.450	0.000	0.08599713
-1.450	1.450	0.000	0.09120023
-1.350	1.450	0.000	0.09214459
-1.250	1.450	0.000	0.09239685
-1.150	1.450	0.000	0.08586614
-1.050	1.450	0.000	0.07684648
-0.950	1.450	0.000	0.07000597
-0.850	1.450	0.000	0.06627574
-0.750	1.450	0.000	0.07124304
-0.650	1.450	0.000	0.08357316
-0.550	1.450	0.000	0.09769230
-0.450	1.450	0.000	0.10989622
-0.350	1.450	0.000	0.12024102
-0.250	1.450	0.000	0.12956239
-0.150	1.450	0.000	0.13858934
-0.050	1.450	0.000	0.14769937
0.050	1.450	0.000	0.15492572
0.150	1.450	0.000	0.15793496
0.250	1.450	0.000	0.15907566
0.350	1.450	0.000	0.16334783
0.450	1.450	0.000	0.17426355
0.550	1.450	0.000	0.18420711
0.650	1.450	0.000	0.18691675
0.750	1.450	0.000	0.18153530
0.850	1.450	0.000	0.16358499
0.950	1.450	0.000	0.13958174
1.050	1.450	0.000	0.11888736
1.150	1.450	0.000	0.10909884
1.250	1.450	0.000	0.10886196
1.350	1.450	0.000	0.11195287
1.450	1.450	0.000	0.11702018
1.550	1.450	0.000	0.12518506
1.650	1.450	0.000	0.13379517
1.750	1.450	0.000	0.14489970
1.850	1.450	0.000	0.15648171
1.950	1.450	0.000	0.17080870
2.050	1.450	0.000	0.18274811
2.150	1.450	0.000	0.19555531
2.250	1.450	0.000	0.20384483
2.350	1.450	0.000	0.21430720
2.450	1.450	0.000	0.21849898
-2.450	1.550	0.000	0.00858376
-2.350	1.550	0.000	0.01490763
-2.250	1.550	0.000	0.01876566
-2.150	1.550	0.000	0.02503254
-2.050	1.550	0.000	0.03822585
-1.950	1.550	0.000	0.04591551
-1.850	1.550	0.000	0.05551862
-1.750	1.550	0.000	0.06548638
-1.650	1.550	0.000	0.07353920
-1.550	1.550	0.000	0.08005726
-1.450	1.550	0.000	0.08783951
-1.350	1.550	0.000	0.09073044
-1.250	1.550	0.000	0.09194133
-1.150	1.550	0.000	0.08670552
-1.050	1.550	0.000	0.07912865
-0.950	1.550	0.000	0.07191765
-0.850	1.550	0.000	0.06672995
-0.750	1.550	0.000	0.07008313
-0.650	1.550	0.000	0.08131696
-0.550	1.550	0.000	0.09441380
-0.450	1.550	0.000	0.10493439
-0.350	1.550	0.000	0.11397184
-0.250	1.550	0.000	0.12166530
-0.150	1.550	0.000	0.12945430
-0.050	1.550	0.000	0.13821924
0.050	1.550	0.000	0.14604823
0.150	1.550	0.000	0.15138792
0.250	1.550	0.000	0.15579911
0.350	1.550	0.000	0.16365933
0.450	1.550	0.000	0.17677195
0.550	1.550	0.000	0.18612769
0.650	1.550	0.000	0.18725136
0.750	1.550	0.000	0.17940511
0.850	1.550	0.000	0.15931039
0.950	1.550	0.000	0.13559988
1.050	1.550	0.000	0.11689850
1.150	1.550	0.000	0.10998525
1.250	1.550	0.000	0.11105317
1.350	1.550	0.000	0.11473795
1.450	1.550	0.000	0.12053241
1.550	1.550	0.000	0.12921411
1.650	1.550	0.000	0.13845502
1.750	1.550	0.000	0.14947590
1.850	1.550	0.000	0.16057779
1.950	1.550	0.000	0.17393973
2.050	1.550	0.000	0.18481401
2.150	1.550	0.000	0.19656450
2.250	1.550	0.000	0.20437264
2.350	1.550	0.000	0.21340325
2.450	1.550	0.000	0.21786553
-2.450	1.650	0.000	0.00845108
-2.350	1.650	0.000	0.01914773
-2.250	1.650	0.000	0.02518538
-2.150	1.650	0.000	0.02576488
-2.050	1.650	0.000	0.04059081
-1.950	1.650	0.000	0.04792595
-1.850	1.650	0.000	0.05599064
-1.750	1.650	0.000	0.06565814
-1.650	1.650	0.000	0.07491004
-1.550	1.650	0.000	0.07973333
-1.450	1.650	0.000	0.08809303
-1.350	1.650	0.000	0.09018473
-1.250	1.650	0.000	0.09268041
-1.150	1.650	0.000	0.08905523
-1.050	1.650	0.000	0.08200468
-0.950	1.650	0.000	0.07560022
-0.850	1.650	0.000	0.06859980
-0.750	1.650	0.000	0.07141945
-0.650	1.650	0.000	0.08242828
-0.550	1.650	0.000	0.09493023
-0.450	1.650	0.000	0.10657888
-0.350	1.650	0.000	0.11697347
-0.250	1.650	0.000	0.12727679
-0.150	1.650	0.000	0.13732262
-0.050	1.650	0.000	0.14727278
0.050	1.650	0.000	0.15525481
0.150	1.650	0.000	0.15940860
0.250	1.650	0.000	0.16168785
0.350	1.650	0.000	0.16848753
0.450	1.650	0.000	0.17716007
0.550	1.650	0.000	0.18063436
0.650	1.650	0.000	0.17855808
0.750	1.650	0.000	0.16715646
0.850	1.650	0.000	0.14816166
0.950	1.650	0.000	0.12802507
1.050	1.650	0.000	0.11280917
1.150	1.650	0.000	0.10702172
1.250	1.650	0.000	0.10766382
1.350	1.650	0.000	0.11137768
1.450	1.650	0.000	0.11739762
1.550	1.650	0.000	0.12638067
1.650	1.650	0.000	0.13614561
1.750	1.650	0.000	0.14799723
1.850	1.650	0.000	0.15964520
1.950	1.650	0.000	0.17296723
2.050	1.650	0.000	0.18461418
2.150	1.650	0.000	0.19684297
2.250	1.650	0.000	0.20466919
2.350	1.650	0.000	0.21337627
2.450	1.650	0.000	0.21757273
-2.450	1.750	0.000	0.00240244
-2.350	1.750	0.000	0.01055351
-2.250	1.750	0.000	0.02204069
-2.150	1.750	0.000	0.02423855
-2.050	1.750	0.000	0.03236315
-1.950	1.750	0.000	0.04167258
-1.850	1.750	0.000	0.04902486
-1.750	1.750	0.000	0.05736982
-1.650	1.750	0.000	0.06939697
-1.550	1.750	0.000	0.07490852
-1.450	1.750	0.000	0.08511080
-1.350	1.750	0.000	0.08869603
-1.250	1.750	0.000	0.09304205
-1.150	1.750	0.000	0.09070814
-1.050	1.750	0.000	0.08495595
-0.950	1.750	0.000	0.07789861
-0.850	1.750	0.000	0.06940017
-0.750	1.750	0.000	0.07110925
-0.650	1.750	0.000	0.08017623
-0.550	1.750	0.000	0.09022243
-0.450	1.750	0.000	0.10062187
-0.350	1.750	0.000	0.11033043
-0.250	1.750	0.000	0.11969738
-0.150	1.750	0.000	0.12963507
-0.050	1.750	0.000	0.14033325
0.050	1.750	0.000	0.14954828
0.150	1.750	0.000	0.15669802
0.250	1.750	0.000	0.16242760
0.350	1.750	0.000	0.17112525
0.450	1.750	0.000	0.17803149
0.550	1.750	0.000	0.17920715
0.650	1.750	0.000	0.17488392
0.750	1.750	0.000	0.16213344
0.850	1.750	0.000	0.14432661
0.950	1.750	0.000	0.12627289
1.050	1.750	0.000	0.11316434
1.150	1.750	0.000	0.10880990
1.250	1.750	0.000	0.11011271
1.350	1.750	0.000	0.11403288
1.450	1.750	0.000	0.12057278
1.550	1.750	0.000	0.12985608
1.650	1.750	0.000	0.13987404
1.750	1.750	0.000	0.15147619
1.850	1.750	0.000	0.16254056
1.950	1.750	0.000	0.17489983
2.050	1.750	0.000	0.18575919
2.150	1.750	0.000	0.19742104
2.250	1.750	0.000	0.20510656
2.350	1.750	0.000	0.21313384
2.450	1.750	0.000	0.21920328
-2.450	1.850	0.000	0.00411275
-2.350	1.850	0.000	0.00568593
-2.250	1.850	0.000	0.01610470
-2.150	1.850	0.000	0.02392521
-2.050	1.850	0.000	0.03246568
-1.950	1.850	0.000	0.04092515
-1.850	1.850	0.000	0.05007863
-1.750	1.850	0.000	0.05767947
-1.650	1.850	0.000	0.07092787
-1.550	1.850	0.000	0.07546723
-1.450	1.850	0.000	0.08572573
-1.350	1.850	0.000	0.08982684
-1.250	1.850	0.000	0.09522409
-1.150	1.850	0.000	0.09455205
-1.050	1.850	0.000	0.08963372
-0.950	1.850	0.000	0.08294814
-0.850	1.850	0.000	0.07519623
-0.750	1.850	0.000	0.07764431
-0.650	1.850	0.000	0.08485642
-0.550	1.850	0.000	0.09493013
-0.450	1.850	0.000	0.10881440
-0.350	1.850	0.000	0.12082212
-0.250	1.850	0.000	0.13157181
-0.150	1.850	0.000	0.14041191
-0.050	1.850	0.000	0.14816207
0.050	1.850	0.000	0.15370002
0.150	1.850	0.000	0.15776064
0.250	1.850	0.000	0.16420095
0.350	1.850	0.000	0.17005271
0.450	1.850	0.000	0.17318532
0.550	1.850	0.000	0.17278974
0.650	1.850	0.000	0.16590689
0.750	1.850	0.000	0.15161557
0.850	1.850	0.000	0.13525754
0.950	1.850	0.000	0.12043390
1.050	1.850	0.000	0.11000393
1.150	1.850	0.000	0.10696665
1.250	1.850	0.000	0.10865070
1.350	1.850	0.000	0.11301495
1.450	1.850	0.000	0.11989092
1.550	1.850	0.000	0.12946081
1.650	1.850	0.000	0.13939229
1.750	1.850	0.000	0.15099414
1.850	1.850	0.000	0.16237000
1.950	1.850	0.000	0.17483702
2.050	1.850	0.000	0.18569648
2.150	1.850	0.000	0.19662794
2.250	1.850	0.000	0.20390230
2.350	1.850	0.000	0.21053851
2.450	1.850	0.000	0.21762440
-2.450	1.950	0.000	0.01008083
-2.350	1.950	0.000	0.01055513
-2.250	1.950	0.000	0.00447902
-2.150	1.950	0.000	0.01454888
-2.050	1.950	0.000	0.01967903
-1.950	1.950	0.000	0.02677788
-1.850	1.950	0.000	0.04157234
-1.750	1.950	0.000	0.04884024
-1.650	1.950	0.000	0.06533283
-1.550	1.950	0.000	0.06984382
-1.450	1.950	0.000	0.08180701
-1.350	1.950	0.000	0.08802465
-1.250	1.950	0.000	0.09355248
-1.150	1.950	0.000	0.09493063
-1.050	1.950	0.000	0.09174195
-0.950	1.950	0.000	0.08502939
-0.850	1.950	0.000	0.07678851
-0.750	1.950	0.000	0.07705067
-0.650	1.950	0.000	0.08124746
-0.550	1.950	0.000	0.08935795
-0.450	1.950	0.000	0.10205209
-0.350	1.950	0.000	0.11240305
-0.250	1.950	0.000	0.12273904
-0.150	1.950	0.000	0.13364649
-0.050	1.950	0.000	0.14629313
0.050	1.950	0.000	0.15608464
0.150	1.950	0.000	0.16189867
0.250	1.950	0.000	0.16976739
0.350	1.950	0.000	0.17289099
0.450	1.950	0.000	0.17262736
0.550	1.950	0.000	0.16992402
0.650	1.950	0.000	0.16127853
0.750	1.950	0.000	0.14809842
0.850	1.950	0.000	0.13394830
0.950	1.950	0.000	0.12058856
1.050	1.950	0.000	0.11085711
1.150	1.950	0.000	0.10799973
1.250	1.950	0.000	0.10958365
1.350	1.950	0.000	0.11364380
1.450	1.950	0.000	0.12064752
1.550	1.950	0.000	0.13064958
1.650	1.950	0.000	0.14140572
1.750	1.950	0.000	0.15346548
1.850	1.950	0.000	0.16486228
1.950	1.950	0.000	0.17705639
2.050	1.950	0.000	0.18800437
2.150	1.950	0.000	0.19853295
2.250	1.950	0.000	0.20597830
2.350	1.950	0.000	0.21180984
2.450	1.950	0.000	0.21974789
-2.450	2.050	0.000	0.01031365
-2.350	2.050	0.000	0.01740058
-2.250	2.050	0.000	0.01215922
-2.150	2.050	0.000	0.01765846
-2.050	2.050	0.000	0.02538331
-1.950	2.050	0.000	0.02959804
-1.850	2.050	0.000	0.04593675
-1.750	2.050	0.000	0.05001113
-1.650	2.050	0.000	0.06732225
-1.550	2.050	0.000	0.07338518
-1.450	2.050	0.000	0.08514310
-1.350	2.050	0.000	0.09270266
-1.250	2.050	0.000	0.09897456
-1.150	2.050	0.000	0.10128519
-1.050	2.050	0.000	0.10022417
-0.950	2.050	0.000	0.09578476
-0.850	2.050	0.000	0.08638390
-0.750	2.050	0.000	0.08450434
-0.650	2.050	0.000	0.08547403
-0.550	2.050	0.000	0.09306069
-0.450	2.050	0.000	0.10652869
-0.350	2.050	0.000	0.11776372
-0.250	2.050	0.000	0.12727366
-0.150	2.050	0.000	0.13462441
-0.050	2.050	0.000	0.14210938
0.050	2.050	0.000	0.14839980
0.150	2.050	0.000	0.15651536
0.250	2.050	0.000	0.16378689
0.350	2.050	0.000	0.16468191
0.450	2.050	0.000	0.16245277
0.550	2.050	0.000	0.15697691
0.650	2.050	0.000	0.14784603
0.750	2.050	0.000	0.13763121
0.850	2.050	0.000	0.12909079
0.950	2.050	0.000	0.12078374
1.050	2.050	0.000	0.11457016
1.150	2.050	0.000	0.11257561
1.250	2.050	0.000	0.11409014
1.350	2.050	0.000	0.11805605
1.450	2.050	0.000	0.12440023
1.550	2.050	0.000	0.13365763
1.650	2.050	0.000	0.14388619
1.750	2.050	0.000	0.15558104
1.850	2.050	0.000	0.16674782
1.950	2.050	0.000	0.17821433
2.050	2.050	0.000	0.18842496
2.150	2.050	0.000	0.19795127
2.250	2.050	0.000	0.20580448
2.350	2.050	0.000	0.21134649
2.450	2.050	0.000	0.21971193
-2.450	2.150	0.000	-0.00863942
-2.350	2.150	0.000	-0.00314079
-2.250	2.150	0.000	0.00205360
-2.150	2.150	0.000	0.00447567
-2.050	2.150	0.000	0.01713319
-1.950	2.150	0.000	0.02011469
-1.850	2.150	0.000	0.03796814
-1.750	2.150	0.000	0.04266363
-1.650	2.150	0.000	0.05934995
-1.550	2.150	0.000	0.06814490
-1.450	2.150	0.000	0.07926795
-1.350	2.150	0.000	0.08786792
-1.250	2.150	0.000	0.09513414
-1.150	2.150	0.000	0.09839243
-1.050	2.150	0.000	0.09886951
-0.950	2.150	0.000	0.09617449
-0.850	2.150	0.000	0.08778051
-0.750	2.150	0.000	0.08442013
-0.650	2.150	0.000	0.08247716
-0.550	2.150	0.000	0.08865989
-0.450	2.150	0.000	0.10042131
-0.350	2.150	0.000	0.11247825
-0.250	2.150	0.000	0.12640864
-0.150	2.150	0.000	0.13877808
-0.050	2.150	0.000	0.14788489
0.050	2.150	0.000	0.15707473
0.150	2.150	0.000	0.16568197
0.250	2.150	0.000	0.16870381
0.350	2.150	0.000	0.16638966
0.450	2.150	0.000	0.16065694
0.550	2.150	0.000	0.15298557
0.650	2.150	0.000	0.14326465
0.750	2.150	0.000	0.13512802
0.850	2.150	0.000	0.12872335
0.950	2.150	0.000	0.12168882
1.050	2.150	0.000	0.11629567
1.150	2.150	0.000	0.11374309
1.250	2.150	0.000	0.11410651
1.350	2.150	0.000	0.11759592
1.450	2.150	0.000	0.12392957
1.550	2.150	0.000	0.13320415
1.650	2.150	0.000	0.14372581
1.750	2.150	0.000	0.15582922
1.850	2.150	0.000	0.16730621
1.950	2.150	0.000	0.17886236
2.050	2.150	0.000	0.18959942
2.150	2.150	0.000	0.19934386
2.250	2.150	0.000	0.20834406
2.350	2.150	0.000	0.21338509
2.450	2.150	0.000	0.22214301
-2.450	2.250	0.000	-0.00328967
-2.350	2.250	0.000	0.00305383
-2.250	2.250	0.000	0.01586119
-2.150	2.250	0.000	0.01919659
-2.050	2.250	0.000	0.03457407
-1.950	2.250	0.000	0.03617015
-1.850	2.250	0.000	0.05136439
-1.750	2.250	0.000	0.05470730
-1.650	2.250	0.000	0.06816002
-1.550	2.250	0.000	0.07663610
-1.450	2.250	0.000	0.08602111
-1.350	2.250	0.000	0.09508381
-1.250	2.250	0.000	0.10170391
-1.150	2.250	0.000	0.10506972
-1.050	2.250	0.000	0.10630188
-0.950	2.250	0.000	0.10428063
-0.850	2.250	0.000	0.09628993
-0.750	2.250	0.000	0.09178016
-0.650	2.250	0.000	0.08674578
-0.550	2.250	0.000	0.08989641
-0.450	2.250	0.000	0.09910731
-0.350	2.250	0.000	0.11035032
-0.250	2.250	0.000	0.11830333
-0.150	2.250	0.000	0.12520319
-0.050	2.250	0.000	0.13585876
0.050	2.250	0.000	0.14602660
0.150	2.250	0.000	0.15118176
0.250	2.250	0.000	0.15069298
0.350	2.250	0.000	0.14619961
0.450	2.250	0.000	0.14043859
0.550	2.250	0.000	0.13637052
0.650	2.250	0.000	0.13416964
0.750	2.250	0.000	0.13218404
0.850	2.250	0.000	0.13084389
0.950	2.250	0.000	0.12808591
1.050	2.250	0.000	0.12475614
1.150	2.250	0.000	0.12268040
1.250	2.250	0.000	0.12272796
1.350	2.250	0.000	0.12520924
1.450	2.250	0.000	0.13055615
1.550	2.250	0.000	0.13979107
1.650	2.250	0.000	0.15022629
1.750	2.250	0.000	0.16140679
1.850	2.250	0.000	0.17184429
1.950	2.250	0.000	0.18225114
2.050	2.250	0.000	0.19206205
2.150	2.250	0.000	0.20099024
2.250	2.250	0.000	0.20952849
2.350	2.250	0.000	0.21377286
2.450	2.250	0.000	0.22230989
-2.450	2.350	0.000	-0.01043190
-2.350	2.350	0.000	-0.01445732
-2.250	2.350	0.000	0.00265307
-2.150	2.350	0.000	0.00502578
-2.050	2.350	0.000	0.02553540
-1.950	2.350	0.000	0.03155812
-1.850	2.350	0.000	0.04671165
-1.750	2.350	0.000	0.05725798
-1.650	2.350	0.000	0.07173368
-1.550	2.350	0.000	0.08438284
-1.450	2.350	0.000	0.09363092
-1.350	2.350	0.000	0.10384370
-1.250	2.350	0.000	0.11059748
-1.150	2.350	0.000	0.11364108
-1.050	2.350	0.000	0.11347181
-0.950	2.350	0.000	0.11096247
-0.850	2.350	0.000	0.10158698
-0.750	2.350	0.000	0.09486015
-0.650	2.350	0.000	0.08754485
-0.550	2.350	0.000	0.08826058
-0.450	2.350	0.000	0.09607500
-0.350	2.350	0.000	0.10915617
-0.250	2.350	0.000	0.12147310
-0.150	2.350	0.000	0.13343696
-0.050	2.350	0.000	0.14520051
0.050	2.350	0.000	0.15303709
0.150	2.350	0.000	0.16013232
0.250	2.350	0.000	0.16357997
0.350	2.350	0.000	0.15824306
0.450	2.350	0.000	0.14848256
0.550	2.350	0.000	0.14061257
0.650	2.350	0.000	0.13773485
0.750	2.350	0.000	0.13583051
0.850	2.350	0.000	0.13439272
0.950	2.350	0.000	0.13174827
1.050	2.350	0.000	0.12779789
1.150	2.350	0.000	0.12556365
1.250	2.350	0.000	0.12623325
1.350	2.350	0.000	0.12904222
1.450	2.350	0.000	0.13430955
1.550	2.350	0.000	0.14267550
1.650	2.350	0.000	0.15272193
1.750	2.350	0.000	0.16415502
1.850	2.350	0.000	0.17474808
1.950	2.350	0.000	0.18461230
2.050	2.350	0.000	0.19381653
2.150	2.350	0.000	0.20150205
2.250	2.350	0.000	0.20984595
2.350	2.350	0.000	0.21432675
2.450	2.350	0.000	0.22327869
-2.450	2.450	0.000	0.02857664
-2.350	2.450	0.000	0.01410167
-2.250	2.450	0.000	0.01761410
-2.150	2.450	0.000	0.01501904
-2.050	2.450	0.000	0.02314201
-1.950	2.450	0.000	0.03054661
-1.850	2.450	0.000	0.04041589
-1.750	2.450	0.000	0.05240113
-1.650	2.450	0.000	0.06378048
-1.550	2.450	0.000	0.07672461
-1.450	2.450	0.000	0.08504930
-1.350	2.450	0.000	0.09532647
-1.250	2.450	0.000	0.10149191
-1.150	2.450	0.000	0.10761499
-1.050	2.450	0.000	0.10978740
-0.950	2.450	0.000	0.11082415
-0.850	2.450	0.000	0.10599755
-0.750	2.450	0.000	0.09769494
-0.650	2.450	0.000	0.08731394
-0.550	2.450	0.000	0.07838121
-0.450	2.450	0.000	0.07889157
-0.350	2.450	0.000	0.08835492
-0.250	2.450	0.000	0.09832951
-0.150	2.450	0.000	0.10855185
-0.050	2.450	0.000	0.11861981
0.050	2.450	0.000	0.12281889
0.150	2.450	0.000	0.12360772
0.250	2.450	0.000	0.12045034
0.350	2.450	0.000	0.11937300
0.450	2.450	0.000	0.11906373
0.550	2.450	0.000	0.12062702
0.650	2.450	0.000	0.12462091
0.750	2.450	0.000	0.12720750
0.850	2.450	0.000	0.12973347
0.950	2.450	0.000	0.13085747
1.050	2.450	0.000	0.13059796
1.150	2.450	0.000	0.13054046
1.250	2.450	0.000	0.13191393
1.350	2.450	0.000	0.13507684
1.450	2.450	0.000	0.14049414
1.550	2.450	0.000	0.14874306
1.650	2.450	0.000	0.15876137
1.750	2.450	0.000	0.17076352
1.850	2.450	0.000	0.18257906
1.950	2.450	0.000	0.19389859
2.050	2.450	0.000	0.20372829
2.150	2.450	0.000	0.21128653
2.250	2.450	0.000	0.21843261
2.350	2.450	0.000	0.22117692
2.450	2.450	0.000	0.22999622
