-2.450	-2.450	0.000	-0.12231179
-2.350	-2.450	0.000	-0.12357133
-2.250	-2.450	0.000	-0.12520692
-2.150	-2.450	0.000	-0.12697753
-2.050	-2.450	0.000	-0.12863481
-1.950	-2.450	0.000	-0.13016602
-1.850	-2.450	0.000	-0.13195507
-1.750	-2.450	0.000	-0.13415654
-1.650	-2.450	0.000	-0.13645957
-1.550	-2.450	0.000	-0.13814299
-1.450	-2.450	0.000	-0.13909952
-1.350	-2.450	0.000	-0.13861363
-1.250	-2.450	0.000	-0.13722344
-1.150	-2.450	0.000	-0.13522229
-1.050	-2.450	0.000	-0.13299631
-0.950	-2.450	0.000	-0.13097256
-0.850	-2.450	0.000	-0.12900084
-0.750	-2.450	0.000	-0.12676993
-0.650	-2.450	0.000	-0.12489229
-0.550	-2.450	0.000	-0.12295353
-0.450	-2.450	0.000	-0.12095211
-0.350	-2.450	0.000	-0.11910153
-0.250	-2.450	0.000	-0.11751334
-0.150	-2.450	0.000	-0.11599236
-0.050	-2.450	0.000	-0.11480761
0.050	-2.450	0.000	-0.11384478
0.150	-2.450	0.000	-0.11273045
0.250	-2.450	0.000	-0.11099124
0.350	-2.450	0.000	-0.10910843
0.450	-2.450	0.000	-0.10705592
0.550	-2.450	0.000	-0.10484982
0.650	-2.450	0.000	-0.10278879
0.750	-2.450	0.000	-0.10088650
0.850	-2.450	0.000	-0.09965017
0.950	-2.450	0.000	-0.09863611
1.050	-2.450	0.000	-0.09831900
1.150	-2.450	0.000	-0.09861103
1.250	-2.450	0.000	-0.09930796
1.350	-2.450	0.000	-0.10042662
1.450	-2.450	0.000	-0.10191080
1.550	-2.450	0.000	-0.10347667
1.650	-2.450	0.000	-0.10479719
1.750	-2.450	0.000	-0.10544863
1.850	-2.450	0.000	-0.10528206
1.950	-2.450	0.000	-0.10486663
2.050	-2.450	0.000	-0.10443994
2.150	-2.450	0.000	-0.10476975
2.250	-2.450	0.000	-0.10444431
2.350	-2.450	0.000	-0.10388955
2.450	-2.450	0.000	-0.10210902
-2.450	-2.350	0.000	-0.12758714
-2.350	-2.350	0.000	-0.12925516
-2.250	-2.350	0.000	-0.13205476
-2.150	-2.350	0.000	-0.13500488
-2.050	-2.350	0.000	-0.13770992
-1.950	-2.350	0.000	-0.13990267
-1.850	-2.350	0.000	-0.14161222
-1.750	-2.350	0.000	-0.14311016
-1.650	-2.350	0.000	-0.14459230
-1.550	-2.350	0.000	-0.14508361
-1.450	-2.350	0.000	-0.14504650
-1.350	-2.350	0.000	-0.14383772
-1.250	-2.350	0.000	-0.14159082
-1.150	-2.350	0.000	-0.13921890
-1.050	-2.350	0.000	-0.13660242
-0.950	-2.350	0.000	-0.13420184
-0.850	-2.350	0.000	-0.13191366
-0.750	-2.350	0.000	-0.12957026
-0.650	-2.350	0.000	-0.12784478
-0.550	-2.350	0.000	-0.12597154
-0.450	-2.350	0.000	-0.12391647
-0.350	-2.350	0.000	-0.12187683
-0.250	-2.350	0.000	-0.12011678
-0.150	-2.350	0.000	-0.11847735
-0.050	-2.350	0.000	-0.11746975
0.050	-2.350	0.000	-0.11665551
0.150	-2.350	0.000	-0.11579114
0.250	-2.350	0.000	-0.11432286
0.350	-2.350	0.000	-0.11260914
0.450	-2.350	0.000	-0.11065806
0.550	-2.350	0.000	-0.10846255
0.650	-2.350	0.000	-0.10626101
0.750	-2.350	0.000	-0.10407846
0.850	-2.350	0.000	-0.10262849
0.950	-2.350	0.000	-0.10153931
1.050	-2.350	0.000	-0.10119206
1.150	-2.350	0.000	-0.10165585
1.250	-2.350	0.000	-0.10263256
1.350	-2.350	0.000	-0.10410923
1.450	-2.350	0.000	-0.10574832
1.550	-2.350	0.000	-0.10733829
1.650	-2.350	0.000	-0.10855081
1.750	-2.350	0.000	-0.10858627
1.850	-2.350	0.000	-0.10836446
1.950	-2.350	0.000	-0.10765551
2.050	-2.350	0.000	-0.10649514
2.150	-2.350	0.000	-0.10563488
2.250	-2.350	0.000	-0.10414147
2.350	-2.350	0.000	-0.10292672
2.450	-2.350	0.000	-0.10065851
-2.450	-2.250	0.000	-0.12515533
-2.350	-2.250	0.000	-0.12674007
-2.250	-2.250	0.000	-0.12939127
-2.150	-2.250	0.000	-0.13206691
-2.050	-2.250	0.000	-0.13411570
-1.950	-2.250	0.000	-0.13542648
-1.850	-2.250	0.000	-0.13597287
-1.750	-2.250	0.000	-0.13595536
-1.650	-2.250	0.000	-0.13620484
-1.550	-2.250	0.000	-0.13624828
-1.450	-2.250	0.000	-0.13614956
-1.350	-2.250	0.000	-0.13537697
-1.250	-2.250	0.000	-0.13370270
-1.150	-2.250	0.000	-0.13222528
-1.050	-2.250	0.000	-0.13015324
-0.950	-2.250	0.000	-0.12790467
-0.850	-2.250	0.000	-0.12574367
-0.750	-2.250	0.000	-0.12358666
-0.650	-2.250	0.000	-0.12231180
-0.550	-2.250	0.000	-0.12072884
-0.450	-2.250	0.000	-0.11902861
-0.350	-2.250	0.000	-0.11727171
-0.250	-2.250	0.000	-0.11574553
-0.150	-2.250	0.000	-0.11440365
-0.050	-2.250	0.000	-0.11404058
0.050	-2.250	0.000	-0.11367501
0.150	-2.250	0.000	-0.11323950
0.250	-2.250	0.000	-0.11231922
0.350	-2.250	0.000	-0.11103737
0.450	-2.250	0.000	-0.10954376
0.550	-2.250	0.000	-0.10777713
0.650	-2.250	0.000	-0.10584646
0.750	-2.250	0.000	-0.10386693
0.850	-2.250	0.000	-0.10260175
0.950	-2.250	0.000	-0.10167550
1.050	-2.250	0.000	-0.10162511
1.150	-2.250	0.000	-0.10242152
1.250	-2.250	0.000	-0.10375896
1.350	-2.250	0.000	-0.10533757
1.450	-2.250	0.000	-0.10705318
1.550	-2.250	0.000	-0.10865695
1.650	-2.250	0.000	-0.10932425
1.750	-2.250	0.000	-0.10921166
1.850	-2.250	0.000	-0.10898063
1.950	-2.250	0.000	-0.10834317
2.050	-2.250	0.000	-0.10735374
2.150	-2.250	0.000	-0.10634826
2.250	-2.250	0.000	-0.10500439
2.350	-2.250	0.000	-0.10368998
2.450	-2.250	0.000	-0.10192616
-2.450	-2.150	0.000	-0.12561285
-2.350	-2.150	0.000	-0.12716593
-2.250	-2.150	0.000	-0.12973289
-2.150	-2.150	0.000	-0.13237318
-2.050	-2.150	0.000	-0.13420703
-1.950	-2.150	0.000	-0.13515718
-1.850	-2.150	0.000	-0.13493960
-1.750	-2.150	0.000	-0.13418065
-1.650	-2.150	0.000	-0.13357852
-1.550	-2.150	0.000	-0.13355626
-1.450	-2.150	0.000	-0.13357036
-1.350	-2.150	0.000	-0.13311586
-1.250	-2.150	0.000	-0.13219550
-1.150	-2.150	0.000	-0.13110273
-1.050	-2.150	0.000	-0.12940004
-0.950	-2.150	0.000	-0.12686020
-0.850	-2.150	0.000	-0.12456420
-0.750	-2.150	0.000	-0.12233052
-0.650	-2.150	0.000	-0.12127942
-0.550	-2.150	0.000	-0.11999097
-0.450	-2.150	0.000	-0.11869487
-0.350	-2.150	0.000	-0.11727561
-0.250	-2.150	0.000	-0.11595059
-0.150	-2.150	0.000	-0.11468378
-0.050	-2.150	0.000	-0.11461358
0.050	-2.150	0.000	-0.11443939
0.150	-2.150	0.000	-0.11413890
0.250	-2.150	0.000	-0.11344095
0.350	-2.150	0.000	-0.11229818
0.450	-2.150	0.000	-0.11097372
0.550	-2.150	0.000	-0.10929057
0.650	-2.150	0.000	-0.10750562
0.750	-2.150	0.000	-0.10572414
0.850	-2.150	0.000	-0.10457563
0.950	-2.150	0.000	-0.10375766
1.050	-2.150	0.000	-0.10373317
1.150	-2.150	0.000	-0.10453989
1.250	-2.150	0.000	-0.10574066
1.350	-2.150	0.000	-0.10707377
1.450	-2.150	0.000	-0.10879096
1.550	-2.150	0.000	-0.10980912
1.650	-2.150	0.000	-0.11002699
1.750	-2.150	0.000	-0.10987795
1.850	-2.150	0.000	-0.10944050
1.950	-2.150	0.000	-0.10858142
2.050	-2.150	0.000	-0.10770012
2.150	-2.150	0.000	-0.10687603
2.250	-2.150	0.000	-0.10603832
2.350	-2.150	0.000	-0.10512187
2.450	-2.150	0.000	-0.10351326
-2.450	-2.050	0.000	-0.12540938
-2.350	-2.050	0.000	-0.12686518
-2.250	-2.050	0.000	-0.12914367
-2.150	-2.050	0.000	-0.13150576
-2.050	-2.050	0.000	-0.13294946
-1.950	-2.050	0.000	-0.13334893
-1.850	-2.050	0.000	-0.13182516
-1.750	-2.050	0.000	-0.13036054
-1.650	-2.050	0.000	-0.12857907
-1.550	-2.050	0.000	-0.12818074
-1.450	-2.050	0.000	-0.12827913
-1.350	-2.050	0.000	-0.12809563
-1.250	-2.050	0.000	-0.12768379
-1.150	-2.050	0.000	-0.12678209
-1.050	-2.050	0.000	-0.12540489
-0.950	-2.050	0.000	-0.12263533
-0.850	-2.050	0.000	-0.12036477
-0.750	-2.050	0.000	-0.11825582
-0.650	-2.050	0.000	-0.11712920
-0.550	-2.050	0.000	-0.11615251
-0.450	-2.050	0.000	-0.11523579
-0.350	-2.050	0.000	-0.11422959
-0.250	-2.050	0.000	-0.11316858
-0.150	-2.050	0.000	-0.11221500
-0.050	-2.050	0.000	-0.11247813
0.050	-2.050	0.000	-0.11264861
0.150	-2.050	0.000	-0.11259758
0.250	-2.050	0.000	-0.11223888
0.350	-2.050	0.000	-0.11133956
0.450	-2.050	0.000	-0.11038426
0.550	-2.050	0.000	-0.10898117
0.650	-2.050	0.000	-0.10743276
0.750	-2.050	0.000	-0.10597565
0.850	-2.050	0.000	-0.10505763
0.950	-2.050	0.000	-0.10446154
1.050	-2.050	0.000	-0.10474791
1.150	-2.050	0.000	-0.10574488
1.250	-2.050	0.000	-0.10671864
1.350	-2.050	0.000	-0.10797200
1.450	-2.050	0.000	-0.10927481
1.550	-2.050	0.000	-0.10961012
1.650	-2.050	0.000	-0.10975572
1.750	-2.050	0.000	-0.10956049
1.850	-2.050	0.000	-0.10914429
1.950	-2.050	0.000	-0.10854819
2.050	-2.050	0.000	-0.10809264
2.150	-2.050	0.000	-0.10756142
2.250	-2.050	0.000	-0.10707659
2.350	-2.050	0.000	-0.10652585
2.450	-2.050	0.000	-0.10551178
-2.450	-1.950	0.000	-0.12864660
-2.350	-1.950	0.000	-0.12970529
-2.250	-1.950	0.000	-0.13141809
-2.150	-1.950	0.000	-0.13312696
-2.050	-1.950	0.000	-0.13392268
-1.950	-1.950	0.000	-0.13378142
-1.850	-1.950	0.000	-0.13198929
-1.750	-1.950	0.000	-0.13049071
-1.650	-1.950	0.000	-0.12876049
-1.550	-1.950	0.000	-0.12855424
-1.450	-1.950	0.000	-0.12908275
-1.350	-1.950	0.000	-0.12950698
-1.250	-1.950	0.000	-0.12942752
-1.150	-1.950	0.000	-0.12868416
-1.050	-1.950	0.000	-0.12724864
-0.950	-1.950	0.000	-0.12448850
-0.850	-1.950	0.000	-0.12205361
-0.750	-1.950	0.000	-0.11977001
-0.650	-1.950	0.000	-0.11824221
-0.550	-1.950	0.000	-0.11717094
-0.450	-1.950	0.000	-0.11618407
-0.350	-1.950	0.000	-0.11510857
-0.250	-1.950	0.000	-0.11404537
-0.150	-1.950	0.000	-0.11306054
-0.050	-1.950	0.000	-0.11324212
0.050	-1.950	0.000	-0.11358387
0.150	-1.950	0.000	-0.11368841
0.250	-1.950	0.000	-0.11358016
0.350	-1.950	0.000	-0.11292607
0.450	-1.950	0.000	-0.11225767
0.550	-1.950	0.000	-0.11108671
0.650	-1.950	0.000	-0.10968525
0.750	-1.950	0.000	-0.10832998
0.850	-1.950	0.000	-0.10741360
0.950	-1.950	0.000	-0.10679007
1.050	-1.950	0.000	-0.10688737
1.150	-1.950	0.000	-0.10745194
1.250	-1.950	0.000	-0.10776140
1.350	-1.950	0.000	-0.10827095
1.450	-1.950	0.000	-0.10855667
1.550	-1.950	0.000	-0.10821500
1.650	-1.950	0.000	-0.10792778
1.750	-1.950	0.000	-0.10756157
1.850	-1.950	0.000	-0.10706729
1.950	-1.950	0.000	-0.10661539
2.050	-1.950	0.000	-0.10641593
2.150	-1.950	0.000	-0.10620053
2.250	-1.950	0.000	-0.10601007
2.350	-1.950	0.000	-0.10577722
2.450	-1.950	0.000	-0.10530552
-2.450	-1.850	0.000	-0.13377155
-2.350	-1.850	0.000	-0.13428614
-2.250	-1.850	0.000	-0.13506570
-2.150	-1.850	0.000	-0.13577153
-2.050	-1.850	0.000	-0.13580498
-1.950	-1.850	0.000	-0.13519511
-1.850	-1.850	0.000	-0.13353525
-1.750	-1.850	0.000	-0.13208632
-1.650	-1.850	0.000	-0.13097046
-1.550	-1.850	0.000	-0.13102657
-1.450	-1.850	0.000	-0.13163339
-1.350	-1.850	0.000	-0.13208425
-1.250	-1.850	0.000	-0.13187563
-1.150	-1.850	0.000	-0.13093874
-1.050	-1.850	0.000	-0.12927897
-0.950	-1.850	0.000	-0.12705182
-0.850	-1.850	0.000	-0.12410863
-0.750	-1.850	0.000	-0.12160145
-0.650	-1.850	0.000	-0.11943287
-0.550	-1.850	0.000	-0.11817384
-0.450	-1.850	0.000	-0.11720620
-0.350	-1.850	0.000	-0.11621315
-0.250	-1.850	0.000	-0.11525147
-0.150	-1.850	0.000	-0.11406101
-0.050	-1.850	0.000	-0.11409136
0.050	-1.850	0.000	-0.11457721
0.150	-1.850	0.000	-0.11481156
0.250	-1.850	0.000	-0.11486127
0.350	-1.850	0.000	-0.11445011
0.450	-1.850	0.000	-0.11396241
0.550	-1.850	0.000	-0.11308228
0.650	-1.850	0.000	-0.11201738
0.750	-1.850	0.000	-0.11109810
0.850	-1.850	0.000	-0.11045032
0.950	-1.850	0.000	-0.10989691
1.050	-1.850	0.000	-0.10977365
1.150	-1.850	0.000	-0.10981406
1.250	-1.850	0.000	-0.10956201
1.350	-1.850	0.000	-0.10932530
1.450	-1.850	0.000	-0.10872290
1.550	-1.850	0.000	-0.10803533
1.650	-1.850	0.000	-0.10757589
1.750	-1.850	0.000	-0.10703313
1.850	-1.850	0.000	-0.10644750
1.950	-1.850	0.000	-0.10596988
2.050	-1.850	0.000	-0.10569537
2.150	-1.850	0.000	-0.10552821
2.250	-1.850	0.000	-0.10550036
2.350	-1.850	0.000	-0.10553634
2.450	-1.850	0.000	-0.10559386
-2.450	-1.750	0.000	-0.13946213
-2.350	-1.750	0.000	-0.13943867
-2.250	-1.750	0.000	-0.13934286
-2.150	-1.750	0.000	-0.13936792
-2.050	-1.750	0.000	-0.13921012
-1.950	-1.750	0.000	-0.13894546
-1.850	-1.750	0.000	-0.13822973
-1.750	-1.750	0.000	-0.13746515
-1.650	-1.750	0.000	-0.13668691
-1.550	-1.750	0.000	-0.13637483
-1.450	-1.750	0.000	-0.13639890
-1.350	-1.750	0.000	-0.13609046
-1.250	-1.750	0.000	-0.13519917
-1.150	-1.750	0.000	-0.13387942
-1.050	-1.750	0.000	-0.13192976
-0.950	-1.750	0.000	-0.13053240
-0.850	-1.750	0.000	-0.12754102
-0.750	-1.750	0.000	-0.12513448
-0.650	-1.750	0.000	-0.12268650
-0.550	-1.750	0.000	-0.12128377
-0.450	-1.750	0.000	-0.12028951
-0.350	-1.750	0.000	-0.11939979
-0.250	-1.750	0.000	-0.11852114
-0.150	-1.750	0.000	-0.11751023
-0.050	-1.750	0.000	-0.11749216
0.050	-1.750	0.000	-0.11790832
0.150	-1.750	0.000	-0.11823402
0.250	-1.750	0.000	-0.11832238
0.350	-1.750	0.000	-0.11808847
0.450	-1.750	0.000	-0.11772469
0.550	-1.750	0.000	-0.11719985
0.650	-1.750	0.000	-0.11646452
0.750	-1.750	0.000	-0.11580676
0.850	-1.750	0.000	-0.11548806
0.950	-1.750	0.000	-0.11506270
1.050	-1.750	0.000	-0.11479396
1.150	-1.750	0.000	-0.11443686
1.250	-1.750	0.000	-0.11361953
1.350	-1.750	0.000	-0.11262179
1.450	-1.750	0.000	-0.11115895
1.550	-1.750	0.000	-0.10959370
1.650	-1.750	0.000	-0.10833707
1.750	-1.750	0.000	-0.10733078
1.850	-1.750	0.000	-0.10649801
1.950	-1.750	0.000	-0.10581046
2.050	-1.750	0.000	-0.10525031
2.150	-1.750	0.000	-0.10484786
2.250	-1.750	0.000	-0.10466379
2.350	-1.750	0.000	-0.10464037
2.450	-1.750	0.000	-0.10469851
-2.450	-1.650	0.000	-0.14507422
-2.350	-1.650	0.000	-0.14462054
-2.250	-1.650	0.000	-0.14391607
-2.150	-1.650	0.000	-0.14351194
-2.050	-1.650	0.000	-0.14346740
-1.950	-1.650	0.000	-0.14378731
-1.850	-1.650	0.000	-0.14368384
-1.750	-1.650	0.000	-0.14306000
-1.650	-1.650	0.000	-0.14214425
-1.550	-1.650	0.000	-0.14114591
-1.450	-1.650	0.000	-0.14009482
-1.350	-1.650	0.000	-0.13875581
-1.250	-1.650	0.000	-0.13706218
-1.150	-1.650	0.000	-0.13534157
-1.050	-1.650	0.000	-0.13338941
-0.950	-1.650	0.000	-0.13212247
-0.850	-1.650	0.000	-0.12963365
-0.750	-1.650	0.000	-0.12746122
-0.650	-1.650	0.000	-0.12512848
-0.550	-1.650	0.000	-0.12381323
-0.450	-1.650	0.000	-0.12293496
-0.350	-1.650	0.000	-0.12226629
-0.250	-1.650	0.000	-0.12158534
-0.150	-1.650	0.000	-0.12089518
-0.050	-1.650	0.000	-0.12079501
0.050	-1.650	0.000	-0.12100475
0.150	-1.650	0.000	-0.12137509
0.250	-1.650	0.000	-0.12163132
0.350	-1.650	0.000	-0.12175174
0.450	-1.650	0.000	-0.12168936
0.550	-1.650	0.000	-0.12162758
0.650	-1.650	0.000	-0.12127421
0.750	-1.650	0.000	-0.12108009
0.850	-1.650	0.000	-0.12099783
0.950	-1.650	0.000	-0.12076817
1.050	-1.650	0.000	-0.12042877
1.150	-1.650	0.000	-0.11977524
1.250	-1.650	0.000	-0.11880878
1.350	-1.650	0.000	-0.11727680
1.450	-1.650	0.000	-0.11537853
1.550	-1.650	0.000	-0.11326870
1.650	-1.650	0.000	-0.11126814
1.750	-1.650	0.000	-0.10970482
1.850	-1.650	0.000	-0.10836646
1.950	-1.650	0.000	-0.10713798
2.050	-1.650	0.000	-0.10594634
2.150	-1.650	0.000	-0.10505550
2.250	-1.650	0.000	-0.10442614
2.350	-1.650	0.000	-0.10413275
2.450	-1.650	0.000	-0.10393779
-2.450	-1.550	0.000	-0.14799471
-2.350	-1.550	0.000	-0.14743324
-2.250	-1.550	0.000	-0.14664714
-2.150	-1.550	0.000	-0.14629826
-2.050	-1.550	0.000	-0.14654173
-1.950	-1.550	0.000	-0.14747365
-1.850	-1.550	0.000	-0.14787900
-1.750	-1.550	0.000	-0.14686126
-1.650	-1.550	0.000	-0.14523628
-1.550	-1.550	0.000	-0.14328808
-1.450	-1.550	0.000	-0.14135215
-1.350	-1.550	0.000	-0.13946633
-1.250	-1.550	0.000	-0.13750458
-1.150	-1.550	0.000	-0.13570233
-1.050	-1.550	0.000	-0.13388322
-0.950	-1.550	0.000	-0.13248977
-0.850	-1.550	0.000	-0.13059710
-0.750	-1.550	0.000	-0.12852164
-0.650	-1.550	0.000	-0.12631710
-0.550	-1.550	0.000	-0.12532493
-0.450	-1.550	0.000	-0.12472598
-0.350	-1.550	0.000	-0.12446045
-0.250	-1.550	0.000	-0.12425621
-0.150	-1.550	0.000	-0.12395338
-0.050	-1.550	0.000	-0.12406018
0.050	-1.550	0.000	-0.12440414
0.150	-1.550	0.000	-0.12484149
0.250	-1.550	0.000	-0.12509999
0.350	-1.550	0.000	-0.12522727
0.450	-1.550	0.000	-0.12512077
0.550	-1.550	0.000	-0.12489463
0.650	-1.550	0.000	-0.12441069
0.750	-1.550	0.000	-0.12411603
0.850	-1.550	0.000	-0.12381674
0.950	-1.550	0.000	-0.12335147
1.050	-1.550	0.000	-0.12288694
1.150	-1.550	0.000	-0.12227441
1.250	-1.550	0.000	-0.12148595
1.350	-1.550	0.000	-0.12013646
1.450	-1.550	0.000	-0.11843634
1.550	-1.550	0.000	-0.11683787
1.650	-1.550	0.000	-0.11498604
1.750	-1.550	0.000	-0.11330523
1.850	-1.550	0.000	-0.11170939
1.950	-1.550	0.000	-0.11004518
2.050	-1.550	0.000	-0.10822333
2.150	-1.550	0.000	-0.10667830
2.250	-1.550	0.000	-0.10526129
2.350	-1.550	0.000	-0.10436338
2.450	-1.550	0.000	-0.10350657
-2.450	-1.450	0.000	-0.15037984
-2.350	-1.450	0.000	-0.14995447
-2.250	-1.450	0.000	-0.14934596
-2.150	-1.450	0.000	-0.14909163
-2.050	-1.450	0.000	-0.14944808
-1.950	-1.450	0.000	-0.15041330
-1.850	-1.450	0.000	-0.15086144
-1.750	-1.450	0.000	-0.14973958
-1.650	-1.450	0.000	-0.14744513
-1.550	-1.450	0.000	-0.14481145
-1.450	-1.450	0.000	-0.14221877
-1.350	-1.450	0.000	-0.13991198
-1.250	-1.450	0.000	-0.13772844
-1.150	-1.450	0.000	-0.13584556
-1.050	-1.450	0.000	-0.13400102
-0.950	-1.450	0.000	-0.13255595
-0.850	-1.450	0.000	-0.13102759
-0.750	-1.450	0.000	-0.12916350
-0.650	-1.450	0.000	-0.12720500
-0.550	-1.450	0.000	-0.12638547
-0.450	-1.450	0.000	-0.12597172
-0.350	-1.450	0.000	-0.12589982
-0.250	-1.450	0.000	-0.12604643
-0.150	-1.450	0.000	-0.12606433
-0.050	-1.450	0.000	-0.12631077
0.050	-1.450	0.000	-0.12674247
0.150	-1.450	0.000	-0.12720741
0.250	-1.450	0.000	-0.12747896
0.350	-1.450	0.000	-0.12754017
0.450	-1.450	0.000	-0.12739602
0.550	-1.450	0.000	-0.12684478
0.650	-1.450	0.000	-0.12611623
0.750	-1.450	0.000	-0.12536015
0.850	-1.450	0.000	-0.12464232
0.950	-1.450	0.000	-0.12384804
1.050	-1.450	0.000	-0.12310418
1.150	-1.450	0.000	-0.12239649
1.250	-1.450	0.000	-0.12182347
1.350	-1.450	0.000	-0.12079722
1.450	-1.450	0.000	-0.11949621
1.550	-1.450	0.000	-0.11855593
1.650	-1.450	0.000	-0.11743580
1.750	-1.450	0.000	-0.11618476
1.850	-1.450	0.000	-0.11501562
1.950	-1.450	0.000	-0.11351614
2.050	-1.450	0.000	-0.11151978
2.150	-1.450	0.000	-0.10949477
2.250	-1.450	0.000	-0.10745737
2.350	-1.450	0.000	-0.10588189
2.450	-1.450	0.000	-0.10405257
-2.450	-1.350	0.000	-0.15205698
-2.350	-1.350	0.000	-0.15185679
-2.250	-1.350	0.000	-0.15139069
-2.150	-1.350	0.000	-0.15106724
-2.050	-1.350	0.000	-0.15121159
-1.950	-1.350	0.000	-0.15179344
-1.850	-1.350	0.000	-0.15210363
-1.750	-1.350	0.000	-0.15103287
-1.650	-1.350	0.000	-0.14847293
-1.550	-1.350	0.000	-0.14541528
-1.450	-1.350	0.000	-0.14216992
-1.350	-1.350	0.000	-0.13931604
-1.250	-1.350	0.000	-0.13674408
-1.150	-1.350	0.000	-0.13454178
-1.050	-1.350	0.000	-0.13245025
-0.950	-1.350	0.000	-0.13076858
-0.850	-1.350	0.000	-0.12922597
-0.750	-1.350	0.000	-0.12791397
-0.650	-1.350	0.000	-0.12687044
-0.550	-1.350	0.000	-0.12639010
-0.450	-1.350	0.000	-0.12611915
-0.350	-1.350	0.000	-0.12607077
-0.250	-1.350	0.000	-0.12628573
-0.150	-1.350	0.000	-0.12642890
-0.050	-1.350	0.000	-0.12668569
0.050	-1.350	0.000	-0.12722790
0.150	-1.350	0.000	-0.12764391
0.250	-1.350	0.000	-0.12791303
0.350	-1.350	0.000	-0.12787464
0.450	-1.350	0.000	-0.12766403
0.550	-1.350	0.000	-0.12694982
0.650	-1.350	0.000	-0.12600471
0.750	-1.350	0.000	-0.12496855
0.850	-1.350	0.000	-0.12382114
0.950	-1.350	0.000	-0.12262622
1.050	-1.350	0.000	-0.12147672
1.150	-1.350	0.000	-0.12048402
1.250	-1.350	0.000	-0.11982051
1.350	-1.350	0.000	-0.11907410
1.450	-1.350	0.000	-0.11805258
1.550	-1.350	0.000	-0.11750641
1.650	-1.350	0.000	-0.11712464
1.750	-1.350	0.000	-0.11649243
1.850	-1.350	0.000	-0.11585256
1.950	-1.350	0.000	-0.11491577
2.050	-1.350	0.000	-0.11325381
2.150	-1.350	0.000	-0.11121262
2.250	-1.350	0.000	-0.10897623
2.350	-1.350	0.000	-0.10718400
2.450	-1.350	0.000	-0.10484125
-2.450	-1.250	0.000	-0.15353651
-2.350	-1.250	0.000	-0.15345152
-2.250	-1.250	0.000	-0.15301457
-2.150	-1.250	0.000	-0.15248834
-2.050	-1.250	0.000	-0.15230493
-1.950	-1.250	0.000	-0.15259694
-1.850	-1.250	0.000	-0.15291689
-1.750	-1.250	0.000	-0.15198377
-1.650	-1.250	0.000	-0.14934371
-1.550	-1.250	0.000	-0.14596216
-1.450	-1.250	0.000	-0.14244361
-1.350	-1.250	0.000	-0.13934967
-1.250	-1.250	0.000	-0.13650660
-1.150	-1.250	0.000	-0.13383132
-1.050	-1.250	0.000	-0.13108848
-0.950	-1.250	0.000	-0.12867735
-0.850	-1.250	0.000	-0.12683524
-0.750	-1.250	0.000	-0.12573189
-0.650	-1.250	0.000	-0.12561849
-0.550	-1.250	0.000	-0.12587146
-0.450	-1.250	0.000	-0.12613101
-0.350	-1.250	0.000	-0.12616859
-0.250	-1.250	0.000	-0.12623575
-0.150	-1.250	0.000	-0.12626569
-0.050	-1.250	0.000	-0.12615736
0.050	-1.250	0.000	-0.12666930
0.150	-1.250	0.000	-0.12704194
0.250	-1.250	0.000	-0.12742510
0.350	-1.250	0.000	-0.12739427
0.450	-1.250	0.000	-0.12715267
0.550	-1.250	0.000	-0.12629600
0.650	-1.250	0.000	-0.12492947
0.750	-1.250	0.000	-0.12353744
0.850	-1.250	0.000	-0.12200012
0.950	-1.250	0.000	-0.12049607
1.050	-1.250	0.000	-0.11896235
1.150	-1.250	0.000	-0.11760899
1.250	-1.250	0.000	-0.11664591
1.350	-1.250	0.000	-0.11598671
1.450	-1.250	0.000	-0.11529687
1.550	-1.250	0.000	-0.11498609
1.650	-1.250	0.000	-0.11514719
1.750	-1.250	0.000	-0.11518820
1.850	-1.250	0.000	-0.11498781
1.950	-1.250	0.000	-0.11447375
2.050	-1.250	0.000	-0.11324202
2.150	-1.250	0.000	-0.11143895
2.250	-1.250	0.000	-0.10930415
2.350	-1.250	0.000	-0.10755865
2.450	-1.250	0.000	-0.10523932
-2.450	-1.150	0.000	-0.15374094
-2.350	-1.150	0.000	-0.15364689
-2.250	-1.150	0.000	-0.15317331
-2.150	-1.150	0.000	-0.15252398
-2.050	-1.150	0.000	-0.15217149
-1.950	-1.150	0.000	-0.15246357
-1.850	-1.150	0.000	-0.15291926
-1.750	-1.150	0.000	-0.15224931
-1.650	-1.150	0.000	-0.14983822
-1.550	-1.150	0.000	-0.14649849
-1.450	-1.150	0.000	-0.14290997
-1.350	-1.150	0.000	-0.13953392
-1.250	-1.150	0.000	-0.13627833
-1.150	-1.150	0.000	-0.13310134
-1.050	-1.150	0.000	-0.12969255
-0.950	-1.150	0.000	-0.12686840
-0.850	-1.150	0.000	-0.12508392
-0.750	-1.150	0.000	-0.12427274
-0.650	-1.150	0.000	-0.12455099
-0.550	-1.150	0.000	-0.12513328
-0.450	-1.150	0.000	-0.12563118
-0.350	-1.150	0.000	-0.12567584
-0.250	-1.150	0.000	-0.12541911
-0.150	-1.150	0.000	-0.12519944
-0.050	-1.150	0.000	-0.12451597
0.050	-1.150	0.000	-0.12494243
0.150	-1.150	0.000	-0.12527011
0.250	-1.150	0.000	-0.12569186
0.350	-1.150	0.000	-0.12572928
0.450	-1.150	0.000	-0.12558044
0.550	-1.150	0.000	-0.12486453
0.650	-1.150	0.000	-0.12354454
0.750	-1.150	0.000	-0.12212304
0.850	-1.150	0.000	-0.12043511
0.950	-1.150	0.000	-0.11866256
1.050	-1.150	0.000	-0.11679500
1.150	-1.150	0.000	-0.11502995
1.250	-1.150	0.000	-0.11359063
1.350	-1.150	0.000	-0.11268014
1.450	-1.150	0.000	-0.11205518
1.550	-1.150	0.000	-0.11174834
1.650	-1.150	0.000	-0.11201313
1.750	-1.150	0.000	-0.11243944
1.850	-1.150	0.000	-0.11247167
1.950	-1.150	0.000	-0.11219213
2.050	-1.150	0.000	-0.11137723
2.150	-1.150	0.000	-0.10996672
2.250	-1.150	0.000	-0.10812011
2.350	-1.150	0.000	-0.10659850
2.450	-1.150	0.000	-0.10453305
-2.450	-1.050	0.000	-0.15342544
-2.350	-1.050	0.000	-0.15325743
-2.250	-1.050	0.000	-0.15274402
-2.150	-1.050	0.000	-0.15193585
-2.050	-1.050	0.000	-0.15129116
-1.950	-1.050	0.000	-0.15140809
-1.850	-1.050	0.000	-0.15188904
-1.750	-1.050	0.000	-0.15158118
-1.650	-1.050	0.000	-0.14982341
-1.550	-1.050	0.000	-0.14684129
-1.450	-1.050	0.000	-0.14323716
-1.350	-1.050	0.000	-0.13961746
-1.250	-1.050	0.000	-0.13573804
-1.150	-1.050	0.000	-0.13175435
-1.050	-1.050	0.000	-0.12756278
-0.950	-1.050	0.000	-0.12422661
-0.850	-1.050	0.000	-0.12269662
-0.750	-1.050	0.000	-0.12258821
-0.650	-1.050	0.000	-0.12371790
-0.550	-1.050	0.000	-0.12466125
-0.450	-1.050	0.000	-0.12521242
-0.350	-1.050	0.000	-0.12521102
-0.250	-1.050	0.000	-0.12474863
-0.150	-1.050	0.000	-0.12447355
-0.050	-1.050	0.000	-0.12367108
0.050	-1.050	0.000	-0.12390945
0.150	-1.050	0.000	-0.12408415
0.250	-1.050	0.000	-0.12426722
0.350	-1.050	0.000	-0.12422898
0.450	-1.050	0.000	-0.12394403
0.550	-1.050	0.000	-0.12339459
0.650	-1.050	0.000	-0.12233139
0.750	-1.050	0.000	-0.12096526
0.850	-1.050	0.000	-0.11937127
0.950	-1.050	0.000	-0.11753307
1.050	-1.050	0.000	-0.11552265
1.150	-1.050	0.000	-0.11350551
1.250	-1.050	0.000	-0.11166440
1.350	-1.050	0.000	-0.11024830
1.450	-1.050	0.000	-0.10939468
1.550	-1.050	0.000	-0.10883030
1.650	-1.050	0.000	-0.10886013
1.750	-1.050	0.000	-0.10928424
1.850	-1.050	0.000	-0.10941539
1.950	-1.050	0.000	-0.10912046
2.050	-1.050	0.000	-0.10842129
2.150	-1.050	0.000	-0.10730003
2.250	-1.050	0.000	-0.10573827
2.350	-1.050	0.000	-0.10437249
2.450	-1.050	0.000	-0.10236812
-2.450	-0.950	0.000	-0.15257132
-2.350	-0.950	0.000	-0.15228420
-2.250	-0.950	0.000	-0.15168966
-2.150	-0.950	0.000	-0.15073465
-2.050	-0.950	0.000	-0.14994541
-1.950	-0.950	0.000	-0.15004154
-1.850	-0.950	0.000	-0.15086055
-1.750	-0.950	0.000	-0.15092468
-1.650	-0.950	0.000	-0.14975889
-1.550	-0.950	0.000	-0.14704429
-1.450	-0.950	0.000	-0.14323753
-1.350	-0.950	0.000	-0.13892172
-1.250	-0.950	0.000	-0.13414744
-1.150	-0.950	0.000	-0.12919129
-1.050	-0.950	0.000	-0.12399220
-0.950	-0.950	0.000	-0.12037044
-0.850	-0.950	0.000	-0.11939216
-0.750	-0.950	0.000	-0.11973888
-0.650	-0.950	0.000	-0.12188476
-0.550	-0.950	0.000	-0.12352954
-0.450	-0.950	0.000	-0.12479442
-0.350	-0.950	0.000	-0.12515770
-0.250	-0.950	0.000	-0.12468219
-0.150	-0.950	0.000	-0.12433241
-0.050	-0.950	0.000	-0.12354003
0.050	-0.950	0.000	-0.12348165
0.150	-0.950	0.000	-0.12342592
0.250	-0.950	0.000	-0.12329456
0.350	-0.950	0.000	-0.12302282
0.450	-0.950	0.000	-0.12258162
0.550	-0.950	0.000	-0.12183812
0.650	-0.950	0.000	-0.12090221
0.750	-0.950	0.000	-0.11968755
0.850	-0.950	0.000	-0.11829969
0.950	-0.950	0.000	-0.11662935
1.050	-0.950	0.000	-0.11473687
1.150	-0.950	0.000	-0.11284220
1.250	-0.950	0.000	-0.11093828
1.350	-0.950	0.000	-0.10921706
1.450	-0.950	0.000	-0.10795316
1.550	-0.950	0.000	-0.10709170
1.650	-0.950	0.000	-0.10662907
1.750	-0.950	0.000	-0.10668768
1.850	-0.950	0.000	-0.10673427
1.950	-0.950	0.000	-0.10640883
2.050	-0.950	0.000	-0.10575376
2.150	-0.950	0.000	-0.10480066
2.250	-0.950	0.000	-0.10344693
2.350	-0.950	0.000	-0.10210640
2.450	-0.950	0.000	-0.09994310
-2.450	-0.850	0.000	-0.15174615
-2.350	-0.850	0.000	-0.15135576
-2.250	-0.850	0.000	-0.15063837
-2.150	-0.850	0.000	-0.14963250
-2.050	-0.850	0.000	-0.14902166
-1.950	-0.850	0.000	-0.14938244
-1.850	-0.850	0.000	-0.15071462
-1.750	-0.850	0.000	-0.15102004
-1.650	-0.850	0.000	-0.15011144
-1.550	-0.850	0.000	-0.14735922
-1.450	-0.850	0.000	-0.14309295
-1.350	-0.850	0.000	-0.13788453
-1.250	-0.850	0.000	-0.13218784
-1.150	-0.850	0.000	-0.12620437
-1.050	-0.850	0.000	-0.12002575
-0.950	-0.850	0.000	-0.11643448
-0.850	-0.850	0.000	-0.11641139
-0.750	-0.850	0.000	-0.11754490
-0.650	-0.850	0.000	-0.12011465
-0.550	-0.850	0.000	-0.12260136
-0.450	-0.850	0.000	-0.12434565
-0.350	-0.850	0.000	-0.12530419
-0.250	-0.850	0.000	-0.12533769
-0.150	-0.850	0.000	-0.12513216
-0.050	-0.850	0.000	-0.12460984
0.050	-0.850	0.000	-0.12405188
0.150	-0.850	0.000	-0.12371334
0.250	-0.850	0.000	-0.12320868
0.350	-0.850	0.000	-0.12243070
0.450	-0.850	0.000	-0.12154476
0.550	-0.850	0.000	-0.12024092
0.650	-0.850	0.000	-0.11904591
0.750	-0.850	0.000	-0.11785380
0.850	-0.850	0.000	-0.11659865
0.950	-0.850	0.000	-0.11519722
1.050	-0.850	0.000	-0.11370491
1.150	-0.850	0.000	-0.11223128
1.250	-0.850	0.000	-0.11065965
1.350	-0.850	0.000	-0.10903735
1.450	-0.850	0.000	-0.10767855
1.550	-0.850	0.000	-0.10661279
1.650	-0.850	0.000	-0.10591690
1.750	-0.850	0.000	-0.10558001
1.850	-0.850	0.000	-0.10549638
1.950	-0.850	0.000	-0.10532374
2.050	-0.850	0.000	-0.10485550
2.150	-0.850	0.000	-0.10405858
2.250	-0.850	0.000	-0.10287102
2.350	-0.850	0.000	-0.10146408
2.450	-0.850	0.000	-0.09873395
-2.450	-0.750	0.000	-0.15117182
-2.350	-0.750	0.000	-0.15067239
-2.250	-0.750	0.000	-0.15000370
-2.150	-0.750	0.000	-0.14907318
-2.050	-0.750	0.000	-0.14879210
-1.950	-0.750	0.000	-0.14948846
-1.850	-0.750	0.000	-0.15108030
-1.750	-0.750	0.000	-0.15151663
-1.650	-0.750	0.000	-0.15071152
-1.550	-0.750	0.000	-0.14794648
-1.450	-0.750	0.000	-0.14340797
-1.350	-0.750	0.000	-0.13761701
-1.250	-0.750	0.000	-0.13109079
-1.150	-0.750	0.000	-0.12403139
-1.050	-0.750	0.000	-0.11702837
-0.950	-0.750	0.000	-0.11376449
-0.850	-0.750	0.000	-0.11418539
-0.750	-0.750	0.000	-0.11608031
-0.650	-0.750	0.000	-0.11888497
-0.550	-0.750	0.000	-0.12171741
-0.450	-0.750	0.000	-0.12380085
-0.350	-0.750	0.000	-0.12499485
-0.250	-0.750	0.000	-0.12555777
-0.150	-0.750	0.000	-0.12569271
-0.050	-0.750	0.000	-0.12557100
0.050	-0.750	0.000	-0.12506068
0.150	-0.750	0.000	-0.12471522
0.250	-0.750	0.000	-0.12372908
0.350	-0.750	0.000	-0.12230039
0.450	-0.750	0.000	-0.12074792
0.550	-0.750	0.000	-0.11884188
0.650	-0.750	0.000	-0.11714618
0.750	-0.750	0.000	-0.11566820
0.850	-0.750	0.000	-0.11438956
0.950	-0.750	0.000	-0.11319037
1.050	-0.750	0.000	-0.11209834
1.150	-0.750	0.000	-0.11103947
1.250	-0.750	0.000	-0.10991239
1.350	-0.750	0.000	-0.10867000
1.450	-0.750	0.000	-0.10748389
1.550	-0.750	0.000	-0.10637005
1.650	-0.750	0.000	-0.10548975
1.750	-0.750	0.000	-0.10503890
1.850	-0.750	0.000	-0.10491449
1.950	-0.750	0.000	-0.10498001
2.050	-0.750	0.000	-0.10479593
2.150	-0.750	0.000	-0.10415751
2.250	-0.750	0.000	-0.10317674
2.350	-0.750	0.000	-0.10172374
2.450	-0.750	0.000	-0.09848811
-2.450	-0.650	0.000	-0.15065745
-2.350	-0.650	0.000	-0.15017599
-2.250	-0.650	0.000	-0.14963728
-2.150	-0.650	0.000	-0.14887875
-2.050	-0.650	0.000	-0.14895783
-1.950	-0.650	0.000	-0.15006541
-1.850	-0.650	0.000	-0.15197171
-1.750	-0.650	0.000	-0.15265626
-1.650	-0.650	0.000	-0.15202063
-1.550	-0.650	0.000	-0.14943032
-1.450	-0.650	0.000	-0.14470805
-1.350	-0.650	0.000	-0.13837233
-1.250	-0.650	0.000	-0.13113682
-1.150	-0.650	0.000	-0.12333749
-1.050	-0.650	0.000	-0.11596574
-0.950	-0.650	0.000	-0.11304993
-0.850	-0.650	0.000	-0.11368655
-0.750	-0.650	0.000	-0.11577439
-0.650	-0.650	0.000	-0.11859015
-0.550	-0.650	0.000	-0.12130962
-0.450	-0.650	0.000	-0.12328023
-0.350	-0.650	0.000	-0.12438354
-0.250	-0.650	0.000	-0.12509519
-0.150	-0.650	0.000	-0.12546632
-0.050	-0.650	0.000	-0.12572855
0.050	-0.650	0.000	-0.12545228
0.150	-0.650	0.000	-0.12525068
0.250	-0.650	0.000	-0.12426540
0.350	-0.650	0.000	-0.12262198
0.450	-0.650	0.000	-0.12057874
0.550	-0.650	0.000	-0.11838189
0.650	-0.650	0.000	-0.11620981
0.750	-0.650	0.000	-0.11426757
0.850	-0.650	0.000	-0.11265669
0.950	-0.650	0.000	-0.11137219
1.050	-0.650	0.000	-0.11041047
1.150	-0.650	0.000	-0.10958923
1.250	-0.650	0.000	-0.10880609
1.350	-0.650	0.000	-0.10793342
1.450	-0.650	0.000	-0.10700210
1.550	-0.650	0.000	-0.10600208
1.650	-0.650	0.000	-0.10500910
1.750	-0.650	0.000	-0.10451543
1.850	-0.650	0.000	-0.10445373
1.950	-0.650	0.000	-0.10478597
2.050	-0.650	0.000	-0.10491015
2.150	-0.650	0.000	-0.10476539
2.250	-0.650	0.000	-0.10429366
2.350	-0.650	0.000	-0.10319956
2.450	-0.650	0.000	-0.10033308
-2.450	-0.550	0.000	-0.14992215
-2.350	-0.550	0.000	-0.14957498
-2.250	-0.550	0.000	-0.14906010
-2.150	-0.550	0.000	-0.14857988
-2.050	-0.550	0.000	-0.14893289
-1.950	-0.550	0.000	-0.15054788
-1.850	-0.550	0.000	-0.15313059
-1.750	-0.550	0.000	-0.15414940
-1.650	-0.550	0.000	-0.15380171
-1.550	-0.550	0.000	-0.15150639
-1.450	-0.550	0.000	-0.14663774
-1.350	-0.550	0.000	-0.13984650
-1.250	-0.550	0.000	-0.13196759
-1.150	-0.550	0.000	-0.12369159
-1.050	-0.550	0.000	-0.11655534
-0.950	-0.550	0.000	-0.11438407
-0.850	-0.550	0.000	-0.11515048
-0.750	-0.550	0.000	-0.11690341
-0.650	-0.550	0.000	-0.11947355
-0.550	-0.550	0.000	-0.12168232
-0.450	-0.550	0.000	-0.12278812
-0.350	-0.550	0.000	-0.12351683
-0.250	-0.550	0.000	-0.12392142
-0.150	-0.550	0.000	-0.12426259
-0.050	-0.550	0.000	-0.12471104
0.050	-0.550	0.000	-0.12461568
0.150	-0.550	0.000	-0.12473189
0.250	-0.550	0.000	-0.12414389
0.350	-0.550	0.000	-0.12271947
0.450	-0.550	0.000	-0.12067391
0.550	-0.550	0.000	-0.11855807
0.650	-0.550	0.000	-0.11608589
0.750	-0.550	0.000	-0.11377764
0.850	-0.550	0.000	-0.11181746
0.950	-0.550	0.000	-0.11017158
1.050	-0.550	0.000	-0.10895807
1.150	-0.550	0.000	-0.10809094
1.250	-0.550	0.000	-0.10746244
1.350	-0.550	0.000	-0.10681245
1.450	-0.550	0.000	-0.10611317
1.550	-0.550	0.000	-0.10531007
1.650	-0.550	0.000	-0.10443171
1.750	-0.550	0.000	-0.10397351
1.850	-0.550	0.000	-0.10407591
1.950	-0.550	0.000	-0.10460006
2.050	-0.550	0.000	-0.10519314
2.150	-0.550	0.000	-0.10549403
2.250	-0.550	0.000	-0.10549400
2.350	-0.550	0.000	-0.10494782
2.450	-0.550	0.000	-0.10329110
-2.450	-0.450	0.000	-0.14959385
-2.350	-0.450	0.000	-0.14935903
-2.250	-0.450	0.000	-0.14875086
-2.150	-0.450	0.000	-0.14841053
-2.050	-0.450	0.000	-0.14886583
-1.950	-0.450	0.000	-0.15086204
-1.850	-0.450	0.000	-0.15409887
-1.750	-0.450	0.000	-0.15570670
-1.650	-0.450	0.000	-0.15565537
-1.550	-0.450	0.000	-0.15349327
-1.450	-0.450	0.000	-0.14832231
-1.350	-0.450	0.000	-0.14105037
-1.250	-0.450	0.000	-0.13296932
-1.150	-0.450	0.000	-0.12428824
-1.050	-0.450	0.000	-0.11837693
-0.950	-0.450	0.000	-0.11674453
-0.850	-0.450	0.000	-0.11735939
-0.750	-0.450	0.000	-0.11887177
-0.650	-0.450	0.000	-0.12085826
-0.550	-0.450	0.000	-0.12228820
-0.450	-0.450	0.000	-0.12296995
-0.350	-0.450	0.000	-0.12307362
-0.250	-0.450	0.000	-0.12301137
-0.150	-0.450	0.000	-0.12286439
-0.050	-0.450	0.000	-0.12307151
0.050	-0.450	0.000	-0.12296242
0.150	-0.450	0.000	-0.12312515
0.250	-0.450	0.000	-0.12294375
0.350	-0.450	0.000	-0.12210056
0.450	-0.450	0.000	-0.12048031
0.550	-0.450	0.000	-0.11872052
0.650	-0.450	0.000	-0.11635436
0.750	-0.450	0.000	-0.11379844
0.850	-0.450	0.000	-0.11153667
0.950	-0.450	0.000	-0.10965038
1.050	-0.450	0.000	-0.10815888
1.150	-0.450	0.000	-0.10707653
1.250	-0.450	0.000	-0.10644076
1.350	-0.450	0.000	-0.10595311
1.450	-0.450	0.000	-0.10545950
1.550	-0.450	0.000	-0.10488982
1.650	-0.450	0.000	-0.10426033
1.750	-0.450	0.000	-0.10391390
1.850	-0.450	0.000	-0.10416850
1.950	-0.450	0.000	-0.10488717
2.050	-0.450	0.000	-0.10578141
2.150	-0.450	0.000	-0.10644385
2.250	-0.450	0.000	-0.10677895
2.350	-0.450	0.000	-0.10674455
2.450	-0.450	0.000	-0.10626353
-2.450	-0.350	0.000	-0.14970313
-2.350	-0.350	0.000	-0.14955342
-2.250	-0.350	0.000	-0.14882265
-2.150	-0.350	0.000	-0.14859045
-2.050	-0.350	0.000	-0.14908685
-1.950	-0.350	0.000	-0.15144786
-1.850	-0.350	0.000	-0.15516315
-1.750	-0.350	0.000	-0.15734877
-1.650	-0.350	0.000	-0.15736279
-1.550	-0.350	0.000	-0.15507029
-1.450	-0.350	0.000	-0.14952904
-1.350	-0.350	0.000	-0.14172947
-1.250	-0.350	0.000	-0.13329391
-1.150	-0.350	0.000	-0.12444905
-1.050	-0.350	0.000	-0.11949313
-0.950	-0.350	0.000	-0.11804572
-0.850	-0.350	0.000	-0.11880803
-0.750	-0.350	0.000	-0.12005816
-0.650	-0.350	0.000	-0.12173121
-0.550	-0.350	0.000	-0.12277146
-0.450	-0.350	0.000	-0.12314851
-0.350	-0.350	0.000	-0.12282872
-0.250	-0.350	0.000	-0.12240439
-0.150	-0.350	0.000	-0.12188441
-0.050	-0.350	0.000	-0.12185341
0.050	-0.350	0.000	-0.12165132
0.150	-0.350	0.000	-0.12146257
0.250	-0.350	0.000	-0.12128148
0.350	-0.350	0.000	-0.12060946
0.450	-0.350	0.000	-0.11937220
0.550	-0.350	0.000	-0.11801597
0.650	-0.350	0.000	-0.11622733
0.750	-0.350	0.000	-0.11393581
0.850	-0.350	0.000	-0.11160576
0.950	-0.350	0.000	-0.10954673
1.050	-0.350	0.000	-0.10790312
1.150	-0.350	0.000	-0.10663947
1.250	-0.350	0.000	-0.10590413
1.350	-0.350	0.000	-0.10546342
1.450	-0.350	0.000	-0.10505921
1.550	-0.350	0.000	-0.10469711
1.650	-0.350	0.000	-0.10438044
1.750	-0.350	0.000	-0.10423300
1.850	-0.350	0.000	-0.10461165
1.950	-0.350	0.000	-0.10539143
2.050	-0.350	0.000	-0.10628346
2.150	-0.350	0.000	-0.10712224
2.250	-0.350	0.000	-0.10775495
2.350	-0.350	0.000	-0.10788850
2.450	-0.350	0.000	-0.10800917
-2.450	-0.250	0.000	-0.15071289
-2.350	-0.250	0.000	-0.15049742
-2.250	-0.250	0.000	-0.14959554
-2.150	-0.250	0.000	-0.14929356
-2.050	-0.250	0.000	-0.14970993
-1.950	-0.250	0.000	-0.15225305
-1.850	-0.250	0.000	-0.15615533
-1.750	-0.250	0.000	-0.15857093
-1.650	-0.250	0.000	-0.15854514
-1.550	-0.250	0.000	-0.15608475
-1.450	-0.250	0.000	-0.15024197
-1.350	-0.250	0.000	-0.14237463
-1.250	-0.250	0.000	-0.13386764
-1.150	-0.250	0.000	-0.12573747
-1.050	-0.250	0.000	-0.12112236
-0.950	-0.250	0.000	-0.12003743
-0.850	-0.250	0.000	-0.12060026
-0.750	-0.250	0.000	-0.12145740
-0.650	-0.250	0.000	-0.12238633
-0.550	-0.250	0.000	-0.12309143
-0.450	-0.250	0.000	-0.12313907
-0.350	-0.250	0.000	-0.12256549
-0.250	-0.250	0.000	-0.12197758
-0.150	-0.250	0.000	-0.12133884
-0.050	-0.250	0.000	-0.12110698
0.050	-0.250	0.000	-0.12091359
0.150	-0.250	0.000	-0.12031021
0.250	-0.250	0.000	-0.11994846
0.350	-0.250	0.000	-0.11911391
0.450	-0.250	0.000	-0.11780852
0.550	-0.250	0.000	-0.11642342
0.650	-0.250	0.000	-0.11500026
0.750	-0.250	0.000	-0.11317308
0.850	-0.250	0.000	-0.11118706
0.950	-0.250	0.000	-0.10931146
1.050	-0.250	0.000	-0.10775501
1.150	-0.250	0.000	-0.10651071
1.250	-0.250	0.000	-0.10574722
1.350	-0.250	0.000	-0.10532743
1.450	-0.250	0.000	-0.10497860
1.550	-0.250	0.000	-0.10473291
1.650	-0.250	0.000	-0.10458139
1.750	-0.250	0.000	-0.10459450
1.850	-0.250	0.000	-0.10493476
1.950	-0.250	0.000	-0.10554846
2.050	-0.250	0.000	-0.10642607
2.150	-0.250	0.000	-0.10733124
2.250	-0.250	0.000	-0.10800789
2.350	-0.250	0.000	-0.10820108
2.450	-0.250	0.000	-0.10835904
-2.450	-0.150	0.000	-0.15196195
-2.350	-0.150	0.000	-0.15164316
-2.250	-0.150	0.000	-0.15060133
-2.150	-0.150	0.000	-0.15020189
-2.050	-0.150	0.000	-0.15064679
-1.950	-0.150	0.000	-0.15313390
-1.850	-0.150	0.000	-0.15688378
-1.750	-0.150	0.000	-0.15899588
-1.650	-0.150	0.000	-0.15895182
-1.550	-0.150	0.000	-0.15637602
-1.450	-0.150	0.000	-0.15070255
-1.350	-0.150	0.000	-0.14329612
-1.250	-0.150	0.000	-0.13528669
-1.150	-0.150	0.000	-0.12825833
-1.050	-0.150	0.000	-0.12379351
-0.950	-0.150	0.000	-0.12222601
-0.850	-0.150	0.000	-0.12219110
-0.750	-0.150	0.000	-0.12252378
-0.650	-0.150	0.000	-0.12290035
-0.550	-0.150	0.000	-0.12292869
-0.450	-0.150	0.000	-0.12261811
-0.350	-0.150	0.000	-0.12185601
-0.250	-0.150	0.000	-0.12128632
-0.150	-0.150	0.000	-0.12078994
-0.050	-0.150	0.000	-0.12052297
0.050	-0.150	0.000	-0.12025139
0.150	-0.150	0.000	-0.11946268
0.250	-0.150	0.000	-0.11892427
0.350	-0.150	0.000	-0.11795711
0.450	-0.150	0.000	-0.11659867
0.550	-0.150	0.000	-0.11492512
0.650	-0.150	0.000	-0.11324789
0.750	-0.150	0.000	-0.11154804
0.850	-0.150	0.000	-0.10999141
0.950	-0.150	0.000	-0.10856003
1.050	-0.150	0.000	-0.10744114
1.150	-0.150	0.000	-0.10656463
1.250	-0.150	0.000	-0.10596263
1.350	-0.150	0.000	-0.10551758
1.450	-0.150	0.000	-0.10505706
1.550	-0.150	0.000	-0.10457052
1.650	-0.150	0.000	-0.10419296
1.750	-0.150	0.000	-0.10406447
1.850	-0.150	0.000	-0.10423017
1.950	-0.150	0.000	-0.10461821
2.050	-0.150	0.000	-0.10539430
2.150	-0.150	0.000	-0.10641678
2.250	-0.150	0.000	-0.10713188
2.350	-0.150	0.000	-0.10744624
2.450	-0.150	0.000	-0.10741428
-2.450	-0.050	0.000	-0.15260181
-2.350	-0.050	0.000	-0.15216760
-2.250	-0.050	0.000	-0.15104192
-2.150	-0.050	0.000	-0.15057245
-2.050	-0.050	0.000	-0.15100330
-1.950	-0.050	0.000	-0.15336655
-1.850	-0.050	0.000	-0.15692474
-1.750	-0.050	0.000	-0.15860349
-1.650	-0.050	0.000	-0.15868345
-1.550	-0.050	0.000	-0.15632653
-1.450	-0.050	0.000	-0.15092152
-1.350	-0.050	0.000	-0.14414790
-1.250	-0.050	0.000	-0.13667803
-1.150	-0.050	0.000	-0.13080928
-1.050	-0.050	0.000	-0.12631825
-0.950	-0.050	0.000	-0.12421899
-0.850	-0.050	0.000	-0.12348031
-0.750	-0.050	0.000	-0.12314878
-0.650	-0.050	0.000	-0.12286717
-0.550	-0.050	0.000	-0.12232612
-0.450	-0.050	0.000	-0.12153597
-0.350	-0.050	0.000	-0.12063466
-0.250	-0.050	0.000	-0.12015154
-0.150	-0.050	0.000	-0.11983875
-0.050	-0.050	0.000	-0.11962657
0.050	-0.050	0.000	-0.11940726
0.150	-0.050	0.000	-0.11871919
0.250	-0.050	0.000	-0.11814103
0.350	-0.050	0.000	-0.11713947
0.450	-0.050	0.000	-0.11563220
0.550	-0.050	0.000	-0.11385761
0.650	-0.050	0.000	-0.11212304
0.750	-0.050	0.000	-0.11046968
0.850	-0.050	0.000	-0.10911797
0.950	-0.050	0.000	-0.10791115
1.050	-0.050	0.000	-0.10699560
1.150	-0.050	0.000	-0.10663294
1.250	-0.050	0.000	-0.10627887
1.350	-0.050	0.000	-0.10574557
1.450	-0.050	0.000	-0.10503039
1.550	-0.050	0.000	-0.10419621
1.650	-0.050	0.000	-0.10335619
1.750	-0.050	0.000	-0.10273470
1.850	-0.050	0.000	-0.10242240
1.950	-0.050	0.000	-0.10240781
2.050	-0.050	0.000	-0.10277718
2.150	-0.050	0.000	-0.10359179
2.250	-0.050	0.000	-0.10414889
2.350	-0.050	0.000	-0.10447343
2.450	-0.050	0.000	-0.10422026
-2.450	0.050	0.000	-0.15335986
-2.350	0.050	0.000	-0.15282074
-2.250	0.050	0.000	-0.15151155
-2.150	0.050	0.000	-0.15081427
-2.050	0.050	0.000	-0.15115370
-1.950	0.050	0.000	-0.15327564
-1.850	0.050	0.000	-0.15650648
-1.750	0.050	0.000	-0.15800230
-1.650	0.050	0.000	-0.15816054
-1.550	0.050	0.000	-0.15592591
-1.450	0.050	0.000	-0.15095809
-1.350	0.050	0.000	-0.14468336
-1.250	0.050	0.000	-0.13808423
-1.150	0.050	0.000	-0.13301675
-1.050	0.050	0.000	-0.12880088
-0.950	0.050	0.000	-0.12631218
-0.850	0.050	0.000	-0.12484632
-0.750	0.050	0.000	-0.12367200
-0.650	0.050	0.000	-0.12263078
-0.550	0.050	0.000	-0.12152562
-0.450	0.050	0.000	-0.12047220
-0.350	0.050	0.000	-0.11962543
-0.250	0.050	0.000	-0.11916736
-0.150	0.050	0.000	-0.11900923
-0.050	0.050	0.000	-0.11884416
0.050	0.050	0.000	-0.11859506
0.150	0.050	0.000	-0.11790912
0.250	0.050	0.000	-0.11728289
0.350	0.050	0.000	-0.11635530
0.450	0.050	0.000	-0.11488556
0.550	0.050	0.000	-0.11308236
0.650	0.050	0.000	-0.11135013
0.750	0.050	0.000	-0.10970519
0.850	0.050	0.000	-0.10841436
0.950	0.050	0.000	-0.10740361
1.050	0.050	0.000	-0.10660414
1.150	0.050	0.000	-0.10658305
1.250	0.050	0.000	-0.10639939
1.350	0.050	0.000	-0.10596734
1.450	0.050	0.000	-0.10517314
1.550	0.050	0.000	-0.10404182
1.650	0.050	0.000	-0.10271520
1.750	0.050	0.000	-0.10143141
1.850	0.050	0.000	-0.10041708
1.950	0.050	0.000	-0.09972661
2.050	0.050	0.000	-0.09958716
2.150	0.050	0.000	-0.09982553
2.250	0.050	0.000	-0.10022546
2.350	0.050	0.000	-0.10071260
2.450	0.050	0.000	-0.10035136
-2.450	0.150	0.000	-0.15468158
-2.350	0.150	0.000	-0.15410665
-2.250	0.150	0.000	-0.15271893
-2.150	0.150	0.000	-0.15189001
-2.050	0.150	0.000	-0.15213035
-1.950	0.150	0.000	-0.15388121
-1.850	0.150	0.000	-0.15675206
-1.750	0.150	0.000	-0.15782966
-1.650	0.150	0.000	-0.15799004
-1.550	0.150	0.000	-0.15588352
-1.450	0.150	0.000	-0.15135944
-1.350	0.150	0.000	-0.14559953
-1.250	0.150	0.000	-0.13976300
-1.150	0.150	0.000	-0.13494751
-1.050	0.150	0.000	-0.13103253
-0.950	0.150	0.000	-0.12835097
-0.850	0.150	0.000	-0.12641977
-0.750	0.150	0.000	-0.12469302
-0.650	0.150	0.000	-0.12303838
-0.550	0.150	0.000	-0.12149213
-0.450	0.150	0.000	-0.12016305
-0.350	0.150	0.000	-0.11923122
-0.250	0.150	0.000	-0.11873789
-0.150	0.150	0.000	-0.11851946
-0.050	0.150	0.000	-0.11823619
0.050	0.150	0.000	-0.11787505
0.150	0.150	0.000	-0.11722088
0.250	0.150	0.000	-0.11647940
0.350	0.150	0.000	-0.11555737
0.450	0.150	0.000	-0.11426649
0.550	0.150	0.000	-0.11259996
0.650	0.150	0.000	-0.11091696
0.750	0.150	0.000	-0.10933376
0.850	0.150	0.000	-0.10798999
0.950	0.150	0.000	-0.10703969
1.050	0.150	0.000	-0.10618738
1.150	0.150	0.000	-0.10596758
1.250	0.150	0.000	-0.10577410
1.350	0.150	0.000	-0.10544829
1.450	0.150	0.000	-0.10465445
1.550	0.150	0.000	-0.10333036
1.650	0.150	0.000	-0.10175940
1.750	0.150	0.000	-0.10008553
1.850	0.150	0.000	-0.09870043
1.950	0.150	0.000	-0.09759921
2.050	0.150	0.000	-0.09714857
2.150	0.150	0.000	-0.09701727
2.250	0.150	0.000	-0.09714989
2.350	0.150	0.000	-0.09764384
2.450	0.150	0.000	-0.09748397
-2.450	0.250	0.000	-0.15650015
-2.350	0.250	0.000	-0.15582873
-2.250	0.250	0.000	-0.15438786
-2.150	0.250	0.000	-0.15347494
-2.050	0.250	0.000	-0.15360358
-1.950	0.250	0.000	-0.15506634
-1.850	0.250	0.000	-0.15750149
-1.750	0.250	0.000	-0.15837543
-1.650	0.250	0.000	-0.15841232
-1.550	0.250	0.000	-0.15637633
-1.450	0.250	0.000	-0.15217583
-1.350	0.250	0.000	-0.14681375
-1.250	0.250	0.000	-0.14148605
-1.150	0.250	0.000	-0.13705000
-1.050	0.250	0.000	-0.13356468
-0.950	0.250	0.000	-0.13106661
-0.850	0.250	0.000	-0.12907465
-0.750	0.250	0.000	-0.12712477
-0.650	0.250	0.000	-0.12522389
-0.550	0.250	0.000	-0.12333056
-0.450	0.250	0.000	-0.12160200
-0.350	0.250	0.000	-0.12030976
-0.250	0.250	0.000	-0.11943538
-0.150	0.250	0.000	-0.11869752
-0.050	0.250	0.000	-0.11801642
0.050	0.250	0.000	-0.11737546
0.150	0.250	0.000	-0.11671369
0.250	0.250	0.000	-0.11594087
0.350	0.250	0.000	-0.11512463
0.450	0.250	0.000	-0.11415002
0.550	0.250	0.000	-0.11283594
0.650	0.250	0.000	-0.11139645
0.750	0.250	0.000	-0.11000021
0.850	0.250	0.000	-0.10855100
0.950	0.250	0.000	-0.10716282
1.050	0.250	0.000	-0.10590971
1.150	0.250	0.000	-0.10513745
1.250	0.250	0.000	-0.10460217
1.350	0.250	0.000	-0.10411951
1.450	0.250	0.000	-0.10342896
1.550	0.250	0.000	-0.10244597
1.650	0.250	0.000	-0.10133523
1.750	0.250	0.000	-0.09991036
1.850	0.250	0.000	-0.09857994
1.950	0.250	0.000	-0.09746061
2.050	0.250	0.000	-0.09677773
2.150	0.250	0.000	-0.09618064
2.250	0.250	0.000	-0.09572201
2.350	0.250	0.000	-0.09578405
2.450	0.250	0.000	-0.09548564
-2.450	0.350	0.000	-0.15856612
-2.350	0.350	0.000	-0.15785424
-2.250	0.350	0.000	-0.15628688
-2.150	0.350	0.000	-0.15515520
-2.050	0.350	0.000	-0.15505132
-1.950	0.350	0.000	-0.15612708
-1.850	0.350	0.000	-0.15810265
-1.750	0.350	0.000	-0.15886475
-1.650	0.350	0.000	-0.15888561
-1.550	0.350	0.000	-0.15702464
-1.450	0.350	0.000	-0.15325135
-1.350	0.350	0.000	-0.14852679
-1.250	0.350	0.000	-0.14380991
-1.150	0.350	0.000	-0.13986120
-1.050	0.350	0.000	-0.13676697
-0.950	0.350	0.000	-0.13453259
-0.850	0.350	0.000	-0.13267475
-0.750	0.350	0.000	-0.13077462
-0.650	0.350	0.000	-0.12875083
-0.550	0.350	0.000	-0.12656635
-0.450	0.350	0.000	-0.12434603
-0.350	0.350	0.000	-0.12241579
-0.250	0.350	0.000	-0.12086447
-0.150	0.350	0.000	-0.11960253
-0.050	0.350	0.000	-0.11834425
0.050	0.350	0.000	-0.11716533
0.150	0.350	0.000	-0.11622302
0.250	0.350	0.000	-0.11543268
0.350	0.350	0.000	-0.11478142
0.450	0.350	0.000	-0.11414909
0.550	0.350	0.000	-0.11335579
0.650	0.350	0.000	-0.11232625
0.750	0.350	0.000	-0.11111104
0.850	0.350	0.000	-0.10969675
0.950	0.350	0.000	-0.10801484
1.050	0.350	0.000	-0.10646973
1.150	0.350	0.000	-0.10489990
1.250	0.350	0.000	-0.10365634
1.350	0.350	0.000	-0.10268729
1.450	0.350	0.000	-0.10189515
1.550	0.350	0.000	-0.10117204
1.650	0.350	0.000	-0.10051121
1.750	0.350	0.000	-0.09966049
1.850	0.350	0.000	-0.09873955
1.950	0.350	0.000	-0.09782793
2.050	0.350	0.000	-0.09709229
2.150	0.350	0.000	-0.09626883
2.250	0.350	0.000	-0.09549779
2.350	0.350	0.000	-0.09527086
2.450	0.350	0.000	-0.09470011
-2.450	0.450	0.000	-0.15982434
-2.350	0.450	0.000	-0.15911920
-2.250	0.450	0.000	-0.15739763
-2.150	0.450	0.000	-0.15608525
-2.050	0.450	0.000	-0.15576491
-1.950	0.450	0.000	-0.15658748
-1.850	0.450	0.000	-0.15813807
-1.750	0.450	0.000	-0.15877885
-1.650	0.450	0.000	-0.15869308
-1.550	0.450	0.000	-0.15707858
-1.450	0.450	0.000	-0.15402220
-1.350	0.450	0.000	-0.15011086
-1.250	0.450	0.000	-0.14610101
-1.150	0.450	0.000	-0.14267166
-1.050	0.450	0.000	-0.13995278
-0.950	0.450	0.000	-0.13786386
-0.850	0.450	0.000	-0.13596192
-0.750	0.450	0.000	-0.13414970
-0.650	0.450	0.000	-0.13226575
-0.550	0.450	0.000	-0.13009971
-0.450	0.450	0.000	-0.12767035
-0.350	0.450	0.000	-0.12528008
-0.250	0.450	0.000	-0.12296019
-0.150	0.450	0.000	-0.12083600
-0.050	0.450	0.000	-0.11900540
0.050	0.450	0.000	-0.11729311
0.150	0.450	0.000	-0.11593189
0.250	0.450	0.000	-0.11515580
0.350	0.450	0.000	-0.11442505
0.450	0.450	0.000	-0.11388585
0.550	0.450	0.000	-0.11348698
0.650	0.450	0.000	-0.11294623
0.750	0.450	0.000	-0.11203794
0.850	0.450	0.000	-0.11067633
0.950	0.450	0.000	-0.10888389
1.050	0.450	0.000	-0.10706612
1.150	0.450	0.000	-0.10503875
1.250	0.450	0.000	-0.10337856
1.350	0.450	0.000	-0.10196881
1.450	0.450	0.000	-0.10097340
1.550	0.450	0.000	-0.10034539
1.650	0.450	0.000	-0.09973595
1.750	0.450	0.000	-0.09919187
1.850	0.450	0.000	-0.09858984
1.950	0.450	0.000	-0.09773142
2.050	0.450	0.000	-0.09690844
2.150	0.450	0.000	-0.09587140
2.250	0.450	0.000	-0.09494220
2.350	0.450	0.000	-0.09441889
2.450	0.450	0.000	-0.09376024
-2.450	0.550	0.000	-0.15972452
-2.350	0.550	0.000	-0.15908766
-2.250	0.550	0.000	-0.15725982
-2.150	0.550	0.000	-0.15569752
-2.050	0.550	0.000	-0.15515974
-1.950	0.550	0.000	-0.15573636
-1.850	0.550	0.000	-0.15665616
-1.750	0.550	0.000	-0.15745032
-1.650	0.550	0.000	-0.15777466
-1.550	0.550	0.000	-0.15663680
-1.450	0.550	0.000	-0.15424645
-1.350	0.550	0.000	-0.15096833
-1.250	0.550	0.000	-0.14757681
-1.150	0.550	0.000	-0.14459303
-1.050	0.550	0.000	-0.14212011
-0.950	0.550	0.000	-0.14011332
-0.850	0.550	0.000	-0.13836060
-0.750	0.550	0.000	-0.13677242
-0.650	0.550	0.000	-0.13514437
-0.550	0.550	0.000	-0.13320118
-0.450	0.550	0.000	-0.13090357
-0.350	0.550	0.000	-0.12840818
-0.250	0.550	0.000	-0.12578593
-0.150	0.550	0.000	-0.12315592
-0.050	0.550	0.000	-0.12054057
0.050	0.550	0.000	-0.11797129
0.150	0.550	0.000	-0.11622748
0.250	0.550	0.000	-0.11499793
0.350	0.550	0.000	-0.11400060
0.450	0.550	0.000	-0.11352479
0.550	0.550	0.000	-0.11339730
0.650	0.550	0.000	-0.11303948
0.750	0.550	0.000	-0.11207332
0.850	0.550	0.000	-0.11061294
0.950	0.550	0.000	-0.10888486
1.050	0.550	0.000	-0.10694647
1.150	0.550	0.000	-0.10481584
1.250	0.550	0.000	-0.10294659
1.350	0.550	0.000	-0.10125715
1.450	0.550	0.000	-0.10004509
1.550	0.550	0.000	-0.09967762
1.650	0.550	0.000	-0.09930445
1.750	0.550	0.000	-0.09913443
1.850	0.550	0.000	-0.09890345
1.950	0.550	0.000	-0.09806535
2.050	0.550	0.000	-0.09696554
2.150	0.550	0.000	-0.09566527
2.250	0.550	0.000	-0.09449151
2.350	0.550	0.000	-0.09360775
2.450	0.550	0.000	-0.09285573
-2.450	0.650	0.000	-0.15841544
-2.350	0.650	0.000	-0.15776470
-2.250	0.650	0.000	-0.15583085
-2.150	0.650	0.000	-0.15415159
-2.050	0.650	0.000	-0.15356162
-1.950	0.650	0.000	-0.15402202
-1.850	0.650	0.000	-0.15481019
-1.750	0.650	0.000	-0.15563489
-1.650	0.650	0.000	-0.15592700
-1.550	0.650	0.000	-0.15504892
-1.450	0.650	0.000	-0.15320620
-1.350	0.650	0.000	-0.15061468
-1.250	0.650	0.000	-0.14780614
-1.150	0.650	0.000	-0.14509055
-1.050	0.650	0.000	-0.14281866
-0.950	0.650	0.000	-0.14096825
-0.850	0.650	0.000	-0.13944055
-0.750	0.650	0.000	-0.13828705
-0.650	0.650	0.000	-0.13719603
-0.550	0.650	0.000	-0.13569614
-0.450	0.650	0.000	-0.13374393
-0.350	0.650	0.000	-0.13145114
-0.250	0.650	0.000	-0.12879935
-0.150	0.650	0.000	-0.12592523
-0.050	0.650	0.000	-0.12280554
0.050	0.650	0.000	-0.11988170
0.150	0.650	0.000	-0.11746990
0.250	0.650	0.000	-0.11546575
0.350	0.650	0.000	-0.11406198
0.450	0.650	0.000	-0.11327565
0.550	0.650	0.000	-0.11281142
0.650	0.650	0.000	-0.11230186
0.750	0.650	0.000	-0.11139308
0.850	0.650	0.000	-0.10991543
0.950	0.650	0.000	-0.10824955
1.050	0.650	0.000	-0.10629728
1.150	0.650	0.000	-0.10425242
1.250	0.650	0.000	-0.10255376
1.350	0.650	0.000	-0.10116380
1.450	0.650	0.000	-0.10016228
1.550	0.650	0.000	-0.09968580
1.650	0.650	0.000	-0.09917954
1.750	0.650	0.000	-0.09880082
1.850	0.650	0.000	-0.09850726
1.950	0.650	0.000	-0.09787628
2.050	0.650	0.000	-0.09690960
2.150	0.650	0.000	-0.09577359
2.250	0.650	0.000	-0.09474874
2.350	0.650	0.000	-0.09369323
2.450	0.650	0.000	-0.09272159
-2.450	0.750	0.000	-0.15715268
-2.350	0.750	0.000	-0.15648507
-2.250	0.750	0.000	-0.15437949
-2.150	0.750	0.000	-0.15279377
-2.050	0.750	0.000	-0.15224749
-1.950	0.750	0.000	-0.15268731
-1.850	0.750	0.000	-0.15322208
-1.750	0.750	0.000	-0.15395856
-1.650	0.750	0.000	-0.15401101
-1.550	0.750	0.000	-0.15306351
-1.450	0.750	0.000	-0.15143646
-1.350	0.750	0.000	-0.14923272
-1.250	0.750	0.000	-0.14666937
-1.150	0.750	0.000	-0.14428347
-1.050	0.750	0.000	-0.14225361
-0.950	0.750	0.000	-0.14057022
-0.850	0.750	0.000	-0.13922451
-0.750	0.750	0.000	-0.13843009
-0.650	0.750	0.000	-0.13782506
-0.550	0.750	0.000	-0.13690187
-0.450	0.750	0.000	-0.13555107
-0.350	0.750	0.000	-0.13371785
-0.250	0.750	0.000	-0.13137135
-0.150	0.750	0.000	-0.12866065
-0.050	0.750	0.000	-0.12554932
0.050	0.750	0.000	-0.12240250
0.150	0.750	0.000	-0.11973531
0.250	0.750	0.000	-0.11719876
0.350	0.750	0.000	-0.11502862
0.450	0.750	0.000	-0.11360013
0.550	0.750	0.000	-0.11259638
0.650	0.750	0.000	-0.11166450
0.750	0.750	0.000	-0.11065022
0.850	0.750	0.000	-0.10931240
0.950	0.750	0.000	-0.10781870
1.050	0.750	0.000	-0.10615400
1.150	0.750	0.000	-0.10470226
1.250	0.750	0.000	-0.10327452
1.350	0.750	0.000	-0.10191246
1.450	0.750	0.000	-0.10078344
1.550	0.750	0.000	-0.09975943
1.650	0.750	0.000	-0.09894461
1.750	0.750	0.000	-0.09838660
1.850	0.750	0.000	-0.09795429
1.950	0.750	0.000	-0.09756262
2.050	0.750	0.000	-0.09701588
2.150	0.750	0.000	-0.09615662
2.250	0.750	0.000	-0.09535418
2.350	0.750	0.000	-0.09434432
2.450	0.750	0.000	-0.09353468
-2.450	0.850	0.000	-0.15552862
-2.350	0.850	0.000	-0.15471531
-2.250	0.850	0.000	-0.15237552
-2.150	0.850	0.000	-0.15088029
-2.050	0.850	0.000	-0.15067077
-1.950	0.850	0.000	-0.15132785
-1.850	0.850	0.000	-0.15190338
-1.750	0.850	0.000	-0.15248568
-1.650	0.850	0.000	-0.15212846
-1.550	0.850	0.000	-0.15077762
-1.450	0.850	0.000	-0.14919266
-1.350	0.850	0.000	-0.14730783
-1.250	0.850	0.000	-0.14512242
-1.150	0.850	0.000	-0.14281152
-1.050	0.850	0.000	-0.14068095
-0.950	0.850	0.000	-0.13901640
-0.850	0.850	0.000	-0.13781278
-0.750	0.850	0.000	-0.13737455
-0.650	0.850	0.000	-0.13721323
-0.550	0.850	0.000	-0.13676929
-0.450	0.850	0.000	-0.13592438
-0.350	0.850	0.000	-0.13459456
-0.250	0.850	0.000	-0.13277553
-0.150	0.850	0.000	-0.13048026
-0.050	0.850	0.000	-0.12771036
0.050	0.850	0.000	-0.12477724
0.150	0.850	0.000	-0.12216340
0.250	0.850	0.000	-0.11957744
0.350	0.850	0.000	-0.11732885
0.450	0.850	0.000	-0.11560562
0.550	0.850	0.000	-0.11413316
0.650	0.850	0.000	-0.11263706
0.750	0.850	0.000	-0.11105656
0.850	0.850	0.000	-0.10961200
0.950	0.850	0.000	-0.10815007
1.050	0.850	0.000	-0.10653511
1.150	0.850	0.000	-0.10520786
1.250	0.850	0.000	-0.10373522
1.350	0.850	0.000	-0.10227546
1.450	0.850	0.000	-0.10092416
1.550	0.850	0.000	-0.09965638
1.650	0.850	0.000	-0.09871855
1.750	0.850	0.000	-0.09816941
1.850	0.850	0.000	-0.09784979
1.950	0.850	0.000	-0.09762865
2.050	0.850	0.000	-0.09742382
2.150	0.850	0.000	-0.09689906
2.250	0.850	0.000	-0.09632349
2.350	0.850	0.000	-0.09544062
2.450	0.850	0.000	-0.09462956
-2.450	0.950	0.000	-0.15388182
-2.350	0.950	0.000	-0.15287280
-2.250	0.950	0.000	-0.15043591
-2.150	0.950	0.000	-0.14937666
-2.050	0.950	0.000	-0.14955676
-1.950	0.950	0.000	-0.15059501
-1.850	0.950	0.000	-0.15111037
-1.750	0.950	0.000	-0.15141173
-1.650	0.950	0.000	-0.15059170
-1.550	0.950	0.000	-0.14886600
-1.450	0.950	0.000	-0.14717013
-1.350	0.950	0.000	-0.14530244
-1.250	0.950	0.000	-0.14314154
-1.150	0.950	0.000	-0.14066669
-1.050	0.950	0.000	-0.13830642
-0.950	0.950	0.000	-0.13655975
-0.850	0.950	0.000	-0.13545835
-0.750	0.950	0.000	-0.13532892
-0.650	0.950	0.000	-0.13542879
-0.550	0.950	0.000	-0.13530469
-0.450	0.950	0.000	-0.13490747
-0.350	0.950	0.000	-0.13420069
-0.250	0.950	0.000	-0.13287824
-0.150	0.950	0.000	-0.13112883
-0.050	0.950	0.000	-0.12892942
0.050	0.950	0.000	-0.12652805
0.150	0.950	0.000	-0.12438594
0.250	0.950	0.000	-0.12202031
0.350	0.950	0.000	-0.11981005
0.450	0.950	0.000	-0.11801478
0.550	0.950	0.000	-0.11635150
0.650	0.950	0.000	-0.11450564
0.750	0.950	0.000	-0.11264244
0.850	0.950	0.000	-0.11080044
0.950	0.950	0.000	-0.10907560
1.050	0.950	0.000	-0.10750315
1.150	0.950	0.000	-0.10630946
1.250	0.950	0.000	-0.10511708
1.350	0.950	0.000	-0.10379931
1.450	0.950	0.000	-0.10252089
1.550	0.950	0.000	-0.10115702
1.650	0.950	0.000	-0.10007420
1.750	0.950	0.000	-0.09921890
1.850	0.950	0.000	-0.09858970
1.950	0.950	0.000	-0.09816985
2.050	0.950	0.000	-0.09785812
2.150	0.950	0.000	-0.09737822
2.250	0.950	0.000	-0.09691266
2.350	0.950	0.000	-0.09628540
2.450	0.950	0.000	-0.09537897
-2.450	1.050	0.000	-0.15201375
-2.350	1.050	0.000	-0.15101987
-2.250	1.050	0.000	-0.14865625
-2.150	1.050	0.000	-0.14836554
-2.050	1.050	0.000	-0.14885554
-1.950	1.050	0.000	-0.15024291
-1.850	1.050	0.000	-0.15080965
-1.750	1.050	0.000	-0.15093499
-1.650	1.050	0.000	-0.14971989
-1.550	1.050	0.000	-0.14781107
-1.450	1.050	0.000	-0.14617194
-1.350	1.050	0.000	-0.14439118
-1.250	1.050	0.000	-0.14223622
-1.150	1.050	0.000	-0.13944556
-1.050	1.050	0.000	-0.13662122
-0.950	1.050	0.000	-0.13440140
-0.850	1.050	0.000	-0.13304615
-0.750	1.050	0.000	-0.13284187
-0.650	1.050	0.000	-0.13294971
-0.550	1.050	0.000	-0.13298953
-0.450	1.050	0.000	-0.13286830
-0.350	1.050	0.000	-0.13245679
-0.250	1.050	0.000	-0.13158844
-0.150	1.050	0.000	-0.13055517
-0.050	1.050	0.000	-0.12899409
0.050	1.050	0.000	-0.12737352
0.150	1.050	0.000	-0.12581836
0.250	1.050	0.000	-0.12392218
0.350	1.050	0.000	-0.12200163
0.450	1.050	0.000	-0.12026977
0.550	1.050	0.000	-0.11859239
0.650	1.050	0.000	-0.11675870
0.750	1.050	0.000	-0.11490294
0.850	1.050	0.000	-0.11305961
0.950	1.050	0.000	-0.11129539
1.050	1.050	0.000	-0.10954716
1.150	1.050	0.000	-0.10798448
1.250	1.050	0.000	-0.10656020
1.350	1.050	0.000	-0.10507410
1.450	1.050	0.000	-0.10364561
1.550	1.050	0.000	-0.10219491
1.650	1.050	0.000	-0.10104768
1.750	1.050	0.000	-0.10005137
1.850	1.050	0.000	-0.09926132
1.950	1.050	0.000	-0.09886688
2.050	1.050	0.000	-0.09842814
2.150	1.050	0.000	-0.09778313
2.250	1.050	0.000	-0.09704654
2.350	1.050	0.000	-0.09625473
2.450	1.050	0.000	-0.09481449
-2.450	1.150	0.000	-0.15058108
-2.350	1.150	0.000	-0.14974961
-2.250	1.150	0.000	-0.14752483
-2.150	1.150	0.000	-0.14763790
-2.050	1.150	0.000	-0.14843893
-1.950	1.150	0.000	-0.15001598
-1.850	1.150	0.000	-0.15073076
-1.750	1.150	0.000	-0.15078424
-1.650	1.150	0.000	-0.14935635
-1.550	1.150	0.000	-0.14751182
-1.450	1.150	0.000	-0.14596629
-1.350	1.150	0.000	-0.14424755
-1.250	1.150	0.000	-0.14202076
-1.150	1.150	0.000	-0.13889067
-1.050	1.150	0.000	-0.13557079
-0.950	1.150	0.000	-0.13274443
-0.850	1.150	0.000	-0.13105322
-0.750	1.150	0.000	-0.13037050
-0.650	1.150	0.000	-0.13012396
-0.550	1.150	0.000	-0.13010938
-0.450	1.150	0.000	-0.13011843
-0.350	1.150	0.000	-0.13001807
-0.250	1.150	0.000	-0.12957606
-0.150	1.150	0.000	-0.12887283
-0.050	1.150	0.000	-0.12794892
0.050	1.150	0.000	-0.12713601
0.150	1.150	0.000	-0.12610187
0.250	1.150	0.000	-0.12482832
0.350	1.150	0.000	-0.12351006
0.450	1.150	0.000	-0.12209506
0.550	1.150	0.000	-0.12068994
0.650	1.150	0.000	-0.11919367
0.750	1.150	0.000	-0.11770501
0.850	1.150	0.000	-0.11616999
0.950	1.150	0.000	-0.11454759
1.050	1.150	0.000	-0.11281023
1.150	1.150	0.000	-0.11105670
1.250	1.150	0.000	-0.10929370
1.350	1.150	0.000	-0.10748965
1.450	1.150	0.000	-0.10570656
1.550	1.150	0.000	-0.10391472
1.650	1.150	0.000	-0.10243676
1.750	1.150	0.000	-0.10114133
1.850	1.150	0.000	-0.10012601
1.950	1.150	0.000	-0.09940532
2.050	1.150	0.000	-0.09856662
2.150	1.150	0.000	-0.09741988
2.250	1.150	0.000	-0.09617008
2.350	1.150	0.000	-0.09500273
2.450	1.150	0.000	-0.09282590
-2.450	1.250	0.000	-0.14928399
-2.350	1.250	0.000	-0.14876828
-2.250	1.250	0.000	-0.14706734
-2.150	1.250	0.000	-0.14718519
-2.050	1.250	0.000	-0.14824419
-1.950	1.250	0.000	-0.15005735
-1.850	1.250	0.000	-0.15090461
-1.750	1.250	0.000	-0.15087196
-1.650	1.250	0.000	-0.14938973
-1.550	1.250	0.000	-0.14759104
-1.450	1.250	0.000	-0.14609686
-1.350	1.250	0.000	-0.14451429
-1.250	1.250	0.000	-0.14232039
-1.150	1.250	0.000	-0.13908540
-1.050	1.250	0.000	-0.13538978
-0.950	1.250	0.000	-0.13200682
-0.850	1.250	0.000	-0.12979524
-0.750	1.250	0.000	-0.12838478
-0.650	1.250	0.000	-0.12769087
-0.550	1.250	0.000	-0.12751442
-0.450	1.250	0.000	-0.12748398
-0.350	1.250	0.000	-0.12746514
-0.250	1.250	0.000	-0.12722245
-0.150	1.250	0.000	-0.12690242
-0.050	1.250	0.000	-0.12635277
0.050	1.250	0.000	-0.12587236
0.150	1.250	0.000	-0.12512422
0.250	1.250	0.000	-0.12450720
0.350	1.250	0.000	-0.12369721
0.450	1.250	0.000	-0.12252790
0.550	1.250	0.000	-0.12140010
0.650	1.250	0.000	-0.12023202
0.750	1.250	0.000	-0.11917524
0.850	1.250	0.000	-0.11810733
0.950	1.250	0.000	-0.11685891
1.050	1.250	0.000	-0.11537635
1.150	1.250	0.000	-0.11360840
1.250	1.250	0.000	-0.11155991
1.350	1.250	0.000	-0.10935682
1.450	1.250	0.000	-0.10707572
1.550	1.250	0.000	-0.10485134
1.650	1.250	0.000	-0.10293350
1.750	1.250	0.000	-0.10133165
1.850	1.250	0.000	-0.09998853
1.950	1.250	0.000	-0.09876540
2.050	1.250	0.000	-0.09763372
2.150	1.250	0.000	-0.09630595
2.250	1.250	0.000	-0.09473384
2.350	1.250	0.000	-0.09328455
2.450	1.250	0.000	-0.09019163
-2.450	1.350	0.000	-0.14887770
-2.350	1.350	0.000	-0.14843154
-2.250	1.350	0.000	-0.14702483
-2.150	1.350	0.000	-0.14719029
-2.050	1.350	0.000	-0.14841928
-1.950	1.350	0.000	-0.15041138
-1.850	1.350	0.000	-0.15111892
-1.750	1.350	0.000	-0.15082449
-1.650	1.350	0.000	-0.14918992
-1.550	1.350	0.000	-0.14721985
-1.450	1.350	0.000	-0.14551303
-1.350	1.350	0.000	-0.14403321
-1.250	1.350	0.000	-0.14198224
-1.150	1.350	0.000	-0.13895802
-1.050	1.350	0.000	-0.13531862
-0.950	1.350	0.000	-0.13177864
-0.850	1.350	0.000	-0.12900281
-0.750	1.350	0.000	-0.12692165
-0.650	1.350	0.000	-0.12593496
-0.550	1.350	0.000	-0.12556136
-0.450	1.350	0.000	-0.12541823
-0.350	1.350	0.000	-0.12530407
-0.250	1.350	0.000	-0.12502585
-0.150	1.350	0.000	-0.12468792
-0.050	1.350	0.000	-0.12424457
0.050	1.350	0.000	-0.12407544
0.150	1.350	0.000	-0.12363473
0.250	1.350	0.000	-0.12315673
0.350	1.350	0.000	-0.12256426
0.450	1.350	0.000	-0.12165574
0.550	1.350	0.000	-0.12078786
0.650	1.350	0.000	-0.12009186
0.750	1.350	0.000	-0.11960406
0.850	1.350	0.000	-0.11913637
0.950	1.350	0.000	-0.11836929
1.050	1.350	0.000	-0.11728078
1.150	1.350	0.000	-0.11572888
1.250	1.350	0.000	-0.11356553
1.350	1.350	0.000	-0.11102468
1.450	1.350	0.000	-0.10823353
1.550	1.350	0.000	-0.10548656
1.650	1.350	0.000	-0.10298060
1.750	1.350	0.000	-0.10084898
1.850	1.350	0.000	-0.09919725
1.950	1.350	0.000	-0.09765652
2.050	1.350	0.000	-0.09594589
2.150	1.350	0.000	-0.09411341
2.250	1.350	0.000	-0.09203657
2.350	1.350	0.000	-0.09024666
2.450	1.350	0.000	-0.08668007
-2.450	1.450	0.000	-0.14747857
-2.350	1.450	0.000	-0.14719480
-2.250	1.450	0.000	-0.14645968
-2.150	1.450	0.000	-0.14670725
-2.050	1.450	0.000	-0.14822896
-1.950	1.450	0.000	-0.15045871
-1.850	1.450	0.000	-0.15088850
-1.750	1.450	0.000	-0.15035760
-1.650	1.450	0.000	-0.14844593
-1.550	1.450	0.000	-0.14603984
-1.450	1.450	0.000	-0.14411448
-1.350	1.450	0.000	-0.14253066
-1.250	1.450	0.000	-0.14067650
-1.150	1.450	0.000	-0.13812175
-1.050	1.450	0.000	-0.13484290
-0.950	1.450	0.000	-0.13143998
-0.850	1.450	0.000	-0.12850784
-0.750	1.450	0.000	-0.12606937
-0.650	1.450	0.000	-0.12479701
-0.550	1.450	0.000	-0.12419493
-0.450	1.450	0.000	-0.12385508
-0.350	1.450	0.000	-0.12351476
-0.250	1.450	0.000	-0.12302722
-0.150	1.450	0.000	-0.12248141
-0.050	1.450	0.000	-0.12194443
0.050	1.450	0.000	-0.12165251
0.150	1.450	0.000	-0.12141280
0.250	1.450	0.000	-0.12110405
0.350	1.450	0.000	-0.12080605
0.450	1.450	0.000	-0.12029649
0.550	1.450	0.000	-0.11978965
0.650	1.450	0.000	-0.11948410
0.750	1.450	0.000	-0.11928154
0.850	1.450	0.000	-0.11901632
0.950	1.450	0.000	-0.11840165
1.050	1.450	0.000	-0.11746348
1.150	1.450	0.000	-0.11603081
1.250	1.450	0.000	-0.11397286
1.350	1.450	0.000	-0.11142350
1.450	1.450	0.000	-0.10851970
1.550	1.450	0.000	-0.10559200
1.650	1.450	0.000	-0.10283522
1.750	1.450	0.000	-0.10031404
1.850	1.450	0.000	-0.09805011
1.950	1.450	0.000	-0.09583797
2.050	1.450	0.000	-0.09362525
2.150	1.450	0.000	-0.09137941
2.250	1.450	0.000	-0.08889176
2.350	1.450	0.000	-0.08678957
2.450	1.450	0.000	-0.08289274
-2.450	1.550	0.000	-0.14574009
-2.350	1.550	0.000	-0.14570956
-2.250	1.550	0.000	-0.14574492
-2.150	1.550	0.000	-0.14615598
-2.050	1.550	0.000	-0.14799157
-1.950	1.550	0.000	-0.15055460
-1.850	1.550	0.000	-0.15060477
-1.750	1.550	0.000	-0.14977281
-1.650	1.550	0.000	-0.14742438
-1.550	1.550	0.000	-0.14464620
-1.450	1.550	0.000	-0.14240974
-1.350	1.550	0.000	-0.14087854
-1.250	1.550	0.000	-0.13927558
-1.150	1.550	0.000	-0.13715112
-1.050	1.550	0.000	-0.13424799
-0.950	1.550	0.000	-0.13097423
-0.850	1.550	0.000	-0.12778425
-0.750	1.550	0.000	-0.12514134
-0.650	1.550	0.000	-0.12359905
-0.550	1.550	0.000	-0.12273692
-0.450	1.550	0.000	-0.12215714
-0.350	1.550	0.000	-0.12154161
-0.250	1.550	0.000	-0.12077259
-0.150	1.550	0.000	-0.12003484
-0.050	1.550	0.000	-0.11936624
0.050	1.550	0.000	-0.11902832
0.150	1.550	0.000	-0.11878864
0.250	1.550	0.000	-0.11840858
0.350	1.550	0.000	-0.11792316
0.450	1.550	0.000	-0.11736856
0.550	1.550	0.000	-0.11687888
0.650	1.550	0.000	-0.11661094
0.750	1.550	0.000	-0.11644331
0.850	1.550	0.000	-0.11619386
0.950	1.550	0.000	-0.11566797
1.050	1.550	0.000	-0.11486202
1.150	1.550	0.000	-0.11360651
1.250	1.550	0.000	-0.11183515
1.350	1.550	0.000	-0.10960548
1.450	1.550	0.000	-0.10694280
1.550	1.550	0.000	-0.10413601
1.650	1.550	0.000	-0.10134181
1.750	1.550	0.000	-0.09866349
1.850	1.550	0.000	-0.09612274
1.950	1.550	0.000	-0.09358425
2.050	1.550	0.000	-0.09100260
2.150	1.550	0.000	-0.08834680
2.250	1.550	0.000	-0.08546406
2.350	1.550	0.000	-0.08314329
2.450	1.550	0.000	-0.07883196
-2.450	1.650	0.000	-0.14398281
-2.350	1.650	0.000	-0.14432965
-2.250	1.650	0.000	-0.14502805
-2.150	1.650	0.000	-0.14585507
-2.050	1.650	0.000	-0.14812233
-1.950	1.650	0.000	-0.15089811
-1.850	1.650	0.000	-0.15071592
-1.750	1.650	0.000	-0.14932957
-1.650	1.650	0.000	-0.14660521
-1.550	1.650	0.000	-0.14349636
-1.450	1.650	0.000	-0.14101714
-1.350	1.650	0.000	-0.13916501
-1.250	1.650	0.000	-0.13742086
-1.150	1.650	0.000	-0.13524769
-1.050	1.650	0.000	-0.13239145
-0.950	1.650	0.000	-0.12918548
-0.850	1.650	0.000	-0.12594992
-0.750	1.650	0.000	-0.12352305
-0.650	1.650	0.000	-0.12193844
-0.550	1.650	0.000	-0.12091103
-0.450	1.650	0.000	-0.12017006
-0.350	1.650	0.000	-0.11935592
-0.250	1.650	0.000	-0.11839212
-0.150	1.650	0.000	-0.11747657
-0.050	1.650	0.000	-0.11664385
0.050	1.650	0.000	-0.11612804
0.150	1.650	0.000	-0.11573171
0.250	1.650	0.000	-0.11529595
0.350	1.650	0.000	-0.11469985
0.450	1.650	0.000	-0.11413763
0.550	1.650	0.000	-0.11364951
0.650	1.650	0.000	-0.11329465
0.750	1.650	0.000	-0.11301355
0.850	1.650	0.000	-0.11263461
0.950	1.650	0.000	-0.11209728
1.050	1.650	0.000	-0.11137804
1.150	1.650	0.000	-0.11030843
1.250	1.650	0.000	-0.10881165
1.350	1.650	0.000	-0.10687041
1.450	1.650	0.000	-0.10440572
1.550	1.650	0.000	-0.10164171
1.650	1.650	0.000	-0.09875574
1.750	1.650	0.000	-0.09592950
1.850	1.650	0.000	-0.09320819
1.950	1.650	0.000	-0.09059611
2.050	1.650	0.000	-0.08805574
2.150	1.650	0.000	-0.08555920
2.250	1.650	0.000	-0.08274720
2.350	1.650	0.000	-0.08053233
2.450	1.650	0.000	-0.07605561
-2.450	1.750	0.000	-0.14112329
-2.350	1.750	0.000	-0.14187893
-2.250	1.750	0.000	-0.14318340
-2.150	1.750	0.000	-0.14477913
-2.050	1.750	0.000	-0.14781284
-1.950	1.750	0.000	-0.15090950
-1.850	1.750	0.000	-0.15070938
-1.750	1.750	0.000	-0.14906853
-1.650	1.750	0.000	-0.14607732
-1.550	1.750	0.000	-0.14289968
-1.450	1.750	0.000	-0.14025411
-1.350	1.750	0.000	-0.13807923
-1.250	1.750	0.000	-0.13598095
-1.150	1.750	0.000	-0.13341829
-1.050	1.750	0.000	-0.13029253
-0.950	1.750	0.000	-0.12694037
-0.850	1.750	0.000	-0.12363569
-0.750	1.750	0.000	-0.12128099
-0.650	1.750	0.000	-0.11968162
-0.550	1.750	0.000	-0.11856542
-0.450	1.750	0.000	-0.11772256
-0.350	1.750	0.000	-0.11681597
-0.250	1.750	0.000	-0.11580763
-0.150	1.750	0.000	-0.11482675
-0.050	1.750	0.000	-0.11395315
0.050	1.750	0.000	-0.11334808
0.150	1.750	0.000	-0.11284108
0.250	1.750	0.000	-0.11213477
0.350	1.750	0.000	-0.11116093
0.450	1.750	0.000	-0.11035069
0.550	1.750	0.000	-0.10960616
0.650	1.750	0.000	-0.10899101
0.750	1.750	0.000	-0.10853120
0.850	1.750	0.000	-0.10805288
0.950	1.750	0.000	-0.10750310
1.050	1.750	0.000	-0.10678837
1.150	1.750	0.000	-0.10581602
1.250	1.750	0.000	-0.10450201
1.350	1.750	0.000	-0.10279046
1.450	1.750	0.000	-0.10056898
1.550	1.750	0.000	-0.09794237
1.650	1.750	0.000	-0.09508196
1.750	1.750	0.000	-0.09225696
1.850	1.750	0.000	-0.08947282
1.950	1.750	0.000	-0.08682413
2.050	1.750	0.000	-0.08428127
2.150	1.750	0.000	-0.08188087
2.250	1.750	0.000	-0.07918056
2.350	1.750	0.000	-0.07714885
2.450	1.750	0.000	-0.07286597
-2.450	1.850	0.000	-0.13936689
-2.350	1.850	0.000	-0.14020561
-2.250	1.850	0.000	-0.14187907
-2.150	1.850	0.000	-0.14399135
-2.050	1.850	0.000	-0.14751995
-1.950	1.850	0.000	-0.15067419
-1.850	1.850	0.000	-0.15036426
-1.750	1.850	0.000	-0.14834674
-1.650	1.850	0.000	-0.14508595
-1.550	1.850	0.000	-0.14201257
-1.450	1.850	0.000	-0.13944462
-1.350	1.850	0.000	-0.13718516
-1.250	1.850	0.000	-0.13483067
-1.150	1.850	0.000	-0.13187112
-1.050	1.850	0.000	-0.12834999
-0.950	1.850	0.000	-0.12466772
-0.850	1.850	0.000	-0.12123709
-0.750	1.850	0.000	-0.11887407
-0.650	1.850	0.000	-0.11718937
-0.550	1.850	0.000	-0.11599036
-0.450	1.850	0.000	-0.11505602
-0.350	1.850	0.000	-0.11408262
-0.250	1.850	0.000	-0.11312230
-0.150	1.850	0.000	-0.11226090
-0.050	1.850	0.000	-0.11150081
0.050	1.850	0.000	-0.11088859
0.150	1.850	0.000	-0.11026377
0.250	1.850	0.000	-0.10919759
0.350	1.850	0.000	-0.10780614
0.450	1.850	0.000	-0.10657805
0.550	1.850	0.000	-0.10538147
0.650	1.850	0.000	-0.10437138
0.750	1.850	0.000	-0.10360041
0.850	1.850	0.000	-0.10294276
0.950	1.850	0.000	-0.10233464
1.050	1.850	0.000	-0.10163252
1.150	1.850	0.000	-0.10078237
1.250	1.850	0.000	-0.09970701
1.350	1.850	0.000	-0.09831730
1.450	1.850	0.000	-0.09649675
1.550	1.850	0.000	-0.09430036
1.650	1.850	0.000	-0.09184400
1.750	1.850	0.000	-0.08933306
1.850	1.850	0.000	-0.08676227
1.950	1.850	0.000	-0.08427086
2.050	1.850	0.000	-0.08179646
2.150	1.850	0.000	-0.07946493
2.250	1.850	0.000	-0.07680338
2.350	1.850	0.000	-0.07472626
2.450	1.850	0.000	-0.07052989
-2.450	1.950	0.000	-0.13745473
-2.350	1.950	0.000	-0.13804652
-2.250	1.950	0.000	-0.13986756
-2.150	1.950	0.000	-0.14232460
-2.050	1.950	0.000	-0.14637093
-1.950	1.950	0.000	-0.14967847
-1.850	1.950	0.000	-0.14940108
-1.750	1.950	0.000	-0.14722019
-1.650	1.950	0.000	-0.14378923
-1.550	1.950	0.000	-0.14066444
-1.450	1.950	0.000	-0.13811381
-1.350	1.950	0.000	-0.13589732
-1.250	1.950	0.000	-0.13347042
-1.150	1.950	0.000	-0.13036622
-1.050	1.950	0.000	-0.12665892
-0.950	1.950	0.000	-0.12280462
-0.850	1.950	0.000	-0.11915182
-0.750	1.950	0.000	-0.11659218
-0.650	1.950	0.000	-0.11465798
-0.550	1.950	0.000	-0.11328007
-0.450	1.950	0.000	-0.11222948
-0.350	1.950	0.000	-0.11122765
-0.250	1.950	0.000	-0.11036015
-0.150	1.950	0.000	-0.10968761
-0.050	1.950	0.000	-0.10911831
0.050	1.950	0.000	-0.10855641
0.150	1.950	0.000	-0.10777323
0.250	1.950	0.000	-0.10645880
0.350	1.950	0.000	-0.10472279
0.450	1.950	0.000	-0.10292067
0.550	1.950	0.000	-0.10117828
0.650	1.950	0.000	-0.09965046
0.750	1.950	0.000	-0.09838619
0.850	1.950	0.000	-0.09734433
0.950	1.950	0.000	-0.09647577
1.050	1.950	0.000	-0.09561317
1.150	1.950	0.000	-0.09471258
1.250	1.950	0.000	-0.09374318
1.350	1.950	0.000	-0.09259462
1.450	1.950	0.000	-0.09117004
1.550	1.950	0.000	-0.08950147
1.650	1.950	0.000	-0.08762099
1.750	1.950	0.000	-0.08554384
1.850	1.950	0.000	-0.08327369
1.950	1.950	0.000	-0.08087443
2.050	1.950	0.000	-0.07831124
2.150	1.950	0.000	-0.07576179
2.250	1.950	0.000	-0.07291491
2.350	1.950	0.000	-0.07054605
2.450	1.950	0.000	-0.06630777
-2.450	2.050	0.000	-0.13516797
-2.350	2.050	0.000	-0.13491207
-2.250	2.050	0.000	-0.13616794
-2.150	2.050	0.000	-0.13863137
-2.050	2.050	0.000	-0.14321451
-1.950	2.050	0.000	-0.14687280
-1.850	2.050	0.000	-0.14691626
-1.750	2.050	0.000	-0.14500219
-1.650	2.050	0.000	-0.14186040
-1.550	2.050	0.000	-0.13888921
-1.450	2.050	0.000	-0.13643914
-1.350	2.050	0.000	-0.13428514
-1.250	2.050	0.000	-0.13185212
-1.150	2.050	0.000	-0.12876767
-1.050	2.050	0.000	-0.12510809
-0.950	2.050	0.000	-0.12118647
-0.850	2.050	0.000	-0.11757961
-0.750	2.050	0.000	-0.11483433
-0.650	2.050	0.000	-0.11269929
-0.550	2.050	0.000	-0.11107419
-0.450	2.050	0.000	-0.10979970
-0.350	2.050	0.000	-0.10868022
-0.250	2.050	0.000	-0.10785399
-0.150	2.050	0.000	-0.10733791
-0.050	2.050	0.000	-0.10700200
0.050	2.050	0.000	-0.10654987
0.150	2.050	0.000	-0.10569056
0.250	2.050	0.000	-0.10426866
0.350	2.050	0.000	-0.10228883
0.450	2.050	0.000	-0.10006512
0.550	2.050	0.000	-0.09787647
0.650	2.050	0.000	-0.09589116
0.750	2.050	0.000	-0.09418368
0.850	2.050	0.000	-0.09282974
0.950	2.050	0.000	-0.09178315
1.050	2.050	0.000	-0.09083332
1.150	2.050	0.000	-0.08991255
1.250	2.050	0.000	-0.08905482
1.350	2.050	0.000	-0.08808336
1.450	2.050	0.000	-0.08695082
1.550	2.050	0.000	-0.08566365
1.650	2.050	0.000	-0.08421464
1.750	2.050	0.000	-0.08248975
1.850	2.050	0.000	-0.08048526
1.950	2.050	0.000	-0.07822099
2.050	2.050	0.000	-0.07568868
2.150	2.050	0.000	-0.07295972
2.250	2.050	0.000	-0.06996938
2.350	2.050	0.000	-0.06738990
2.450	2.050	0.000	-0.06337018
-2.450	2.150	0.000	-0.13422325
-2.350	2.150	0.000	-0.13317473
-2.250	2.150	0.000	-0.13311759
-2.150	2.150	0.000	-0.13550395
-2.050	2.150	0.000	-0.14022312
-1.950	2.150	0.000	-0.14398919
-1.850	2.150	0.000	-0.14407881
-1.750	2.150	0.000	-0.14239122
-1.650	2.150	0.000	-0.13960850
-1.550	2.150	0.000	-0.13699535
-1.450	2.150	0.000	-0.13483943
-1.350	2.150	0.000	-0.13279566
-1.250	2.150	0.000	-0.13032687
-1.150	2.150	0.000	-0.12729318
-1.050	2.150	0.000	-0.12380026
-0.950	2.150	0.000	-0.12000109
-0.850	2.150	0.000	-0.11664763
-0.750	2.150	0.000	-0.11373497
-0.650	2.150	0.000	-0.11139438
-0.550	2.150	0.000	-0.10945589
-0.450	2.150	0.000	-0.10788702
-0.350	2.150	0.000	-0.10655186
-0.250	2.150	0.000	-0.10558596
-0.150	2.150	0.000	-0.10500167
-0.050	2.150	0.000	-0.10469863
0.050	2.150	0.000	-0.10426459
0.150	2.150	0.000	-0.10329916
0.250	2.150	0.000	-0.10174206
0.350	2.150	0.000	-0.09953389
0.450	2.150	0.000	-0.09695005
0.550	2.150	0.000	-0.09432283
0.650	2.150	0.000	-0.09184019
0.750	2.150	0.000	-0.08959777
0.850	2.150	0.000	-0.08779971
0.950	2.150	0.000	-0.08633560
1.050	2.150	0.000	-0.08505711
1.150	2.150	0.000	-0.08398957
1.250	2.150	0.000	-0.08305305
1.350	2.150	0.000	-0.08203673
1.450	2.150	0.000	-0.08093090
1.550	2.150	0.000	-0.07969429
1.650	2.150	0.000	-0.07834419
1.750	2.150	0.000	-0.07679819
1.850	2.150	0.000	-0.07514121
1.950	2.150	0.000	-0.07322634
2.050	2.150	0.000	-0.07098813
2.150	2.150	0.000	-0.06844887
2.250	2.150	0.000	-0.06556785
2.350	2.150	0.000	-0.06285218
2.450	2.150	0.000	-0.05910104
-2.450	2.250	0.000	-0.12892979
-2.350	2.250	0.000	-0.12729198
-2.250	2.250	0.000	-0.12706554
-2.150	2.250	0.000	-0.12991624
-2.050	2.250	0.000	-0.13546993
-1.950	2.250	0.000	-0.13996236
-1.850	2.250	0.000	-0.14072143
-1.750	2.250	0.000	-0.13995855
-1.650	2.250	0.000	-0.13786301
-1.550	2.250	0.000	-0.13546439
-1.450	2.250	0.000	-0.13327196
-1.350	2.250	0.000	-0.13106759
-1.250	2.250	0.000	-0.12849127
-1.150	2.250	0.000	-0.12535442
-1.050	2.250	0.000	-0.12192965
-0.950	2.250	0.000	-0.11833292
-0.850	2.250	0.000	-0.11547559
-0.750	2.250	0.000	-0.11304612
-0.650	2.250	0.000	-0.11101221
-0.550	2.250	0.000	-0.10916011
-0.450	2.250	0.000	-0.10747533
-0.350	2.250	0.000	-0.10588314
-0.250	2.250	0.000	-0.10471084
-0.150	2.250	0.000	-0.10396841
-0.050	2.250	0.000	-0.10359769
0.050	2.250	0.000	-0.10316913
0.150	2.250	0.000	-0.10215393
0.250	2.250	0.000	-0.10058498
0.350	2.250	0.000	-0.09839817
0.450	2.250	0.000	-0.09591076
0.550	2.250	0.000	-0.09343237
0.650	2.250	0.000	-0.09107269
0.750	2.250	0.000	-0.08887240
0.850	2.250	0.000	-0.08700303
0.950	2.250	0.000	-0.08534274
1.050	2.250	0.000	-0.08387195
1.150	2.250	0.000	-0.08271683
1.250	2.250	0.000	-0.08169387
1.350	2.250	0.000	-0.08067056
1.450	2.250	0.000	-0.07956314
1.550	2.250	0.000	-0.07823141
1.650	2.250	0.000	-0.07666149
1.750	2.250	0.000	-0.07485285
1.850	2.250	0.000	-0.07292005
1.950	2.250	0.000	-0.07077554
2.050	2.250	0.000	-0.06842144
2.150	2.250	0.000	-0.06577788
2.250	2.250	0.000	-0.06282515
2.350	2.250	0.000	-0.05998706
2.450	2.250	0.000	-0.05618412
-2.450	2.350	0.000	-0.12734179
-2.350	2.350	0.000	-0.12503268
-2.250	2.350	0.000	-0.12323662
-2.150	2.350	0.000	-0.12573387
-2.050	2.350	0.000	-0.13129668
-1.950	2.350	0.000	-0.13596623
-1.850	2.350	0.000	-0.13779494
-1.750	2.350	0.000	-0.13819283
-1.650	2.350	0.000	-0.13726583
-1.550	2.350	0.000	-0.13552561
-1.450	2.350	0.000	-0.13340458
-1.350	2.350	0.000	-0.13105492
-1.250	2.350	0.000	-0.12821928
-1.150	2.350	0.000	-0.12482488
-1.050	2.350	0.000	-0.12100454
-0.950	2.350	0.000	-0.11709508
-0.850	2.350	0.000	-0.11407406
-0.750	2.350	0.000	-0.11160182
-0.650	2.350	0.000	-0.10983276
-0.550	2.350	0.000	-0.10832799
-0.450	2.350	0.000	-0.10672613
-0.350	2.350	0.000	-0.10508898
-0.250	2.350	0.000	-0.10375699
-0.150	2.350	0.000	-0.10276145
-0.050	2.350	0.000	-0.10209116
0.050	2.350	0.000	-0.10141668
0.150	2.350	0.000	-0.10016066
0.250	2.350	0.000	-0.09828941
0.350	2.350	0.000	-0.09578786
0.450	2.350	0.000	-0.09302049
0.550	2.350	0.000	-0.09024367
0.650	2.350	0.000	-0.08766502
0.750	2.350	0.000	-0.08531560
0.850	2.350	0.000	-0.08321518
0.950	2.350	0.000	-0.08133195
1.050	2.350	0.000	-0.07971378
1.150	2.350	0.000	-0.07843886
1.250	2.350	0.000	-0.07746217
1.350	2.350	0.000	-0.07668381
1.450	2.350	0.000	-0.07593361
1.550	2.350	0.000	-0.07493415
1.650	2.350	0.000	-0.07356219
1.750	2.350	0.000	-0.07176443
1.850	2.350	0.000	-0.06970833
1.950	2.350	0.000	-0.06747586
2.050	2.350	0.000	-0.06514607
2.150	2.350	0.000	-0.06249245
2.250	2.350	0.000	-0.05944346
2.350	2.350	0.000	-0.05661354
2.450	2.350	0.000	-0.05239183
-2.450	2.450	0.000	-0.12545711
-2.350	2.450	0.000	-0.12368923
-2.250	2.450	0.000	-0.12203321
-2.150	2.450	0.000	-0.12406237
-2.050	2.450	0.000	-0.12905094
-1.950	2.450	0.000	-0.13315263
-1.850	2.450	0.000	-0.13456737
-1.750	2.450	0.000	-0.13509652
-1.650	2.450	0.000	-0.13448681
-1.550	2.450	0.000	-0.13331644
-1.450	2.450	0.000	-0.13197319
-1.350	2.450	0.000	-0.13028131
-1.250	2.450	0.000	-0.12803034
-1.150	2.450	0.000	-0.12513503
-1.050	2.450	0.000	-0.12149475
-0.950	2.450	0.000	-0.11765251
-0.850	2.450	0.000	-0.11438920
-0.750	2.450	0.000	-0.11184626
-0.650	2.450	0.000	-0.11035609
-0.550	2.450	0.000	-0.10940450
-0.450	2.450	0.000	-0.10845584
-0.350	2.450	0.000	-0.10744466
-0.250	2.450	0.000	-0.10650377
-0.150	2.450	0.000	-0.10570140
-0.050	2.450	0.000	-0.10505291
0.050	2.450	0.000	-0.10432350
0.150	2.450	0.000	-0.10305492
0.250	2.450	0.000	-0.10112926
0.350	2.450	0.000	-0.09858654
0.450	2.450	0.000	-0.09566582
0.550	2.450	0.000	-0.09258676
0.650	2.450	0.000	-0.08959302
0.750	2.450	0.000	-0.08677179
0.850	2.450	0.000	-0.08415231
0.950	2.450	0.000	-0.08175345
1.050	2.450	0.000	-0.07964700
1.150	2.450	0.000	-0.07785346
1.250	2.450	0.000	-0.07639173
1.350	2.450	0.000	-0.07521592
1.450	2.450	0.000	-0.07418124
1.550	2.450	0.000	-0.07304376
1.650	2.450	0.000	-0.07170030
1.750	2.450	0.000	-0.07006187
1.850	2.450	0.000	-0.06820926
1.950	2.450	0.000	-0.06606692
2.050	2.450	0.000	-0.06369450
2.150	2.450	0.000	-0.06090742
2.250	2.450	0.000	-0.05769330
2.350	2.450	0.000	-0.05475298
2.450	2.450	0.000	-0.05020834
