-2.450	-2.450	0.000	-0.10621581
-2.350	-2.450	0.000	-0.10646551
-2.250	-2.450	0.000	-0.10568351
-2.150	-2.450	0.000	-0.10445891
-2.050	-2.450	0.000	-0.10338023
-1.950	-2.450	0.000	-0.10204250
-1.850	-2.450	0.000	-0.10189752
-1.750	-2.450	0.000	-0.10234550
-1.650	-2.450	0.000	-0.10390676
-1.550	-2.450	0.000	-0.10588703
-1.450	-2.450	0.000	-0.10752641
-1.350	-2.450	0.000	-0.10815890
-1.250	-2.450	0.000	-0.10818240
-1.150	-2.450	0.000	-0.10785364
-1.050	-2.450	0.000	-0.10737997
-0.950	-2.450	0.000	-0.10697579
-0.850	-2.450	0.000	-0.10622916
-0.750	-2.450	0.000	-0.10488172
-0.650	-2.450	0.000	-0.10288152
-0.550	-2.450	0.000	-0.10081297
-0.450	-2.450	0.000	-0.09941195
-0.350	-2.450	0.000	-0.09842566
-0.250	-2.450	0.000	-0.09814616
-0.150	-2.450	0.000	-0.09842563
-0.050	-2.450	0.000	-0.09872478
0.050	-2.450	0.000	-0.09859697
0.150	-2.450	0.000	-0.09773409
0.250	-2.450	0.000	-0.09632094
0.350	-2.450	0.000	-0.09501490
0.450	-2.450	0.000	-0.09337573
0.550	-2.450	0.000	-0.09183311
0.650	-2.450	0.000	-0.09070483
0.750	-2.450	0.000	-0.08996802
0.850	-2.450	0.000	-0.08984062
0.950	-2.450	0.000	-0.09040435
1.050	-2.450	0.000	-0.09172381
1.150	-2.450	0.000	-0.09350184
1.250	-2.450	0.000	-0.09552654
1.350	-2.450	0.000	-0.09741855
1.450	-2.450	0.000	-0.09906724
1.550	-2.450	0.000	-0.10054788
1.650	-2.450	0.000	-0.10139983
1.750	-2.450	0.000	-0.10193332
1.850	-2.450	0.000	-0.10226068
1.950	-2.450	0.000	-0.10278799
2.050	-2.450	0.000	-0.10363154
2.150	-2.450	0.000	-0.10455611
2.250	-2.450	0.000	-0.10468343
2.350	-2.450	0.000	-0.10463046
2.450	-2.450	0.000	-0.10360389
-2.450	-2.350	0.000	-0.11012503
-2.350	-2.350	0.000	-0.11077843
-2.250	-2.350	0.000	-0.11058728
-2.150	-2.350	0.000	-0.10987025
-2.050	-2.350	0.000	-0.10973705
-1.950	-2.350	0.000	-0.10952946
-1.850	-2.350	0.000	-0.11031566
-1.750	-2.350	0.000	-0.11254808
-1.650	-2.350	0.000	-0.11604092
-1.550	-2.350	0.000	-0.11981235
-1.450	-2.350	0.000	-0.12269713
-1.350	-2.350	0.000	-0.12371511
-1.250	-2.350	0.000	-0.12321717
-1.150	-2.350	0.000	-0.12226577
-1.050	-2.350	0.000	-0.12106063
-0.950	-2.350	0.000	-0.11996526
-0.850	-2.350	0.000	-0.11868757
-0.750	-2.350	0.000	-0.11678474
-0.650	-2.350	0.000	-0.11422642
-0.550	-2.350	0.000	-0.11128771
-0.450	-2.350	0.000	-0.10910176
-0.350	-2.350	0.000	-0.10733452
-0.250	-2.350	0.000	-0.10660154
-0.150	-2.350	0.000	-0.10659824
-0.050	-2.350	0.000	-0.10659020
0.050	-2.350	0.000	-0.10622914
0.150	-2.350	0.000	-0.10513273
0.250	-2.350	0.000	-0.10335451
0.350	-2.350	0.000	-0.10125638
0.450	-2.350	0.000	-0.09882515
0.550	-2.350	0.000	-0.09645300
0.650	-2.350	0.000	-0.09459057
0.750	-2.350	0.000	-0.09333476
0.850	-2.350	0.000	-0.09269668
0.950	-2.350	0.000	-0.09284563
1.050	-2.350	0.000	-0.09371490
1.150	-2.350	0.000	-0.09510595
1.250	-2.350	0.000	-0.09663392
1.350	-2.350	0.000	-0.09802651
1.450	-2.350	0.000	-0.09938524
1.550	-2.350	0.000	-0.10046705
1.650	-2.350	0.000	-0.10118050
1.750	-2.350	0.000	-0.10129174
1.850	-2.350	0.000	-0.10123800
1.950	-2.350	0.000	-0.10143739
2.050	-2.350	0.000	-0.10153068
2.150	-2.350	0.000	-0.10153509
2.250	-2.350	0.000	-0.10128067
2.350	-2.350	0.000	-0.10098215
2.450	-2.350	0.000	-0.09998389
-2.450	-2.250	0.000	-0.11694159
-2.350	-2.250	0.000	-0.11781493
-2.250	-2.250	0.000	-0.11810645
-2.150	-2.250	0.000	-0.11794675
-2.050	-2.250	0.000	-0.11821736
-1.950	-2.250	0.000	-0.11879117
-1.850	-2.250	0.000	-0.12019939
-1.750	-2.250	0.000	-0.12296480
-1.650	-2.250	0.000	-0.12671596
-1.550	-2.250	0.000	-0.13013183
-1.450	-2.250	0.000	-0.13242933
-1.350	-2.250	0.000	-0.13219632
-1.250	-2.250	0.000	-0.13075037
-1.150	-2.250	0.000	-0.12875283
-1.050	-2.250	0.000	-0.12644890
-0.950	-2.250	0.000	-0.12455969
-0.850	-2.250	0.000	-0.12270042
-0.750	-2.250	0.000	-0.12042304
-0.650	-2.250	0.000	-0.11779617
-0.550	-2.250	0.000	-0.11472387
-0.450	-2.250	0.000	-0.11215931
-0.350	-2.250	0.000	-0.11003521
-0.250	-2.250	0.000	-0.10883138
-0.150	-2.250	0.000	-0.10828771
-0.050	-2.250	0.000	-0.10786386
0.050	-2.250	0.000	-0.10725331
0.150	-2.250	0.000	-0.10615123
0.250	-2.250	0.000	-0.10447048
0.350	-2.250	0.000	-0.10237068
0.450	-2.250	0.000	-0.10006767
0.550	-2.250	0.000	-0.09789132
0.650	-2.250	0.000	-0.09630917
0.750	-2.250	0.000	-0.09535208
0.850	-2.250	0.000	-0.09508660
0.950	-2.250	0.000	-0.09548535
1.050	-2.250	0.000	-0.09646103
1.150	-2.250	0.000	-0.09786902
1.250	-2.250	0.000	-0.09941425
1.350	-2.250	0.000	-0.10093321
1.450	-2.250	0.000	-0.10248077
1.550	-2.250	0.000	-0.10347398
1.650	-2.250	0.000	-0.10400833
1.750	-2.250	0.000	-0.10382494
1.850	-2.250	0.000	-0.10328400
1.950	-2.250	0.000	-0.10283713
2.050	-2.250	0.000	-0.10225296
2.150	-2.250	0.000	-0.10173029
2.250	-2.250	0.000	-0.10120466
2.350	-2.250	0.000	-0.10074606
2.450	-2.250	0.000	-0.10010675
-2.450	-2.150	0.000	-0.11958933
-2.350	-2.150	0.000	-0.12108522
-2.250	-2.150	0.000	-0.12230054
-2.150	-2.150	0.000	-0.12311412
-2.050	-2.150	0.000	-0.12412887
-1.950	-2.150	0.000	-0.12557539
-1.850	-2.150	0.000	-0.12745924
-1.750	-2.150	0.000	-0.13009705
-1.650	-2.150	0.000	-0.13331112
-1.550	-2.150	0.000	-0.13588259
-1.450	-2.150	0.000	-0.13751788
-1.350	-2.150	0.000	-0.13676684
-1.250	-2.150	0.000	-0.13495210
-1.150	-2.150	0.000	-0.13260889
-1.050	-2.150	0.000	-0.12985781
-0.950	-2.150	0.000	-0.12775998
-0.850	-2.150	0.000	-0.12556398
-0.750	-2.150	0.000	-0.12310342
-0.650	-2.150	0.000	-0.12040590
-0.550	-2.150	0.000	-0.11729077
-0.450	-2.150	0.000	-0.11444955
-0.350	-2.150	0.000	-0.11195520
-0.250	-2.150	0.000	-0.11051988
-0.150	-2.150	0.000	-0.10972280
-0.050	-2.150	0.000	-0.10908744
0.050	-2.150	0.000	-0.10834080
0.150	-2.150	0.000	-0.10726656
0.250	-2.150	0.000	-0.10571647
0.350	-2.150	0.000	-0.10378806
0.450	-2.150	0.000	-0.10151127
0.550	-2.150	0.000	-0.09927732
0.650	-2.150	0.000	-0.09756329
0.750	-2.150	0.000	-0.09664118
0.850	-2.150	0.000	-0.09650598
0.950	-2.150	0.000	-0.09720180
1.050	-2.150	0.000	-0.09846451
1.150	-2.150	0.000	-0.10008913
1.250	-2.150	0.000	-0.10167779
1.350	-2.150	0.000	-0.10324831
1.450	-2.150	0.000	-0.10434864
1.550	-2.150	0.000	-0.10476760
1.650	-2.150	0.000	-0.10485232
1.750	-2.150	0.000	-0.10426702
1.850	-2.150	0.000	-0.10321233
1.950	-2.150	0.000	-0.10209920
2.050	-2.150	0.000	-0.10103876
2.150	-2.150	0.000	-0.10010493
2.250	-2.150	0.000	-0.09922101
2.350	-2.150	0.000	-0.09855279
2.450	-2.150	0.000	-0.09793082
-2.450	-2.050	0.000	-0.12489935
-2.350	-2.050	0.000	-0.12677054
-2.250	-2.050	0.000	-0.12866114
-2.150	-2.050	0.000	-0.13027310
-2.050	-2.050	0.000	-0.13188832
-1.950	-2.050	0.000	-0.13360582
-1.850	-2.050	0.000	-0.13524364
-1.750	-2.050	0.000	-0.13691247
-1.650	-2.050	0.000	-0.13874076
-1.550	-2.050	0.000	-0.14002852
-1.450	-2.050	0.000	-0.14042905
-1.350	-2.050	0.000	-0.13933693
-1.250	-2.050	0.000	-0.13707282
-1.150	-2.050	0.000	-0.13443261
-1.050	-2.050	0.000	-0.13165760
-0.950	-2.050	0.000	-0.12915947
-0.850	-2.050	0.000	-0.12660043
-0.750	-2.050	0.000	-0.12388550
-0.650	-2.050	0.000	-0.12128921
-0.550	-2.050	0.000	-0.11839879
-0.450	-2.050	0.000	-0.11563753
-0.350	-2.050	0.000	-0.11312905
-0.250	-2.050	0.000	-0.11155380
-0.150	-2.050	0.000	-0.11057746
-0.050	-2.050	0.000	-0.10981507
0.050	-2.050	0.000	-0.10895870
0.150	-2.050	0.000	-0.10789288
0.250	-2.050	0.000	-0.10658153
0.350	-2.050	0.000	-0.10503113
0.450	-2.050	0.000	-0.10327116
0.550	-2.050	0.000	-0.10136299
0.650	-2.050	0.000	-0.09996276
0.750	-2.050	0.000	-0.09931956
0.850	-2.050	0.000	-0.09958541
0.950	-2.050	0.000	-0.10063947
1.050	-2.050	0.000	-0.10213727
1.150	-2.050	0.000	-0.10380555
1.250	-2.050	0.000	-0.10510254
1.350	-2.050	0.000	-0.10617874
1.450	-2.050	0.000	-0.10638311
1.550	-2.050	0.000	-0.10651306
1.650	-2.050	0.000	-0.10618162
1.750	-2.050	0.000	-0.10535958
1.850	-2.050	0.000	-0.10435125
1.950	-2.050	0.000	-0.10318706
2.050	-2.050	0.000	-0.10189431
2.150	-2.050	0.000	-0.10061977
2.250	-2.050	0.000	-0.09953652
2.350	-2.050	0.000	-0.09884274
2.450	-2.050	0.000	-0.09847616
-2.450	-1.950	0.000	-0.12482772
-2.350	-1.950	0.000	-0.12669815
-2.250	-1.950	0.000	-0.12886395
-2.150	-1.950	0.000	-0.13099016
-2.050	-1.950	0.000	-0.13277310
-1.950	-1.950	0.000	-0.13424498
-1.850	-1.950	0.000	-0.13532300
-1.750	-1.950	0.000	-0.13612883
-1.650	-1.950	0.000	-0.13682033
-1.550	-1.950	0.000	-0.13749611
-1.450	-1.950	0.000	-0.13707668
-1.350	-1.950	0.000	-0.13637890
-1.250	-1.950	0.000	-0.13440652
-1.150	-1.950	0.000	-0.13207221
-1.050	-1.950	0.000	-0.12996016
-0.950	-1.950	0.000	-0.12743720
-0.850	-1.950	0.000	-0.12470298
-0.750	-1.950	0.000	-0.12172478
-0.650	-1.950	0.000	-0.11926050
-0.550	-1.950	0.000	-0.11674837
-0.450	-1.950	0.000	-0.11437228
-0.350	-1.950	0.000	-0.11223172
-0.250	-1.950	0.000	-0.11097571
-0.150	-1.950	0.000	-0.11012895
-0.050	-1.950	0.000	-0.10932985
0.050	-1.950	0.000	-0.10842795
0.150	-1.950	0.000	-0.10735860
0.250	-1.950	0.000	-0.10609362
0.350	-1.950	0.000	-0.10471790
0.450	-1.950	0.000	-0.10330731
0.550	-1.950	0.000	-0.10170440
0.650	-1.950	0.000	-0.10050248
0.750	-1.950	0.000	-0.10006598
0.850	-1.950	0.000	-0.10058723
0.950	-1.950	0.000	-0.10176277
1.050	-1.950	0.000	-0.10347036
1.150	-1.950	0.000	-0.10497698
1.250	-1.950	0.000	-0.10601937
1.350	-1.950	0.000	-0.10676856
1.450	-1.950	0.000	-0.10723915
1.550	-1.950	0.000	-0.10730461
1.650	-1.950	0.000	-0.10704928
1.750	-1.950	0.000	-0.10656426
1.850	-1.950	0.000	-0.10588223
1.950	-1.950	0.000	-0.10488763
2.050	-1.950	0.000	-0.10363936
2.150	-1.950	0.000	-0.10225972
2.250	-1.950	0.000	-0.10092220
2.350	-1.950	0.000	-0.10003636
2.450	-1.950	0.000	-0.09912804
-2.450	-1.850	0.000	-0.12679721
-2.350	-1.850	0.000	-0.12870343
-2.250	-1.850	0.000	-0.13103105
-2.150	-1.850	0.000	-0.13368490
-2.050	-1.850	0.000	-0.13566181
-1.950	-1.850	0.000	-0.13676651
-1.850	-1.850	0.000	-0.13706776
-1.750	-1.850	0.000	-0.13660841
-1.650	-1.850	0.000	-0.13540043
-1.550	-1.850	0.000	-0.13466884
-1.450	-1.850	0.000	-0.13324590
-1.350	-1.850	0.000	-0.13245857
-1.250	-1.850	0.000	-0.13095514
-1.150	-1.850	0.000	-0.12909497
-1.050	-1.850	0.000	-0.12721631
-0.950	-1.850	0.000	-0.12468421
-0.850	-1.850	0.000	-0.12173712
-0.750	-1.850	0.000	-0.11860538
-0.650	-1.850	0.000	-0.11625710
-0.550	-1.850	0.000	-0.11438276
-0.450	-1.850	0.000	-0.11277137
-0.350	-1.850	0.000	-0.11137038
-0.250	-1.850	0.000	-0.11073081
-0.150	-1.850	0.000	-0.11039007
-0.050	-1.850	0.000	-0.10986283
0.050	-1.850	0.000	-0.10925037
0.150	-1.850	0.000	-0.10842571
0.250	-1.850	0.000	-0.10739062
0.350	-1.850	0.000	-0.10633525
0.450	-1.850	0.000	-0.10533662
0.550	-1.850	0.000	-0.10418069
0.650	-1.850	0.000	-0.10321891
0.750	-1.850	0.000	-0.10296718
0.850	-1.850	0.000	-0.10339086
0.950	-1.850	0.000	-0.10425764
1.050	-1.850	0.000	-0.10560075
1.150	-1.850	0.000	-0.10635871
1.250	-1.850	0.000	-0.10677438
1.350	-1.850	0.000	-0.10729067
1.450	-1.850	0.000	-0.10742609
1.550	-1.850	0.000	-0.10740098
1.650	-1.850	0.000	-0.10723921
1.750	-1.850	0.000	-0.10705256
1.850	-1.850	0.000	-0.10668458
1.950	-1.850	0.000	-0.10596688
2.050	-1.850	0.000	-0.10506920
2.150	-1.850	0.000	-0.10407517
2.250	-1.850	0.000	-0.10298502
2.350	-1.850	0.000	-0.10220787
2.450	-1.850	0.000	-0.10113785
-2.450	-1.750	0.000	-0.12759948
-2.350	-1.750	0.000	-0.12929265
-2.250	-1.750	0.000	-0.13146867
-2.150	-1.750	0.000	-0.13408232
-2.050	-1.750	0.000	-0.13601078
-1.950	-1.750	0.000	-0.13689186
-1.850	-1.750	0.000	-0.13665351
-1.750	-1.750	0.000	-0.13509215
-1.650	-1.750	0.000	-0.13282643
-1.550	-1.750	0.000	-0.13125759
-1.450	-1.750	0.000	-0.12966551
-1.350	-1.750	0.000	-0.12901732
-1.250	-1.750	0.000	-0.12803611
-1.150	-1.750	0.000	-0.12666765
-1.050	-1.750	0.000	-0.12487794
-0.950	-1.750	0.000	-0.12231083
-0.850	-1.750	0.000	-0.11925028
-0.750	-1.750	0.000	-0.11602788
-0.650	-1.750	0.000	-0.11373181
-0.550	-1.750	0.000	-0.11229234
-0.450	-1.750	0.000	-0.11126048
-0.350	-1.750	0.000	-0.11047515
-0.250	-1.750	0.000	-0.11040599
-0.150	-1.750	0.000	-0.11063547
-0.050	-1.750	0.000	-0.11040093
0.050	-1.750	0.000	-0.10996389
0.150	-1.750	0.000	-0.10924335
0.250	-1.750	0.000	-0.10831299
0.350	-1.750	0.000	-0.10740867
0.450	-1.750	0.000	-0.10661849
0.550	-1.750	0.000	-0.10561220
0.650	-1.750	0.000	-0.10466123
0.750	-1.750	0.000	-0.10436980
0.850	-1.750	0.000	-0.10444251
0.950	-1.750	0.000	-0.10494908
1.050	-1.750	0.000	-0.10574442
1.150	-1.750	0.000	-0.10589801
1.250	-1.750	0.000	-0.10580170
1.350	-1.750	0.000	-0.10579389
1.450	-1.750	0.000	-0.10567573
1.550	-1.750	0.000	-0.10566687
1.650	-1.750	0.000	-0.10573296
1.750	-1.750	0.000	-0.10586886
1.850	-1.750	0.000	-0.10581446
1.950	-1.750	0.000	-0.10547298
2.050	-1.750	0.000	-0.10497282
2.150	-1.750	0.000	-0.10449991
2.250	-1.750	0.000	-0.10396986
2.350	-1.750	0.000	-0.10364546
2.450	-1.750	0.000	-0.10300011
-2.450	-1.650	0.000	-0.13050100
-2.350	-1.650	0.000	-0.13185595
-2.250	-1.650	0.000	-0.13357848
-2.150	-1.650	0.000	-0.13590054
-2.050	-1.650	0.000	-0.13771673
-1.950	-1.650	0.000	-0.13853326
-1.850	-1.650	0.000	-0.13745853
-1.750	-1.650	0.000	-0.13572919
-1.650	-1.650	0.000	-0.13349327
-1.550	-1.650	0.000	-0.13189211
-1.450	-1.650	0.000	-0.13061133
-1.350	-1.650	0.000	-0.13019460
-1.250	-1.650	0.000	-0.12940347
-1.150	-1.650	0.000	-0.12815525
-1.050	-1.650	0.000	-0.12638542
-0.950	-1.650	0.000	-0.12347381
-0.850	-1.650	0.000	-0.12003659
-0.750	-1.650	0.000	-0.11662590
-0.650	-1.650	0.000	-0.11414915
-0.550	-1.650	0.000	-0.11283114
-0.450	-1.650	0.000	-0.11202083
-0.350	-1.650	0.000	-0.11143463
-0.250	-1.650	0.000	-0.11138798
-0.150	-1.650	0.000	-0.11184248
-0.050	-1.650	0.000	-0.11195987
0.050	-1.650	0.000	-0.11184608
0.150	-1.650	0.000	-0.11140030
0.250	-1.650	0.000	-0.11069043
0.350	-1.650	0.000	-0.10989936
0.450	-1.650	0.000	-0.10913922
0.550	-1.650	0.000	-0.10818246
0.650	-1.650	0.000	-0.10714317
0.750	-1.650	0.000	-0.10657217
0.850	-1.650	0.000	-0.10614366
0.950	-1.650	0.000	-0.10589975
1.050	-1.650	0.000	-0.10573273
1.150	-1.650	0.000	-0.10546838
1.250	-1.650	0.000	-0.10495768
1.350	-1.650	0.000	-0.10463101
1.450	-1.650	0.000	-0.10418603
1.550	-1.650	0.000	-0.10402834
1.650	-1.650	0.000	-0.10412993
1.750	-1.650	0.000	-0.10452010
1.850	-1.650	0.000	-0.10480893
1.950	-1.650	0.000	-0.10496161
2.050	-1.650	0.000	-0.10501149
2.150	-1.650	0.000	-0.10499103
2.250	-1.650	0.000	-0.10491826
2.350	-1.650	0.000	-0.10492855
2.450	-1.650	0.000	-0.10479986
-2.450	-1.550	0.000	-0.13483505
-2.350	-1.550	0.000	-0.13570134
-2.250	-1.550	0.000	-0.13660632
-2.150	-1.550	0.000	-0.13819633
-2.050	-1.550	0.000	-0.13955599
-1.950	-1.550	0.000	-0.14043790
-1.850	-1.550	0.000	-0.13945842
-1.750	-1.550	0.000	-0.13778026
-1.650	-1.550	0.000	-0.13570409
-1.550	-1.550	0.000	-0.13415284
-1.450	-1.550	0.000	-0.13297677
-1.350	-1.550	0.000	-0.13232461
-1.250	-1.550	0.000	-0.13119301
-1.150	-1.550	0.000	-0.12971914
-1.050	-1.550	0.000	-0.12794617
-0.950	-1.550	0.000	-0.12514783
-0.850	-1.550	0.000	-0.12196280
-0.750	-1.550	0.000	-0.11875353
-0.650	-1.550	0.000	-0.11586018
-0.550	-1.550	0.000	-0.11433401
-0.450	-1.550	0.000	-0.11340594
-0.350	-1.550	0.000	-0.11294967
-0.250	-1.550	0.000	-0.11300050
-0.150	-1.550	0.000	-0.11362772
-0.050	-1.550	0.000	-0.11386187
0.050	-1.550	0.000	-0.11384590
0.150	-1.550	0.000	-0.11350212
0.250	-1.550	0.000	-0.11291693
0.350	-1.550	0.000	-0.11224996
0.450	-1.550	0.000	-0.11169896
0.550	-1.550	0.000	-0.11104204
0.650	-1.550	0.000	-0.11030107
0.750	-1.550	0.000	-0.10972685
0.850	-1.550	0.000	-0.10917846
0.950	-1.550	0.000	-0.10828339
1.050	-1.550	0.000	-0.10732905
1.150	-1.550	0.000	-0.10618744
1.250	-1.550	0.000	-0.10515544
1.350	-1.550	0.000	-0.10425590
1.450	-1.550	0.000	-0.10344023
1.550	-1.550	0.000	-0.10303359
1.650	-1.550	0.000	-0.10301229
1.750	-1.550	0.000	-0.10324176
1.850	-1.550	0.000	-0.10350059
1.950	-1.550	0.000	-0.10380217
2.050	-1.550	0.000	-0.10400846
2.150	-1.550	0.000	-0.10429765
2.250	-1.550	0.000	-0.10468967
2.350	-1.550	0.000	-0.10493810
2.450	-1.550	0.000	-0.10510958
-2.450	-1.450	0.000	-0.14066227
-2.350	-1.450	0.000	-0.14090718
-2.250	-1.450	0.000	-0.14069127
-2.150	-1.450	0.000	-0.14127706
-2.050	-1.450	0.000	-0.14232211
-1.950	-1.450	0.000	-0.14343497
-1.850	-1.450	0.000	-0.14325950
-1.750	-1.450	0.000	-0.14225873
-1.650	-1.450	0.000	-0.14063691
-1.550	-1.450	0.000	-0.13896582
-1.450	-1.450	0.000	-0.13731107
-1.350	-1.450	0.000	-0.13575436
-1.250	-1.450	0.000	-0.13370635
-1.150	-1.450	0.000	-0.13148846
-1.050	-1.450	0.000	-0.12940139
-0.950	-1.450	0.000	-0.12697312
-0.850	-1.450	0.000	-0.12439400
-0.750	-1.450	0.000	-0.12192056
-0.650	-1.450	0.000	-0.11894866
-0.550	-1.450	0.000	-0.11722962
-0.450	-1.450	0.000	-0.11613999
-0.350	-1.450	0.000	-0.11566296
-0.250	-1.450	0.000	-0.11557771
-0.150	-1.450	0.000	-0.11622101
-0.050	-1.450	0.000	-0.11649752
0.050	-1.450	0.000	-0.11653420
0.150	-1.450	0.000	-0.11627515
0.250	-1.450	0.000	-0.11577642
0.350	-1.450	0.000	-0.11513931
0.450	-1.450	0.000	-0.11483189
0.550	-1.450	0.000	-0.11452208
0.650	-1.450	0.000	-0.11425275
0.750	-1.450	0.000	-0.11399259
0.850	-1.450	0.000	-0.11375654
0.950	-1.450	0.000	-0.11276193
1.050	-1.450	0.000	-0.11149810
1.150	-1.450	0.000	-0.10998458
1.250	-1.450	0.000	-0.10817221
1.350	-1.450	0.000	-0.10628171
1.450	-1.450	0.000	-0.10454474
1.550	-1.450	0.000	-0.10347685
1.650	-1.450	0.000	-0.10301962
1.750	-1.450	0.000	-0.10297991
1.850	-1.450	0.000	-0.10293830
1.950	-1.450	0.000	-0.10300589
2.050	-1.450	0.000	-0.10301599
2.150	-1.450	0.000	-0.10325751
2.250	-1.450	0.000	-0.10380089
2.350	-1.450	0.000	-0.10431736
2.450	-1.450	0.000	-0.10487868
-2.450	-1.350	0.000	-0.14472771
-2.350	-1.350	0.000	-0.14442483
-2.250	-1.350	0.000	-0.14326596
-2.150	-1.350	0.000	-0.14350839
-2.050	-1.350	0.000	-0.14466350
-1.950	-1.350	0.000	-0.14633709
-1.850	-1.350	0.000	-0.14724326
-1.750	-1.350	0.000	-0.14656541
-1.650	-1.350	0.000	-0.14520350
-1.550	-1.350	0.000	-0.14304960
-1.450	-1.350	0.000	-0.14034639
-1.350	-1.350	0.000	-0.13747826
-1.250	-1.350	0.000	-0.13436079
-1.150	-1.350	0.000	-0.13149904
-1.050	-1.350	0.000	-0.12923656
-0.950	-1.350	0.000	-0.12735775
-0.850	-1.350	0.000	-0.12544802
-0.750	-1.350	0.000	-0.12382514
-0.650	-1.350	0.000	-0.12145391
-0.550	-1.350	0.000	-0.11993849
-0.450	-1.350	0.000	-0.11888649
-0.350	-1.350	0.000	-0.11827320
-0.250	-1.350	0.000	-0.11784974
-0.150	-1.350	0.000	-0.11822570
-0.050	-1.350	0.000	-0.11851320
0.050	-1.350	0.000	-0.11862887
0.150	-1.350	0.000	-0.11844100
0.250	-1.350	0.000	-0.11804560
0.350	-1.350	0.000	-0.11743733
0.450	-1.350	0.000	-0.11743829
0.550	-1.350	0.000	-0.11746444
0.650	-1.350	0.000	-0.11763142
0.750	-1.350	0.000	-0.11777395
0.850	-1.350	0.000	-0.11788400
0.950	-1.350	0.000	-0.11718186
1.050	-1.350	0.000	-0.11599648
1.150	-1.350	0.000	-0.11462693
1.250	-1.350	0.000	-0.11276516
1.350	-1.350	0.000	-0.11055446
1.450	-1.350	0.000	-0.10824905
1.550	-1.350	0.000	-0.10638102
1.650	-1.350	0.000	-0.10502040
1.750	-1.350	0.000	-0.10417957
1.850	-1.350	0.000	-0.10355855
1.950	-1.350	0.000	-0.10311748
2.050	-1.350	0.000	-0.10283638
2.150	-1.350	0.000	-0.10279599
2.250	-1.350	0.000	-0.10302801
2.350	-1.350	0.000	-0.10325950
2.450	-1.350	0.000	-0.10356699
-2.450	-1.250	0.000	-0.14725234
-2.350	-1.250	0.000	-0.14665957
-2.250	-1.250	0.000	-0.14492424
-2.150	-1.250	0.000	-0.14527155
-2.050	-1.250	0.000	-0.14669506
-1.950	-1.250	0.000	-0.14892437
-1.850	-1.250	0.000	-0.15040374
-1.750	-1.250	0.000	-0.14965686
-1.650	-1.250	0.000	-0.14796630
-1.550	-1.250	0.000	-0.14492914
-1.450	-1.250	0.000	-0.14129768
-1.350	-1.250	0.000	-0.13756785
-1.250	-1.250	0.000	-0.13380243
-1.150	-1.250	0.000	-0.13055784
-1.050	-1.250	0.000	-0.12815185
-0.950	-1.250	0.000	-0.12679428
-0.850	-1.250	0.000	-0.12558290
-0.750	-1.250	0.000	-0.12464166
-0.650	-1.250	0.000	-0.12303454
-0.550	-1.250	0.000	-0.12197988
-0.450	-1.250	0.000	-0.12108005
-0.350	-1.250	0.000	-0.12052149
-0.250	-1.250	0.000	-0.12013904
-0.150	-1.250	0.000	-0.12043548
-0.050	-1.250	0.000	-0.12079624
0.050	-1.250	0.000	-0.12085941
0.150	-1.250	0.000	-0.12062332
0.250	-1.250	0.000	-0.12016676
0.350	-1.250	0.000	-0.11952078
0.450	-1.250	0.000	-0.11941806
0.550	-1.250	0.000	-0.11951023
0.650	-1.250	0.000	-0.11974626
0.750	-1.250	0.000	-0.12002874
0.850	-1.250	0.000	-0.12031007
0.950	-1.250	0.000	-0.12013239
1.050	-1.250	0.000	-0.11933924
1.150	-1.250	0.000	-0.11839905
1.250	-1.250	0.000	-0.11692190
1.350	-1.250	0.000	-0.11492405
1.450	-1.250	0.000	-0.11276420
1.550	-1.250	0.000	-0.11079491
1.650	-1.250	0.000	-0.10913584
1.750	-1.250	0.000	-0.10771748
1.850	-1.250	0.000	-0.10649085
1.950	-1.250	0.000	-0.10535704
2.050	-1.250	0.000	-0.10447845
2.150	-1.250	0.000	-0.10390186
2.250	-1.250	0.000	-0.10345647
2.350	-1.250	0.000	-0.10309866
2.450	-1.250	0.000	-0.10250717
-2.450	-1.150	0.000	-0.14881569
-2.350	-1.150	0.000	-0.14827266
-2.250	-1.150	0.000	-0.14643508
-2.150	-1.150	0.000	-0.14678556
-2.050	-1.150	0.000	-0.14825399
-1.950	-1.150	0.000	-0.15049182
-1.850	-1.150	0.000	-0.15203108
-1.750	-1.150	0.000	-0.15116078
-1.650	-1.150	0.000	-0.14888747
-1.550	-1.150	0.000	-0.14510550
-1.450	-1.150	0.000	-0.14064386
-1.350	-1.150	0.000	-0.13608839
-1.250	-1.150	0.000	-0.13162626
-1.150	-1.150	0.000	-0.12781936
-1.050	-1.150	0.000	-0.12506486
-0.950	-1.150	0.000	-0.12404446
-0.850	-1.150	0.000	-0.12364242
-0.750	-1.150	0.000	-0.12351243
-0.650	-1.150	0.000	-0.12256751
-0.550	-1.150	0.000	-0.12190787
-0.450	-1.150	0.000	-0.12131985
-0.350	-1.150	0.000	-0.12108778
-0.250	-1.150	0.000	-0.12117311
-0.150	-1.150	0.000	-0.12159034
-0.050	-1.150	0.000	-0.12230144
0.050	-1.150	0.000	-0.12230761
0.150	-1.150	0.000	-0.12193715
0.250	-1.150	0.000	-0.12116308
0.350	-1.150	0.000	-0.12027632
0.450	-1.150	0.000	-0.11969291
0.550	-1.150	0.000	-0.11958846
0.650	-1.150	0.000	-0.11975518
0.750	-1.150	0.000	-0.12010552
0.850	-1.150	0.000	-0.12050126
0.950	-1.150	0.000	-0.12065040
1.050	-1.150	0.000	-0.12015546
1.150	-1.150	0.000	-0.11958404
1.250	-1.150	0.000	-0.11859965
1.350	-1.150	0.000	-0.11717047
1.450	-1.150	0.000	-0.11552464
1.550	-1.150	0.000	-0.11372907
1.650	-1.150	0.000	-0.11228023
1.750	-1.150	0.000	-0.11093638
1.850	-1.150	0.000	-0.10961410
1.950	-1.150	0.000	-0.10824219
2.050	-1.150	0.000	-0.10691170
2.150	-1.150	0.000	-0.10571873
2.250	-1.150	0.000	-0.10439076
2.350	-1.150	0.000	-0.10320356
2.450	-1.150	0.000	-0.10163413
-2.450	-1.050	0.000	-0.15034261
-2.350	-1.050	0.000	-0.14996065
-2.250	-1.050	0.000	-0.14842190
-2.150	-1.050	0.000	-0.14864761
-2.050	-1.050	0.000	-0.14996929
-1.950	-1.050	0.000	-0.15197946
-1.850	-1.050	0.000	-0.15340984
-1.750	-1.050	0.000	-0.15242854
-1.650	-1.050	0.000	-0.14977007
-1.550	-1.050	0.000	-0.14561000
-1.450	-1.050	0.000	-0.14039011
-1.350	-1.050	0.000	-0.13488533
-1.250	-1.050	0.000	-0.12960927
-1.150	-1.050	0.000	-0.12515494
-1.050	-1.050	0.000	-0.12188327
-0.950	-1.050	0.000	-0.12060537
-0.850	-1.050	0.000	-0.12046085
-0.750	-1.050	0.000	-0.12105350
-0.650	-1.050	0.000	-0.12124239
-0.550	-1.050	0.000	-0.12137459
-0.450	-1.050	0.000	-0.12132551
-0.350	-1.050	0.000	-0.12149289
-0.250	-1.050	0.000	-0.12195673
-0.150	-1.050	0.000	-0.12239353
-0.050	-1.050	0.000	-0.12318296
0.050	-1.050	0.000	-0.12324701
0.150	-1.050	0.000	-0.12281220
0.250	-1.050	0.000	-0.12181235
0.350	-1.050	0.000	-0.12063381
0.450	-1.050	0.000	-0.11965080
0.550	-1.050	0.000	-0.11907972
0.650	-1.050	0.000	-0.11903534
0.750	-1.050	0.000	-0.11915782
0.850	-1.050	0.000	-0.11938956
0.950	-1.050	0.000	-0.11966742
1.050	-1.050	0.000	-0.11950085
1.150	-1.050	0.000	-0.11928172
1.250	-1.050	0.000	-0.11863652
1.350	-1.050	0.000	-0.11765049
1.450	-1.050	0.000	-0.11646686
1.550	-1.050	0.000	-0.11501197
1.650	-1.050	0.000	-0.11379146
1.750	-1.050	0.000	-0.11274248
1.850	-1.050	0.000	-0.11165959
1.950	-1.050	0.000	-0.11038385
2.050	-1.050	0.000	-0.10888239
2.150	-1.050	0.000	-0.10728923
2.250	-1.050	0.000	-0.10544282
2.350	-1.050	0.000	-0.10375488
2.450	-1.050	0.000	-0.10136607
-2.450	-0.950	0.000	-0.15153240
-2.350	-0.950	0.000	-0.15132613
-2.250	-0.950	0.000	-0.15025777
-2.150	-0.950	0.000	-0.15026920
-2.050	-0.950	0.000	-0.15132700
-1.950	-0.950	0.000	-0.15323085
-1.850	-0.950	0.000	-0.15461078
-1.750	-0.950	0.000	-0.15370996
-1.650	-0.950	0.000	-0.15089697
-1.550	-0.950	0.000	-0.14629509
-1.450	-0.950	0.000	-0.14055397
-1.350	-0.950	0.000	-0.13452923
-1.250	-0.950	0.000	-0.12870212
-1.150	-0.950	0.000	-0.12348375
-1.050	-0.950	0.000	-0.11935907
-0.950	-0.950	0.000	-0.11784636
-0.850	-0.950	0.000	-0.11774135
-0.750	-0.950	0.000	-0.11852483
-0.650	-0.950	0.000	-0.11943031
-0.550	-0.950	0.000	-0.12028322
-0.450	-0.950	0.000	-0.12079513
-0.350	-0.950	0.000	-0.12121022
-0.250	-0.950	0.000	-0.12176722
-0.150	-0.950	0.000	-0.12245078
-0.050	-0.950	0.000	-0.12300024
0.050	-0.950	0.000	-0.12330166
0.150	-0.950	0.000	-0.12277488
0.250	-0.950	0.000	-0.12168565
0.350	-0.950	0.000	-0.12025673
0.450	-0.950	0.000	-0.11913393
0.550	-0.950	0.000	-0.11776730
0.650	-0.950	0.000	-0.11724158
0.750	-0.950	0.000	-0.11694127
0.850	-0.950	0.000	-0.11697632
0.950	-0.950	0.000	-0.11717034
1.050	-0.950	0.000	-0.11715931
1.150	-0.950	0.000	-0.11711061
1.250	-0.950	0.000	-0.11688523
1.350	-0.950	0.000	-0.11624940
1.450	-0.950	0.000	-0.11542460
1.550	-0.950	0.000	-0.11450153
1.650	-0.950	0.000	-0.11351778
1.750	-0.950	0.000	-0.11276435
1.850	-0.950	0.000	-0.11191510
1.950	-0.950	0.000	-0.11078232
2.050	-0.950	0.000	-0.10927364
2.150	-0.950	0.000	-0.10752896
2.250	-0.950	0.000	-0.10548561
2.350	-0.950	0.000	-0.10370300
2.450	-0.950	0.000	-0.10097639
-2.450	-0.850	0.000	-0.15199859
-2.350	-0.850	0.000	-0.15188918
-2.250	-0.850	0.000	-0.15114248
-2.150	-0.850	0.000	-0.15094659
-2.050	-0.850	0.000	-0.15185018
-1.950	-0.850	0.000	-0.15392320
-1.850	-0.850	0.000	-0.15541011
-1.750	-0.850	0.000	-0.15481935
-1.650	-0.850	0.000	-0.15218048
-1.550	-0.850	0.000	-0.14744969
-1.450	-0.850	0.000	-0.14153259
-1.350	-0.850	0.000	-0.13516386
-1.250	-0.850	0.000	-0.12871608
-1.150	-0.850	0.000	-0.12264074
-1.050	-0.850	0.000	-0.11755290
-0.950	-0.850	0.000	-0.11625908
-0.850	-0.850	0.000	-0.11621604
-0.750	-0.850	0.000	-0.11712947
-0.650	-0.850	0.000	-0.11844394
-0.550	-0.850	0.000	-0.11954097
-0.450	-0.850	0.000	-0.12009843
-0.350	-0.850	0.000	-0.12057583
-0.250	-0.850	0.000	-0.12122311
-0.150	-0.850	0.000	-0.12199290
-0.050	-0.850	0.000	-0.12262436
0.050	-0.850	0.000	-0.12314501
0.150	-0.850	0.000	-0.12264977
0.250	-0.850	0.000	-0.12154994
0.350	-0.850	0.000	-0.11993422
0.450	-0.850	0.000	-0.11843856
0.550	-0.850	0.000	-0.11683366
0.650	-0.850	0.000	-0.11587185
0.750	-0.850	0.000	-0.11519611
0.850	-0.850	0.000	-0.11498073
0.950	-0.850	0.000	-0.11481787
1.050	-0.850	0.000	-0.11457353
1.150	-0.850	0.000	-0.11428250
1.250	-0.850	0.000	-0.11398026
1.350	-0.850	0.000	-0.11340562
1.450	-0.850	0.000	-0.11281946
1.550	-0.850	0.000	-0.11232226
1.650	-0.850	0.000	-0.11161567
1.750	-0.850	0.000	-0.11104780
1.850	-0.850	0.000	-0.11037929
1.950	-0.850	0.000	-0.10937516
2.050	-0.850	0.000	-0.10793423
2.150	-0.850	0.000	-0.10623433
2.250	-0.850	0.000	-0.10420598
2.350	-0.850	0.000	-0.10253672
2.450	-0.850	0.000	-0.09997281
-2.450	-0.750	0.000	-0.15158172
-2.350	-0.750	0.000	-0.15150879
-2.250	-0.750	0.000	-0.15108715
-2.150	-0.750	0.000	-0.15079898
-2.050	-0.750	0.000	-0.15174137
-1.950	-0.750	0.000	-0.15426470
-1.850	-0.750	0.000	-0.15565924
-1.750	-0.750	0.000	-0.15549277
-1.650	-0.750	0.000	-0.15316252
-1.550	-0.750	0.000	-0.14870694
-1.450	-0.750	0.000	-0.14287063
-1.350	-0.750	0.000	-0.13596928
-1.250	-0.750	0.000	-0.12858266
-1.150	-0.750	0.000	-0.12139195
-1.050	-0.750	0.000	-0.11577126
-0.950	-0.750	0.000	-0.11485486
-0.850	-0.750	0.000	-0.11503559
-0.750	-0.750	0.000	-0.11625066
-0.650	-0.750	0.000	-0.11797343
-0.550	-0.750	0.000	-0.11904092
-0.450	-0.750	0.000	-0.11958348
-0.350	-0.750	0.000	-0.11990346
-0.250	-0.750	0.000	-0.12046482
-0.150	-0.750	0.000	-0.12118302
-0.050	-0.750	0.000	-0.12207694
0.050	-0.750	0.000	-0.12239168
0.150	-0.750	0.000	-0.12225194
0.250	-0.750	0.000	-0.12128145
0.350	-0.750	0.000	-0.11968901
0.450	-0.750	0.000	-0.11795458
0.550	-0.750	0.000	-0.11639565
0.650	-0.750	0.000	-0.11507789
0.750	-0.750	0.000	-0.11406863
0.850	-0.750	0.000	-0.11355495
0.950	-0.750	0.000	-0.11312473
1.050	-0.750	0.000	-0.11253980
1.150	-0.750	0.000	-0.11186804
1.250	-0.750	0.000	-0.11112528
1.350	-0.750	0.000	-0.11036790
1.450	-0.750	0.000	-0.10968954
1.550	-0.750	0.000	-0.10918812
1.650	-0.750	0.000	-0.10864550
1.750	-0.750	0.000	-0.10804992
1.850	-0.750	0.000	-0.10732780
1.950	-0.750	0.000	-0.10621190
2.050	-0.750	0.000	-0.10473374
2.150	-0.750	0.000	-0.10315119
2.250	-0.750	0.000	-0.10144217
2.350	-0.750	0.000	-0.10014743
2.450	-0.750	0.000	-0.09803876
-2.450	-0.650	0.000	-0.15058304
-2.350	-0.650	0.000	-0.15044191
-2.250	-0.650	0.000	-0.15010665
-2.150	-0.650	0.000	-0.14984038
-2.050	-0.650	0.000	-0.15086581
-1.950	-0.650	0.000	-0.15383464
-1.850	-0.650	0.000	-0.15524380
-1.750	-0.650	0.000	-0.15543447
-1.650	-0.650	0.000	-0.15372346
-1.550	-0.650	0.000	-0.14951923
-1.450	-0.650	0.000	-0.14353141
-1.350	-0.650	0.000	-0.13603601
-1.250	-0.650	0.000	-0.12772422
-1.150	-0.650	0.000	-0.11970629
-1.050	-0.650	0.000	-0.11401238
-0.950	-0.650	0.000	-0.11351296
-0.850	-0.650	0.000	-0.11438107
-0.750	-0.650	0.000	-0.11600640
-0.650	-0.650	0.000	-0.11814453
-0.550	-0.650	0.000	-0.11915737
-0.450	-0.650	0.000	-0.11976743
-0.350	-0.650	0.000	-0.12004830
-0.250	-0.650	0.000	-0.12044459
-0.150	-0.650	0.000	-0.12106718
-0.050	-0.650	0.000	-0.12176322
0.050	-0.650	0.000	-0.12201156
0.150	-0.650	0.000	-0.12185322
0.250	-0.650	0.000	-0.12088814
0.350	-0.650	0.000	-0.11944660
0.450	-0.650	0.000	-0.11763297
0.550	-0.650	0.000	-0.11604915
0.650	-0.650	0.000	-0.11437286
0.750	-0.650	0.000	-0.11310662
0.850	-0.650	0.000	-0.11223823
0.950	-0.650	0.000	-0.11156961
1.050	-0.650	0.000	-0.11081775
1.150	-0.650	0.000	-0.10990290
1.250	-0.650	0.000	-0.10883063
1.350	-0.650	0.000	-0.10788952
1.450	-0.650	0.000	-0.10711028
1.550	-0.650	0.000	-0.10650578
1.650	-0.650	0.000	-0.10606745
1.750	-0.650	0.000	-0.10548008
1.850	-0.650	0.000	-0.10475472
1.950	-0.650	0.000	-0.10355578
2.050	-0.650	0.000	-0.10204156
2.150	-0.650	0.000	-0.10048714
2.250	-0.650	0.000	-0.09891083
2.350	-0.650	0.000	-0.09775430
2.450	-0.650	0.000	-0.09584482
-2.450	-0.550	0.000	-0.14965792
-2.350	-0.550	0.000	-0.14940368
-2.250	-0.550	0.000	-0.14892989
-2.150	-0.550	0.000	-0.14874461
-2.050	-0.550	0.000	-0.14991634
-1.950	-0.550	0.000	-0.15272610
-1.850	-0.550	0.000	-0.15480943
-1.750	-0.550	0.000	-0.15503153
-1.650	-0.550	0.000	-0.15356046
-1.550	-0.550	0.000	-0.14946797
-1.450	-0.550	0.000	-0.14324477
-1.350	-0.550	0.000	-0.13511935
-1.250	-0.550	0.000	-0.12609702
-1.150	-0.550	0.000	-0.11770828
-1.050	-0.550	0.000	-0.11266530
-0.950	-0.550	0.000	-0.11249244
-0.850	-0.550	0.000	-0.11402167
-0.750	-0.550	0.000	-0.11606296
-0.650	-0.550	0.000	-0.11847347
-0.550	-0.550	0.000	-0.11981886
-0.450	-0.550	0.000	-0.12041561
-0.350	-0.550	0.000	-0.12077988
-0.250	-0.550	0.000	-0.12114437
-0.150	-0.550	0.000	-0.12170721
-0.050	-0.550	0.000	-0.12207554
0.050	-0.550	0.000	-0.12246586
0.150	-0.550	0.000	-0.12184396
0.250	-0.550	0.000	-0.12067275
0.350	-0.550	0.000	-0.11900709
0.450	-0.550	0.000	-0.11696155
0.550	-0.550	0.000	-0.11509296
0.650	-0.550	0.000	-0.11325186
0.750	-0.550	0.000	-0.11177061
0.850	-0.550	0.000	-0.11063348
0.950	-0.550	0.000	-0.10978221
1.050	-0.550	0.000	-0.10906061
1.150	-0.550	0.000	-0.10814679
1.250	-0.550	0.000	-0.10696810
1.350	-0.550	0.000	-0.10585909
1.450	-0.550	0.000	-0.10493389
1.550	-0.550	0.000	-0.10418195
1.650	-0.550	0.000	-0.10373676
1.750	-0.550	0.000	-0.10318329
1.850	-0.550	0.000	-0.10267872
1.950	-0.550	0.000	-0.10189748
2.050	-0.550	0.000	-0.10079409
2.150	-0.550	0.000	-0.09942105
2.250	-0.550	0.000	-0.09774090
2.350	-0.550	0.000	-0.09624603
2.450	-0.550	0.000	-0.09380617
-2.450	-0.450	0.000	-0.14892048
-2.350	-0.450	0.000	-0.14860399
-2.250	-0.450	0.000	-0.14796551
-2.150	-0.450	0.000	-0.14792575
-2.050	-0.450	0.000	-0.14921884
-1.950	-0.450	0.000	-0.15200500
-1.850	-0.450	0.000	-0.15432490
-1.750	-0.450	0.000	-0.15462425
-1.650	-0.450	0.000	-0.15333122
-1.550	-0.450	0.000	-0.14936951
-1.450	-0.450	0.000	-0.14300519
-1.350	-0.450	0.000	-0.13478704
-1.250	-0.450	0.000	-0.12552531
-1.150	-0.450	0.000	-0.11714929
-1.050	-0.450	0.000	-0.11265995
-0.950	-0.450	0.000	-0.11258174
-0.850	-0.450	0.000	-0.11426744
-0.750	-0.450	0.000	-0.11654613
-0.650	-0.450	0.000	-0.11893581
-0.550	-0.450	0.000	-0.12007937
-0.450	-0.450	0.000	-0.12070509
-0.350	-0.450	0.000	-0.12115195
-0.250	-0.450	0.000	-0.12162255
-0.150	-0.450	0.000	-0.12223209
-0.050	-0.450	0.000	-0.12250099
0.050	-0.450	0.000	-0.12280608
0.150	-0.450	0.000	-0.12205669
0.250	-0.450	0.000	-0.12066019
0.350	-0.450	0.000	-0.11862686
0.450	-0.450	0.000	-0.11618081
0.550	-0.450	0.000	-0.11378594
0.650	-0.450	0.000	-0.11186035
0.750	-0.450	0.000	-0.11020386
0.850	-0.450	0.000	-0.10884438
0.950	-0.450	0.000	-0.10782832
1.050	-0.450	0.000	-0.10710882
1.150	-0.450	0.000	-0.10637144
1.250	-0.450	0.000	-0.10534672
1.350	-0.450	0.000	-0.10430694
1.450	-0.450	0.000	-0.10335681
1.550	-0.450	0.000	-0.10252254
1.650	-0.450	0.000	-0.10208719
1.750	-0.450	0.000	-0.10157712
1.850	-0.450	0.000	-0.10132196
1.950	-0.450	0.000	-0.10111834
2.050	-0.450	0.000	-0.10064989
2.150	-0.450	0.000	-0.09980591
2.250	-0.450	0.000	-0.09828554
2.350	-0.450	0.000	-0.09663671
2.450	-0.450	0.000	-0.09378852
-2.450	-0.350	0.000	-0.14824578
-2.350	-0.350	0.000	-0.14788517
-2.250	-0.350	0.000	-0.14712562
-2.150	-0.350	0.000	-0.14713570
-2.050	-0.350	0.000	-0.14841339
-1.950	-0.350	0.000	-0.15117100
-1.850	-0.350	0.000	-0.15332386
-1.750	-0.350	0.000	-0.15380082
-1.650	-0.350	0.000	-0.15271270
-1.550	-0.350	0.000	-0.14917155
-1.450	-0.350	0.000	-0.14308575
-1.350	-0.350	0.000	-0.13523960
-1.250	-0.350	0.000	-0.12644197
-1.150	-0.350	0.000	-0.11888642
-1.050	-0.350	0.000	-0.11573897
-0.950	-0.350	0.000	-0.11532777
-0.850	-0.350	0.000	-0.11632004
-0.750	-0.350	0.000	-0.11793189
-0.650	-0.350	0.000	-0.11938012
-0.550	-0.350	0.000	-0.11992138
-0.450	-0.350	0.000	-0.12030001
-0.350	-0.350	0.000	-0.12068827
-0.250	-0.350	0.000	-0.12123755
-0.150	-0.350	0.000	-0.12180244
-0.050	-0.350	0.000	-0.12208351
0.050	-0.350	0.000	-0.12225965
0.150	-0.350	0.000	-0.12165649
0.250	-0.350	0.000	-0.12029101
0.350	-0.350	0.000	-0.11820900
0.450	-0.350	0.000	-0.11568453
0.550	-0.350	0.000	-0.11292488
0.650	-0.350	0.000	-0.11061291
0.750	-0.350	0.000	-0.10865100
0.850	-0.350	0.000	-0.10712471
0.950	-0.350	0.000	-0.10602996
1.050	-0.350	0.000	-0.10517876
1.150	-0.350	0.000	-0.10446681
1.250	-0.350	0.000	-0.10359654
1.350	-0.350	0.000	-0.10266189
1.450	-0.350	0.000	-0.10169924
1.550	-0.350	0.000	-0.10075252
1.650	-0.350	0.000	-0.10034125
1.750	-0.350	0.000	-0.10005940
1.850	-0.350	0.000	-0.10007832
1.950	-0.350	0.000	-0.10037773
2.050	-0.350	0.000	-0.10066282
2.150	-0.350	0.000	-0.10052866
2.250	-0.350	0.000	-0.09946740
2.350	-0.350	0.000	-0.09799563
2.450	-0.350	0.000	-0.09490109
-2.450	-0.250	0.000	-0.14792043
-2.350	-0.250	0.000	-0.14748672
-2.250	-0.250	0.000	-0.14657961
-2.150	-0.250	0.000	-0.14654465
-2.050	-0.250	0.000	-0.14766449
-1.950	-0.250	0.000	-0.15028225
-1.850	-0.250	0.000	-0.15230560
-1.750	-0.250	0.000	-0.15298548
-1.650	-0.250	0.000	-0.15218115
-1.550	-0.250	0.000	-0.14889784
-1.450	-0.250	0.000	-0.14331347
-1.350	-0.250	0.000	-0.13648629
-1.250	-0.250	0.000	-0.12886007
-1.150	-0.250	0.000	-0.12248050
-1.050	-0.250	0.000	-0.11975014
-0.950	-0.250	0.000	-0.11885657
-0.850	-0.250	0.000	-0.11880526
-0.750	-0.250	0.000	-0.11936460
-0.650	-0.250	0.000	-0.11979964
-0.550	-0.250	0.000	-0.11974578
-0.450	-0.250	0.000	-0.11949271
-0.350	-0.250	0.000	-0.11928728
-0.250	-0.250	0.000	-0.11954554
-0.150	-0.250	0.000	-0.12008449
-0.050	-0.250	0.000	-0.12070831
0.050	-0.250	0.000	-0.12083606
0.150	-0.250	0.000	-0.12062772
0.250	-0.250	0.000	-0.11935340
0.350	-0.250	0.000	-0.11749006
0.450	-0.250	0.000	-0.11508939
0.550	-0.250	0.000	-0.11236417
0.650	-0.250	0.000	-0.10976827
0.750	-0.250	0.000	-0.10764383
0.850	-0.250	0.000	-0.10577268
0.950	-0.250	0.000	-0.10448917
1.050	-0.250	0.000	-0.10353105
1.150	-0.250	0.000	-0.10283113
1.250	-0.250	0.000	-0.10216777
1.350	-0.250	0.000	-0.10139062
1.450	-0.250	0.000	-0.10060158
1.550	-0.250	0.000	-0.09977629
1.650	-0.250	0.000	-0.09933979
1.750	-0.250	0.000	-0.09933727
1.850	-0.250	0.000	-0.09957130
1.950	-0.250	0.000	-0.10017569
2.050	-0.250	0.000	-0.10111698
2.150	-0.250	0.000	-0.10170612
2.250	-0.250	0.000	-0.10155125
2.350	-0.250	0.000	-0.10058038
2.450	-0.250	0.000	-0.09797759
-2.450	-0.150	0.000	-0.14825407
-2.350	-0.150	0.000	-0.14774865
-2.250	-0.150	0.000	-0.14663340
-2.150	-0.150	0.000	-0.14654455
-2.050	-0.150	0.000	-0.14744639
-1.950	-0.150	0.000	-0.14987049
-1.850	-0.150	0.000	-0.15182866
-1.750	-0.150	0.000	-0.15253763
-1.650	-0.150	0.000	-0.15198396
-1.550	-0.150	0.000	-0.14910167
-1.450	-0.150	0.000	-0.14409529
-1.350	-0.150	0.000	-0.13800098
-1.250	-0.150	0.000	-0.13119741
-1.150	-0.150	0.000	-0.12569098
-1.050	-0.150	0.000	-0.12319696
-0.950	-0.150	0.000	-0.12186804
-0.850	-0.150	0.000	-0.12128867
-0.750	-0.150	0.000	-0.12090667
-0.650	-0.150	0.000	-0.12046136
-0.550	-0.150	0.000	-0.11954772
-0.450	-0.150	0.000	-0.11865144
-0.350	-0.150	0.000	-0.11783683
-0.250	-0.150	0.000	-0.11770155
-0.150	-0.150	0.000	-0.11785497
-0.050	-0.150	0.000	-0.11832362
0.050	-0.150	0.000	-0.11816195
0.150	-0.150	0.000	-0.11856396
0.250	-0.150	0.000	-0.11785552
0.350	-0.150	0.000	-0.11645943
0.450	-0.150	0.000	-0.11447682
0.550	-0.150	0.000	-0.11216059
0.650	-0.150	0.000	-0.10955598
0.750	-0.150	0.000	-0.10740335
0.850	-0.150	0.000	-0.10531679
0.950	-0.150	0.000	-0.10365719
1.050	-0.150	0.000	-0.10248914
1.150	-0.150	0.000	-0.10175952
1.250	-0.150	0.000	-0.10132786
1.350	-0.150	0.000	-0.10090259
1.450	-0.150	0.000	-0.10053432
1.550	-0.150	0.000	-0.10017966
1.650	-0.150	0.000	-0.09980188
1.750	-0.150	0.000	-0.10007075
1.850	-0.150	0.000	-0.10062057
1.950	-0.150	0.000	-0.10122620
2.050	-0.150	0.000	-0.10212133
2.150	-0.150	0.000	-0.10287573
2.250	-0.150	0.000	-0.10312817
2.350	-0.150	0.000	-0.10262411
2.450	-0.150	0.000	-0.10082320
-2.450	-0.050	0.000	-0.14973003
-2.350	-0.050	0.000	-0.14919932
-2.250	-0.050	0.000	-0.14776181
-2.150	-0.050	0.000	-0.14764443
-2.050	-0.050	0.000	-0.14827603
-1.950	-0.050	0.000	-0.15051697
-1.850	-0.050	0.000	-0.15247172
-1.750	-0.050	0.000	-0.15307443
-1.650	-0.050	0.000	-0.15264013
-1.550	-0.050	0.000	-0.14976834
-1.450	-0.050	0.000	-0.14497237
-1.350	-0.050	0.000	-0.13933729
-1.250	-0.050	0.000	-0.13320111
-1.150	-0.050	0.000	-0.12856111
-1.050	-0.050	0.000	-0.12633137
-0.950	-0.050	0.000	-0.12493679
-0.850	-0.050	0.000	-0.12391372
-0.750	-0.050	0.000	-0.12290590
-0.650	-0.050	0.000	-0.12176237
-0.550	-0.050	0.000	-0.12027051
-0.450	-0.050	0.000	-0.11859822
-0.350	-0.050	0.000	-0.11732849
-0.250	-0.050	0.000	-0.11646117
-0.150	-0.050	0.000	-0.11611752
-0.050	-0.050	0.000	-0.11622854
0.050	-0.050	0.000	-0.11582658
0.150	-0.050	0.000	-0.11603284
0.250	-0.050	0.000	-0.11557140
0.350	-0.050	0.000	-0.11465830
0.450	-0.050	0.000	-0.11329889
0.550	-0.050	0.000	-0.11157176
0.650	-0.050	0.000	-0.10936302
0.750	-0.050	0.000	-0.10721038
0.850	-0.050	0.000	-0.10503111
0.950	-0.050	0.000	-0.10317373
1.050	-0.050	0.000	-0.10193083
1.150	-0.050	0.000	-0.10118478
1.250	-0.050	0.000	-0.10097144
1.350	-0.050	0.000	-0.10096399
1.450	-0.050	0.000	-0.10099739
1.550	-0.050	0.000	-0.10117851
1.650	-0.050	0.000	-0.10133312
1.750	-0.050	0.000	-0.10173804
1.850	-0.050	0.000	-0.10264254
1.950	-0.050	0.000	-0.10318118
2.050	-0.050	0.000	-0.10376929
2.150	-0.050	0.000	-0.10409841
2.250	-0.050	0.000	-0.10419632
2.350	-0.050	0.000	-0.10379863
2.450	-0.050	0.000	-0.10214824
-2.450	0.050	0.000	-0.15210070
-2.350	0.050	0.000	-0.15163320
-2.250	0.050	0.000	-0.14999659
-2.150	0.050	0.000	-0.14998291
-2.050	0.050	0.000	-0.15048358
-1.950	0.050	0.000	-0.15245724
-1.850	0.050	0.000	-0.15423876
-1.750	0.050	0.000	-0.15468760
-1.650	0.050	0.000	-0.15417260
-1.550	0.050	0.000	-0.15125820
-1.450	0.050	0.000	-0.14663151
-1.350	0.050	0.000	-0.14146672
-1.250	0.050	0.000	-0.13609278
-1.150	0.050	0.000	-0.13213371
-1.050	0.050	0.000	-0.12956479
-0.950	0.050	0.000	-0.12802769
-0.850	0.050	0.000	-0.12681456
-0.750	0.050	0.000	-0.12544201
-0.650	0.050	0.000	-0.12390263
-0.550	0.050	0.000	-0.12188575
-0.450	0.050	0.000	-0.11976927
-0.350	0.050	0.000	-0.11788989
-0.250	0.050	0.000	-0.11620631
-0.150	0.050	0.000	-0.11520170
-0.050	0.050	0.000	-0.11464298
0.050	0.050	0.000	-0.11423256
0.150	0.050	0.000	-0.11400600
0.250	0.050	0.000	-0.11362846
0.350	0.050	0.000	-0.11293334
0.450	0.050	0.000	-0.11190218
0.550	0.050	0.000	-0.11048159
0.650	0.050	0.000	-0.10867195
0.750	0.050	0.000	-0.10665721
0.850	0.050	0.000	-0.10459767
0.950	0.050	0.000	-0.10271396
1.050	0.050	0.000	-0.10138195
1.150	0.050	0.000	-0.10063773
1.250	0.050	0.000	-0.10050668
1.350	0.050	0.000	-0.10080881
1.450	0.050	0.000	-0.10125162
1.550	0.050	0.000	-0.10178260
1.650	0.050	0.000	-0.10244925
1.750	0.050	0.000	-0.10300742
1.850	0.050	0.000	-0.10380822
1.950	0.050	0.000	-0.10440814
2.050	0.050	0.000	-0.10451502
2.150	0.050	0.000	-0.10429071
2.250	0.050	0.000	-0.10394953
2.350	0.050	0.000	-0.10334211
2.450	0.050	0.000	-0.10156470
-2.450	0.150	0.000	-0.15427046
-2.350	0.150	0.000	-0.15388393
-2.250	0.150	0.000	-0.15213966
-2.150	0.150	0.000	-0.15210241
-2.050	0.150	0.000	-0.15259010
-1.950	0.150	0.000	-0.15447302
-1.850	0.150	0.000	-0.15634307
-1.750	0.150	0.000	-0.15675271
-1.650	0.150	0.000	-0.15620564
-1.550	0.150	0.000	-0.15353413
-1.450	0.150	0.000	-0.14915931
-1.350	0.150	0.000	-0.14416648
-1.250	0.150	0.000	-0.13935770
-1.150	0.150	0.000	-0.13555132
-1.050	0.150	0.000	-0.13295656
-0.950	0.150	0.000	-0.13136595
-0.850	0.150	0.000	-0.12994519
-0.750	0.150	0.000	-0.12852336
-0.650	0.150	0.000	-0.12674785
-0.550	0.150	0.000	-0.12445220
-0.450	0.150	0.000	-0.12191382
-0.350	0.150	0.000	-0.11938836
-0.250	0.150	0.000	-0.11710915
-0.150	0.150	0.000	-0.11502494
-0.050	0.150	0.000	-0.11364173
0.050	0.150	0.000	-0.11293253
0.150	0.150	0.000	-0.11252637
0.250	0.150	0.000	-0.11222183
0.350	0.150	0.000	-0.11177240
0.450	0.150	0.000	-0.11098710
0.550	0.150	0.000	-0.10970285
0.650	0.150	0.000	-0.10819425
0.750	0.150	0.000	-0.10639586
0.850	0.150	0.000	-0.10455791
0.950	0.150	0.000	-0.10280202
1.050	0.150	0.000	-0.10130958
1.150	0.150	0.000	-0.10037589
1.250	0.150	0.000	-0.09997312
1.350	0.150	0.000	-0.10002938
1.450	0.150	0.000	-0.10055728
1.550	0.150	0.000	-0.10134621
1.650	0.150	0.000	-0.10224289
1.750	0.150	0.000	-0.10296389
1.850	0.150	0.000	-0.10344482
1.950	0.150	0.000	-0.10377171
2.050	0.150	0.000	-0.10354032
2.150	0.150	0.000	-0.10278282
2.250	0.150	0.000	-0.10170147
2.350	0.150	0.000	-0.10068665
2.450	0.150	0.000	-0.09845606
-2.450	0.250	0.000	-0.15530506
-2.350	0.250	0.000	-0.15496945
-2.250	0.250	0.000	-0.15317926
-2.150	0.250	0.000	-0.15318632
-2.050	0.250	0.000	-0.15371761
-1.950	0.250	0.000	-0.15557766
-1.850	0.250	0.000	-0.15742542
-1.750	0.250	0.000	-0.15783089
-1.650	0.250	0.000	-0.15736185
-1.550	0.250	0.000	-0.15493058
-1.450	0.250	0.000	-0.15106733
-1.350	0.250	0.000	-0.14659825
-1.250	0.250	0.000	-0.14230880
-1.150	0.250	0.000	-0.13862982
-1.050	0.250	0.000	-0.13579513
-0.950	0.250	0.000	-0.13396643
-0.850	0.250	0.000	-0.13255563
-0.750	0.250	0.000	-0.13119438
-0.650	0.250	0.000	-0.12943879
-0.550	0.250	0.000	-0.12713066
-0.450	0.250	0.000	-0.12438364
-0.350	0.250	0.000	-0.12154733
-0.250	0.250	0.000	-0.11848606
-0.150	0.250	0.000	-0.11582198
-0.050	0.250	0.000	-0.11356431
0.050	0.250	0.000	-0.11241376
0.150	0.250	0.000	-0.11148669
0.250	0.250	0.000	-0.11088613
0.350	0.250	0.000	-0.11038673
0.450	0.250	0.000	-0.10967391
0.550	0.250	0.000	-0.10864732
0.650	0.250	0.000	-0.10746323
0.750	0.250	0.000	-0.10602694
0.850	0.250	0.000	-0.10461967
0.950	0.250	0.000	-0.10322300
1.050	0.250	0.000	-0.10168213
1.150	0.250	0.000	-0.10040398
1.250	0.250	0.000	-0.09960609
1.350	0.250	0.000	-0.09901820
1.450	0.250	0.000	-0.09884149
1.550	0.250	0.000	-0.09901096
1.650	0.250	0.000	-0.09940776
1.750	0.250	0.000	-0.09966961
1.850	0.250	0.000	-0.09975613
1.950	0.250	0.000	-0.09994867
2.050	0.250	0.000	-0.09973196
2.150	0.250	0.000	-0.09902852
2.250	0.250	0.000	-0.09792435
2.350	0.250	0.000	-0.09684671
2.450	0.250	0.000	-0.09445295
-2.450	0.350	0.000	-0.15491846
-2.350	0.350	0.000	-0.15465720
-2.250	0.350	0.000	-0.15309343
-2.150	0.350	0.000	-0.15326618
-2.050	0.350	0.000	-0.15394697
-1.950	0.350	0.000	-0.15574594
-1.850	0.350	0.000	-0.15753064
-1.750	0.350	0.000	-0.15775697
-1.650	0.350	0.000	-0.15739238
-1.550	0.350	0.000	-0.15514039
-1.450	0.350	0.000	-0.15178923
-1.350	0.350	0.000	-0.14785314
-1.250	0.350	0.000	-0.14406443
-1.150	0.350	0.000	-0.14035213
-1.050	0.350	0.000	-0.13740663
-0.950	0.350	0.000	-0.13530929
-0.850	0.350	0.000	-0.13380519
-0.750	0.350	0.000	-0.13250396
-0.650	0.350	0.000	-0.13098660
-0.550	0.350	0.000	-0.12901029
-0.450	0.350	0.000	-0.12650645
-0.350	0.350	0.000	-0.12361969
-0.250	0.350	0.000	-0.12040316
-0.150	0.350	0.000	-0.11719661
-0.050	0.350	0.000	-0.11441316
0.050	0.350	0.000	-0.11263052
0.150	0.350	0.000	-0.11122451
0.250	0.350	0.000	-0.11007353
0.350	0.350	0.000	-0.10908705
0.450	0.350	0.000	-0.10799880
0.550	0.350	0.000	-0.10686387
0.650	0.350	0.000	-0.10569634
0.750	0.350	0.000	-0.10446405
0.850	0.350	0.000	-0.10328530
0.950	0.350	0.000	-0.10217384
1.050	0.350	0.000	-0.10065170
1.150	0.350	0.000	-0.09953656
1.250	0.350	0.000	-0.09834089
1.350	0.350	0.000	-0.09721224
1.450	0.350	0.000	-0.09652146
1.550	0.350	0.000	-0.09610619
1.650	0.350	0.000	-0.09586230
1.750	0.350	0.000	-0.09548852
1.850	0.350	0.000	-0.09510278
1.950	0.350	0.000	-0.09471928
2.050	0.350	0.000	-0.09438053
2.150	0.350	0.000	-0.09381153
2.250	0.350	0.000	-0.09287611
2.350	0.350	0.000	-0.09211377
2.450	0.350	0.000	-0.09042024
-2.450	0.450	0.000	-0.15311304
-2.350	0.450	0.000	-0.15284243
-2.250	0.450	0.000	-0.15203665
-2.150	0.450	0.000	-0.15243118
-2.050	0.450	0.000	-0.15334085
-1.950	0.450	0.000	-0.15498890
-1.850	0.450	0.000	-0.15640587
-1.750	0.450	0.000	-0.15627298
-1.650	0.450	0.000	-0.15580021
-1.550	0.450	0.000	-0.15367128
-1.450	0.450	0.000	-0.15090781
-1.350	0.450	0.000	-0.14742979
-1.250	0.450	0.000	-0.14385557
-1.150	0.450	0.000	-0.14018381
-1.050	0.450	0.000	-0.13721974
-0.950	0.450	0.000	-0.13488066
-0.850	0.450	0.000	-0.13353811
-0.750	0.450	0.000	-0.13258986
-0.650	0.450	0.000	-0.13162601
-0.550	0.450	0.000	-0.13016050
-0.450	0.450	0.000	-0.12811871
-0.350	0.450	0.000	-0.12552132
-0.250	0.450	0.000	-0.12243939
-0.150	0.450	0.000	-0.11915191
-0.050	0.450	0.000	-0.11594129
0.050	0.450	0.000	-0.11312886
0.150	0.450	0.000	-0.11134322
0.250	0.450	0.000	-0.10984810
0.350	0.450	0.000	-0.10846187
0.450	0.450	0.000	-0.10703908
0.550	0.450	0.000	-0.10556214
0.650	0.450	0.000	-0.10414688
0.750	0.450	0.000	-0.10273177
0.850	0.450	0.000	-0.10132098
0.950	0.450	0.000	-0.10002564
1.050	0.450	0.000	-0.09863769
1.150	0.450	0.000	-0.09775782
1.250	0.450	0.000	-0.09669577
1.350	0.450	0.000	-0.09541567
1.450	0.450	0.000	-0.09439618
1.550	0.450	0.000	-0.09341111
1.650	0.450	0.000	-0.09252798
1.750	0.450	0.000	-0.09177229
1.850	0.450	0.000	-0.09116302
1.950	0.450	0.000	-0.09063622
2.050	0.450	0.000	-0.09024072
2.150	0.450	0.000	-0.08994542
2.250	0.450	0.000	-0.08942763
2.350	0.450	0.000	-0.08903159
2.450	0.450	0.000	-0.08792856
-2.450	0.550	0.000	-0.15163605
-2.350	0.550	0.000	-0.15144806
-2.250	0.550	0.000	-0.15110654
-2.150	0.550	0.000	-0.15168279
-2.050	0.550	0.000	-0.15270910
-1.950	0.550	0.000	-0.15424141
-1.850	0.550	0.000	-0.15516117
-1.750	0.550	0.000	-0.15471806
-1.650	0.550	0.000	-0.15367760
-1.550	0.550	0.000	-0.15140826
-1.450	0.550	0.000	-0.14861314
-1.350	0.550	0.000	-0.14539945
-1.250	0.550	0.000	-0.14191668
-1.150	0.550	0.000	-0.13840379
-1.050	0.550	0.000	-0.13544504
-0.950	0.550	0.000	-0.13338876
-0.850	0.550	0.000	-0.13258199
-0.750	0.550	0.000	-0.13221298
-0.650	0.550	0.000	-0.13199271
-0.550	0.550	0.000	-0.13112722
-0.450	0.550	0.000	-0.12962185
-0.350	0.550	0.000	-0.12728083
-0.250	0.550	0.000	-0.12430850
-0.150	0.550	0.000	-0.12098347
-0.050	0.550	0.000	-0.11778394
0.050	0.550	0.000	-0.11490721
0.150	0.550	0.000	-0.11229564
0.250	0.550	0.000	-0.11007037
0.350	0.550	0.000	-0.10827694
0.450	0.550	0.000	-0.10672279
0.550	0.550	0.000	-0.10503329
0.650	0.550	0.000	-0.10327139
0.750	0.550	0.000	-0.10162149
0.850	0.550	0.000	-0.10008760
0.950	0.550	0.000	-0.09863135
1.050	0.550	0.000	-0.09725978
1.150	0.550	0.000	-0.09595229
1.250	0.550	0.000	-0.09462763
1.350	0.550	0.000	-0.09332845
1.450	0.550	0.000	-0.09215741
1.550	0.550	0.000	-0.09089535
1.650	0.550	0.000	-0.08988348
1.750	0.550	0.000	-0.08923125
1.850	0.550	0.000	-0.08900546
1.950	0.550	0.000	-0.08887497
2.050	0.550	0.000	-0.08886711
2.150	0.550	0.000	-0.08909550
2.250	0.550	0.000	-0.08915548
2.350	0.550	0.000	-0.08911445
2.450	0.550	0.000	-0.08860508
-2.450	0.650	0.000	-0.15051177
-2.350	0.650	0.000	-0.15037553
-2.250	0.650	0.000	-0.15046567
-2.150	0.650	0.000	-0.15134574
-2.050	0.650	0.000	-0.15258537
-1.950	0.650	0.000	-0.15404180
-1.850	0.650	0.000	-0.15416484
-1.750	0.650	0.000	-0.15345259
-1.650	0.650	0.000	-0.15157007
-1.550	0.650	0.000	-0.14902914
-1.450	0.650	0.000	-0.14635202
-1.350	0.650	0.000	-0.14346136
-1.250	0.650	0.000	-0.14013100
-1.150	0.650	0.000	-0.13693054
-1.050	0.650	0.000	-0.13413393
-0.950	0.650	0.000	-0.13197558
-0.850	0.650	0.000	-0.13103262
-0.750	0.650	0.000	-0.13084435
-0.650	0.650	0.000	-0.13097997
-0.550	0.650	0.000	-0.13055730
-0.450	0.650	0.000	-0.12944546
-0.350	0.650	0.000	-0.12744921
-0.250	0.650	0.000	-0.12472793
-0.150	0.650	0.000	-0.12181249
-0.050	0.650	0.000	-0.11902731
0.050	0.650	0.000	-0.11651845
0.150	0.650	0.000	-0.11405388
0.250	0.650	0.000	-0.11180322
0.350	0.650	0.000	-0.10971271
0.450	0.650	0.000	-0.10777149
0.550	0.650	0.000	-0.10604645
0.650	0.650	0.000	-0.10429555
0.750	0.650	0.000	-0.10266986
0.850	0.650	0.000	-0.10096508
0.950	0.650	0.000	-0.09924571
1.050	0.650	0.000	-0.09758624
1.150	0.650	0.000	-0.09577513
1.250	0.650	0.000	-0.09401385
1.350	0.650	0.000	-0.09258956
1.450	0.650	0.000	-0.09120515
1.550	0.650	0.000	-0.09007666
1.650	0.650	0.000	-0.08953314
1.750	0.650	0.000	-0.08922914
1.850	0.650	0.000	-0.08919817
1.950	0.650	0.000	-0.08939019
2.050	0.650	0.000	-0.08962632
2.150	0.650	0.000	-0.08996030
2.250	0.650	0.000	-0.09015456
2.350	0.650	0.000	-0.09028602
2.450	0.650	0.000	-0.08982687
-2.450	0.750	0.000	-0.14986329
-2.350	0.750	0.000	-0.14967124
-2.250	0.750	0.000	-0.14989905
-2.150	0.750	0.000	-0.15089190
-2.050	0.750	0.000	-0.15229370
-1.950	0.750	0.000	-0.15353350
-1.850	0.750	0.000	-0.15330151
-1.750	0.750	0.000	-0.15202130
-1.650	0.750	0.000	-0.14953332
-1.550	0.750	0.000	-0.14683443
-1.450	0.750	0.000	-0.14410928
-1.350	0.750	0.000	-0.14138423
-1.250	0.750	0.000	-0.13830806
-1.150	0.750	0.000	-0.13528021
-1.050	0.750	0.000	-0.13248031
-0.950	0.750	0.000	-0.13022016
-0.850	0.750	0.000	-0.12907024
-0.750	0.750	0.000	-0.12886100
-0.650	0.750	0.000	-0.12902686
-0.550	0.750	0.000	-0.12873043
-0.450	0.750	0.000	-0.12782197
-0.350	0.750	0.000	-0.12614936
-0.250	0.750	0.000	-0.12387373
-0.150	0.750	0.000	-0.12144544
-0.050	0.750	0.000	-0.11923707
0.050	0.750	0.000	-0.11717527
0.150	0.750	0.000	-0.11520448
0.250	0.750	0.000	-0.11338026
0.350	0.750	0.000	-0.11175439
0.450	0.750	0.000	-0.11020589
0.550	0.750	0.000	-0.10874171
0.650	0.750	0.000	-0.10694942
0.750	0.750	0.000	-0.10523978
0.850	0.750	0.000	-0.10344935
0.950	0.750	0.000	-0.10148405
1.050	0.750	0.000	-0.09995889
1.150	0.750	0.000	-0.09802806
1.250	0.750	0.000	-0.09606341
1.350	0.750	0.000	-0.09456913
1.450	0.750	0.000	-0.09331261
1.550	0.750	0.000	-0.09237099
1.650	0.750	0.000	-0.09192303
1.750	0.750	0.000	-0.09170504
1.850	0.750	0.000	-0.09156411
1.950	0.750	0.000	-0.09154790
2.050	0.750	0.000	-0.09153786
2.150	0.750	0.000	-0.09144452
2.250	0.750	0.000	-0.09127551
2.350	0.750	0.000	-0.09113067
2.450	0.750	0.000	-0.09011796
-2.450	0.850	0.000	-0.14967285
-2.350	0.850	0.000	-0.14944364
-2.250	0.850	0.000	-0.14974266
-2.150	0.850	0.000	-0.15085001
-2.050	0.850	0.000	-0.15243334
-1.950	0.850	0.000	-0.15330140
-1.850	0.850	0.000	-0.15278600
-1.750	0.850	0.000	-0.15109044
-1.650	0.850	0.000	-0.14837013
-1.550	0.850	0.000	-0.14570500
-1.450	0.850	0.000	-0.14300093
-1.350	0.850	0.000	-0.14025252
-1.250	0.850	0.000	-0.13737984
-1.150	0.850	0.000	-0.13442913
-1.050	0.850	0.000	-0.13164598
-0.950	0.850	0.000	-0.12919089
-0.850	0.850	0.000	-0.12769458
-0.750	0.850	0.000	-0.12710562
-0.650	0.850	0.000	-0.12700683
-0.550	0.850	0.000	-0.12658767
-0.450	0.850	0.000	-0.12571736
-0.350	0.850	0.000	-0.12429088
-0.250	0.850	0.000	-0.12245332
-0.150	0.850	0.000	-0.12053714
-0.050	0.850	0.000	-0.11893807
0.050	0.850	0.000	-0.11751965
0.150	0.850	0.000	-0.11627122
0.250	0.850	0.000	-0.11508032
0.350	0.850	0.000	-0.11395288
0.450	0.850	0.000	-0.11284722
0.550	0.850	0.000	-0.11184870
0.650	0.850	0.000	-0.11045066
0.750	0.850	0.000	-0.10892154
0.850	0.850	0.000	-0.10715356
0.950	0.850	0.000	-0.10508878
1.050	0.850	0.000	-0.10294537
1.150	0.850	0.000	-0.10072049
1.250	0.850	0.000	-0.09871621
1.350	0.850	0.000	-0.09727582
1.450	0.850	0.000	-0.09632514
1.550	0.850	0.000	-0.09549262
1.650	0.850	0.000	-0.09481043
1.750	0.850	0.000	-0.09426942
1.850	0.850	0.000	-0.09381095
1.950	0.850	0.000	-0.09335266
2.050	0.850	0.000	-0.09288257
2.150	0.850	0.000	-0.09236493
2.250	0.850	0.000	-0.09168022
2.350	0.850	0.000	-0.09121466
2.450	0.850	0.000	-0.08946405
-2.450	0.950	0.000	-0.15101565
-2.350	0.950	0.000	-0.15055946
-2.250	0.950	0.000	-0.15061533
-2.150	0.950	0.000	-0.15152666
-2.050	0.950	0.000	-0.15310282
-1.950	0.950	0.000	-0.15350942
-1.850	0.950	0.000	-0.15292709
-1.750	0.950	0.000	-0.15101619
-1.650	0.950	0.000	-0.14826705
-1.550	0.950	0.000	-0.14556418
-1.450	0.950	0.000	-0.14288056
-1.350	0.950	0.000	-0.14023639
-1.250	0.950	0.000	-0.13766418
-1.150	0.950	0.000	-0.13479795
-1.050	0.950	0.000	-0.13195127
-0.950	0.950	0.000	-0.12919763
-0.850	0.950	0.000	-0.12706897
-0.750	0.950	0.000	-0.12586479
-0.650	0.950	0.000	-0.12520799
-0.550	0.950	0.000	-0.12449320
-0.450	0.950	0.000	-0.12353195
-0.350	0.950	0.000	-0.12220269
-0.250	0.950	0.000	-0.12064241
-0.150	0.950	0.000	-0.11915052
-0.050	0.950	0.000	-0.11803110
0.050	0.950	0.000	-0.11731545
0.150	0.950	0.000	-0.11675309
0.250	0.950	0.000	-0.11629600
0.350	0.950	0.000	-0.11576506
0.450	0.950	0.000	-0.11524285
0.550	0.950	0.000	-0.11469658
0.650	0.950	0.000	-0.11385852
0.750	0.950	0.000	-0.11280593
0.850	0.950	0.000	-0.11147691
0.950	0.950	0.000	-0.10980158
1.050	0.950	0.000	-0.10784278
1.150	0.950	0.000	-0.10561743
1.250	0.950	0.000	-0.10328964
1.350	0.950	0.000	-0.10151525
1.450	0.950	0.000	-0.10009950
1.550	0.950	0.000	-0.09899934
1.650	0.950	0.000	-0.09806247
1.750	0.950	0.000	-0.09719092
1.850	0.950	0.000	-0.09633194
1.950	0.950	0.000	-0.09533434
2.050	0.950	0.000	-0.09422407
2.150	0.950	0.000	-0.09312338
2.250	0.950	0.000	-0.09183808
2.350	0.950	0.000	-0.09083304
2.450	0.950	0.000	-0.08814001
-2.450	1.050	0.000	-0.15211545
-2.350	1.050	0.000	-0.15135440
-2.250	1.050	0.000	-0.15124418
-2.150	1.050	0.000	-0.15202743
-2.050	1.050	0.000	-0.15353148
-1.950	1.050	0.000	-0.15383933
-1.850	1.050	0.000	-0.15328650
-1.750	1.050	0.000	-0.15127879
-1.650	1.050	0.000	-0.14857444
-1.550	1.050	0.000	-0.14584978
-1.450	1.050	0.000	-0.14324172
-1.350	1.050	0.000	-0.14075412
-1.250	1.050	0.000	-0.13834397
-1.150	1.050	0.000	-0.13561444
-1.050	1.050	0.000	-0.13280125
-0.950	1.050	0.000	-0.12993209
-0.850	1.050	0.000	-0.12730724
-0.750	1.050	0.000	-0.12535737
-0.650	1.050	0.000	-0.12407814
-0.550	1.050	0.000	-0.12297073
-0.450	1.050	0.000	-0.12188888
-0.350	1.050	0.000	-0.12053507
-0.250	1.050	0.000	-0.11904394
-0.150	1.050	0.000	-0.11772218
-0.050	1.050	0.000	-0.11681217
0.050	1.050	0.000	-0.11655948
0.150	1.050	0.000	-0.11650696
0.250	1.050	0.000	-0.11663547
0.350	1.050	0.000	-0.11667588
0.450	1.050	0.000	-0.11661591
0.550	1.050	0.000	-0.11640543
0.650	1.050	0.000	-0.11608856
0.750	1.050	0.000	-0.11554753
0.850	1.050	0.000	-0.11474054
0.950	1.050	0.000	-0.11356743
1.050	1.050	0.000	-0.11189957
1.150	1.050	0.000	-0.10982822
1.250	1.050	0.000	-0.10747491
1.350	1.050	0.000	-0.10519163
1.450	1.050	0.000	-0.10319220
1.550	1.050	0.000	-0.10142612
1.650	1.050	0.000	-0.09976637
1.750	1.050	0.000	-0.09827071
1.850	1.050	0.000	-0.09694390
1.950	1.050	0.000	-0.09548867
2.050	1.050	0.000	-0.09390919
2.150	1.050	0.000	-0.09224421
2.250	1.050	0.000	-0.09032437
2.350	1.050	0.000	-0.08883426
2.450	1.050	0.000	-0.08556271
-2.450	1.150	0.000	-0.15279342
-2.350	1.150	0.000	-0.15180703
-2.250	1.150	0.000	-0.15195997
-2.150	1.150	0.000	-0.15263212
-2.050	1.150	0.000	-0.15393986
-1.950	1.150	0.000	-0.15432417
-1.850	1.150	0.000	-0.15371975
-1.750	1.150	0.000	-0.15142883
-1.650	1.150	0.000	-0.14864103
-1.550	1.150	0.000	-0.14586081
-1.450	1.150	0.000	-0.14331841
-1.350	1.150	0.000	-0.14125405
-1.250	1.150	0.000	-0.13926944
-1.150	1.150	0.000	-0.13694012
-1.050	1.150	0.000	-0.13431743
-0.950	1.150	0.000	-0.13138571
-0.850	1.150	0.000	-0.12823439
-0.750	1.150	0.000	-0.12553898
-0.650	1.150	0.000	-0.12356799
-0.550	1.150	0.000	-0.12197341
-0.450	1.150	0.000	-0.12057414
-0.350	1.150	0.000	-0.11899272
-0.250	1.150	0.000	-0.11740521
-0.150	1.150	0.000	-0.11609177
-0.050	1.150	0.000	-0.11519881
0.050	1.150	0.000	-0.11524896
0.150	1.150	0.000	-0.11549490
0.250	1.150	0.000	-0.11597430
0.350	1.150	0.000	-0.11641684
0.450	1.150	0.000	-0.11679825
0.550	1.150	0.000	-0.11690073
0.650	1.150	0.000	-0.11692731
0.750	1.150	0.000	-0.11662515
0.850	1.150	0.000	-0.11605138
0.950	1.150	0.000	-0.11514416
1.050	1.150	0.000	-0.11379708
1.150	1.150	0.000	-0.11192771
1.250	1.150	0.000	-0.10968048
1.350	1.150	0.000	-0.10708546
1.450	1.150	0.000	-0.10463965
1.550	1.150	0.000	-0.10237356
1.650	1.150	0.000	-0.10018811
1.750	1.150	0.000	-0.09824696
1.850	1.150	0.000	-0.09645401
1.950	1.150	0.000	-0.09446543
2.050	1.150	0.000	-0.09239564
2.150	1.150	0.000	-0.09048143
2.250	1.150	0.000	-0.08842076
2.350	1.150	0.000	-0.08680209
2.450	1.150	0.000	-0.08317362
-2.450	1.250	0.000	-0.15148769
-2.350	1.250	0.000	-0.15074006
-2.250	1.250	0.000	-0.15125518
-2.150	1.250	0.000	-0.15204369
-2.050	1.250	0.000	-0.15356086
-1.950	1.250	0.000	-0.15429428
-1.850	1.250	0.000	-0.15367587
-1.750	1.250	0.000	-0.15114535
-1.650	1.250	0.000	-0.14808914
-1.550	1.250	0.000	-0.14515057
-1.450	1.250	0.000	-0.14294183
-1.350	1.250	0.000	-0.14132619
-1.250	1.250	0.000	-0.13966630
-1.150	1.250	0.000	-0.13764042
-1.050	1.250	0.000	-0.13507359
-0.950	1.250	0.000	-0.13203646
-0.850	1.250	0.000	-0.12862684
-0.750	1.250	0.000	-0.12561284
-0.650	1.250	0.000	-0.12304763
-0.550	1.250	0.000	-0.12102834
-0.450	1.250	0.000	-0.11928973
-0.350	1.250	0.000	-0.11748640
-0.250	1.250	0.000	-0.11579707
-0.150	1.250	0.000	-0.11437678
-0.050	1.250	0.000	-0.11339026
0.050	1.250	0.000	-0.11329226
0.150	1.250	0.000	-0.11347705
0.250	1.250	0.000	-0.11400043
0.350	1.250	0.000	-0.11471368
0.450	1.250	0.000	-0.11531239
0.550	1.250	0.000	-0.11553574
0.650	1.250	0.000	-0.11560956
0.750	1.250	0.000	-0.11523540
0.850	1.250	0.000	-0.11467710
0.950	1.250	0.000	-0.11390742
1.050	1.250	0.000	-0.11288752
1.150	1.250	0.000	-0.11132871
1.250	1.250	0.000	-0.10934128
1.350	1.250	0.000	-0.10683005
1.450	1.250	0.000	-0.10416732
1.550	1.250	0.000	-0.10166652
1.650	1.250	0.000	-0.09927229
1.750	1.250	0.000	-0.09701277
1.850	1.250	0.000	-0.09468956
1.950	1.250	0.000	-0.09231471
2.050	1.250	0.000	-0.08996224
2.150	1.250	0.000	-0.08768243
2.250	1.250	0.000	-0.08541711
2.350	1.250	0.000	-0.08355937
2.450	1.250	0.000	-0.07980804
-2.450	1.350	0.000	-0.14797015
-2.350	1.350	0.000	-0.14802438
-2.250	1.350	0.000	-0.14911388
-2.150	1.350	0.000	-0.15066871
-2.050	1.350	0.000	-0.15298215
-1.950	1.350	0.000	-0.15396094
-1.850	1.350	0.000	-0.15322101
-1.750	1.350	0.000	-0.15041572
-1.650	1.350	0.000	-0.14701068
-1.550	1.350	0.000	-0.14408660
-1.450	1.350	0.000	-0.14218810
-1.350	1.350	0.000	-0.14088650
-1.250	1.350	0.000	-0.13942808
-1.150	1.350	0.000	-0.13748541
-1.050	1.350	0.000	-0.13493563
-0.950	1.350	0.000	-0.13170734
-0.850	1.350	0.000	-0.12804428
-0.750	1.350	0.000	-0.12480582
-0.650	1.350	0.000	-0.12179209
-0.550	1.350	0.000	-0.11941605
-0.450	1.350	0.000	-0.11745165
-0.350	1.350	0.000	-0.11560643
-0.250	1.350	0.000	-0.11399030
-0.150	1.350	0.000	-0.11256668
-0.050	1.350	0.000	-0.11147173
0.050	1.350	0.000	-0.11103873
0.150	1.350	0.000	-0.11093120
0.250	1.350	0.000	-0.11120601
0.350	1.350	0.000	-0.11175441
0.450	1.350	0.000	-0.11219236
0.550	1.350	0.000	-0.11240128
0.650	1.350	0.000	-0.11238128
0.750	1.350	0.000	-0.11195661
0.850	1.350	0.000	-0.11138712
0.950	1.350	0.000	-0.11064052
1.050	1.350	0.000	-0.10971785
1.150	1.350	0.000	-0.10838429
1.250	1.350	0.000	-0.10662702
1.350	1.350	0.000	-0.10452008
1.450	1.350	0.000	-0.10216461
1.550	1.350	0.000	-0.09969200
1.650	1.350	0.000	-0.09734268
1.750	1.350	0.000	-0.09500029
1.850	1.350	0.000	-0.09251963
1.950	1.350	0.000	-0.08991041
2.050	1.350	0.000	-0.08727963
2.150	1.350	0.000	-0.08470439
2.250	1.350	0.000	-0.08231592
2.350	1.350	0.000	-0.08034426
2.450	1.350	0.000	-0.07659904
-2.450	1.450	0.000	-0.14450128
-2.350	1.450	0.000	-0.14484699
-2.250	1.450	0.000	-0.14675240
-2.150	1.450	0.000	-0.14898723
-2.050	1.450	0.000	-0.15217124
-1.950	1.450	0.000	-0.15328985
-1.850	1.450	0.000	-0.15242749
-1.750	1.450	0.000	-0.14951192
-1.650	1.450	0.000	-0.14596109
-1.550	1.450	0.000	-0.14327739
-1.450	1.450	0.000	-0.14164542
-1.350	1.450	0.000	-0.14030690
-1.250	1.450	0.000	-0.13852862
-1.150	1.450	0.000	-0.13615529
-1.050	1.450	0.000	-0.13317780
-0.950	1.450	0.000	-0.12971306
-0.850	1.450	0.000	-0.12604696
-0.750	1.450	0.000	-0.12277325
-0.650	1.450	0.000	-0.11960220
-0.550	1.450	0.000	-0.11700093
-0.450	1.450	0.000	-0.11500426
-0.350	1.450	0.000	-0.11333378
-0.250	1.450	0.000	-0.11199525
-0.150	1.450	0.000	-0.11075736
-0.050	1.450	0.000	-0.10967080
0.050	1.450	0.000	-0.10886959
0.150	1.450	0.000	-0.10832144
0.250	1.450	0.000	-0.10803964
0.350	1.450	0.000	-0.10805170
0.450	1.450	0.000	-0.10808969
0.550	1.450	0.000	-0.10807615
0.650	1.450	0.000	-0.10784337
0.750	1.450	0.000	-0.10733613
0.850	1.450	0.000	-0.10673710
0.950	1.450	0.000	-0.10597020
1.050	1.450	0.000	-0.10510442
1.150	1.450	0.000	-0.10390765
1.250	1.450	0.000	-0.10243705
1.350	1.450	0.000	-0.10068530
1.450	1.450	0.000	-0.09873518
1.550	1.450	0.000	-0.09663691
1.650	1.450	0.000	-0.09458553
1.750	1.450	0.000	-0.09237884
1.850	1.450	0.000	-0.08989143
1.950	1.450	0.000	-0.08727364
2.050	1.450	0.000	-0.08460265
2.150	1.450	0.000	-0.08182476
2.250	1.450	0.000	-0.07917251
2.350	1.450	0.000	-0.07687421
2.450	1.450	0.000	-0.07287246
-2.450	1.550	0.000	-0.14048389
-2.350	1.550	0.000	-0.14118940
-2.250	1.550	0.000	-0.14362581
-2.150	1.550	0.000	-0.14688379
-2.050	1.550	0.000	-0.15109283
-1.950	1.550	0.000	-0.15207747
-1.850	1.550	0.000	-0.15122654
-1.750	1.550	0.000	-0.14826457
-1.650	1.550	0.000	-0.14488395
-1.550	1.550	0.000	-0.14249063
-1.450	1.550	0.000	-0.14083864
-1.350	1.550	0.000	-0.13904405
-1.250	1.550	0.000	-0.13657890
-1.150	1.550	0.000	-0.13349399
-1.050	1.550	0.000	-0.13002671
-0.950	1.550	0.000	-0.12640639
-0.850	1.550	0.000	-0.12288798
-0.750	1.550	0.000	-0.11976182
-0.650	1.550	0.000	-0.11675674
-0.550	1.550	0.000	-0.11425278
-0.450	1.550	0.000	-0.11238524
-0.350	1.550	0.000	-0.11106399
-0.250	1.550	0.000	-0.11018193
-0.150	1.550	0.000	-0.10926168
-0.050	1.550	0.000	-0.10826518
0.050	1.550	0.000	-0.10722639
0.150	1.550	0.000	-0.10616704
0.250	1.550	0.000	-0.10533213
0.350	1.550	0.000	-0.10472188
0.450	1.550	0.000	-0.10419712
0.550	1.550	0.000	-0.10383117
0.650	1.550	0.000	-0.10337806
0.750	1.550	0.000	-0.10288057
0.850	1.550	0.000	-0.10234028
0.950	1.550	0.000	-0.10167194
1.050	1.550	0.000	-0.10088941
1.150	1.550	0.000	-0.09980710
1.250	1.550	0.000	-0.09845616
1.350	1.550	0.000	-0.09679757
1.450	1.550	0.000	-0.09490653
1.550	1.550	0.000	-0.09286614
1.650	1.550	0.000	-0.09081430
1.750	1.550	0.000	-0.08864485
1.850	1.550	0.000	-0.08627795
1.950	1.550	0.000	-0.08377857
2.050	1.550	0.000	-0.08124907
2.150	1.550	0.000	-0.07855860
2.250	1.550	0.000	-0.07592698
2.350	1.550	0.000	-0.07364536
2.450	1.550	0.000	-0.06986035
-2.450	1.650	0.000	-0.13716401
-2.350	1.650	0.000	-0.13790604
-2.250	1.650	0.000	-0.14058743
-2.150	1.650	0.000	-0.14456579
-2.050	1.650	0.000	-0.14926331
-1.950	1.650	0.000	-0.15029106
-1.850	1.650	0.000	-0.14948028
-1.750	1.650	0.000	-0.14662094
-1.650	1.650	0.000	-0.14353198
-1.550	1.650	0.000	-0.14124899
-1.450	1.650	0.000	-0.13940872
-1.350	1.650	0.000	-0.13708289
-1.250	1.650	0.000	-0.13391761
-1.150	1.650	0.000	-0.13017391
-1.050	1.650	0.000	-0.12631904
-0.950	1.650	0.000	-0.12274335
-0.850	1.650	0.000	-0.11960565
-0.750	1.650	0.000	-0.11675807
-0.650	1.650	0.000	-0.11409654
-0.550	1.650	0.000	-0.11182959
-0.450	1.650	0.000	-0.11017236
-0.350	1.650	0.000	-0.10920107
-0.250	1.650	0.000	-0.10873596
-0.150	1.650	0.000	-0.10814826
-0.050	1.650	0.000	-0.10736308
0.050	1.650	0.000	-0.10625637
0.150	1.650	0.000	-0.10485973
0.250	1.650	0.000	-0.10353372
0.350	1.650	0.000	-0.10215372
0.450	1.650	0.000	-0.10088908
0.550	1.650	0.000	-0.09992149
0.650	1.650	0.000	-0.09908559
0.750	1.650	0.000	-0.09844848
0.850	1.650	0.000	-0.09786979
0.950	1.650	0.000	-0.09724487
1.050	1.650	0.000	-0.09642597
1.150	1.650	0.000	-0.09535611
1.250	1.650	0.000	-0.09407028
1.350	1.650	0.000	-0.09257478
1.450	1.650	0.000	-0.09090976
1.550	1.650	0.000	-0.08911519
1.650	1.650	0.000	-0.08718636
1.750	1.650	0.000	-0.08509031
1.850	1.650	0.000	-0.08280247
1.950	1.650	0.000	-0.08038285
2.050	1.650	0.000	-0.07794794
2.150	1.650	0.000	-0.07534219
2.250	1.650	0.000	-0.07282935
2.350	1.650	0.000	-0.07060204
2.450	1.650	0.000	-0.06721560
-2.450	1.750	0.000	-0.13348582
-2.350	1.750	0.000	-0.13401636
-2.250	1.750	0.000	-0.13663951
-2.150	1.750	0.000	-0.14115657
-2.050	1.750	0.000	-0.14614536
-1.950	1.750	0.000	-0.14748478
-1.850	1.750	0.000	-0.14667875
-1.750	1.750	0.000	-0.14408748
-1.650	1.750	0.000	-0.14136603
-1.550	1.750	0.000	-0.13917664
-1.450	1.750	0.000	-0.13722926
-1.350	1.750	0.000	-0.13461751
-1.250	1.750	0.000	-0.13121010
-1.150	1.750	0.000	-0.12722906
-1.050	1.750	0.000	-0.12322993
-0.950	1.750	0.000	-0.11973224
-0.850	1.750	0.000	-0.11684427
-0.750	1.750	0.000	-0.11413325
-0.650	1.750	0.000	-0.11171837
-0.550	1.750	0.000	-0.10959248
-0.450	1.750	0.000	-0.10818221
-0.350	1.750	0.000	-0.10740607
-0.250	1.750	0.000	-0.10712335
-0.150	1.750	0.000	-0.10690213
-0.050	1.750	0.000	-0.10669413
0.050	1.750	0.000	-0.10568228
0.150	1.750	0.000	-0.10418201
0.250	1.750	0.000	-0.10247728
0.350	1.750	0.000	-0.10049742
0.450	1.750	0.000	-0.09860805
0.550	1.750	0.000	-0.09704085
0.650	1.750	0.000	-0.09573588
0.750	1.750	0.000	-0.09476451
0.850	1.750	0.000	-0.09395961
0.950	1.750	0.000	-0.09319718
1.050	1.750	0.000	-0.09226085
1.150	1.750	0.000	-0.09108639
1.250	1.750	0.000	-0.08973701
1.350	1.750	0.000	-0.08825310
1.450	1.750	0.000	-0.08665103
1.550	1.750	0.000	-0.08501846
1.650	1.750	0.000	-0.08314291
1.750	1.750	0.000	-0.08114882
1.850	1.750	0.000	-0.07894635
1.950	1.750	0.000	-0.07657199
2.050	1.750	0.000	-0.07409853
2.150	1.750	0.000	-0.07156083
2.250	1.750	0.000	-0.06904502
2.350	1.750	0.000	-0.06654132
2.450	1.750	0.000	-0.06302068
-2.450	1.850	0.000	-0.13145597
-2.350	1.850	0.000	-0.13113460
-2.250	1.850	0.000	-0.13309504
-2.150	1.850	0.000	-0.13795406
-2.050	1.850	0.000	-0.14322329
-1.950	1.850	0.000	-0.14471219
-1.850	1.850	0.000	-0.14390400
-1.750	1.850	0.000	-0.14161450
-1.650	1.850	0.000	-0.13910197
-1.550	1.850	0.000	-0.13688265
-1.450	1.850	0.000	-0.13472237
-1.350	1.850	0.000	-0.13211875
-1.250	1.850	0.000	-0.12884022
-1.150	1.850	0.000	-0.12501474
-1.050	1.850	0.000	-0.12114531
-0.950	1.850	0.000	-0.11770263
-0.850	1.850	0.000	-0.11488727
-0.750	1.850	0.000	-0.11228692
-0.650	1.850	0.000	-0.11005418
-0.550	1.850	0.000	-0.10802105
-0.450	1.850	0.000	-0.10668657
-0.350	1.850	0.000	-0.10595897
-0.250	1.850	0.000	-0.10567873
-0.150	1.850	0.000	-0.10565379
-0.050	1.850	0.000	-0.10553861
0.050	1.850	0.000	-0.10454043
0.150	1.850	0.000	-0.10309786
0.250	1.850	0.000	-0.10136353
0.350	1.850	0.000	-0.09924482
0.450	1.850	0.000	-0.09705336
0.550	1.850	0.000	-0.09506107
0.650	1.850	0.000	-0.09328875
0.750	1.850	0.000	-0.09180333
0.850	1.850	0.000	-0.09053262
0.950	1.850	0.000	-0.08932327
1.050	1.850	0.000	-0.08804227
1.150	1.850	0.000	-0.08664819
1.250	1.850	0.000	-0.08518013
1.350	1.850	0.000	-0.08367986
1.450	1.850	0.000	-0.08216087
1.550	1.850	0.000	-0.08062252
1.650	1.850	0.000	-0.07886179
1.750	1.850	0.000	-0.07697295
1.850	1.850	0.000	-0.07482641
1.950	1.850	0.000	-0.07256564
2.050	1.850	0.000	-0.07021778
2.150	1.850	0.000	-0.06787995
2.250	1.850	0.000	-0.06548706
2.350	1.850	0.000	-0.06308747
2.450	1.850	0.000	-0.05966751
-2.450	1.950	0.000	-0.12696695
-2.350	1.950	0.000	-0.12602000
-2.250	1.950	0.000	-0.12757392
-2.150	1.950	0.000	-0.13315785
-2.050	1.950	0.000	-0.13893288
-1.950	1.950	0.000	-0.14094800
-1.850	1.950	0.000	-0.14083329
-1.750	1.950	0.000	-0.13935143
-1.650	1.950	0.000	-0.13736653
-1.550	1.950	0.000	-0.13532500
-1.450	1.950	0.000	-0.13301148
-1.350	1.950	0.000	-0.13033421
-1.250	1.950	0.000	-0.12703013
-1.150	1.950	0.000	-0.12319024
-1.050	1.950	0.000	-0.11932901
-0.950	1.950	0.000	-0.11593344
-0.850	1.950	0.000	-0.11320622
-0.750	1.950	0.000	-0.11087200
-0.650	1.950	0.000	-0.10886455
-0.550	1.950	0.000	-0.10697873
-0.450	1.950	0.000	-0.10568405
-0.350	1.950	0.000	-0.10491491
-0.250	1.950	0.000	-0.10447735
-0.150	1.950	0.000	-0.10441349
-0.050	1.950	0.000	-0.10426868
0.050	1.950	0.000	-0.10342374
0.150	1.950	0.000	-0.10208957
0.250	1.950	0.000	-0.10033488
0.350	1.950	0.000	-0.09820876
0.450	1.950	0.000	-0.09597158
0.550	1.950	0.000	-0.09375429
0.650	1.950	0.000	-0.09162506
0.750	1.950	0.000	-0.08970717
0.850	1.950	0.000	-0.08801372
0.950	1.950	0.000	-0.08641326
1.050	1.950	0.000	-0.08485851
1.150	1.950	0.000	-0.08328240
1.250	1.950	0.000	-0.08162750
1.350	1.950	0.000	-0.07990884
1.450	1.950	0.000	-0.07812286
1.550	1.950	0.000	-0.07622535
1.650	1.950	0.000	-0.07413262
1.750	1.950	0.000	-0.07197711
1.850	1.950	0.000	-0.06971329
1.950	1.950	0.000	-0.06734136
2.050	1.950	0.000	-0.06502417
2.150	1.950	0.000	-0.06265314
2.250	1.950	0.000	-0.06029250
2.350	1.950	0.000	-0.05820958
2.450	1.950	0.000	-0.05545001
-2.450	2.050	0.000	-0.12475739
-2.350	2.050	0.000	-0.12349566
-2.250	2.050	0.000	-0.12459566
-2.150	2.050	0.000	-0.13014211
-2.050	2.050	0.000	-0.13534336
-1.950	2.050	0.000	-0.13699855
-1.850	2.050	0.000	-0.13736030
-1.750	2.050	0.000	-0.13647483
-1.650	2.050	0.000	-0.13511981
-1.550	2.050	0.000	-0.13357769
-1.450	2.050	0.000	-0.13154079
-1.350	2.050	0.000	-0.12901451
-1.250	2.050	0.000	-0.12565789
-1.150	2.050	0.000	-0.12176954
-1.050	2.050	0.000	-0.11786547
-0.950	2.050	0.000	-0.11450197
-0.850	2.050	0.000	-0.11185323
-0.750	2.050	0.000	-0.10983858
-0.650	2.050	0.000	-0.10820626
-0.550	2.050	0.000	-0.10665004
-0.450	2.050	0.000	-0.10544135
-0.350	2.050	0.000	-0.10453902
-0.250	2.050	0.000	-0.10394826
-0.150	2.050	0.000	-0.10367975
-0.050	2.050	0.000	-0.10339781
0.050	2.050	0.000	-0.10261971
0.150	2.050	0.000	-0.10128342
0.250	2.050	0.000	-0.09947437
0.350	2.050	0.000	-0.09728307
0.450	2.050	0.000	-0.09497640
0.550	2.050	0.000	-0.09258706
0.650	2.050	0.000	-0.09019418
0.750	2.050	0.000	-0.08797517
0.850	2.050	0.000	-0.08592802
0.950	2.050	0.000	-0.08402452
1.050	2.050	0.000	-0.08230458
1.150	2.050	0.000	-0.08069645
1.250	2.050	0.000	-0.07909092
1.350	2.050	0.000	-0.07741407
1.450	2.050	0.000	-0.07556246
1.550	2.050	0.000	-0.07346167
1.650	2.050	0.000	-0.07113047
1.750	2.050	0.000	-0.06879217
1.850	2.050	0.000	-0.06652542
1.950	2.050	0.000	-0.06423208
2.050	2.050	0.000	-0.06197186
2.150	2.050	0.000	-0.05954698
2.250	2.050	0.000	-0.05710253
2.350	2.050	0.000	-0.05510614
2.450	2.050	0.000	-0.05256464
-2.450	2.150	0.000	-0.12139886
-2.350	2.150	0.000	-0.12037321
-2.250	2.150	0.000	-0.12157901
-2.150	2.150	0.000	-0.12762594
-2.050	2.150	0.000	-0.13255461
-1.950	2.150	0.000	-0.13413560
-1.850	2.150	0.000	-0.13472447
-1.750	2.150	0.000	-0.13419247
-1.650	2.150	0.000	-0.13321437
-1.550	2.150	0.000	-0.13191667
-1.450	2.150	0.000	-0.13003893
-1.350	2.150	0.000	-0.12764812
-1.250	2.150	0.000	-0.12434709
-1.150	2.150	0.000	-0.12061142
-1.050	2.150	0.000	-0.11665942
-0.950	2.150	0.000	-0.11319593
-0.850	2.150	0.000	-0.11068067
-0.750	2.150	0.000	-0.10910770
-0.650	2.150	0.000	-0.10796838
-0.550	2.150	0.000	-0.10696089
-0.450	2.150	0.000	-0.10610078
-0.350	2.150	0.000	-0.10527790
-0.250	2.150	0.000	-0.10464489
-0.150	2.150	0.000	-0.10418172
-0.050	2.150	0.000	-0.10366555
0.050	2.150	0.000	-0.10275892
0.150	2.150	0.000	-0.10127285
0.250	2.150	0.000	-0.09926118
0.350	2.150	0.000	-0.09683149
0.450	2.150	0.000	-0.09431837
0.550	2.150	0.000	-0.09172089
0.650	2.150	0.000	-0.08911417
0.750	2.150	0.000	-0.08664676
0.850	2.150	0.000	-0.08425196
0.950	2.150	0.000	-0.08198819
1.050	2.150	0.000	-0.07993364
1.150	2.150	0.000	-0.07810389
1.250	2.150	0.000	-0.07645218
1.350	2.150	0.000	-0.07490657
1.450	2.150	0.000	-0.07327675
1.550	2.150	0.000	-0.07137781
1.650	2.150	0.000	-0.06923885
1.750	2.150	0.000	-0.06686281
1.850	2.150	0.000	-0.06445082
1.950	2.150	0.000	-0.06184786
2.050	2.150	0.000	-0.05899270
2.150	2.150	0.000	-0.05595688
2.250	2.150	0.000	-0.05315839
2.350	2.150	0.000	-0.05086153
2.450	2.150	0.000	-0.04832276
-2.450	2.250	0.000	-0.11851599
-2.350	2.250	0.000	-0.11765090
-2.250	2.250	0.000	-0.11865219
-2.150	2.250	0.000	-0.12443013
-2.050	2.250	0.000	-0.12885131
-1.950	2.250	0.000	-0.13019611
-1.850	2.250	0.000	-0.13087513
-1.750	2.250	0.000	-0.13074592
-1.650	2.250	0.000	-0.13041736
-1.550	2.250	0.000	-0.12986581
-1.450	2.250	0.000	-0.12874024
-1.350	2.250	0.000	-0.12674165
-1.250	2.250	0.000	-0.12383640
-1.150	2.250	0.000	-0.12038710
-1.050	2.250	0.000	-0.11652106
-0.950	2.250	0.000	-0.11301274
-0.850	2.250	0.000	-0.11048026
-0.750	2.250	0.000	-0.10897426
-0.650	2.250	0.000	-0.10821322
-0.550	2.250	0.000	-0.10777339
-0.450	2.250	0.000	-0.10734665
-0.350	2.250	0.000	-0.10689496
-0.250	2.250	0.000	-0.10639327
-0.150	2.250	0.000	-0.10580983
-0.050	2.250	0.000	-0.10508594
0.050	2.250	0.000	-0.10392188
0.150	2.250	0.000	-0.10227451
0.250	2.250	0.000	-0.10010000
0.350	2.250	0.000	-0.09748006
0.450	2.250	0.000	-0.09467237
0.550	2.250	0.000	-0.09181237
0.650	2.250	0.000	-0.08899172
0.750	2.250	0.000	-0.08633237
0.850	2.250	0.000	-0.08383080
0.950	2.250	0.000	-0.08150972
1.050	2.250	0.000	-0.07939416
1.150	2.250	0.000	-0.07749514
1.250	2.250	0.000	-0.07579801
1.350	2.250	0.000	-0.07426450
1.450	2.250	0.000	-0.07277048
1.550	2.250	0.000	-0.07118525
1.650	2.250	0.000	-0.06947177
1.750	2.250	0.000	-0.06745616
1.850	2.250	0.000	-0.06518405
1.950	2.250	0.000	-0.06244832
2.050	2.250	0.000	-0.05922846
2.150	2.250	0.000	-0.05562828
2.250	2.250	0.000	-0.05242238
2.350	2.250	0.000	-0.04978153
2.450	2.250	0.000	-0.04711406
-2.450	2.350	0.000	-0.12270657
-2.350	2.350	0.000	-0.12271167
-2.250	2.350	0.000	-0.12304215
-2.150	2.350	0.000	-0.12742069
-2.050	2.350	0.000	-0.12941341
-1.950	2.350	0.000	-0.12947544
-1.850	2.350	0.000	-0.12870306
-1.750	2.350	0.000	-0.12789646
-1.650	2.350	0.000	-0.12769099
-1.550	2.350	0.000	-0.12787355
-1.450	2.350	0.000	-0.12786970
-1.350	2.350	0.000	-0.12691249
-1.250	2.350	0.000	-0.12480062
-1.150	2.350	0.000	-0.12177864
-1.050	2.350	0.000	-0.11822723
-0.950	2.350	0.000	-0.11479919
-0.850	2.350	0.000	-0.11216230
-0.750	2.350	0.000	-0.11036558
-0.650	2.350	0.000	-0.10940650
-0.550	2.350	0.000	-0.10885648
-0.450	2.350	0.000	-0.10867707
-0.350	2.350	0.000	-0.10855152
-0.250	2.350	0.000	-0.10832923
-0.150	2.350	0.000	-0.10792050
-0.050	2.350	0.000	-0.10719734
0.050	2.350	0.000	-0.10589980
0.150	2.350	0.000	-0.10413178
0.250	2.350	0.000	-0.10180777
0.350	2.350	0.000	-0.09899922
0.450	2.350	0.000	-0.09572176
0.550	2.350	0.000	-0.09229192
0.650	2.350	0.000	-0.08886743
0.750	2.350	0.000	-0.08549502
0.850	2.350	0.000	-0.08244138
0.950	2.350	0.000	-0.07970483
1.050	2.350	0.000	-0.07727275
1.150	2.350	0.000	-0.07507095
1.250	2.350	0.000	-0.07303267
1.350	2.350	0.000	-0.07114266
1.450	2.350	0.000	-0.06944983
1.550	2.350	0.000	-0.06796331
1.650	2.350	0.000	-0.06664617
1.750	2.350	0.000	-0.06525727
1.850	2.350	0.000	-0.06365728
1.950	2.350	0.000	-0.06144952
2.050	2.350	0.000	-0.05850221
2.150	2.350	0.000	-0.05493779
2.250	2.350	0.000	-0.05168738
2.350	2.350	0.000	-0.04890477
2.450	2.350	0.000	-0.04624439
-2.450	2.450	0.000	-0.11658952
-2.350	2.450	0.000	-0.11824063
-2.250	2.450	0.000	-0.12120943
-2.150	2.450	0.000	-0.12623611
-2.050	2.450	0.000	-0.12927254
-1.950	2.450	0.000	-0.12915912
-1.850	2.450	0.000	-0.12777270
-1.750	2.450	0.000	-0.12621073
-1.650	2.450	0.000	-0.12541348
-1.550	2.450	0.000	-0.12530173
-1.450	2.450	0.000	-0.12534158
-1.350	2.450	0.000	-0.12479929
-1.250	2.450	0.000	-0.12335292
-1.150	2.450	0.000	-0.12117639
-1.050	2.450	0.000	-0.11848947
-0.950	2.450	0.000	-0.11580835
-0.850	2.450	0.000	-0.11395434
-0.750	2.450	0.000	-0.11265352
-0.650	2.450	0.000	-0.11188921
-0.550	2.450	0.000	-0.11141740
-0.450	2.450	0.000	-0.11123318
-0.350	2.450	0.000	-0.11118238
-0.250	2.450	0.000	-0.11117019
-0.150	2.450	0.000	-0.11107029
-0.050	2.450	0.000	-0.11069324
0.050	2.450	0.000	-0.10972543
0.150	2.450	0.000	-0.10825516
0.250	2.450	0.000	-0.10625941
0.350	2.450	0.000	-0.10384414
0.450	2.450	0.000	-0.10098440
0.550	2.450	0.000	-0.09799539
0.650	2.450	0.000	-0.09488756
0.750	2.450	0.000	-0.09176807
0.850	2.450	0.000	-0.08880623
0.950	2.450	0.000	-0.08604908
1.050	2.450	0.000	-0.08352000
1.150	2.450	0.000	-0.08116814
1.250	2.450	0.000	-0.07892900
1.350	2.450	0.000	-0.07677411
1.450	2.450	0.000	-0.07473573
1.550	2.450	0.000	-0.07281850
1.650	2.450	0.000	-0.07099333
1.750	2.450	0.000	-0.06906944
1.850	2.450	0.000	-0.06698433
1.950	2.450	0.000	-0.06437382
2.050	2.450	0.000	-0.06122599
2.150	2.450	0.000	-0.05766848
2.250	2.450	0.000	-0.05433534
2.350	2.450	0.000	-0.05148383
2.450	2.450	0.000	-0.04837060
