-2.450	-2.450	0.000	-0.16096929
-2.350	-2.450	0.000	-0.16098432
-2.250	-2.450	0.000	-0.16015661
-2.150	-2.450	0.000	-0.15990041
-2.050	-2.450	0.000	-0.16017264
-1.950	-2.450	0.000	-0.16067822
-1.850	-2.450	0.000	-0.15970050
-1.750	-2.450	0.000	-0.15825544
-1.650	-2.450	0.000	-0.15650178
-1.550	-2.450	0.000	-0.15554520
-1.450	-2.450	0.000	-0.15402868
-1.350	-2.450	0.000	-0.15288058
-1.250	-2.450	0.000	-0.15086259
-1.150	-2.450	0.000	-0.14798667
-1.050	-2.450	0.000	-0.14441405
-0.950	-2.450	0.000	-0.14107198
-0.850	-2.450	0.000	-0.13752776
-0.750	-2.450	0.000	-0.13488989
-0.650	-2.450	0.000	-0.13302778
-0.550	-2.450	0.000	-0.13132568
-0.450	-2.450	0.000	-0.12927850
-0.350	-2.450	0.000	-0.12688728
-0.250	-2.450	0.000	-0.12408157
-0.150	-2.450	0.000	-0.12122943
-0.050	-2.450	0.000	-0.11834926
0.050	-2.450	0.000	-0.11589006
0.150	-2.450	0.000	-0.11346736
0.250	-2.450	0.000	-0.11172464
0.350	-2.450	0.000	-0.10969280
0.450	-2.450	0.000	-0.10844101
0.550	-2.450	0.000	-0.10794373
0.650	-2.450	0.000	-0.10827728
0.750	-2.450	0.000	-0.10913851
0.850	-2.450	0.000	-0.11068174
0.950	-2.450	0.000	-0.11157101
1.050	-2.450	0.000	-0.11373572
1.150	-2.450	0.000	-0.11401497
1.250	-2.450	0.000	-0.11543029
1.350	-2.450	0.000	-0.11738054
1.450	-2.450	0.000	-0.11923669
1.550	-2.450	0.000	-0.12134323
1.650	-2.450	0.000	-0.12404249
1.750	-2.450	0.000	-0.12658378
1.850	-2.450	0.000	-0.12765890
1.950	-2.450	0.000	-0.12810795
2.050	-2.450	0.000	-0.12808755
2.150	-2.450	0.000	-0.12752642
2.250	-2.450	0.000	-0.12564573
2.350	-2.450	0.000	-0.12382697
2.450	-2.450	0.000	-0.11956441
-2.450	-2.350	0.000	-0.15498318
-2.350	-2.350	0.000	-0.15542938
-2.250	-2.350	0.000	-0.15485176
-2.150	-2.350	0.000	-0.15534100
-2.050	-2.350	0.000	-0.15562609
-1.950	-2.350	0.000	-0.15642263
-1.850	-2.350	0.000	-0.15526058
-1.750	-2.350	0.000	-0.15329726
-1.650	-2.350	0.000	-0.15140624
-1.550	-2.350	0.000	-0.15061070
-1.450	-2.350	0.000	-0.14887351
-1.350	-2.350	0.000	-0.14760995
-1.250	-2.350	0.000	-0.14543639
-1.150	-2.350	0.000	-0.14228746
-1.050	-2.350	0.000	-0.13866808
-0.950	-2.350	0.000	-0.13494655
-0.850	-2.350	0.000	-0.13122670
-0.750	-2.350	0.000	-0.12848066
-0.650	-2.350	0.000	-0.12662674
-0.550	-2.350	0.000	-0.12528734
-0.450	-2.350	0.000	-0.12372110
-0.350	-2.350	0.000	-0.12180124
-0.250	-2.350	0.000	-0.11942445
-0.150	-2.350	0.000	-0.11693507
-0.050	-2.350	0.000	-0.11431602
0.050	-2.350	0.000	-0.11194409
0.150	-2.350	0.000	-0.10956790
0.250	-2.350	0.000	-0.10786175
0.350	-2.350	0.000	-0.10579184
0.450	-2.350	0.000	-0.10443619
0.550	-2.350	0.000	-0.10350581
0.650	-2.350	0.000	-0.10322054
0.750	-2.350	0.000	-0.10368437
0.850	-2.350	0.000	-0.10526188
0.950	-2.350	0.000	-0.10689569
1.050	-2.350	0.000	-0.10970637
1.150	-2.350	0.000	-0.11117443
1.250	-2.350	0.000	-0.11334028
1.350	-2.350	0.000	-0.11526389
1.450	-2.350	0.000	-0.11727104
1.550	-2.350	0.000	-0.11930300
1.650	-2.350	0.000	-0.12208369
1.750	-2.350	0.000	-0.12463387
1.850	-2.350	0.000	-0.12599857
1.950	-2.350	0.000	-0.12652422
2.050	-2.350	0.000	-0.12680024
2.150	-2.350	0.000	-0.12656435
2.250	-2.350	0.000	-0.12508102
2.350	-2.350	0.000	-0.12370832
2.450	-2.350	0.000	-0.12023892
-2.450	-2.250	0.000	-0.15215300
-2.350	-2.250	0.000	-0.15291494
-2.250	-2.250	0.000	-0.15229401
-2.150	-2.250	0.000	-0.15270971
-2.050	-2.250	0.000	-0.15268472
-1.950	-2.250	0.000	-0.15375820
-1.850	-2.250	0.000	-0.15278736
-1.750	-2.250	0.000	-0.15095429
-1.650	-2.250	0.000	-0.14872374
-1.550	-2.250	0.000	-0.14724991
-1.450	-2.250	0.000	-0.14484948
-1.350	-2.250	0.000	-0.14307870
-1.250	-2.250	0.000	-0.14078069
-1.150	-2.250	0.000	-0.13750245
-1.050	-2.250	0.000	-0.13408329
-0.950	-2.250	0.000	-0.13038751
-0.850	-2.250	0.000	-0.12690616
-0.750	-2.250	0.000	-0.12416736
-0.650	-2.250	0.000	-0.12219488
-0.550	-2.250	0.000	-0.12098229
-0.450	-2.250	0.000	-0.11998233
-0.350	-2.250	0.000	-0.11864205
-0.250	-2.250	0.000	-0.11698416
-0.150	-2.250	0.000	-0.11486277
-0.050	-2.250	0.000	-0.11264490
0.050	-2.250	0.000	-0.11054897
0.150	-2.250	0.000	-0.10855354
0.250	-2.250	0.000	-0.10711440
0.350	-2.250	0.000	-0.10565404
0.450	-2.250	0.000	-0.10443556
0.550	-2.250	0.000	-0.10355794
0.650	-2.250	0.000	-0.10308754
0.750	-2.250	0.000	-0.10344680
0.850	-2.250	0.000	-0.10467016
0.950	-2.250	0.000	-0.10677699
1.050	-2.250	0.000	-0.10938670
1.150	-2.250	0.000	-0.11159011
1.250	-2.250	0.000	-0.11343551
1.350	-2.250	0.000	-0.11489230
1.450	-2.250	0.000	-0.11619096
1.550	-2.250	0.000	-0.11729871
1.650	-2.250	0.000	-0.11895096
1.750	-2.250	0.000	-0.12065240
1.850	-2.250	0.000	-0.12180386
1.950	-2.250	0.000	-0.12244921
2.050	-2.250	0.000	-0.12262589
2.150	-2.250	0.000	-0.12246680
2.250	-2.250	0.000	-0.12151918
2.350	-2.250	0.000	-0.12046638
2.450	-2.250	0.000	-0.11815833
-2.450	-2.150	0.000	-0.14787011
-2.350	-2.150	0.000	-0.14892472
-2.250	-2.150	0.000	-0.14814039
-2.150	-2.150	0.000	-0.14843987
-2.050	-2.150	0.000	-0.14799002
-1.950	-2.150	0.000	-0.14900085
-1.850	-2.150	0.000	-0.14814565
-1.750	-2.150	0.000	-0.14661574
-1.650	-2.150	0.000	-0.14434262
-1.550	-2.150	0.000	-0.14239018
-1.450	-2.150	0.000	-0.13938525
-1.350	-2.150	0.000	-0.13682555
-1.250	-2.150	0.000	-0.13394614
-1.150	-2.150	0.000	-0.12999630
-1.050	-2.150	0.000	-0.12636380
-0.950	-2.150	0.000	-0.12221491
-0.850	-2.150	0.000	-0.11854862
-0.750	-2.150	0.000	-0.11562013
-0.650	-2.150	0.000	-0.11350184
-0.550	-2.150	0.000	-0.11230773
-0.450	-2.150	0.000	-0.11177600
-0.350	-2.150	0.000	-0.11103845
-0.250	-2.150	0.000	-0.11001401
-0.150	-2.150	0.000	-0.10877245
-0.050	-2.150	0.000	-0.10748532
0.050	-2.150	0.000	-0.10623822
0.150	-2.150	0.000	-0.10485670
0.250	-2.150	0.000	-0.10377756
0.350	-2.150	0.000	-0.10245381
0.450	-2.150	0.000	-0.10118666
0.550	-2.150	0.000	-0.10042789
0.650	-2.150	0.000	-0.10010753
0.750	-2.150	0.000	-0.10048254
0.850	-2.150	0.000	-0.10178313
0.950	-2.150	0.000	-0.10417310
1.050	-2.150	0.000	-0.10679624
1.150	-2.150	0.000	-0.10965865
1.250	-2.150	0.000	-0.11168839
1.350	-2.150	0.000	-0.11303134
1.450	-2.150	0.000	-0.11415163
1.550	-2.150	0.000	-0.11535225
1.650	-2.150	0.000	-0.11663844
1.750	-2.150	0.000	-0.11789151
1.850	-2.150	0.000	-0.11869500
1.950	-2.150	0.000	-0.11921564
2.050	-2.150	0.000	-0.11924287
2.150	-2.150	0.000	-0.11904836
2.250	-2.150	0.000	-0.11844961
2.350	-2.150	0.000	-0.11751065
2.450	-2.150	0.000	-0.11585965
-2.450	-2.050	0.000	-0.14400369
-2.350	-2.050	0.000	-0.14512460
-2.250	-2.050	0.000	-0.14426883
-2.150	-2.050	0.000	-0.14469962
-2.050	-2.050	0.000	-0.14386119
-1.950	-2.050	0.000	-0.14492929
-1.850	-2.050	0.000	-0.14431438
-1.750	-2.050	0.000	-0.14289860
-1.650	-2.050	0.000	-0.14056937
-1.550	-2.050	0.000	-0.13793109
-1.450	-2.050	0.000	-0.13448685
-1.350	-2.050	0.000	-0.13120659
-1.250	-2.050	0.000	-0.12768196
-1.150	-2.050	0.000	-0.12328746
-1.050	-2.050	0.000	-0.11957255
-0.950	-2.050	0.000	-0.11548383
-0.850	-2.050	0.000	-0.11203936
-0.750	-2.050	0.000	-0.10917276
-0.650	-2.050	0.000	-0.10694042
-0.550	-2.050	0.000	-0.10577533
-0.450	-2.050	0.000	-0.10559274
-0.350	-2.050	0.000	-0.10550153
-0.250	-2.050	0.000	-0.10525223
-0.150	-2.050	0.000	-0.10496846
-0.050	-2.050	0.000	-0.10439551
0.050	-2.050	0.000	-0.10368812
0.150	-2.050	0.000	-0.10286300
0.250	-2.050	0.000	-0.10194455
0.350	-2.050	0.000	-0.10082428
0.450	-2.050	0.000	-0.09977711
0.550	-2.050	0.000	-0.09942280
0.650	-2.050	0.000	-0.09955432
0.750	-2.050	0.000	-0.10028553
0.850	-2.050	0.000	-0.10179441
0.950	-2.050	0.000	-0.10408847
1.050	-2.050	0.000	-0.10649745
1.150	-2.050	0.000	-0.10885574
1.250	-2.050	0.000	-0.11057737
1.350	-2.050	0.000	-0.11133753
1.450	-2.050	0.000	-0.11183129
1.550	-2.050	0.000	-0.11234608
1.650	-2.050	0.000	-0.11267332
1.750	-2.050	0.000	-0.11316023
1.850	-2.050	0.000	-0.11357374
1.950	-2.050	0.000	-0.11413094
2.050	-2.050	0.000	-0.11431196
2.150	-2.050	0.000	-0.11433524
2.250	-2.050	0.000	-0.11423918
2.350	-2.050	0.000	-0.11359908
2.450	-2.050	0.000	-0.11263954
-2.450	-1.950	0.000	-0.13946566
-2.350	-1.950	0.000	-0.14045630
-2.250	-1.950	0.000	-0.13931212
-2.150	-1.950	0.000	-0.13970064
-2.050	-1.950	0.000	-0.13858256
-1.950	-1.950	0.000	-0.13947253
-1.850	-1.950	0.000	-0.13887164
-1.750	-1.950	0.000	-0.13736129
-1.650	-1.950	0.000	-0.13500644
-1.550	-1.950	0.000	-0.13201250
-1.450	-1.950	0.000	-0.12843943
-1.350	-1.950	0.000	-0.12472025
-1.250	-1.950	0.000	-0.12060986
-1.150	-1.950	0.000	-0.11588307
-1.050	-1.950	0.000	-0.11199286
-0.950	-1.950	0.000	-0.10801538
-0.850	-1.950	0.000	-0.10465681
-0.750	-1.950	0.000	-0.10192822
-0.650	-1.950	0.000	-0.09952099
-0.550	-1.950	0.000	-0.09838767
-0.450	-1.950	0.000	-0.09827526
-0.350	-1.950	0.000	-0.09844121
-0.250	-1.950	0.000	-0.09842888
-0.150	-1.950	0.000	-0.09859119
-0.050	-1.950	0.000	-0.09838738
0.050	-1.950	0.000	-0.09805205
0.150	-1.950	0.000	-0.09785683
0.250	-1.950	0.000	-0.09718400
0.350	-1.950	0.000	-0.09650926
0.450	-1.950	0.000	-0.09603766
0.550	-1.950	0.000	-0.09633566
0.650	-1.950	0.000	-0.09710816
0.750	-1.950	0.000	-0.09839970
0.850	-1.950	0.000	-0.10048894
0.950	-1.950	0.000	-0.10246734
1.050	-1.950	0.000	-0.10464009
1.150	-1.950	0.000	-0.10628790
1.250	-1.950	0.000	-0.10782391
1.350	-1.950	0.000	-0.10870212
1.450	-1.950	0.000	-0.10898275
1.550	-1.950	0.000	-0.10924426
1.650	-1.950	0.000	-0.10931604
1.750	-1.950	0.000	-0.10968683
1.850	-1.950	0.000	-0.11014108
1.950	-1.950	0.000	-0.11083647
2.050	-1.950	0.000	-0.11118323
2.150	-1.950	0.000	-0.11136848
2.250	-1.950	0.000	-0.11156010
2.350	-1.950	0.000	-0.11099892
2.450	-1.950	0.000	-0.11007709
-2.450	-1.850	0.000	-0.13392851
-2.350	-1.850	0.000	-0.13492438
-2.250	-1.850	0.000	-0.13355255
-2.150	-1.850	0.000	-0.13392988
-2.050	-1.850	0.000	-0.13282356
-1.950	-1.850	0.000	-0.13358971
-1.850	-1.850	0.000	-0.13291180
-1.750	-1.850	0.000	-0.13107637
-1.650	-1.850	0.000	-0.12867033
-1.550	-1.850	0.000	-0.12555265
-1.450	-1.850	0.000	-0.12207341
-1.350	-1.850	0.000	-0.11831097
-1.250	-1.850	0.000	-0.11405027
-1.150	-1.850	0.000	-0.10947733
-1.050	-1.850	0.000	-0.10573934
-0.950	-1.850	0.000	-0.10216895
-0.850	-1.850	0.000	-0.09920505
-0.750	-1.850	0.000	-0.09676999
-0.650	-1.850	0.000	-0.09439874
-0.550	-1.850	0.000	-0.09322532
-0.450	-1.850	0.000	-0.09308649
-0.350	-1.850	0.000	-0.09337052
-0.250	-1.850	0.000	-0.09352825
-0.150	-1.850	0.000	-0.09393828
-0.050	-1.850	0.000	-0.09439353
0.050	-1.850	0.000	-0.09460665
0.150	-1.850	0.000	-0.09497644
0.250	-1.850	0.000	-0.09468132
0.350	-1.850	0.000	-0.09439631
0.450	-1.850	0.000	-0.09449649
0.550	-1.850	0.000	-0.09521732
0.650	-1.850	0.000	-0.09645449
0.750	-1.850	0.000	-0.09818523
0.850	-1.850	0.000	-0.10018738
0.950	-1.850	0.000	-0.10208233
1.050	-1.850	0.000	-0.10372104
1.150	-1.850	0.000	-0.10505275
1.250	-1.850	0.000	-0.10570157
1.350	-1.850	0.000	-0.10598040
1.450	-1.850	0.000	-0.10600457
1.550	-1.850	0.000	-0.10604785
1.650	-1.850	0.000	-0.10603772
1.750	-1.850	0.000	-0.10635883
1.850	-1.850	0.000	-0.10689481
1.950	-1.850	0.000	-0.10758211
2.050	-1.850	0.000	-0.10817279
2.150	-1.850	0.000	-0.10873848
2.250	-1.850	0.000	-0.10928886
2.350	-1.850	0.000	-0.10912315
2.450	-1.850	0.000	-0.10851998
-2.450	-1.750	0.000	-0.12766646
-2.350	-1.750	0.000	-0.12868127
-2.250	-1.750	0.000	-0.12697859
-2.150	-1.750	0.000	-0.12709530
-2.050	-1.750	0.000	-0.12594001
-1.950	-1.750	0.000	-0.12642470
-1.850	-1.750	0.000	-0.12554376
-1.750	-1.750	0.000	-0.12343519
-1.650	-1.750	0.000	-0.12109022
-1.550	-1.750	0.000	-0.11820420
-1.450	-1.750	0.000	-0.11502001
-1.350	-1.750	0.000	-0.11143124
-1.250	-1.750	0.000	-0.10721821
-1.150	-1.750	0.000	-0.10289270
-1.050	-1.750	0.000	-0.09930451
-0.950	-1.750	0.000	-0.09610149
-0.850	-1.750	0.000	-0.09374661
-0.750	-1.750	0.000	-0.09159921
-0.650	-1.750	0.000	-0.08943591
-0.550	-1.750	0.000	-0.08814342
-0.450	-1.750	0.000	-0.08787699
-0.350	-1.750	0.000	-0.08795571
-0.250	-1.750	0.000	-0.08816069
-0.150	-1.750	0.000	-0.08815391
-0.050	-1.750	0.000	-0.08874508
0.050	-1.750	0.000	-0.08916418
0.150	-1.750	0.000	-0.08979869
0.250	-1.750	0.000	-0.08995507
0.350	-1.750	0.000	-0.09024401
0.450	-1.750	0.000	-0.09102097
0.550	-1.750	0.000	-0.09211461
0.650	-1.750	0.000	-0.09369154
0.750	-1.750	0.000	-0.09566389
0.850	-1.750	0.000	-0.09730876
0.950	-1.750	0.000	-0.09903939
1.050	-1.750	0.000	-0.10044086
1.150	-1.750	0.000	-0.10151631
1.250	-1.750	0.000	-0.10202860
1.350	-1.750	0.000	-0.10241117
1.450	-1.750	0.000	-0.10290156
1.550	-1.750	0.000	-0.10334078
1.650	-1.750	0.000	-0.10372812
1.750	-1.750	0.000	-0.10438284
1.850	-1.750	0.000	-0.10495757
1.950	-1.750	0.000	-0.10557259
2.050	-1.750	0.000	-0.10618863
2.150	-1.750	0.000	-0.10678618
2.250	-1.750	0.000	-0.10734970
2.350	-1.750	0.000	-0.10729079
2.450	-1.750	0.000	-0.10687894
-2.450	-1.650	0.000	-0.12117104
-2.350	-1.650	0.000	-0.12233309
-2.250	-1.650	0.000	-0.12042575
-2.150	-1.650	0.000	-0.12039823
-2.050	-1.650	0.000	-0.11909811
-1.950	-1.650	0.000	-0.11911182
-1.850	-1.650	0.000	-0.11809538
-1.750	-1.650	0.000	-0.11581128
-1.650	-1.650	0.000	-0.11348967
-1.550	-1.650	0.000	-0.11094239
-1.450	-1.650	0.000	-0.10829569
-1.350	-1.650	0.000	-0.10523749
-1.250	-1.650	0.000	-0.10153053
-1.150	-1.650	0.000	-0.09776554
-1.050	-1.650	0.000	-0.09454785
-0.950	-1.650	0.000	-0.09200209
-0.850	-1.650	0.000	-0.09051379
-0.750	-1.650	0.000	-0.08886145
-0.650	-1.650	0.000	-0.08710866
-0.550	-1.650	0.000	-0.08573844
-0.450	-1.650	0.000	-0.08533368
-0.350	-1.650	0.000	-0.08528533
-0.250	-1.650	0.000	-0.08549683
-0.150	-1.650	0.000	-0.08546365
-0.050	-1.650	0.000	-0.08602884
0.050	-1.650	0.000	-0.08665613
0.150	-1.650	0.000	-0.08738463
0.250	-1.650	0.000	-0.08798162
0.350	-1.650	0.000	-0.08866721
0.450	-1.650	0.000	-0.08980173
0.550	-1.650	0.000	-0.09100395
0.650	-1.650	0.000	-0.09258080
0.750	-1.650	0.000	-0.09427563
0.850	-1.650	0.000	-0.09553208
0.950	-1.650	0.000	-0.09671526
1.050	-1.650	0.000	-0.09788156
1.150	-1.650	0.000	-0.09879730
1.250	-1.650	0.000	-0.09930158
1.350	-1.650	0.000	-0.09971895
1.450	-1.650	0.000	-0.10029326
1.550	-1.650	0.000	-0.10084412
1.650	-1.650	0.000	-0.10143687
1.750	-1.650	0.000	-0.10222562
1.850	-1.650	0.000	-0.10284426
1.950	-1.650	0.000	-0.10366699
2.050	-1.650	0.000	-0.10451096
2.150	-1.650	0.000	-0.10523462
2.250	-1.650	0.000	-0.10585305
2.350	-1.650	0.000	-0.10598888
2.450	-1.650	0.000	-0.10602603
-2.450	-1.550	0.000	-0.11491304
-2.350	-1.550	0.000	-0.11606579
-2.250	-1.550	0.000	-0.11405427
-2.150	-1.550	0.000	-0.11393670
-2.050	-1.550	0.000	-0.11236633
-1.950	-1.550	0.000	-0.11178686
-1.850	-1.550	0.000	-0.11059091
-1.750	-1.550	0.000	-0.10830837
-1.650	-1.550	0.000	-0.10611321
-1.550	-1.550	0.000	-0.10391773
-1.450	-1.550	0.000	-0.10188334
-1.350	-1.550	0.000	-0.09953767
-1.250	-1.550	0.000	-0.09666761
-1.150	-1.550	0.000	-0.09351936
-1.050	-1.550	0.000	-0.09073003
-0.950	-1.550	0.000	-0.08906035
-0.850	-1.550	0.000	-0.08820532
-0.750	-1.550	0.000	-0.08689017
-0.650	-1.550	0.000	-0.08548927
-0.550	-1.550	0.000	-0.08406480
-0.450	-1.550	0.000	-0.08334386
-0.350	-1.550	0.000	-0.08316615
-0.250	-1.550	0.000	-0.08315604
-0.150	-1.550	0.000	-0.08330107
-0.050	-1.550	0.000	-0.08361571
0.050	-1.550	0.000	-0.08424924
0.150	-1.550	0.000	-0.08502859
0.250	-1.550	0.000	-0.08583940
0.350	-1.550	0.000	-0.08679347
0.450	-1.550	0.000	-0.08808832
0.550	-1.550	0.000	-0.08916550
0.650	-1.550	0.000	-0.09040586
0.750	-1.550	0.000	-0.09162436
0.850	-1.550	0.000	-0.09253376
0.950	-1.550	0.000	-0.09324837
1.050	-1.550	0.000	-0.09421635
1.150	-1.550	0.000	-0.09509940
1.250	-1.550	0.000	-0.09593347
1.350	-1.550	0.000	-0.09678790
1.450	-1.550	0.000	-0.09779851
1.550	-1.550	0.000	-0.09871815
1.650	-1.550	0.000	-0.09957965
1.750	-1.550	0.000	-0.10041383
1.850	-1.550	0.000	-0.10098909
1.950	-1.550	0.000	-0.10191722
2.050	-1.550	0.000	-0.10278512
2.150	-1.550	0.000	-0.10351208
2.250	-1.550	0.000	-0.10419527
2.350	-1.550	0.000	-0.10454252
2.450	-1.550	0.000	-0.10500279
-2.450	-1.450	0.000	-0.11003526
-2.350	-1.450	0.000	-0.11101549
-2.250	-1.450	0.000	-0.10916866
-2.150	-1.450	0.000	-0.10909330
-2.050	-1.450	0.000	-0.10734560
-1.950	-1.450	0.000	-0.10618560
-1.850	-1.450	0.000	-0.10481425
-1.750	-1.450	0.000	-0.10261687
-1.650	-1.450	0.000	-0.10070313
-1.550	-1.450	0.000	-0.09907486
-1.450	-1.450	0.000	-0.09783939
-1.350	-1.450	0.000	-0.09646858
-1.250	-1.450	0.000	-0.09485668
-1.150	-1.450	0.000	-0.09235863
-1.050	-1.450	0.000	-0.09007399
-0.950	-1.450	0.000	-0.08923865
-0.850	-1.450	0.000	-0.08863387
-0.750	-1.450	0.000	-0.08764363
-0.650	-1.450	0.000	-0.08650637
-0.550	-1.450	0.000	-0.08501018
-0.450	-1.450	0.000	-0.08402245
-0.350	-1.450	0.000	-0.08369138
-0.250	-1.450	0.000	-0.08362487
-0.150	-1.450	0.000	-0.08387139
-0.050	-1.450	0.000	-0.08418925
0.050	-1.450	0.000	-0.08474627
0.150	-1.450	0.000	-0.08536302
0.250	-1.450	0.000	-0.08609923
0.350	-1.450	0.000	-0.08700163
0.450	-1.450	0.000	-0.08802564
0.550	-1.450	0.000	-0.08885863
0.650	-1.450	0.000	-0.08955979
0.750	-1.450	0.000	-0.09027148
0.850	-1.450	0.000	-0.09057483
0.950	-1.450	0.000	-0.09060688
1.050	-1.450	0.000	-0.09116469
1.150	-1.450	0.000	-0.09183142
1.250	-1.450	0.000	-0.09272771
1.350	-1.450	0.000	-0.09398328
1.450	-1.450	0.000	-0.09534479
1.550	-1.450	0.000	-0.09651276
1.650	-1.450	0.000	-0.09753116
1.750	-1.450	0.000	-0.09833343
1.850	-1.450	0.000	-0.09886283
1.950	-1.450	0.000	-0.09972952
2.050	-1.450	0.000	-0.10058934
2.150	-1.450	0.000	-0.10135806
2.250	-1.450	0.000	-0.10227282
2.350	-1.450	0.000	-0.10300519
2.450	-1.450	0.000	-0.10409480
-2.450	-1.350	0.000	-0.10749650
-2.350	-1.350	0.000	-0.10823176
-2.250	-1.350	0.000	-0.10661319
-2.150	-1.350	0.000	-0.10654520
-2.050	-1.350	0.000	-0.10464628
-1.950	-1.350	0.000	-0.10292833
-1.850	-1.350	0.000	-0.10146499
-1.750	-1.350	0.000	-0.09931492
-1.650	-1.350	0.000	-0.09759579
-1.550	-1.350	0.000	-0.09646823
-1.450	-1.350	0.000	-0.09592002
-1.350	-1.350	0.000	-0.09543603
-1.250	-1.350	0.000	-0.09483272
-1.150	-1.350	0.000	-0.09303607
-1.050	-1.350	0.000	-0.09151337
-0.950	-1.350	0.000	-0.09105608
-0.850	-1.350	0.000	-0.09061868
-0.750	-1.350	0.000	-0.08981425
-0.650	-1.350	0.000	-0.08837134
-0.550	-1.350	0.000	-0.08675592
-0.450	-1.350	0.000	-0.08540887
-0.350	-1.350	0.000	-0.08483371
-0.250	-1.350	0.000	-0.08481496
-0.150	-1.350	0.000	-0.08508216
-0.050	-1.350	0.000	-0.08538686
0.050	-1.350	0.000	-0.08568255
0.150	-1.350	0.000	-0.08584579
0.250	-1.350	0.000	-0.08626514
0.350	-1.350	0.000	-0.08676162
0.450	-1.350	0.000	-0.08738201
0.550	-1.350	0.000	-0.08805098
0.650	-1.350	0.000	-0.08828671
0.750	-1.350	0.000	-0.08858418
0.850	-1.350	0.000	-0.08845294
0.950	-1.350	0.000	-0.08800723
1.050	-1.350	0.000	-0.08806410
1.150	-1.350	0.000	-0.08843095
1.250	-1.350	0.000	-0.08926439
1.350	-1.350	0.000	-0.09079492
1.450	-1.350	0.000	-0.09243137
1.550	-1.350	0.000	-0.09373605
1.650	-1.350	0.000	-0.09475940
1.750	-1.350	0.000	-0.09547437
1.850	-1.350	0.000	-0.09598855
1.950	-1.350	0.000	-0.09672165
2.050	-1.350	0.000	-0.09764052
2.150	-1.350	0.000	-0.09848068
2.250	-1.350	0.000	-0.09956057
2.350	-1.350	0.000	-0.10054103
2.450	-1.350	0.000	-0.10219672
-2.450	-1.250	0.000	-0.10756460
-2.350	-1.250	0.000	-0.10807499
-2.250	-1.250	0.000	-0.10676818
-2.150	-1.250	0.000	-0.10661328
-2.050	-1.250	0.000	-0.10454209
-1.950	-1.250	0.000	-0.10243932
-1.850	-1.250	0.000	-0.10102034
-1.750	-1.250	0.000	-0.09904001
-1.650	-1.250	0.000	-0.09748720
-1.550	-1.250	0.000	-0.09668357
-1.450	-1.250	0.000	-0.09676435
-1.350	-1.250	0.000	-0.09736301
-1.250	-1.250	0.000	-0.09809604
-1.150	-1.250	0.000	-0.09757131
-1.050	-1.250	0.000	-0.09735659
-0.950	-1.250	0.000	-0.09688006
-0.850	-1.250	0.000	-0.09587764
-0.750	-1.250	0.000	-0.09497537
-0.650	-1.250	0.000	-0.09270212
-0.550	-1.250	0.000	-0.09066210
-0.450	-1.250	0.000	-0.08892242
-0.350	-1.250	0.000	-0.08806979
-0.250	-1.250	0.000	-0.08778711
-0.150	-1.250	0.000	-0.08806327
-0.050	-1.250	0.000	-0.08807645
0.050	-1.250	0.000	-0.08801165
0.150	-1.250	0.000	-0.08762941
0.250	-1.250	0.000	-0.08759039
0.350	-1.250	0.000	-0.08744129
0.450	-1.250	0.000	-0.08752659
0.550	-1.250	0.000	-0.08783950
0.650	-1.250	0.000	-0.08774970
0.750	-1.250	0.000	-0.08773360
0.850	-1.250	0.000	-0.08729370
0.950	-1.250	0.000	-0.08661376
1.050	-1.250	0.000	-0.08606186
1.150	-1.250	0.000	-0.08612779
1.250	-1.250	0.000	-0.08662102
1.350	-1.250	0.000	-0.08806606
1.450	-1.250	0.000	-0.08976171
1.550	-1.250	0.000	-0.09110688
1.650	-1.250	0.000	-0.09202337
1.750	-1.250	0.000	-0.09256743
1.850	-1.250	0.000	-0.09295990
1.950	-1.250	0.000	-0.09360838
2.050	-1.250	0.000	-0.09458517
2.150	-1.250	0.000	-0.09571709
2.250	-1.250	0.000	-0.09720701
2.350	-1.250	0.000	-0.09843724
2.450	-1.250	0.000	-0.10037079
-2.450	-1.150	0.000	-0.10973565
-2.350	-1.150	0.000	-0.11060496
-2.250	-1.150	0.000	-0.11015825
-2.150	-1.150	0.000	-0.10992567
-2.050	-1.150	0.000	-0.10765247
-1.950	-1.150	0.000	-0.10511747
-1.850	-1.150	0.000	-0.10369615
-1.750	-1.150	0.000	-0.10192863
-1.650	-1.150	0.000	-0.10054990
-1.550	-1.150	0.000	-0.09997479
-1.450	-1.150	0.000	-0.10070170
-1.350	-1.150	0.000	-0.10243086
-1.250	-1.150	0.000	-0.10436036
-1.150	-1.150	0.000	-0.10505550
-1.050	-1.150	0.000	-0.10556878
-0.950	-1.150	0.000	-0.10445993
-0.850	-1.150	0.000	-0.10312153
-0.750	-1.150	0.000	-0.10113610
-0.650	-1.150	0.000	-0.09812232
-0.550	-1.150	0.000	-0.09558316
-0.450	-1.150	0.000	-0.09353492
-0.350	-1.150	0.000	-0.09228630
-0.250	-1.150	0.000	-0.09175553
-0.150	-1.150	0.000	-0.09171943
-0.050	-1.150	0.000	-0.09122697
0.050	-1.150	0.000	-0.09064721
0.150	-1.150	0.000	-0.08973963
0.250	-1.150	0.000	-0.08919816
0.350	-1.150	0.000	-0.08854636
0.450	-1.150	0.000	-0.08820140
0.550	-1.150	0.000	-0.08797885
0.650	-1.150	0.000	-0.08755834
0.750	-1.150	0.000	-0.08729931
0.850	-1.150	0.000	-0.08676322
0.950	-1.150	0.000	-0.08598490
1.050	-1.150	0.000	-0.08517491
1.150	-1.150	0.000	-0.08487293
1.250	-1.150	0.000	-0.08502643
1.350	-1.150	0.000	-0.08598546
1.450	-1.150	0.000	-0.08743101
1.550	-1.150	0.000	-0.08862040
1.650	-1.150	0.000	-0.08938142
1.750	-1.150	0.000	-0.08976745
1.850	-1.150	0.000	-0.08997574
1.950	-1.150	0.000	-0.09051069
2.050	-1.150	0.000	-0.09141370
2.150	-1.150	0.000	-0.09267488
2.250	-1.150	0.000	-0.09437068
2.350	-1.150	0.000	-0.09547492
2.450	-1.150	0.000	-0.09719260
-2.450	-1.050	0.000	-0.11436314
-2.350	-1.050	0.000	-0.11620136
-2.250	-1.050	0.000	-0.11660448
-2.150	-1.050	0.000	-0.11665187
-2.050	-1.050	0.000	-0.11468912
-1.950	-1.050	0.000	-0.11220913
-1.850	-1.050	0.000	-0.11095369
-1.750	-1.050	0.000	-0.10978664
-1.650	-1.050	0.000	-0.10870354
-1.550	-1.050	0.000	-0.10838717
-1.450	-1.050	0.000	-0.10905688
-1.350	-1.050	0.000	-0.11075642
-1.250	-1.050	0.000	-0.11290806
-1.150	-1.050	0.000	-0.11372039
-1.050	-1.050	0.000	-0.11415660
-0.950	-1.050	0.000	-0.11179297
-0.850	-1.050	0.000	-0.11001109
-0.750	-1.050	0.000	-0.10681164
-0.650	-1.050	0.000	-0.10312880
-0.550	-1.050	0.000	-0.10008191
-0.450	-1.050	0.000	-0.09773307
-0.350	-1.050	0.000	-0.09592520
-0.250	-1.050	0.000	-0.09518138
-0.150	-1.050	0.000	-0.09450930
-0.050	-1.050	0.000	-0.09362903
0.050	-1.050	0.000	-0.09264390
0.150	-1.050	0.000	-0.09145851
0.250	-1.050	0.000	-0.09057746
0.350	-1.050	0.000	-0.08963379
0.450	-1.050	0.000	-0.08926235
0.550	-1.050	0.000	-0.08902960
0.650	-1.050	0.000	-0.08863052
0.750	-1.050	0.000	-0.08821651
0.850	-1.050	0.000	-0.08760984
0.950	-1.050	0.000	-0.08681053
1.050	-1.050	0.000	-0.08581647
1.150	-1.050	0.000	-0.08524369
1.250	-1.050	0.000	-0.08510492
1.350	-1.050	0.000	-0.08558037
1.450	-1.050	0.000	-0.08655202
1.550	-1.050	0.000	-0.08746292
1.650	-1.050	0.000	-0.08809312
1.750	-1.050	0.000	-0.08839589
1.850	-1.050	0.000	-0.08841847
1.950	-1.050	0.000	-0.08868683
2.050	-1.050	0.000	-0.08931807
2.150	-1.050	0.000	-0.09023193
2.250	-1.050	0.000	-0.09173428
2.350	-1.050	0.000	-0.09245050
2.450	-1.050	0.000	-0.09408461
-2.450	-0.950	0.000	-0.11905194
-2.350	-0.950	0.000	-0.12178814
-2.250	-0.950	0.000	-0.12313773
-2.150	-0.950	0.000	-0.12358946
-2.050	-0.950	0.000	-0.12216597
-1.950	-0.950	0.000	-0.12015419
-1.850	-0.950	0.000	-0.11932292
-1.750	-0.950	0.000	-0.11896393
-1.650	-0.950	0.000	-0.11833336
-1.550	-0.950	0.000	-0.11795790
-1.450	-0.950	0.000	-0.11783327
-1.350	-0.950	0.000	-0.11833885
-1.250	-0.950	0.000	-0.11946790
-1.150	-0.950	0.000	-0.11958076
-1.050	-0.950	0.000	-0.11891285
-0.950	-0.950	0.000	-0.11647421
-0.850	-0.950	0.000	-0.11403381
-0.750	-0.950	0.000	-0.11065722
-0.650	-0.950	0.000	-0.10698304
-0.550	-0.950	0.000	-0.10371727
-0.450	-0.950	0.000	-0.10100970
-0.350	-0.950	0.000	-0.09868160
-0.250	-0.950	0.000	-0.09733830
-0.150	-0.950	0.000	-0.09603234
-0.050	-0.950	0.000	-0.09469327
0.050	-0.950	0.000	-0.09329834
0.150	-0.950	0.000	-0.09205063
0.250	-0.950	0.000	-0.09112845
0.350	-0.950	0.000	-0.09032179
0.450	-0.950	0.000	-0.09019073
0.550	-0.950	0.000	-0.09003329
0.650	-0.950	0.000	-0.08990762
0.750	-0.950	0.000	-0.08961037
0.850	-0.950	0.000	-0.08908021
0.950	-0.950	0.000	-0.08838368
1.050	-0.950	0.000	-0.08716825
1.150	-0.950	0.000	-0.08615255
1.250	-0.950	0.000	-0.08546646
1.350	-0.950	0.000	-0.08543167
1.450	-0.950	0.000	-0.08593652
1.550	-0.950	0.000	-0.08661763
1.650	-0.950	0.000	-0.08710726
1.750	-0.950	0.000	-0.08735215
1.850	-0.950	0.000	-0.08735494
1.950	-0.950	0.000	-0.08731449
2.050	-0.950	0.000	-0.08747950
2.150	-0.950	0.000	-0.08773176
2.250	-0.950	0.000	-0.08875417
2.350	-0.950	0.000	-0.08873429
2.450	-0.950	0.000	-0.08999528
-2.450	-0.850	0.000	-0.12128887
-2.350	-0.850	0.000	-0.12481002
-2.250	-0.850	0.000	-0.12750654
-2.150	-0.850	0.000	-0.12871736
-2.050	-0.850	0.000	-0.12805203
-1.950	-0.850	0.000	-0.12658505
-1.850	-0.850	0.000	-0.12612684
-1.750	-0.850	0.000	-0.12613347
-1.650	-0.850	0.000	-0.12547660
-1.550	-0.850	0.000	-0.12439379
-1.450	-0.850	0.000	-0.12266978
-1.350	-0.850	0.000	-0.12129746
-1.250	-0.850	0.000	-0.12099136
-1.150	-0.850	0.000	-0.12037834
-1.050	-0.850	0.000	-0.11928617
-0.950	-0.850	0.000	-0.11737153
-0.850	-0.850	0.000	-0.11511900
-0.750	-0.850	0.000	-0.11228681
-0.650	-0.850	0.000	-0.10915679
-0.550	-0.850	0.000	-0.10586189
-0.450	-0.850	0.000	-0.10285334
-0.350	-0.850	0.000	-0.10014777
-0.250	-0.850	0.000	-0.09805517
-0.150	-0.850	0.000	-0.09625594
-0.050	-0.850	0.000	-0.09465139
0.050	-0.850	0.000	-0.09294514
0.150	-0.850	0.000	-0.09182359
0.250	-0.850	0.000	-0.09084655
0.350	-0.850	0.000	-0.09066275
0.450	-0.850	0.000	-0.09072600
0.550	-0.850	0.000	-0.09094108
0.650	-0.850	0.000	-0.09112920
0.750	-0.850	0.000	-0.09096349
0.850	-0.850	0.000	-0.09047416
0.950	-0.850	0.000	-0.08998915
1.050	-0.850	0.000	-0.08888297
1.150	-0.850	0.000	-0.08788001
1.250	-0.850	0.000	-0.08693744
1.350	-0.850	0.000	-0.08639839
1.450	-0.850	0.000	-0.08644883
1.550	-0.850	0.000	-0.08675213
1.650	-0.850	0.000	-0.08711321
1.750	-0.850	0.000	-0.08739145
1.850	-0.850	0.000	-0.08738668
1.950	-0.850	0.000	-0.08707076
2.050	-0.850	0.000	-0.08679691
2.150	-0.850	0.000	-0.08629286
2.250	-0.850	0.000	-0.08658107
2.350	-0.850	0.000	-0.08598798
2.450	-0.850	0.000	-0.08654068
-2.450	-0.750	0.000	-0.12121894
-2.350	-0.750	0.000	-0.12514481
-2.250	-0.750	0.000	-0.12886219
-2.150	-0.750	0.000	-0.13066904
-2.050	-0.750	0.000	-0.13088734
-1.950	-0.750	0.000	-0.12996000
-1.850	-0.750	0.000	-0.12945922
-1.750	-0.750	0.000	-0.12941059
-1.650	-0.750	0.000	-0.12808388
-1.550	-0.750	0.000	-0.12615210
-1.450	-0.750	0.000	-0.12290787
-1.350	-0.750	0.000	-0.11977948
-1.250	-0.750	0.000	-0.11818990
-1.150	-0.750	0.000	-0.11706644
-1.050	-0.750	0.000	-0.11646499
-0.950	-0.750	0.000	-0.11565760
-0.850	-0.750	0.000	-0.11471590
-0.750	-0.750	0.000	-0.11292965
-0.650	-0.750	0.000	-0.11034097
-0.550	-0.750	0.000	-0.10717556
-0.450	-0.750	0.000	-0.10399721
-0.350	-0.750	0.000	-0.10107724
-0.250	-0.750	0.000	-0.09838951
-0.150	-0.750	0.000	-0.09618204
-0.050	-0.750	0.000	-0.09422784
0.050	-0.750	0.000	-0.09220025
0.150	-0.750	0.000	-0.09084661
0.250	-0.750	0.000	-0.08962782
0.350	-0.750	0.000	-0.08969407
0.450	-0.750	0.000	-0.08956245
0.550	-0.750	0.000	-0.09009492
0.650	-0.750	0.000	-0.09083188
0.750	-0.750	0.000	-0.09126024
0.850	-0.750	0.000	-0.09129715
0.950	-0.750	0.000	-0.09111568
1.050	-0.750	0.000	-0.09006818
1.150	-0.750	0.000	-0.08908276
1.250	-0.750	0.000	-0.08804335
1.350	-0.750	0.000	-0.08725009
1.450	-0.750	0.000	-0.08685214
1.550	-0.750	0.000	-0.08668086
1.650	-0.750	0.000	-0.08668200
1.750	-0.750	0.000	-0.08671053
1.850	-0.750	0.000	-0.08655724
1.950	-0.750	0.000	-0.08602963
2.050	-0.750	0.000	-0.08581651
2.150	-0.750	0.000	-0.08505257
2.250	-0.750	0.000	-0.08473258
2.350	-0.750	0.000	-0.08394466
2.450	-0.750	0.000	-0.08395092
-2.450	-0.650	0.000	-0.11901458
-2.350	-0.650	0.000	-0.12329055
-2.250	-0.650	0.000	-0.12829299
-2.150	-0.650	0.000	-0.13092400
-2.050	-0.650	0.000	-0.13177539
-1.950	-0.650	0.000	-0.13117506
-1.850	-0.650	0.000	-0.13016903
-1.750	-0.650	0.000	-0.12961052
-1.650	-0.650	0.000	-0.12650460
-1.550	-0.650	0.000	-0.12284710
-1.450	-0.650	0.000	-0.11755992
-1.350	-0.650	0.000	-0.11283387
-1.250	-0.650	0.000	-0.11064024
-1.150	-0.650	0.000	-0.11009809
-1.050	-0.650	0.000	-0.11083958
-0.950	-0.650	0.000	-0.11167387
-0.850	-0.650	0.000	-0.11232106
-0.750	-0.650	0.000	-0.11201819
-0.650	-0.650	0.000	-0.11050975
-0.550	-0.650	0.000	-0.10792151
-0.450	-0.650	0.000	-0.10510843
-0.350	-0.650	0.000	-0.10232199
-0.250	-0.650	0.000	-0.09956577
-0.150	-0.650	0.000	-0.09707852
-0.050	-0.650	0.000	-0.09470693
0.050	-0.650	0.000	-0.09219287
0.150	-0.650	0.000	-0.08994573
0.250	-0.650	0.000	-0.08803651
0.350	-0.650	0.000	-0.08707391
0.450	-0.650	0.000	-0.08675832
0.550	-0.650	0.000	-0.08735507
0.650	-0.650	0.000	-0.08834869
0.750	-0.650	0.000	-0.08918564
0.850	-0.650	0.000	-0.08990944
0.950	-0.650	0.000	-0.08968835
1.050	-0.650	0.000	-0.08908764
1.150	-0.650	0.000	-0.08826059
1.250	-0.650	0.000	-0.08741669
1.350	-0.650	0.000	-0.08691706
1.450	-0.650	0.000	-0.08678081
1.550	-0.650	0.000	-0.08672743
1.650	-0.650	0.000	-0.08676797
1.750	-0.650	0.000	-0.08677453
1.850	-0.650	0.000	-0.08658427
1.950	-0.650	0.000	-0.08619064
2.050	-0.650	0.000	-0.08589264
2.150	-0.650	0.000	-0.08488666
2.250	-0.650	0.000	-0.08417459
2.350	-0.650	0.000	-0.08342357
2.450	-0.650	0.000	-0.08303558
-2.450	-0.550	0.000	-0.11608864
-2.350	-0.550	0.000	-0.12039692
-2.250	-0.550	0.000	-0.12594715
-2.150	-0.550	0.000	-0.12981361
-2.050	-0.550	0.000	-0.13145435
-1.950	-0.550	0.000	-0.13110168
-1.850	-0.550	0.000	-0.12910211
-1.750	-0.550	0.000	-0.12683396
-1.650	-0.550	0.000	-0.12188464
-1.550	-0.550	0.000	-0.11594000
-1.450	-0.550	0.000	-0.10948644
-1.350	-0.550	0.000	-0.10440566
-1.250	-0.550	0.000	-0.10289928
-1.150	-0.550	0.000	-0.10370130
-1.050	-0.550	0.000	-0.10563255
-0.950	-0.550	0.000	-0.10773092
-0.850	-0.550	0.000	-0.10919459
-0.750	-0.550	0.000	-0.10916659
-0.650	-0.550	0.000	-0.10821944
-0.550	-0.550	0.000	-0.10650563
-0.450	-0.550	0.000	-0.10455138
-0.350	-0.550	0.000	-0.10246725
-0.250	-0.550	0.000	-0.10045689
-0.150	-0.550	0.000	-0.09823278
-0.050	-0.550	0.000	-0.09575356
0.050	-0.550	0.000	-0.09276064
0.150	-0.550	0.000	-0.08963170
0.250	-0.550	0.000	-0.08685403
0.350	-0.550	0.000	-0.08502649
0.450	-0.550	0.000	-0.08428239
0.550	-0.550	0.000	-0.08458307
0.650	-0.550	0.000	-0.08511797
0.750	-0.550	0.000	-0.08567835
0.850	-0.550	0.000	-0.08613880
0.950	-0.550	0.000	-0.08615085
1.050	-0.550	0.000	-0.08601845
1.150	-0.550	0.000	-0.08560155
1.250	-0.550	0.000	-0.08519433
1.350	-0.550	0.000	-0.08512136
1.450	-0.550	0.000	-0.08536495
1.550	-0.550	0.000	-0.08580875
1.650	-0.550	0.000	-0.08629884
1.750	-0.550	0.000	-0.08674146
1.850	-0.550	0.000	-0.08696212
1.950	-0.550	0.000	-0.08692244
2.050	-0.550	0.000	-0.08667412
2.150	-0.550	0.000	-0.08589345
2.250	-0.550	0.000	-0.08506741
2.350	-0.550	0.000	-0.08419839
2.450	-0.550	0.000	-0.08295404
-2.450	-0.450	0.000	-0.11502893
-2.350	-0.450	0.000	-0.11909765
-2.250	-0.450	0.000	-0.12478824
-2.150	-0.450	0.000	-0.12906066
-2.050	-0.450	0.000	-0.13069119
-1.950	-0.450	0.000	-0.13013041
-1.850	-0.450	0.000	-0.12747946
-1.750	-0.450	0.000	-0.12388754
-1.650	-0.450	0.000	-0.11876629
-1.550	-0.450	0.000	-0.11166207
-1.450	-0.450	0.000	-0.10493425
-1.350	-0.450	0.000	-0.10022734
-1.250	-0.450	0.000	-0.09973786
-1.150	-0.450	0.000	-0.10116951
-1.050	-0.450	0.000	-0.10378554
-0.950	-0.450	0.000	-0.10630486
-0.850	-0.450	0.000	-0.10776930
-0.750	-0.450	0.000	-0.10777430
-0.650	-0.450	0.000	-0.10692727
-0.550	-0.450	0.000	-0.10563422
-0.450	-0.450	0.000	-0.10441416
-0.350	-0.450	0.000	-0.10320863
-0.250	-0.450	0.000	-0.10223305
-0.150	-0.450	0.000	-0.10072947
-0.050	-0.450	0.000	-0.09851629
0.050	-0.450	0.000	-0.09550492
0.150	-0.450	0.000	-0.09192391
0.250	-0.450	0.000	-0.08810987
0.350	-0.450	0.000	-0.08481031
0.450	-0.450	0.000	-0.08289924
0.550	-0.450	0.000	-0.08193535
0.650	-0.450	0.000	-0.08182897
0.750	-0.450	0.000	-0.08229069
0.850	-0.450	0.000	-0.08297675
0.950	-0.450	0.000	-0.08327357
1.050	-0.450	0.000	-0.08334874
1.150	-0.450	0.000	-0.08340738
1.250	-0.450	0.000	-0.08354937
1.350	-0.450	0.000	-0.08394480
1.450	-0.450	0.000	-0.08448308
1.550	-0.450	0.000	-0.08509454
1.650	-0.450	0.000	-0.08564081
1.750	-0.450	0.000	-0.08620966
1.850	-0.450	0.000	-0.08654325
1.950	-0.450	0.000	-0.08670998
2.050	-0.450	0.000	-0.08672369
2.150	-0.450	0.000	-0.08660411
2.250	-0.450	0.000	-0.08626781
2.350	-0.450	0.000	-0.08564553
2.450	-0.450	0.000	-0.08380803
-2.450	-0.350	0.000	-0.11531664
-2.350	-0.350	0.000	-0.11909980
-2.250	-0.350	0.000	-0.12481253
-2.150	-0.350	0.000	-0.12946580
-2.050	-0.350	0.000	-0.13119820
-1.950	-0.350	0.000	-0.13051520
-1.850	-0.350	0.000	-0.12741718
-1.750	-0.350	0.000	-0.12331840
-1.650	-0.350	0.000	-0.11762600
-1.550	-0.350	0.000	-0.11034313
-1.450	-0.350	0.000	-0.10313857
-1.350	-0.350	0.000	-0.09903254
-1.250	-0.350	0.000	-0.09866128
-1.150	-0.350	0.000	-0.10034198
-1.050	-0.350	0.000	-0.10300250
-0.950	-0.350	0.000	-0.10537280
-0.850	-0.350	0.000	-0.10614079
-0.750	-0.350	0.000	-0.10597875
-0.650	-0.350	0.000	-0.10529155
-0.550	-0.350	0.000	-0.10455594
-0.450	-0.350	0.000	-0.10416289
-0.350	-0.350	0.000	-0.10369731
-0.250	-0.350	0.000	-0.10374147
-0.150	-0.350	0.000	-0.10320694
-0.050	-0.350	0.000	-0.10165799
0.050	-0.350	0.000	-0.09932027
0.150	-0.350	0.000	-0.09629394
0.250	-0.350	0.000	-0.09276668
0.350	-0.350	0.000	-0.08907289
0.450	-0.350	0.000	-0.08604253
0.550	-0.350	0.000	-0.08350802
0.650	-0.350	0.000	-0.08186328
0.750	-0.350	0.000	-0.08132863
0.850	-0.350	0.000	-0.08143747
0.950	-0.350	0.000	-0.08149233
1.050	-0.350	0.000	-0.08159428
1.150	-0.350	0.000	-0.08181727
1.250	-0.350	0.000	-0.08233828
1.350	-0.350	0.000	-0.08318597
1.450	-0.350	0.000	-0.08411397
1.550	-0.350	0.000	-0.08509370
1.650	-0.350	0.000	-0.08597202
1.750	-0.350	0.000	-0.08678802
1.850	-0.350	0.000	-0.08716016
1.950	-0.350	0.000	-0.08740643
2.050	-0.350	0.000	-0.08703057
2.150	-0.350	0.000	-0.08702064
2.250	-0.350	0.000	-0.08693614
2.350	-0.350	0.000	-0.08653919
2.450	-0.350	0.000	-0.08442282
-2.450	-0.250	0.000	-0.11799926
-2.350	-0.250	0.000	-0.12126909
-2.250	-0.250	0.000	-0.12665670
-2.150	-0.250	0.000	-0.13132291
-2.050	-0.250	0.000	-0.13273835
-1.950	-0.250	0.000	-0.13217120
-1.850	-0.250	0.000	-0.12872455
-1.750	-0.250	0.000	-0.12414034
-1.650	-0.250	0.000	-0.11739790
-1.550	-0.250	0.000	-0.11026393
-1.450	-0.250	0.000	-0.10247584
-1.350	-0.250	0.000	-0.10044532
-1.250	-0.250	0.000	-0.10008860
-1.150	-0.250	0.000	-0.10153867
-1.050	-0.250	0.000	-0.10382710
-0.950	-0.250	0.000	-0.10478023
-0.850	-0.250	0.000	-0.10486608
-0.750	-0.250	0.000	-0.10435487
-0.650	-0.250	0.000	-0.10388450
-0.550	-0.250	0.000	-0.10346736
-0.450	-0.250	0.000	-0.10335109
-0.350	-0.250	0.000	-0.10337712
-0.250	-0.250	0.000	-0.10403240
-0.150	-0.250	0.000	-0.10442821
-0.050	-0.250	0.000	-0.10416988
0.050	-0.250	0.000	-0.10304180
0.150	-0.250	0.000	-0.10127404
0.250	-0.250	0.000	-0.09851357
0.350	-0.250	0.000	-0.09549019
0.450	-0.250	0.000	-0.09263968
0.550	-0.250	0.000	-0.09031194
0.650	-0.250	0.000	-0.08839469
0.750	-0.250	0.000	-0.08674344
0.850	-0.250	0.000	-0.08564547
0.950	-0.250	0.000	-0.08469715
1.050	-0.250	0.000	-0.08386170
1.150	-0.250	0.000	-0.08346171
1.250	-0.250	0.000	-0.08336376
1.350	-0.250	0.000	-0.08372881
1.450	-0.250	0.000	-0.08439291
1.550	-0.250	0.000	-0.08538849
1.650	-0.250	0.000	-0.08631682
1.750	-0.250	0.000	-0.08703201
1.850	-0.250	0.000	-0.08711440
1.950	-0.250	0.000	-0.08736388
2.050	-0.250	0.000	-0.08688950
2.150	-0.250	0.000	-0.08676820
2.250	-0.250	0.000	-0.08625843
2.350	-0.250	0.000	-0.08587972
2.450	-0.250	0.000	-0.08387549
-2.450	-0.150	0.000	-0.12093668
-2.350	-0.150	0.000	-0.12356259
-2.250	-0.150	0.000	-0.12850665
-2.150	-0.150	0.000	-0.13308533
-2.050	-0.150	0.000	-0.13448672
-1.950	-0.150	0.000	-0.13418134
-1.850	-0.150	0.000	-0.13088034
-1.750	-0.150	0.000	-0.12640679
-1.650	-0.150	0.000	-0.12003804
-1.550	-0.150	0.000	-0.11358831
-1.450	-0.150	0.000	-0.10638904
-1.350	-0.150	0.000	-0.10529921
-1.250	-0.150	0.000	-0.10467574
-1.150	-0.150	0.000	-0.10488702
-1.050	-0.150	0.000	-0.10595382
-0.950	-0.150	0.000	-0.10566709
-0.850	-0.150	0.000	-0.10472457
-0.750	-0.150	0.000	-0.10365544
-0.650	-0.150	0.000	-0.10298318
-0.550	-0.150	0.000	-0.10240876
-0.450	-0.150	0.000	-0.10238164
-0.350	-0.150	0.000	-0.10276484
-0.250	-0.150	0.000	-0.10378136
-0.150	-0.150	0.000	-0.10488263
-0.050	-0.150	0.000	-0.10584161
0.050	-0.150	0.000	-0.10632256
0.150	-0.150	0.000	-0.10615181
0.250	-0.150	0.000	-0.10536329
0.350	-0.150	0.000	-0.10371254
0.450	-0.150	0.000	-0.10147665
0.550	-0.150	0.000	-0.09884898
0.650	-0.150	0.000	-0.09651742
0.750	-0.150	0.000	-0.09434787
0.850	-0.150	0.000	-0.09276629
0.950	-0.150	0.000	-0.09110679
1.050	-0.150	0.000	-0.09003557
1.150	-0.150	0.000	-0.08891509
1.250	-0.150	0.000	-0.08788648
1.350	-0.150	0.000	-0.08724371
1.450	-0.150	0.000	-0.08684232
1.550	-0.150	0.000	-0.08698500
1.650	-0.150	0.000	-0.08725114
1.750	-0.150	0.000	-0.08736874
1.850	-0.150	0.000	-0.08683289
1.950	-0.150	0.000	-0.08638975
2.050	-0.150	0.000	-0.08521933
2.150	-0.150	0.000	-0.08453331
2.250	-0.150	0.000	-0.08360884
2.350	-0.150	0.000	-0.08319930
2.450	-0.150	0.000	-0.08164404
-2.450	-0.050	0.000	-0.12359563
-2.350	-0.050	0.000	-0.12545156
-2.250	-0.050	0.000	-0.12967184
-2.150	-0.050	0.000	-0.13392834
-2.050	-0.050	0.000	-0.13519813
-1.950	-0.050	0.000	-0.13491087
-1.850	-0.050	0.000	-0.13174440
-1.750	-0.050	0.000	-0.12759875
-1.650	-0.050	0.000	-0.12232468
-1.550	-0.050	0.000	-0.11657411
-1.450	-0.050	0.000	-0.11059006
-1.350	-0.050	0.000	-0.10854080
-1.250	-0.050	0.000	-0.10766642
-1.150	-0.050	0.000	-0.10689981
-1.050	-0.050	0.000	-0.10657813
-0.950	-0.050	0.000	-0.10613224
-0.850	-0.050	0.000	-0.10505934
-0.750	-0.050	0.000	-0.10372405
-0.650	-0.050	0.000	-0.10289272
-0.550	-0.050	0.000	-0.10218159
-0.450	-0.050	0.000	-0.10225587
-0.350	-0.050	0.000	-0.10262986
-0.250	-0.050	0.000	-0.10352288
-0.150	-0.050	0.000	-0.10485698
-0.050	-0.050	0.000	-0.10648158
0.050	-0.050	0.000	-0.10797382
0.150	-0.050	0.000	-0.10922290
0.250	-0.050	0.000	-0.11006753
0.350	-0.050	0.000	-0.11015375
0.450	-0.050	0.000	-0.10953836
0.550	-0.050	0.000	-0.10791003
0.650	-0.050	0.000	-0.10586329
0.750	-0.050	0.000	-0.10361272
0.850	-0.050	0.000	-0.10148891
0.950	-0.050	0.000	-0.09927051
1.050	-0.050	0.000	-0.09710932
1.150	-0.050	0.000	-0.09499483
1.250	-0.050	0.000	-0.09304431
1.350	-0.050	0.000	-0.09151942
1.450	-0.050	0.000	-0.09040155
1.550	-0.050	0.000	-0.08971110
1.650	-0.050	0.000	-0.08901846
1.750	-0.050	0.000	-0.08828580
1.850	-0.050	0.000	-0.08693990
1.950	-0.050	0.000	-0.08539294
2.050	-0.050	0.000	-0.08325486
2.150	-0.050	0.000	-0.08162716
2.250	-0.050	0.000	-0.07996555
2.350	-0.050	0.000	-0.07898241
2.450	-0.050	0.000	-0.07706592
-2.450	0.050	0.000	-0.12823066
-2.350	0.050	0.000	-0.12905486
-2.250	0.050	0.000	-0.13237007
-2.150	0.050	0.000	-0.13624503
-2.050	0.050	0.000	-0.13719013
-1.950	0.050	0.000	-0.13636342
-1.850	0.050	0.000	-0.13286088
-1.750	0.050	0.000	-0.12845528
-1.650	0.050	0.000	-0.12311124
-1.550	0.050	0.000	-0.11738687
-1.450	0.050	0.000	-0.11186144
-1.350	0.050	0.000	-0.10963220
-1.250	0.050	0.000	-0.10868651
-1.150	0.050	0.000	-0.10766691
-1.050	0.050	0.000	-0.10669082
-0.950	0.050	0.000	-0.10591403
-0.850	0.050	0.000	-0.10487644
-0.750	0.050	0.000	-0.10395762
-0.650	0.050	0.000	-0.10358778
-0.550	0.050	0.000	-0.10301055
-0.450	0.050	0.000	-0.10306905
-0.350	0.050	0.000	-0.10288405
-0.250	0.050	0.000	-0.10318450
-0.150	0.050	0.000	-0.10423137
-0.050	0.050	0.000	-0.10590965
0.050	0.050	0.000	-0.10776822
0.150	0.050	0.000	-0.10962674
0.250	0.050	0.000	-0.11134488
0.350	0.050	0.000	-0.11252812
0.450	0.050	0.000	-0.11300175
0.550	0.050	0.000	-0.11271605
0.650	0.050	0.000	-0.11181073
0.750	0.050	0.000	-0.11028410
0.850	0.050	0.000	-0.10832702
0.950	0.050	0.000	-0.10591889
1.050	0.050	0.000	-0.10340305
1.150	0.050	0.000	-0.10073230
1.250	0.050	0.000	-0.09810168
1.350	0.050	0.000	-0.09562096
1.450	0.050	0.000	-0.09356502
1.550	0.050	0.000	-0.09180591
1.650	0.050	0.000	-0.08996753
1.750	0.050	0.000	-0.08827008
1.850	0.050	0.000	-0.08621036
1.950	0.050	0.000	-0.08377001
2.050	0.050	0.000	-0.08080043
2.150	0.050	0.000	-0.07808606
2.250	0.050	0.000	-0.07557078
2.350	0.050	0.000	-0.07391037
2.450	0.050	0.000	-0.07120959
-2.450	0.150	0.000	-0.13316272
-2.350	0.150	0.000	-0.13296764
-2.250	0.150	0.000	-0.13559557
-2.150	0.150	0.000	-0.13920106
-2.050	0.150	0.000	-0.13995969
-1.950	0.150	0.000	-0.13873756
-1.850	0.150	0.000	-0.13507855
-1.750	0.150	0.000	-0.13032527
-1.650	0.150	0.000	-0.12476457
-1.550	0.150	0.000	-0.11898666
-1.450	0.150	0.000	-0.11424568
-1.350	0.150	0.000	-0.11144016
-1.250	0.150	0.000	-0.11002253
-1.150	0.150	0.000	-0.10885532
-1.050	0.150	0.000	-0.10748221
-0.950	0.150	0.000	-0.10658500
-0.850	0.150	0.000	-0.10553063
-0.750	0.150	0.000	-0.10473888
-0.650	0.150	0.000	-0.10417042
-0.550	0.150	0.000	-0.10326694
-0.450	0.150	0.000	-0.10312334
-0.350	0.150	0.000	-0.10254662
-0.250	0.150	0.000	-0.10246409
-0.150	0.150	0.000	-0.10293536
-0.050	0.150	0.000	-0.10407156
0.050	0.150	0.000	-0.10550830
0.150	0.150	0.000	-0.10717984
0.250	0.150	0.000	-0.10899420
0.350	0.150	0.000	-0.11076182
0.450	0.150	0.000	-0.11220578
0.550	0.150	0.000	-0.11281153
0.650	0.150	0.000	-0.11285450
0.750	0.150	0.000	-0.11234147
0.850	0.150	0.000	-0.11106924
0.950	0.150	0.000	-0.10906424
1.050	0.150	0.000	-0.10659944
1.150	0.150	0.000	-0.10381459
1.250	0.150	0.000	-0.10086597
1.350	0.150	0.000	-0.09789041
1.450	0.150	0.000	-0.09508070
1.550	0.150	0.000	-0.09237626
1.650	0.150	0.000	-0.08974398
1.750	0.150	0.000	-0.08733646
1.850	0.150	0.000	-0.08458105
1.950	0.150	0.000	-0.08145669
2.050	0.150	0.000	-0.07807580
2.150	0.150	0.000	-0.07488063
2.250	0.150	0.000	-0.07174730
2.350	0.150	0.000	-0.06918591
2.450	0.150	0.000	-0.06520002
-2.450	0.250	0.000	-0.13639919
-2.350	0.250	0.000	-0.13546975
-2.250	0.250	0.000	-0.13767157
-2.150	0.250	0.000	-0.14124605
-2.050	0.250	0.000	-0.14196478
-1.950	0.250	0.000	-0.14060810
-1.850	0.250	0.000	-0.13697016
-1.750	0.250	0.000	-0.13224238
-1.650	0.250	0.000	-0.12696066
-1.550	0.250	0.000	-0.12146813
-1.450	0.250	0.000	-0.11716624
-1.350	0.250	0.000	-0.11421826
-1.250	0.250	0.000	-0.11192668
-1.150	0.250	0.000	-0.11052963
-1.050	0.250	0.000	-0.10897040
-0.950	0.250	0.000	-0.10778515
-0.850	0.250	0.000	-0.10634143
-0.750	0.250	0.000	-0.10560986
-0.650	0.250	0.000	-0.10485075
-0.550	0.250	0.000	-0.10371052
-0.450	0.250	0.000	-0.10314827
-0.350	0.250	0.000	-0.10226329
-0.250	0.250	0.000	-0.10182438
-0.150	0.250	0.000	-0.10143626
-0.050	0.250	0.000	-0.10181846
0.050	0.250	0.000	-0.10250132
0.150	0.250	0.000	-0.10341581
0.250	0.250	0.000	-0.10452235
0.350	0.250	0.000	-0.10566361
0.450	0.250	0.000	-0.10696469
0.550	0.250	0.000	-0.10815302
0.650	0.250	0.000	-0.10874432
0.750	0.250	0.000	-0.10890008
0.850	0.250	0.000	-0.10864152
0.950	0.250	0.000	-0.10735147
1.050	0.250	0.000	-0.10537521
1.150	0.250	0.000	-0.10291178
1.250	0.250	0.000	-0.10004166
1.350	0.250	0.000	-0.09698333
1.450	0.250	0.000	-0.09394833
1.550	0.250	0.000	-0.09101159
1.650	0.250	0.000	-0.08804064
1.750	0.250	0.000	-0.08504608
1.850	0.250	0.000	-0.08181955
1.950	0.250	0.000	-0.07845563
2.050	0.250	0.000	-0.07505082
2.150	0.250	0.000	-0.07175537
2.250	0.250	0.000	-0.06824426
2.350	0.250	0.000	-0.06526941
2.450	0.250	0.000	-0.05991410
-2.450	0.350	0.000	-0.13758785
-2.350	0.350	0.000	-0.13656835
-2.250	0.350	0.000	-0.13878986
-2.150	0.350	0.000	-0.14251485
-2.050	0.350	0.000	-0.14337330
-1.950	0.350	0.000	-0.14199628
-1.850	0.350	0.000	-0.13832867
-1.750	0.350	0.000	-0.13374901
-1.650	0.350	0.000	-0.12881459
-1.550	0.350	0.000	-0.12388625
-1.450	0.350	0.000	-0.11969608
-1.350	0.350	0.000	-0.11718224
-1.250	0.350	0.000	-0.11461847
-1.150	0.350	0.000	-0.11313748
-1.050	0.350	0.000	-0.11131068
-0.950	0.350	0.000	-0.10985763
-0.850	0.350	0.000	-0.10750461
-0.750	0.350	0.000	-0.10614176
-0.650	0.350	0.000	-0.10474268
-0.550	0.350	0.000	-0.10340420
-0.450	0.350	0.000	-0.10216606
-0.350	0.350	0.000	-0.10117884
-0.250	0.350	0.000	-0.10052702
-0.150	0.350	0.000	-0.09970612
-0.050	0.350	0.000	-0.09942397
0.050	0.350	0.000	-0.09957440
0.150	0.350	0.000	-0.10007183
0.250	0.350	0.000	-0.10072844
0.350	0.350	0.000	-0.10147209
0.450	0.350	0.000	-0.10227199
0.550	0.350	0.000	-0.10313157
0.650	0.350	0.000	-0.10364531
0.750	0.350	0.000	-0.10357479
0.850	0.350	0.000	-0.10315227
0.950	0.350	0.000	-0.10175449
1.050	0.350	0.000	-0.09980534
1.150	0.350	0.000	-0.09740292
1.250	0.350	0.000	-0.09463691
1.350	0.350	0.000	-0.09169926
1.450	0.350	0.000	-0.08871955
1.550	0.350	0.000	-0.08567239
1.650	0.350	0.000	-0.08264755
1.750	0.350	0.000	-0.07984047
1.850	0.350	0.000	-0.07700685
1.950	0.350	0.000	-0.07430761
2.050	0.350	0.000	-0.07153939
2.150	0.350	0.000	-0.06874166
2.250	0.350	0.000	-0.06535099
2.350	0.350	0.000	-0.06261332
2.450	0.350	0.000	-0.05714500
-2.450	0.450	0.000	-0.13704380
-2.350	0.450	0.000	-0.13630350
-2.250	0.450	0.000	-0.13858977
-2.150	0.450	0.000	-0.14244388
-2.050	0.450	0.000	-0.14343701
-1.950	0.450	0.000	-0.14210078
-1.850	0.450	0.000	-0.13844171
-1.750	0.450	0.000	-0.13387811
-1.650	0.450	0.000	-0.12906963
-1.550	0.450	0.000	-0.12454836
-1.450	0.450	0.000	-0.12053671
-1.350	0.450	0.000	-0.11835629
-1.250	0.450	0.000	-0.11617805
-1.150	0.450	0.000	-0.11449407
-1.050	0.450	0.000	-0.11224554
-0.950	0.450	0.000	-0.11027776
-0.850	0.450	0.000	-0.10732275
-0.750	0.450	0.000	-0.10533673
-0.650	0.450	0.000	-0.10341275
-0.550	0.450	0.000	-0.10171086
-0.450	0.450	0.000	-0.09985267
-0.350	0.450	0.000	-0.09857196
-0.250	0.450	0.000	-0.09754516
-0.150	0.450	0.000	-0.09688421
-0.050	0.450	0.000	-0.09629600
0.050	0.450	0.000	-0.09605634
0.150	0.450	0.000	-0.09606501
0.250	0.450	0.000	-0.09605232
0.350	0.450	0.000	-0.09622482
0.450	0.450	0.000	-0.09669693
0.550	0.450	0.000	-0.09750124
0.650	0.450	0.000	-0.09831162
0.750	0.450	0.000	-0.09863487
0.850	0.450	0.000	-0.09822693
0.950	0.450	0.000	-0.09679498
1.050	0.450	0.000	-0.09456751
1.150	0.450	0.000	-0.09189815
1.250	0.450	0.000	-0.08894973
1.350	0.450	0.000	-0.08587761
1.450	0.450	0.000	-0.08289561
1.550	0.450	0.000	-0.07976815
1.650	0.450	0.000	-0.07684534
1.750	0.450	0.000	-0.07416481
1.850	0.450	0.000	-0.07140727
1.950	0.450	0.000	-0.06894938
2.050	0.450	0.000	-0.06643279
2.150	0.450	0.000	-0.06408938
2.250	0.450	0.000	-0.06075333
2.350	0.450	0.000	-0.05827410
2.450	0.450	0.000	-0.05237794
-2.450	0.550	0.000	-0.13456528
-2.350	0.550	0.000	-0.13426732
-2.250	0.550	0.000	-0.13644706
-2.150	0.550	0.000	-0.14004788
-2.050	0.550	0.000	-0.14086266
-1.950	0.550	0.000	-0.13949578
-1.850	0.550	0.000	-0.13615246
-1.750	0.550	0.000	-0.13198896
-1.650	0.550	0.000	-0.12776613
-1.550	0.550	0.000	-0.12357953
-1.450	0.550	0.000	-0.12002466
-1.350	0.550	0.000	-0.11740546
-1.250	0.550	0.000	-0.11520586
-1.150	0.550	0.000	-0.11332511
-1.050	0.550	0.000	-0.11089049
-0.950	0.550	0.000	-0.10882951
-0.850	0.550	0.000	-0.10611675
-0.750	0.550	0.000	-0.10408968
-0.650	0.550	0.000	-0.10226059
-0.550	0.550	0.000	-0.10052444
-0.450	0.550	0.000	-0.09831189
-0.350	0.550	0.000	-0.09662125
-0.250	0.550	0.000	-0.09491169
-0.150	0.550	0.000	-0.09412746
-0.050	0.550	0.000	-0.09329133
0.050	0.550	0.000	-0.09296809
0.150	0.550	0.000	-0.09248403
0.250	0.550	0.000	-0.09189282
0.350	0.550	0.000	-0.09121265
0.450	0.550	0.000	-0.09082744
0.550	0.550	0.000	-0.09084854
0.650	0.550	0.000	-0.09120435
0.750	0.550	0.000	-0.09147198
0.850	0.550	0.000	-0.09108441
0.950	0.550	0.000	-0.09021327
1.050	0.550	0.000	-0.08839364
1.150	0.550	0.000	-0.08623529
1.250	0.550	0.000	-0.08368036
1.350	0.550	0.000	-0.08076835
1.450	0.550	0.000	-0.07780431
1.550	0.550	0.000	-0.07461373
1.650	0.550	0.000	-0.07157367
1.750	0.550	0.000	-0.06884096
1.850	0.550	0.000	-0.06621438
1.950	0.550	0.000	-0.06398477
2.050	0.550	0.000	-0.06175027
2.150	0.550	0.000	-0.05989422
2.250	0.550	0.000	-0.05738934
2.350	0.550	0.000	-0.05562812
2.450	0.550	0.000	-0.05117215
-2.450	0.650	0.000	-0.13215242
-2.350	0.650	0.000	-0.13227987
-2.250	0.650	0.000	-0.13403541
-2.150	0.650	0.000	-0.13708609
-2.050	0.650	0.000	-0.13739139
-1.950	0.650	0.000	-0.13574645
-1.850	0.650	0.000	-0.13273333
-1.750	0.650	0.000	-0.12893264
-1.650	0.650	0.000	-0.12526220
-1.550	0.650	0.000	-0.12133761
-1.450	0.650	0.000	-0.11815185
-1.350	0.650	0.000	-0.11504050
-1.250	0.650	0.000	-0.11244307
-1.150	0.650	0.000	-0.11044578
-1.050	0.650	0.000	-0.10832720
-0.950	0.650	0.000	-0.10648844
-0.850	0.650	0.000	-0.10505964
-0.750	0.650	0.000	-0.10341495
-0.650	0.650	0.000	-0.10204547
-0.550	0.650	0.000	-0.10072283
-0.450	0.650	0.000	-0.09826960
-0.350	0.650	0.000	-0.09645080
-0.250	0.650	0.000	-0.09389470
-0.150	0.650	0.000	-0.09251767
-0.050	0.650	0.000	-0.09114660
0.050	0.650	0.000	-0.09044471
0.150	0.650	0.000	-0.08956037
0.250	0.650	0.000	-0.08867268
0.350	0.650	0.000	-0.08741865
0.450	0.650	0.000	-0.08624279
0.550	0.650	0.000	-0.08529215
0.650	0.650	0.000	-0.08477505
0.750	0.650	0.000	-0.08456887
0.850	0.650	0.000	-0.08391662
0.950	0.650	0.000	-0.08321092
1.050	0.650	0.000	-0.08160011
1.150	0.650	0.000	-0.07980933
1.250	0.650	0.000	-0.07785861
1.350	0.650	0.000	-0.07555125
1.450	0.650	0.000	-0.07296660
1.550	0.650	0.000	-0.07028215
1.650	0.650	0.000	-0.06736428
1.750	0.650	0.000	-0.06440980
1.850	0.650	0.000	-0.06136198
1.950	0.650	0.000	-0.05873881
2.050	0.650	0.000	-0.05597420
2.150	0.650	0.000	-0.05368883
2.250	0.650	0.000	-0.05090943
2.350	0.650	0.000	-0.04895585
2.450	0.650	0.000	-0.04530016
-2.450	0.750	0.000	-0.13053116
-2.350	0.750	0.000	-0.13131401
-2.250	0.750	0.000	-0.13299400
-2.150	0.750	0.000	-0.13536540
-2.050	0.750	0.000	-0.13500819
-1.950	0.750	0.000	-0.13310845
-1.850	0.750	0.000	-0.13057351
-1.750	0.750	0.000	-0.12721474
-1.650	0.750	0.000	-0.12382584
-1.550	0.750	0.000	-0.11986730
-1.450	0.750	0.000	-0.11658591
-1.350	0.750	0.000	-0.11317851
-1.250	0.750	0.000	-0.11081508
-1.150	0.750	0.000	-0.10902742
-1.050	0.750	0.000	-0.10732085
-0.950	0.750	0.000	-0.10561326
-0.850	0.750	0.000	-0.10419393
-0.750	0.750	0.000	-0.10278839
-0.650	0.750	0.000	-0.10175571
-0.550	0.750	0.000	-0.10069027
-0.450	0.750	0.000	-0.09860143
-0.350	0.750	0.000	-0.09651966
-0.250	0.750	0.000	-0.09344608
-0.150	0.750	0.000	-0.09151234
-0.050	0.750	0.000	-0.08958934
0.050	0.750	0.000	-0.08838133
0.150	0.750	0.000	-0.08726534
0.250	0.750	0.000	-0.08615377
0.350	0.750	0.000	-0.08456139
0.450	0.750	0.000	-0.08270510
0.550	0.750	0.000	-0.08097953
0.650	0.750	0.000	-0.07973894
0.750	0.750	0.000	-0.07897246
0.850	0.750	0.000	-0.07810134
0.950	0.750	0.000	-0.07735304
1.050	0.750	0.000	-0.07572713
1.150	0.750	0.000	-0.07384266
1.250	0.750	0.000	-0.07178345
1.350	0.750	0.000	-0.06954231
1.450	0.750	0.000	-0.06720927
1.550	0.750	0.000	-0.06493031
1.650	0.750	0.000	-0.06253895
1.750	0.750	0.000	-0.06032814
1.850	0.750	0.000	-0.05803314
1.950	0.750	0.000	-0.05595728
2.050	0.750	0.000	-0.05386241
2.150	0.750	0.000	-0.05212848
2.250	0.750	0.000	-0.05038183
2.350	0.750	0.000	-0.04881371
2.450	0.750	0.000	-0.04566653
-2.450	0.850	0.000	-0.12663491
-2.350	0.850	0.000	-0.12892063
-2.250	0.850	0.000	-0.13108426
-2.150	0.850	0.000	-0.13240980
-2.050	0.850	0.000	-0.13127851
-1.950	0.850	0.000	-0.12929536
-1.850	0.850	0.000	-0.12765066
-1.750	0.850	0.000	-0.12529977
-1.650	0.850	0.000	-0.12253696
-1.550	0.850	0.000	-0.11897524
-1.450	0.850	0.000	-0.11584729
-1.350	0.850	0.000	-0.11245295
-1.250	0.850	0.000	-0.11054233
-1.150	0.850	0.000	-0.10902964
-1.050	0.850	0.000	-0.10759762
-0.950	0.850	0.000	-0.10592977
-0.850	0.850	0.000	-0.10428109
-0.750	0.850	0.000	-0.10259465
-0.650	0.850	0.000	-0.10111207
-0.550	0.850	0.000	-0.09969693
-0.450	0.850	0.000	-0.09800488
-0.350	0.850	0.000	-0.09611317
-0.250	0.850	0.000	-0.09343195
-0.150	0.850	0.000	-0.09076114
-0.050	0.850	0.000	-0.08832002
0.050	0.850	0.000	-0.08664743
0.150	0.850	0.000	-0.08533028
0.250	0.850	0.000	-0.08423953
0.350	0.850	0.000	-0.08265868
0.450	0.850	0.000	-0.08055412
0.550	0.850	0.000	-0.07837153
0.650	0.850	0.000	-0.07647705
0.750	0.850	0.000	-0.07487015
0.850	0.850	0.000	-0.07329597
0.950	0.850	0.000	-0.07212692
1.050	0.850	0.000	-0.07042018
1.150	0.850	0.000	-0.06861304
1.250	0.850	0.000	-0.06672652
1.350	0.850	0.000	-0.06451619
1.450	0.850	0.000	-0.06209441
1.550	0.850	0.000	-0.05961180
1.650	0.850	0.000	-0.05724005
1.750	0.850	0.000	-0.05541242
1.850	0.850	0.000	-0.05365168
1.950	0.850	0.000	-0.05204784
2.050	0.850	0.000	-0.05019654
2.150	0.850	0.000	-0.04840192
2.250	0.850	0.000	-0.04683789
2.350	0.850	0.000	-0.04487363
2.450	0.850	0.000	-0.04131185
-2.450	0.950	0.000	-0.12056782
-2.350	0.950	0.000	-0.12480070
-2.250	0.950	0.000	-0.12726651
-2.150	0.950	0.000	-0.12756056
-2.050	0.950	0.000	-0.12600213
-1.950	0.950	0.000	-0.12398576
-1.850	0.950	0.000	-0.12297017
-1.750	0.950	0.000	-0.12148983
-1.650	0.950	0.000	-0.11958748
-1.550	0.950	0.000	-0.11711621
-1.450	0.950	0.000	-0.11479715
-1.350	0.950	0.000	-0.11234277
-1.250	0.950	0.000	-0.11105794
-1.150	0.950	0.000	-0.10980143
-1.050	0.950	0.000	-0.10852717
-0.950	0.950	0.000	-0.10681897
-0.850	0.950	0.000	-0.10456144
-0.750	0.950	0.000	-0.10218143
-0.650	0.950	0.000	-0.10013853
-0.550	0.950	0.000	-0.09835696
-0.450	0.950	0.000	-0.09681642
-0.350	0.950	0.000	-0.09542271
-0.250	0.950	0.000	-0.09328347
-0.150	0.950	0.000	-0.09060501
-0.050	0.950	0.000	-0.08787129
0.050	0.950	0.000	-0.08567638
0.150	0.950	0.000	-0.08397236
0.250	0.950	0.000	-0.08262718
0.350	0.950	0.000	-0.08091088
0.450	0.950	0.000	-0.07874420
0.550	0.950	0.000	-0.07646360
0.650	0.950	0.000	-0.07433712
0.750	0.950	0.000	-0.07226964
0.850	0.950	0.000	-0.07032710
0.950	0.950	0.000	-0.06845172
1.050	0.950	0.000	-0.06637603
1.150	0.950	0.000	-0.06418841
1.250	0.950	0.000	-0.06208651
1.350	0.950	0.000	-0.06005145
1.450	0.950	0.000	-0.05801326
1.550	0.950	0.000	-0.05635603
1.650	0.950	0.000	-0.05495896
1.750	0.950	0.000	-0.05378161
1.850	0.950	0.000	-0.05251465
1.950	0.950	0.000	-0.05134181
2.050	0.950	0.000	-0.04987928
2.150	0.950	0.000	-0.04829611
2.250	0.950	0.000	-0.04683488
2.350	0.950	0.000	-0.04514247
2.450	0.950	0.000	-0.04191051
-2.450	1.050	0.000	-0.11478361
-2.350	1.050	0.000	-0.12091693
-2.250	1.050	0.000	-0.12374571
-2.150	1.050	0.000	-0.12336569
-2.050	1.050	0.000	-0.12165511
-1.950	1.050	0.000	-0.11947244
-1.850	1.050	0.000	-0.11857997
-1.750	1.050	0.000	-0.11757677
-1.650	1.050	0.000	-0.11625820
-1.550	1.050	0.000	-0.11476191
-1.450	1.050	0.000	-0.11353000
-1.350	1.050	0.000	-0.11225634
-1.250	1.050	0.000	-0.11130835
-1.150	1.050	0.000	-0.11005590
-1.050	1.050	0.000	-0.10875432
-0.950	1.050	0.000	-0.10704791
-0.850	1.050	0.000	-0.10503881
-0.750	1.050	0.000	-0.10259475
-0.650	1.050	0.000	-0.10011701
-0.550	1.050	0.000	-0.09787467
-0.450	1.050	0.000	-0.09611586
-0.350	1.050	0.000	-0.09456205
-0.250	1.050	0.000	-0.09261969
-0.150	1.050	0.000	-0.09050174
-0.050	1.050	0.000	-0.08784349
0.050	1.050	0.000	-0.08520742
0.150	1.050	0.000	-0.08315399
0.250	1.050	0.000	-0.08134913
0.350	1.050	0.000	-0.07939295
0.450	1.050	0.000	-0.07710572
0.550	1.050	0.000	-0.07483974
0.650	1.050	0.000	-0.07270463
0.750	1.050	0.000	-0.07053703
0.850	1.050	0.000	-0.06844040
0.950	1.050	0.000	-0.06619974
1.050	1.050	0.000	-0.06377008
1.150	1.050	0.000	-0.06107567
1.250	1.050	0.000	-0.05856255
1.350	1.050	0.000	-0.05623240
1.450	1.050	0.000	-0.05415227
1.550	1.050	0.000	-0.05266120
1.650	1.050	0.000	-0.05161618
1.750	1.050	0.000	-0.05104143
1.850	1.050	0.000	-0.05071972
1.950	1.050	0.000	-0.05054437
2.050	1.050	0.000	-0.05040600
2.150	1.050	0.000	-0.04990070
2.250	1.050	0.000	-0.04960027
2.350	1.050	0.000	-0.04892194
2.450	1.050	0.000	-0.04651261
-2.450	1.150	0.000	-0.11010128
-2.350	1.150	0.000	-0.11765012
-2.250	1.150	0.000	-0.12122654
-2.150	1.150	0.000	-0.12042985
-2.050	1.150	0.000	-0.11875823
-1.950	1.150	0.000	-0.11647758
-1.850	1.150	0.000	-0.11557084
-1.750	1.150	0.000	-0.11472943
-1.650	1.150	0.000	-0.11380932
-1.550	1.150	0.000	-0.11299624
-1.450	1.150	0.000	-0.11254936
-1.350	1.150	0.000	-0.11198312
-1.250	1.150	0.000	-0.11132754
-1.150	1.150	0.000	-0.11037841
-1.050	1.150	0.000	-0.10948872
-0.950	1.150	0.000	-0.10831399
-0.850	1.150	0.000	-0.10666331
-0.750	1.150	0.000	-0.10439561
-0.650	1.150	0.000	-0.10181366
-0.550	1.150	0.000	-0.09933358
-0.450	1.150	0.000	-0.09722941
-0.350	1.150	0.000	-0.09522091
-0.250	1.150	0.000	-0.09293732
-0.150	1.150	0.000	-0.09029976
-0.050	1.150	0.000	-0.08757249
0.050	1.150	0.000	-0.08462198
0.150	1.150	0.000	-0.08237223
0.250	1.150	0.000	-0.08019372
0.350	1.150	0.000	-0.07808004
0.450	1.150	0.000	-0.07583241
0.550	1.150	0.000	-0.07358806
0.650	1.150	0.000	-0.07147249
0.750	1.150	0.000	-0.06942262
0.850	1.150	0.000	-0.06730518
0.950	1.150	0.000	-0.06510994
1.050	1.150	0.000	-0.06279405
1.150	1.150	0.000	-0.06022578
1.250	1.150	0.000	-0.05790271
1.350	1.150	0.000	-0.05588483
1.450	1.150	0.000	-0.05422239
1.550	1.150	0.000	-0.05298439
1.650	1.150	0.000	-0.05192360
1.750	1.150	0.000	-0.05112228
1.850	1.150	0.000	-0.05060542
1.950	1.150	0.000	-0.05036762
2.050	1.150	0.000	-0.05021341
2.150	1.150	0.000	-0.04966770
2.250	1.150	0.000	-0.04911304
2.350	1.150	0.000	-0.04835286
2.450	1.150	0.000	-0.04592589
-2.450	1.250	0.000	-0.10618780
-2.350	1.250	0.000	-0.11445394
-2.250	1.250	0.000	-0.11888568
-2.150	1.250	0.000	-0.11820436
-2.050	1.250	0.000	-0.11679798
-1.950	1.250	0.000	-0.11462403
-1.850	1.250	0.000	-0.11342924
-1.750	1.250	0.000	-0.11249331
-1.650	1.250	0.000	-0.11193386
-1.550	1.250	0.000	-0.11172490
-1.450	1.250	0.000	-0.11177828
-1.350	1.250	0.000	-0.11163811
-1.250	1.250	0.000	-0.11132342
-1.150	1.250	0.000	-0.11076319
-1.050	1.250	0.000	-0.11036517
-0.950	1.250	0.000	-0.10966978
-0.850	1.250	0.000	-0.10836586
-0.750	1.250	0.000	-0.10647521
-0.650	1.250	0.000	-0.10395490
-0.550	1.250	0.000	-0.10132989
-0.450	1.250	0.000	-0.09888270
-0.350	1.250	0.000	-0.09634303
-0.250	1.250	0.000	-0.09381084
-0.150	1.250	0.000	-0.09075739
-0.050	1.250	0.000	-0.08765593
0.050	1.250	0.000	-0.08430649
0.150	1.250	0.000	-0.08193409
0.250	1.250	0.000	-0.07972982
0.350	1.250	0.000	-0.07781751
0.450	1.250	0.000	-0.07584625
0.550	1.250	0.000	-0.07365072
0.650	1.250	0.000	-0.07147463
0.750	1.250	0.000	-0.06937778
0.850	1.250	0.000	-0.06714854
0.950	1.250	0.000	-0.06486447
1.050	1.250	0.000	-0.06259887
1.150	1.250	0.000	-0.06015696
1.250	1.250	0.000	-0.05809389
1.350	1.250	0.000	-0.05659447
1.450	1.250	0.000	-0.05540143
1.550	1.250	0.000	-0.05455473
1.650	1.250	0.000	-0.05389061
1.750	1.250	0.000	-0.05326344
1.850	1.250	0.000	-0.05258622
1.950	1.250	0.000	-0.05179913
2.050	1.250	0.000	-0.05102986
2.150	1.250	0.000	-0.04967833
2.250	1.250	0.000	-0.04873741
2.350	1.250	0.000	-0.04785869
2.450	1.250	0.000	-0.04600996
-2.450	1.350	0.000	-0.10473597
-2.350	1.350	0.000	-0.11243218
-2.250	1.350	0.000	-0.11745649
-2.150	1.350	0.000	-0.11688822
-2.050	1.350	0.000	-0.11593341
-1.950	1.350	0.000	-0.11404246
-1.850	1.350	0.000	-0.11246415
-1.750	1.350	0.000	-0.11125077
-1.650	1.350	0.000	-0.11086328
-1.550	1.350	0.000	-0.11121971
-1.450	1.350	0.000	-0.11170805
-1.350	1.350	0.000	-0.11205750
-1.250	1.350	0.000	-0.11199614
-1.150	1.350	0.000	-0.11148079
-1.050	1.350	0.000	-0.11090840
-0.950	1.350	0.000	-0.11014339
-0.850	1.350	0.000	-0.10900180
-0.750	1.350	0.000	-0.10730454
-0.650	1.350	0.000	-0.10497359
-0.550	1.350	0.000	-0.10243330
-0.450	1.350	0.000	-0.10000511
-0.350	1.350	0.000	-0.09746874
-0.250	1.350	0.000	-0.09495816
-0.150	1.350	0.000	-0.09195629
-0.050	1.350	0.000	-0.08885407
0.050	1.350	0.000	-0.08570357
0.150	1.350	0.000	-0.08318473
0.250	1.350	0.000	-0.08089340
0.350	1.350	0.000	-0.07899135
0.450	1.350	0.000	-0.07706605
0.550	1.350	0.000	-0.07503583
0.650	1.350	0.000	-0.07297180
0.750	1.350	0.000	-0.07089830
0.850	1.350	0.000	-0.06853630
0.950	1.350	0.000	-0.06607219
1.050	1.350	0.000	-0.06354979
1.150	1.350	0.000	-0.06098741
1.250	1.350	0.000	-0.05891277
1.350	1.350	0.000	-0.05743533
1.450	1.350	0.000	-0.05642867
1.550	1.350	0.000	-0.05572623
1.650	1.350	0.000	-0.05516581
1.750	1.350	0.000	-0.05443368
1.850	1.350	0.000	-0.05341355
1.950	1.350	0.000	-0.05200938
2.050	1.350	0.000	-0.05048208
2.150	1.350	0.000	-0.04842127
2.250	1.350	0.000	-0.04664207
2.350	1.350	0.000	-0.04512732
2.450	1.350	0.000	-0.04237784
-2.450	1.450	0.000	-0.10422724
-2.350	1.450	0.000	-0.11055671
-2.250	1.450	0.000	-0.11601412
-2.150	1.450	0.000	-0.11584524
-2.050	1.450	0.000	-0.11516576
-1.950	1.450	0.000	-0.11358562
-1.850	1.450	0.000	-0.11219056
-1.750	1.450	0.000	-0.11102389
-1.650	1.450	0.000	-0.11057418
-1.550	1.450	0.000	-0.11081868
-1.450	1.450	0.000	-0.11147719
-1.350	1.450	0.000	-0.11265167
-1.250	1.450	0.000	-0.11303819
-1.150	1.450	0.000	-0.11275499
-1.050	1.450	0.000	-0.11194334
-0.950	1.450	0.000	-0.11074349
-0.850	1.450	0.000	-0.10950831
-0.750	1.450	0.000	-0.10772214
-0.650	1.450	0.000	-0.10557493
-0.550	1.450	0.000	-0.10327294
-0.450	1.450	0.000	-0.10106225
-0.350	1.450	0.000	-0.09889925
-0.250	1.450	0.000	-0.09675882
-0.150	1.450	0.000	-0.09422593
-0.050	1.450	0.000	-0.09148244
0.050	1.450	0.000	-0.08879321
0.150	1.450	0.000	-0.08637043
0.250	1.450	0.000	-0.08397482
0.350	1.450	0.000	-0.08179154
0.450	1.450	0.000	-0.07956132
0.550	1.450	0.000	-0.07727315
0.650	1.450	0.000	-0.07491142
0.750	1.450	0.000	-0.07260682
0.850	1.450	0.000	-0.07020161
0.950	1.450	0.000	-0.06789193
1.050	1.450	0.000	-0.06571458
1.150	1.450	0.000	-0.06366312
1.250	1.450	0.000	-0.06202359
1.350	1.450	0.000	-0.06074803
1.450	1.450	0.000	-0.05959899
1.550	1.450	0.000	-0.05853833
1.650	1.450	0.000	-0.05733947
1.750	1.450	0.000	-0.05575009
1.850	1.450	0.000	-0.05402542
1.950	1.450	0.000	-0.05199845
2.050	1.450	0.000	-0.05019969
2.150	1.450	0.000	-0.04821673
2.250	1.450	0.000	-0.04621278
2.350	1.450	0.000	-0.04427621
2.450	1.450	0.000	-0.04051679
-2.450	1.550	0.000	-0.10323057
-2.350	1.550	0.000	-0.10809146
-2.250	1.550	0.000	-0.11388100
-2.150	1.550	0.000	-0.11397281
-2.050	1.550	0.000	-0.11379796
-1.950	1.550	0.000	-0.11288723
-1.850	1.550	0.000	-0.11190549
-1.750	1.550	0.000	-0.11078045
-1.650	1.550	0.000	-0.11021417
-1.550	1.550	0.000	-0.11045636
-1.450	1.550	0.000	-0.11117507
-1.350	1.550	0.000	-0.11244561
-1.250	1.550	0.000	-0.11305039
-1.150	1.550	0.000	-0.11313814
-1.050	1.550	0.000	-0.11259262
-0.950	1.550	0.000	-0.11157671
-0.850	1.550	0.000	-0.11037502
-0.750	1.550	0.000	-0.10852686
-0.650	1.550	0.000	-0.10646445
-0.550	1.550	0.000	-0.10431823
-0.450	1.550	0.000	-0.10224771
-0.350	1.550	0.000	-0.10034525
-0.250	1.550	0.000	-0.09848206
-0.150	1.550	0.000	-0.09651542
-0.050	1.550	0.000	-0.09450113
0.050	1.550	0.000	-0.09240340
0.150	1.550	0.000	-0.09019686
0.250	1.550	0.000	-0.08788919
0.350	1.550	0.000	-0.08565044
0.450	1.550	0.000	-0.08328629
0.550	1.550	0.000	-0.08081806
0.650	1.550	0.000	-0.07823375
0.750	1.550	0.000	-0.07560996
0.850	1.550	0.000	-0.07285531
0.950	1.550	0.000	-0.07031201
1.050	1.550	0.000	-0.06816736
1.150	1.550	0.000	-0.06634713
1.250	1.550	0.000	-0.06476635
1.350	1.550	0.000	-0.06326602
1.450	1.550	0.000	-0.06168487
1.550	1.550	0.000	-0.05986097
1.650	1.550	0.000	-0.05772566
1.750	1.550	0.000	-0.05535697
1.850	1.550	0.000	-0.05285582
1.950	1.550	0.000	-0.05010425
2.050	1.550	0.000	-0.04760401
2.150	1.550	0.000	-0.04527036
2.250	1.550	0.000	-0.04309051
2.350	1.550	0.000	-0.04143794
2.450	1.550	0.000	-0.03816183
-2.450	1.650	0.000	-0.10451071
-2.350	1.650	0.000	-0.10727430
-2.250	1.650	0.000	-0.11237396
-2.150	1.650	0.000	-0.11242660
-2.050	1.650	0.000	-0.11277053
-1.950	1.650	0.000	-0.11291735
-1.850	1.650	0.000	-0.11297728
-1.750	1.650	0.000	-0.11211471
-1.650	1.650	0.000	-0.11133203
-1.550	1.650	0.000	-0.11096855
-1.450	1.650	0.000	-0.11107720
-1.350	1.650	0.000	-0.11147426
-1.250	1.650	0.000	-0.11156803
-1.150	1.650	0.000	-0.11189929
-1.050	1.650	0.000	-0.11195550
-0.950	1.650	0.000	-0.11169534
-0.850	1.650	0.000	-0.11107970
-0.750	1.650	0.000	-0.10992284
-0.650	1.650	0.000	-0.10843488
-0.550	1.650	0.000	-0.10661221
-0.450	1.650	0.000	-0.10447016
-0.350	1.650	0.000	-0.10249864
-0.250	1.650	0.000	-0.10072267
-0.150	1.650	0.000	-0.09902861
-0.050	1.650	0.000	-0.09745398
0.050	1.650	0.000	-0.09575726
0.150	1.650	0.000	-0.09375085
0.250	1.650	0.000	-0.09166762
0.350	1.650	0.000	-0.08961792
0.450	1.650	0.000	-0.08745591
0.550	1.650	0.000	-0.08525102
0.650	1.650	0.000	-0.08286148
0.750	1.650	0.000	-0.08023031
0.850	1.650	0.000	-0.07738070
0.950	1.650	0.000	-0.07480884
1.050	1.650	0.000	-0.07250169
1.150	1.650	0.000	-0.07056448
1.250	1.650	0.000	-0.06866262
1.350	1.650	0.000	-0.06657387
1.450	1.650	0.000	-0.06419016
1.550	1.650	0.000	-0.06150384
1.650	1.650	0.000	-0.05844286
1.750	1.650	0.000	-0.05529998
1.850	1.650	0.000	-0.05238688
1.950	1.650	0.000	-0.04966048
2.050	1.650	0.000	-0.04724900
2.150	1.650	0.000	-0.04525333
2.250	1.650	0.000	-0.04319657
2.350	1.650	0.000	-0.04173837
2.450	1.650	0.000	-0.03882783
-2.450	1.750	0.000	-0.10608888
-2.350	1.750	0.000	-0.10655821
-2.250	1.750	0.000	-0.10924301
-2.150	1.750	0.000	-0.10894262
-2.050	1.750	0.000	-0.11100468
-1.950	1.750	0.000	-0.11285278
-1.850	1.750	0.000	-0.11397238
-1.750	1.750	0.000	-0.11389588
-1.650	1.750	0.000	-0.11294695
-1.550	1.750	0.000	-0.11159904
-1.450	1.750	0.000	-0.11058352
-1.350	1.750	0.000	-0.10991540
-1.250	1.750	0.000	-0.10953911
-1.150	1.750	0.000	-0.11003309
-1.050	1.750	0.000	-0.11054006
-0.950	1.750	0.000	-0.11093711
-0.850	1.750	0.000	-0.11098328
-0.750	1.750	0.000	-0.11040301
-0.650	1.750	0.000	-0.10939907
-0.550	1.750	0.000	-0.10800161
-0.450	1.750	0.000	-0.10616453
-0.350	1.750	0.000	-0.10441396
-0.250	1.750	0.000	-0.10260196
-0.150	1.750	0.000	-0.10093515
-0.050	1.750	0.000	-0.09949046
0.050	1.750	0.000	-0.09801520
0.150	1.750	0.000	-0.09619927
0.250	1.750	0.000	-0.09436669
0.350	1.750	0.000	-0.09249991
0.450	1.750	0.000	-0.09045162
0.550	1.750	0.000	-0.08840104
0.650	1.750	0.000	-0.08629559
0.750	1.750	0.000	-0.08377188
0.850	1.750	0.000	-0.08117585
0.950	1.750	0.000	-0.07862092
1.050	1.750	0.000	-0.07564555
1.150	1.750	0.000	-0.07326052
1.250	1.750	0.000	-0.07090025
1.350	1.750	0.000	-0.06835887
1.450	1.750	0.000	-0.06567713
1.550	1.750	0.000	-0.06258856
1.650	1.750	0.000	-0.05909282
1.750	1.750	0.000	-0.05579844
1.850	1.750	0.000	-0.05278201
1.950	1.750	0.000	-0.05014936
2.050	1.750	0.000	-0.04787612
2.150	1.750	0.000	-0.04598615
2.250	1.750	0.000	-0.04413170
2.350	1.750	0.000	-0.04286823
2.450	1.750	0.000	-0.04003048
-2.450	1.850	0.000	-0.10931212
-2.350	1.850	0.000	-0.10583901
-2.250	1.850	0.000	-0.10491787
-2.150	1.850	0.000	-0.10338160
-2.050	1.850	0.000	-0.10633899
-1.950	1.850	0.000	-0.10988463
-1.850	1.850	0.000	-0.11340440
-1.750	1.850	0.000	-0.11510171
-1.650	1.850	0.000	-0.11442543
-1.550	1.850	0.000	-0.11236287
-1.450	1.850	0.000	-0.10995662
-1.350	1.850	0.000	-0.10823733
-1.250	1.850	0.000	-0.10719664
-1.150	1.850	0.000	-0.10736132
-1.050	1.850	0.000	-0.10809375
-0.950	1.850	0.000	-0.10912112
-0.850	1.850	0.000	-0.11004957
-0.750	1.850	0.000	-0.11052147
-0.650	1.850	0.000	-0.11038639
-0.550	1.850	0.000	-0.10967306
-0.450	1.850	0.000	-0.10846745
-0.350	1.850	0.000	-0.10690954
-0.250	1.850	0.000	-0.10498566
-0.150	1.850	0.000	-0.10292298
-0.050	1.850	0.000	-0.10088509
0.050	1.850	0.000	-0.09890942
0.150	1.850	0.000	-0.09699560
0.250	1.850	0.000	-0.09522773
0.350	1.850	0.000	-0.09352911
0.450	1.850	0.000	-0.09184433
0.550	1.850	0.000	-0.09027842
0.650	1.850	0.000	-0.08867774
0.750	1.850	0.000	-0.08657177
0.850	1.850	0.000	-0.08434339
0.950	1.850	0.000	-0.08170553
1.050	1.850	0.000	-0.07876618
1.150	1.850	0.000	-0.07632988
1.250	1.850	0.000	-0.07372415
1.350	1.850	0.000	-0.07105128
1.450	1.850	0.000	-0.06847598
1.550	1.850	0.000	-0.06557255
1.650	1.850	0.000	-0.06244350
1.750	1.850	0.000	-0.05926761
1.850	1.850	0.000	-0.05585301
1.950	1.850	0.000	-0.05253269
2.050	1.850	0.000	-0.04953424
2.150	1.850	0.000	-0.04698991
2.250	1.850	0.000	-0.04478132
2.350	1.850	0.000	-0.04349579
2.450	1.850	0.000	-0.04028874
-2.450	1.950	0.000	-0.11527293
-2.350	1.950	0.000	-0.10811131
-2.250	1.950	0.000	-0.10184945
-2.150	1.950	0.000	-0.09869011
-2.050	1.950	0.000	-0.10014943
-1.950	1.950	0.000	-0.10493401
-1.850	1.950	0.000	-0.11046978
-1.750	1.950	0.000	-0.11439876
-1.650	1.950	0.000	-0.11455538
-1.550	1.950	0.000	-0.11281029
-1.450	1.950	0.000	-0.10973317
-1.350	1.950	0.000	-0.10744087
-1.250	1.950	0.000	-0.10583726
-1.150	1.950	0.000	-0.10553329
-1.050	1.950	0.000	-0.10617070
-0.950	1.950	0.000	-0.10715215
-0.850	1.950	0.000	-0.10821660
-0.750	1.950	0.000	-0.10916959
-0.650	1.950	0.000	-0.10974431
-0.550	1.950	0.000	-0.10988095
-0.450	1.950	0.000	-0.10930452
-0.350	1.950	0.000	-0.10822210
-0.250	1.950	0.000	-0.10643373
-0.150	1.950	0.000	-0.10425476
-0.050	1.950	0.000	-0.10185186
0.050	1.950	0.000	-0.09941114
0.150	1.950	0.000	-0.09724855
0.250	1.950	0.000	-0.09520338
0.350	1.950	0.000	-0.09325929
0.450	1.950	0.000	-0.09145582
0.550	1.950	0.000	-0.08978115
0.650	1.950	0.000	-0.08798932
0.750	1.950	0.000	-0.08604579
0.850	1.950	0.000	-0.08417875
0.950	1.950	0.000	-0.08206915
1.050	1.950	0.000	-0.08037014
1.150	1.950	0.000	-0.07867385
1.250	1.950	0.000	-0.07663858
1.350	1.950	0.000	-0.07447629
1.450	1.950	0.000	-0.07207928
1.550	1.950	0.000	-0.06943156
1.650	1.950	0.000	-0.06663240
1.750	1.950	0.000	-0.06349232
1.850	1.950	0.000	-0.06004071
1.950	1.950	0.000	-0.05629451
2.050	1.950	0.000	-0.05298834
2.150	1.950	0.000	-0.05011654
2.250	1.950	0.000	-0.04770636
2.350	1.950	0.000	-0.04627124
2.450	1.950	0.000	-0.04317053
-2.450	2.050	0.000	-0.12480432
-2.350	2.050	0.000	-0.11632569
-2.250	2.050	0.000	-0.10536744
-2.150	2.050	0.000	-0.09786413
-2.050	2.050	0.000	-0.09616405
-1.950	2.050	0.000	-0.10025259
-1.850	2.050	0.000	-0.10576190
-1.750	2.050	0.000	-0.11090329
-1.650	2.050	0.000	-0.11287723
-1.550	2.050	0.000	-0.11293401
-1.450	2.050	0.000	-0.11087321
-1.350	2.050	0.000	-0.10930922
-1.250	2.050	0.000	-0.10827973
-1.150	2.050	0.000	-0.10784454
-1.050	2.050	0.000	-0.10784423
-0.950	2.050	0.000	-0.10793626
-0.850	2.050	0.000	-0.10820290
-0.750	2.050	0.000	-0.10856587
-0.650	2.050	0.000	-0.10894378
-0.550	2.050	0.000	-0.10915679
-0.450	2.050	0.000	-0.10886068
-0.350	2.050	0.000	-0.10800329
-0.250	2.050	0.000	-0.10634145
-0.150	2.050	0.000	-0.10401557
-0.050	2.050	0.000	-0.10144291
0.050	2.050	0.000	-0.09877563
0.150	2.050	0.000	-0.09649168
0.250	2.050	0.000	-0.09463146
0.350	2.050	0.000	-0.09284062
0.450	2.050	0.000	-0.09107818
0.550	2.050	0.000	-0.08924474
0.650	2.050	0.000	-0.08714843
0.750	2.050	0.000	-0.08501845
0.850	2.050	0.000	-0.08304584
0.950	2.050	0.000	-0.08115088
1.050	2.050	0.000	-0.07989653
1.150	2.050	0.000	-0.07852272
1.250	2.050	0.000	-0.07682553
1.350	2.050	0.000	-0.07499210
1.450	2.050	0.000	-0.07283478
1.550	2.050	0.000	-0.07020535
1.650	2.050	0.000	-0.06705638
1.750	2.050	0.000	-0.06357475
1.850	2.050	0.000	-0.06005867
1.950	2.050	0.000	-0.05651965
2.050	2.050	0.000	-0.05348779
2.150	2.050	0.000	-0.05099570
2.250	2.050	0.000	-0.04877592
2.350	2.050	0.000	-0.04743979
2.450	2.050	0.000	-0.04473401
-2.450	2.150	0.000	-0.13719481
-2.350	2.150	0.000	-0.12956844
-2.250	2.150	0.000	-0.11714020
-2.150	2.150	0.000	-0.10590446
-2.050	2.150	0.000	-0.09929699
-1.950	2.150	0.000	-0.09861161
-1.850	2.150	0.000	-0.10185985
-1.750	2.150	0.000	-0.10627615
-1.650	2.150	0.000	-0.10984267
-1.550	2.150	0.000	-0.11144311
-1.450	2.150	0.000	-0.11110079
-1.350	2.150	0.000	-0.11023835
-1.250	2.150	0.000	-0.10959570
-1.150	2.150	0.000	-0.10895122
-1.050	2.150	0.000	-0.10855626
-0.950	2.150	0.000	-0.10853065
-0.850	2.150	0.000	-0.10882805
-0.750	2.150	0.000	-0.10941336
-0.650	2.150	0.000	-0.10998333
-0.550	2.150	0.000	-0.11033005
-0.450	2.150	0.000	-0.11031126
-0.350	2.150	0.000	-0.10962513
-0.250	2.150	0.000	-0.10822145
-0.150	2.150	0.000	-0.10569905
-0.050	2.150	0.000	-0.10288086
0.050	2.150	0.000	-0.09975915
0.150	2.150	0.000	-0.09675453
0.250	2.150	0.000	-0.09417468
0.350	2.150	0.000	-0.09202924
0.450	2.150	0.000	-0.09027208
0.550	2.150	0.000	-0.08868498
0.650	2.150	0.000	-0.08709909
0.750	2.150	0.000	-0.08571840
0.850	2.150	0.000	-0.08481118
0.950	2.150	0.000	-0.08394763
1.050	2.150	0.000	-0.08339222
1.150	2.150	0.000	-0.08242109
1.250	2.150	0.000	-0.08086550
1.350	2.150	0.000	-0.07910508
1.450	2.150	0.000	-0.07705960
1.550	2.150	0.000	-0.07467493
1.650	2.150	0.000	-0.07190739
1.750	2.150	0.000	-0.06889983
1.850	2.150	0.000	-0.06553055
1.950	2.150	0.000	-0.06208142
2.050	2.150	0.000	-0.05870369
2.150	2.150	0.000	-0.05549213
2.250	2.150	0.000	-0.05235154
2.350	2.150	0.000	-0.05002975
2.450	2.150	0.000	-0.04613201
-2.450	2.250	0.000	-0.14955615
-2.350	2.250	0.000	-0.14392537
-2.250	2.250	0.000	-0.13308030
-2.150	2.250	0.000	-0.12039554
-2.050	2.250	0.000	-0.10913291
-1.950	2.250	0.000	-0.10256767
-1.850	2.250	0.000	-0.10097964
-1.750	2.250	0.000	-0.10389806
-1.650	2.250	0.000	-0.10779310
-1.550	2.250	0.000	-0.11101888
-1.450	2.250	0.000	-0.11305883
-1.350	2.250	0.000	-0.11310831
-1.250	2.250	0.000	-0.11223439
-1.150	2.250	0.000	-0.11111277
-1.050	2.250	0.000	-0.11034875
-0.950	2.250	0.000	-0.10979977
-0.850	2.250	0.000	-0.10950620
-0.750	2.250	0.000	-0.10958844
-0.650	2.250	0.000	-0.10987101
-0.550	2.250	0.000	-0.11012929
-0.450	2.250	0.000	-0.11024925
-0.350	2.250	0.000	-0.10958436
-0.250	2.250	0.000	-0.10820872
-0.150	2.250	0.000	-0.10556231
-0.050	2.250	0.000	-0.10264238
0.050	2.250	0.000	-0.09945603
0.150	2.250	0.000	-0.09633832
0.250	2.250	0.000	-0.09358520
0.350	2.250	0.000	-0.09121459
0.450	2.250	0.000	-0.08920044
0.550	2.250	0.000	-0.08742496
0.650	2.250	0.000	-0.08578029
0.750	2.250	0.000	-0.08449990
0.850	2.250	0.000	-0.08369049
0.950	2.250	0.000	-0.08300197
1.050	2.250	0.000	-0.08264120
1.150	2.250	0.000	-0.08209006
1.250	2.250	0.000	-0.08092207
1.350	2.250	0.000	-0.07930806
1.450	2.250	0.000	-0.07716733
1.550	2.250	0.000	-0.07448450
1.650	2.250	0.000	-0.07138193
1.750	2.250	0.000	-0.06781826
1.850	2.250	0.000	-0.06398679
1.950	2.250	0.000	-0.06045701
2.050	2.250	0.000	-0.05702377
2.150	2.250	0.000	-0.05402025
2.250	2.250	0.000	-0.05134232
2.350	2.250	0.000	-0.04946039
2.450	2.250	0.000	-0.04616014
-2.450	2.350	0.000	-0.16093211
-2.350	2.350	0.000	-0.15740104
-2.250	2.350	0.000	-0.14956132
-2.150	2.350	0.000	-0.13839805
-2.050	2.350	0.000	-0.12577611
-1.950	2.350	0.000	-0.11425712
-1.850	2.350	0.000	-0.10592692
-1.750	2.350	0.000	-0.10153249
-1.650	2.350	0.000	-0.10102948
-1.550	2.350	0.000	-0.10253064
-1.450	2.350	0.000	-0.10476120
-1.350	2.350	0.000	-0.10728277
-1.250	2.350	0.000	-0.10999618
-1.150	2.350	0.000	-0.11276443
-1.050	2.350	0.000	-0.11483213
-0.950	2.350	0.000	-0.11573953
-0.850	2.350	0.000	-0.11588437
-0.750	2.350	0.000	-0.11547714
-0.650	2.350	0.000	-0.11493326
-0.550	2.350	0.000	-0.11440735
-0.450	2.350	0.000	-0.11359470
-0.350	2.350	0.000	-0.11217216
-0.250	2.350	0.000	-0.11012140
-0.150	2.350	0.000	-0.10701626
-0.050	2.350	0.000	-0.10373413
0.050	2.350	0.000	-0.10021219
0.150	2.350	0.000	-0.09684982
0.250	2.350	0.000	-0.09410677
0.350	2.350	0.000	-0.09208208
0.450	2.350	0.000	-0.09062183
0.550	2.350	0.000	-0.08949979
0.650	2.350	0.000	-0.08877575
0.750	2.350	0.000	-0.08828501
0.850	2.350	0.000	-0.08759087
0.950	2.350	0.000	-0.08685888
1.050	2.350	0.000	-0.08646803
1.150	2.350	0.000	-0.08579375
1.250	2.350	0.000	-0.08467621
1.350	2.350	0.000	-0.08338449
1.450	2.350	0.000	-0.08164599
1.550	2.350	0.000	-0.07907165
1.650	2.350	0.000	-0.07569676
1.750	2.350	0.000	-0.07167061
1.850	2.350	0.000	-0.06731275
1.950	2.350	0.000	-0.06337634
2.050	2.350	0.000	-0.05968621
2.150	2.350	0.000	-0.05699835
2.250	2.350	0.000	-0.05445978
2.350	2.350	0.000	-0.05294942
2.450	2.350	0.000	-0.04990568
-2.450	2.450	0.000	-0.16687123
-2.350	2.450	0.000	-0.16509962
-2.250	2.450	0.000	-0.16040038
-2.150	2.450	0.000	-0.15268505
-2.050	2.450	0.000	-0.14301565
-1.950	2.450	0.000	-0.13230437
-1.850	2.450	0.000	-0.12243085
-1.750	2.450	0.000	-0.11379663
-1.650	2.450	0.000	-0.10800885
-1.550	2.450	0.000	-0.10419497
-1.450	2.450	0.000	-0.10169815
-1.350	2.450	0.000	-0.10234267
-1.250	2.450	0.000	-0.10449272
-1.150	2.450	0.000	-0.10764094
-1.050	2.450	0.000	-0.11056657
-0.950	2.450	0.000	-0.11260162
-0.850	2.450	0.000	-0.11356658
-0.750	2.450	0.000	-0.11376404
-0.650	2.450	0.000	-0.11364716
-0.550	2.450	0.000	-0.11329240
-0.450	2.450	0.000	-0.11253191
-0.350	2.450	0.000	-0.11114712
-0.250	2.450	0.000	-0.10903231
-0.150	2.450	0.000	-0.10608007
-0.050	2.450	0.000	-0.10272980
0.050	2.450	0.000	-0.09897537
0.150	2.450	0.000	-0.09528896
0.250	2.450	0.000	-0.09207840
0.350	2.450	0.000	-0.08965064
0.450	2.450	0.000	-0.08789978
0.550	2.450	0.000	-0.08663199
0.650	2.450	0.000	-0.08645444
0.750	2.450	0.000	-0.08645915
0.850	2.450	0.000	-0.08632585
0.950	2.450	0.000	-0.08606145
1.050	2.450	0.000	-0.08572153
1.150	2.450	0.000	-0.08468932
1.250	2.450	0.000	-0.08314697
1.350	2.450	0.000	-0.08155210
1.450	2.450	0.000	-0.07959297
1.550	2.450	0.000	-0.07683018
1.650	2.450	0.000	-0.07328981
1.750	2.450	0.000	-0.06909049
1.850	2.450	0.000	-0.06457940
1.950	2.450	0.000	-0.06032901
2.050	2.450	0.000	-0.05642428
2.150	2.450	0.000	-0.05330674
2.250	2.450	0.000	-0.05035721
2.350	2.450	0.000	-0.04839170
2.450	2.450	0.000	-0.04445066
