-2.450	-2.450	0.000	-0.17527533
-2.350	-2.450	0.000	-0.17364699
-2.250	-2.450	0.000	-0.17493978
-2.150	-2.450	0.000	-0.17189120
-2.050	-2.450	0.000	-0.17346664
-1.950	-2.450	0.000	-0.16876130
-1.850	-2.450	0.000	-0.16925719
-1.750	-2.450	0.000	-0.16690828
-1.650	-2.450	0.000	-0.16828965
-1.550	-2.450	0.000	-0.16659129
-1.450	-2.450	0.000	-0.16586119
-1.350	-2.450	0.000	-0.16482255
-1.250	-2.450	0.000	-0.16427565
-1.150	-2.450	0.000	-0.16445437
-1.050	-2.450	0.000	-0.16513669
-0.950	-2.450	0.000	-0.16594715
-0.850	-2.450	0.000	-0.16549087
-0.750	-2.450	0.000	-0.16417822
-0.650	-2.450	0.000	-0.16304904
-0.550	-2.450	0.000	-0.16111183
-0.450	-2.450	0.000	-0.15894748
-0.350	-2.450	0.000	-0.15665765
-0.250	-2.450	0.000	-0.15370263
-0.150	-2.450	0.000	-0.15045628
-0.050	-2.450	0.000	-0.14733469
0.050	-2.450	0.000	-0.14440963
0.150	-2.450	0.000	-0.14145617
0.250	-2.450	0.000	-0.13920024
0.350	-2.450	0.000	-0.13813822
0.450	-2.450	0.000	-0.13715434
0.550	-2.450	0.000	-0.13647154
0.650	-2.450	0.000	-0.13568702
0.750	-2.450	0.000	-0.13461149
0.850	-2.450	0.000	-0.13337985
0.950	-2.450	0.000	-0.13173273
1.050	-2.450	0.000	-0.13057841
1.150	-2.450	0.000	-0.12922964
1.250	-2.450	0.000	-0.12814805
1.350	-2.450	0.000	-0.12754650
1.450	-2.450	0.000	-0.12696777
1.550	-2.450	0.000	-0.12640470
1.650	-2.450	0.000	-0.12570643
1.750	-2.450	0.000	-0.12511380
1.850	-2.450	0.000	-0.12324759
1.950	-2.450	0.000	-0.12229605
2.050	-2.450	0.000	-0.11903532
2.150	-2.450	0.000	-0.11871625
2.250	-2.450	0.000	-0.11927266
2.350	-2.450	0.000	-0.11766820
2.450	-2.450	0.000	-0.11427579
-2.450	-2.350	0.000	-0.17388478
-2.350	-2.350	0.000	-0.16818984
-2.250	-2.350	0.000	-0.16906407
-2.150	-2.350	0.000	-0.16595504
-2.050	-2.350	0.000	-0.16867051
-1.950	-2.350	0.000	-0.16541335
-1.850	-2.350	0.000	-0.16669735
-1.750	-2.350	0.000	-0.16408700
-1.650	-2.350	0.000	-0.16603190
-1.550	-2.350	0.000	-0.16456172
-1.450	-2.350	0.000	-0.16388172
-1.350	-2.350	0.000	-0.16340092
-1.250	-2.350	0.000	-0.16310388
-1.150	-2.350	0.000	-0.16300429
-1.050	-2.350	0.000	-0.16334163
-0.950	-2.350	0.000	-0.16408065
-0.850	-2.350	0.000	-0.16376761
-0.750	-2.350	0.000	-0.16228214
-0.650	-2.350	0.000	-0.16122557
-0.550	-2.350	0.000	-0.15988511
-0.450	-2.350	0.000	-0.15763500
-0.350	-2.350	0.000	-0.15520528
-0.250	-2.350	0.000	-0.15222545
-0.150	-2.350	0.000	-0.14894773
-0.050	-2.350	0.000	-0.14553833
0.050	-2.350	0.000	-0.14208834
0.150	-2.350	0.000	-0.13816243
0.250	-2.350	0.000	-0.13509105
0.350	-2.350	0.000	-0.13378897
0.450	-2.350	0.000	-0.13307342
0.550	-2.350	0.000	-0.13270341
0.650	-2.350	0.000	-0.13197483
0.750	-2.350	0.000	-0.13079776
0.850	-2.350	0.000	-0.12897141
0.950	-2.350	0.000	-0.12648192
1.050	-2.350	0.000	-0.12423977
1.150	-2.350	0.000	-0.12263467
1.250	-2.350	0.000	-0.12206213
1.350	-2.350	0.000	-0.12223329
1.450	-2.350	0.000	-0.12368003
1.550	-2.350	0.000	-0.12602822
1.650	-2.350	0.000	-0.12823488
1.750	-2.350	0.000	-0.13071615
1.850	-2.350	0.000	-0.13084984
1.950	-2.350	0.000	-0.13128600
2.050	-2.350	0.000	-0.12681015
2.150	-2.350	0.000	-0.12398382
2.250	-2.350	0.000	-0.12248340
2.350	-2.350	0.000	-0.11873880
2.450	-2.350	0.000	-0.11248071
-2.450	-2.250	0.000	-0.17190637
-2.350	-2.250	0.000	-0.16673350
-2.250	-2.250	0.000	-0.16805224
-2.150	-2.250	0.000	-0.16609077
-2.050	-2.250	0.000	-0.16785717
-1.950	-2.250	0.000	-0.16461913
-1.850	-2.250	0.000	-0.16555835
-1.750	-2.250	0.000	-0.16314575
-1.650	-2.250	0.000	-0.16492759
-1.550	-2.250	0.000	-0.16452852
-1.450	-2.250	0.000	-0.16391709
-1.350	-2.250	0.000	-0.16317311
-1.250	-2.250	0.000	-0.16278327
-1.150	-2.250	0.000	-0.16241978
-1.050	-2.250	0.000	-0.16235244
-0.950	-2.250	0.000	-0.16272990
-0.850	-2.250	0.000	-0.16249104
-0.750	-2.250	0.000	-0.16133863
-0.650	-2.250	0.000	-0.15958130
-0.550	-2.250	0.000	-0.15843110
-0.450	-2.250	0.000	-0.15642831
-0.350	-2.250	0.000	-0.15414272
-0.250	-2.250	0.000	-0.15125331
-0.150	-2.250	0.000	-0.14827229
-0.050	-2.250	0.000	-0.14497074
0.050	-2.250	0.000	-0.14160541
0.150	-2.250	0.000	-0.13793990
0.250	-2.250	0.000	-0.13512364
0.350	-2.250	0.000	-0.13349134
0.450	-2.250	0.000	-0.13294071
0.550	-2.250	0.000	-0.13256389
0.650	-2.250	0.000	-0.13179292
0.750	-2.250	0.000	-0.13059965
0.850	-2.250	0.000	-0.12852557
0.950	-2.250	0.000	-0.12593405
1.050	-2.250	0.000	-0.12326685
1.150	-2.250	0.000	-0.12100185
1.250	-2.250	0.000	-0.12004370
1.350	-2.250	0.000	-0.12015611
1.450	-2.250	0.000	-0.12144854
1.550	-2.250	0.000	-0.12381957
1.650	-2.250	0.000	-0.12701933
1.750	-2.250	0.000	-0.13024531
1.850	-2.250	0.000	-0.13121985
1.950	-2.250	0.000	-0.13240357
2.050	-2.250	0.000	-0.12925434
2.150	-2.250	0.000	-0.12623882
2.250	-2.250	0.000	-0.12205195
2.350	-2.250	0.000	-0.11809375
2.450	-2.250	0.000	-0.11337119
-2.450	-2.150	0.000	-0.16984139
-2.350	-2.150	0.000	-0.16405904
-2.250	-2.150	0.000	-0.16494481
-2.150	-2.150	0.000	-0.16382213
-2.050	-2.150	0.000	-0.16547805
-1.950	-2.150	0.000	-0.16339193
-1.850	-2.150	0.000	-0.16377173
-1.750	-2.150	0.000	-0.16138819
-1.650	-2.150	0.000	-0.16303785
-1.550	-2.150	0.000	-0.16325359
-1.450	-2.150	0.000	-0.16276878
-1.350	-2.150	0.000	-0.16184536
-1.250	-2.150	0.000	-0.16117819
-1.150	-2.150	0.000	-0.16080745
-1.050	-2.150	0.000	-0.16044961
-0.950	-2.150	0.000	-0.16065982
-0.850	-2.150	0.000	-0.16045313
-0.750	-2.150	0.000	-0.15969692
-0.650	-2.150	0.000	-0.15807065
-0.550	-2.150	0.000	-0.15712669
-0.450	-2.150	0.000	-0.15526369
-0.350	-2.150	0.000	-0.15298779
-0.250	-2.150	0.000	-0.15017603
-0.150	-2.150	0.000	-0.14713417
-0.050	-2.150	0.000	-0.14366522
0.050	-2.150	0.000	-0.14029047
0.150	-2.150	0.000	-0.13664396
0.250	-2.150	0.000	-0.13373487
0.350	-2.150	0.000	-0.13161939
0.450	-2.150	0.000	-0.13074975
0.550	-2.150	0.000	-0.13016661
0.650	-2.150	0.000	-0.12921499
0.750	-2.150	0.000	-0.12810200
0.850	-2.150	0.000	-0.12601511
0.950	-2.150	0.000	-0.12385610
1.050	-2.150	0.000	-0.12167145
1.150	-2.150	0.000	-0.12006554
1.250	-2.150	0.000	-0.11968797
1.350	-2.150	0.000	-0.12004926
1.450	-2.150	0.000	-0.12117923
1.550	-2.150	0.000	-0.12293661
1.650	-2.150	0.000	-0.12530866
1.750	-2.150	0.000	-0.12841722
1.850	-2.150	0.000	-0.12981306
1.950	-2.150	0.000	-0.13065152
2.050	-2.150	0.000	-0.12830529
2.150	-2.150	0.000	-0.12575467
2.250	-2.150	0.000	-0.12008960
2.350	-2.150	0.000	-0.11604997
2.450	-2.150	0.000	-0.11089745
-2.450	-2.050	0.000	-0.16718581
-2.350	-2.050	0.000	-0.16159998
-2.250	-2.050	0.000	-0.16319332
-2.150	-2.050	0.000	-0.16371962
-2.050	-2.050	0.000	-0.16516891
-1.950	-2.050	0.000	-0.16450988
-1.850	-2.050	0.000	-0.16395691
-1.750	-2.050	0.000	-0.16193920
-1.650	-2.050	0.000	-0.16298547
-1.550	-2.050	0.000	-0.16322003
-1.450	-2.050	0.000	-0.16260771
-1.350	-2.050	0.000	-0.16156644
-1.250	-2.050	0.000	-0.16031693
-1.150	-2.050	0.000	-0.15966399
-1.050	-2.050	0.000	-0.15880096
-0.950	-2.050	0.000	-0.15879655
-0.850	-2.050	0.000	-0.15853311
-0.750	-2.050	0.000	-0.15788972
-0.650	-2.050	0.000	-0.15660886
-0.550	-2.050	0.000	-0.15578471
-0.450	-2.050	0.000	-0.15446162
-0.350	-2.050	0.000	-0.15258312
-0.250	-2.050	0.000	-0.15012963
-0.150	-2.050	0.000	-0.14730680
-0.050	-2.050	0.000	-0.14393789
0.050	-2.050	0.000	-0.14104609
0.150	-2.050	0.000	-0.13786454
0.250	-2.050	0.000	-0.13481082
0.350	-2.050	0.000	-0.13226245
0.450	-2.050	0.000	-0.13088733
0.550	-2.050	0.000	-0.13013268
0.650	-2.050	0.000	-0.12916496
0.750	-2.050	0.000	-0.12798613
0.850	-2.050	0.000	-0.12588315
0.950	-2.050	0.000	-0.12344288
1.050	-2.050	0.000	-0.12050091
1.150	-2.050	0.000	-0.11891168
1.250	-2.050	0.000	-0.11813187
1.350	-2.050	0.000	-0.11767771
1.450	-2.050	0.000	-0.11719036
1.550	-2.050	0.000	-0.11755955
1.650	-2.050	0.000	-0.11812985
1.750	-2.050	0.000	-0.11988746
1.850	-2.050	0.000	-0.12186842
1.950	-2.050	0.000	-0.12383444
2.050	-2.050	0.000	-0.12500507
2.150	-2.050	0.000	-0.12495707
2.250	-2.050	0.000	-0.12017251
2.350	-2.050	0.000	-0.11748650
2.450	-2.050	0.000	-0.11109798
-2.450	-1.950	0.000	-0.16533750
-2.350	-1.950	0.000	-0.16019438
-2.250	-1.950	0.000	-0.16172700
-2.150	-1.950	0.000	-0.16288967
-2.050	-1.950	0.000	-0.16451393
-1.950	-1.950	0.000	-0.16548982
-1.850	-1.950	0.000	-0.16444334
-1.750	-1.950	0.000	-0.16301975
-1.650	-1.950	0.000	-0.16304518
-1.550	-1.950	0.000	-0.16332908
-1.450	-1.950	0.000	-0.16246140
-1.350	-1.950	0.000	-0.16130386
-1.250	-1.950	0.000	-0.15954378
-1.150	-1.950	0.000	-0.15857576
-1.050	-1.950	0.000	-0.15734187
-0.950	-1.950	0.000	-0.15722841
-0.850	-1.950	0.000	-0.15691522
-0.750	-1.950	0.000	-0.15658715
-0.650	-1.950	0.000	-0.15584379
-0.550	-1.950	0.000	-0.15517856
-0.450	-1.950	0.000	-0.15407516
-0.350	-1.950	0.000	-0.15261863
-0.250	-1.950	0.000	-0.15030642
-0.150	-1.950	0.000	-0.14766756
-0.050	-1.950	0.000	-0.14413060
0.050	-1.950	0.000	-0.14132734
0.150	-1.950	0.000	-0.13829888
0.250	-1.950	0.000	-0.13504657
0.350	-1.950	0.000	-0.13190554
0.450	-1.950	0.000	-0.12972467
0.550	-1.950	0.000	-0.12900965
0.650	-1.950	0.000	-0.12875782
0.750	-1.950	0.000	-0.12789479
0.850	-1.950	0.000	-0.12633809
0.950	-1.950	0.000	-0.12362907
1.050	-1.950	0.000	-0.12052601
1.150	-1.950	0.000	-0.11848646
1.250	-1.950	0.000	-0.11727103
1.350	-1.950	0.000	-0.11666364
1.450	-1.950	0.000	-0.11558262
1.550	-1.950	0.000	-0.11456995
1.650	-1.950	0.000	-0.11323355
1.750	-1.950	0.000	-0.11238015
1.850	-1.950	0.000	-0.11259012
1.950	-1.950	0.000	-0.11455113
2.050	-1.950	0.000	-0.11619385
2.150	-1.950	0.000	-0.11938444
2.250	-1.950	0.000	-0.11644252
2.350	-1.950	0.000	-0.11402498
2.450	-1.950	0.000	-0.10785659
-2.450	-1.850	0.000	-0.16344348
-2.350	-1.850	0.000	-0.15884879
-2.250	-1.850	0.000	-0.16058594
-2.150	-1.850	0.000	-0.16220665
-2.050	-1.850	0.000	-0.16395527
-1.950	-1.850	0.000	-0.16593766
-1.850	-1.850	0.000	-0.16459000
-1.750	-1.850	0.000	-0.16368921
-1.650	-1.850	0.000	-0.16283427
-1.550	-1.850	0.000	-0.16275634
-1.450	-1.850	0.000	-0.16144647
-1.350	-1.850	0.000	-0.16045266
-1.250	-1.850	0.000	-0.15851988
-1.150	-1.850	0.000	-0.15724981
-1.050	-1.850	0.000	-0.15577537
-0.950	-1.850	0.000	-0.15552343
-0.850	-1.850	0.000	-0.15523215
-0.750	-1.850	0.000	-0.15518177
-0.650	-1.850	0.000	-0.15467323
-0.550	-1.850	0.000	-0.15426648
-0.450	-1.850	0.000	-0.15319119
-0.350	-1.850	0.000	-0.15194435
-0.250	-1.850	0.000	-0.14978975
-0.150	-1.850	0.000	-0.14789067
-0.050	-1.850	0.000	-0.14462271
0.050	-1.850	0.000	-0.14187531
0.150	-1.850	0.000	-0.13892551
0.250	-1.850	0.000	-0.13593569
0.350	-1.850	0.000	-0.13296999
0.450	-1.850	0.000	-0.13047874
0.550	-1.850	0.000	-0.12909245
0.650	-1.850	0.000	-0.12863854
0.750	-1.850	0.000	-0.12748533
0.850	-1.850	0.000	-0.12589754
0.950	-1.850	0.000	-0.12305789
1.050	-1.850	0.000	-0.11939128
1.150	-1.850	0.000	-0.11606287
1.250	-1.850	0.000	-0.11369742
1.350	-1.850	0.000	-0.11194862
1.450	-1.850	0.000	-0.10992870
1.550	-1.850	0.000	-0.10846524
1.650	-1.850	0.000	-0.10688860
1.750	-1.850	0.000	-0.10561339
1.850	-1.850	0.000	-0.10454336
1.950	-1.850	0.000	-0.10636573
2.050	-1.850	0.000	-0.10690445
2.150	-1.850	0.000	-0.11228033
2.250	-1.850	0.000	-0.11239004
2.350	-1.850	0.000	-0.11169127
2.450	-1.850	0.000	-0.10657141
-2.450	-1.750	0.000	-0.16160794
-2.350	-1.750	0.000	-0.15792854
-2.250	-1.750	0.000	-0.15978256
-2.150	-1.750	0.000	-0.16132654
-2.050	-1.750	0.000	-0.16293992
-1.950	-1.750	0.000	-0.16528863
-1.850	-1.750	0.000	-0.16375905
-1.750	-1.750	0.000	-0.16316448
-1.650	-1.750	0.000	-0.16162387
-1.550	-1.750	0.000	-0.16106583
-1.450	-1.750	0.000	-0.15946516
-1.350	-1.750	0.000	-0.15846063
-1.250	-1.750	0.000	-0.15645409
-1.150	-1.750	0.000	-0.15498385
-1.050	-1.750	0.000	-0.15323700
-0.950	-1.750	0.000	-0.15290737
-0.850	-1.750	0.000	-0.15270522
-0.750	-1.750	0.000	-0.15282443
-0.650	-1.750	0.000	-0.15225740
-0.550	-1.750	0.000	-0.15183194
-0.450	-1.750	0.000	-0.15107197
-0.350	-1.750	0.000	-0.14997803
-0.250	-1.750	0.000	-0.14819616
-0.150	-1.750	0.000	-0.14665966
-0.050	-1.750	0.000	-0.14402859
0.050	-1.750	0.000	-0.14153299
0.150	-1.750	0.000	-0.13883553
0.250	-1.750	0.000	-0.13627324
0.350	-1.750	0.000	-0.13370962
0.450	-1.750	0.000	-0.13135795
0.550	-1.750	0.000	-0.12951368
0.650	-1.750	0.000	-0.12843752
0.750	-1.750	0.000	-0.12673306
0.850	-1.750	0.000	-0.12442037
0.950	-1.750	0.000	-0.12140579
1.050	-1.750	0.000	-0.11774296
1.150	-1.750	0.000	-0.11404340
1.250	-1.750	0.000	-0.11084136
1.350	-1.750	0.000	-0.10793570
1.450	-1.750	0.000	-0.10492094
1.550	-1.750	0.000	-0.10264927
1.650	-1.750	0.000	-0.10074116
1.750	-1.750	0.000	-0.09977452
1.850	-1.750	0.000	-0.09754067
1.950	-1.750	0.000	-0.09938890
2.050	-1.750	0.000	-0.09853744
2.150	-1.750	0.000	-0.10199997
2.250	-1.750	0.000	-0.10363395
2.350	-1.750	0.000	-0.10487421
2.450	-1.750	0.000	-0.10253210
-2.450	-1.650	0.000	-0.15980224
-2.350	-1.650	0.000	-0.15660504
-2.250	-1.650	0.000	-0.15850104
-2.150	-1.650	0.000	-0.16020064
-2.050	-1.650	0.000	-0.16132583
-1.950	-1.650	0.000	-0.16403766
-1.850	-1.650	0.000	-0.16209102
-1.750	-1.650	0.000	-0.16161218
-1.650	-1.650	0.000	-0.15936883
-1.550	-1.650	0.000	-0.15838212
-1.450	-1.650	0.000	-0.15655020
-1.350	-1.650	0.000	-0.15549941
-1.250	-1.650	0.000	-0.15348384
-1.150	-1.650	0.000	-0.15190442
-1.050	-1.650	0.000	-0.14987056
-0.950	-1.650	0.000	-0.14936449
-0.850	-1.650	0.000	-0.14904664
-0.750	-1.650	0.000	-0.14909485
-0.650	-1.650	0.000	-0.14845526
-0.550	-1.650	0.000	-0.14813900
-0.450	-1.650	0.000	-0.14796750
-0.350	-1.650	0.000	-0.14745943
-0.250	-1.650	0.000	-0.14637040
-0.150	-1.650	0.000	-0.14511095
-0.050	-1.650	0.000	-0.14319637
0.050	-1.650	0.000	-0.14111780
0.150	-1.650	0.000	-0.13891131
0.250	-1.650	0.000	-0.13695458
0.350	-1.650	0.000	-0.13470185
0.450	-1.650	0.000	-0.13237146
0.550	-1.650	0.000	-0.12984556
0.650	-1.650	0.000	-0.12746090
0.750	-1.650	0.000	-0.12475853
0.850	-1.650	0.000	-0.12174586
0.950	-1.650	0.000	-0.11809462
1.050	-1.650	0.000	-0.11420412
1.150	-1.650	0.000	-0.11056553
1.250	-1.650	0.000	-0.10744193
1.350	-1.650	0.000	-0.10435061
1.450	-1.650	0.000	-0.10133592
1.550	-1.650	0.000	-0.09870060
1.650	-1.650	0.000	-0.09637630
1.750	-1.650	0.000	-0.09551670
1.850	-1.650	0.000	-0.09314446
1.950	-1.650	0.000	-0.09461639
2.050	-1.650	0.000	-0.09488899
2.150	-1.650	0.000	-0.09653293
2.250	-1.650	0.000	-0.09709801
2.350	-1.650	0.000	-0.09916572
2.450	-1.650	0.000	-0.09892941
-2.450	-1.550	0.000	-0.15773867
-2.350	-1.550	0.000	-0.15496270
-2.250	-1.550	0.000	-0.15692173
-2.150	-1.550	0.000	-0.15890385
-2.050	-1.550	0.000	-0.15890428
-1.950	-1.550	0.000	-0.16161890
-1.850	-1.550	0.000	-0.15885609
-1.750	-1.550	0.000	-0.15843585
-1.650	-1.550	0.000	-0.15549806
-1.550	-1.550	0.000	-0.15411022
-1.450	-1.550	0.000	-0.15197639
-1.350	-1.550	0.000	-0.15067305
-1.250	-1.550	0.000	-0.14866799
-1.150	-1.550	0.000	-0.14704071
-1.050	-1.550	0.000	-0.14502330
-0.950	-1.550	0.000	-0.14439221
-0.850	-1.550	0.000	-0.14387420
-0.750	-1.550	0.000	-0.14365721
-0.650	-1.550	0.000	-0.14291731
-0.550	-1.550	0.000	-0.14261661
-0.450	-1.550	0.000	-0.14255486
-0.350	-1.550	0.000	-0.14231011
-0.250	-1.550	0.000	-0.14191389
-0.150	-1.550	0.000	-0.14138927
-0.050	-1.550	0.000	-0.14063604
0.050	-1.550	0.000	-0.13960505
0.150	-1.550	0.000	-0.13843624
0.250	-1.550	0.000	-0.13731645
0.350	-1.550	0.000	-0.13553585
0.450	-1.550	0.000	-0.13339940
0.550	-1.550	0.000	-0.13060363
0.650	-1.550	0.000	-0.12713690
0.750	-1.550	0.000	-0.12332782
0.850	-1.550	0.000	-0.11969075
0.950	-1.550	0.000	-0.11530777
1.050	-1.550	0.000	-0.11108245
1.150	-1.550	0.000	-0.10749619
1.250	-1.550	0.000	-0.10480900
1.350	-1.550	0.000	-0.10205761
1.450	-1.550	0.000	-0.09942594
1.550	-1.550	0.000	-0.09691417
1.650	-1.550	0.000	-0.09430160
1.750	-1.550	0.000	-0.09252169
1.850	-1.550	0.000	-0.08909858
1.950	-1.550	0.000	-0.08891775
2.050	-1.550	0.000	-0.08893999
2.150	-1.550	0.000	-0.08941028
2.250	-1.550	0.000	-0.08868536
2.350	-1.550	0.000	-0.09028718
2.450	-1.550	0.000	-0.09013800
-2.450	-1.450	0.000	-0.15598361
-2.350	-1.450	0.000	-0.15347680
-2.250	-1.450	0.000	-0.15506698
-2.150	-1.450	0.000	-0.15703042
-2.050	-1.450	0.000	-0.15633374
-1.950	-1.450	0.000	-0.15901990
-1.850	-1.450	0.000	-0.15567848
-1.750	-1.450	0.000	-0.15546215
-1.650	-1.450	0.000	-0.15178242
-1.550	-1.450	0.000	-0.15040693
-1.450	-1.450	0.000	-0.14794135
-1.350	-1.450	0.000	-0.14621478
-1.250	-1.450	0.000	-0.14406163
-1.150	-1.450	0.000	-0.14245491
-1.050	-1.450	0.000	-0.14054590
-0.950	-1.450	0.000	-0.13978793
-0.850	-1.450	0.000	-0.13909213
-0.750	-1.450	0.000	-0.13870612
-0.650	-1.450	0.000	-0.13800986
-0.550	-1.450	0.000	-0.13767716
-0.450	-1.450	0.000	-0.13762520
-0.350	-1.450	0.000	-0.13735491
-0.250	-1.450	0.000	-0.13735797
-0.150	-1.450	0.000	-0.13735390
-0.050	-1.450	0.000	-0.13752338
0.050	-1.450	0.000	-0.13766199
0.150	-1.450	0.000	-0.13772978
0.250	-1.450	0.000	-0.13738532
0.350	-1.450	0.000	-0.13615820
0.450	-1.450	0.000	-0.13427824
0.550	-1.450	0.000	-0.13129634
0.650	-1.450	0.000	-0.12713359
0.750	-1.450	0.000	-0.12270710
0.850	-1.450	0.000	-0.11845143
0.950	-1.450	0.000	-0.11407432
1.050	-1.450	0.000	-0.11006129
1.150	-1.450	0.000	-0.10642875
1.250	-1.450	0.000	-0.10339250
1.350	-1.450	0.000	-0.10035333
1.450	-1.450	0.000	-0.09741386
1.550	-1.450	0.000	-0.09483220
1.650	-1.450	0.000	-0.09254410
1.750	-1.450	0.000	-0.09090269
1.850	-1.450	0.000	-0.08746555
1.950	-1.450	0.000	-0.08651903
2.050	-1.450	0.000	-0.08472209
2.150	-1.450	0.000	-0.08351020
2.250	-1.450	0.000	-0.08201405
2.350	-1.450	0.000	-0.08193191
2.450	-1.450	0.000	-0.08247771
-2.450	-1.350	0.000	-0.15467092
-2.350	-1.350	0.000	-0.15222915
-2.250	-1.350	0.000	-0.15335143
-2.150	-1.350	0.000	-0.15512371
-2.050	-1.350	0.000	-0.15447687
-1.950	-1.350	0.000	-0.15640801
-1.850	-1.350	0.000	-0.15264802
-1.750	-1.350	0.000	-0.15199503
-1.650	-1.350	0.000	-0.14765146
-1.550	-1.350	0.000	-0.14623518
-1.450	-1.350	0.000	-0.14315662
-1.350	-1.350	0.000	-0.14111635
-1.250	-1.350	0.000	-0.13892291
-1.150	-1.350	0.000	-0.13741750
-1.050	-1.350	0.000	-0.13580692
-0.950	-1.350	0.000	-0.13513920
-0.850	-1.350	0.000	-0.13428393
-0.750	-1.350	0.000	-0.13363124
-0.650	-1.350	0.000	-0.13283879
-0.550	-1.350	0.000	-0.13231595
-0.450	-1.350	0.000	-0.13208507
-0.350	-1.350	0.000	-0.13174702
-0.250	-1.350	0.000	-0.13203742
-0.150	-1.350	0.000	-0.13244444
-0.050	-1.350	0.000	-0.13345258
0.050	-1.350	0.000	-0.13474029
0.150	-1.350	0.000	-0.13576095
0.250	-1.350	0.000	-0.13616215
0.350	-1.350	0.000	-0.13569969
0.450	-1.350	0.000	-0.13441601
0.550	-1.350	0.000	-0.13161430
0.650	-1.350	0.000	-0.12747405
0.750	-1.350	0.000	-0.12332524
0.850	-1.350	0.000	-0.11911620
0.950	-1.350	0.000	-0.11508535
1.050	-1.350	0.000	-0.11119004
1.150	-1.350	0.000	-0.10712603
1.250	-1.350	0.000	-0.10357782
1.350	-1.350	0.000	-0.09966479
1.450	-1.350	0.000	-0.09570955
1.550	-1.350	0.000	-0.09200234
1.650	-1.350	0.000	-0.08897971
1.750	-1.350	0.000	-0.08710433
1.850	-1.350	0.000	-0.08443863
1.950	-1.350	0.000	-0.08279432
2.050	-1.350	0.000	-0.08010674
2.150	-1.350	0.000	-0.07805268
2.250	-1.350	0.000	-0.07511849
2.350	-1.350	0.000	-0.07285962
2.450	-1.350	0.000	-0.07261220
-2.450	-1.250	0.000	-0.15567081
-2.350	-1.250	0.000	-0.15256980
-2.250	-1.250	0.000	-0.15286125
-2.150	-1.250	0.000	-0.15434402
-2.050	-1.250	0.000	-0.15397175
-1.950	-1.250	0.000	-0.15475743
-1.850	-1.250	0.000	-0.15093158
-1.750	-1.250	0.000	-0.14938012
-1.650	-1.250	0.000	-0.14497197
-1.550	-1.250	0.000	-0.14331619
-1.450	-1.250	0.000	-0.13969308
-1.350	-1.250	0.000	-0.13751690
-1.250	-1.250	0.000	-0.13536513
-1.150	-1.250	0.000	-0.13396297
-1.050	-1.250	0.000	-0.13259041
-0.950	-1.250	0.000	-0.13198401
-0.850	-1.250	0.000	-0.13098168
-0.750	-1.250	0.000	-0.13005120
-0.650	-1.250	0.000	-0.12900954
-0.550	-1.250	0.000	-0.12811042
-0.450	-1.250	0.000	-0.12740342
-0.350	-1.250	0.000	-0.12677912
-0.250	-1.250	0.000	-0.12697484
-0.150	-1.250	0.000	-0.12733571
-0.050	-1.250	0.000	-0.12885737
0.050	-1.250	0.000	-0.13088694
0.150	-1.250	0.000	-0.13277937
0.250	-1.250	0.000	-0.13377994
0.350	-1.250	0.000	-0.13358998
0.450	-1.250	0.000	-0.13263692
0.550	-1.250	0.000	-0.13034171
0.650	-1.250	0.000	-0.12715137
0.750	-1.250	0.000	-0.12337349
0.850	-1.250	0.000	-0.11968352
0.950	-1.250	0.000	-0.11600976
1.050	-1.250	0.000	-0.11218326
1.150	-1.250	0.000	-0.10771734
1.250	-1.250	0.000	-0.10366753
1.350	-1.250	0.000	-0.09901516
1.450	-1.250	0.000	-0.09445398
1.550	-1.250	0.000	-0.09003744
1.650	-1.250	0.000	-0.08622592
1.750	-1.250	0.000	-0.08353649
1.850	-1.250	0.000	-0.08057962
1.950	-1.250	0.000	-0.07831601
2.050	-1.250	0.000	-0.07535949
2.150	-1.250	0.000	-0.07272318
2.250	-1.250	0.000	-0.06956340
2.350	-1.250	0.000	-0.06628433
2.450	-1.250	0.000	-0.06648071
-2.450	-1.150	0.000	-0.15835673
-2.350	-1.150	0.000	-0.15427260
-2.250	-1.150	0.000	-0.15395603
-2.150	-1.150	0.000	-0.15469860
-2.050	-1.150	0.000	-0.15437756
-1.950	-1.150	0.000	-0.15376340
-1.850	-1.150	0.000	-0.15018585
-1.750	-1.150	0.000	-0.14750193
-1.650	-1.150	0.000	-0.14346439
-1.550	-1.150	0.000	-0.14116246
-1.450	-1.150	0.000	-0.13696395
-1.350	-1.150	0.000	-0.13484722
-1.250	-1.150	0.000	-0.13285872
-1.150	-1.150	0.000	-0.13154842
-1.050	-1.150	0.000	-0.13026500
-0.950	-1.150	0.000	-0.12971382
-0.850	-1.150	0.000	-0.12867253
-0.750	-1.150	0.000	-0.12736960
-0.650	-1.150	0.000	-0.12593190
-0.550	-1.150	0.000	-0.12451314
-0.450	-1.150	0.000	-0.12302555
-0.350	-1.150	0.000	-0.12188057
-0.250	-1.150	0.000	-0.12137838
-0.150	-1.150	0.000	-0.12154386
-0.050	-1.150	0.000	-0.12322495
0.050	-1.150	0.000	-0.12546171
0.150	-1.150	0.000	-0.12758434
0.250	-1.150	0.000	-0.12880962
0.350	-1.150	0.000	-0.12941781
0.450	-1.150	0.000	-0.12901238
0.550	-1.150	0.000	-0.12722909
0.650	-1.150	0.000	-0.12452106
0.750	-1.150	0.000	-0.12113720
0.850	-1.150	0.000	-0.11825630
0.950	-1.150	0.000	-0.11516225
1.050	-1.150	0.000	-0.11169813
1.150	-1.150	0.000	-0.10711557
1.250	-1.150	0.000	-0.10213876
1.350	-1.150	0.000	-0.09647564
1.450	-1.150	0.000	-0.09100614
1.550	-1.150	0.000	-0.08616570
1.650	-1.150	0.000	-0.08187419
1.750	-1.150	0.000	-0.07859632
1.850	-1.150	0.000	-0.07553056
1.950	-1.150	0.000	-0.07268703
2.050	-1.150	0.000	-0.07001832
2.150	-1.150	0.000	-0.06722142
2.250	-1.150	0.000	-0.06426631
2.350	-1.150	0.000	-0.06116041
2.450	-1.150	0.000	-0.06212105
-2.450	-1.050	0.000	-0.16019098
-2.350	-1.050	0.000	-0.15505946
-2.250	-1.050	0.000	-0.15459938
-2.150	-1.050	0.000	-0.15477131
-2.050	-1.050	0.000	-0.15477383
-1.950	-1.050	0.000	-0.15250115
-1.850	-1.050	0.000	-0.14947608
-1.750	-1.050	0.000	-0.14570707
-1.650	-1.050	0.000	-0.14275248
-1.550	-1.050	0.000	-0.13918345
-1.450	-1.050	0.000	-0.13508259
-1.350	-1.050	0.000	-0.13326754
-1.250	-1.050	0.000	-0.13161887
-1.150	-1.050	0.000	-0.13043953
-1.050	-1.050	0.000	-0.12917335
-0.950	-1.050	0.000	-0.12865578
-0.850	-1.050	0.000	-0.12764528
-0.750	-1.050	0.000	-0.12596704
-0.650	-1.050	0.000	-0.12387906
-0.550	-1.050	0.000	-0.12184530
-0.450	-1.050	0.000	-0.11937238
-0.350	-1.050	0.000	-0.11756017
-0.250	-1.050	0.000	-0.11568586
-0.150	-1.050	0.000	-0.11558907
-0.050	-1.050	0.000	-0.11686415
0.050	-1.050	0.000	-0.11880091
0.150	-1.050	0.000	-0.12059909
0.250	-1.050	0.000	-0.12150604
0.350	-1.050	0.000	-0.12173797
0.450	-1.050	0.000	-0.12140305
0.550	-1.050	0.000	-0.12022974
0.650	-1.050	0.000	-0.11856028
0.750	-1.050	0.000	-0.11648768
0.850	-1.050	0.000	-0.11507128
0.950	-1.050	0.000	-0.11336799
1.050	-1.050	0.000	-0.11044527
1.150	-1.050	0.000	-0.10599948
1.250	-1.050	0.000	-0.10072736
1.350	-1.050	0.000	-0.09430694
1.450	-1.050	0.000	-0.08808056
1.550	-1.050	0.000	-0.08266795
1.650	-1.050	0.000	-0.07793424
1.750	-1.050	0.000	-0.07425153
1.850	-1.050	0.000	-0.07114899
1.950	-1.050	0.000	-0.06826217
2.050	-1.050	0.000	-0.06636787
2.150	-1.050	0.000	-0.06387561
2.250	-1.050	0.000	-0.06159098
2.350	-1.050	0.000	-0.05947535
2.450	-1.050	0.000	-0.06041821
-2.450	-0.950	0.000	-0.16134007
-2.350	-0.950	0.000	-0.15467200
-2.250	-0.950	0.000	-0.15398856
-2.150	-0.950	0.000	-0.15287401
-2.050	-0.950	0.000	-0.15271519
-1.950	-0.950	0.000	-0.14965144
-1.850	-0.950	0.000	-0.14698987
-1.750	-0.950	0.000	-0.14285381
-1.650	-0.950	0.000	-0.14022286
-1.550	-0.950	0.000	-0.13595545
-1.450	-0.950	0.000	-0.13254718
-1.350	-0.950	0.000	-0.13099137
-1.250	-0.950	0.000	-0.12980381
-1.150	-0.950	0.000	-0.12899128
-1.050	-0.950	0.000	-0.12791422
-0.950	-0.950	0.000	-0.12740055
-0.850	-0.950	0.000	-0.12634358
-0.750	-0.950	0.000	-0.12432656
-0.650	-0.950	0.000	-0.12168371
-0.550	-0.950	0.000	-0.11907602
-0.450	-0.950	0.000	-0.11565965
-0.350	-0.950	0.000	-0.11304329
-0.250	-0.950	0.000	-0.10997827
-0.150	-0.950	0.000	-0.10913928
-0.050	-0.950	0.000	-0.10975845
0.050	-0.950	0.000	-0.11088252
0.150	-0.950	0.000	-0.11216762
0.250	-0.950	0.000	-0.11250186
0.350	-0.950	0.000	-0.11236842
0.450	-0.950	0.000	-0.11174423
0.550	-0.950	0.000	-0.11040884
0.650	-0.950	0.000	-0.10880626
0.750	-0.950	0.000	-0.10725404
0.850	-0.950	0.000	-0.10640385
0.950	-0.950	0.000	-0.10552586
1.050	-0.950	0.000	-0.10352311
1.150	-0.950	0.000	-0.09995241
1.250	-0.950	0.000	-0.09557140
1.350	-0.950	0.000	-0.08997746
1.450	-0.950	0.000	-0.08436391
1.550	-0.950	0.000	-0.07922724
1.650	-0.950	0.000	-0.07462677
1.750	-0.950	0.000	-0.07087521
1.850	-0.950	0.000	-0.06794705
1.950	-0.950	0.000	-0.06526697
2.050	-0.950	0.000	-0.06396387
2.150	-0.950	0.000	-0.06154829
2.250	-0.950	0.000	-0.05985389
2.350	-0.950	0.000	-0.05860376
2.450	-0.950	0.000	-0.05961836
-2.450	-0.850	0.000	-0.15986444
-2.350	-0.850	0.000	-0.15153651
-2.250	-0.850	0.000	-0.15026478
-2.150	-0.850	0.000	-0.14853762
-2.050	-0.850	0.000	-0.14794068
-1.950	-0.850	0.000	-0.14533255
-1.850	-0.850	0.000	-0.14203288
-1.750	-0.850	0.000	-0.13833672
-1.650	-0.850	0.000	-0.13489570
-1.550	-0.850	0.000	-0.13137887
-1.450	-0.850	0.000	-0.12823467
-1.350	-0.850	0.000	-0.12706333
-1.250	-0.850	0.000	-0.12635337
-1.150	-0.850	0.000	-0.12592222
-1.050	-0.850	0.000	-0.12520862
-0.950	-0.850	0.000	-0.12463041
-0.850	-0.850	0.000	-0.12344700
-0.750	-0.850	0.000	-0.12116244
-0.650	-0.850	0.000	-0.11819429
-0.550	-0.850	0.000	-0.11499060
-0.450	-0.850	0.000	-0.11122289
-0.350	-0.850	0.000	-0.10747263
-0.250	-0.850	0.000	-0.10417689
-0.150	-0.850	0.000	-0.10231033
-0.050	-0.850	0.000	-0.10196768
0.050	-0.850	0.000	-0.10246712
0.150	-0.850	0.000	-0.10315415
0.250	-0.850	0.000	-0.10271481
0.350	-0.850	0.000	-0.10222065
0.450	-0.850	0.000	-0.10118056
0.550	-0.850	0.000	-0.09959123
0.650	-0.850	0.000	-0.09809243
0.750	-0.850	0.000	-0.09671913
0.850	-0.850	0.000	-0.09630004
0.950	-0.850	0.000	-0.09611073
1.050	-0.850	0.000	-0.09530058
1.150	-0.850	0.000	-0.09297155
1.250	-0.850	0.000	-0.08946313
1.350	-0.850	0.000	-0.08485029
1.450	-0.850	0.000	-0.08007972
1.550	-0.850	0.000	-0.07566943
1.650	-0.850	0.000	-0.07165421
1.750	-0.850	0.000	-0.06823657
1.850	-0.850	0.000	-0.06577794
1.950	-0.850	0.000	-0.06360009
2.050	-0.850	0.000	-0.06278500
2.150	-0.850	0.000	-0.06063902
2.250	-0.850	0.000	-0.05981245
2.350	-0.850	0.000	-0.05905088
2.450	-0.850	0.000	-0.05954511
-2.450	-0.750	0.000	-0.15583809
-2.350	-0.750	0.000	-0.14721647
-2.250	-0.750	0.000	-0.14522301
-2.150	-0.750	0.000	-0.14300232
-2.050	-0.750	0.000	-0.14195231
-1.950	-0.750	0.000	-0.13937929
-1.850	-0.750	0.000	-0.13500771
-1.750	-0.750	0.000	-0.13157059
-1.650	-0.750	0.000	-0.12745887
-1.550	-0.750	0.000	-0.12436877
-1.450	-0.750	0.000	-0.12140803
-1.350	-0.750	0.000	-0.12072652
-1.250	-0.750	0.000	-0.12040690
-1.150	-0.750	0.000	-0.12008829
-1.050	-0.750	0.000	-0.11971288
-0.950	-0.750	0.000	-0.11903332
-0.850	-0.750	0.000	-0.11770668
-0.750	-0.750	0.000	-0.11527532
-0.650	-0.750	0.000	-0.11228774
-0.550	-0.750	0.000	-0.10880839
-0.450	-0.750	0.000	-0.10536162
-0.350	-0.750	0.000	-0.10094919
-0.250	-0.750	0.000	-0.09765533
-0.150	-0.750	0.000	-0.09530245
-0.050	-0.750	0.000	-0.09408967
0.050	-0.750	0.000	-0.09402562
0.150	-0.750	0.000	-0.09410644
0.250	-0.750	0.000	-0.09317409
0.350	-0.750	0.000	-0.09262908
0.450	-0.750	0.000	-0.09107204
0.550	-0.750	0.000	-0.08905040
0.650	-0.750	0.000	-0.08728711
0.750	-0.750	0.000	-0.08567598
0.850	-0.750	0.000	-0.08488416
0.950	-0.750	0.000	-0.08483664
1.050	-0.750	0.000	-0.08476633
1.150	-0.750	0.000	-0.08360500
1.250	-0.750	0.000	-0.08140799
1.350	-0.750	0.000	-0.07807269
1.450	-0.750	0.000	-0.07426247
1.550	-0.750	0.000	-0.07052153
1.650	-0.750	0.000	-0.06727429
1.750	-0.750	0.000	-0.06451897
1.850	-0.750	0.000	-0.06245952
1.950	-0.750	0.000	-0.06050111
2.050	-0.750	0.000	-0.05991331
2.150	-0.750	0.000	-0.05842964
2.250	-0.750	0.000	-0.05888837
2.350	-0.750	0.000	-0.05871495
2.450	-0.750	0.000	-0.05864984
-2.450	-0.650	0.000	-0.15170500
-2.350	-0.650	0.000	-0.14247540
-2.250	-0.650	0.000	-0.13965458
-2.150	-0.650	0.000	-0.13615191
-2.050	-0.650	0.000	-0.13455173
-1.950	-0.650	0.000	-0.13168257
-1.850	-0.650	0.000	-0.12683281
-1.750	-0.650	0.000	-0.12280639
-1.650	-0.650	0.000	-0.11846147
-1.550	-0.650	0.000	-0.11518100
-1.450	-0.650	0.000	-0.11275645
-1.350	-0.650	0.000	-0.11224116
-1.250	-0.650	0.000	-0.11204836
-1.150	-0.650	0.000	-0.11162804
-1.050	-0.650	0.000	-0.11126857
-0.950	-0.650	0.000	-0.11033950
-0.850	-0.650	0.000	-0.10877987
-0.750	-0.650	0.000	-0.10638773
-0.650	-0.650	0.000	-0.10374280
-0.550	-0.650	0.000	-0.10049237
-0.450	-0.650	0.000	-0.09758756
-0.350	-0.650	0.000	-0.09346950
-0.250	-0.650	0.000	-0.09023584
-0.150	-0.650	0.000	-0.08793963
-0.050	-0.650	0.000	-0.08651942
0.050	-0.650	0.000	-0.08610140
0.150	-0.650	0.000	-0.08589169
0.250	-0.650	0.000	-0.08491697
0.350	-0.650	0.000	-0.08405463
0.450	-0.650	0.000	-0.08215791
0.550	-0.650	0.000	-0.07975399
0.650	-0.650	0.000	-0.07774167
0.750	-0.650	0.000	-0.07597781
0.850	-0.650	0.000	-0.07493073
0.950	-0.650	0.000	-0.07477225
1.050	-0.650	0.000	-0.07484899
1.150	-0.650	0.000	-0.07438700
1.250	-0.650	0.000	-0.07313502
1.350	-0.650	0.000	-0.07100932
1.450	-0.650	0.000	-0.06831011
1.550	-0.650	0.000	-0.06539536
1.650	-0.650	0.000	-0.06303629
1.750	-0.650	0.000	-0.06105972
1.850	-0.650	0.000	-0.05976750
1.950	-0.650	0.000	-0.05785626
2.050	-0.650	0.000	-0.05756640
2.150	-0.650	0.000	-0.05608142
2.250	-0.650	0.000	-0.05700777
2.350	-0.650	0.000	-0.05725889
2.450	-0.650	0.000	-0.05706784
-2.450	-0.550	0.000	-0.14677480
-2.350	-0.550	0.000	-0.13676885
-2.250	-0.550	0.000	-0.13339420
-2.150	-0.550	0.000	-0.12872416
-2.050	-0.550	0.000	-0.12658572
-1.950	-0.550	0.000	-0.12320481
-1.850	-0.550	0.000	-0.11772677
-1.750	-0.550	0.000	-0.11250252
-1.650	-0.550	0.000	-0.10805201
-1.550	-0.550	0.000	-0.10491433
-1.450	-0.550	0.000	-0.10324893
-1.350	-0.550	0.000	-0.10232605
-1.250	-0.550	0.000	-0.10197717
-1.150	-0.550	0.000	-0.10127680
-1.050	-0.550	0.000	-0.10054237
-0.950	-0.550	0.000	-0.09923870
-0.850	-0.550	0.000	-0.09753603
-0.750	-0.550	0.000	-0.09545893
-0.650	-0.550	0.000	-0.09341044
-0.550	-0.550	0.000	-0.09087628
-0.450	-0.550	0.000	-0.08853583
-0.350	-0.550	0.000	-0.08514889
-0.250	-0.550	0.000	-0.08246620
-0.150	-0.550	0.000	-0.08059484
-0.050	-0.550	0.000	-0.07958557
0.050	-0.550	0.000	-0.07921762
0.150	-0.550	0.000	-0.07896326
0.250	-0.550	0.000	-0.07805870
0.350	-0.550	0.000	-0.07680799
0.450	-0.550	0.000	-0.07459656
0.550	-0.550	0.000	-0.07184058
0.650	-0.550	0.000	-0.06947358
0.750	-0.550	0.000	-0.06753724
0.850	-0.550	0.000	-0.06640238
0.950	-0.550	0.000	-0.06607576
1.050	-0.550	0.000	-0.06605140
1.150	-0.550	0.000	-0.06566316
1.250	-0.550	0.000	-0.06448306
1.350	-0.550	0.000	-0.06278974
1.450	-0.550	0.000	-0.06057354
1.550	-0.550	0.000	-0.05807030
1.650	-0.550	0.000	-0.05613774
1.750	-0.550	0.000	-0.05460876
1.850	-0.550	0.000	-0.05391485
1.950	-0.550	0.000	-0.05253486
2.050	-0.550	0.000	-0.05276546
2.150	-0.550	0.000	-0.05178564
2.250	-0.550	0.000	-0.05334682
2.350	-0.550	0.000	-0.05344503
2.450	-0.550	0.000	-0.05385359
-2.450	-0.450	0.000	-0.14049225
-2.350	-0.450	0.000	-0.12984516
-2.250	-0.450	0.000	-0.12599753
-2.150	-0.450	0.000	-0.12036168
-2.050	-0.450	0.000	-0.11751167
-1.950	-0.450	0.000	-0.11345828
-1.850	-0.450	0.000	-0.10752628
-1.750	-0.450	0.000	-0.10080039
-1.650	-0.450	0.000	-0.09665151
-1.550	-0.450	0.000	-0.09365473
-1.450	-0.450	0.000	-0.09272262
-1.350	-0.450	0.000	-0.09166078
-1.250	-0.450	0.000	-0.09096263
-1.150	-0.450	0.000	-0.08992522
-1.050	-0.450	0.000	-0.08863247
-0.950	-0.450	0.000	-0.08693574
-0.850	-0.450	0.000	-0.08521633
-0.750	-0.450	0.000	-0.08369952
-0.650	-0.450	0.000	-0.08233892
-0.550	-0.450	0.000	-0.08069129
-0.450	-0.450	0.000	-0.07894520
-0.350	-0.450	0.000	-0.07663295
-0.250	-0.450	0.000	-0.07485338
-0.150	-0.450	0.000	-0.07369420
-0.050	-0.450	0.000	-0.07347536
0.050	-0.450	0.000	-0.07330517
0.150	-0.450	0.000	-0.07322687
0.250	-0.450	0.000	-0.07253861
0.350	-0.450	0.000	-0.07101701
0.450	-0.450	0.000	-0.06865569
0.550	-0.450	0.000	-0.06572271
0.650	-0.450	0.000	-0.06322014
0.750	-0.450	0.000	-0.06107608
0.850	-0.450	0.000	-0.05992595
0.950	-0.450	0.000	-0.05968594
1.050	-0.450	0.000	-0.05964924
1.150	-0.450	0.000	-0.05940942
1.250	-0.450	0.000	-0.05815144
1.350	-0.450	0.000	-0.05656789
1.450	-0.450	0.000	-0.05447542
1.550	-0.450	0.000	-0.05215089
1.650	-0.450	0.000	-0.05043688
1.750	-0.450	0.000	-0.04914673
1.850	-0.450	0.000	-0.04889788
1.950	-0.450	0.000	-0.04821498
2.050	-0.450	0.000	-0.04870738
2.150	-0.450	0.000	-0.04868900
2.250	-0.450	0.000	-0.05073479
2.350	-0.450	0.000	-0.05028285
2.450	-0.450	0.000	-0.05126379
-2.450	-0.350	0.000	-0.13353580
-2.350	-0.350	0.000	-0.12254259
-2.250	-0.350	0.000	-0.11778620
-2.150	-0.350	0.000	-0.11148513
-2.050	-0.350	0.000	-0.10737665
-1.950	-0.350	0.000	-0.10240216
-1.850	-0.350	0.000	-0.09593143
-1.750	-0.350	0.000	-0.08794441
-1.650	-0.350	0.000	-0.08445860
-1.550	-0.350	0.000	-0.08201841
-1.450	-0.350	0.000	-0.08159398
-1.350	-0.350	0.000	-0.08084422
-1.250	-0.350	0.000	-0.07979845
-1.150	-0.350	0.000	-0.07854884
-1.050	-0.350	0.000	-0.07681406
-0.950	-0.350	0.000	-0.07487436
-0.850	-0.350	0.000	-0.07326499
-0.750	-0.350	0.000	-0.07226355
-0.650	-0.350	0.000	-0.07153230
-0.550	-0.350	0.000	-0.07068402
-0.450	-0.350	0.000	-0.06957451
-0.350	-0.350	0.000	-0.06827582
-0.250	-0.350	0.000	-0.06737219
-0.150	-0.350	0.000	-0.06698383
-0.050	-0.350	0.000	-0.06726135
0.050	-0.350	0.000	-0.06745213
0.150	-0.350	0.000	-0.06756430
0.250	-0.350	0.000	-0.06712200
0.350	-0.350	0.000	-0.06561952
0.450	-0.350	0.000	-0.06341495
0.550	-0.350	0.000	-0.06062592
0.650	-0.350	0.000	-0.05818129
0.750	-0.350	0.000	-0.05610410
0.850	-0.350	0.000	-0.05482805
0.950	-0.350	0.000	-0.05416660
1.050	-0.350	0.000	-0.05401340
1.150	-0.350	0.000	-0.05359909
1.250	-0.350	0.000	-0.05251082
1.350	-0.350	0.000	-0.05115988
1.450	-0.350	0.000	-0.04916588
1.550	-0.350	0.000	-0.04665636
1.650	-0.350	0.000	-0.04452723
1.750	-0.350	0.000	-0.04268418
1.850	-0.350	0.000	-0.04219059
1.950	-0.350	0.000	-0.04183938
2.050	-0.350	0.000	-0.04232828
2.150	-0.350	0.000	-0.04293453
2.250	-0.350	0.000	-0.04481914
2.350	-0.350	0.000	-0.04449224
2.450	-0.350	0.000	-0.04565582
-2.450	-0.250	0.000	-0.12564442
-2.350	-0.250	0.000	-0.11498594
-2.250	-0.250	0.000	-0.10902406
-2.150	-0.250	0.000	-0.10210355
-2.050	-0.250	0.000	-0.09644501
-1.950	-0.250	0.000	-0.09062607
-1.850	-0.250	0.000	-0.08338764
-1.750	-0.250	0.000	-0.07503006
-1.650	-0.250	0.000	-0.07139745
-1.550	-0.250	0.000	-0.07023510
-1.450	-0.250	0.000	-0.07037218
-1.350	-0.250	0.000	-0.06989593
-1.250	-0.250	0.000	-0.06872001
-1.150	-0.250	0.000	-0.06737841
-1.050	-0.250	0.000	-0.06565555
-0.950	-0.250	0.000	-0.06396141
-0.850	-0.250	0.000	-0.06274445
-0.750	-0.250	0.000	-0.06235158
-0.650	-0.250	0.000	-0.06246167
-0.550	-0.250	0.000	-0.06258965
-0.450	-0.250	0.000	-0.06245624
-0.350	-0.250	0.000	-0.06219112
-0.250	-0.250	0.000	-0.06205768
-0.150	-0.250	0.000	-0.06200597
-0.050	-0.250	0.000	-0.06230210
0.050	-0.250	0.000	-0.06256121
0.150	-0.250	0.000	-0.06272420
0.250	-0.250	0.000	-0.06254165
0.350	-0.250	0.000	-0.06138204
0.450	-0.250	0.000	-0.05969128
0.550	-0.250	0.000	-0.05743675
0.650	-0.250	0.000	-0.05539772
0.750	-0.250	0.000	-0.05384054
0.850	-0.250	0.000	-0.05259810
0.950	-0.250	0.000	-0.05174951
1.050	-0.250	0.000	-0.05124975
1.150	-0.250	0.000	-0.05035685
1.250	-0.250	0.000	-0.04934834
1.350	-0.250	0.000	-0.04805738
1.450	-0.250	0.000	-0.04612806
1.550	-0.250	0.000	-0.04354436
1.650	-0.250	0.000	-0.04118282
1.750	-0.250	0.000	-0.03906899
1.850	-0.250	0.000	-0.03882504
1.950	-0.250	0.000	-0.03888837
2.050	-0.250	0.000	-0.03966824
2.150	-0.250	0.000	-0.04067592
2.250	-0.250	0.000	-0.04198651
2.350	-0.250	0.000	-0.04233748
2.450	-0.250	0.000	-0.04359307
-2.450	-0.150	0.000	-0.11642100
-2.350	-0.150	0.000	-0.10677163
-2.250	-0.150	0.000	-0.09974282
-2.150	-0.150	0.000	-0.09246097
-2.050	-0.150	0.000	-0.08534782
-1.950	-0.150	0.000	-0.07842397
-1.850	-0.150	0.000	-0.07095874
-1.750	-0.150	0.000	-0.06295528
-1.650	-0.150	0.000	-0.05913028
-1.550	-0.150	0.000	-0.05908819
-1.450	-0.150	0.000	-0.05963945
-1.350	-0.150	0.000	-0.05926631
-1.250	-0.150	0.000	-0.05801880
-1.150	-0.150	0.000	-0.05669141
-1.050	-0.150	0.000	-0.05536703
-0.950	-0.150	0.000	-0.05424617
-0.850	-0.150	0.000	-0.05362358
-0.750	-0.150	0.000	-0.05388631
-0.650	-0.150	0.000	-0.05491765
-0.550	-0.150	0.000	-0.05603259
-0.450	-0.150	0.000	-0.05685287
-0.350	-0.150	0.000	-0.05744604
-0.250	-0.150	0.000	-0.05763461
-0.150	-0.150	0.000	-0.05750201
-0.050	-0.150	0.000	-0.05741309
0.050	-0.150	0.000	-0.05735059
0.150	-0.150	0.000	-0.05743719
0.250	-0.150	0.000	-0.05769596
0.350	-0.150	0.000	-0.05747576
0.450	-0.150	0.000	-0.05668446
0.550	-0.150	0.000	-0.05525110
0.650	-0.150	0.000	-0.05347580
0.750	-0.150	0.000	-0.05201397
0.850	-0.150	0.000	-0.05074800
0.950	-0.150	0.000	-0.05006320
1.050	-0.150	0.000	-0.04927883
1.150	-0.150	0.000	-0.04833648
1.250	-0.150	0.000	-0.04730438
1.350	-0.150	0.000	-0.04602668
1.450	-0.150	0.000	-0.04434976
1.550	-0.150	0.000	-0.04209192
1.650	-0.150	0.000	-0.03976164
1.750	-0.150	0.000	-0.03742100
1.850	-0.150	0.000	-0.03656812
1.950	-0.150	0.000	-0.03607412
2.050	-0.150	0.000	-0.03647062
2.150	-0.150	0.000	-0.03679093
2.250	-0.150	0.000	-0.03698682
2.350	-0.150	0.000	-0.03723602
2.450	-0.150	0.000	-0.03738932
-2.450	-0.050	0.000	-0.10679074
-2.350	-0.050	0.000	-0.09862122
-2.250	-0.050	0.000	-0.09104136
-2.150	-0.050	0.000	-0.08315878
-2.050	-0.050	0.000	-0.07477269
-1.950	-0.050	0.000	-0.06650689
-1.850	-0.050	0.000	-0.05898701
-1.750	-0.050	0.000	-0.05148493
-1.650	-0.050	0.000	-0.04903974
-1.550	-0.050	0.000	-0.04941687
-1.450	-0.050	0.000	-0.05036497
-1.350	-0.050	0.000	-0.05009431
-1.250	-0.050	0.000	-0.04883512
-1.150	-0.050	0.000	-0.04785300
-1.050	-0.050	0.000	-0.04757817
-0.950	-0.050	0.000	-0.04797804
-0.850	-0.050	0.000	-0.04913680
-0.750	-0.050	0.000	-0.05104459
-0.650	-0.050	0.000	-0.05345341
-0.550	-0.050	0.000	-0.05568370
-0.450	-0.050	0.000	-0.05716893
-0.350	-0.050	0.000	-0.05801092
-0.250	-0.050	0.000	-0.05795079
-0.150	-0.050	0.000	-0.05714316
-0.050	-0.050	0.000	-0.05622032
0.050	-0.050	0.000	-0.05542858
0.150	-0.050	0.000	-0.05505338
0.250	-0.050	0.000	-0.05556900
0.350	-0.050	0.000	-0.05587987
0.450	-0.050	0.000	-0.05571808
0.550	-0.050	0.000	-0.05492935
0.650	-0.050	0.000	-0.05339883
0.750	-0.050	0.000	-0.05190437
0.850	-0.050	0.000	-0.05045046
0.950	-0.050	0.000	-0.04947272
1.050	-0.050	0.000	-0.04831622
1.150	-0.050	0.000	-0.04726312
1.250	-0.050	0.000	-0.04613210
1.350	-0.050	0.000	-0.04478845
1.450	-0.050	0.000	-0.04317034
1.550	-0.050	0.000	-0.04129722
1.650	-0.050	0.000	-0.03942863
1.750	-0.050	0.000	-0.03743812
1.850	-0.050	0.000	-0.03616877
1.950	-0.050	0.000	-0.03539700
2.050	-0.050	0.000	-0.03531746
2.150	-0.050	0.000	-0.03522199
2.250	-0.050	0.000	-0.03504848
2.350	-0.050	0.000	-0.03514067
2.450	-0.050	0.000	-0.03533792
-2.450	0.050	0.000	-0.09829629
-2.350	0.050	0.000	-0.09175126
-2.250	0.050	0.000	-0.08403131
-2.150	0.050	0.000	-0.07535163
-2.050	0.050	0.000	-0.06606946
-1.950	0.050	0.000	-0.05658327
-1.850	0.050	0.000	-0.04907788
-1.750	0.050	0.000	-0.04263195
-1.650	0.050	0.000	-0.04136172
-1.550	0.050	0.000	-0.04238545
-1.450	0.050	0.000	-0.04334117
-1.350	0.050	0.000	-0.04300800
-1.250	0.050	0.000	-0.04162579
-1.150	0.050	0.000	-0.04076088
-1.050	0.050	0.000	-0.04089142
-0.950	0.050	0.000	-0.04222733
-0.850	0.050	0.000	-0.04452450
-0.750	0.050	0.000	-0.04763214
-0.650	0.050	0.000	-0.05109653
-0.550	0.050	0.000	-0.05433642
-0.450	0.050	0.000	-0.05666663
-0.350	0.050	0.000	-0.05802399
-0.250	0.050	0.000	-0.05809544
-0.150	0.050	0.000	-0.05700764
-0.050	0.050	0.000	-0.05546151
0.050	0.050	0.000	-0.05444454
0.150	0.050	0.000	-0.05382692
0.250	0.050	0.000	-0.05452342
0.350	0.050	0.000	-0.05518364
0.450	0.050	0.000	-0.05540863
0.550	0.050	0.000	-0.05507094
0.650	0.050	0.000	-0.05388705
0.750	0.050	0.000	-0.05248632
0.850	0.050	0.000	-0.05115354
0.950	0.050	0.000	-0.05013495
1.050	0.050	0.000	-0.04902371
1.150	0.050	0.000	-0.04795786
1.250	0.050	0.000	-0.04667945
1.350	0.050	0.000	-0.04504709
1.450	0.050	0.000	-0.04327329
1.550	0.050	0.000	-0.04154281
1.650	0.050	0.000	-0.04005791
1.750	0.050	0.000	-0.03873868
1.850	0.050	0.000	-0.03764062
1.950	0.050	0.000	-0.03690472
2.050	0.050	0.000	-0.03590605
2.150	0.050	0.000	-0.03509888
2.250	0.050	0.000	-0.03384236
2.350	0.050	0.000	-0.03337132
2.450	0.050	0.000	-0.03214391
-2.450	0.150	0.000	-0.09244135
-2.350	0.150	0.000	-0.08763109
-2.250	0.150	0.000	-0.08005781
-2.150	0.150	0.000	-0.07072151
-2.050	0.150	0.000	-0.06080806
-1.950	0.150	0.000	-0.05041908
-1.850	0.150	0.000	-0.04289008
-1.750	0.150	0.000	-0.03769223
-1.650	0.150	0.000	-0.03785922
-1.550	0.150	0.000	-0.03967229
-1.450	0.150	0.000	-0.04123608
-1.350	0.150	0.000	-0.04116207
-1.250	0.150	0.000	-0.04052056
-1.150	0.150	0.000	-0.04033590
-1.050	0.150	0.000	-0.04155076
-0.950	0.150	0.000	-0.04392166
-0.850	0.150	0.000	-0.04737919
-0.750	0.150	0.000	-0.05125141
-0.650	0.150	0.000	-0.05523200
-0.550	0.150	0.000	-0.05863529
-0.450	0.150	0.000	-0.06095282
-0.350	0.150	0.000	-0.06187650
-0.250	0.150	0.000	-0.06152626
-0.150	0.150	0.000	-0.06045330
-0.050	0.150	0.000	-0.05883788
0.050	0.150	0.000	-0.05774288
0.150	0.150	0.000	-0.05674997
0.250	0.150	0.000	-0.05704013
0.350	0.150	0.000	-0.05724132
0.450	0.150	0.000	-0.05708877
0.550	0.150	0.000	-0.05634305
0.650	0.150	0.000	-0.05461736
0.750	0.150	0.000	-0.05278400
0.850	0.150	0.000	-0.05127009
0.950	0.150	0.000	-0.05008240
1.050	0.150	0.000	-0.04911536
1.150	0.150	0.000	-0.04814126
1.250	0.150	0.000	-0.04696200
1.350	0.150	0.000	-0.04549889
1.450	0.150	0.000	-0.04377802
1.550	0.150	0.000	-0.04212122
1.650	0.150	0.000	-0.04080668
1.750	0.150	0.000	-0.03979045
1.850	0.150	0.000	-0.03866249
1.950	0.150	0.000	-0.03800566
2.050	0.150	0.000	-0.03683983
2.150	0.150	0.000	-0.03595979
2.250	0.150	0.000	-0.03447009
2.350	0.150	0.000	-0.03400527
2.450	0.150	0.000	-0.03200411
-2.450	0.250	0.000	-0.09086262
-2.350	0.250	0.000	-0.08757702
-2.250	0.250	0.000	-0.08005789
-2.150	0.250	0.000	-0.07032412
-2.050	0.250	0.000	-0.05977624
-1.950	0.250	0.000	-0.04867734
-1.850	0.250	0.000	-0.04071197
-1.750	0.250	0.000	-0.03618689
-1.650	0.250	0.000	-0.03721279
-1.550	0.250	0.000	-0.03958105
-1.450	0.250	0.000	-0.04147568
-1.350	0.250	0.000	-0.04162252
-1.250	0.250	0.000	-0.04167666
-1.150	0.250	0.000	-0.04217114
-1.050	0.250	0.000	-0.04428799
-0.950	0.250	0.000	-0.04777766
-0.850	0.250	0.000	-0.05223424
-0.750	0.250	0.000	-0.05707880
-0.650	0.250	0.000	-0.06143319
-0.550	0.250	0.000	-0.06470112
-0.450	0.250	0.000	-0.06623915
-0.350	0.250	0.000	-0.06679325
-0.250	0.250	0.000	-0.06626882
-0.150	0.250	0.000	-0.06531505
-0.050	0.250	0.000	-0.06395011
0.050	0.250	0.000	-0.06248377
0.150	0.250	0.000	-0.06117184
0.250	0.250	0.000	-0.06067801
0.350	0.250	0.000	-0.06006821
0.450	0.250	0.000	-0.05906691
0.550	0.250	0.000	-0.05749817
0.650	0.250	0.000	-0.05551531
0.750	0.250	0.000	-0.05324238
0.850	0.250	0.000	-0.05121570
0.950	0.250	0.000	-0.04939514
1.050	0.250	0.000	-0.04798068
1.150	0.250	0.000	-0.04673056
1.250	0.250	0.000	-0.04567829
1.350	0.250	0.000	-0.04469774
1.450	0.250	0.000	-0.04362302
1.550	0.250	0.000	-0.04253454
1.650	0.250	0.000	-0.04149504
1.750	0.250	0.000	-0.04065907
1.850	0.250	0.000	-0.03970246
1.950	0.250	0.000	-0.03923943
2.050	0.250	0.000	-0.03809659
2.150	0.250	0.000	-0.03773070
2.250	0.250	0.000	-0.03623482
2.350	0.250	0.000	-0.03543703
2.450	0.250	0.000	-0.03248290
-2.450	0.350	0.000	-0.09345148
-2.350	0.350	0.000	-0.09212663
-2.250	0.350	0.000	-0.08475436
-2.150	0.350	0.000	-0.07488708
-2.050	0.350	0.000	-0.06428637
-1.950	0.350	0.000	-0.05319363
-1.850	0.350	0.000	-0.04470395
-1.750	0.350	0.000	-0.04065068
-1.650	0.350	0.000	-0.04189310
-1.550	0.350	0.000	-0.04435048
-1.450	0.350	0.000	-0.04689351
-1.350	0.350	0.000	-0.04798572
-1.250	0.350	0.000	-0.04893356
-1.150	0.350	0.000	-0.05043177
-1.050	0.350	0.000	-0.05298710
-0.950	0.350	0.000	-0.05625122
-0.850	0.350	0.000	-0.06010324
-0.750	0.350	0.000	-0.06388752
-0.650	0.350	0.000	-0.06676839
-0.550	0.350	0.000	-0.06903774
-0.450	0.350	0.000	-0.06979948
-0.350	0.350	0.000	-0.07082947
-0.250	0.350	0.000	-0.07105292
-0.150	0.350	0.000	-0.07087211
-0.050	0.350	0.000	-0.07002836
0.050	0.350	0.000	-0.06856179
0.150	0.350	0.000	-0.06672648
0.250	0.350	0.000	-0.06562069
0.350	0.350	0.000	-0.06438589
0.450	0.350	0.000	-0.06318510
0.550	0.350	0.000	-0.06146111
0.650	0.350	0.000	-0.05910569
0.750	0.350	0.000	-0.05636868
0.850	0.350	0.000	-0.05369827
0.950	0.350	0.000	-0.05120318
1.050	0.350	0.000	-0.04912466
1.150	0.350	0.000	-0.04732609
1.250	0.350	0.000	-0.04594972
1.350	0.350	0.000	-0.04492729
1.450	0.350	0.000	-0.04420200
1.550	0.350	0.000	-0.04349030
1.650	0.350	0.000	-0.04257594
1.750	0.350	0.000	-0.04162138
1.850	0.350	0.000	-0.04050976
1.950	0.350	0.000	-0.04001612
2.050	0.350	0.000	-0.03861020
2.150	0.350	0.000	-0.03852196
2.250	0.350	0.000	-0.03701648
2.350	0.350	0.000	-0.03585405
2.450	0.350	0.000	-0.03235517
-2.450	0.450	0.000	-0.10030937
-2.350	0.450	0.000	-0.10033333
-2.250	0.450	0.000	-0.09322975
-2.150	0.450	0.000	-0.08383625
-2.050	0.450	0.000	-0.07379672
-1.950	0.450	0.000	-0.06316954
-1.850	0.450	0.000	-0.05362612
-1.750	0.450	0.000	-0.04941816
-1.650	0.450	0.000	-0.05002270
-1.550	0.450	0.000	-0.05298344
-1.450	0.450	0.000	-0.05651525
-1.350	0.450	0.000	-0.05854499
-1.250	0.450	0.000	-0.06018699
-1.150	0.450	0.000	-0.06216638
-1.050	0.450	0.000	-0.06473793
-0.950	0.450	0.000	-0.06769612
-0.850	0.450	0.000	-0.07057188
-0.750	0.450	0.000	-0.07286727
-0.650	0.450	0.000	-0.07418575
-0.550	0.450	0.000	-0.07505194
-0.450	0.450	0.000	-0.07553942
-0.350	0.450	0.000	-0.07625809
-0.250	0.450	0.000	-0.07668347
-0.150	0.450	0.000	-0.07657850
-0.050	0.450	0.000	-0.07578065
0.050	0.450	0.000	-0.07436342
0.150	0.450	0.000	-0.07232790
0.250	0.450	0.000	-0.07046226
0.350	0.450	0.000	-0.06853173
0.450	0.450	0.000	-0.06684776
0.550	0.450	0.000	-0.06471928
0.650	0.450	0.000	-0.06192560
0.750	0.450	0.000	-0.05882676
0.850	0.450	0.000	-0.05565613
0.950	0.450	0.000	-0.05254284
1.050	0.450	0.000	-0.04991159
1.150	0.450	0.000	-0.04742196
1.250	0.450	0.000	-0.04535034
1.350	0.450	0.000	-0.04372423
1.450	0.450	0.000	-0.04236744
1.550	0.450	0.000	-0.04119242
1.650	0.450	0.000	-0.04037840
1.750	0.450	0.000	-0.03970696
1.850	0.450	0.000	-0.03893577
1.950	0.450	0.000	-0.03890568
2.050	0.450	0.000	-0.03813443
2.150	0.450	0.000	-0.03827369
2.250	0.450	0.000	-0.03696274
2.350	0.450	0.000	-0.03589352
2.450	0.450	0.000	-0.03155268
-2.450	0.550	0.000	-0.10812114
-2.350	0.550	0.000	-0.10872289
-2.250	0.550	0.000	-0.10226001
-2.150	0.550	0.000	-0.09387796
-2.050	0.550	0.000	-0.08473070
-1.950	0.550	0.000	-0.07410657
-1.850	0.550	0.000	-0.06398886
-1.750	0.550	0.000	-0.05877554
-1.650	0.550	0.000	-0.05864800
-1.550	0.550	0.000	-0.06176303
-1.450	0.550	0.000	-0.06579051
-1.350	0.550	0.000	-0.06860074
-1.250	0.550	0.000	-0.07038641
-1.150	0.550	0.000	-0.07160209
-1.050	0.550	0.000	-0.07244496
-0.950	0.550	0.000	-0.07315543
-0.850	0.550	0.000	-0.07380454
-0.750	0.550	0.000	-0.07455809
-0.650	0.550	0.000	-0.07552715
-0.550	0.550	0.000	-0.07658703
-0.450	0.550	0.000	-0.07761122
-0.350	0.550	0.000	-0.07859590
-0.250	0.550	0.000	-0.07929465
-0.150	0.550	0.000	-0.07944094
-0.050	0.550	0.000	-0.07878019
0.050	0.550	0.000	-0.07754924
0.150	0.550	0.000	-0.07564608
0.250	0.550	0.000	-0.07371355
0.350	0.550	0.000	-0.07203024
0.450	0.550	0.000	-0.07069142
0.550	0.550	0.000	-0.06908789
0.650	0.550	0.000	-0.06678711
0.750	0.550	0.000	-0.06378467
0.850	0.550	0.000	-0.06033567
0.950	0.550	0.000	-0.05688893
1.050	0.550	0.000	-0.05396775
1.150	0.550	0.000	-0.05106507
1.250	0.550	0.000	-0.04829979
1.350	0.550	0.000	-0.04584556
1.450	0.550	0.000	-0.04396416
1.550	0.550	0.000	-0.04252520
1.650	0.550	0.000	-0.04150017
1.750	0.550	0.000	-0.04074324
1.850	0.550	0.000	-0.03993535
1.950	0.550	0.000	-0.03951181
2.050	0.550	0.000	-0.03849035
2.150	0.550	0.000	-0.03799820
2.250	0.550	0.000	-0.03629592
2.350	0.550	0.000	-0.03499077
2.450	0.550	0.000	-0.02929412
-2.450	0.650	0.000	-0.11143900
-2.350	0.650	0.000	-0.11217397
-2.250	0.650	0.000	-0.10685232
-2.150	0.650	0.000	-0.09930632
-2.050	0.650	0.000	-0.09131196
-1.950	0.650	0.000	-0.08122203
-1.850	0.650	0.000	-0.07244730
-1.750	0.650	0.000	-0.06640618
-1.650	0.650	0.000	-0.06510326
-1.550	0.650	0.000	-0.06769643
-1.450	0.650	0.000	-0.07167082
-1.350	0.650	0.000	-0.07554495
-1.250	0.650	0.000	-0.07808775
-1.150	0.650	0.000	-0.07887685
-1.050	0.650	0.000	-0.07801587
-0.950	0.650	0.000	-0.07657363
-0.850	0.650	0.000	-0.07528123
-0.750	0.650	0.000	-0.07483203
-0.650	0.650	0.000	-0.07543462
-0.550	0.650	0.000	-0.07669341
-0.450	0.650	0.000	-0.07819073
-0.350	0.650	0.000	-0.07964795
-0.250	0.650	0.000	-0.08072774
-0.150	0.650	0.000	-0.08082422
-0.050	0.650	0.000	-0.07987745
0.050	0.650	0.000	-0.07849661
0.150	0.650	0.000	-0.07652055
0.250	0.650	0.000	-0.07500914
0.350	0.650	0.000	-0.07409077
0.450	0.650	0.000	-0.07334344
0.550	0.650	0.000	-0.07209551
0.650	0.650	0.000	-0.07003899
0.750	0.650	0.000	-0.06731185
0.850	0.650	0.000	-0.06376848
0.950	0.650	0.000	-0.06001733
1.050	0.650	0.000	-0.05622936
1.150	0.650	0.000	-0.05267038
1.250	0.650	0.000	-0.04921429
1.350	0.650	0.000	-0.04606446
1.450	0.650	0.000	-0.04357432
1.550	0.650	0.000	-0.04167697
1.650	0.650	0.000	-0.04072410
1.750	0.650	0.000	-0.04010805
1.850	0.650	0.000	-0.03957797
1.950	0.650	0.000	-0.03915484
2.050	0.650	0.000	-0.03821190
2.150	0.650	0.000	-0.03745091
2.250	0.650	0.000	-0.03576808
2.350	0.650	0.000	-0.03458879
2.450	0.650	0.000	-0.02918613
-2.450	0.750	0.000	-0.11283636
-2.350	0.750	0.000	-0.11312493
-2.250	0.750	0.000	-0.10893966
-2.150	0.750	0.000	-0.10209177
-2.050	0.750	0.000	-0.09471970
-1.950	0.750	0.000	-0.08521600
-1.850	0.750	0.000	-0.07719776
-1.750	0.750	0.000	-0.07021612
-1.650	0.750	0.000	-0.06745484
-1.550	0.750	0.000	-0.06894550
-1.450	0.750	0.000	-0.07204085
-1.350	0.750	0.000	-0.07599345
-1.250	0.750	0.000	-0.07868924
-1.150	0.750	0.000	-0.07920572
-1.050	0.750	0.000	-0.07784072
-0.950	0.750	0.000	-0.07585254
-0.850	0.750	0.000	-0.07437889
-0.750	0.750	0.000	-0.07396130
-0.650	0.750	0.000	-0.07431657
-0.550	0.750	0.000	-0.07538723
-0.450	0.750	0.000	-0.07682294
-0.350	0.750	0.000	-0.07815114
-0.250	0.750	0.000	-0.07866295
-0.150	0.750	0.000	-0.07834435
-0.050	0.750	0.000	-0.07732557
0.050	0.750	0.000	-0.07587072
0.150	0.750	0.000	-0.07453942
0.250	0.750	0.000	-0.07352440
0.350	0.750	0.000	-0.07297411
0.450	0.750	0.000	-0.07249056
0.550	0.750	0.000	-0.07169481
0.650	0.750	0.000	-0.07017822
0.750	0.750	0.000	-0.06799860
0.850	0.750	0.000	-0.06500600
0.950	0.750	0.000	-0.06176585
1.050	0.750	0.000	-0.05847378
1.150	0.750	0.000	-0.05547800
1.250	0.750	0.000	-0.05254444
1.350	0.750	0.000	-0.04964812
1.450	0.750	0.000	-0.04704779
1.550	0.750	0.000	-0.04463603
1.650	0.750	0.000	-0.04287885
1.750	0.750	0.000	-0.04136812
1.850	0.750	0.000	-0.04024475
1.950	0.750	0.000	-0.03928107
2.050	0.750	0.000	-0.03812746
2.150	0.750	0.000	-0.03664894
2.250	0.750	0.000	-0.03464646
2.350	0.750	0.000	-0.03299250
2.450	0.750	0.000	-0.02781965
-2.450	0.850	0.000	-0.11348736
-2.350	0.850	0.000	-0.11362393
-2.250	0.850	0.000	-0.11035385
-2.150	0.850	0.000	-0.10435753
-2.050	0.850	0.000	-0.09743247
-1.950	0.850	0.000	-0.08874069
-1.850	0.850	0.000	-0.08103463
-1.750	0.850	0.000	-0.07326890
-1.650	0.850	0.000	-0.06921900
-1.550	0.850	0.000	-0.06905209
-1.450	0.850	0.000	-0.07161318
-1.350	0.850	0.000	-0.07547259
-1.250	0.850	0.000	-0.07839133
-1.150	0.850	0.000	-0.07927376
-1.050	0.850	0.000	-0.07744575
-0.950	0.850	0.000	-0.07413448
-0.850	0.850	0.000	-0.07112458
-0.750	0.850	0.000	-0.06999873
-0.650	0.850	0.000	-0.07031344
-0.550	0.850	0.000	-0.07190259
-0.450	0.850	0.000	-0.07317356
-0.350	0.850	0.000	-0.07385019
-0.250	0.850	0.000	-0.07388029
-0.150	0.850	0.000	-0.07349762
-0.050	0.850	0.000	-0.07282235
0.050	0.850	0.000	-0.07179100
0.150	0.850	0.000	-0.07082505
0.250	0.850	0.000	-0.06981204
0.350	0.850	0.000	-0.06921007
0.450	0.850	0.000	-0.06903020
0.550	0.850	0.000	-0.06893732
0.650	0.850	0.000	-0.06845374
0.750	0.850	0.000	-0.06708668
0.850	0.850	0.000	-0.06520659
0.950	0.850	0.000	-0.06269821
1.050	0.850	0.000	-0.05992441
1.150	0.850	0.000	-0.05732562
1.250	0.850	0.000	-0.05467023
1.350	0.850	0.000	-0.05179957
1.450	0.850	0.000	-0.04918891
1.550	0.850	0.000	-0.04663898
1.650	0.850	0.000	-0.04434106
1.750	0.850	0.000	-0.04200049
1.850	0.850	0.000	-0.04003266
1.950	0.850	0.000	-0.03811609
2.050	0.850	0.000	-0.03650729
2.150	0.850	0.000	-0.03475595
2.250	0.850	0.000	-0.03328642
2.350	0.850	0.000	-0.03196897
2.450	0.850	0.000	-0.02832668
-2.450	0.950	0.000	-0.11445913
-2.350	0.950	0.000	-0.11424856
-2.250	0.950	0.000	-0.11105943
-2.150	0.950	0.000	-0.10543791
-2.050	0.950	0.000	-0.09869692
-1.950	0.950	0.000	-0.09073170
-1.850	0.950	0.000	-0.08319411
-1.750	0.950	0.000	-0.07497083
-1.650	0.950	0.000	-0.06956468
-1.550	0.950	0.000	-0.06723133
-1.450	0.950	0.000	-0.06918848
-1.350	0.950	0.000	-0.07294794
-1.250	0.950	0.000	-0.07634957
-1.150	0.950	0.000	-0.07791891
-1.050	0.950	0.000	-0.07739945
-0.950	0.950	0.000	-0.07514903
-0.850	0.950	0.000	-0.07236262
-0.750	0.950	0.000	-0.07029174
-0.650	0.950	0.000	-0.06993435
-0.550	0.950	0.000	-0.07059297
-0.450	0.950	0.000	-0.07155415
-0.350	0.950	0.000	-0.07147455
-0.250	0.950	0.000	-0.07109667
-0.150	0.950	0.000	-0.07028604
-0.050	0.950	0.000	-0.06919468
0.050	0.950	0.000	-0.06794623
0.150	0.950	0.000	-0.06660366
0.250	0.950	0.000	-0.06529484
0.350	0.950	0.000	-0.06468149
0.450	0.950	0.000	-0.06456818
0.550	0.950	0.000	-0.06458042
0.650	0.950	0.000	-0.06440754
0.750	0.950	0.000	-0.06356617
0.850	0.950	0.000	-0.06239478
0.950	0.950	0.000	-0.06074879
1.050	0.950	0.000	-0.05898529
1.150	0.950	0.000	-0.05718128
1.250	0.950	0.000	-0.05534317
1.350	0.950	0.000	-0.05320470
1.450	0.950	0.000	-0.05117988
1.550	0.950	0.000	-0.04918798
1.650	0.950	0.000	-0.04733862
1.750	0.950	0.000	-0.04508327
1.850	0.950	0.000	-0.04277609
1.950	0.950	0.000	-0.03964444
2.050	0.950	0.000	-0.03656858
2.150	0.950	0.000	-0.03315965
2.250	0.950	0.000	-0.03062831
2.350	0.950	0.000	-0.02871128
2.450	0.950	0.000	-0.02767256
-2.450	1.050	0.000	-0.11867895
-2.350	1.050	0.000	-0.11827420
-2.250	1.050	0.000	-0.11511142
-2.150	1.050	0.000	-0.10959981
-2.050	1.050	0.000	-0.10283507
-1.950	1.050	0.000	-0.09530944
-1.850	1.050	0.000	-0.08697342
-1.750	1.050	0.000	-0.07831274
-1.650	1.050	0.000	-0.07086271
-1.550	1.050	0.000	-0.06581890
-1.450	1.050	0.000	-0.06532719
-1.350	1.050	0.000	-0.06759098
-1.250	1.050	0.000	-0.07181048
-1.150	1.050	0.000	-0.07493795
-1.050	1.050	0.000	-0.07555422
-0.950	1.050	0.000	-0.07531806
-0.850	1.050	0.000	-0.07367063
-0.750	1.050	0.000	-0.07262026
-0.650	1.050	0.000	-0.07215606
-0.550	1.050	0.000	-0.07187051
-0.450	1.050	0.000	-0.07079171
-0.350	1.050	0.000	-0.06960393
-0.250	1.050	0.000	-0.06861301
-0.150	1.050	0.000	-0.06801715
-0.050	1.050	0.000	-0.06704563
0.050	1.050	0.000	-0.06556520
0.150	1.050	0.000	-0.06380879
0.250	1.050	0.000	-0.06204887
0.350	1.050	0.000	-0.06053354
0.450	1.050	0.000	-0.05944165
0.550	1.050	0.000	-0.05883891
0.650	1.050	0.000	-0.05847080
0.750	1.050	0.000	-0.05806931
0.850	1.050	0.000	-0.05735354
0.950	1.050	0.000	-0.05626094
1.050	1.050	0.000	-0.05515854
1.150	1.050	0.000	-0.05410800
1.250	1.050	0.000	-0.05334992
1.350	1.050	0.000	-0.05243766
1.450	1.050	0.000	-0.05124379
1.550	1.050	0.000	-0.04956160
1.650	1.050	0.000	-0.04728874
1.750	1.050	0.000	-0.04400391
1.850	1.050	0.000	-0.04033940
1.950	1.050	0.000	-0.03597841
2.050	1.050	0.000	-0.03248012
2.150	1.050	0.000	-0.02900016
2.250	1.050	0.000	-0.02714108
2.350	1.050	0.000	-0.02569946
2.450	1.050	0.000	-0.02682852
-2.450	1.150	0.000	-0.12571269
-2.350	1.150	0.000	-0.12565030
-2.250	1.150	0.000	-0.12352844
-2.150	1.150	0.000	-0.11895289
-2.050	1.150	0.000	-0.11348885
-1.950	1.150	0.000	-0.10695034
-1.850	1.150	0.000	-0.09889054
-1.750	1.150	0.000	-0.09045398
-1.650	1.150	0.000	-0.08125708
-1.550	1.150	0.000	-0.07275556
-1.450	1.150	0.000	-0.06756344
-1.350	1.150	0.000	-0.06710492
-1.250	1.150	0.000	-0.07049865
-1.150	1.150	0.000	-0.07553416
-1.050	1.150	0.000	-0.07901578
-0.950	1.150	0.000	-0.08053948
-0.850	1.150	0.000	-0.08003951
-0.750	1.150	0.000	-0.07860926
-0.650	1.150	0.000	-0.07705104
-0.550	1.150	0.000	-0.07474539
-0.450	1.150	0.000	-0.07280134
-0.350	1.150	0.000	-0.07156004
-0.250	1.150	0.000	-0.07059959
-0.150	1.150	0.000	-0.06961679
-0.050	1.150	0.000	-0.06864377
0.050	1.150	0.000	-0.06754427
0.150	1.150	0.000	-0.06610489
0.250	1.150	0.000	-0.06449708
0.350	1.150	0.000	-0.06267655
0.450	1.150	0.000	-0.06101199
0.550	1.150	0.000	-0.05971530
0.650	1.150	0.000	-0.05877504
0.750	1.150	0.000	-0.05790506
0.850	1.150	0.000	-0.05677872
0.950	1.150	0.000	-0.05550306
1.050	1.150	0.000	-0.05410204
1.150	1.150	0.000	-0.05255859
1.250	1.150	0.000	-0.05121157
1.350	1.150	0.000	-0.04994704
1.450	1.150	0.000	-0.04868394
1.550	1.150	0.000	-0.04709357
1.650	1.150	0.000	-0.04505980
1.750	1.150	0.000	-0.04227645
1.850	1.150	0.000	-0.03919500
1.950	1.150	0.000	-0.03530956
2.050	1.150	0.000	-0.03231607
2.150	1.150	0.000	-0.02912392
2.250	1.150	0.000	-0.02735471
2.350	1.150	0.000	-0.02524750
2.450	1.150	0.000	-0.02571261
-2.450	1.250	0.000	-0.13056962
-2.350	1.250	0.000	-0.13087359
-2.250	1.250	0.000	-0.12959017
-2.150	1.250	0.000	-0.12624426
-2.050	1.250	0.000	-0.12285302
-1.950	1.250	0.000	-0.11828533
-1.850	1.250	0.000	-0.11191390
-1.750	1.250	0.000	-0.10462263
-1.650	1.250	0.000	-0.09465551
-1.550	1.250	0.000	-0.08408795
-1.450	1.250	0.000	-0.07524438
-1.350	1.250	0.000	-0.07102229
-1.250	1.250	0.000	-0.06960151
-1.150	1.250	0.000	-0.07305782
-1.050	1.250	0.000	-0.07766416
-0.950	1.250	0.000	-0.08134778
-0.850	1.250	0.000	-0.08415533
-0.750	1.250	0.000	-0.08320317
-0.650	1.250	0.000	-0.08074237
-0.550	1.250	0.000	-0.07648720
-0.450	1.250	0.000	-0.07354522
-0.350	1.250	0.000	-0.07212469
-0.250	1.250	0.000	-0.07153802
-0.150	1.250	0.000	-0.07114718
-0.050	1.250	0.000	-0.07078071
0.050	1.250	0.000	-0.07034451
0.150	1.250	0.000	-0.06928387
0.250	1.250	0.000	-0.06782474
0.350	1.250	0.000	-0.06604442
0.450	1.250	0.000	-0.06405779
0.550	1.250	0.000	-0.06209441
0.650	1.250	0.000	-0.06032852
0.750	1.250	0.000	-0.05863563
0.850	1.250	0.000	-0.05666716
0.950	1.250	0.000	-0.05463242
1.050	1.250	0.000	-0.05228918
1.150	1.250	0.000	-0.04989366
1.250	1.250	0.000	-0.04783991
1.350	1.250	0.000	-0.04641879
1.450	1.250	0.000	-0.04534331
1.550	1.250	0.000	-0.04413534
1.650	1.250	0.000	-0.04278350
1.750	1.250	0.000	-0.04077078
1.850	1.250	0.000	-0.03853151
1.950	1.250	0.000	-0.03518374
2.050	1.250	0.000	-0.03213741
2.150	1.250	0.000	-0.02799305
2.250	1.250	0.000	-0.02545972
2.350	1.250	0.000	-0.02296047
2.450	1.250	0.000	-0.02444157
-2.450	1.350	0.000	-0.13242367
-2.350	1.350	0.000	-0.13413455
-2.250	1.350	0.000	-0.13478573
-2.150	1.350	0.000	-0.13332056
-2.050	1.350	0.000	-0.13146757
-1.950	1.350	0.000	-0.12851326
-1.850	1.350	0.000	-0.12353516
-1.750	1.350	0.000	-0.11772826
-1.650	1.350	0.000	-0.10910206
-1.550	1.350	0.000	-0.09867045
-1.450	1.350	0.000	-0.08729884
-1.350	1.350	0.000	-0.07725842
-1.250	1.350	0.000	-0.07174284
-1.150	1.350	0.000	-0.07058373
-1.050	1.350	0.000	-0.07371285
-0.950	1.350	0.000	-0.07783101
-0.850	1.350	0.000	-0.08090501
-0.750	1.350	0.000	-0.08167426
-0.650	1.350	0.000	-0.08143656
-0.550	1.350	0.000	-0.07951765
-0.450	1.350	0.000	-0.07710097
-0.350	1.350	0.000	-0.07594862
-0.250	1.350	0.000	-0.07557269
-0.150	1.350	0.000	-0.07580943
-0.050	1.350	0.000	-0.07600951
0.050	1.350	0.000	-0.07591260
0.150	1.350	0.000	-0.07514994
0.250	1.350	0.000	-0.07378090
0.350	1.350	0.000	-0.07173602
0.450	1.350	0.000	-0.06915589
0.550	1.350	0.000	-0.06629795
0.650	1.350	0.000	-0.06355537
0.750	1.350	0.000	-0.06118559
0.850	1.350	0.000	-0.05909787
0.950	1.350	0.000	-0.05679169
1.050	1.350	0.000	-0.05421462
1.150	1.350	0.000	-0.05117676
1.250	1.350	0.000	-0.04777481
1.350	1.350	0.000	-0.04447144
1.450	1.350	0.000	-0.04158010
1.550	1.350	0.000	-0.03882431
1.650	1.350	0.000	-0.03659967
1.750	1.350	0.000	-0.03458332
1.850	1.350	0.000	-0.03304555
1.950	1.350	0.000	-0.03107548
2.050	1.350	0.000	-0.02951260
2.150	1.350	0.000	-0.02725818
2.250	1.350	0.000	-0.02557678
2.350	1.350	0.000	-0.02307330
2.450	1.350	0.000	-0.02158218
-2.450	1.450	0.000	-0.13095564
-2.350	1.450	0.000	-0.13411266
-2.250	1.450	0.000	-0.13639882
-2.150	1.450	0.000	-0.13613614
-2.050	1.450	0.000	-0.13494657
-1.950	1.450	0.000	-0.13258088
-1.850	1.450	0.000	-0.12878741
-1.750	1.450	0.000	-0.12385536
-1.650	1.450	0.000	-0.11793461
-1.550	1.450	0.000	-0.10935979
-1.450	1.450	0.000	-0.09863291
-1.350	1.450	0.000	-0.08674276
-1.250	1.450	0.000	-0.07634672
-1.150	1.450	0.000	-0.06911639
-1.050	1.450	0.000	-0.06754383
-0.950	1.450	0.000	-0.06833407
-0.850	1.450	0.000	-0.07015530
-0.750	1.450	0.000	-0.07253241
-0.650	1.450	0.000	-0.07461217
-0.550	1.450	0.000	-0.07686617
-0.450	1.450	0.000	-0.07781888
-0.350	1.450	0.000	-0.07874906
-0.250	1.450	0.000	-0.07876687
-0.150	1.450	0.000	-0.07810645
-0.050	1.450	0.000	-0.07728384
0.050	1.450	0.000	-0.07631375
0.150	1.450	0.000	-0.07537902
0.250	1.450	0.000	-0.07412636
0.350	1.450	0.000	-0.07241899
0.450	1.450	0.000	-0.06998827
0.550	1.450	0.000	-0.06684189
0.650	1.450	0.000	-0.06337450
0.750	1.450	0.000	-0.06006205
0.850	1.450	0.000	-0.05708982
0.950	1.450	0.000	-0.05446249
1.050	1.450	0.000	-0.05146007
1.150	1.450	0.000	-0.04824086
1.250	1.450	0.000	-0.04473813
1.350	1.450	0.000	-0.04110744
1.450	1.450	0.000	-0.03782965
1.550	1.450	0.000	-0.03482710
1.650	1.450	0.000	-0.03242343
1.750	1.450	0.000	-0.03102177
1.850	1.450	0.000	-0.03064158
1.950	1.450	0.000	-0.03011238
2.050	1.450	0.000	-0.03026522
2.150	1.450	0.000	-0.02959250
2.250	1.450	0.000	-0.02840056
2.350	1.450	0.000	-0.02609418
2.450	1.450	0.000	-0.02432387
-2.450	1.550	0.000	-0.12980415
-2.350	1.550	0.000	-0.13332394
-2.250	1.550	0.000	-0.13576104
-2.150	1.550	0.000	-0.13616990
-2.050	1.550	0.000	-0.13591178
-1.950	1.550	0.000	-0.13471496
-1.850	1.550	0.000	-0.13251066
-1.750	1.550	0.000	-0.12885119
-1.650	1.550	0.000	-0.12441433
-1.550	1.550	0.000	-0.11797549
-1.450	1.550	0.000	-0.10990874
-1.350	1.550	0.000	-0.09993335
-1.250	1.550	0.000	-0.08817976
-1.150	1.550	0.000	-0.07766714
-1.050	1.550	0.000	-0.06939557
-0.950	1.550	0.000	-0.06700978
-0.850	1.550	0.000	-0.06851159
-0.750	1.550	0.000	-0.07186943
-0.650	1.550	0.000	-0.07481667
-0.550	1.550	0.000	-0.07770848
-0.450	1.550	0.000	-0.07955527
-0.350	1.550	0.000	-0.08096068
-0.250	1.550	0.000	-0.08132622
-0.150	1.550	0.000	-0.08075023
-0.050	1.550	0.000	-0.07963082
0.050	1.550	0.000	-0.07810155
0.150	1.550	0.000	-0.07646172
0.250	1.550	0.000	-0.07460154
0.350	1.550	0.000	-0.07243428
0.450	1.550	0.000	-0.06984840
0.550	1.550	0.000	-0.06678995
0.650	1.550	0.000	-0.06349269
0.750	1.550	0.000	-0.06012114
0.850	1.550	0.000	-0.05697237
0.950	1.550	0.000	-0.05387265
1.050	1.550	0.000	-0.05093078
1.150	1.550	0.000	-0.04814764
1.250	1.550	0.000	-0.04475094
1.350	1.550	0.000	-0.04059295
1.450	1.550	0.000	-0.03575241
1.550	1.550	0.000	-0.03106081
1.650	1.550	0.000	-0.02757112
1.750	1.550	0.000	-0.02537793
1.850	1.550	0.000	-0.02429767
1.950	1.550	0.000	-0.02413064
2.050	1.550	0.000	-0.02474605
2.150	1.550	0.000	-0.02543152
2.250	1.550	0.000	-0.02569504
2.350	1.550	0.000	-0.02488855
2.450	1.550	0.000	-0.02116223
-2.450	1.650	0.000	-0.12931037
-2.350	1.650	0.000	-0.13282724
-2.250	1.650	0.000	-0.13507225
-2.150	1.650	0.000	-0.13567661
-2.050	1.650	0.000	-0.13564971
-1.950	1.650	0.000	-0.13438213
-1.850	1.650	0.000	-0.13187470
-1.750	1.650	0.000	-0.12895226
-1.650	1.650	0.000	-0.12565514
-1.550	1.650	0.000	-0.12139789
-1.450	1.650	0.000	-0.11609073
-1.350	1.650	0.000	-0.10826876
-1.250	1.650	0.000	-0.09815476
-1.150	1.650	0.000	-0.08707969
-1.050	1.650	0.000	-0.07603451
-0.950	1.650	0.000	-0.07022578
-0.850	1.650	0.000	-0.06724131
-0.750	1.650	0.000	-0.06762455
-0.650	1.650	0.000	-0.06924012
-0.550	1.650	0.000	-0.07191441
-0.450	1.650	0.000	-0.07464486
-0.350	1.650	0.000	-0.07592400
-0.250	1.650	0.000	-0.07700443
-0.150	1.650	0.000	-0.07736196
-0.050	1.650	0.000	-0.07697988
0.050	1.650	0.000	-0.07573974
0.150	1.650	0.000	-0.07370055
0.250	1.650	0.000	-0.07109296
0.350	1.650	0.000	-0.06779009
0.450	1.650	0.000	-0.06425067
0.550	1.650	0.000	-0.06069931
0.650	1.650	0.000	-0.05713090
0.750	1.650	0.000	-0.05370725
0.850	1.650	0.000	-0.05081628
0.950	1.650	0.000	-0.04833369
1.050	1.650	0.000	-0.04643623
1.150	1.650	0.000	-0.04424285
1.250	1.650	0.000	-0.04155869
1.350	1.650	0.000	-0.03831611
1.450	1.650	0.000	-0.03444443
1.550	1.650	0.000	-0.03004417
1.650	1.650	0.000	-0.02578744
1.750	1.650	0.000	-0.02266848
1.850	1.650	0.000	-0.02210626
1.950	1.650	0.000	-0.02292196
2.050	1.650	0.000	-0.02488073
2.150	1.650	0.000	-0.02731486
2.250	1.650	0.000	-0.02856322
2.350	1.650	0.000	-0.02722346
2.450	1.650	0.000	-0.02220834
-2.450	1.750	0.000	-0.13049464
-2.350	1.750	0.000	-0.13460015
-2.250	1.750	0.000	-0.13755110
-2.150	1.750	0.000	-0.13865997
-2.050	1.750	0.000	-0.13869381
-1.950	1.750	0.000	-0.13752791
-1.850	1.750	0.000	-0.13563038
-1.750	1.750	0.000	-0.13334748
-1.650	1.750	0.000	-0.13051580
-1.550	1.750	0.000	-0.12686463
-1.450	1.750	0.000	-0.12234521
-1.350	1.750	0.000	-0.11619375
-1.250	1.750	0.000	-0.10813131
-1.150	1.750	0.000	-0.09806111
-1.050	1.750	0.000	-0.08745660
-0.950	1.750	0.000	-0.07704745
-0.850	1.750	0.000	-0.06956669
-0.750	1.750	0.000	-0.06565455
-0.650	1.750	0.000	-0.06505504
-0.550	1.750	0.000	-0.06659725
-0.450	1.750	0.000	-0.06990927
-0.350	1.750	0.000	-0.07233742
-0.250	1.750	0.000	-0.07442202
-0.150	1.750	0.000	-0.07580447
-0.050	1.750	0.000	-0.07638242
0.050	1.750	0.000	-0.07599255
0.150	1.750	0.000	-0.07464971
0.250	1.750	0.000	-0.07236627
0.350	1.750	0.000	-0.06910194
0.450	1.750	0.000	-0.06535435
0.550	1.750	0.000	-0.06139029
0.650	1.750	0.000	-0.05729509
0.750	1.750	0.000	-0.05341862
0.850	1.750	0.000	-0.04958339
0.950	1.750	0.000	-0.04618027
1.050	1.750	0.000	-0.04304658
1.150	1.750	0.000	-0.03998866
1.250	1.750	0.000	-0.03767492
1.350	1.750	0.000	-0.03575809
1.450	1.750	0.000	-0.03349032
1.550	1.750	0.000	-0.03025891
1.650	1.750	0.000	-0.02603148
1.750	1.750	0.000	-0.02223634
1.850	1.750	0.000	-0.01946337
1.950	1.750	0.000	-0.01825013
2.050	1.750	0.000	-0.01800010
2.150	1.750	0.000	-0.01864564
2.250	1.750	0.000	-0.01868388
2.350	1.750	0.000	-0.01815721
2.450	1.750	0.000	-0.01348117
-2.450	1.850	0.000	-0.12233865
-2.350	1.850	0.000	-0.12672098
-2.250	1.850	0.000	-0.13078402
-2.150	1.850	0.000	-0.13356438
-2.050	1.850	0.000	-0.13458878
-1.950	1.850	0.000	-0.13429379
-1.850	1.850	0.000	-0.13356742
-1.750	1.850	0.000	-0.13232557
-1.650	1.850	0.000	-0.13026838
-1.550	1.850	0.000	-0.12756799
-1.450	1.850	0.000	-0.12363469
-1.350	1.850	0.000	-0.11884178
-1.250	1.850	0.000	-0.11334415
-1.150	1.850	0.000	-0.10614590
-1.050	1.850	0.000	-0.09811369
-0.950	1.850	0.000	-0.08873693
-0.850	1.850	0.000	-0.08010831
-0.750	1.850	0.000	-0.07339805
-0.650	1.850	0.000	-0.06902721
-0.550	1.850	0.000	-0.06703564
-0.450	1.850	0.000	-0.06788021
-0.350	1.850	0.000	-0.06974318
-0.250	1.850	0.000	-0.07155283
-0.150	1.850	0.000	-0.07297011
-0.050	1.850	0.000	-0.07368882
0.050	1.850	0.000	-0.07347786
0.150	1.850	0.000	-0.07249657
0.250	1.850	0.000	-0.07090465
0.350	1.850	0.000	-0.06865754
0.450	1.850	0.000	-0.06588697
0.550	1.850	0.000	-0.06288801
0.650	1.850	0.000	-0.05968143
0.750	1.850	0.000	-0.05637396
0.850	1.850	0.000	-0.05256560
0.950	1.850	0.000	-0.04845568
1.050	1.850	0.000	-0.04475965
1.150	1.850	0.000	-0.04119945
1.250	1.850	0.000	-0.03824019
1.350	1.850	0.000	-0.03558757
1.450	1.850	0.000	-0.03280882
1.550	1.850	0.000	-0.02991877
1.650	1.850	0.000	-0.02733837
1.750	1.850	0.000	-0.02489897
1.850	1.850	0.000	-0.02142033
1.950	1.850	0.000	-0.01915327
2.050	1.850	0.000	-0.01717510
2.150	1.850	0.000	-0.01655394
2.250	1.850	0.000	-0.01622252
2.350	1.850	0.000	-0.01607161
2.450	1.850	0.000	-0.00963846
-2.450	1.950	0.000	-0.11877979
-2.350	1.950	0.000	-0.12323862
-2.250	1.950	0.000	-0.12697808
-2.150	1.950	0.000	-0.12987098
-2.050	1.950	0.000	-0.13131317
-1.950	1.950	0.000	-0.13157181
-1.850	1.950	0.000	-0.13109055
-1.750	1.950	0.000	-0.13030937
-1.650	1.950	0.000	-0.12907209
-1.550	1.950	0.000	-0.12757282
-1.450	1.950	0.000	-0.12500130
-1.350	1.950	0.000	-0.12239847
-1.250	1.950	0.000	-0.11911348
-1.150	1.950	0.000	-0.11419035
-1.050	1.950	0.000	-0.10784517
-0.950	1.950	0.000	-0.10021735
-0.850	1.950	0.000	-0.09237339
-0.750	1.950	0.000	-0.08502004
-0.650	1.950	0.000	-0.07875917
-0.550	1.950	0.000	-0.07423951
-0.450	1.950	0.000	-0.07181399
-0.350	1.950	0.000	-0.07157028
-0.250	1.950	0.000	-0.07190182
-0.150	1.950	0.000	-0.07209667
-0.050	1.950	0.000	-0.07245305
0.050	1.950	0.000	-0.07243106
0.150	1.950	0.000	-0.07193267
0.250	1.950	0.000	-0.07114893
0.350	1.950	0.000	-0.07000515
0.450	1.950	0.000	-0.06843905
0.550	1.950	0.000	-0.06652796
0.650	1.950	0.000	-0.06426916
0.750	1.950	0.000	-0.06123386
0.850	1.950	0.000	-0.05731047
0.950	1.950	0.000	-0.05281295
1.050	1.950	0.000	-0.04828846
1.150	1.950	0.000	-0.04365384
1.250	1.950	0.000	-0.03930317
1.350	1.950	0.000	-0.03513933
1.450	1.950	0.000	-0.03143822
1.550	1.950	0.000	-0.02832851
1.650	1.950	0.000	-0.02507453
1.750	1.950	0.000	-0.02226831
1.850	1.950	0.000	-0.01882973
1.950	1.950	0.000	-0.01569893
2.050	1.950	0.000	-0.01189565
2.150	1.950	0.000	-0.00881000
2.250	1.950	0.000	-0.00619597
2.350	1.950	0.000	-0.00529555
2.450	1.950	0.000	-0.00049193
-2.450	2.050	0.000	-0.11317839
-2.350	2.050	0.000	-0.11849029
-2.250	2.050	0.000	-0.12195217
-2.150	2.050	0.000	-0.12408336
-2.050	2.050	0.000	-0.12527257
-1.950	2.050	0.000	-0.12498759
-1.850	2.050	0.000	-0.12433307
-1.750	2.050	0.000	-0.12350050
-1.650	2.050	0.000	-0.12327526
-1.550	2.050	0.000	-0.12350518
-1.450	2.050	0.000	-0.12322626
-1.350	2.050	0.000	-0.12213957
-1.250	2.050	0.000	-0.11926074
-1.150	2.050	0.000	-0.11567049
-1.050	2.050	0.000	-0.11168338
-0.950	2.050	0.000	-0.10707096
-0.850	2.050	0.000	-0.10162635
-0.750	2.050	0.000	-0.09587098
-0.650	2.050	0.000	-0.09032367
-0.550	2.050	0.000	-0.08483799
-0.450	2.050	0.000	-0.07982536
-0.350	2.050	0.000	-0.07645117
-0.250	2.050	0.000	-0.07432267
-0.150	2.050	0.000	-0.07292385
-0.050	2.050	0.000	-0.07235277
0.050	2.050	0.000	-0.07209206
0.150	2.050	0.000	-0.07193224
0.250	2.050	0.000	-0.07175933
0.350	2.050	0.000	-0.07145803
0.450	2.050	0.000	-0.07089897
0.550	2.050	0.000	-0.06985402
0.650	2.050	0.000	-0.06838515
0.750	2.050	0.000	-0.06638970
0.850	2.050	0.000	-0.06381247
0.950	2.050	0.000	-0.06027921
1.050	2.050	0.000	-0.05576694
1.150	2.050	0.000	-0.05027845
1.250	2.050	0.000	-0.04476939
1.350	2.050	0.000	-0.03963638
1.450	2.050	0.000	-0.03467194
1.550	2.050	0.000	-0.03025382
1.650	2.050	0.000	-0.02591645
1.750	2.050	0.000	-0.02237650
1.850	2.050	0.000	-0.01839304
1.950	2.050	0.000	-0.01448533
2.050	2.050	0.000	-0.00944718
2.150	2.050	0.000	-0.00401383
2.250	2.050	0.000	0.00129551
2.350	2.050	0.000	0.00269052
2.450	2.050	0.000	0.00883469
-2.450	2.150	0.000	-0.11091203
-2.350	2.150	0.000	-0.11647063
-2.250	2.150	0.000	-0.12019812
-2.150	2.150	0.000	-0.12234298
-2.050	2.150	0.000	-0.12321027
-1.950	2.150	0.000	-0.12245867
-1.850	2.150	0.000	-0.12184130
-1.750	2.150	0.000	-0.12145852
-1.650	2.150	0.000	-0.12149069
-1.550	2.150	0.000	-0.12194595
-1.450	2.150	0.000	-0.12201558
-1.350	2.150	0.000	-0.12131016
-1.250	2.150	0.000	-0.12000873
-1.150	2.150	0.000	-0.11826153
-1.050	2.150	0.000	-0.11643098
-0.950	2.150	0.000	-0.11427646
-0.850	2.150	0.000	-0.11167514
-0.750	2.150	0.000	-0.10790601
-0.650	2.150	0.000	-0.10345893
-0.550	2.150	0.000	-0.09861206
-0.450	2.150	0.000	-0.09327689
-0.350	2.150	0.000	-0.08875459
-0.250	2.150	0.000	-0.08510420
-0.150	2.150	0.000	-0.08230442
-0.050	2.150	0.000	-0.07938306
0.050	2.150	0.000	-0.07705978
0.150	2.150	0.000	-0.07510637
0.250	2.150	0.000	-0.07353824
0.350	2.150	0.000	-0.07242361
0.450	2.150	0.000	-0.07158171
0.550	2.150	0.000	-0.07086678
0.650	2.150	0.000	-0.07052301
0.750	2.150	0.000	-0.06999686
0.850	2.150	0.000	-0.06895590
0.950	2.150	0.000	-0.06697206
1.050	2.150	0.000	-0.06356059
1.150	2.150	0.000	-0.05862359
1.250	2.150	0.000	-0.05250897
1.350	2.150	0.000	-0.04631599
1.450	2.150	0.000	-0.03956115
1.550	2.150	0.000	-0.03341494
1.650	2.150	0.000	-0.02785560
1.750	2.150	0.000	-0.02367362
1.850	2.150	0.000	-0.01992966
1.950	2.150	0.000	-0.01690749
2.050	2.150	0.000	-0.01342553
2.150	2.150	0.000	-0.00925275
2.250	2.150	0.000	-0.00379257
2.350	2.150	0.000	-0.00041809
2.450	2.150	0.000	0.00397113
-2.450	2.250	0.000	-0.10090029
-2.350	2.250	0.000	-0.10513620
-2.250	2.250	0.000	-0.10839887
-2.150	2.250	0.000	-0.11077996
-2.050	2.250	0.000	-0.11166264
-1.950	2.250	0.000	-0.11058550
-1.850	2.250	0.000	-0.10975763
-1.750	2.250	0.000	-0.10959946
-1.650	2.250	0.000	-0.10997445
-1.550	2.250	0.000	-0.11062902
-1.450	2.250	0.000	-0.11175903
-1.350	2.250	0.000	-0.11212680
-1.250	2.250	0.000	-0.11281211
-1.150	2.250	0.000	-0.11351885
-1.050	2.250	0.000	-0.11407719
-0.950	2.250	0.000	-0.11391579
-0.850	2.250	0.000	-0.11294547
-0.750	2.250	0.000	-0.11054488
-0.650	2.250	0.000	-0.10733758
-0.550	2.250	0.000	-0.10404263
-0.450	2.250	0.000	-0.09956474
-0.350	2.250	0.000	-0.09477370
-0.250	2.250	0.000	-0.08980532
-0.150	2.250	0.000	-0.08529991
-0.050	2.250	0.000	-0.08119377
0.050	2.250	0.000	-0.07775574
0.150	2.250	0.000	-0.07544192
0.250	2.250	0.000	-0.07370066
0.350	2.250	0.000	-0.07257108
0.450	2.250	0.000	-0.07180580
0.550	2.250	0.000	-0.07141070
0.650	2.250	0.000	-0.07131319
0.750	2.250	0.000	-0.07146232
0.850	2.250	0.000	-0.07127804
0.950	2.250	0.000	-0.07015829
1.050	2.250	0.000	-0.06720059
1.150	2.250	0.000	-0.06231548
1.250	2.250	0.000	-0.05558707
1.350	2.250	0.000	-0.04863231
1.450	2.250	0.000	-0.04171738
1.550	2.250	0.000	-0.03510495
1.650	2.250	0.000	-0.02859314
1.750	2.250	0.000	-0.02238666
1.850	2.250	0.000	-0.01693199
1.950	2.250	0.000	-0.01270622
2.050	2.250	0.000	-0.00820512
2.150	2.250	0.000	-0.00407601
2.250	2.250	0.000	0.00147211
2.350	2.250	0.000	0.00571664
2.450	2.250	0.000	0.01169649
-2.450	2.350	0.000	-0.10075796
-2.350	2.350	0.000	-0.10427135
-2.250	2.350	0.000	-0.10659420
-2.150	2.350	0.000	-0.10838201
-2.050	2.350	0.000	-0.10912960
-1.950	2.350	0.000	-0.10808425
-1.850	2.350	0.000	-0.10722892
-1.750	2.350	0.000	-0.10744416
-1.650	2.350	0.000	-0.10809825
-1.550	2.350	0.000	-0.10925131
-1.450	2.350	0.000	-0.11084843
-1.350	2.350	0.000	-0.11186921
-1.250	2.350	0.000	-0.11317386
-1.150	2.350	0.000	-0.11420821
-1.050	2.350	0.000	-0.11469156
-0.950	2.350	0.000	-0.11489773
-0.850	2.350	0.000	-0.11492752
-0.750	2.350	0.000	-0.11397357
-0.650	2.350	0.000	-0.11237922
-0.550	2.350	0.000	-0.11063940
-0.450	2.350	0.000	-0.10740759
-0.350	2.350	0.000	-0.10320250
-0.250	2.350	0.000	-0.09874803
-0.150	2.350	0.000	-0.09412490
-0.050	2.350	0.000	-0.08969478
0.050	2.350	0.000	-0.08494598
0.150	2.350	0.000	-0.08110908
0.250	2.350	0.000	-0.07770476
0.350	2.350	0.000	-0.07476506
0.450	2.350	0.000	-0.07231721
0.550	2.350	0.000	-0.07061686
0.650	2.350	0.000	-0.06994727
0.750	2.350	0.000	-0.06962994
0.850	2.350	0.000	-0.06947792
0.950	2.350	0.000	-0.06884633
1.050	2.350	0.000	-0.06681438
1.150	2.350	0.000	-0.06325877
1.250	2.350	0.000	-0.05798791
1.350	2.350	0.000	-0.05190314
1.450	2.350	0.000	-0.04640198
1.550	2.350	0.000	-0.04091557
1.650	2.350	0.000	-0.03579199
1.750	2.350	0.000	-0.03098843
1.850	2.350	0.000	-0.02754485
1.950	2.350	0.000	-0.02532795
2.050	2.350	0.000	-0.02236494
2.150	2.350	0.000	-0.01957665
2.250	2.350	0.000	-0.01681835
2.350	2.350	0.000	-0.01151269
2.450	2.350	0.000	-0.00820809
-2.450	2.450	0.000	-0.08815943
-2.350	2.450	0.000	-0.09068194
-2.250	2.450	0.000	-0.09221612
-2.150	2.450	0.000	-0.09331085
-2.050	2.450	0.000	-0.09371572
-1.950	2.450	0.000	-0.09337004
-1.850	2.450	0.000	-0.09313116
-1.750	2.450	0.000	-0.09370785
-1.650	2.450	0.000	-0.09511293
-1.550	2.450	0.000	-0.09713211
-1.450	2.450	0.000	-0.09933162
-1.350	2.450	0.000	-0.10129680
-1.250	2.450	0.000	-0.10301466
-1.150	2.450	0.000	-0.10457365
-1.050	2.450	0.000	-0.10636657
-0.950	2.450	0.000	-0.10772765
-0.850	2.450	0.000	-0.10937085
-0.750	2.450	0.000	-0.10955750
-0.650	2.450	0.000	-0.10930053
-0.550	2.450	0.000	-0.10831981
-0.450	2.450	0.000	-0.10620537
-0.350	2.450	0.000	-0.10324480
-0.250	2.450	0.000	-0.10010808
-0.150	2.450	0.000	-0.09658528
-0.050	2.450	0.000	-0.09271141
0.050	2.450	0.000	-0.08855537
0.150	2.450	0.000	-0.08472282
0.250	2.450	0.000	-0.08130044
0.350	2.450	0.000	-0.07820596
0.450	2.450	0.000	-0.07533662
0.550	2.450	0.000	-0.07287192
0.650	2.450	0.000	-0.07082362
0.750	2.450	0.000	-0.06893308
0.850	2.450	0.000	-0.06720373
0.950	2.450	0.000	-0.06522882
1.050	2.450	0.000	-0.06228286
1.150	2.450	0.000	-0.05820042
1.250	2.450	0.000	-0.05232589
1.350	2.450	0.000	-0.04545420
1.450	2.450	0.000	-0.03890014
1.550	2.450	0.000	-0.03288472
1.650	2.450	0.000	-0.02815070
1.750	2.450	0.000	-0.02526163
1.850	2.450	0.000	-0.02386016
1.950	2.450	0.000	-0.02359008
2.050	2.450	0.000	-0.02229016
2.150	2.450	0.000	-0.02131914
2.250	2.450	0.000	-0.01981460
2.350	2.450	0.000	-0.01486183
2.450	2.450	0.000	-0.00768270
