-2.450	-2.450	0.000	-0.16747014
-2.350	-2.450	0.000	-0.16794176
-2.250	-2.450	0.000	-0.16814853
-2.150	-2.450	0.000	-0.16873012
-2.050	-2.450	0.000	-0.16964924
-1.950	-2.450	0.000	-0.17068021
-1.850	-2.450	0.000	-0.17106399
-1.750	-2.450	0.000	-0.17083040
-1.650	-2.450	0.000	-0.16993617
-1.550	-2.450	0.000	-0.16868393
-1.450	-2.450	0.000	-0.16766091
-1.350	-2.450	0.000	-0.16753528
-1.250	-2.450	0.000	-0.16771948
-1.150	-2.450	0.000	-0.16801085
-1.050	-2.450	0.000	-0.16822420
-0.950	-2.450	0.000	-0.16809265
-0.850	-2.450	0.000	-0.16766079
-0.750	-2.450	0.000	-0.16712710
-0.650	-2.450	0.000	-0.16663300
-0.550	-2.450	0.000	-0.16618185
-0.450	-2.450	0.000	-0.16570708
-0.350	-2.450	0.000	-0.16517222
-0.250	-2.450	0.000	-0.16430645
-0.150	-2.450	0.000	-0.16287655
-0.050	-2.450	0.000	-0.16089699
0.050	-2.450	0.000	-0.15847804
0.150	-2.450	0.000	-0.15596934
0.250	-2.450	0.000	-0.15373507
0.350	-2.450	0.000	-0.15195249
0.450	-2.450	0.000	-0.15056653
0.550	-2.450	0.000	-0.14939973
0.650	-2.450	0.000	-0.14831571
0.750	-2.450	0.000	-0.14719503
0.850	-2.450	0.000	-0.14596881
0.950	-2.450	0.000	-0.14474285
1.050	-2.450	0.000	-0.14360170
1.150	-2.450	0.000	-0.14266837
1.250	-2.450	0.000	-0.14189336
1.350	-2.450	0.000	-0.14119098
1.450	-2.450	0.000	-0.14060178
1.550	-2.450	0.000	-0.14008589
1.650	-2.450	0.000	-0.13959639
1.750	-2.450	0.000	-0.13926579
1.850	-2.450	0.000	-0.13890746
1.950	-2.450	0.000	-0.13830605
2.050	-2.450	0.000	-0.13761784
2.150	-2.450	0.000	-0.13660306
2.250	-2.450	0.000	-0.13499849
2.350	-2.450	0.000	-0.13377820
2.450	-2.450	0.000	-0.13101447
-2.450	-2.350	0.000	-0.16776194
-2.350	-2.350	0.000	-0.16824760
-2.250	-2.350	0.000	-0.16835900
-2.150	-2.350	0.000	-0.16878724
-2.050	-2.350	0.000	-0.16954444
-1.950	-2.350	0.000	-0.17065537
-1.850	-2.350	0.000	-0.17115334
-1.750	-2.350	0.000	-0.17110173
-1.650	-2.350	0.000	-0.17035611
-1.550	-2.350	0.000	-0.16908301
-1.450	-2.350	0.000	-0.16764478
-1.350	-2.350	0.000	-0.16735123
-1.250	-2.350	0.000	-0.16747123
-1.150	-2.350	0.000	-0.16796009
-1.050	-2.350	0.000	-0.16849609
-0.950	-2.350	0.000	-0.16868430
-0.850	-2.350	0.000	-0.16844265
-0.750	-2.350	0.000	-0.16782333
-0.650	-2.350	0.000	-0.16699907
-0.550	-2.350	0.000	-0.16608733
-0.450	-2.350	0.000	-0.16520466
-0.350	-2.350	0.000	-0.16433598
-0.250	-2.350	0.000	-0.16339239
-0.150	-2.350	0.000	-0.16219577
-0.050	-2.350	0.000	-0.16064161
0.050	-2.350	0.000	-0.15862529
0.150	-2.350	0.000	-0.15640229
0.250	-2.350	0.000	-0.15428551
0.350	-2.350	0.000	-0.15255736
0.450	-2.350	0.000	-0.15126878
0.550	-2.350	0.000	-0.15025970
0.650	-2.350	0.000	-0.14932097
0.750	-2.350	0.000	-0.14828330
0.850	-2.350	0.000	-0.14705269
0.950	-2.350	0.000	-0.14572340
1.050	-2.350	0.000	-0.14444681
1.150	-2.350	0.000	-0.14334476
1.250	-2.350	0.000	-0.14237252
1.350	-2.350	0.000	-0.14152199
1.450	-2.350	0.000	-0.14082095
1.550	-2.350	0.000	-0.14031534
1.650	-2.350	0.000	-0.13999520
1.750	-2.350	0.000	-0.13984887
1.850	-2.350	0.000	-0.13960426
1.950	-2.350	0.000	-0.13909261
2.050	-2.350	0.000	-0.13836922
2.150	-2.350	0.000	-0.13729131
2.250	-2.350	0.000	-0.13566311
2.350	-2.350	0.000	-0.13443255
2.450	-2.350	0.000	-0.13192739
-2.450	-2.250	0.000	-0.16716750
-2.350	-2.250	0.000	-0.16773890
-2.250	-2.250	0.000	-0.16808616
-2.150	-2.250	0.000	-0.16863526
-2.050	-2.250	0.000	-0.16944152
-1.950	-2.250	0.000	-0.17074698
-1.850	-2.250	0.000	-0.17147534
-1.750	-2.250	0.000	-0.17161533
-1.650	-2.250	0.000	-0.17102742
-1.550	-2.250	0.000	-0.16995084
-1.450	-2.250	0.000	-0.16858740
-1.350	-2.250	0.000	-0.16789840
-1.250	-2.250	0.000	-0.16791812
-1.150	-2.250	0.000	-0.16839273
-1.050	-2.250	0.000	-0.16923085
-0.950	-2.250	0.000	-0.16955967
-0.850	-2.250	0.000	-0.16946541
-0.750	-2.250	0.000	-0.16883694
-0.650	-2.250	0.000	-0.16779986
-0.550	-2.250	0.000	-0.16644447
-0.450	-2.250	0.000	-0.16506812
-0.350	-2.250	0.000	-0.16380550
-0.250	-2.250	0.000	-0.16257937
-0.150	-2.250	0.000	-0.16131493
-0.050	-2.250	0.000	-0.15986966
0.050	-2.250	0.000	-0.15815033
0.150	-2.250	0.000	-0.15608077
0.250	-2.250	0.000	-0.15397927
0.350	-2.250	0.000	-0.15215558
0.450	-2.250	0.000	-0.15075842
0.550	-2.250	0.000	-0.14970255
0.650	-2.250	0.000	-0.14880975
0.750	-2.250	0.000	-0.14791067
0.850	-2.250	0.000	-0.14690669
0.950	-2.250	0.000	-0.14584967
1.050	-2.250	0.000	-0.14483552
1.150	-2.250	0.000	-0.14396791
1.250	-2.250	0.000	-0.14326000
1.350	-2.250	0.000	-0.14267649
1.450	-2.250	0.000	-0.14222941
1.550	-2.250	0.000	-0.14193369
1.650	-2.250	0.000	-0.14176860
1.750	-2.250	0.000	-0.14163831
1.850	-2.250	0.000	-0.14139506
1.950	-2.250	0.000	-0.14088088
2.050	-2.250	0.000	-0.14000227
2.150	-2.250	0.000	-0.13888936
2.250	-2.250	0.000	-0.13738552
2.350	-2.250	0.000	-0.13631055
2.450	-2.250	0.000	-0.13432373
-2.450	-2.150	0.000	-0.16605765
-2.350	-2.150	0.000	-0.16675037
-2.250	-2.150	0.000	-0.16734496
-2.150	-2.150	0.000	-0.16799635
-2.050	-2.150	0.000	-0.16884358
-1.950	-2.150	0.000	-0.17018053
-1.850	-2.150	0.000	-0.17115766
-1.750	-2.150	0.000	-0.17160954
-1.650	-2.150	0.000	-0.17115471
-1.550	-2.150	0.000	-0.17017151
-1.450	-2.150	0.000	-0.16884564
-1.350	-2.150	0.000	-0.16794571
-1.250	-2.150	0.000	-0.16790280
-1.150	-2.150	0.000	-0.16834371
-1.050	-2.150	0.000	-0.16926590
-0.950	-2.150	0.000	-0.16984034
-0.850	-2.150	0.000	-0.16990671
-0.750	-2.150	0.000	-0.16937180
-0.650	-2.150	0.000	-0.16814283
-0.550	-2.150	0.000	-0.16643095
-0.450	-2.150	0.000	-0.16456865
-0.350	-2.150	0.000	-0.16276981
-0.250	-2.150	0.000	-0.16116257
-0.150	-2.150	0.000	-0.15980375
-0.050	-2.150	0.000	-0.15855722
0.050	-2.150	0.000	-0.15715772
0.150	-2.150	0.000	-0.15554902
0.250	-2.150	0.000	-0.15372962
0.350	-2.150	0.000	-0.15198635
0.450	-2.150	0.000	-0.15054281
0.550	-2.150	0.000	-0.14944297
0.650	-2.150	0.000	-0.14861408
0.750	-2.150	0.000	-0.14788043
0.850	-2.150	0.000	-0.14716643
0.950	-2.150	0.000	-0.14649738
1.050	-2.150	0.000	-0.14589088
1.150	-2.150	0.000	-0.14537703
1.250	-2.150	0.000	-0.14497322
1.350	-2.150	0.000	-0.14463548
1.450	-2.150	0.000	-0.14432883
1.550	-2.150	0.000	-0.14399688
1.650	-2.150	0.000	-0.14359471
1.750	-2.150	0.000	-0.14315405
1.850	-2.150	0.000	-0.14254175
1.950	-2.150	0.000	-0.14165775
2.050	-2.150	0.000	-0.14047331
2.150	-2.150	0.000	-0.13918181
2.250	-2.150	0.000	-0.13763848
2.350	-2.150	0.000	-0.13658863
2.450	-2.150	0.000	-0.13496029
-2.450	-2.050	0.000	-0.16463245
-2.350	-2.050	0.000	-0.16544232
-2.250	-2.050	0.000	-0.16627802
-2.150	-2.050	0.000	-0.16702545
-2.050	-2.050	0.000	-0.16792253
-1.950	-2.050	0.000	-0.16933756
-1.850	-2.050	0.000	-0.17052510
-1.750	-2.050	0.000	-0.17128552
-1.650	-2.050	0.000	-0.17108297
-1.550	-2.050	0.000	-0.17038642
-1.450	-2.050	0.000	-0.16920938
-1.350	-2.050	0.000	-0.16821434
-1.250	-2.050	0.000	-0.16803944
-1.150	-2.050	0.000	-0.16838467
-1.050	-2.050	0.000	-0.16925125
-0.950	-2.050	0.000	-0.16995458
-0.850	-2.050	0.000	-0.17013025
-0.750	-2.050	0.000	-0.16974525
-0.650	-2.050	0.000	-0.16852367
-0.550	-2.050	0.000	-0.16656236
-0.450	-2.050	0.000	-0.16430995
-0.350	-2.050	0.000	-0.16204263
-0.250	-2.050	0.000	-0.16001906
-0.150	-2.050	0.000	-0.15835257
-0.050	-2.050	0.000	-0.15693626
0.050	-2.050	0.000	-0.15565249
0.150	-2.050	0.000	-0.15426423
0.250	-2.050	0.000	-0.15276948
0.350	-2.050	0.000	-0.15123732
0.450	-2.050	0.000	-0.14987192
0.550	-2.050	0.000	-0.14883883
0.650	-2.050	0.000	-0.14812118
0.750	-2.050	0.000	-0.14757322
0.850	-2.050	0.000	-0.14712219
0.950	-2.050	0.000	-0.14674444
1.050	-2.050	0.000	-0.14644763
1.150	-2.050	0.000	-0.14621614
1.250	-2.050	0.000	-0.14602706
1.350	-2.050	0.000	-0.14586796
1.450	-2.050	0.000	-0.14572071
1.550	-2.050	0.000	-0.14546865
1.650	-2.050	0.000	-0.14514504
1.750	-2.050	0.000	-0.14470285
1.850	-2.050	0.000	-0.14394478
1.950	-2.050	0.000	-0.14285575
2.050	-2.050	0.000	-0.14140345
2.150	-2.050	0.000	-0.13992378
2.250	-2.050	0.000	-0.13831688
2.350	-2.050	0.000	-0.13717639
2.450	-2.050	0.000	-0.13583516
-2.450	-1.950	0.000	-0.16315509
-2.350	-1.950	0.000	-0.16400501
-2.250	-1.950	0.000	-0.16502835
-2.150	-1.950	0.000	-0.16590096
-2.050	-1.950	0.000	-0.16688377
-1.950	-1.950	0.000	-0.16833661
-1.850	-1.950	0.000	-0.16972631
-1.750	-1.950	0.000	-0.17071962
-1.650	-1.950	0.000	-0.17073290
-1.550	-1.950	0.000	-0.17017868
-1.450	-1.950	0.000	-0.16919310
-1.350	-1.950	0.000	-0.16810082
-1.250	-1.950	0.000	-0.16767560
-1.150	-1.950	0.000	-0.16793329
-1.050	-1.950	0.000	-0.16870868
-0.950	-1.950	0.000	-0.16948378
-0.850	-1.950	0.000	-0.16978447
-0.750	-1.950	0.000	-0.16959400
-0.650	-1.950	0.000	-0.16844632
-0.550	-1.950	0.000	-0.16634965
-0.450	-1.950	0.000	-0.16372494
-0.350	-1.950	0.000	-0.16101730
-0.250	-1.950	0.000	-0.15853091
-0.150	-1.950	0.000	-0.15642470
-0.050	-1.950	0.000	-0.15471737
0.050	-1.950	0.000	-0.15330003
0.150	-1.950	0.000	-0.15205970
0.250	-1.950	0.000	-0.15093601
0.350	-1.950	0.000	-0.14992264
0.450	-1.950	0.000	-0.14906387
0.550	-1.950	0.000	-0.14840737
0.650	-1.950	0.000	-0.14793433
0.750	-1.950	0.000	-0.14768338
0.850	-1.950	0.000	-0.14759973
0.950	-1.950	0.000	-0.14759426
1.050	-1.950	0.000	-0.14756300
1.150	-1.950	0.000	-0.14740680
1.250	-1.950	0.000	-0.14715219
1.350	-1.950	0.000	-0.14684297
1.450	-1.950	0.000	-0.14652066
1.550	-1.950	0.000	-0.14614905
1.650	-1.950	0.000	-0.14572154
1.750	-1.950	0.000	-0.14510290
1.850	-1.950	0.000	-0.14413747
1.950	-1.950	0.000	-0.14282846
2.050	-1.950	0.000	-0.14111815
2.150	-1.950	0.000	-0.13937545
2.250	-1.950	0.000	-0.13760051
2.350	-1.950	0.000	-0.13626756
2.450	-1.950	0.000	-0.13507164
-2.450	-1.850	0.000	-0.16152161
-2.350	-1.850	0.000	-0.16238746
-2.250	-1.850	0.000	-0.16357057
-2.150	-1.850	0.000	-0.16460702
-2.050	-1.850	0.000	-0.16573748
-1.950	-1.850	0.000	-0.16720673
-1.850	-1.850	0.000	-0.16875021
-1.750	-1.850	0.000	-0.16983242
-1.650	-1.850	0.000	-0.17027667
-1.550	-1.850	0.000	-0.16986111
-1.450	-1.850	0.000	-0.16895719
-1.350	-1.850	0.000	-0.16778152
-1.250	-1.850	0.000	-0.16719185
-1.150	-1.850	0.000	-0.16736314
-1.050	-1.850	0.000	-0.16809626
-0.950	-1.850	0.000	-0.16893201
-0.850	-1.850	0.000	-0.16933680
-0.750	-1.850	0.000	-0.16928674
-0.650	-1.850	0.000	-0.16833466
-0.550	-1.850	0.000	-0.16622737
-0.450	-1.850	0.000	-0.16333291
-0.350	-1.850	0.000	-0.16010569
-0.250	-1.850	0.000	-0.15700588
-0.150	-1.850	0.000	-0.15429240
-0.050	-1.850	0.000	-0.15214229
0.050	-1.850	0.000	-0.15068443
0.150	-1.850	0.000	-0.14974368
0.250	-1.850	0.000	-0.14910430
0.350	-1.850	0.000	-0.14863986
0.450	-1.850	0.000	-0.14829557
0.550	-1.850	0.000	-0.14803170
0.650	-1.850	0.000	-0.14786008
0.750	-1.850	0.000	-0.14777102
0.850	-1.850	0.000	-0.14775513
0.950	-1.850	0.000	-0.14777900
1.050	-1.850	0.000	-0.14773300
1.150	-1.850	0.000	-0.14751403
1.250	-1.850	0.000	-0.14718561
1.350	-1.850	0.000	-0.14677934
1.450	-1.850	0.000	-0.14633885
1.550	-1.850	0.000	-0.14584866
1.650	-1.850	0.000	-0.14529909
1.750	-1.850	0.000	-0.14457540
1.850	-1.850	0.000	-0.14359465
1.950	-1.850	0.000	-0.14234567
2.050	-1.850	0.000	-0.14068842
2.150	-1.850	0.000	-0.13894732
2.250	-1.850	0.000	-0.13715203
2.350	-1.850	0.000	-0.13571160
2.450	-1.850	0.000	-0.13435140
-2.450	-1.750	0.000	-0.16038290
-2.350	-1.750	0.000	-0.16123421
-2.250	-1.750	0.000	-0.16251764
-2.150	-1.750	0.000	-0.16365242
-2.050	-1.750	0.000	-0.16485314
-1.950	-1.750	0.000	-0.16629849
-1.850	-1.750	0.000	-0.16783740
-1.750	-1.750	0.000	-0.16896555
-1.650	-1.750	0.000	-0.16946425
-1.550	-1.750	0.000	-0.16913481
-1.450	-1.750	0.000	-0.16828354
-1.350	-1.750	0.000	-0.16716529
-1.250	-1.750	0.000	-0.16646998
-1.150	-1.750	0.000	-0.16656674
-1.050	-1.750	0.000	-0.16732332
-0.950	-1.750	0.000	-0.16825363
-0.850	-1.750	0.000	-0.16892855
-0.750	-1.750	0.000	-0.16900001
-0.650	-1.750	0.000	-0.16821955
-0.550	-1.750	0.000	-0.16602914
-0.450	-1.750	0.000	-0.16270725
-0.350	-1.750	0.000	-0.15889625
-0.250	-1.750	0.000	-0.15509748
-0.150	-1.750	0.000	-0.15162857
-0.050	-1.750	0.000	-0.14882286
0.050	-1.750	0.000	-0.14716439
0.150	-1.750	0.000	-0.14654329
0.250	-1.750	0.000	-0.14659671
0.350	-1.750	0.000	-0.14693958
0.450	-1.750	0.000	-0.14733361
0.550	-1.750	0.000	-0.14761654
0.650	-1.750	0.000	-0.14773625
0.750	-1.750	0.000	-0.14777116
0.850	-1.750	0.000	-0.14778128
0.950	-1.750	0.000	-0.14773452
1.050	-1.750	0.000	-0.14756951
1.150	-1.750	0.000	-0.14726055
1.250	-1.750	0.000	-0.14682715
1.350	-1.750	0.000	-0.14622700
1.450	-1.750	0.000	-0.14551452
1.550	-1.750	0.000	-0.14478266
1.650	-1.750	0.000	-0.14410652
1.750	-1.750	0.000	-0.14336522
1.850	-1.750	0.000	-0.14249662
1.950	-1.750	0.000	-0.14143427
2.050	-1.750	0.000	-0.14003238
2.150	-1.750	0.000	-0.13851196
2.250	-1.750	0.000	-0.13679901
2.350	-1.750	0.000	-0.13544521
2.450	-1.750	0.000	-0.13376611
-2.450	-1.650	0.000	-0.15931016
-2.350	-1.650	0.000	-0.16007973
-2.250	-1.650	0.000	-0.16136952
-2.150	-1.650	0.000	-0.16249187
-2.050	-1.650	0.000	-0.16369323
-1.950	-1.650	0.000	-0.16510461
-1.850	-1.650	0.000	-0.16657428
-1.750	-1.650	0.000	-0.16768669
-1.650	-1.650	0.000	-0.16823095
-1.550	-1.650	0.000	-0.16802123
-1.450	-1.650	0.000	-0.16737358
-1.350	-1.650	0.000	-0.16649443
-1.250	-1.650	0.000	-0.16592520
-1.150	-1.650	0.000	-0.16605091
-1.050	-1.650	0.000	-0.16690528
-0.950	-1.650	0.000	-0.16795303
-0.850	-1.650	0.000	-0.16885862
-0.750	-1.650	0.000	-0.16899119
-0.650	-1.650	0.000	-0.16826542
-0.550	-1.650	0.000	-0.16606730
-0.450	-1.650	0.000	-0.16229858
-0.350	-1.650	0.000	-0.15784827
-0.250	-1.650	0.000	-0.15324157
-0.150	-1.650	0.000	-0.14878562
-0.050	-1.650	0.000	-0.14537504
0.050	-1.650	0.000	-0.14368947
0.150	-1.650	0.000	-0.14361998
0.250	-1.650	0.000	-0.14408234
0.350	-1.650	0.000	-0.14512700
0.450	-1.650	0.000	-0.14616977
0.550	-1.650	0.000	-0.14693053
0.650	-1.650	0.000	-0.14728810
0.750	-1.650	0.000	-0.14743973
0.850	-1.650	0.000	-0.14746366
0.950	-1.650	0.000	-0.14733340
1.050	-1.650	0.000	-0.14704150
1.150	-1.650	0.000	-0.14655419
1.250	-1.650	0.000	-0.14588635
1.350	-1.650	0.000	-0.14505255
1.450	-1.650	0.000	-0.14417450
1.550	-1.650	0.000	-0.14333993
1.650	-1.650	0.000	-0.14265338
1.750	-1.650	0.000	-0.14198302
1.850	-1.650	0.000	-0.14127266
1.950	-1.650	0.000	-0.14045070
2.050	-1.650	0.000	-0.13938059
2.150	-1.650	0.000	-0.13816999
2.250	-1.650	0.000	-0.13663363
2.350	-1.650	0.000	-0.13542472
2.450	-1.650	0.000	-0.13351923
-2.450	-1.550	0.000	-0.15866971
-2.350	-1.550	0.000	-0.15933600
-2.250	-1.550	0.000	-0.16057310
-2.150	-1.550	0.000	-0.16165714
-2.050	-1.550	0.000	-0.16286927
-1.950	-1.550	0.000	-0.16425522
-1.850	-1.550	0.000	-0.16564415
-1.750	-1.550	0.000	-0.16668922
-1.650	-1.550	0.000	-0.16732275
-1.550	-1.550	0.000	-0.16712703
-1.450	-1.550	0.000	-0.16655909
-1.350	-1.550	0.000	-0.16588289
-1.250	-1.550	0.000	-0.16564593
-1.150	-1.550	0.000	-0.16590749
-1.050	-1.550	0.000	-0.16699301
-0.950	-1.550	0.000	-0.16816284
-0.850	-1.550	0.000	-0.16908585
-0.750	-1.550	0.000	-0.16918716
-0.650	-1.550	0.000	-0.16836460
-0.550	-1.550	0.000	-0.16588157
-0.450	-1.550	0.000	-0.16148756
-0.350	-1.550	0.000	-0.15620786
-0.250	-1.550	0.000	-0.15055160
-0.150	-1.550	0.000	-0.14510056
-0.050	-1.550	0.000	-0.14128736
0.050	-1.550	0.000	-0.14026088
0.150	-1.550	0.000	-0.14057113
0.250	-1.550	0.000	-0.14160307
0.350	-1.550	0.000	-0.14333563
0.450	-1.550	0.000	-0.14502278
0.550	-1.550	0.000	-0.14610438
0.650	-1.550	0.000	-0.14671251
0.750	-1.550	0.000	-0.14688231
0.850	-1.550	0.000	-0.14695421
0.950	-1.550	0.000	-0.14680901
1.050	-1.550	0.000	-0.14645493
1.150	-1.550	0.000	-0.14588298
1.250	-1.550	0.000	-0.14511919
1.350	-1.550	0.000	-0.14424700
1.450	-1.550	0.000	-0.14337413
1.550	-1.550	0.000	-0.14256044
1.650	-1.550	0.000	-0.14189491
1.750	-1.550	0.000	-0.14127375
1.850	-1.550	0.000	-0.14067374
1.950	-1.550	0.000	-0.14003775
2.050	-1.550	0.000	-0.13917412
2.150	-1.550	0.000	-0.13812540
2.250	-1.550	0.000	-0.13673858
2.350	-1.550	0.000	-0.13567986
2.450	-1.550	0.000	-0.13371749
-2.450	-1.450	0.000	-0.15822499
-2.350	-1.450	0.000	-0.15877526
-2.250	-1.450	0.000	-0.16001718
-2.150	-1.450	0.000	-0.16113339
-2.050	-1.450	0.000	-0.16239953
-1.950	-1.450	0.000	-0.16374524
-1.850	-1.450	0.000	-0.16499893
-1.750	-1.450	0.000	-0.16594669
-1.650	-1.450	0.000	-0.16644622
-1.550	-1.450	0.000	-0.16624427
-1.450	-1.450	0.000	-0.16577518
-1.350	-1.450	0.000	-0.16530335
-1.250	-1.450	0.000	-0.16525698
-1.150	-1.450	0.000	-0.16576749
-1.050	-1.450	0.000	-0.16711231
-0.950	-1.450	0.000	-0.16847041
-0.850	-1.450	0.000	-0.16937120
-0.750	-1.450	0.000	-0.16937062
-0.650	-1.450	0.000	-0.16850564
-0.550	-1.450	0.000	-0.16559371
-0.450	-1.450	0.000	-0.16059396
-0.350	-1.450	0.000	-0.15450779
-0.250	-1.450	0.000	-0.14780603
-0.150	-1.450	0.000	-0.14165674
-0.050	-1.450	0.000	-0.13790777
0.050	-1.450	0.000	-0.13757332
0.150	-1.450	0.000	-0.13817281
0.250	-1.450	0.000	-0.13988785
0.350	-1.450	0.000	-0.14213254
0.450	-1.450	0.000	-0.14419934
0.550	-1.450	0.000	-0.14552909
0.650	-1.450	0.000	-0.14620948
0.750	-1.450	0.000	-0.14637893
0.850	-1.450	0.000	-0.14645541
0.950	-1.450	0.000	-0.14634117
1.050	-1.450	0.000	-0.14602646
1.150	-1.450	0.000	-0.14553009
1.250	-1.450	0.000	-0.14484438
1.350	-1.450	0.000	-0.14398867
1.450	-1.450	0.000	-0.14306742
1.550	-1.450	0.000	-0.14215764
1.650	-1.450	0.000	-0.14139529
1.750	-1.450	0.000	-0.14075546
1.850	-1.450	0.000	-0.14022633
1.950	-1.450	0.000	-0.13972504
2.050	-1.450	0.000	-0.13906929
2.150	-1.450	0.000	-0.13824938
2.250	-1.450	0.000	-0.13697892
2.350	-1.450	0.000	-0.13597280
2.450	-1.450	0.000	-0.13394095
-2.450	-1.350	0.000	-0.15798377
-2.350	-1.350	0.000	-0.15840444
-2.250	-1.350	0.000	-0.15966401
-2.150	-1.350	0.000	-0.16082346
-2.050	-1.350	0.000	-0.16210176
-1.950	-1.350	0.000	-0.16338831
-1.850	-1.350	0.000	-0.16450270
-1.750	-1.350	0.000	-0.16535048
-1.650	-1.350	0.000	-0.16574365
-1.550	-1.350	0.000	-0.16564608
-1.450	-1.350	0.000	-0.16527973
-1.350	-1.350	0.000	-0.16507311
-1.250	-1.350	0.000	-0.16521031
-1.150	-1.350	0.000	-0.16596793
-1.050	-1.350	0.000	-0.16747466
-0.950	-1.350	0.000	-0.16892131
-0.850	-1.350	0.000	-0.16970654
-0.750	-1.350	0.000	-0.16948694
-0.650	-1.350	0.000	-0.16852435
-0.550	-1.350	0.000	-0.16513696
-0.450	-1.350	0.000	-0.15956537
-0.350	-1.350	0.000	-0.15277258
-0.250	-1.350	0.000	-0.14522545
-0.150	-1.350	0.000	-0.13864344
-0.050	-1.350	0.000	-0.13549449
0.050	-1.350	0.000	-0.13566487
0.150	-1.350	0.000	-0.13656524
0.250	-1.350	0.000	-0.13867913
0.350	-1.350	0.000	-0.14124878
0.450	-1.350	0.000	-0.14350523
0.550	-1.350	0.000	-0.14492817
0.650	-1.350	0.000	-0.14560457
0.750	-1.350	0.000	-0.14584297
0.850	-1.350	0.000	-0.14598221
0.950	-1.350	0.000	-0.14599733
1.050	-1.350	0.000	-0.14583725
1.150	-1.350	0.000	-0.14548090
1.250	-1.350	0.000	-0.14487837
1.350	-1.350	0.000	-0.14399806
1.450	-1.350	0.000	-0.14295763
1.550	-1.350	0.000	-0.14185721
1.650	-1.350	0.000	-0.14089726
1.750	-1.350	0.000	-0.14014506
1.850	-1.350	0.000	-0.13963839
1.950	-1.350	0.000	-0.13927720
2.050	-1.350	0.000	-0.13886210
2.150	-1.350	0.000	-0.13832042
2.250	-1.350	0.000	-0.13721462
2.350	-1.350	0.000	-0.13626419
2.450	-1.350	0.000	-0.13422938
-2.450	-1.250	0.000	-0.15771270
-2.350	-1.250	0.000	-0.15800196
-2.250	-1.250	0.000	-0.15924478
-2.150	-1.250	0.000	-0.16045247
-2.050	-1.250	0.000	-0.16171619
-1.950	-1.250	0.000	-0.16295081
-1.850	-1.250	0.000	-0.16396888
-1.750	-1.250	0.000	-0.16470984
-1.650	-1.250	0.000	-0.16505468
-1.550	-1.250	0.000	-0.16501234
-1.450	-1.250	0.000	-0.16479939
-1.350	-1.250	0.000	-0.16480426
-1.250	-1.250	0.000	-0.16521065
-1.150	-1.250	0.000	-0.16626361
-1.050	-1.250	0.000	-0.16803928
-0.950	-1.250	0.000	-0.16960992
-0.850	-1.250	0.000	-0.17018956
-0.750	-1.250	0.000	-0.16978262
-0.650	-1.250	0.000	-0.16849466
-0.550	-1.250	0.000	-0.16452600
-0.450	-1.250	0.000	-0.15848204
-0.350	-1.250	0.000	-0.15094426
-0.250	-1.250	0.000	-0.14299378
-0.150	-1.250	0.000	-0.13653290
-0.050	-1.250	0.000	-0.13441493
0.050	-1.250	0.000	-0.13473265
0.150	-1.250	0.000	-0.13591756
0.250	-1.250	0.000	-0.13821313
0.350	-1.250	0.000	-0.14085002
0.450	-1.250	0.000	-0.14299615
0.550	-1.250	0.000	-0.14432958
0.650	-1.250	0.000	-0.14497952
0.750	-1.250	0.000	-0.14531347
0.850	-1.250	0.000	-0.14557338
0.950	-1.250	0.000	-0.14574178
1.050	-1.250	0.000	-0.14571790
1.150	-1.250	0.000	-0.14547312
1.250	-1.250	0.000	-0.14489789
1.350	-1.250	0.000	-0.14395936
1.450	-1.250	0.000	-0.14277859
1.550	-1.250	0.000	-0.14150134
1.650	-1.250	0.000	-0.14032915
1.750	-1.250	0.000	-0.13939647
1.850	-1.250	0.000	-0.13881315
1.950	-1.250	0.000	-0.13847816
2.050	-1.250	0.000	-0.13814193
2.150	-1.250	0.000	-0.13776639
2.250	-1.250	0.000	-0.13695066
2.350	-1.250	0.000	-0.13614225
2.450	-1.250	0.000	-0.13418294
-2.450	-1.150	0.000	-0.15730704
-2.350	-1.150	0.000	-0.15749206
-2.250	-1.150	0.000	-0.15863116
-2.150	-1.150	0.000	-0.15986185
-2.050	-1.150	0.000	-0.16115005
-1.950	-1.150	0.000	-0.16235891
-1.850	-1.150	0.000	-0.16330712
-1.750	-1.150	0.000	-0.16397992
-1.650	-1.150	0.000	-0.16427545
-1.550	-1.150	0.000	-0.16427319
-1.450	-1.150	0.000	-0.16427150
-1.350	-1.150	0.000	-0.16449697
-1.250	-1.150	0.000	-0.16526517
-1.150	-1.150	0.000	-0.16665851
-1.050	-1.150	0.000	-0.16869037
-0.950	-1.150	0.000	-0.17036660
-0.850	-1.150	0.000	-0.17068355
-0.750	-1.150	0.000	-0.17011535
-0.650	-1.150	0.000	-0.16831556
-0.550	-1.150	0.000	-0.16369995
-0.450	-1.150	0.000	-0.15715529
-0.350	-1.150	0.000	-0.14918956
-0.250	-1.150	0.000	-0.14132594
-0.150	-1.150	0.000	-0.13530557
-0.050	-1.150	0.000	-0.13397466
0.050	-1.150	0.000	-0.13431723
0.150	-1.150	0.000	-0.13566475
0.250	-1.150	0.000	-0.13798833
0.350	-1.150	0.000	-0.14050937
0.450	-1.150	0.000	-0.14232765
0.550	-1.150	0.000	-0.14336191
0.650	-1.150	0.000	-0.14380650
0.750	-1.150	0.000	-0.14414302
0.850	-1.150	0.000	-0.14449345
0.950	-1.150	0.000	-0.14482190
1.050	-1.150	0.000	-0.14501071
1.150	-1.150	0.000	-0.14490032
1.250	-1.150	0.000	-0.14449321
1.350	-1.150	0.000	-0.14363624
1.450	-1.150	0.000	-0.14244297
1.550	-1.150	0.000	-0.14109452
1.650	-1.150	0.000	-0.13981640
1.750	-1.150	0.000	-0.13875718
1.850	-1.150	0.000	-0.13804084
1.950	-1.150	0.000	-0.13761427
2.050	-1.150	0.000	-0.13728333
2.150	-1.150	0.000	-0.13694954
2.250	-1.150	0.000	-0.13622573
2.350	-1.150	0.000	-0.13553458
2.450	-1.150	0.000	-0.13366459
-2.450	-1.050	0.000	-0.15681200
-2.350	-1.050	0.000	-0.15694813
-2.250	-1.050	0.000	-0.15792847
-2.150	-1.050	0.000	-0.15918715
-2.050	-1.050	0.000	-0.16058828
-1.950	-1.050	0.000	-0.16181992
-1.850	-1.050	0.000	-0.16276324
-1.750	-1.050	0.000	-0.16336943
-1.650	-1.050	0.000	-0.16358523
-1.550	-1.050	0.000	-0.16358204
-1.450	-1.050	0.000	-0.16373771
-1.350	-1.050	0.000	-0.16424519
-1.250	-1.050	0.000	-0.16537425
-1.150	-1.050	0.000	-0.16711514
-1.050	-1.050	0.000	-0.16927931
-0.950	-1.050	0.000	-0.17112169
-0.850	-1.050	0.000	-0.17101021
-0.750	-1.050	0.000	-0.17013671
-0.650	-1.050	0.000	-0.16787411
-0.550	-1.050	0.000	-0.16282004
-0.450	-1.050	0.000	-0.15592009
-0.350	-1.050	0.000	-0.14794733
-0.250	-1.050	0.000	-0.14036666
-0.150	-1.050	0.000	-0.13509074
-0.050	-1.050	0.000	-0.13471144
0.050	-1.050	0.000	-0.13505222
0.150	-1.050	0.000	-0.13639574
0.250	-1.050	0.000	-0.13839136
0.350	-1.050	0.000	-0.14039885
0.450	-1.050	0.000	-0.14187044
0.550	-1.050	0.000	-0.14234562
0.650	-1.050	0.000	-0.14249419
0.750	-1.050	0.000	-0.14268918
0.850	-1.050	0.000	-0.14294586
0.950	-1.050	0.000	-0.14329791
1.050	-1.050	0.000	-0.14366569
1.150	-1.050	0.000	-0.14373644
1.250	-1.050	0.000	-0.14354794
1.350	-1.050	0.000	-0.14286575
1.450	-1.050	0.000	-0.14171621
1.550	-1.050	0.000	-0.14036550
1.650	-1.050	0.000	-0.13906845
1.750	-1.050	0.000	-0.13796297
1.850	-1.050	0.000	-0.13715662
1.950	-1.050	0.000	-0.13659671
2.050	-1.050	0.000	-0.13616516
2.150	-1.050	0.000	-0.13577643
2.250	-1.050	0.000	-0.13517654
2.350	-1.050	0.000	-0.13454844
2.450	-1.050	0.000	-0.13290952
-2.450	-0.950	0.000	-0.15647998
-2.350	-0.950	0.000	-0.15659919
-2.250	-0.950	0.000	-0.15738691
-2.150	-0.950	0.000	-0.15870179
-2.050	-0.950	0.000	-0.16019455
-1.950	-0.950	0.000	-0.16150154
-1.850	-0.950	0.000	-0.16245881
-1.750	-0.950	0.000	-0.16308166
-1.650	-0.950	0.000	-0.16323915
-1.550	-0.950	0.000	-0.16328126
-1.450	-0.950	0.000	-0.16360326
-1.350	-0.950	0.000	-0.16433235
-1.250	-0.950	0.000	-0.16560060
-1.150	-0.950	0.000	-0.16747387
-1.050	-0.950	0.000	-0.16965587
-0.950	-0.950	0.000	-0.17148361
-0.850	-0.950	0.000	-0.17113553
-0.750	-0.950	0.000	-0.17008995
-0.650	-0.950	0.000	-0.16742295
-0.550	-0.950	0.000	-0.16210164
-0.450	-0.950	0.000	-0.15518394
-0.350	-0.950	0.000	-0.14739139
-0.250	-0.950	0.000	-0.14016157
-0.150	-0.950	0.000	-0.13648006
-0.050	-0.950	0.000	-0.13645788
0.050	-0.950	0.000	-0.13673705
0.150	-0.950	0.000	-0.13772193
0.250	-0.950	0.000	-0.13915648
0.350	-0.950	0.000	-0.14042433
0.450	-0.950	0.000	-0.14115477
0.550	-0.950	0.000	-0.14122918
0.650	-0.950	0.000	-0.14111432
0.750	-0.950	0.000	-0.14107789
0.850	-0.950	0.000	-0.14121868
0.950	-0.950	0.000	-0.14145371
1.050	-0.950	0.000	-0.14179598
1.150	-0.950	0.000	-0.14199120
1.250	-0.950	0.000	-0.14189130
1.350	-0.950	0.000	-0.14140745
1.450	-0.950	0.000	-0.14044696
1.550	-0.950	0.000	-0.13923949
1.650	-0.950	0.000	-0.13804412
1.750	-0.950	0.000	-0.13698907
1.850	-0.950	0.000	-0.13615502
1.950	-0.950	0.000	-0.13548666
2.050	-0.950	0.000	-0.13494228
2.150	-0.950	0.000	-0.13444623
2.250	-0.950	0.000	-0.13390061
2.350	-0.950	0.000	-0.13332814
2.450	-0.950	0.000	-0.13188086
-2.450	-0.850	0.000	-0.15631549
-2.350	-0.850	0.000	-0.15643467
-2.250	-0.850	0.000	-0.15706298
-2.150	-0.850	0.000	-0.15844549
-2.050	-0.850	0.000	-0.16005397
-1.950	-0.850	0.000	-0.16152969
-1.850	-0.850	0.000	-0.16258386
-1.750	-0.850	0.000	-0.16329564
-1.650	-0.850	0.000	-0.16342889
-1.550	-0.850	0.000	-0.16348329
-1.450	-0.850	0.000	-0.16376357
-1.350	-0.850	0.000	-0.16445212
-1.250	-0.850	0.000	-0.16578124
-1.150	-0.850	0.000	-0.16769113
-1.050	-0.850	0.000	-0.16992900
-0.950	-0.850	0.000	-0.17163824
-0.850	-0.850	0.000	-0.17122829
-0.750	-0.850	0.000	-0.17011173
-0.650	-0.850	0.000	-0.16704112
-0.550	-0.850	0.000	-0.16177857
-0.450	-0.850	0.000	-0.15504515
-0.350	-0.850	0.000	-0.14781225
-0.250	-0.850	0.000	-0.14158572
-0.150	-0.850	0.000	-0.13824429
-0.050	-0.850	0.000	-0.13822742
0.050	-0.850	0.000	-0.13835093
0.150	-0.850	0.000	-0.13899270
0.250	-0.850	0.000	-0.13984078
0.350	-0.850	0.000	-0.14054166
0.450	-0.850	0.000	-0.14052655
0.550	-0.850	0.000	-0.14029573
0.650	-0.850	0.000	-0.13990684
0.750	-0.850	0.000	-0.13948381
0.850	-0.850	0.000	-0.13944934
0.950	-0.850	0.000	-0.13954709
1.050	-0.850	0.000	-0.13976201
1.150	-0.850	0.000	-0.13992885
1.250	-0.850	0.000	-0.13987358
1.350	-0.850	0.000	-0.13954130
1.450	-0.850	0.000	-0.13883667
1.550	-0.850	0.000	-0.13791804
1.650	-0.850	0.000	-0.13696811
1.750	-0.850	0.000	-0.13604353
1.850	-0.850	0.000	-0.13518950
1.950	-0.850	0.000	-0.13440819
2.050	-0.850	0.000	-0.13375114
2.150	-0.850	0.000	-0.13316219
2.250	-0.850	0.000	-0.13264388
2.350	-0.850	0.000	-0.13211475
2.450	-0.850	0.000	-0.13084845
-2.450	-0.750	0.000	-0.15612745
-2.350	-0.750	0.000	-0.15629844
-2.250	-0.750	0.000	-0.15690726
-2.150	-0.750	0.000	-0.15845200
-2.050	-0.750	0.000	-0.16016532
-1.950	-0.750	0.000	-0.16171873
-1.850	-0.750	0.000	-0.16284835
-1.750	-0.750	0.000	-0.16356984
-1.650	-0.750	0.000	-0.16366437
-1.550	-0.750	0.000	-0.16367565
-1.450	-0.750	0.000	-0.16387357
-1.350	-0.750	0.000	-0.16461067
-1.250	-0.750	0.000	-0.16596596
-1.150	-0.750	0.000	-0.16778071
-1.050	-0.750	0.000	-0.17001887
-0.950	-0.750	0.000	-0.17159244
-0.850	-0.750	0.000	-0.17120233
-0.750	-0.750	0.000	-0.17001504
-0.650	-0.750	0.000	-0.16681015
-0.550	-0.750	0.000	-0.16175917
-0.450	-0.750	0.000	-0.15542372
-0.350	-0.750	0.000	-0.14884059
-0.250	-0.750	0.000	-0.14312774
-0.150	-0.750	0.000	-0.14073035
-0.050	-0.750	0.000	-0.14058316
0.050	-0.750	0.000	-0.14041801
0.150	-0.750	0.000	-0.14053412
0.250	-0.750	0.000	-0.14077617
0.350	-0.750	0.000	-0.14076489
0.450	-0.750	0.000	-0.14030364
0.550	-0.750	0.000	-0.13963522
0.650	-0.750	0.000	-0.13897592
0.750	-0.750	0.000	-0.13827619
0.850	-0.750	0.000	-0.13788570
0.950	-0.750	0.000	-0.13787678
1.050	-0.750	0.000	-0.13793059
1.150	-0.750	0.000	-0.13799460
1.250	-0.750	0.000	-0.13795982
1.350	-0.750	0.000	-0.13773069
1.450	-0.750	0.000	-0.13725497
1.550	-0.750	0.000	-0.13664253
1.650	-0.750	0.000	-0.13594940
1.750	-0.750	0.000	-0.13516517
1.850	-0.750	0.000	-0.13432442
1.950	-0.750	0.000	-0.13346514
2.050	-0.750	0.000	-0.13271323
2.150	-0.750	0.000	-0.13206144
2.250	-0.750	0.000	-0.13153417
2.350	-0.750	0.000	-0.13103871
2.450	-0.750	0.000	-0.12987730
-2.450	-0.650	0.000	-0.15575120
-2.350	-0.650	0.000	-0.15592170
-2.250	-0.650	0.000	-0.15673076
-2.150	-0.650	0.000	-0.15824057
-2.050	-0.650	0.000	-0.15999503
-1.950	-0.650	0.000	-0.16161890
-1.850	-0.650	0.000	-0.16284266
-1.750	-0.650	0.000	-0.16361605
-1.650	-0.650	0.000	-0.16373701
-1.550	-0.650	0.000	-0.16372827
-1.450	-0.650	0.000	-0.16387226
-1.350	-0.650	0.000	-0.16454150
-1.250	-0.650	0.000	-0.16582786
-1.150	-0.650	0.000	-0.16754998
-1.050	-0.650	0.000	-0.16986454
-0.950	-0.650	0.000	-0.17108646
-0.850	-0.650	0.000	-0.17073578
-0.750	-0.650	0.000	-0.16964009
-0.650	-0.650	0.000	-0.16648619
-0.550	-0.650	0.000	-0.16173084
-0.450	-0.650	0.000	-0.15584823
-0.350	-0.650	0.000	-0.15008360
-0.250	-0.650	0.000	-0.14531104
-0.150	-0.650	0.000	-0.14289349
-0.050	-0.650	0.000	-0.14237311
0.050	-0.650	0.000	-0.14195311
0.150	-0.650	0.000	-0.14164284
0.250	-0.650	0.000	-0.14136356
0.350	-0.650	0.000	-0.14091933
0.450	-0.650	0.000	-0.14018910
0.550	-0.650	0.000	-0.13930307
0.650	-0.650	0.000	-0.13837631
0.750	-0.650	0.000	-0.13752599
0.850	-0.650	0.000	-0.13681598
0.950	-0.650	0.000	-0.13661934
1.050	-0.650	0.000	-0.13649563
1.150	-0.650	0.000	-0.13642514
1.250	-0.650	0.000	-0.13637330
1.350	-0.650	0.000	-0.13622691
1.450	-0.650	0.000	-0.13594477
1.550	-0.650	0.000	-0.13554974
1.650	-0.650	0.000	-0.13503452
1.750	-0.650	0.000	-0.13436371
1.850	-0.650	0.000	-0.13355674
1.950	-0.650	0.000	-0.13268238
2.050	-0.650	0.000	-0.13189898
2.150	-0.650	0.000	-0.13124850
2.250	-0.650	0.000	-0.13069794
2.350	-0.650	0.000	-0.13021724
2.450	-0.650	0.000	-0.12905613
-2.450	-0.550	0.000	-0.15501703
-2.350	-0.550	0.000	-0.15523072
-2.250	-0.550	0.000	-0.15616044
-2.150	-0.550	0.000	-0.15765621
-2.050	-0.550	0.000	-0.15944506
-1.950	-0.550	0.000	-0.16115278
-1.850	-0.550	0.000	-0.16242689
-1.750	-0.550	0.000	-0.16325165
-1.650	-0.550	0.000	-0.16334938
-1.550	-0.550	0.000	-0.16332118
-1.450	-0.550	0.000	-0.16342062
-1.350	-0.550	0.000	-0.16405219
-1.250	-0.550	0.000	-0.16525705
-1.150	-0.550	0.000	-0.16678526
-1.050	-0.550	0.000	-0.16904528
-0.950	-0.550	0.000	-0.17011759
-0.850	-0.550	0.000	-0.16993852
-0.750	-0.550	0.000	-0.16893725
-0.650	-0.550	0.000	-0.16600294
-0.550	-0.550	0.000	-0.16158746
-0.450	-0.550	0.000	-0.15628715
-0.350	-0.550	0.000	-0.15120180
-0.250	-0.550	0.000	-0.14696582
-0.150	-0.550	0.000	-0.14465983
-0.050	-0.550	0.000	-0.14377210
0.050	-0.550	0.000	-0.14321575
0.150	-0.550	0.000	-0.14266427
0.250	-0.550	0.000	-0.14200801
0.350	-0.550	0.000	-0.14122680
0.450	-0.550	0.000	-0.14030811
0.550	-0.550	0.000	-0.13926619
0.650	-0.550	0.000	-0.13818789
0.750	-0.550	0.000	-0.13720030
0.850	-0.550	0.000	-0.13638265
0.950	-0.550	0.000	-0.13589241
1.050	-0.550	0.000	-0.13564883
1.150	-0.550	0.000	-0.13546026
1.250	-0.550	0.000	-0.13537377
1.350	-0.550	0.000	-0.13526525
1.450	-0.550	0.000	-0.13507612
1.550	-0.550	0.000	-0.13477786
1.650	-0.550	0.000	-0.13432729
1.750	-0.550	0.000	-0.13367669
1.850	-0.550	0.000	-0.13286085
1.950	-0.550	0.000	-0.13199081
2.050	-0.550	0.000	-0.13121778
2.150	-0.550	0.000	-0.13059039
2.250	-0.550	0.000	-0.12999856
2.350	-0.550	0.000	-0.12952225
2.450	-0.550	0.000	-0.12823579
-2.450	-0.450	0.000	-0.15391864
-2.350	-0.450	0.000	-0.15413609
-2.250	-0.450	0.000	-0.15531059
-2.150	-0.450	0.000	-0.15678559
-2.050	-0.450	0.000	-0.15851247
-1.950	-0.450	0.000	-0.16009396
-1.850	-0.450	0.000	-0.16134657
-1.750	-0.450	0.000	-0.16221985
-1.650	-0.450	0.000	-0.16237815
-1.550	-0.450	0.000	-0.16237304
-1.450	-0.450	0.000	-0.16245970
-1.350	-0.450	0.000	-0.16299862
-1.250	-0.450	0.000	-0.16405533
-1.150	-0.450	0.000	-0.16558817
-1.050	-0.450	0.000	-0.16784230
-0.950	-0.450	0.000	-0.16864170
-0.850	-0.450	0.000	-0.16859761
-0.750	-0.450	0.000	-0.16776288
-0.650	-0.450	0.000	-0.16529976
-0.550	-0.450	0.000	-0.16119544
-0.450	-0.450	0.000	-0.15637484
-0.350	-0.450	0.000	-0.15179625
-0.250	-0.450	0.000	-0.14801219
-0.150	-0.450	0.000	-0.14568642
-0.050	-0.450	0.000	-0.14450146
0.050	-0.450	0.000	-0.14378506
0.150	-0.450	0.000	-0.14313512
0.250	-0.450	0.000	-0.14240794
0.350	-0.450	0.000	-0.14158624
0.450	-0.450	0.000	-0.14060989
0.550	-0.450	0.000	-0.13949049
0.650	-0.450	0.000	-0.13832548
0.750	-0.450	0.000	-0.13724537
0.850	-0.450	0.000	-0.13630809
0.950	-0.450	0.000	-0.13566357
1.050	-0.450	0.000	-0.13529746
1.150	-0.450	0.000	-0.13507487
1.250	-0.450	0.000	-0.13498917
1.350	-0.450	0.000	-0.13491833
1.450	-0.450	0.000	-0.13476968
1.550	-0.450	0.000	-0.13446033
1.650	-0.450	0.000	-0.13394423
1.750	-0.450	0.000	-0.13319772
1.850	-0.450	0.000	-0.13230425
1.950	-0.450	0.000	-0.13139360
2.050	-0.450	0.000	-0.13060786
2.150	-0.450	0.000	-0.12997915
2.250	-0.450	0.000	-0.12934163
2.350	-0.450	0.000	-0.12885937
2.450	-0.450	0.000	-0.12736422
-2.450	-0.350	0.000	-0.15281090
-2.350	-0.350	0.000	-0.15307873
-2.250	-0.350	0.000	-0.15427963
-2.150	-0.350	0.000	-0.15577032
-2.050	-0.350	0.000	-0.15742195
-1.950	-0.350	0.000	-0.15894756
-1.850	-0.350	0.000	-0.16016738
-1.750	-0.350	0.000	-0.16103689
-1.650	-0.350	0.000	-0.16128775
-1.550	-0.350	0.000	-0.16126125
-1.450	-0.350	0.000	-0.16131695
-1.350	-0.350	0.000	-0.16174741
-1.250	-0.350	0.000	-0.16265090
-1.150	-0.350	0.000	-0.16408475
-1.050	-0.350	0.000	-0.16607788
-0.950	-0.350	0.000	-0.16697511
-0.850	-0.350	0.000	-0.16700909
-0.750	-0.350	0.000	-0.16634981
-0.650	-0.350	0.000	-0.16433512
-0.550	-0.350	0.000	-0.16058806
-0.450	-0.350	0.000	-0.15625846
-0.350	-0.350	0.000	-0.15212540
-0.250	-0.350	0.000	-0.14865543
-0.150	-0.350	0.000	-0.14632517
-0.050	-0.350	0.000	-0.14493167
0.050	-0.350	0.000	-0.14405730
0.150	-0.350	0.000	-0.14337665
0.250	-0.350	0.000	-0.14268932
0.350	-0.350	0.000	-0.14190163
0.450	-0.350	0.000	-0.14097589
0.550	-0.350	0.000	-0.13992669
0.650	-0.350	0.000	-0.13877864
0.750	-0.350	0.000	-0.13764974
0.850	-0.350	0.000	-0.13661414
0.950	-0.350	0.000	-0.13580877
1.050	-0.350	0.000	-0.13532810
1.150	-0.350	0.000	-0.13509311
1.250	-0.350	0.000	-0.13502258
1.350	-0.350	0.000	-0.13496938
1.450	-0.350	0.000	-0.13481574
1.550	-0.350	0.000	-0.13442700
1.650	-0.350	0.000	-0.13379999
1.750	-0.350	0.000	-0.13292615
1.850	-0.350	0.000	-0.13190427
1.950	-0.350	0.000	-0.13087764
2.050	-0.350	0.000	-0.13000771
2.150	-0.350	0.000	-0.12931798
2.250	-0.350	0.000	-0.12862115
2.350	-0.350	0.000	-0.12810466
2.450	-0.350	0.000	-0.12641221
-2.450	-0.250	0.000	-0.15192559
-2.350	-0.250	0.000	-0.15219574
-2.250	-0.250	0.000	-0.15339589
-2.150	-0.250	0.000	-0.15487890
-2.050	-0.250	0.000	-0.15645994
-1.950	-0.250	0.000	-0.15785119
-1.850	-0.250	0.000	-0.15897352
-1.750	-0.250	0.000	-0.15979344
-1.650	-0.250	0.000	-0.16010441
-1.550	-0.250	0.000	-0.16002712
-1.450	-0.250	0.000	-0.15997677
-1.350	-0.250	0.000	-0.16026390
-1.250	-0.250	0.000	-0.16100915
-1.150	-0.250	0.000	-0.16240144
-1.050	-0.250	0.000	-0.16425890
-0.950	-0.250	0.000	-0.16525353
-0.850	-0.250	0.000	-0.16537949
-0.750	-0.250	0.000	-0.16491628
-0.650	-0.250	0.000	-0.16317728
-0.550	-0.250	0.000	-0.15990113
-0.450	-0.250	0.000	-0.15597536
-0.350	-0.250	0.000	-0.15224269
-0.250	-0.250	0.000	-0.14909652
-0.150	-0.250	0.000	-0.14680685
-0.050	-0.250	0.000	-0.14528690
0.050	-0.250	0.000	-0.14427178
0.150	-0.250	0.000	-0.14356031
0.250	-0.250	0.000	-0.14292657
0.350	-0.250	0.000	-0.14223365
0.450	-0.250	0.000	-0.14139776
0.550	-0.250	0.000	-0.14040147
0.650	-0.250	0.000	-0.13927293
0.750	-0.250	0.000	-0.13814250
0.850	-0.250	0.000	-0.13711047
0.950	-0.250	0.000	-0.13628705
1.050	-0.250	0.000	-0.13577463
1.150	-0.250	0.000	-0.13554354
1.250	-0.250	0.000	-0.13542950
1.350	-0.250	0.000	-0.13530561
1.450	-0.250	0.000	-0.13503112
1.550	-0.250	0.000	-0.13450156
1.650	-0.250	0.000	-0.13369805
1.750	-0.250	0.000	-0.13267086
1.850	-0.250	0.000	-0.13152775
1.950	-0.250	0.000	-0.13040416
2.050	-0.250	0.000	-0.12948196
2.150	-0.250	0.000	-0.12872790
2.250	-0.250	0.000	-0.12796260
2.350	-0.250	0.000	-0.12737936
2.450	-0.250	0.000	-0.12558278
-2.450	-0.150	0.000	-0.15154080
-2.350	-0.150	0.000	-0.15185863
-2.250	-0.150	0.000	-0.15309410
-2.150	-0.150	0.000	-0.15465029
-2.050	-0.150	0.000	-0.15616599
-1.950	-0.150	0.000	-0.15735222
-1.850	-0.150	0.000	-0.15824595
-1.750	-0.150	0.000	-0.15896693
-1.650	-0.150	0.000	-0.15918672
-1.550	-0.150	0.000	-0.15905388
-1.450	-0.150	0.000	-0.15888815
-1.350	-0.150	0.000	-0.15900654
-1.250	-0.150	0.000	-0.15956099
-1.150	-0.150	0.000	-0.16082804
-1.050	-0.150	0.000	-0.16251454
-0.950	-0.150	0.000	-0.16363211
-0.850	-0.150	0.000	-0.16387175
-0.750	-0.150	0.000	-0.16357553
-0.650	-0.150	0.000	-0.16199905
-0.550	-0.150	0.000	-0.15927100
-0.450	-0.150	0.000	-0.15575270
-0.350	-0.150	0.000	-0.15244527
-0.250	-0.150	0.000	-0.14960100
-0.150	-0.150	0.000	-0.14738858
-0.050	-0.150	0.000	-0.14578812
0.050	-0.150	0.000	-0.14467451
0.150	-0.150	0.000	-0.14387465
0.250	-0.150	0.000	-0.14321709
0.350	-0.150	0.000	-0.14255555
0.450	-0.150	0.000	-0.14176276
0.550	-0.150	0.000	-0.14080848
0.650	-0.150	0.000	-0.13971654
0.750	-0.150	0.000	-0.13858278
0.850	-0.150	0.000	-0.13752903
0.950	-0.150	0.000	-0.13666053
1.050	-0.150	0.000	-0.13609801
1.150	-0.150	0.000	-0.13581672
1.250	-0.150	0.000	-0.13566856
1.350	-0.150	0.000	-0.13548824
1.450	-0.150	0.000	-0.13512897
1.550	-0.150	0.000	-0.13448834
1.650	-0.150	0.000	-0.13355470
1.750	-0.150	0.000	-0.13242726
1.850	-0.150	0.000	-0.13122672
1.950	-0.150	0.000	-0.13007537
2.050	-0.150	0.000	-0.12912287
2.150	-0.150	0.000	-0.12829764
2.250	-0.150	0.000	-0.12746260
2.350	-0.150	0.000	-0.12680274
2.450	-0.150	0.000	-0.12501778
-2.450	-0.050	0.000	-0.15185894
-2.350	-0.050	0.000	-0.15223610
-2.250	-0.050	0.000	-0.15349329
-2.150	-0.050	0.000	-0.15501717
-2.050	-0.050	0.000	-0.15645589
-1.950	-0.050	0.000	-0.15752620
-1.850	-0.050	0.000	-0.15826412
-1.750	-0.050	0.000	-0.15880178
-1.650	-0.050	0.000	-0.15890294
-1.550	-0.050	0.000	-0.15867177
-1.450	-0.050	0.000	-0.15821934
-1.350	-0.050	0.000	-0.15813389
-1.250	-0.050	0.000	-0.15849212
-1.150	-0.050	0.000	-0.15956233
-1.050	-0.050	0.000	-0.16107807
-0.950	-0.050	0.000	-0.16220836
-0.850	-0.050	0.000	-0.16260274
-0.750	-0.050	0.000	-0.16245459
-0.650	-0.050	0.000	-0.16109470
-0.550	-0.050	0.000	-0.15875740
-0.450	-0.050	0.000	-0.15570585
-0.350	-0.050	0.000	-0.15279241
-0.250	-0.050	0.000	-0.15021467
-0.150	-0.050	0.000	-0.14808555
-0.050	-0.050	0.000	-0.14643623
0.050	-0.050	0.000	-0.14519131
0.150	-0.050	0.000	-0.14427982
0.250	-0.050	0.000	-0.14357042
0.350	-0.050	0.000	-0.14290233
0.450	-0.050	0.000	-0.14212872
0.550	-0.050	0.000	-0.14118108
0.650	-0.050	0.000	-0.14006674
0.750	-0.050	0.000	-0.13889298
0.850	-0.050	0.000	-0.13777697
0.950	-0.050	0.000	-0.13684325
1.050	-0.050	0.000	-0.13620791
1.150	-0.050	0.000	-0.13582276
1.250	-0.050	0.000	-0.13558209
1.350	-0.050	0.000	-0.13535178
1.450	-0.050	0.000	-0.13500632
1.550	-0.050	0.000	-0.13441746
1.650	-0.050	0.000	-0.13354339
1.750	-0.050	0.000	-0.13248546
1.850	-0.050	0.000	-0.13137549
1.950	-0.050	0.000	-0.13026243
2.050	-0.050	0.000	-0.12926528
2.150	-0.050	0.000	-0.12830952
2.250	-0.050	0.000	-0.12745745
2.350	-0.050	0.000	-0.12668538
2.450	-0.050	0.000	-0.12493202
-2.450	0.050	0.000	-0.15214619
-2.350	0.050	0.000	-0.15254664
-2.250	0.050	0.000	-0.15382402
-2.150	0.050	0.000	-0.15536687
-2.050	0.050	0.000	-0.15674531
-1.950	0.050	0.000	-0.15774770
-1.850	0.050	0.000	-0.15843484
-1.750	0.050	0.000	-0.15894726
-1.650	0.050	0.000	-0.15906037
-1.550	0.050	0.000	-0.15879828
-1.450	0.050	0.000	-0.15827553
-1.350	0.050	0.000	-0.15787457
-1.250	0.050	0.000	-0.15804391
-1.150	0.050	0.000	-0.15881766
-1.050	0.050	0.000	-0.16015819
-0.950	0.050	0.000	-0.16127944
-0.850	0.050	0.000	-0.16175140
-0.750	0.050	0.000	-0.16167840
-0.650	0.050	0.000	-0.16051020
-0.550	0.050	0.000	-0.15840237
-0.450	0.050	0.000	-0.15582275
-0.350	0.050	0.000	-0.15324610
-0.250	0.050	0.000	-0.15087999
-0.150	0.050	0.000	-0.14883603
-0.050	0.050	0.000	-0.14716154
0.050	0.050	0.000	-0.14583997
0.150	0.050	0.000	-0.14483349
0.250	0.050	0.000	-0.14404355
0.350	0.050	0.000	-0.14332341
0.450	0.050	0.000	-0.14253910
0.550	0.050	0.000	-0.14156352
0.650	0.050	0.000	-0.14039600
0.750	0.050	0.000	-0.13914864
0.850	0.050	0.000	-0.13792928
0.950	0.050	0.000	-0.13690458
1.050	0.050	0.000	-0.13617249
1.150	0.050	0.000	-0.13568729
1.250	0.050	0.000	-0.13539341
1.350	0.050	0.000	-0.13515650
1.450	0.050	0.000	-0.13485040
1.550	0.050	0.000	-0.13439763
1.650	0.050	0.000	-0.13372649
1.750	0.050	0.000	-0.13288559
1.850	0.050	0.000	-0.13197830
1.950	0.050	0.000	-0.13100374
2.050	0.050	0.000	-0.13011582
2.150	0.050	0.000	-0.12918445
2.250	0.050	0.000	-0.12824537
2.350	0.050	0.000	-0.12729254
2.450	0.050	0.000	-0.12554252
-2.450	0.150	0.000	-0.15277953
-2.350	0.150	0.000	-0.15332229
-2.250	0.150	0.000	-0.15468040
-2.150	0.150	0.000	-0.15626712
-2.050	0.150	0.000	-0.15761806
-1.950	0.150	0.000	-0.15859723
-1.850	0.150	0.000	-0.15928011
-1.750	0.150	0.000	-0.15977603
-1.650	0.150	0.000	-0.15988499
-1.550	0.150	0.000	-0.15954958
-1.450	0.150	0.000	-0.15878795
-1.350	0.150	0.000	-0.15815677
-1.250	0.150	0.000	-0.15819287
-1.150	0.150	0.000	-0.15883294
-1.050	0.150	0.000	-0.15994769
-0.950	0.150	0.000	-0.16089794
-0.850	0.150	0.000	-0.16138236
-0.750	0.150	0.000	-0.16133283
-0.650	0.150	0.000	-0.16031733
-0.550	0.150	0.000	-0.15840845
-0.450	0.150	0.000	-0.15618798
-0.350	0.150	0.000	-0.15387914
-0.250	0.150	0.000	-0.15169527
-0.150	0.150	0.000	-0.14975417
-0.050	0.150	0.000	-0.14808102
0.050	0.150	0.000	-0.14670789
0.150	0.150	0.000	-0.14563441
0.250	0.150	0.000	-0.14479190
0.350	0.150	0.000	-0.14403151
0.450	0.150	0.000	-0.14323765
0.550	0.150	0.000	-0.14224252
0.650	0.150	0.000	-0.14105286
0.750	0.150	0.000	-0.13975659
0.850	0.150	0.000	-0.13845429
0.950	0.150	0.000	-0.13735634
1.050	0.150	0.000	-0.13654169
1.150	0.150	0.000	-0.13598344
1.250	0.150	0.000	-0.13561797
1.350	0.150	0.000	-0.13539295
1.450	0.150	0.000	-0.13519068
1.550	0.150	0.000	-0.13490927
1.650	0.150	0.000	-0.13449538
1.750	0.150	0.000	-0.13392691
1.850	0.150	0.000	-0.13325389
1.950	0.150	0.000	-0.13241321
2.050	0.150	0.000	-0.13146955
2.150	0.150	0.000	-0.13041139
2.250	0.150	0.000	-0.12934893
2.350	0.150	0.000	-0.12831864
2.450	0.150	0.000	-0.12645184
-2.450	0.250	0.000	-0.15369493
-2.350	0.250	0.000	-0.15435112
-2.250	0.250	0.000	-0.15578833
-2.150	0.250	0.000	-0.15736645
-2.050	0.250	0.000	-0.15862535
-1.950	0.250	0.000	-0.15957586
-1.850	0.250	0.000	-0.16029666
-1.750	0.250	0.000	-0.16086431
-1.650	0.250	0.000	-0.16103184
-1.550	0.250	0.000	-0.16064744
-1.450	0.250	0.000	-0.15978856
-1.350	0.250	0.000	-0.15898900
-1.250	0.250	0.000	-0.15881661
-1.150	0.250	0.000	-0.15918402
-1.050	0.250	0.000	-0.16016631
-0.950	0.250	0.000	-0.16100080
-0.850	0.250	0.000	-0.16142800
-0.750	0.250	0.000	-0.16140303
-0.650	0.250	0.000	-0.16045073
-0.550	0.250	0.000	-0.15869929
-0.450	0.250	0.000	-0.15682720
-0.350	0.250	0.000	-0.15478842
-0.250	0.250	0.000	-0.15280931
-0.150	0.250	0.000	-0.15098411
-0.050	0.250	0.000	-0.14932042
0.050	0.250	0.000	-0.14788547
0.150	0.250	0.000	-0.14673622
0.250	0.250	0.000	-0.14584208
0.350	0.250	0.000	-0.14505163
0.450	0.250	0.000	-0.14425689
0.550	0.250	0.000	-0.14327830
0.650	0.250	0.000	-0.14212285
0.750	0.250	0.000	-0.14085206
0.850	0.250	0.000	-0.13955033
0.950	0.250	0.000	-0.13844775
1.050	0.250	0.000	-0.13762538
1.150	0.250	0.000	-0.13703063
1.250	0.250	0.000	-0.13664250
1.350	0.250	0.000	-0.13640849
1.450	0.250	0.000	-0.13620484
1.550	0.250	0.000	-0.13597946
1.650	0.250	0.000	-0.13569911
1.750	0.250	0.000	-0.13530572
1.850	0.250	0.000	-0.13481948
1.950	0.250	0.000	-0.13413867
2.050	0.250	0.000	-0.13330553
2.150	0.250	0.000	-0.13220054
2.250	0.250	0.000	-0.13100466
2.350	0.250	0.000	-0.12985495
2.450	0.250	0.000	-0.12774715
-2.450	0.350	0.000	-0.15482400
-2.350	0.350	0.000	-0.15568198
-2.250	0.350	0.000	-0.15721957
-2.150	0.350	0.000	-0.15879501
-2.050	0.350	0.000	-0.16000506
-1.950	0.350	0.000	-0.16088408
-1.850	0.350	0.000	-0.16159406
-1.750	0.350	0.000	-0.16215317
-1.650	0.350	0.000	-0.16231850
-1.550	0.350	0.000	-0.16186754
-1.450	0.350	0.000	-0.16094257
-1.350	0.350	0.000	-0.16004336
-1.250	0.350	0.000	-0.15978242
-1.150	0.350	0.000	-0.16009359
-1.050	0.350	0.000	-0.16100378
-0.950	0.350	0.000	-0.16164337
-0.850	0.350	0.000	-0.16190717
-0.750	0.350	0.000	-0.16179216
-0.650	0.350	0.000	-0.16082428
-0.550	0.350	0.000	-0.15928836
-0.450	0.350	0.000	-0.15767178
-0.350	0.350	0.000	-0.15592685
-0.250	0.350	0.000	-0.15421769
-0.150	0.350	0.000	-0.15253077
-0.050	0.350	0.000	-0.15086778
0.050	0.350	0.000	-0.14935340
0.150	0.350	0.000	-0.14809579
0.250	0.350	0.000	-0.14711648
0.350	0.350	0.000	-0.14629371
0.450	0.350	0.000	-0.14551397
0.550	0.350	0.000	-0.14461435
0.650	0.350	0.000	-0.14352769
0.750	0.350	0.000	-0.14231934
0.850	0.350	0.000	-0.14109400
0.950	0.350	0.000	-0.14004532
1.050	0.350	0.000	-0.13924782
1.150	0.350	0.000	-0.13862346
1.250	0.350	0.000	-0.13813931
1.350	0.350	0.000	-0.13782108
1.450	0.350	0.000	-0.13759738
1.550	0.350	0.000	-0.13738774
1.650	0.350	0.000	-0.13717367
1.750	0.350	0.000	-0.13687791
1.850	0.350	0.000	-0.13645704
1.950	0.350	0.000	-0.13585924
2.050	0.350	0.000	-0.13503544
2.150	0.350	0.000	-0.13385552
2.250	0.350	0.000	-0.13247228
2.350	0.350	0.000	-0.13121773
2.450	0.350	0.000	-0.12887423
-2.450	0.450	0.000	-0.15593229
-2.350	0.450	0.000	-0.15693481
-2.250	0.450	0.000	-0.15857655
-2.150	0.450	0.000	-0.16013846
-2.050	0.450	0.000	-0.16129015
-1.950	0.450	0.000	-0.16212818
-1.850	0.450	0.000	-0.16285408
-1.750	0.450	0.000	-0.16342141
-1.650	0.450	0.000	-0.16359106
-1.550	0.450	0.000	-0.16307759
-1.450	0.450	0.000	-0.16208030
-1.350	0.450	0.000	-0.16120432
-1.250	0.450	0.000	-0.16098282
-1.150	0.450	0.000	-0.16127594
-1.050	0.450	0.000	-0.16214536
-0.950	0.450	0.000	-0.16265391
-0.850	0.450	0.000	-0.16277693
-0.750	0.450	0.000	-0.16256198
-0.650	0.450	0.000	-0.16149122
-0.550	0.450	0.000	-0.16005971
-0.450	0.450	0.000	-0.15859820
-0.350	0.450	0.000	-0.15716696
-0.250	0.450	0.000	-0.15574124
-0.150	0.450	0.000	-0.15421465
-0.050	0.450	0.000	-0.15257233
0.050	0.450	0.000	-0.15097632
0.150	0.450	0.000	-0.14960977
0.250	0.450	0.000	-0.14853999
0.350	0.450	0.000	-0.14768745
0.450	0.450	0.000	-0.14691935
0.550	0.450	0.000	-0.14610609
0.650	0.450	0.000	-0.14512378
0.750	0.450	0.000	-0.14403255
0.850	0.450	0.000	-0.14293098
0.950	0.450	0.000	-0.14195246
1.050	0.450	0.000	-0.14117128
1.150	0.450	0.000	-0.14052670
1.250	0.450	0.000	-0.13994129
1.350	0.450	0.000	-0.13948299
1.450	0.450	0.000	-0.13910240
1.550	0.450	0.000	-0.13876171
1.650	0.450	0.000	-0.13846084
1.750	0.450	0.000	-0.13813928
1.850	0.450	0.000	-0.13772359
1.950	0.450	0.000	-0.13713622
2.050	0.450	0.000	-0.13628770
2.150	0.450	0.000	-0.13506542
2.250	0.450	0.000	-0.13357157
2.350	0.450	0.000	-0.13223532
2.450	0.450	0.000	-0.12967731
-2.450	0.550	0.000	-0.15666243
-2.350	0.550	0.000	-0.15776826
-2.250	0.550	0.000	-0.15948310
-2.150	0.550	0.000	-0.16101523
-2.050	0.550	0.000	-0.16216031
-1.950	0.550	0.000	-0.16302742
-1.850	0.550	0.000	-0.16383660
-1.750	0.550	0.000	-0.16442034
-1.650	0.550	0.000	-0.16463612
-1.550	0.550	0.000	-0.16410637
-1.450	0.550	0.000	-0.16304517
-1.350	0.550	0.000	-0.16229886
-1.250	0.550	0.000	-0.16217382
-1.150	0.550	0.000	-0.16256191
-1.050	0.550	0.000	-0.16350915
-0.950	0.550	0.000	-0.16386697
-0.850	0.550	0.000	-0.16389561
-0.750	0.550	0.000	-0.16353661
-0.650	0.550	0.000	-0.16235946
-0.550	0.550	0.000	-0.16088894
-0.450	0.550	0.000	-0.15951452
-0.350	0.550	0.000	-0.15830202
-0.250	0.550	0.000	-0.15709911
-0.150	0.550	0.000	-0.15573575
-0.050	0.550	0.000	-0.15413848
0.050	0.550	0.000	-0.15248805
0.150	0.550	0.000	-0.15100244
0.250	0.550	0.000	-0.14979097
0.350	0.550	0.000	-0.14887340
0.450	0.550	0.000	-0.14811014
0.550	0.550	0.000	-0.14739330
0.650	0.550	0.000	-0.14657049
0.750	0.550	0.000	-0.14564079
0.850	0.550	0.000	-0.14464445
0.950	0.550	0.000	-0.14366503
1.050	0.550	0.000	-0.14280480
1.150	0.550	0.000	-0.14208515
1.250	0.550	0.000	-0.14137667
1.350	0.550	0.000	-0.14077803
1.450	0.550	0.000	-0.14028387
1.550	0.550	0.000	-0.13983370
1.650	0.550	0.000	-0.13942088
1.750	0.550	0.000	-0.13899599
1.850	0.550	0.000	-0.13850793
1.950	0.550	0.000	-0.13784768
2.050	0.550	0.000	-0.13693140
2.150	0.550	0.000	-0.13567561
2.250	0.550	0.000	-0.13416603
2.350	0.550	0.000	-0.13281396
2.450	0.550	0.000	-0.13014033
-2.450	0.650	0.000	-0.15708219
-2.350	0.650	0.000	-0.15819414
-2.250	0.650	0.000	-0.15990455
-2.150	0.650	0.000	-0.16137546
-2.050	0.650	0.000	-0.16251701
-1.950	0.650	0.000	-0.16346514
-1.850	0.650	0.000	-0.16440940
-1.750	0.650	0.000	-0.16510583
-1.650	0.650	0.000	-0.16536674
-1.550	0.650	0.000	-0.16482106
-1.450	0.650	0.000	-0.16369367
-1.350	0.650	0.000	-0.16311611
-1.250	0.650	0.000	-0.16306962
-1.150	0.650	0.000	-0.16360123
-1.050	0.650	0.000	-0.16464691
-0.950	0.650	0.000	-0.16503610
-0.850	0.650	0.000	-0.16502114
-0.750	0.650	0.000	-0.16456670
-0.650	0.650	0.000	-0.16323110
-0.550	0.650	0.000	-0.16169314
-0.450	0.650	0.000	-0.16026057
-0.350	0.650	0.000	-0.15912701
-0.250	0.650	0.000	-0.15807554
-0.150	0.650	0.000	-0.15684097
-0.050	0.650	0.000	-0.15531603
0.050	0.650	0.000	-0.15366471
0.150	0.650	0.000	-0.15208085
0.250	0.650	0.000	-0.15074880
0.350	0.650	0.000	-0.14977884
0.450	0.650	0.000	-0.14909551
0.550	0.650	0.000	-0.14854307
0.650	0.650	0.000	-0.14793812
0.750	0.650	0.000	-0.14720561
0.850	0.650	0.000	-0.14631617
0.950	0.650	0.000	-0.14531256
1.050	0.650	0.000	-0.14428562
1.150	0.650	0.000	-0.14339814
1.250	0.650	0.000	-0.14253972
1.350	0.650	0.000	-0.14176388
1.450	0.650	0.000	-0.14113283
1.550	0.650	0.000	-0.14056525
1.650	0.650	0.000	-0.14003915
1.750	0.650	0.000	-0.13950741
1.850	0.650	0.000	-0.13892794
1.950	0.650	0.000	-0.13818473
2.050	0.650	0.000	-0.13721795
2.150	0.650	0.000	-0.13595700
2.250	0.650	0.000	-0.13447620
2.350	0.650	0.000	-0.13311733
2.450	0.650	0.000	-0.13040181
-2.450	0.750	0.000	-0.15740122
-2.350	0.750	0.000	-0.15842779
-2.250	0.750	0.000	-0.16004062
-2.150	0.750	0.000	-0.16139241
-2.050	0.750	0.000	-0.16251364
-1.950	0.750	0.000	-0.16355281
-1.850	0.750	0.000	-0.16463904
-1.750	0.750	0.000	-0.16546956
-1.650	0.750	0.000	-0.16577785
-1.550	0.750	0.000	-0.16521911
-1.450	0.750	0.000	-0.16404581
-1.350	0.750	0.000	-0.16356094
-1.250	0.750	0.000	-0.16357145
-1.150	0.750	0.000	-0.16422965
-1.050	0.750	0.000	-0.16540132
-0.950	0.750	0.000	-0.16593577
-0.850	0.750	0.000	-0.16590668
-0.750	0.750	0.000	-0.16541743
-0.650	0.750	0.000	-0.16397902
-0.550	0.750	0.000	-0.16229287
-0.450	0.750	0.000	-0.16079599
-0.350	0.750	0.000	-0.15960902
-0.250	0.750	0.000	-0.15859620
-0.150	0.750	0.000	-0.15743008
-0.050	0.750	0.000	-0.15596612
0.050	0.750	0.000	-0.15432967
0.150	0.750	0.000	-0.15269819
0.250	0.750	0.000	-0.15134615
0.350	0.750	0.000	-0.15042734
0.450	0.750	0.000	-0.14987499
0.550	0.750	0.000	-0.14949436
0.650	0.750	0.000	-0.14912583
0.750	0.750	0.000	-0.14859116
0.850	0.750	0.000	-0.14780460
0.950	0.750	0.000	-0.14678058
1.050	0.750	0.000	-0.14558284
1.150	0.750	0.000	-0.14445010
1.250	0.750	0.000	-0.14341518
1.350	0.750	0.000	-0.14246179
1.450	0.750	0.000	-0.14168777
1.550	0.750	0.000	-0.14103502
1.650	0.750	0.000	-0.14045131
1.750	0.750	0.000	-0.13987260
1.850	0.750	0.000	-0.13923755
1.950	0.750	0.000	-0.13843180
2.050	0.750	0.000	-0.13743038
2.150	0.750	0.000	-0.13617980
2.250	0.750	0.000	-0.13474198
2.350	0.750	0.000	-0.13339530
2.450	0.750	0.000	-0.13070945
-2.450	0.850	0.000	-0.15798903
-2.350	0.850	0.000	-0.15883462
-2.250	0.850	0.000	-0.16023721
-2.150	0.850	0.000	-0.16136584
-2.050	0.850	0.000	-0.16238368
-1.950	0.850	0.000	-0.16344441
-1.850	0.850	0.000	-0.16460864
-1.750	0.850	0.000	-0.16554008
-1.650	0.850	0.000	-0.16590358
-1.550	0.850	0.000	-0.16535929
-1.450	0.850	0.000	-0.16420621
-1.350	0.850	0.000	-0.16372973
-1.250	0.850	0.000	-0.16378875
-1.150	0.850	0.000	-0.16451199
-1.050	0.850	0.000	-0.16579844
-0.950	0.850	0.000	-0.16645250
-0.850	0.850	0.000	-0.16641378
-0.750	0.850	0.000	-0.16590546
-0.650	0.850	0.000	-0.16443636
-0.550	0.850	0.000	-0.16260374
-0.450	0.850	0.000	-0.16100156
-0.350	0.850	0.000	-0.15976317
-0.250	0.850	0.000	-0.15872428
-0.150	0.850	0.000	-0.15753973
-0.050	0.850	0.000	-0.15609150
0.050	0.850	0.000	-0.15444686
0.150	0.850	0.000	-0.15285343
0.250	0.850	0.000	-0.15158212
0.350	0.850	0.000	-0.15073952
0.450	0.850	0.000	-0.15031402
0.550	0.850	0.000	-0.15014629
0.650	0.850	0.000	-0.14998615
0.750	0.850	0.000	-0.14962536
0.850	0.850	0.000	-0.14895426
0.950	0.850	0.000	-0.14797208
1.050	0.850	0.000	-0.14676027
1.150	0.850	0.000	-0.14548039
1.250	0.850	0.000	-0.14426628
1.350	0.850	0.000	-0.14316085
1.450	0.850	0.000	-0.14221871
1.550	0.850	0.000	-0.14143512
1.650	0.850	0.000	-0.14078288
1.750	0.850	0.000	-0.14017284
1.850	0.850	0.000	-0.13951723
1.950	0.850	0.000	-0.13868168
2.050	0.850	0.000	-0.13765772
2.150	0.850	0.000	-0.13641044
2.250	0.850	0.000	-0.13501294
2.350	0.850	0.000	-0.13367948
2.450	0.850	0.000	-0.13104105
-2.450	0.950	0.000	-0.15894327
-2.350	0.950	0.000	-0.15960306
-2.250	0.950	0.000	-0.16068536
-2.150	0.950	0.000	-0.16153002
-2.050	0.950	0.000	-0.16234720
-1.950	0.950	0.000	-0.16331092
-1.850	0.950	0.000	-0.16443136
-1.750	0.950	0.000	-0.16536693
-1.650	0.950	0.000	-0.16577879
-1.550	0.950	0.000	-0.16527970
-1.450	0.950	0.000	-0.16416804
-1.350	0.950	0.000	-0.16377787
-1.250	0.950	0.000	-0.16388437
-1.150	0.950	0.000	-0.16465144
-1.050	0.950	0.000	-0.16602375
-0.950	0.950	0.000	-0.16673355
-0.850	0.950	0.000	-0.16665645
-0.750	0.950	0.000	-0.16610654
-0.650	0.950	0.000	-0.16458331
-0.550	0.950	0.000	-0.16268404
-0.450	0.950	0.000	-0.16093920
-0.350	0.950	0.000	-0.15964681
-0.250	0.950	0.000	-0.15855093
-0.150	0.950	0.000	-0.15732275
-0.050	0.950	0.000	-0.15583757
0.050	0.950	0.000	-0.15419294
0.150	0.950	0.000	-0.15267573
0.250	0.950	0.000	-0.15149878
0.350	0.950	0.000	-0.15072237
0.450	0.950	0.000	-0.15040493
0.550	0.950	0.000	-0.15037321
0.650	0.950	0.000	-0.15030749
0.750	0.950	0.000	-0.15006283
0.850	0.950	0.000	-0.14954741
0.950	0.950	0.000	-0.14873841
1.050	0.950	0.000	-0.14772537
1.150	0.950	0.000	-0.14652592
1.250	0.950	0.000	-0.14526601
1.350	0.950	0.000	-0.14409506
1.450	0.950	0.000	-0.14297605
1.550	0.950	0.000	-0.14199395
1.650	0.950	0.000	-0.14119472
1.750	0.950	0.000	-0.14048813
1.850	0.950	0.000	-0.13976634
1.950	0.950	0.000	-0.13887762
2.050	0.950	0.000	-0.13781863
2.150	0.950	0.000	-0.13655907
2.250	0.950	0.000	-0.13518351
2.350	0.950	0.000	-0.13386962
2.450	0.950	0.000	-0.13128935
-2.450	1.050	0.000	-0.16014498
-2.350	1.050	0.000	-0.16066603
-2.250	1.050	0.000	-0.16148330
-2.150	1.050	0.000	-0.16207536
-2.050	1.050	0.000	-0.16261266
-1.950	1.050	0.000	-0.16332863
-1.850	1.050	0.000	-0.16419682
-1.750	1.050	0.000	-0.16505186
-1.650	1.050	0.000	-0.16546977
-1.550	1.050	0.000	-0.16498636
-1.450	1.050	0.000	-0.16392569
-1.350	1.050	0.000	-0.16374919
-1.250	1.050	0.000	-0.16391696
-1.150	1.050	0.000	-0.16480325
-1.050	1.050	0.000	-0.16623412
-0.950	1.050	0.000	-0.16697788
-0.850	1.050	0.000	-0.16682103
-0.750	1.050	0.000	-0.16616482
-0.650	1.050	0.000	-0.16456428
-0.550	1.050	0.000	-0.16257587
-0.450	1.050	0.000	-0.16077952
-0.350	1.050	0.000	-0.15939416
-0.250	1.050	0.000	-0.15821709
-0.150	1.050	0.000	-0.15693153
-0.050	1.050	0.000	-0.15537103
0.050	1.050	0.000	-0.15368283
0.150	1.050	0.000	-0.15218736
0.250	1.050	0.000	-0.15109326
0.350	1.050	0.000	-0.15045382
0.450	1.050	0.000	-0.15022758
0.550	1.050	0.000	-0.15020862
0.650	1.050	0.000	-0.15014634
0.750	1.050	0.000	-0.14995685
0.850	1.050	0.000	-0.14959055
0.950	1.050	0.000	-0.14905557
1.050	1.050	0.000	-0.14835542
1.150	1.050	0.000	-0.14743695
1.250	1.050	0.000	-0.14639018
1.350	1.050	0.000	-0.14523658
1.450	1.050	0.000	-0.14398921
1.550	1.050	0.000	-0.14281829
1.650	1.050	0.000	-0.14181235
1.750	1.050	0.000	-0.14090614
1.850	1.050	0.000	-0.14001933
1.950	1.050	0.000	-0.13902052
2.050	1.050	0.000	-0.13790494
2.150	1.050	0.000	-0.13662349
2.250	1.050	0.000	-0.13526139
2.350	1.050	0.000	-0.13394868
2.450	1.050	0.000	-0.13146289
-2.450	1.150	0.000	-0.16134542
-2.350	1.150	0.000	-0.16178888
-2.250	1.150	0.000	-0.16247049
-2.150	1.150	0.000	-0.16290262
-2.050	1.150	0.000	-0.16323945
-1.950	1.150	0.000	-0.16371074
-1.850	1.150	0.000	-0.16430405
-1.750	1.150	0.000	-0.16482714
-1.650	1.150	0.000	-0.16507928
-1.550	1.150	0.000	-0.16455171
-1.450	1.150	0.000	-0.16359565
-1.350	1.150	0.000	-0.16364592
-1.250	1.150	0.000	-0.16399352
-1.150	1.150	0.000	-0.16505671
-1.050	1.150	0.000	-0.16659540
-0.950	1.150	0.000	-0.16742863
-0.850	1.150	0.000	-0.16721490
-0.750	1.150	0.000	-0.16645275
-0.650	1.150	0.000	-0.16471948
-0.550	1.150	0.000	-0.16255294
-0.450	1.150	0.000	-0.16059279
-0.350	1.150	0.000	-0.15910009
-0.250	1.150	0.000	-0.15782562
-0.150	1.150	0.000	-0.15647911
-0.050	1.150	0.000	-0.15484306
0.050	1.150	0.000	-0.15312478
0.150	1.150	0.000	-0.15160006
0.250	1.150	0.000	-0.15054889
0.350	1.150	0.000	-0.14997357
0.450	1.150	0.000	-0.14974569
0.550	1.150	0.000	-0.14966732
0.650	1.150	0.000	-0.14950304
0.750	1.150	0.000	-0.14930919
0.850	1.150	0.000	-0.14913161
0.950	1.150	0.000	-0.14890224
1.050	1.150	0.000	-0.14855239
1.150	1.150	0.000	-0.14803296
1.250	1.150	0.000	-0.14732087
1.350	1.150	0.000	-0.14629143
1.450	1.150	0.000	-0.14506723
1.550	1.150	0.000	-0.14382245
1.650	1.150	0.000	-0.14263013
1.750	1.150	0.000	-0.14147829
1.850	1.150	0.000	-0.14034277
1.950	1.150	0.000	-0.13917367
2.050	1.150	0.000	-0.13797528
2.150	1.150	0.000	-0.13667750
2.250	1.150	0.000	-0.13535711
2.350	1.150	0.000	-0.13407797
2.450	1.150	0.000	-0.13172759
-2.450	1.250	0.000	-0.16244864
-2.350	1.250	0.000	-0.16288936
-2.250	1.250	0.000	-0.16356124
-2.150	1.250	0.000	-0.16399010
-2.050	1.250	0.000	-0.16424756
-1.950	1.250	0.000	-0.16448717
-1.850	1.250	0.000	-0.16474433
-1.750	1.250	0.000	-0.16492435
-1.650	1.250	0.000	-0.16483919
-1.550	1.250	0.000	-0.16405982
-1.450	1.250	0.000	-0.16311674
-1.350	1.250	0.000	-0.16339137
-1.250	1.250	0.000	-0.16402149
-1.150	1.250	0.000	-0.16533428
-1.050	1.250	0.000	-0.16705425
-0.950	1.250	0.000	-0.16808851
-0.850	1.250	0.000	-0.16789700
-0.750	1.250	0.000	-0.16710973
-0.650	1.250	0.000	-0.16528477
-0.550	1.250	0.000	-0.16293935
-0.450	1.250	0.000	-0.16073501
-0.350	1.250	0.000	-0.15895647
-0.250	1.250	0.000	-0.15744767
-0.150	1.250	0.000	-0.15595481
-0.050	1.250	0.000	-0.15428309
0.050	1.250	0.000	-0.15259817
0.150	1.250	0.000	-0.15115106
0.250	1.250	0.000	-0.15015207
0.350	1.250	0.000	-0.14958647
0.450	1.250	0.000	-0.14933066
0.550	1.250	0.000	-0.14923874
0.650	1.250	0.000	-0.14903232
0.750	1.250	0.000	-0.14880142
0.850	1.250	0.000	-0.14864087
0.950	1.250	0.000	-0.14853697
1.050	1.250	0.000	-0.14847328
1.150	1.250	0.000	-0.14828593
1.250	1.250	0.000	-0.14780843
1.350	1.250	0.000	-0.14699540
1.450	1.250	0.000	-0.14590123
1.550	1.250	0.000	-0.14465789
1.650	1.250	0.000	-0.14334515
1.750	1.250	0.000	-0.14200775
1.850	1.250	0.000	-0.14067705
1.950	1.250	0.000	-0.13936399
2.050	1.250	0.000	-0.13808672
2.150	1.250	0.000	-0.13679519
2.250	1.250	0.000	-0.13555181
2.350	1.250	0.000	-0.13431911
2.450	1.250	0.000	-0.13218603
-2.450	1.350	0.000	-0.16325179
-2.350	1.350	0.000	-0.16372409
-2.250	1.350	0.000	-0.16445900
-2.150	1.350	0.000	-0.16501275
-2.050	1.350	0.000	-0.16537571
-1.950	1.350	0.000	-0.16556087
-1.850	1.350	0.000	-0.16554451
-1.750	1.350	0.000	-0.16530888
-1.650	1.350	0.000	-0.16474029
-1.550	1.350	0.000	-0.16367242
-1.450	1.350	0.000	-0.16251394
-1.350	1.350	0.000	-0.16281426
-1.250	1.350	0.000	-0.16366468
-1.150	1.350	0.000	-0.16536961
-1.050	1.350	0.000	-0.16729906
-0.950	1.350	0.000	-0.16876520
-0.850	1.350	0.000	-0.16874777
-0.750	1.350	0.000	-0.16806377
-0.650	1.350	0.000	-0.16621293
-0.550	1.350	0.000	-0.16363299
-0.450	1.350	0.000	-0.16114414
-0.350	1.350	0.000	-0.15904339
-0.250	1.350	0.000	-0.15723458
-0.150	1.350	0.000	-0.15552555
-0.050	1.350	0.000	-0.15377222
0.050	1.350	0.000	-0.15208170
0.150	1.350	0.000	-0.15072934
0.250	1.350	0.000	-0.14987819
0.350	1.350	0.000	-0.14946648
0.450	1.350	0.000	-0.14930627
0.550	1.350	0.000	-0.14922106
0.650	1.350	0.000	-0.14899038
0.750	1.350	0.000	-0.14870147
0.850	1.350	0.000	-0.14853182
0.950	1.350	0.000	-0.14845781
1.050	1.350	0.000	-0.14841904
1.150	1.350	0.000	-0.14833096
1.250	1.350	0.000	-0.14800690
1.350	1.350	0.000	-0.14734186
1.450	1.350	0.000	-0.14638393
1.550	1.350	0.000	-0.14520088
1.650	1.350	0.000	-0.14385730
1.750	1.350	0.000	-0.14244495
1.850	1.350	0.000	-0.14101243
1.950	1.350	0.000	-0.13961831
2.050	1.350	0.000	-0.13828132
2.150	1.350	0.000	-0.13703731
2.250	1.350	0.000	-0.13590454
2.350	1.350	0.000	-0.13480146
2.450	1.350	0.000	-0.13287632
-2.450	1.450	0.000	-0.16362342
-2.350	1.450	0.000	-0.16410314
-2.250	1.450	0.000	-0.16487733
-2.150	1.450	0.000	-0.16560264
-2.050	1.450	0.000	-0.16620851
-1.950	1.450	0.000	-0.16648401
-1.850	1.450	0.000	-0.16629802
-1.750	1.450	0.000	-0.16577645
-1.650	1.450	0.000	-0.16487399
-1.550	1.450	0.000	-0.16350454
-1.450	1.450	0.000	-0.16207133
-1.350	1.450	0.000	-0.16228019
-1.250	1.450	0.000	-0.16315855
-1.150	1.450	0.000	-0.16497871
-1.050	1.450	0.000	-0.16718735
-0.950	1.450	0.000	-0.16907522
-0.850	1.450	0.000	-0.16951683
-0.750	1.450	0.000	-0.16901247
-0.650	1.450	0.000	-0.16733479
-0.550	1.450	0.000	-0.16471133
-0.450	1.450	0.000	-0.16203417
-0.350	1.450	0.000	-0.15964106
-0.250	1.450	0.000	-0.15753672
-0.150	1.450	0.000	-0.15550627
-0.050	1.450	0.000	-0.15349862
0.050	1.450	0.000	-0.15172887
0.150	1.450	0.000	-0.15038697
0.250	1.450	0.000	-0.14963938
0.350	1.450	0.000	-0.14940117
0.450	1.450	0.000	-0.14942023
0.550	1.450	0.000	-0.14945753
0.650	1.450	0.000	-0.14930227
0.750	1.450	0.000	-0.14903678
0.850	1.450	0.000	-0.14882725
0.950	1.450	0.000	-0.14869592
1.050	1.450	0.000	-0.14860946
1.150	1.450	0.000	-0.14843795
1.250	1.450	0.000	-0.14807309
1.350	1.450	0.000	-0.14744559
1.450	1.450	0.000	-0.14653189
1.550	1.450	0.000	-0.14538540
1.650	1.450	0.000	-0.14405429
1.750	1.450	0.000	-0.14260420
1.850	1.450	0.000	-0.14109594
1.950	1.450	0.000	-0.13966841
2.050	1.450	0.000	-0.13836510
2.150	1.450	0.000	-0.13723263
2.250	1.450	0.000	-0.13621102
2.350	1.450	0.000	-0.13529761
2.450	1.450	0.000	-0.13349912
-2.450	1.550	0.000	-0.16347291
-2.350	1.550	0.000	-0.16394906
-2.250	1.550	0.000	-0.16477373
-2.150	1.550	0.000	-0.16568796
-2.050	1.550	0.000	-0.16654620
-1.950	1.550	0.000	-0.16701566
-1.850	1.550	0.000	-0.16690060
-1.750	1.550	0.000	-0.16622306
-1.650	1.550	0.000	-0.16494641
-1.550	1.550	0.000	-0.16324528
-1.450	1.550	0.000	-0.16153273
-1.350	1.550	0.000	-0.16162483
-1.250	1.550	0.000	-0.16244523
-1.150	1.550	0.000	-0.16431168
-1.050	1.550	0.000	-0.16667742
-0.950	1.550	0.000	-0.16865991
-0.850	1.550	0.000	-0.16958372
-0.750	1.550	0.000	-0.16934356
-0.650	1.550	0.000	-0.16796407
-0.550	1.550	0.000	-0.16558634
-0.450	1.550	0.000	-0.16299927
-0.350	1.550	0.000	-0.16053070
-0.250	1.550	0.000	-0.15818848
-0.150	1.550	0.000	-0.15584755
-0.050	1.550	0.000	-0.15360875
0.050	1.550	0.000	-0.15164782
0.150	1.550	0.000	-0.15019843
0.250	1.550	0.000	-0.14940043
0.350	1.550	0.000	-0.14914726
0.450	1.550	0.000	-0.14936906
0.550	1.550	0.000	-0.14954789
0.650	1.550	0.000	-0.14952987
0.750	1.550	0.000	-0.14934871
0.850	1.550	0.000	-0.14914580
0.950	1.550	0.000	-0.14897326
1.050	1.550	0.000	-0.14880073
1.150	1.550	0.000	-0.14854348
1.250	1.550	0.000	-0.14808819
1.350	1.550	0.000	-0.14737128
1.450	1.550	0.000	-0.14638494
1.550	1.550	0.000	-0.14515641
1.650	1.550	0.000	-0.14374536
1.750	1.550	0.000	-0.14225107
1.850	1.550	0.000	-0.14075036
1.950	1.550	0.000	-0.13935377
2.050	1.550	0.000	-0.13807623
2.150	1.550	0.000	-0.13704653
2.250	1.550	0.000	-0.13614747
2.350	1.550	0.000	-0.13546437
2.450	1.550	0.000	-0.13371396
-2.450	1.650	0.000	-0.16305171
-2.350	1.650	0.000	-0.16352515
-2.250	1.650	0.000	-0.16434437
-2.150	1.650	0.000	-0.16543932
-2.050	1.650	0.000	-0.16649240
-1.950	1.650	0.000	-0.16711575
-1.850	1.650	0.000	-0.16715758
-1.750	1.650	0.000	-0.16643056
-1.650	1.650	0.000	-0.16498280
-1.550	1.650	0.000	-0.16302674
-1.450	1.650	0.000	-0.16109908
-1.350	1.650	0.000	-0.16105327
-1.250	1.650	0.000	-0.16164173
-1.150	1.650	0.000	-0.16339070
-1.050	1.650	0.000	-0.16567549
-0.950	1.650	0.000	-0.16771580
-0.850	1.650	0.000	-0.16882753
-0.750	1.650	0.000	-0.16887778
-0.650	1.650	0.000	-0.16794673
-0.550	1.650	0.000	-0.16597466
-0.450	1.650	0.000	-0.16361292
-0.350	1.650	0.000	-0.16122437
-0.250	1.650	0.000	-0.15886372
-0.150	1.650	0.000	-0.15646064
-0.050	1.650	0.000	-0.15399686
0.050	1.650	0.000	-0.15183860
0.150	1.650	0.000	-0.15018012
0.250	1.650	0.000	-0.14917578
0.350	1.650	0.000	-0.14885056
0.450	1.650	0.000	-0.14895056
0.550	1.650	0.000	-0.14915049
0.650	1.650	0.000	-0.14924474
0.750	1.650	0.000	-0.14926651
0.850	1.650	0.000	-0.14925167
0.950	1.650	0.000	-0.14915197
1.050	1.650	0.000	-0.14894111
1.150	1.650	0.000	-0.14861648
1.250	1.650	0.000	-0.14807881
1.350	1.650	0.000	-0.14725399
1.450	1.650	0.000	-0.14614406
1.550	1.650	0.000	-0.14478259
1.650	1.650	0.000	-0.14327355
1.750	1.650	0.000	-0.14172992
1.850	1.650	0.000	-0.14023055
1.950	1.650	0.000	-0.13888480
2.050	1.650	0.000	-0.13763383
2.150	1.650	0.000	-0.13663410
2.250	1.650	0.000	-0.13565084
2.350	1.650	0.000	-0.13507822
2.450	1.650	0.000	-0.13324551
-2.450	1.750	0.000	-0.16250454
-2.350	1.750	0.000	-0.16294497
-2.250	1.750	0.000	-0.16378054
-2.150	1.750	0.000	-0.16496378
-2.050	1.750	0.000	-0.16624238
-1.950	1.750	0.000	-0.16703491
-1.850	1.750	0.000	-0.16723996
-1.750	1.750	0.000	-0.16661237
-1.650	1.750	0.000	-0.16514480
-1.550	1.750	0.000	-0.16307382
-1.450	1.750	0.000	-0.16103695
-1.350	1.750	0.000	-0.16083385
-1.250	1.750	0.000	-0.16118929
-1.150	1.750	0.000	-0.16271187
-1.050	1.750	0.000	-0.16488121
-0.950	1.750	0.000	-0.16672166
-0.850	1.750	0.000	-0.16776118
-0.750	1.750	0.000	-0.16791198
-0.650	1.750	0.000	-0.16717979
-0.550	1.750	0.000	-0.16548751
-0.450	1.750	0.000	-0.16345948
-0.350	1.750	0.000	-0.16139516
-0.250	1.750	0.000	-0.15921602
-0.150	1.750	0.000	-0.15690233
-0.050	1.750	0.000	-0.15443799
0.050	1.750	0.000	-0.15211588
0.150	1.750	0.000	-0.15021667
0.250	1.750	0.000	-0.14895202
0.350	1.750	0.000	-0.14834215
0.450	1.750	0.000	-0.14827272
0.550	1.750	0.000	-0.14842358
0.650	1.750	0.000	-0.14859062
0.750	1.750	0.000	-0.14878821
0.850	1.750	0.000	-0.14892522
0.950	1.750	0.000	-0.14898813
1.050	1.750	0.000	-0.14894509
1.150	1.750	0.000	-0.14869796
1.250	1.750	0.000	-0.14812636
1.350	1.750	0.000	-0.14717408
1.450	1.750	0.000	-0.14582150
1.550	1.750	0.000	-0.14420940
1.650	1.750	0.000	-0.14248174
1.750	1.750	0.000	-0.14082119
1.850	1.750	0.000	-0.13933778
1.950	1.750	0.000	-0.13805945
2.050	1.750	0.000	-0.13688765
2.150	1.750	0.000	-0.13596387
2.250	1.750	0.000	-0.13505009
2.350	1.750	0.000	-0.13453078
2.450	1.750	0.000	-0.13249137
-2.450	1.850	0.000	-0.16221917
-2.350	1.850	0.000	-0.16260710
-2.250	1.850	0.000	-0.16341928
-2.150	1.850	0.000	-0.16464616
-2.050	1.850	0.000	-0.16614267
-1.950	1.850	0.000	-0.16711940
-1.850	1.850	0.000	-0.16752023
-1.750	1.850	0.000	-0.16715196
-1.650	1.850	0.000	-0.16576435
-1.550	1.850	0.000	-0.16369593
-1.450	1.850	0.000	-0.16170117
-1.350	1.850	0.000	-0.16128609
-1.250	1.850	0.000	-0.16132998
-1.150	1.850	0.000	-0.16251086
-1.050	1.850	0.000	-0.16431823
-0.950	1.850	0.000	-0.16576611
-0.850	1.850	0.000	-0.16643015
-0.750	1.850	0.000	-0.16638212
-0.650	1.850	0.000	-0.16559121
-0.550	1.850	0.000	-0.16409622
-0.450	1.850	0.000	-0.16240029
-0.350	1.850	0.000	-0.16069812
-0.250	1.850	0.000	-0.15889673
-0.150	1.850	0.000	-0.15686907
-0.050	1.850	0.000	-0.15455738
0.050	1.850	0.000	-0.15219186
0.150	1.850	0.000	-0.15011901
0.250	1.850	0.000	-0.14861615
0.350	1.850	0.000	-0.14779027
0.450	1.850	0.000	-0.14754345
0.550	1.850	0.000	-0.14756244
0.650	1.850	0.000	-0.14773659
0.750	1.850	0.000	-0.14813472
0.850	1.850	0.000	-0.14847846
0.950	1.850	0.000	-0.14872639
1.050	1.850	0.000	-0.14888076
1.150	1.850	0.000	-0.14875872
1.250	1.850	0.000	-0.14818422
1.350	1.850	0.000	-0.14709911
1.450	1.850	0.000	-0.14554948
1.550	1.850	0.000	-0.14372441
1.650	1.850	0.000	-0.14184146
1.750	1.850	0.000	-0.14011239
1.850	1.850	0.000	-0.13862796
1.950	1.850	0.000	-0.13737391
2.050	1.850	0.000	-0.13624226
2.150	1.850	0.000	-0.13534063
2.250	1.850	0.000	-0.13435081
2.350	1.850	0.000	-0.13378024
2.450	1.850	0.000	-0.13163272
-2.450	1.950	0.000	-0.16248864
-2.350	1.950	0.000	-0.16284107
-2.250	1.950	0.000	-0.16364646
-2.150	1.950	0.000	-0.16487589
-2.050	1.950	0.000	-0.16636127
-1.950	1.950	0.000	-0.16752535
-1.850	1.950	0.000	-0.16814268
-1.750	1.950	0.000	-0.16807635
-1.650	1.950	0.000	-0.16690232
-1.550	1.950	0.000	-0.16496250
-1.450	1.950	0.000	-0.16318533
-1.350	1.950	0.000	-0.16252869
-1.250	1.950	0.000	-0.16233513
-1.150	1.950	0.000	-0.16310318
-1.050	1.950	0.000	-0.16456185
-0.950	1.950	0.000	-0.16543749
-0.850	1.950	0.000	-0.16554505
-0.750	1.950	0.000	-0.16529082
-0.650	1.950	0.000	-0.16415413
-0.550	1.950	0.000	-0.16254906
-0.450	1.950	0.000	-0.16095930
-0.350	1.950	0.000	-0.15948440
-0.250	1.950	0.000	-0.15794373
-0.150	1.950	0.000	-0.15612632
-0.050	1.950	0.000	-0.15398026
0.050	1.950	0.000	-0.15167582
0.150	1.950	0.000	-0.14959852
0.250	1.950	0.000	-0.14809670
0.350	1.950	0.000	-0.14726174
0.450	1.950	0.000	-0.14696419
0.550	1.950	0.000	-0.14693995
0.650	1.950	0.000	-0.14712742
0.750	1.950	0.000	-0.14748658
0.850	1.950	0.000	-0.14783296
0.950	1.950	0.000	-0.14816968
1.050	1.950	0.000	-0.14846048
1.150	1.950	0.000	-0.14850403
1.250	1.950	0.000	-0.14803781
1.350	1.950	0.000	-0.14695825
1.450	1.950	0.000	-0.14531647
1.550	1.950	0.000	-0.14335498
1.650	1.950	0.000	-0.14134319
1.750	1.950	0.000	-0.13954082
1.850	1.950	0.000	-0.13802685
1.950	1.950	0.000	-0.13676870
2.050	1.950	0.000	-0.13567339
2.150	1.950	0.000	-0.13477112
2.250	1.950	0.000	-0.13373020
2.350	1.950	0.000	-0.13307115
2.450	1.950	0.000	-0.13085194
-2.450	2.050	0.000	-0.16326998
-2.350	2.050	0.000	-0.16356169
-2.250	2.050	0.000	-0.16431092
-2.150	2.050	0.000	-0.16553974
-2.050	2.050	0.000	-0.16710344
-1.950	2.050	0.000	-0.16842966
-1.850	2.050	0.000	-0.16925406
-1.750	2.050	0.000	-0.16946352
-1.650	2.050	0.000	-0.16862836
-1.550	2.050	0.000	-0.16690899
-1.450	2.050	0.000	-0.16540910
-1.350	2.050	0.000	-0.16475070
-1.250	2.050	0.000	-0.16452056
-1.150	2.050	0.000	-0.16505115
-1.050	2.050	0.000	-0.16630138
-0.950	2.050	0.000	-0.16635539
-0.850	2.050	0.000	-0.16589540
-0.750	2.050	0.000	-0.16494302
-0.650	2.050	0.000	-0.16323137
-0.550	2.050	0.000	-0.16136993
-0.450	2.050	0.000	-0.15962484
-0.350	2.050	0.000	-0.15805691
-0.250	2.050	0.000	-0.15654562
-0.150	2.050	0.000	-0.15475483
-0.050	2.050	0.000	-0.15273134
0.050	2.050	0.000	-0.15058807
0.150	2.050	0.000	-0.14871041
0.250	2.050	0.000	-0.14745824
0.350	2.050	0.000	-0.14682929
0.450	2.050	0.000	-0.14666307
0.550	2.050	0.000	-0.14673030
0.650	2.050	0.000	-0.14694399
0.750	2.050	0.000	-0.14725530
0.850	2.050	0.000	-0.14759007
0.950	2.050	0.000	-0.14796510
1.050	2.050	0.000	-0.14832847
1.150	2.050	0.000	-0.14845334
1.250	2.050	0.000	-0.14804475
1.350	2.050	0.000	-0.14698103
1.450	2.050	0.000	-0.14532515
1.550	2.050	0.000	-0.14332825
1.650	2.050	0.000	-0.14128119
1.750	2.050	0.000	-0.13943855
1.850	2.050	0.000	-0.13784336
1.950	2.050	0.000	-0.13653804
2.050	2.050	0.000	-0.13546732
2.150	2.050	0.000	-0.13459483
2.250	2.050	0.000	-0.13353339
2.350	2.050	0.000	-0.13277790
2.450	2.050	0.000	-0.13054202
-2.450	2.150	0.000	-0.16451839
-2.350	2.150	0.000	-0.16473560
-2.250	2.150	0.000	-0.16536249
-2.150	2.150	0.000	-0.16652603
-2.050	2.150	0.000	-0.16799982
-1.950	2.150	0.000	-0.16937238
-1.850	2.150	0.000	-0.17033811
-1.750	2.150	0.000	-0.17078948
-1.650	2.150	0.000	-0.17031057
-1.550	2.150	0.000	-0.16893643
-1.450	2.150	0.000	-0.16772383
-1.350	2.150	0.000	-0.16730250
-1.250	2.150	0.000	-0.16718099
-1.150	2.150	0.000	-0.16771686
-1.050	2.150	0.000	-0.16894220
-0.950	2.150	0.000	-0.16864495
-0.850	2.150	0.000	-0.16782369
-0.750	2.150	0.000	-0.16617505
-0.650	2.150	0.000	-0.16389082
-0.550	2.150	0.000	-0.16138178
-0.450	2.150	0.000	-0.15914269
-0.350	2.150	0.000	-0.15725866
-0.250	2.150	0.000	-0.15549655
-0.150	2.150	0.000	-0.15353957
-0.050	2.150	0.000	-0.15153511
0.050	2.150	0.000	-0.14949672
0.150	2.150	0.000	-0.14778760
0.250	2.150	0.000	-0.14670250
0.350	2.150	0.000	-0.14623503
0.450	2.150	0.000	-0.14626303
0.550	2.150	0.000	-0.14653446
0.650	2.150	0.000	-0.14684360
0.750	2.150	0.000	-0.14717150
0.850	2.150	0.000	-0.14754793
0.950	2.150	0.000	-0.14796728
1.050	2.150	0.000	-0.14836693
1.150	2.150	0.000	-0.14854227
1.250	2.150	0.000	-0.14817330
1.350	2.150	0.000	-0.14718594
1.450	2.150	0.000	-0.14563319
1.550	2.150	0.000	-0.14373879
1.650	2.150	0.000	-0.14175573
1.750	2.150	0.000	-0.13994631
1.850	2.150	0.000	-0.13836110
1.950	2.150	0.000	-0.13705504
2.050	2.150	0.000	-0.13598078
2.150	2.150	0.000	-0.13508062
2.250	2.150	0.000	-0.13397866
2.350	2.150	0.000	-0.13315506
2.450	2.150	0.000	-0.13090082
-2.450	2.250	0.000	-0.16579074
-2.350	2.250	0.000	-0.16592036
-2.250	2.250	0.000	-0.16637129
-2.150	2.250	0.000	-0.16740021
-2.050	2.250	0.000	-0.16875631
-1.950	2.250	0.000	-0.17012057
-1.850	2.250	0.000	-0.17122713
-1.750	2.250	0.000	-0.17185561
-1.650	2.250	0.000	-0.17165855
-1.550	2.250	0.000	-0.17056924
-1.450	2.250	0.000	-0.16969028
-1.350	2.250	0.000	-0.16949451
-1.250	2.250	0.000	-0.16960883
-1.150	2.250	0.000	-0.17037456
-1.050	2.250	0.000	-0.17175919
-0.950	2.250	0.000	-0.17144875
-0.850	2.250	0.000	-0.17052718
-0.750	2.250	0.000	-0.16855203
-0.650	2.250	0.000	-0.16576870
-0.550	2.250	0.000	-0.16264845
-0.450	2.250	0.000	-0.15972579
-0.350	2.250	0.000	-0.15720136
-0.250	2.250	0.000	-0.15502332
-0.150	2.250	0.000	-0.15291423
-0.050	2.250	0.000	-0.15081491
0.050	2.250	0.000	-0.14872637
0.150	2.250	0.000	-0.14704670
0.250	2.250	0.000	-0.14603227
0.350	2.250	0.000	-0.14567663
0.450	2.250	0.000	-0.14602059
0.550	2.250	0.000	-0.14643630
0.650	2.250	0.000	-0.14690816
0.750	2.250	0.000	-0.14733090
0.850	2.250	0.000	-0.14770956
0.950	2.250	0.000	-0.14812773
1.050	2.250	0.000	-0.14850958
1.150	2.250	0.000	-0.14865887
1.250	2.250	0.000	-0.14825068
1.350	2.250	0.000	-0.14722122
1.450	2.250	0.000	-0.14565048
1.550	2.250	0.000	-0.14377159
1.650	2.250	0.000	-0.14185548
1.750	2.250	0.000	-0.14010987
1.850	2.250	0.000	-0.13852733
1.950	2.250	0.000	-0.13721971
2.050	2.250	0.000	-0.13607058
2.150	2.250	0.000	-0.13513336
2.250	2.250	0.000	-0.13401708
2.350	2.250	0.000	-0.13320726
2.450	2.250	0.000	-0.13096453
-2.450	2.350	0.000	-0.16702303
-2.350	2.350	0.000	-0.16710927
-2.250	2.350	0.000	-0.16742657
-2.150	2.350	0.000	-0.16828647
-2.050	2.350	0.000	-0.16939887
-1.950	2.350	0.000	-0.17059885
-1.850	2.350	0.000	-0.17166092
-1.750	2.350	0.000	-0.17238225
-1.650	2.350	0.000	-0.17244717
-1.550	2.350	0.000	-0.17165579
-1.450	2.350	0.000	-0.17124860
-1.350	2.350	0.000	-0.17125989
-1.250	2.350	0.000	-0.17168581
-1.150	2.350	0.000	-0.17275994
-1.050	2.350	0.000	-0.17442341
-0.950	2.350	0.000	-0.17459626
-0.850	2.350	0.000	-0.17379823
-0.750	2.350	0.000	-0.17197683
-0.650	2.350	0.000	-0.16910294
-0.550	2.350	0.000	-0.16558069
-0.450	2.350	0.000	-0.16203542
-0.350	2.350	0.000	-0.15883772
-0.250	2.350	0.000	-0.15595572
-0.150	2.350	0.000	-0.15315033
-0.050	2.350	0.000	-0.15037087
0.050	2.350	0.000	-0.14782532
0.150	2.350	0.000	-0.14588743
0.250	2.350	0.000	-0.14477172
0.350	2.350	0.000	-0.14448822
0.450	2.350	0.000	-0.14485873
0.550	2.350	0.000	-0.14539878
0.650	2.350	0.000	-0.14609422
0.750	2.350	0.000	-0.14688089
0.850	2.350	0.000	-0.14768296
0.950	2.350	0.000	-0.14845097
1.050	2.350	0.000	-0.14894810
1.150	2.350	0.000	-0.14915900
1.250	2.350	0.000	-0.14878814
1.350	2.350	0.000	-0.14779949
1.450	2.350	0.000	-0.14632638
1.550	2.350	0.000	-0.14458545
1.650	2.350	0.000	-0.14280705
1.750	2.350	0.000	-0.14115238
1.850	2.350	0.000	-0.13962163
1.950	2.350	0.000	-0.13833240
2.050	2.350	0.000	-0.13715829
2.150	2.350	0.000	-0.13614663
2.250	2.350	0.000	-0.13494810
2.350	2.350	0.000	-0.13404778
2.450	2.350	0.000	-0.13173807
-2.450	2.450	0.000	-0.16664037
-2.350	2.450	0.000	-0.16671680
-2.250	2.450	0.000	-0.16695119
-2.150	2.450	0.000	-0.16763914
-2.050	2.450	0.000	-0.16845317
-1.950	2.450	0.000	-0.16930985
-1.850	2.450	0.000	-0.17004398
-1.750	2.450	0.000	-0.17051440
-1.650	2.450	0.000	-0.17046130
-1.550	2.450	0.000	-0.16968526
-1.450	2.450	0.000	-0.16958936
-1.350	2.450	0.000	-0.16979176
-1.250	2.450	0.000	-0.17062531
-1.150	2.450	0.000	-0.17217731
-1.050	2.450	0.000	-0.17433207
-0.950	2.450	0.000	-0.17535076
-0.850	2.450	0.000	-0.17499715
-0.750	2.450	0.000	-0.17375216
-0.650	2.450	0.000	-0.17136447
-0.550	2.450	0.000	-0.16819344
-0.450	2.450	0.000	-0.16484904
-0.350	2.450	0.000	-0.16164598
-0.250	2.450	0.000	-0.15855466
-0.150	2.450	0.000	-0.15543181
-0.050	2.450	0.000	-0.15228964
0.050	2.450	0.000	-0.14932173
0.150	2.450	0.000	-0.14691176
0.250	2.450	0.000	-0.14530675
0.350	2.450	0.000	-0.14455642
0.450	2.450	0.000	-0.14444084
0.550	2.450	0.000	-0.14475621
0.650	2.450	0.000	-0.14524595
0.750	2.450	0.000	-0.14587714
0.850	2.450	0.000	-0.14657719
0.950	2.450	0.000	-0.14718078
1.050	2.450	0.000	-0.14755549
1.150	2.450	0.000	-0.14762792
1.250	2.450	0.000	-0.14719328
1.350	2.450	0.000	-0.14626339
1.450	2.450	0.000	-0.14490591
1.550	2.450	0.000	-0.14330174
1.650	2.450	0.000	-0.14165212
1.750	2.450	0.000	-0.14005899
1.850	2.450	0.000	-0.13852130
1.950	2.450	0.000	-0.13710645
2.050	2.450	0.000	-0.13570668
2.150	2.450	0.000	-0.13439138
2.250	2.450	0.000	-0.13297449
2.350	2.450	0.000	-0.13186793
2.450	2.450	0.000	-0.12929772
