-2.450	-2.450	0.000	-0.15489407
-2.350	-2.450	0.000	-0.15503030
-2.250	-2.450	0.000	-0.15462562
-2.150	-2.450	0.000	-0.15363654
-2.050	-2.450	0.000	-0.15261911
-1.950	-2.450	0.000	-0.15308097
-1.850	-2.450	0.000	-0.15422328
-1.750	-2.450	0.000	-0.15568916
-1.650	-2.450	0.000	-0.15716726
-1.550	-2.450	0.000	-0.15833041
-1.450	-2.450	0.000	-0.15914905
-1.350	-2.450	0.000	-0.16003285
-1.250	-2.450	0.000	-0.16122092
-1.150	-2.450	0.000	-0.16262193
-1.050	-2.450	0.000	-0.16429012
-0.950	-2.450	0.000	-0.16546379
-0.850	-2.450	0.000	-0.16584878
-0.750	-2.450	0.000	-0.16527775
-0.650	-2.450	0.000	-0.16404487
-0.550	-2.450	0.000	-0.16186300
-0.450	-2.450	0.000	-0.15926664
-0.350	-2.450	0.000	-0.15649389
-0.250	-2.450	0.000	-0.15408745
-0.150	-2.450	0.000	-0.15180893
-0.050	-2.450	0.000	-0.14963017
0.050	-2.450	0.000	-0.14745858
0.150	-2.450	0.000	-0.14514977
0.250	-2.450	0.000	-0.14298403
0.350	-2.450	0.000	-0.14111589
0.450	-2.450	0.000	-0.13950992
0.550	-2.450	0.000	-0.13799840
0.650	-2.450	0.000	-0.13659637
0.750	-2.450	0.000	-0.13546154
0.850	-2.450	0.000	-0.13457671
0.950	-2.450	0.000	-0.13387422
1.050	-2.450	0.000	-0.13336501
1.150	-2.450	0.000	-0.13295740
1.250	-2.450	0.000	-0.13256873
1.350	-2.450	0.000	-0.13223340
1.450	-2.450	0.000	-0.13196294
1.550	-2.450	0.000	-0.13186912
1.650	-2.450	0.000	-0.13173205
1.750	-2.450	0.000	-0.13163665
1.850	-2.450	0.000	-0.13144059
1.950	-2.450	0.000	-0.13077879
2.050	-2.450	0.000	-0.12953182
2.150	-2.450	0.000	-0.12781009
2.250	-2.450	0.000	-0.12537920
2.350	-2.450	0.000	-0.12306755
2.450	-2.450	0.000	-0.11994276
-2.450	-2.350	0.000	-0.15299669
-2.350	-2.350	0.000	-0.15339270
-2.250	-2.350	0.000	-0.15340467
-2.150	-2.350	0.000	-0.15293235
-2.050	-2.350	0.000	-0.15222022
-1.950	-2.350	0.000	-0.15266705
-1.850	-2.350	0.000	-0.15385702
-1.750	-2.350	0.000	-0.15548460
-1.650	-2.350	0.000	-0.15719859
-1.550	-2.350	0.000	-0.15851717
-1.450	-2.350	0.000	-0.15948090
-1.350	-2.350	0.000	-0.16006224
-1.250	-2.350	0.000	-0.16104174
-1.150	-2.350	0.000	-0.16209561
-1.050	-2.350	0.000	-0.16329525
-0.950	-2.350	0.000	-0.16445464
-0.850	-2.350	0.000	-0.16508749
-0.750	-2.350	0.000	-0.16490082
-0.650	-2.350	0.000	-0.16403018
-0.550	-2.350	0.000	-0.16227274
-0.450	-2.350	0.000	-0.15985122
-0.350	-2.350	0.000	-0.15707695
-0.250	-2.350	0.000	-0.15462114
-0.150	-2.350	0.000	-0.15233469
-0.050	-2.350	0.000	-0.15016828
0.050	-2.350	0.000	-0.14796314
0.150	-2.350	0.000	-0.14562972
0.250	-2.350	0.000	-0.14343435
0.350	-2.350	0.000	-0.14136757
0.450	-2.350	0.000	-0.13945837
0.550	-2.350	0.000	-0.13763304
0.650	-2.350	0.000	-0.13595209
0.750	-2.350	0.000	-0.13460083
0.850	-2.350	0.000	-0.13360333
0.950	-2.350	0.000	-0.13290527
1.050	-2.350	0.000	-0.13252373
1.150	-2.350	0.000	-0.13228062
1.250	-2.350	0.000	-0.13194092
1.350	-2.350	0.000	-0.13163669
1.450	-2.350	0.000	-0.13134913
1.550	-2.350	0.000	-0.13115206
1.650	-2.350	0.000	-0.13093162
1.750	-2.350	0.000	-0.13090481
1.850	-2.350	0.000	-0.13076836
1.950	-2.350	0.000	-0.13013251
2.050	-2.350	0.000	-0.12883112
2.150	-2.350	0.000	-0.12687878
2.250	-2.350	0.000	-0.12406152
2.350	-2.350	0.000	-0.12150720
2.450	-2.350	0.000	-0.11755008
-2.450	-2.250	0.000	-0.15323511
-2.350	-2.250	0.000	-0.15391892
-2.250	-2.250	0.000	-0.15424472
-2.150	-2.250	0.000	-0.15396990
-2.050	-2.250	0.000	-0.15342620
-1.950	-2.250	0.000	-0.15334126
-1.850	-2.250	0.000	-0.15401964
-1.750	-2.250	0.000	-0.15526029
-1.650	-2.250	0.000	-0.15668145
-1.550	-2.250	0.000	-0.15799077
-1.450	-2.250	0.000	-0.15903640
-1.350	-2.250	0.000	-0.15971608
-1.250	-2.250	0.000	-0.16076353
-1.150	-2.250	0.000	-0.16174133
-1.050	-2.250	0.000	-0.16272856
-0.950	-2.250	0.000	-0.16350614
-0.850	-2.250	0.000	-0.16392720
-0.750	-2.250	0.000	-0.16353554
-0.650	-2.250	0.000	-0.16270788
-0.550	-2.250	0.000	-0.16119790
-0.450	-2.250	0.000	-0.15890609
-0.350	-2.250	0.000	-0.15628286
-0.250	-2.250	0.000	-0.15376124
-0.150	-2.250	0.000	-0.15143874
-0.050	-2.250	0.000	-0.14937003
0.050	-2.250	0.000	-0.14740890
0.150	-2.250	0.000	-0.14541426
0.250	-2.250	0.000	-0.14354171
0.350	-2.250	0.000	-0.14178398
0.450	-2.250	0.000	-0.14002943
0.550	-2.250	0.000	-0.13819820
0.650	-2.250	0.000	-0.13652572
0.750	-2.250	0.000	-0.13518012
0.850	-2.250	0.000	-0.13415687
0.950	-2.250	0.000	-0.13344461
1.050	-2.250	0.000	-0.13306265
1.150	-2.250	0.000	-0.13272189
1.250	-2.250	0.000	-0.13223630
1.350	-2.250	0.000	-0.13184112
1.450	-2.250	0.000	-0.13143042
1.550	-2.250	0.000	-0.13118778
1.650	-2.250	0.000	-0.13093631
1.750	-2.250	0.000	-0.13108638
1.850	-2.250	0.000	-0.13109508
1.950	-2.250	0.000	-0.13076636
2.050	-2.250	0.000	-0.12990417
2.150	-2.250	0.000	-0.12851189
2.250	-2.250	0.000	-0.12597670
2.350	-2.250	0.000	-0.12404668
2.450	-2.250	0.000	-0.12017202
-2.450	-2.150	0.000	-0.15303566
-2.350	-2.150	0.000	-0.15381944
-2.250	-2.150	0.000	-0.15444276
-2.150	-2.150	0.000	-0.15427966
-2.050	-2.150	0.000	-0.15391366
-1.950	-2.150	0.000	-0.15355840
-1.850	-2.150	0.000	-0.15389301
-1.750	-2.150	0.000	-0.15485317
-1.650	-2.150	0.000	-0.15624765
-1.550	-2.150	0.000	-0.15772806
-1.450	-2.150	0.000	-0.15906715
-1.350	-2.150	0.000	-0.16011435
-1.250	-2.150	0.000	-0.16119333
-1.150	-2.150	0.000	-0.16203536
-1.050	-2.150	0.000	-0.16275695
-0.950	-2.150	0.000	-0.16320878
-0.850	-2.150	0.000	-0.16338472
-0.750	-2.150	0.000	-0.16274315
-0.650	-2.150	0.000	-0.16186447
-0.550	-2.150	0.000	-0.16029592
-0.450	-2.150	0.000	-0.15797329
-0.350	-2.150	0.000	-0.15526579
-0.250	-2.150	0.000	-0.15252195
-0.150	-2.150	0.000	-0.14993134
-0.050	-2.150	0.000	-0.14767367
0.050	-2.150	0.000	-0.14567381
0.150	-2.150	0.000	-0.14385511
0.250	-2.150	0.000	-0.14213690
0.350	-2.150	0.000	-0.14059189
0.450	-2.150	0.000	-0.13906479
0.550	-2.150	0.000	-0.13742623
0.650	-2.150	0.000	-0.13588659
0.750	-2.150	0.000	-0.13469431
0.850	-2.150	0.000	-0.13387690
0.950	-2.150	0.000	-0.13339411
1.050	-2.150	0.000	-0.13317530
1.150	-2.150	0.000	-0.13284150
1.250	-2.150	0.000	-0.13227771
1.350	-2.150	0.000	-0.13158444
1.450	-2.150	0.000	-0.13082296
1.550	-2.150	0.000	-0.13032220
1.650	-2.150	0.000	-0.12969138
1.750	-2.150	0.000	-0.12966365
1.850	-2.150	0.000	-0.12946644
1.950	-2.150	0.000	-0.12904584
2.050	-2.150	0.000	-0.12842257
2.150	-2.150	0.000	-0.12757954
2.250	-2.150	0.000	-0.12542792
2.350	-2.150	0.000	-0.12383004
2.450	-2.150	0.000	-0.12008178
-2.450	-2.050	0.000	-0.15301421
-2.350	-2.050	0.000	-0.15381414
-2.250	-2.050	0.000	-0.15474164
-2.150	-2.050	0.000	-0.15493861
-2.050	-2.050	0.000	-0.15477756
-1.950	-2.050	0.000	-0.15443346
-1.850	-2.050	0.000	-0.15447186
-1.750	-2.050	0.000	-0.15500437
-1.650	-2.050	0.000	-0.15606931
-1.550	-2.050	0.000	-0.15765746
-1.450	-2.050	0.000	-0.15930282
-1.350	-2.050	0.000	-0.16054544
-1.250	-2.050	0.000	-0.16149887
-1.150	-2.050	0.000	-0.16204399
-1.050	-2.050	0.000	-0.16220546
-0.950	-2.050	0.000	-0.16216667
-0.850	-2.050	0.000	-0.16179675
-0.750	-2.050	0.000	-0.16100614
-0.650	-2.050	0.000	-0.16008270
-0.550	-2.050	0.000	-0.15869306
-0.450	-2.050	0.000	-0.15665975
-0.350	-2.050	0.000	-0.15400150
-0.250	-2.050	0.000	-0.15106021
-0.150	-2.050	0.000	-0.14822572
-0.050	-2.050	0.000	-0.14574376
0.050	-2.050	0.000	-0.14361796
0.150	-2.050	0.000	-0.14180936
0.250	-2.050	0.000	-0.14023501
0.350	-2.050	0.000	-0.13891777
0.450	-2.050	0.000	-0.13771273
0.550	-2.050	0.000	-0.13651253
0.650	-2.050	0.000	-0.13544708
0.750	-2.050	0.000	-0.13456449
0.850	-2.050	0.000	-0.13394512
0.950	-2.050	0.000	-0.13367394
1.050	-2.050	0.000	-0.13362670
1.150	-2.050	0.000	-0.13344726
1.250	-2.050	0.000	-0.13303269
1.350	-2.050	0.000	-0.13236631
1.450	-2.050	0.000	-0.13159707
1.550	-2.050	0.000	-0.13085622
1.650	-2.050	0.000	-0.13016358
1.750	-2.050	0.000	-0.12989208
1.850	-2.050	0.000	-0.12948881
1.950	-2.050	0.000	-0.12906049
2.050	-2.050	0.000	-0.12853794
2.150	-2.050	0.000	-0.12799700
2.250	-2.050	0.000	-0.12625781
2.350	-2.050	0.000	-0.12516564
2.450	-2.050	0.000	-0.12183253
-2.450	-1.950	0.000	-0.15341486
-2.350	-1.950	0.000	-0.15415452
-2.250	-1.950	0.000	-0.15520149
-2.150	-1.950	0.000	-0.15561122
-2.050	-1.950	0.000	-0.15542607
-1.950	-1.950	0.000	-0.15501517
-1.850	-1.950	0.000	-0.15476352
-1.750	-1.950	0.000	-0.15494318
-1.650	-1.950	0.000	-0.15580699
-1.550	-1.950	0.000	-0.15743095
-1.450	-1.950	0.000	-0.15929285
-1.350	-1.950	0.000	-0.16064972
-1.250	-1.950	0.000	-0.16155076
-1.150	-1.950	0.000	-0.16188793
-1.050	-1.950	0.000	-0.16174971
-0.950	-1.950	0.000	-0.16122140
-0.850	-1.950	0.000	-0.16025698
-0.750	-1.950	0.000	-0.15904978
-0.650	-1.950	0.000	-0.15776221
-0.550	-1.950	0.000	-0.15620369
-0.450	-1.950	0.000	-0.15430477
-0.350	-1.950	0.000	-0.15187712
-0.250	-1.950	0.000	-0.14905065
-0.150	-1.950	0.000	-0.14616041
-0.050	-1.950	0.000	-0.14356376
0.050	-1.950	0.000	-0.14141709
0.150	-1.950	0.000	-0.13969871
0.250	-1.950	0.000	-0.13821876
0.350	-1.950	0.000	-0.13695985
0.450	-1.950	0.000	-0.13580751
0.550	-1.950	0.000	-0.13473687
0.650	-1.950	0.000	-0.13384955
0.750	-1.950	0.000	-0.13317910
0.850	-1.950	0.000	-0.13283131
0.950	-1.950	0.000	-0.13287902
1.050	-1.950	0.000	-0.13312919
1.150	-1.950	0.000	-0.13322641
1.250	-1.950	0.000	-0.13297361
1.350	-1.950	0.000	-0.13243893
1.450	-1.950	0.000	-0.13166492
1.550	-1.950	0.000	-0.13064751
1.650	-1.950	0.000	-0.12978026
1.750	-1.950	0.000	-0.12914176
1.850	-1.950	0.000	-0.12839483
1.950	-1.950	0.000	-0.12780914
2.050	-1.950	0.000	-0.12726897
2.150	-1.950	0.000	-0.12689295
2.250	-1.950	0.000	-0.12561736
2.350	-1.950	0.000	-0.12503898
2.450	-1.950	0.000	-0.12242989
-2.450	-1.850	0.000	-0.15397812
-2.350	-1.850	0.000	-0.15473740
-2.250	-1.850	0.000	-0.15584336
-2.150	-1.850	0.000	-0.15644428
-2.050	-1.850	0.000	-0.15619619
-1.950	-1.850	0.000	-0.15580806
-1.850	-1.850	0.000	-0.15539941
-1.750	-1.850	0.000	-0.15540566
-1.650	-1.850	0.000	-0.15601659
-1.550	-1.850	0.000	-0.15747182
-1.450	-1.850	0.000	-0.15914237
-1.350	-1.850	0.000	-0.16043386
-1.250	-1.850	0.000	-0.16121750
-1.150	-1.850	0.000	-0.16131181
-1.050	-1.850	0.000	-0.16088508
-0.950	-1.850	0.000	-0.15979633
-0.850	-1.850	0.000	-0.15818611
-0.750	-1.850	0.000	-0.15638375
-0.650	-1.850	0.000	-0.15443473
-0.550	-1.850	0.000	-0.15248513
-0.450	-1.850	0.000	-0.15052953
-0.350	-1.850	0.000	-0.14836651
-0.250	-1.850	0.000	-0.14589156
-0.150	-1.850	0.000	-0.14329439
-0.050	-1.850	0.000	-0.14086922
0.050	-1.850	0.000	-0.13882232
0.150	-1.850	0.000	-0.13725179
0.250	-1.850	0.000	-0.13602208
0.350	-1.850	0.000	-0.13499691
0.450	-1.850	0.000	-0.13407584
0.550	-1.850	0.000	-0.13323136
0.650	-1.850	0.000	-0.13251023
0.750	-1.850	0.000	-0.13199307
0.850	-1.850	0.000	-0.13183154
0.950	-1.850	0.000	-0.13206567
1.050	-1.850	0.000	-0.13239802
1.150	-1.850	0.000	-0.13260540
1.250	-1.850	0.000	-0.13259487
1.350	-1.850	0.000	-0.13227637
1.450	-1.850	0.000	-0.13157743
1.550	-1.850	0.000	-0.13056235
1.650	-1.850	0.000	-0.12960771
1.750	-1.850	0.000	-0.12870912
1.850	-1.850	0.000	-0.12777703
1.950	-1.850	0.000	-0.12708127
2.050	-1.850	0.000	-0.12641092
2.150	-1.850	0.000	-0.12602994
2.250	-1.850	0.000	-0.12494411
2.350	-1.850	0.000	-0.12452497
2.450	-1.850	0.000	-0.12221594
-2.450	-1.750	0.000	-0.15457602
-2.350	-1.750	0.000	-0.15541913
-2.250	-1.750	0.000	-0.15663734
-2.150	-1.750	0.000	-0.15739612
-2.050	-1.750	0.000	-0.15709534
-1.950	-1.750	0.000	-0.15663992
-1.850	-1.750	0.000	-0.15602216
-1.750	-1.750	0.000	-0.15567970
-1.650	-1.750	0.000	-0.15589005
-1.550	-1.750	0.000	-0.15719548
-1.450	-1.750	0.000	-0.15884787
-1.350	-1.750	0.000	-0.16024564
-1.250	-1.750	0.000	-0.16102214
-1.150	-1.750	0.000	-0.16099849
-1.050	-1.750	0.000	-0.16009255
-0.950	-1.750	0.000	-0.15848003
-0.850	-1.750	0.000	-0.15623949
-0.750	-1.750	0.000	-0.15371642
-0.650	-1.750	0.000	-0.15117548
-0.550	-1.750	0.000	-0.14883073
-0.450	-1.750	0.000	-0.14671095
-0.350	-1.750	0.000	-0.14463556
-0.250	-1.750	0.000	-0.14249177
-0.150	-1.750	0.000	-0.14034580
-0.050	-1.750	0.000	-0.13839091
0.050	-1.750	0.000	-0.13675678
0.150	-1.750	0.000	-0.13547030
0.250	-1.750	0.000	-0.13447498
0.350	-1.750	0.000	-0.13365115
0.450	-1.750	0.000	-0.13291749
0.550	-1.750	0.000	-0.13224506
0.650	-1.750	0.000	-0.13163550
0.750	-1.750	0.000	-0.13117073
0.850	-1.750	0.000	-0.13101588
0.950	-1.750	0.000	-0.13123140
1.050	-1.750	0.000	-0.13155831
1.150	-1.750	0.000	-0.13177951
1.250	-1.750	0.000	-0.13185295
1.350	-1.750	0.000	-0.13180172
1.450	-1.750	0.000	-0.13137682
1.550	-1.750	0.000	-0.13063173
1.650	-1.750	0.000	-0.12986231
1.750	-1.750	0.000	-0.12884471
1.850	-1.750	0.000	-0.12771730
1.950	-1.750	0.000	-0.12682663
2.050	-1.750	0.000	-0.12591712
2.150	-1.750	0.000	-0.12547795
2.250	-1.750	0.000	-0.12444493
2.350	-1.750	0.000	-0.12399598
2.450	-1.750	0.000	-0.12191302
-2.450	-1.650	0.000	-0.15491775
-2.350	-1.650	0.000	-0.15579531
-2.250	-1.650	0.000	-0.15716739
-2.150	-1.650	0.000	-0.15799996
-2.050	-1.650	0.000	-0.15769035
-1.950	-1.650	0.000	-0.15714143
-1.850	-1.650	0.000	-0.15639606
-1.750	-1.650	0.000	-0.15581708
-1.650	-1.650	0.000	-0.15567122
-1.550	-1.650	0.000	-0.15678792
-1.450	-1.650	0.000	-0.15842614
-1.350	-1.650	0.000	-0.15985444
-1.250	-1.650	0.000	-0.16064064
-1.150	-1.650	0.000	-0.16060415
-1.050	-1.650	0.000	-0.15946758
-0.950	-1.650	0.000	-0.15728015
-0.850	-1.650	0.000	-0.15441534
-0.750	-1.650	0.000	-0.15128469
-0.650	-1.650	0.000	-0.14819524
-0.550	-1.650	0.000	-0.14535245
-0.450	-1.650	0.000	-0.14290111
-0.350	-1.650	0.000	-0.14082155
-0.250	-1.650	0.000	-0.13897343
-0.150	-1.650	0.000	-0.13729385
-0.050	-1.650	0.000	-0.13580562
0.050	-1.650	0.000	-0.13457499
0.150	-1.650	0.000	-0.13356669
0.250	-1.650	0.000	-0.13272788
0.350	-1.650	0.000	-0.13200699
0.450	-1.650	0.000	-0.13142352
0.550	-1.650	0.000	-0.13100061
0.650	-1.650	0.000	-0.13068886
0.750	-1.650	0.000	-0.13043679
0.850	-1.650	0.000	-0.13036807
0.950	-1.650	0.000	-0.13054670
1.050	-1.650	0.000	-0.13081758
1.150	-1.650	0.000	-0.13105930
1.250	-1.650	0.000	-0.13111652
1.350	-1.650	0.000	-0.13110128
1.450	-1.650	0.000	-0.13076080
1.550	-1.650	0.000	-0.13007230
1.650	-1.650	0.000	-0.12939502
1.750	-1.650	0.000	-0.12841350
1.850	-1.650	0.000	-0.12726219
1.950	-1.650	0.000	-0.12616555
2.050	-1.650	0.000	-0.12479325
2.150	-1.650	0.000	-0.12396351
2.250	-1.650	0.000	-0.12265731
2.350	-1.650	0.000	-0.12184257
2.450	-1.650	0.000	-0.11974818
-2.450	-1.550	0.000	-0.15535577
-2.350	-1.550	0.000	-0.15622087
-2.250	-1.550	0.000	-0.15757975
-2.150	-1.550	0.000	-0.15833269
-2.050	-1.550	0.000	-0.15801705
-1.950	-1.550	0.000	-0.15734889
-1.850	-1.550	0.000	-0.15649743
-1.750	-1.550	0.000	-0.15580837
-1.650	-1.550	0.000	-0.15550935
-1.550	-1.550	0.000	-0.15653792
-1.450	-1.550	0.000	-0.15807278
-1.350	-1.550	0.000	-0.15944545
-1.250	-1.550	0.000	-0.16020676
-1.150	-1.550	0.000	-0.16021883
-1.050	-1.550	0.000	-0.15899786
-0.950	-1.550	0.000	-0.15643160
-0.850	-1.550	0.000	-0.15308647
-0.750	-1.550	0.000	-0.14946064
-0.650	-1.550	0.000	-0.14588754
-0.550	-1.550	0.000	-0.14259313
-0.450	-1.550	0.000	-0.13985507
-0.350	-1.550	0.000	-0.13783404
-0.250	-1.550	0.000	-0.13635647
-0.150	-1.550	0.000	-0.13522118
-0.050	-1.550	0.000	-0.13424140
0.050	-1.550	0.000	-0.13339010
0.150	-1.550	0.000	-0.13262509
0.250	-1.550	0.000	-0.13189131
0.350	-1.550	0.000	-0.13122846
0.450	-1.550	0.000	-0.13074039
0.550	-1.550	0.000	-0.13048123
0.650	-1.550	0.000	-0.13035285
0.750	-1.550	0.000	-0.13028137
0.850	-1.550	0.000	-0.13032362
0.950	-1.550	0.000	-0.13046777
1.050	-1.550	0.000	-0.13063550
1.150	-1.550	0.000	-0.13076097
1.250	-1.550	0.000	-0.13065280
1.350	-1.550	0.000	-0.13039625
1.450	-1.550	0.000	-0.12990263
1.550	-1.550	0.000	-0.12905908
1.650	-1.550	0.000	-0.12819289
1.750	-1.550	0.000	-0.12709986
1.850	-1.550	0.000	-0.12579715
1.950	-1.550	0.000	-0.12447225
2.050	-1.550	0.000	-0.12285215
2.150	-1.550	0.000	-0.12179132
2.250	-1.550	0.000	-0.12022527
2.350	-1.550	0.000	-0.11906908
2.450	-1.550	0.000	-0.11682850
-2.450	-1.450	0.000	-0.15540254
-2.350	-1.450	0.000	-0.15625425
-2.250	-1.450	0.000	-0.15747868
-2.150	-1.450	0.000	-0.15805657
-2.050	-1.450	0.000	-0.15763348
-1.950	-1.450	0.000	-0.15674137
-1.850	-1.450	0.000	-0.15570015
-1.750	-1.450	0.000	-0.15482600
-1.650	-1.450	0.000	-0.15433685
-1.550	-1.450	0.000	-0.15540652
-1.450	-1.450	0.000	-0.15706575
-1.350	-1.450	0.000	-0.15852818
-1.250	-1.450	0.000	-0.15937497
-1.150	-1.450	0.000	-0.15940803
-1.050	-1.450	0.000	-0.15787041
-0.950	-1.450	0.000	-0.15498120
-0.850	-1.450	0.000	-0.15122102
-0.750	-1.450	0.000	-0.14705969
-0.650	-1.450	0.000	-0.14287452
-0.550	-1.450	0.000	-0.13902299
-0.450	-1.450	0.000	-0.13601948
-0.350	-1.450	0.000	-0.13425086
-0.250	-1.450	0.000	-0.13330778
-0.150	-1.450	0.000	-0.13283084
-0.050	-1.450	0.000	-0.13249122
0.050	-1.450	0.000	-0.13207439
0.150	-1.450	0.000	-0.13155216
0.250	-1.450	0.000	-0.13096063
0.350	-1.450	0.000	-0.13042238
0.450	-1.450	0.000	-0.13010451
0.550	-1.450	0.000	-0.13004805
0.650	-1.450	0.000	-0.13013250
0.750	-1.450	0.000	-0.13026072
0.850	-1.450	0.000	-0.13036039
0.950	-1.450	0.000	-0.13038406
1.050	-1.450	0.000	-0.13030894
1.150	-1.450	0.000	-0.13016310
1.250	-1.450	0.000	-0.12994067
1.350	-1.450	0.000	-0.12930538
1.450	-1.450	0.000	-0.12844969
1.550	-1.450	0.000	-0.12737635
1.650	-1.450	0.000	-0.12619412
1.750	-1.450	0.000	-0.12492827
1.850	-1.450	0.000	-0.12343307
1.950	-1.450	0.000	-0.12196214
2.050	-1.450	0.000	-0.12026252
2.150	-1.450	0.000	-0.11905760
2.250	-1.450	0.000	-0.11742368
2.350	-1.450	0.000	-0.11613405
2.450	-1.450	0.000	-0.11370331
-2.450	-1.350	0.000	-0.15507236
-2.350	-1.350	0.000	-0.15588482
-2.250	-1.350	0.000	-0.15704891
-2.150	-1.350	0.000	-0.15724854
-2.050	-1.350	0.000	-0.15678723
-1.950	-1.350	0.000	-0.15572134
-1.850	-1.350	0.000	-0.15455623
-1.750	-1.350	0.000	-0.15365629
-1.650	-1.350	0.000	-0.15315881
-1.550	-1.350	0.000	-0.15432622
-1.450	-1.350	0.000	-0.15600447
-1.350	-1.350	0.000	-0.15756740
-1.250	-1.350	0.000	-0.15839912
-1.150	-1.350	0.000	-0.15846699
-1.050	-1.350	0.000	-0.15645194
-0.950	-1.350	0.000	-0.15330899
-0.850	-1.350	0.000	-0.14913583
-0.750	-1.350	0.000	-0.14442781
-0.650	-1.350	0.000	-0.13967562
-0.550	-1.350	0.000	-0.13523892
-0.450	-1.350	0.000	-0.13209903
-0.350	-1.350	0.000	-0.13069215
-0.250	-1.350	0.000	-0.13038801
-0.150	-1.350	0.000	-0.13069190
-0.050	-1.350	0.000	-0.13102810
0.050	-1.350	0.000	-0.13114011
0.150	-1.350	0.000	-0.13097112
0.250	-1.350	0.000	-0.13064438
0.350	-1.350	0.000	-0.13027208
0.450	-1.350	0.000	-0.13010581
0.550	-1.350	0.000	-0.13018541
0.650	-1.350	0.000	-0.13037498
0.750	-1.350	0.000	-0.13048995
0.850	-1.350	0.000	-0.13046186
0.950	-1.350	0.000	-0.13021576
1.050	-1.350	0.000	-0.12989719
1.150	-1.350	0.000	-0.12947756
1.250	-1.350	0.000	-0.12906802
1.350	-1.350	0.000	-0.12828057
1.450	-1.350	0.000	-0.12721443
1.550	-1.350	0.000	-0.12605633
1.650	-1.350	0.000	-0.12479413
1.750	-1.350	0.000	-0.12343068
1.850	-1.350	0.000	-0.12179565
1.950	-1.350	0.000	-0.12018727
2.050	-1.350	0.000	-0.11849685
2.150	-1.350	0.000	-0.11724806
2.250	-1.350	0.000	-0.11550646
2.350	-1.350	0.000	-0.11415932
2.450	-1.350	0.000	-0.11159937
-2.450	-1.250	0.000	-0.15430704
-2.350	-1.250	0.000	-0.15489346
-2.250	-1.250	0.000	-0.15573856
-2.150	-1.250	0.000	-0.15574083
-2.050	-1.250	0.000	-0.15527274
-1.950	-1.250	0.000	-0.15418841
-1.850	-1.250	0.000	-0.15300024
-1.750	-1.250	0.000	-0.15209308
-1.650	-1.250	0.000	-0.15157421
-1.550	-1.250	0.000	-0.15269426
-1.450	-1.250	0.000	-0.15438412
-1.350	-1.250	0.000	-0.15604258
-1.250	-1.250	0.000	-0.15699010
-1.150	-1.250	0.000	-0.15714215
-1.050	-1.250	0.000	-0.15499383
-0.950	-1.250	0.000	-0.15152107
-0.850	-1.250	0.000	-0.14686455
-0.750	-1.250	0.000	-0.14151379
-0.650	-1.250	0.000	-0.13597402
-0.550	-1.250	0.000	-0.13089108
-0.450	-1.250	0.000	-0.12763986
-0.350	-1.250	0.000	-0.12700523
-0.250	-1.250	0.000	-0.12740275
-0.150	-1.250	0.000	-0.12832277
-0.050	-1.250	0.000	-0.12944373
0.050	-1.250	0.000	-0.13003679
0.150	-1.250	0.000	-0.13036756
0.250	-1.250	0.000	-0.13048723
0.350	-1.250	0.000	-0.13054717
0.450	-1.250	0.000	-0.13068354
0.550	-1.250	0.000	-0.13091096
0.650	-1.250	0.000	-0.13096714
0.750	-1.250	0.000	-0.13082431
0.850	-1.250	0.000	-0.13042121
0.950	-1.250	0.000	-0.12979291
1.050	-1.250	0.000	-0.12909867
1.150	-1.250	0.000	-0.12843318
1.250	-1.250	0.000	-0.12770022
1.350	-1.250	0.000	-0.12690575
1.450	-1.250	0.000	-0.12590358
1.550	-1.250	0.000	-0.12489273
1.650	-1.250	0.000	-0.12374519
1.750	-1.250	0.000	-0.12242577
1.850	-1.250	0.000	-0.12082576
1.950	-1.250	0.000	-0.11918519
2.050	-1.250	0.000	-0.11752884
2.150	-1.250	0.000	-0.11621945
2.250	-1.250	0.000	-0.11453758
2.350	-1.250	0.000	-0.11328316
2.450	-1.250	0.000	-0.11079218
-2.450	-1.150	0.000	-0.15351276
-2.350	-1.150	0.000	-0.15395716
-2.250	-1.150	0.000	-0.15443325
-2.150	-1.150	0.000	-0.15424897
-2.050	-1.150	0.000	-0.15357922
-1.950	-1.150	0.000	-0.15250804
-1.850	-1.150	0.000	-0.15129781
-1.750	-1.150	0.000	-0.15034358
-1.650	-1.150	0.000	-0.14989728
-1.550	-1.150	0.000	-0.15123335
-1.450	-1.150	0.000	-0.15307137
-1.350	-1.150	0.000	-0.15492527
-1.250	-1.150	0.000	-0.15608080
-1.150	-1.150	0.000	-0.15630174
-1.050	-1.150	0.000	-0.15433173
-0.950	-1.150	0.000	-0.15058418
-0.850	-1.150	0.000	-0.14537336
-0.750	-1.150	0.000	-0.13930890
-0.650	-1.150	0.000	-0.13283697
-0.550	-1.150	0.000	-0.12718609
-0.450	-1.150	0.000	-0.12428955
-0.350	-1.150	0.000	-0.12435349
-0.250	-1.150	0.000	-0.12505746
-0.150	-1.150	0.000	-0.12657510
-0.050	-1.150	0.000	-0.12823537
0.050	-1.150	0.000	-0.12934835
0.150	-1.150	0.000	-0.12999536
0.250	-1.150	0.000	-0.13065253
0.350	-1.150	0.000	-0.13122404
0.450	-1.150	0.000	-0.13165282
0.550	-1.150	0.000	-0.13191193
0.650	-1.150	0.000	-0.13189952
0.750	-1.150	0.000	-0.13147517
0.850	-1.150	0.000	-0.13067082
0.950	-1.150	0.000	-0.12961100
1.050	-1.150	0.000	-0.12849924
1.150	-1.150	0.000	-0.12753566
1.250	-1.150	0.000	-0.12665130
1.350	-1.150	0.000	-0.12579410
1.450	-1.150	0.000	-0.12497666
1.550	-1.150	0.000	-0.12423058
1.650	-1.150	0.000	-0.12336602
1.750	-1.150	0.000	-0.12223575
1.850	-1.150	0.000	-0.12081609
1.950	-1.150	0.000	-0.11928920
2.050	-1.150	0.000	-0.11782129
2.150	-1.150	0.000	-0.11668392
2.250	-1.150	0.000	-0.11520771
2.350	-1.150	0.000	-0.11412442
2.450	-1.150	0.000	-0.11175599
-2.450	-1.050	0.000	-0.15228973
-2.350	-1.050	0.000	-0.15259908
-2.250	-1.050	0.000	-0.15272583
-2.150	-1.050	0.000	-0.15248775
-2.050	-1.050	0.000	-0.15176485
-1.950	-1.050	0.000	-0.15070830
-1.850	-1.050	0.000	-0.14956196
-1.750	-1.050	0.000	-0.14869408
-1.650	-1.050	0.000	-0.14851837
-1.550	-1.050	0.000	-0.15008153
-1.450	-1.050	0.000	-0.15212317
-1.350	-1.050	0.000	-0.15417178
-1.250	-1.050	0.000	-0.15550634
-1.150	-1.050	0.000	-0.15583074
-1.050	-1.050	0.000	-0.15401155
-0.950	-1.050	0.000	-0.15007558
-0.850	-1.050	0.000	-0.14439842
-0.750	-1.050	0.000	-0.13760544
-0.650	-1.050	0.000	-0.13039087
-0.550	-1.050	0.000	-0.12439735
-0.450	-1.050	0.000	-0.12233026
-0.350	-1.050	0.000	-0.12265703
-0.250	-1.050	0.000	-0.12366071
-0.150	-1.050	0.000	-0.12552327
-0.050	-1.050	0.000	-0.12740354
0.050	-1.050	0.000	-0.12873679
0.150	-1.050	0.000	-0.12975657
0.250	-1.050	0.000	-0.13071805
0.350	-1.050	0.000	-0.13161939
0.450	-1.050	0.000	-0.13230075
0.550	-1.050	0.000	-0.13263440
0.650	-1.050	0.000	-0.13255587
0.750	-1.050	0.000	-0.13195774
0.850	-1.050	0.000	-0.13097605
0.950	-1.050	0.000	-0.12970182
1.050	-1.050	0.000	-0.12839474
1.150	-1.050	0.000	-0.12719648
1.250	-1.050	0.000	-0.12613091
1.350	-1.050	0.000	-0.12519814
1.450	-1.050	0.000	-0.12444623
1.550	-1.050	0.000	-0.12385847
1.650	-1.050	0.000	-0.12336925
1.750	-1.050	0.000	-0.12272298
1.850	-1.050	0.000	-0.12176248
1.950	-1.050	0.000	-0.12065160
2.050	-1.050	0.000	-0.11944380
2.150	-1.050	0.000	-0.11841784
2.250	-1.050	0.000	-0.11700805
2.350	-1.050	0.000	-0.11595292
2.450	-1.050	0.000	-0.11379769
-2.450	-0.950	0.000	-0.15134525
-2.350	-0.950	0.000	-0.15150964
-2.250	-0.950	0.000	-0.15134451
-2.150	-0.950	0.000	-0.15097746
-2.050	-0.950	0.000	-0.15026103
-1.950	-0.950	0.000	-0.14930636
-1.850	-0.950	0.000	-0.14831503
-1.750	-0.950	0.000	-0.14758474
-1.650	-0.950	0.000	-0.14774917
-1.550	-0.950	0.000	-0.14943607
-1.450	-0.950	0.000	-0.15175623
-1.350	-0.950	0.000	-0.15403426
-1.250	-0.950	0.000	-0.15566206
-1.150	-0.950	0.000	-0.15602709
-1.050	-0.950	0.000	-0.15426433
-0.950	-0.950	0.000	-0.14992650
-0.850	-0.950	0.000	-0.14375290
-0.750	-0.950	0.000	-0.13638783
-0.650	-0.950	0.000	-0.12855674
-0.550	-0.950	0.000	-0.12269165
-0.450	-0.950	0.000	-0.12158419
-0.350	-0.950	0.000	-0.12202840
-0.250	-0.950	0.000	-0.12318326
-0.150	-0.950	0.000	-0.12539916
-0.050	-0.950	0.000	-0.12726972
0.050	-0.950	0.000	-0.12862642
0.150	-0.950	0.000	-0.12971222
0.250	-0.950	0.000	-0.13072129
0.350	-0.950	0.000	-0.13167720
0.450	-0.950	0.000	-0.13238445
0.550	-0.950	0.000	-0.13275267
0.650	-0.950	0.000	-0.13274446
0.750	-0.950	0.000	-0.13231888
0.850	-0.950	0.000	-0.13147438
0.950	-0.950	0.000	-0.13033058
1.050	-0.950	0.000	-0.12904082
1.150	-0.950	0.000	-0.12767304
1.250	-0.950	0.000	-0.12640145
1.350	-0.950	0.000	-0.12542170
1.450	-0.950	0.000	-0.12473435
1.550	-0.950	0.000	-0.12437881
1.650	-0.950	0.000	-0.12425778
1.750	-0.950	0.000	-0.12400937
1.850	-0.950	0.000	-0.12337834
1.950	-0.950	0.000	-0.12251093
2.050	-0.950	0.000	-0.12129676
2.150	-0.950	0.000	-0.12009230
2.250	-0.950	0.000	-0.11857199
2.350	-0.950	0.000	-0.11746385
2.450	-0.950	0.000	-0.11545792
-2.450	-0.850	0.000	-0.15081015
-2.350	-0.850	0.000	-0.15077727
-2.250	-0.850	0.000	-0.15046215
-2.150	-0.850	0.000	-0.15004511
-2.050	-0.850	0.000	-0.14945486
-1.950	-0.850	0.000	-0.14870059
-1.850	-0.850	0.000	-0.14786074
-1.750	-0.850	0.000	-0.14725028
-1.650	-0.850	0.000	-0.14762908
-1.550	-0.850	0.000	-0.14943957
-1.450	-0.850	0.000	-0.15203384
-1.350	-0.850	0.000	-0.15440232
-1.250	-0.850	0.000	-0.15591574
-1.150	-0.850	0.000	-0.15619400
-1.050	-0.850	0.000	-0.15406916
-0.950	-0.850	0.000	-0.14939985
-0.850	-0.850	0.000	-0.14295752
-0.750	-0.850	0.000	-0.13523795
-0.650	-0.850	0.000	-0.12764840
-0.550	-0.850	0.000	-0.12220249
-0.450	-0.850	0.000	-0.12186210
-0.350	-0.850	0.000	-0.12257326
-0.250	-0.850	0.000	-0.12403528
-0.150	-0.850	0.000	-0.12642306
-0.050	-0.850	0.000	-0.12810978
0.050	-0.850	0.000	-0.12914528
0.150	-0.850	0.000	-0.12986848
0.250	-0.850	0.000	-0.13057536
0.350	-0.850	0.000	-0.13130264
0.450	-0.850	0.000	-0.13192837
0.550	-0.850	0.000	-0.13233504
0.650	-0.850	0.000	-0.13242769
0.750	-0.850	0.000	-0.13223907
0.850	-0.850	0.000	-0.13182440
0.950	-0.850	0.000	-0.13099955
1.050	-0.850	0.000	-0.13008547
1.150	-0.850	0.000	-0.12908883
1.250	-0.850	0.000	-0.12798795
1.350	-0.850	0.000	-0.12703946
1.450	-0.850	0.000	-0.12625842
1.550	-0.850	0.000	-0.12574929
1.650	-0.850	0.000	-0.12541607
1.750	-0.850	0.000	-0.12509359
1.850	-0.850	0.000	-0.12457784
1.950	-0.850	0.000	-0.12378475
2.050	-0.850	0.000	-0.12256836
2.150	-0.850	0.000	-0.12136150
2.250	-0.850	0.000	-0.11981003
2.350	-0.850	0.000	-0.11865702
2.450	-0.850	0.000	-0.11659876
-2.450	-0.750	0.000	-0.15074503
-2.350	-0.750	0.000	-0.15058878
-2.250	-0.750	0.000	-0.15017168
-2.150	-0.750	0.000	-0.14980496
-2.050	-0.750	0.000	-0.14932550
-1.950	-0.750	0.000	-0.14875448
-1.850	-0.750	0.000	-0.14805493
-1.750	-0.750	0.000	-0.14754909
-1.650	-0.750	0.000	-0.14829996
-1.550	-0.750	0.000	-0.14998055
-1.450	-0.750	0.000	-0.15248342
-1.350	-0.750	0.000	-0.15469746
-1.250	-0.750	0.000	-0.15597221
-1.150	-0.750	0.000	-0.15611508
-1.050	-0.750	0.000	-0.15361509
-0.950	-0.750	0.000	-0.14853823
-0.850	-0.750	0.000	-0.14181702
-0.750	-0.750	0.000	-0.13437752
-0.650	-0.750	0.000	-0.12707506
-0.550	-0.750	0.000	-0.12307002
-0.450	-0.750	0.000	-0.12340213
-0.350	-0.750	0.000	-0.12442970
-0.250	-0.750	0.000	-0.12593776
-0.150	-0.750	0.000	-0.12784366
-0.050	-0.750	0.000	-0.12924488
0.050	-0.750	0.000	-0.12998660
0.150	-0.750	0.000	-0.13035408
0.250	-0.750	0.000	-0.13062349
0.350	-0.750	0.000	-0.13094570
0.450	-0.750	0.000	-0.13133226
0.550	-0.750	0.000	-0.13171405
0.650	-0.750	0.000	-0.13195452
0.750	-0.750	0.000	-0.13208647
0.850	-0.750	0.000	-0.13207841
0.950	-0.750	0.000	-0.13165586
1.050	-0.750	0.000	-0.13109328
1.150	-0.750	0.000	-0.13045445
1.250	-0.750	0.000	-0.12953354
1.350	-0.750	0.000	-0.12860128
1.450	-0.750	0.000	-0.12770113
1.550	-0.750	0.000	-0.12692206
1.650	-0.750	0.000	-0.12625456
1.750	-0.750	0.000	-0.12572125
1.850	-0.750	0.000	-0.12526439
1.950	-0.750	0.000	-0.12456731
2.050	-0.750	0.000	-0.12336277
2.150	-0.750	0.000	-0.12217253
2.250	-0.750	0.000	-0.12063880
2.350	-0.750	0.000	-0.11948559
2.450	-0.750	0.000	-0.11725640
-2.450	-0.650	0.000	-0.15081988
-2.350	-0.650	0.000	-0.15058777
-2.250	-0.650	0.000	-0.15014921
-2.150	-0.650	0.000	-0.14990385
-2.050	-0.650	0.000	-0.14955045
-1.950	-0.650	0.000	-0.14919467
-1.850	-0.650	0.000	-0.14871594
-1.750	-0.650	0.000	-0.14838950
-1.650	-0.650	0.000	-0.14923665
-1.550	-0.650	0.000	-0.15090039
-1.450	-0.650	0.000	-0.15346144
-1.350	-0.650	0.000	-0.15546554
-1.250	-0.650	0.000	-0.15652856
-1.150	-0.650	0.000	-0.15635504
-1.050	-0.650	0.000	-0.15348984
-0.950	-0.650	0.000	-0.14807132
-0.850	-0.650	0.000	-0.14123105
-0.750	-0.650	0.000	-0.13431221
-0.650	-0.650	0.000	-0.12757525
-0.550	-0.650	0.000	-0.12489048
-0.450	-0.650	0.000	-0.12538534
-0.350	-0.650	0.000	-0.12660652
-0.250	-0.650	0.000	-0.12816688
-0.150	-0.650	0.000	-0.12984540
-0.050	-0.650	0.000	-0.13089739
0.050	-0.650	0.000	-0.13131075
0.150	-0.650	0.000	-0.13125090
0.250	-0.650	0.000	-0.13106452
0.350	-0.650	0.000	-0.13091689
0.450	-0.650	0.000	-0.13098252
0.550	-0.650	0.000	-0.13125619
0.650	-0.650	0.000	-0.13170916
0.750	-0.650	0.000	-0.13220763
0.850	-0.650	0.000	-0.13262688
0.950	-0.650	0.000	-0.13277513
1.050	-0.650	0.000	-0.13240606
1.150	-0.650	0.000	-0.13167554
1.250	-0.650	0.000	-0.13065149
1.350	-0.650	0.000	-0.12951691
1.450	-0.650	0.000	-0.12843007
1.550	-0.650	0.000	-0.12755039
1.650	-0.650	0.000	-0.12680931
1.750	-0.650	0.000	-0.12616313
1.850	-0.650	0.000	-0.12558238
1.950	-0.650	0.000	-0.12489323
2.050	-0.650	0.000	-0.12364538
2.150	-0.650	0.000	-0.12240574
2.250	-0.650	0.000	-0.12088703
2.350	-0.650	0.000	-0.11976796
2.450	-0.650	0.000	-0.11752335
-2.450	-0.550	0.000	-0.15072459
-2.350	-0.550	0.000	-0.15048680
-2.250	-0.550	0.000	-0.15006551
-2.150	-0.550	0.000	-0.14984426
-2.050	-0.550	0.000	-0.14971015
-1.950	-0.550	0.000	-0.14954787
-1.850	-0.550	0.000	-0.14916056
-1.750	-0.550	0.000	-0.14907628
-1.650	-0.550	0.000	-0.15011682
-1.550	-0.550	0.000	-0.15182407
-1.450	-0.550	0.000	-0.15441321
-1.350	-0.550	0.000	-0.15620366
-1.250	-0.550	0.000	-0.15716271
-1.150	-0.550	0.000	-0.15680228
-1.050	-0.550	0.000	-0.15373859
-0.950	-0.550	0.000	-0.14830528
-0.850	-0.550	0.000	-0.14185105
-0.750	-0.550	0.000	-0.13546787
-0.650	-0.550	0.000	-0.12950388
-0.550	-0.550	0.000	-0.12763561
-0.450	-0.550	0.000	-0.12804788
-0.350	-0.550	0.000	-0.12915255
-0.250	-0.550	0.000	-0.13052307
-0.150	-0.550	0.000	-0.13181162
-0.050	-0.550	0.000	-0.13261513
0.050	-0.550	0.000	-0.13251559
0.150	-0.550	0.000	-0.13216677
0.250	-0.550	0.000	-0.13160570
0.350	-0.550	0.000	-0.13119118
0.450	-0.550	0.000	-0.13112873
0.550	-0.550	0.000	-0.13138722
0.650	-0.550	0.000	-0.13198730
0.750	-0.550	0.000	-0.13275988
0.850	-0.550	0.000	-0.13346952
0.950	-0.550	0.000	-0.13382687
1.050	-0.550	0.000	-0.13361454
1.150	-0.550	0.000	-0.13285774
1.250	-0.550	0.000	-0.13177945
1.350	-0.550	0.000	-0.13046964
1.450	-0.550	0.000	-0.12922119
1.550	-0.550	0.000	-0.12811863
1.650	-0.550	0.000	-0.12726314
1.750	-0.550	0.000	-0.12656419
1.850	-0.550	0.000	-0.12582715
1.950	-0.550	0.000	-0.12509385
2.050	-0.550	0.000	-0.12387381
2.150	-0.550	0.000	-0.12251457
2.250	-0.550	0.000	-0.12091649
2.350	-0.550	0.000	-0.11971052
2.450	-0.550	0.000	-0.11747671
-2.450	-0.450	0.000	-0.15066729
-2.350	-0.450	0.000	-0.15036629
-2.250	-0.450	0.000	-0.14988956
-2.150	-0.450	0.000	-0.14968878
-2.050	-0.450	0.000	-0.14970565
-1.950	-0.450	0.000	-0.14961816
-1.850	-0.450	0.000	-0.14941728
-1.750	-0.450	0.000	-0.14965038
-1.650	-0.450	0.000	-0.15078756
-1.550	-0.450	0.000	-0.15259752
-1.450	-0.450	0.000	-0.15523872
-1.350	-0.450	0.000	-0.15693764
-1.250	-0.450	0.000	-0.15784541
-1.150	-0.450	0.000	-0.15736550
-1.050	-0.450	0.000	-0.15419225
-0.950	-0.450	0.000	-0.14885095
-0.850	-0.450	0.000	-0.14266793
-0.750	-0.450	0.000	-0.13686623
-0.650	-0.450	0.000	-0.13170056
-0.550	-0.450	0.000	-0.12998399
-0.450	-0.450	0.000	-0.13032062
-0.350	-0.450	0.000	-0.13129902
-0.250	-0.450	0.000	-0.13259140
-0.150	-0.450	0.000	-0.13356999
-0.050	-0.450	0.000	-0.13403280
0.050	-0.450	0.000	-0.13379307
0.150	-0.450	0.000	-0.13310200
0.250	-0.450	0.000	-0.13230808
0.350	-0.450	0.000	-0.13175403
0.450	-0.450	0.000	-0.13161348
0.550	-0.450	0.000	-0.13187882
0.650	-0.450	0.000	-0.13256329
0.750	-0.450	0.000	-0.13340782
0.850	-0.450	0.000	-0.13409136
0.950	-0.450	0.000	-0.13442099
1.050	-0.450	0.000	-0.13418870
1.150	-0.450	0.000	-0.13338986
1.250	-0.450	0.000	-0.13225631
1.350	-0.450	0.000	-0.13098052
1.450	-0.450	0.000	-0.12973823
1.550	-0.450	0.000	-0.12858842
1.650	-0.450	0.000	-0.12767781
1.750	-0.450	0.000	-0.12690808
1.850	-0.450	0.000	-0.12604569
1.950	-0.450	0.000	-0.12512493
2.050	-0.450	0.000	-0.12391293
2.150	-0.450	0.000	-0.12243979
2.250	-0.450	0.000	-0.12078588
2.350	-0.450	0.000	-0.11945084
2.450	-0.450	0.000	-0.11721870
-2.450	-0.350	0.000	-0.15064888
-2.350	-0.350	0.000	-0.15017976
-2.250	-0.350	0.000	-0.14961229
-2.150	-0.350	0.000	-0.14942250
-2.050	-0.350	0.000	-0.14950439
-1.950	-0.350	0.000	-0.14943030
-1.850	-0.350	0.000	-0.14928402
-1.750	-0.350	0.000	-0.14972144
-1.650	-0.350	0.000	-0.15081370
-1.550	-0.350	0.000	-0.15266803
-1.450	-0.350	0.000	-0.15536299
-1.350	-0.350	0.000	-0.15712476
-1.250	-0.350	0.000	-0.15804739
-1.150	-0.350	0.000	-0.15749191
-1.050	-0.350	0.000	-0.15429309
-0.950	-0.350	0.000	-0.14920707
-0.850	-0.350	0.000	-0.14348374
-0.750	-0.350	0.000	-0.13828561
-0.650	-0.350	0.000	-0.13400251
-0.550	-0.350	0.000	-0.13223465
-0.450	-0.350	0.000	-0.13249779
-0.350	-0.350	0.000	-0.13331574
-0.250	-0.350	0.000	-0.13444622
-0.150	-0.350	0.000	-0.13513154
-0.050	-0.350	0.000	-0.13540141
0.050	-0.350	0.000	-0.13514134
0.150	-0.350	0.000	-0.13429670
0.250	-0.350	0.000	-0.13334191
0.350	-0.350	0.000	-0.13261645
0.450	-0.350	0.000	-0.13232273
0.550	-0.350	0.000	-0.13246064
0.650	-0.350	0.000	-0.13307400
0.750	-0.350	0.000	-0.13385686
0.850	-0.350	0.000	-0.13441765
0.950	-0.350	0.000	-0.13469313
1.050	-0.350	0.000	-0.13440658
1.150	-0.350	0.000	-0.13354416
1.250	-0.350	0.000	-0.13235229
1.350	-0.350	0.000	-0.13110851
1.450	-0.350	0.000	-0.12987463
1.550	-0.350	0.000	-0.12874678
1.650	-0.350	0.000	-0.12783167
1.750	-0.350	0.000	-0.12703049
1.850	-0.350	0.000	-0.12609285
1.950	-0.350	0.000	-0.12501591
2.050	-0.350	0.000	-0.12369380
2.150	-0.350	0.000	-0.12218023
2.250	-0.350	0.000	-0.12048057
2.350	-0.350	0.000	-0.11901335
2.450	-0.350	0.000	-0.11670063
-2.450	-0.250	0.000	-0.15082735
-2.350	-0.250	0.000	-0.15015097
-2.250	-0.250	0.000	-0.14942679
-2.150	-0.250	0.000	-0.14927810
-2.050	-0.250	0.000	-0.14945738
-1.950	-0.250	0.000	-0.14952564
-1.850	-0.250	0.000	-0.14941032
-1.750	-0.250	0.000	-0.14964627
-1.650	-0.250	0.000	-0.15061285
-1.550	-0.250	0.000	-0.15233268
-1.450	-0.250	0.000	-0.15490690
-1.350	-0.250	0.000	-0.15654884
-1.250	-0.250	0.000	-0.15744603
-1.150	-0.250	0.000	-0.15702480
-1.050	-0.250	0.000	-0.15422189
-0.950	-0.250	0.000	-0.14974754
-0.850	-0.250	0.000	-0.14463893
-0.750	-0.250	0.000	-0.14000456
-0.650	-0.250	0.000	-0.13626835
-0.550	-0.250	0.000	-0.13431638
-0.450	-0.250	0.000	-0.13441420
-0.350	-0.250	0.000	-0.13493210
-0.250	-0.250	0.000	-0.13570522
-0.150	-0.250	0.000	-0.13623497
-0.050	-0.250	0.000	-0.13638769
0.050	-0.250	0.000	-0.13620919
0.150	-0.250	0.000	-0.13539809
0.250	-0.250	0.000	-0.13445726
0.350	-0.250	0.000	-0.13363965
0.450	-0.250	0.000	-0.13316484
0.550	-0.250	0.000	-0.13305083
0.650	-0.250	0.000	-0.13345446
0.750	-0.250	0.000	-0.13398691
0.850	-0.250	0.000	-0.13424279
0.950	-0.250	0.000	-0.13438496
1.050	-0.250	0.000	-0.13391952
1.150	-0.250	0.000	-0.13297950
1.250	-0.250	0.000	-0.13180642
1.350	-0.250	0.000	-0.13062827
1.450	-0.250	0.000	-0.12951992
1.550	-0.250	0.000	-0.12853025
1.650	-0.250	0.000	-0.12763913
1.750	-0.250	0.000	-0.12685707
1.850	-0.250	0.000	-0.12594490
1.950	-0.250	0.000	-0.12483658
2.050	-0.250	0.000	-0.12342785
2.150	-0.250	0.000	-0.12189576
2.250	-0.250	0.000	-0.12013404
2.350	-0.250	0.000	-0.11855923
2.450	-0.250	0.000	-0.11607832
-2.450	-0.150	0.000	-0.15124074
-2.350	-0.150	0.000	-0.15033467
-2.250	-0.150	0.000	-0.14935349
-2.150	-0.150	0.000	-0.14923343
-2.050	-0.150	0.000	-0.14943995
-1.950	-0.150	0.000	-0.14958234
-1.850	-0.150	0.000	-0.14943011
-1.750	-0.150	0.000	-0.14955917
-1.650	-0.150	0.000	-0.15042320
-1.550	-0.150	0.000	-0.15200175
-1.450	-0.150	0.000	-0.15437140
-1.350	-0.150	0.000	-0.15589596
-1.250	-0.150	0.000	-0.15682420
-1.150	-0.150	0.000	-0.15659975
-1.050	-0.150	0.000	-0.15422031
-0.950	-0.150	0.000	-0.15029082
-0.850	-0.150	0.000	-0.14574158
-0.750	-0.150	0.000	-0.14162216
-0.650	-0.150	0.000	-0.13836865
-0.550	-0.150	0.000	-0.13639620
-0.450	-0.150	0.000	-0.13617447
-0.350	-0.150	0.000	-0.13634363
-0.250	-0.150	0.000	-0.13677989
-0.150	-0.150	0.000	-0.13720909
-0.050	-0.150	0.000	-0.13728833
0.050	-0.150	0.000	-0.13706568
0.150	-0.150	0.000	-0.13637105
0.250	-0.150	0.000	-0.13549924
0.350	-0.150	0.000	-0.13463511
0.450	-0.150	0.000	-0.13402502
0.550	-0.150	0.000	-0.13375746
0.650	-0.150	0.000	-0.13383859
0.750	-0.150	0.000	-0.13399942
0.850	-0.150	0.000	-0.13413997
0.950	-0.150	0.000	-0.13407885
1.050	-0.150	0.000	-0.13349037
1.150	-0.150	0.000	-0.13256879
1.250	-0.150	0.000	-0.13146611
1.350	-0.150	0.000	-0.13031948
1.450	-0.150	0.000	-0.12927812
1.550	-0.150	0.000	-0.12834652
1.650	-0.150	0.000	-0.12744570
1.750	-0.150	0.000	-0.12656219
1.850	-0.150	0.000	-0.12556678
1.950	-0.150	0.000	-0.12440068
2.050	-0.150	0.000	-0.12292138
2.150	-0.150	0.000	-0.12140813
2.250	-0.150	0.000	-0.11969510
2.350	-0.150	0.000	-0.11814476
2.450	-0.150	0.000	-0.11554690
-2.450	-0.050	0.000	-0.15163478
-2.350	-0.050	0.000	-0.15051374
-2.250	-0.050	0.000	-0.14929552
-2.150	-0.050	0.000	-0.14905822
-2.050	-0.050	0.000	-0.14924225
-1.950	-0.050	0.000	-0.14935163
-1.850	-0.050	0.000	-0.14913376
-1.750	-0.050	0.000	-0.14905074
-1.650	-0.050	0.000	-0.14977853
-1.550	-0.050	0.000	-0.15125138
-1.450	-0.050	0.000	-0.15336007
-1.350	-0.050	0.000	-0.15488012
-1.250	-0.050	0.000	-0.15587950
-1.150	-0.050	0.000	-0.15588920
-1.050	-0.050	0.000	-0.15400554
-0.950	-0.050	0.000	-0.15072531
-0.850	-0.050	0.000	-0.14682595
-0.750	-0.050	0.000	-0.14323685
-0.650	-0.050	0.000	-0.14033325
-0.550	-0.050	0.000	-0.13840558
-0.450	-0.050	0.000	-0.13763449
-0.350	-0.050	0.000	-0.13746303
-0.250	-0.050	0.000	-0.13757245
-0.150	-0.050	0.000	-0.13778098
-0.050	-0.050	0.000	-0.13776551
0.050	-0.050	0.000	-0.13748801
0.150	-0.050	0.000	-0.13692094
0.250	-0.050	0.000	-0.13618851
0.350	-0.050	0.000	-0.13541238
0.450	-0.050	0.000	-0.13482040
0.550	-0.050	0.000	-0.13444054
0.650	-0.050	0.000	-0.13435991
0.750	-0.050	0.000	-0.13422680
0.850	-0.050	0.000	-0.13423811
0.950	-0.050	0.000	-0.13390702
1.050	-0.050	0.000	-0.13323089
1.150	-0.050	0.000	-0.13223185
1.250	-0.050	0.000	-0.13116536
1.350	-0.050	0.000	-0.13002960
1.450	-0.050	0.000	-0.12896641
1.550	-0.050	0.000	-0.12800954
1.650	-0.050	0.000	-0.12704776
1.750	-0.050	0.000	-0.12611590
1.850	-0.050	0.000	-0.12507549
1.950	-0.050	0.000	-0.12392429
2.050	-0.050	0.000	-0.12242008
2.150	-0.050	0.000	-0.12091129
2.250	-0.050	0.000	-0.11922933
2.350	-0.050	0.000	-0.11772982
2.450	-0.050	0.000	-0.11504972
-2.450	0.050	0.000	-0.15233850
-2.350	0.050	0.000	-0.15103185
-2.250	0.050	0.000	-0.14952131
-2.150	0.050	0.000	-0.14912727
-2.050	0.050	0.000	-0.14911580
-1.950	0.050	0.000	-0.14902332
-1.850	0.050	0.000	-0.14873385
-1.750	0.050	0.000	-0.14855768
-1.650	0.050	0.000	-0.14924055
-1.550	0.050	0.000	-0.15068342
-1.450	0.050	0.000	-0.15260307
-1.350	0.050	0.000	-0.15407673
-1.250	0.050	0.000	-0.15507555
-1.150	0.050	0.000	-0.15525401
-1.050	0.050	0.000	-0.15381177
-0.950	0.050	0.000	-0.15115440
-0.850	0.050	0.000	-0.14784066
-0.750	0.050	0.000	-0.14470506
-0.650	0.050	0.000	-0.14204650
-0.550	0.050	0.000	-0.14014788
-0.450	0.050	0.000	-0.13903369
-0.350	0.050	0.000	-0.13848004
-0.250	0.050	0.000	-0.13825360
-0.150	0.050	0.000	-0.13813312
-0.050	0.050	0.000	-0.13793689
0.050	0.050	0.000	-0.13756470
0.150	0.050	0.000	-0.13707329
0.250	0.050	0.000	-0.13648124
0.350	0.050	0.000	-0.13587262
0.450	0.050	0.000	-0.13535133
0.550	0.050	0.000	-0.13494393
0.650	0.050	0.000	-0.13466443
0.750	0.050	0.000	-0.13445312
0.850	0.050	0.000	-0.13427675
0.950	0.050	0.000	-0.13389067
1.050	0.050	0.000	-0.13324538
1.150	0.050	0.000	-0.13229495
1.250	0.050	0.000	-0.13127346
1.350	0.050	0.000	-0.13006786
1.450	0.050	0.000	-0.12887377
1.550	0.050	0.000	-0.12777954
1.650	0.050	0.000	-0.12668492
1.750	0.050	0.000	-0.12561265
1.850	0.050	0.000	-0.12454087
1.950	0.050	0.000	-0.12340876
2.050	0.050	0.000	-0.12192878
2.150	0.050	0.000	-0.12046181
2.250	0.050	0.000	-0.11885373
2.350	0.050	0.000	-0.11746375
2.450	0.050	0.000	-0.11475943
-2.450	0.150	0.000	-0.15323582
-2.350	0.150	0.000	-0.15196723
-2.250	0.150	0.000	-0.15028033
-2.150	0.150	0.000	-0.14960144
-2.050	0.150	0.000	-0.14925370
-1.950	0.150	0.000	-0.14880028
-1.850	0.150	0.000	-0.14830485
-1.750	0.150	0.000	-0.14800878
-1.650	0.150	0.000	-0.14876024
-1.550	0.150	0.000	-0.15022808
-1.450	0.150	0.000	-0.15205295
-1.350	0.150	0.000	-0.15352078
-1.250	0.150	0.000	-0.15445903
-1.150	0.150	0.000	-0.15468292
-1.050	0.150	0.000	-0.15350202
-0.950	0.150	0.000	-0.15131767
-0.850	0.150	0.000	-0.14854069
-0.750	0.150	0.000	-0.14587389
-0.650	0.150	0.000	-0.14342999
-0.550	0.150	0.000	-0.14156035
-0.450	0.150	0.000	-0.14027748
-0.350	0.150	0.000	-0.13939500
-0.250	0.150	0.000	-0.13882981
-0.150	0.150	0.000	-0.13841689
-0.050	0.150	0.000	-0.13795906
0.050	0.150	0.000	-0.13743678
0.150	0.150	0.000	-0.13695680
0.250	0.150	0.000	-0.13645726
0.350	0.150	0.000	-0.13597260
0.450	0.150	0.000	-0.13548794
0.550	0.150	0.000	-0.13505998
0.650	0.150	0.000	-0.13467622
0.750	0.150	0.000	-0.13440970
0.850	0.150	0.000	-0.13410957
0.950	0.150	0.000	-0.13376367
1.050	0.150	0.000	-0.13322696
1.150	0.150	0.000	-0.13240090
1.250	0.150	0.000	-0.13136116
1.350	0.150	0.000	-0.13011311
1.450	0.150	0.000	-0.12880601
1.550	0.150	0.000	-0.12756623
1.650	0.150	0.000	-0.12635694
1.750	0.150	0.000	-0.12511800
1.850	0.150	0.000	-0.12391772
1.950	0.150	0.000	-0.12271508
2.050	0.150	0.000	-0.12130965
2.150	0.150	0.000	-0.11992016
2.250	0.150	0.000	-0.11842760
2.350	0.150	0.000	-0.11723219
2.450	0.150	0.000	-0.11458036
-2.450	0.250	0.000	-0.15443715
-2.350	0.250	0.000	-0.15318228
-2.250	0.250	0.000	-0.15136997
-2.150	0.250	0.000	-0.15038140
-2.050	0.250	0.000	-0.14970635
-1.950	0.250	0.000	-0.14899710
-1.850	0.250	0.000	-0.14826959
-1.750	0.250	0.000	-0.14777625
-1.650	0.250	0.000	-0.14848174
-1.550	0.250	0.000	-0.14990717
-1.450	0.250	0.000	-0.15166354
-1.350	0.250	0.000	-0.15312126
-1.250	0.250	0.000	-0.15399104
-1.150	0.250	0.000	-0.15419230
-1.050	0.250	0.000	-0.15316078
-0.950	0.250	0.000	-0.15127473
-0.850	0.250	0.000	-0.14888394
-0.750	0.250	0.000	-0.14651583
-0.650	0.250	0.000	-0.14431971
-0.550	0.250	0.000	-0.14254554
-0.450	0.250	0.000	-0.14112821
-0.350	0.250	0.000	-0.14001091
-0.250	0.250	0.000	-0.13916349
-0.150	0.250	0.000	-0.13852589
-0.050	0.250	0.000	-0.13786073
0.050	0.250	0.000	-0.13734928
0.150	0.250	0.000	-0.13684933
0.250	0.250	0.000	-0.13630262
0.350	0.250	0.000	-0.13579708
0.450	0.250	0.000	-0.13527404
0.550	0.250	0.000	-0.13479429
0.650	0.250	0.000	-0.13431272
0.750	0.250	0.000	-0.13392560
0.850	0.250	0.000	-0.13350768
0.950	0.250	0.000	-0.13314639
1.050	0.250	0.000	-0.13273337
1.150	0.250	0.000	-0.13213712
1.250	0.250	0.000	-0.13126880
1.350	0.250	0.000	-0.13016322
1.450	0.250	0.000	-0.12889448
1.550	0.250	0.000	-0.12756683
1.650	0.250	0.000	-0.12619893
1.750	0.250	0.000	-0.12479487
1.850	0.250	0.000	-0.12340201
1.950	0.250	0.000	-0.12204958
2.050	0.250	0.000	-0.12064543
2.150	0.250	0.000	-0.11924011
2.250	0.250	0.000	-0.11780206
2.350	0.250	0.000	-0.11673356
2.450	0.250	0.000	-0.11425033
-2.450	0.350	0.000	-0.15583786
-2.350	0.350	0.000	-0.15469545
-2.250	0.350	0.000	-0.15294451
-2.150	0.350	0.000	-0.15178671
-2.050	0.350	0.000	-0.15088503
-1.950	0.350	0.000	-0.14990996
-1.850	0.350	0.000	-0.14896239
-1.750	0.350	0.000	-0.14819191
-1.650	0.350	0.000	-0.14860119
-1.550	0.350	0.000	-0.14992608
-1.450	0.350	0.000	-0.15156651
-1.350	0.350	0.000	-0.15300071
-1.250	0.350	0.000	-0.15378498
-1.150	0.350	0.000	-0.15387227
-1.050	0.350	0.000	-0.15290783
-0.950	0.350	0.000	-0.15120320
-0.850	0.350	0.000	-0.14909695
-0.750	0.350	0.000	-0.14691775
-0.650	0.350	0.000	-0.14494939
-0.550	0.350	0.000	-0.14322703
-0.450	0.350	0.000	-0.14171152
-0.350	0.350	0.000	-0.14037755
-0.250	0.350	0.000	-0.13937402
-0.150	0.350	0.000	-0.13850664
-0.050	0.350	0.000	-0.13779576
0.050	0.350	0.000	-0.13730325
0.150	0.350	0.000	-0.13672470
0.250	0.350	0.000	-0.13611414
0.350	0.350	0.000	-0.13548949
0.450	0.350	0.000	-0.13478488
0.550	0.350	0.000	-0.13423388
0.650	0.350	0.000	-0.13366622
0.750	0.350	0.000	-0.13315277
0.850	0.350	0.000	-0.13264364
0.950	0.350	0.000	-0.13222933
1.050	0.350	0.000	-0.13187814
1.150	0.350	0.000	-0.13145454
1.250	0.350	0.000	-0.13083315
1.350	0.350	0.000	-0.12999916
1.450	0.350	0.000	-0.12892634
1.550	0.350	0.000	-0.12766728
1.650	0.350	0.000	-0.12629022
1.750	0.350	0.000	-0.12485708
1.850	0.350	0.000	-0.12330966
1.950	0.350	0.000	-0.12172418
2.050	0.350	0.000	-0.12018450
2.150	0.350	0.000	-0.11866295
2.250	0.350	0.000	-0.11718792
2.350	0.350	0.000	-0.11615481
2.450	0.350	0.000	-0.11385981
-2.450	0.450	0.000	-0.15688498
-2.350	0.450	0.000	-0.15588525
-2.250	0.450	0.000	-0.15431236
-2.150	0.450	0.000	-0.15319803
-2.050	0.450	0.000	-0.15223324
-1.950	0.450	0.000	-0.15123783
-1.850	0.450	0.000	-0.15001878
-1.750	0.450	0.000	-0.14902154
-1.650	0.450	0.000	-0.14916682
-1.550	0.450	0.000	-0.15030980
-1.450	0.450	0.000	-0.15172018
-1.350	0.450	0.000	-0.15305012
-1.250	0.450	0.000	-0.15380621
-1.150	0.450	0.000	-0.15378319
-1.050	0.450	0.000	-0.15280753
-0.950	0.450	0.000	-0.15124160
-0.850	0.450	0.000	-0.14942174
-0.750	0.450	0.000	-0.14743823
-0.650	0.450	0.000	-0.14555511
-0.550	0.450	0.000	-0.14380646
-0.450	0.450	0.000	-0.14209601
-0.350	0.450	0.000	-0.14057027
-0.250	0.450	0.000	-0.13947870
-0.150	0.450	0.000	-0.13851325
-0.050	0.450	0.000	-0.13786015
0.050	0.450	0.000	-0.13730587
0.150	0.450	0.000	-0.13661908
0.250	0.450	0.000	-0.13596517
0.350	0.450	0.000	-0.13519229
0.450	0.450	0.000	-0.13439795
0.550	0.450	0.000	-0.13378914
0.650	0.450	0.000	-0.13313563
0.750	0.450	0.000	-0.13247348
0.850	0.450	0.000	-0.13188347
0.950	0.450	0.000	-0.13139559
1.050	0.450	0.000	-0.13103355
1.150	0.450	0.000	-0.13070415
1.250	0.450	0.000	-0.13022907
1.350	0.450	0.000	-0.12959121
1.450	0.450	0.000	-0.12876411
1.550	0.450	0.000	-0.12771988
1.650	0.450	0.000	-0.12648250
1.750	0.450	0.000	-0.12506393
1.850	0.450	0.000	-0.12338955
1.950	0.450	0.000	-0.12166739
2.050	0.450	0.000	-0.11996913
2.150	0.450	0.000	-0.11831141
2.250	0.450	0.000	-0.11675633
2.350	0.450	0.000	-0.11569397
2.450	0.450	0.000	-0.11349124
-2.450	0.550	0.000	-0.15727243
-2.350	0.550	0.000	-0.15647799
-2.250	0.550	0.000	-0.15518355
-2.150	0.550	0.000	-0.15426466
-2.050	0.550	0.000	-0.15338796
-1.950	0.550	0.000	-0.15248071
-1.850	0.550	0.000	-0.15117726
-1.750	0.550	0.000	-0.15005620
-1.650	0.550	0.000	-0.14991851
-1.550	0.550	0.000	-0.15086785
-1.450	0.550	0.000	-0.15202715
-1.350	0.550	0.000	-0.15318112
-1.250	0.550	0.000	-0.15383887
-1.150	0.550	0.000	-0.15369996
-1.050	0.550	0.000	-0.15281661
-0.950	0.550	0.000	-0.15142754
-0.850	0.550	0.000	-0.14990689
-0.750	0.550	0.000	-0.14820409
-0.650	0.550	0.000	-0.14640380
-0.550	0.550	0.000	-0.14455426
-0.450	0.550	0.000	-0.14263396
-0.350	0.550	0.000	-0.14098376
-0.250	0.550	0.000	-0.13964517
-0.150	0.550	0.000	-0.13857569
-0.050	0.550	0.000	-0.13787624
0.050	0.550	0.000	-0.13723959
0.150	0.550	0.000	-0.13655360
0.250	0.550	0.000	-0.13590136
0.350	0.550	0.000	-0.13500488
0.450	0.550	0.000	-0.13425326
0.550	0.550	0.000	-0.13365179
0.650	0.550	0.000	-0.13297352
0.750	0.550	0.000	-0.13220192
0.850	0.550	0.000	-0.13147633
0.950	0.550	0.000	-0.13080519
1.050	0.550	0.000	-0.13026583
1.150	0.550	0.000	-0.12987597
1.250	0.550	0.000	-0.12950677
1.350	0.550	0.000	-0.12912126
1.450	0.550	0.000	-0.12861168
1.550	0.550	0.000	-0.12782884
1.650	0.550	0.000	-0.12678762
1.750	0.550	0.000	-0.12545644
1.850	0.550	0.000	-0.12374363
1.950	0.550	0.000	-0.12185337
2.050	0.550	0.000	-0.11994148
2.150	0.550	0.000	-0.11812178
2.250	0.550	0.000	-0.11639864
2.350	0.550	0.000	-0.11517855
2.450	0.550	0.000	-0.11293934
-2.450	0.650	0.000	-0.15707567
-2.350	0.650	0.000	-0.15649994
-2.250	0.650	0.000	-0.15554976
-2.150	0.650	0.000	-0.15484191
-2.050	0.650	0.000	-0.15406466
-1.950	0.650	0.000	-0.15334742
-1.850	0.650	0.000	-0.15209655
-1.750	0.650	0.000	-0.15107600
-1.650	0.650	0.000	-0.15094268
-1.550	0.650	0.000	-0.15179875
-1.450	0.650	0.000	-0.15275399
-1.350	0.650	0.000	-0.15361008
-1.250	0.650	0.000	-0.15403087
-1.150	0.650	0.000	-0.15365198
-1.050	0.650	0.000	-0.15273590
-0.950	0.650	0.000	-0.15151253
-0.850	0.650	0.000	-0.15029381
-0.750	0.650	0.000	-0.14890502
-0.650	0.650	0.000	-0.14730723
-0.550	0.650	0.000	-0.14546315
-0.450	0.650	0.000	-0.14341867
-0.350	0.650	0.000	-0.14159968
-0.250	0.650	0.000	-0.13986361
-0.150	0.650	0.000	-0.13865130
-0.050	0.650	0.000	-0.13777973
0.050	0.650	0.000	-0.13700356
0.150	0.650	0.000	-0.13633561
0.250	0.650	0.000	-0.13569887
0.350	0.650	0.000	-0.13489357
0.450	0.650	0.000	-0.13432325
0.550	0.650	0.000	-0.13376467
0.650	0.650	0.000	-0.13308899
0.750	0.650	0.000	-0.13226733
0.850	0.650	0.000	-0.13142912
0.950	0.650	0.000	-0.13057110
1.050	0.650	0.000	-0.12979156
1.150	0.650	0.000	-0.12923218
1.250	0.650	0.000	-0.12883376
1.350	0.650	0.000	-0.12854865
1.450	0.650	0.000	-0.12823945
1.550	0.650	0.000	-0.12771969
1.650	0.650	0.000	-0.12693085
1.750	0.650	0.000	-0.12568633
1.850	0.650	0.000	-0.12396779
1.950	0.650	0.000	-0.12198915
2.050	0.650	0.000	-0.11991468
2.150	0.650	0.000	-0.11794055
2.250	0.650	0.000	-0.11605799
2.350	0.650	0.000	-0.11464511
2.450	0.650	0.000	-0.11231287
-2.450	0.750	0.000	-0.15605661
-2.350	0.750	0.000	-0.15575548
-2.250	0.750	0.000	-0.15518771
-2.150	0.750	0.000	-0.15477236
-2.050	0.750	0.000	-0.15410329
-1.950	0.750	0.000	-0.15354934
-1.850	0.750	0.000	-0.15240690
-1.750	0.750	0.000	-0.15164119
-1.650	0.750	0.000	-0.15173118
-1.550	0.750	0.000	-0.15263185
-1.450	0.750	0.000	-0.15351705
-1.350	0.750	0.000	-0.15413746
-1.250	0.750	0.000	-0.15427075
-1.150	0.750	0.000	-0.15357234
-1.050	0.750	0.000	-0.15245244
-0.950	0.750	0.000	-0.15129429
-0.850	0.750	0.000	-0.15027177
-0.750	0.750	0.000	-0.14914486
-0.650	0.750	0.000	-0.14780726
-0.550	0.750	0.000	-0.14605363
-0.450	0.750	0.000	-0.14403635
-0.350	0.750	0.000	-0.14203259
-0.250	0.750	0.000	-0.14019063
-0.150	0.750	0.000	-0.13880900
-0.050	0.750	0.000	-0.13768159
0.050	0.750	0.000	-0.13676296
0.150	0.750	0.000	-0.13607936
0.250	0.750	0.000	-0.13546738
0.350	0.750	0.000	-0.13481702
0.450	0.750	0.000	-0.13438457
0.550	0.750	0.000	-0.13384788
0.650	0.750	0.000	-0.13322459
0.750	0.750	0.000	-0.13247971
0.850	0.750	0.000	-0.13158707
0.950	0.750	0.000	-0.13066363
1.050	0.750	0.000	-0.12978791
1.150	0.750	0.000	-0.12908116
1.250	0.750	0.000	-0.12857428
1.350	0.750	0.000	-0.12824588
1.450	0.750	0.000	-0.12788737
1.550	0.750	0.000	-0.12736315
1.650	0.750	0.000	-0.12656942
1.750	0.750	0.000	-0.12531145
1.850	0.750	0.000	-0.12361347
1.950	0.750	0.000	-0.12161320
2.050	0.750	0.000	-0.11942992
2.150	0.750	0.000	-0.11738743
2.250	0.750	0.000	-0.11542147
2.350	0.750	0.000	-0.11389524
2.450	0.750	0.000	-0.11152027
-2.450	0.850	0.000	-0.15502509
-2.350	0.850	0.000	-0.15497704
-2.250	0.850	0.000	-0.15473533
-2.150	0.850	0.000	-0.15444769
-2.050	0.850	0.000	-0.15375234
-1.950	0.850	0.000	-0.15304306
-1.850	0.850	0.000	-0.15209904
-1.750	0.850	0.000	-0.15173025
-1.650	0.850	0.000	-0.15227149
-1.550	0.850	0.000	-0.15330535
-1.450	0.850	0.000	-0.15418015
-1.350	0.850	0.000	-0.15452850
-1.250	0.850	0.000	-0.15431598
-1.150	0.850	0.000	-0.15327623
-1.050	0.850	0.000	-0.15191358
-0.950	0.850	0.000	-0.15069464
-0.850	0.850	0.000	-0.14968155
-0.750	0.850	0.000	-0.14871120
-0.650	0.850	0.000	-0.14757702
-0.550	0.850	0.000	-0.14603117
-0.450	0.850	0.000	-0.14419381
-0.350	0.850	0.000	-0.14212373
-0.250	0.850	0.000	-0.14037701
-0.150	0.850	0.000	-0.13896498
-0.050	0.850	0.000	-0.13778718
0.050	0.850	0.000	-0.13679200
0.150	0.850	0.000	-0.13604473
0.250	0.850	0.000	-0.13530424
0.350	0.850	0.000	-0.13470605
0.450	0.850	0.000	-0.13427639
0.550	0.850	0.000	-0.13375379
0.650	0.850	0.000	-0.13325876
0.750	0.850	0.000	-0.13269985
0.850	0.850	0.000	-0.13193524
0.950	0.850	0.000	-0.13113523
1.050	0.850	0.000	-0.13031204
1.150	0.850	0.000	-0.12954870
1.250	0.850	0.000	-0.12890723
1.350	0.850	0.000	-0.12835887
1.450	0.850	0.000	-0.12772928
1.550	0.850	0.000	-0.12698129
1.650	0.850	0.000	-0.12592272
1.750	0.850	0.000	-0.12447409
1.850	0.850	0.000	-0.12270005
1.950	0.850	0.000	-0.12064053
2.050	0.850	0.000	-0.11842126
2.150	0.850	0.000	-0.11638552
2.250	0.850	0.000	-0.11442408
2.350	0.850	0.000	-0.11288259
2.450	0.850	0.000	-0.11053303
-2.450	0.950	0.000	-0.15435264
-2.350	0.950	0.000	-0.15444720
-2.250	0.950	0.000	-0.15443392
-2.150	0.950	0.000	-0.15424472
-2.050	0.950	0.000	-0.15348825
-1.950	0.950	0.000	-0.15269861
-1.850	0.950	0.000	-0.15173894
-1.750	0.950	0.000	-0.15154739
-1.650	0.950	0.000	-0.15239632
-1.550	0.950	0.000	-0.15371594
-1.450	0.950	0.000	-0.15472639
-1.350	0.950	0.000	-0.15487750
-1.250	0.950	0.000	-0.15430208
-1.150	0.950	0.000	-0.15287831
-1.050	0.950	0.000	-0.15120254
-0.950	0.950	0.000	-0.14977497
-0.850	0.950	0.000	-0.14874096
-0.750	0.950	0.000	-0.14788292
-0.650	0.950	0.000	-0.14681715
-0.550	0.950	0.000	-0.14537132
-0.450	0.950	0.000	-0.14361836
-0.350	0.950	0.000	-0.14182514
-0.250	0.950	0.000	-0.14035141
-0.150	0.950	0.000	-0.13905428
-0.050	0.950	0.000	-0.13794430
0.050	0.950	0.000	-0.13698924
0.150	0.950	0.000	-0.13621897
0.250	0.950	0.000	-0.13538860
0.350	0.950	0.000	-0.13480926
0.450	0.950	0.000	-0.13422491
0.550	0.950	0.000	-0.13361412
0.650	0.950	0.000	-0.13309868
0.750	0.950	0.000	-0.13259678
0.850	0.950	0.000	-0.13202621
0.950	0.950	0.000	-0.13140211
1.050	0.950	0.000	-0.13078378
1.150	0.950	0.000	-0.13012366
1.250	0.950	0.000	-0.12943360
1.350	0.950	0.000	-0.12862968
1.450	0.950	0.000	-0.12767842
1.550	0.950	0.000	-0.12655927
1.650	0.950	0.000	-0.12516452
1.750	0.950	0.000	-0.12349815
1.850	0.950	0.000	-0.12160184
1.950	0.950	0.000	-0.11947899
2.050	0.950	0.000	-0.11733304
2.150	0.950	0.000	-0.11538935
2.250	0.950	0.000	-0.11351237
2.350	0.950	0.000	-0.11206263
2.450	0.950	0.000	-0.10972000
-2.450	1.050	0.000	-0.15442581
-2.350	1.050	0.000	-0.15467939
-2.250	1.050	0.000	-0.15496722
-2.150	1.050	0.000	-0.15482269
-2.050	1.050	0.000	-0.15392680
-1.950	1.050	0.000	-0.15275863
-1.850	1.050	0.000	-0.15165196
-1.750	1.050	0.000	-0.15170491
-1.650	1.050	0.000	-0.15265897
-1.550	1.050	0.000	-0.15427130
-1.450	1.050	0.000	-0.15552087
-1.350	1.050	0.000	-0.15562347
-1.250	1.050	0.000	-0.15484619
-1.150	1.050	0.000	-0.15309641
-1.050	1.050	0.000	-0.15091725
-0.950	1.050	0.000	-0.14907435
-0.850	1.050	0.000	-0.14776446
-0.750	1.050	0.000	-0.14666425
-0.650	1.050	0.000	-0.14541942
-0.550	1.050	0.000	-0.14393789
-0.450	1.050	0.000	-0.14232305
-0.350	1.050	0.000	-0.14091609
-0.250	1.050	0.000	-0.13972381
-0.150	1.050	0.000	-0.13871019
-0.050	1.050	0.000	-0.13789023
0.050	1.050	0.000	-0.13715196
0.150	1.050	0.000	-0.13655192
0.250	1.050	0.000	-0.13578609
0.350	1.050	0.000	-0.13527292
0.450	1.050	0.000	-0.13456853
0.550	1.050	0.000	-0.13381302
0.650	1.050	0.000	-0.13311842
0.750	1.050	0.000	-0.13252537
0.850	1.050	0.000	-0.13204196
0.950	1.050	0.000	-0.13155289
1.050	1.050	0.000	-0.13106716
1.150	1.050	0.000	-0.13047147
1.250	1.050	0.000	-0.12973924
1.350	1.050	0.000	-0.12876499
1.450	1.050	0.000	-0.12757853
1.550	1.050	0.000	-0.12614951
1.650	1.050	0.000	-0.12445191
1.750	1.050	0.000	-0.12257791
1.850	1.050	0.000	-0.12054687
1.950	1.050	0.000	-0.11839231
2.050	1.050	0.000	-0.11636117
2.150	1.050	0.000	-0.11456272
2.250	1.050	0.000	-0.11283129
2.350	1.050	0.000	-0.11153290
2.450	1.050	0.000	-0.10922582
-2.450	1.150	0.000	-0.15565792
-2.350	1.150	0.000	-0.15594038
-2.250	1.150	0.000	-0.15631637
-2.150	1.150	0.000	-0.15614171
-2.050	1.150	0.000	-0.15518095
-1.950	1.150	0.000	-0.15372229
-1.850	1.150	0.000	-0.15244041
-1.750	1.150	0.000	-0.15236489
-1.650	1.150	0.000	-0.15339850
-1.550	1.150	0.000	-0.15530744
-1.450	1.150	0.000	-0.15688616
-1.350	1.150	0.000	-0.15707943
-1.250	1.150	0.000	-0.15625332
-1.150	1.150	0.000	-0.15426128
-1.050	1.150	0.000	-0.15163924
-0.950	1.150	0.000	-0.14927936
-0.850	1.150	0.000	-0.14726470
-0.750	1.150	0.000	-0.14555344
-0.650	1.150	0.000	-0.14390509
-0.550	1.150	0.000	-0.14212804
-0.450	1.150	0.000	-0.14047170
-0.350	1.150	0.000	-0.13923115
-0.250	1.150	0.000	-0.13837066
-0.150	1.150	0.000	-0.13779980
-0.050	1.150	0.000	-0.13737890
0.050	1.150	0.000	-0.13705528
0.150	1.150	0.000	-0.13678963
0.250	1.150	0.000	-0.13636510
0.350	1.150	0.000	-0.13586450
0.450	1.150	0.000	-0.13512750
0.550	1.150	0.000	-0.13431245
0.650	1.150	0.000	-0.13350663
0.750	1.150	0.000	-0.13279893
0.850	1.150	0.000	-0.13220999
0.950	1.150	0.000	-0.13169870
1.050	1.150	0.000	-0.13119809
1.150	1.150	0.000	-0.13064973
1.250	1.150	0.000	-0.12993953
1.350	1.150	0.000	-0.12891284
1.450	1.150	0.000	-0.12757206
1.550	1.150	0.000	-0.12598340
1.650	1.150	0.000	-0.12408605
1.750	1.150	0.000	-0.12207784
1.850	1.150	0.000	-0.11999711
1.950	1.150	0.000	-0.11787385
2.050	1.150	0.000	-0.11592472
2.150	1.150	0.000	-0.11422583
2.250	1.150	0.000	-0.11261440
2.350	1.150	0.000	-0.11153708
2.450	1.150	0.000	-0.10927690
-2.450	1.250	0.000	-0.15703788
-2.350	1.250	0.000	-0.15727106
-2.250	1.250	0.000	-0.15764895
-2.150	1.250	0.000	-0.15742473
-2.050	1.250	0.000	-0.15644889
-1.950	1.250	0.000	-0.15480331
-1.850	1.250	0.000	-0.15341002
-1.750	1.250	0.000	-0.15350595
-1.650	1.250	0.000	-0.15463440
-1.550	1.250	0.000	-0.15686055
-1.450	1.250	0.000	-0.15886752
-1.350	1.250	0.000	-0.15920123
-1.250	1.250	0.000	-0.15843587
-1.150	1.250	0.000	-0.15633392
-1.050	1.250	0.000	-0.15330875
-0.950	1.250	0.000	-0.15048160
-0.850	1.250	0.000	-0.14792192
-0.750	1.250	0.000	-0.14559680
-0.650	1.250	0.000	-0.14329082
-0.550	1.250	0.000	-0.14103064
-0.450	1.250	0.000	-0.13905649
-0.350	1.250	0.000	-0.13761415
-0.250	1.250	0.000	-0.13684030
-0.150	1.250	0.000	-0.13661149
-0.050	1.250	0.000	-0.13667354
0.050	1.250	0.000	-0.13688447
0.150	1.250	0.000	-0.13695732
0.250	1.250	0.000	-0.13694271
0.350	1.250	0.000	-0.13650258
0.450	1.250	0.000	-0.13582060
0.550	1.250	0.000	-0.13501514
0.650	1.250	0.000	-0.13411750
0.750	1.250	0.000	-0.13329765
0.850	1.250	0.000	-0.13264355
0.950	1.250	0.000	-0.13208902
1.050	1.250	0.000	-0.13155490
1.150	1.250	0.000	-0.13098982
1.250	1.250	0.000	-0.13028140
1.350	1.250	0.000	-0.12928341
1.450	1.250	0.000	-0.12793243
1.550	1.250	0.000	-0.12628978
1.650	1.250	0.000	-0.12436940
1.750	1.250	0.000	-0.12234344
1.850	1.250	0.000	-0.12029537
1.950	1.250	0.000	-0.11826226
2.050	1.250	0.000	-0.11636946
2.150	1.250	0.000	-0.11470360
2.250	1.250	0.000	-0.11310076
2.350	1.250	0.000	-0.11205987
2.450	1.250	0.000	-0.10987901
-2.450	1.350	0.000	-0.15863514
-2.350	1.350	0.000	-0.15881331
-2.250	1.350	0.000	-0.15913673
-2.150	1.350	0.000	-0.15892610
-2.050	1.350	0.000	-0.15798616
-1.950	1.350	0.000	-0.15624653
-1.850	1.350	0.000	-0.15474886
-1.750	1.350	0.000	-0.15483011
-1.650	1.350	0.000	-0.15611483
-1.550	1.350	0.000	-0.15872426
-1.450	1.350	0.000	-0.16121644
-1.350	1.350	0.000	-0.16180471
-1.250	1.350	0.000	-0.16121095
-1.150	1.350	0.000	-0.15908308
-1.050	1.350	0.000	-0.15600476
-0.950	1.350	0.000	-0.15289859
-0.850	1.350	0.000	-0.15003850
-0.750	1.350	0.000	-0.14717595
-0.650	1.350	0.000	-0.14429283
-0.550	1.350	0.000	-0.14138041
-0.450	1.350	0.000	-0.13875045
-0.350	1.350	0.000	-0.13682377
-0.250	1.350	0.000	-0.13582692
-0.150	1.350	0.000	-0.13561271
-0.050	1.350	0.000	-0.13593996
0.050	1.350	0.000	-0.13646674
0.150	1.350	0.000	-0.13678107
0.250	1.350	0.000	-0.13697988
0.350	1.350	0.000	-0.13691902
0.450	1.350	0.000	-0.13658610
0.550	1.350	0.000	-0.13617246
0.650	1.350	0.000	-0.13557433
0.750	1.350	0.000	-0.13488051
0.850	1.350	0.000	-0.13416395
0.950	1.350	0.000	-0.13343601
1.050	1.350	0.000	-0.13268690
1.150	1.350	0.000	-0.13190889
1.250	1.350	0.000	-0.13105310
1.350	1.350	0.000	-0.12999707
1.450	1.350	0.000	-0.12863787
1.550	1.350	0.000	-0.12708874
1.650	1.350	0.000	-0.12527679
1.750	1.350	0.000	-0.12330541
1.850	1.350	0.000	-0.12127044
1.950	1.350	0.000	-0.11930858
2.050	1.350	0.000	-0.11740497
2.150	1.350	0.000	-0.11565059
2.250	1.350	0.000	-0.11396502
2.350	1.350	0.000	-0.11281465
2.450	1.350	0.000	-0.11058031
-2.450	1.450	0.000	-0.16004471
-2.350	1.450	0.000	-0.16015691
-2.250	1.450	0.000	-0.16038661
-2.150	1.450	0.000	-0.16013776
-2.050	1.450	0.000	-0.15919740
-1.950	1.450	0.000	-0.15733580
-1.850	1.450	0.000	-0.15571982
-1.750	1.450	0.000	-0.15593843
-1.650	1.450	0.000	-0.15731680
-1.550	1.450	0.000	-0.16022700
-1.450	1.450	0.000	-0.16311942
-1.350	1.450	0.000	-0.16400723
-1.250	1.450	0.000	-0.16370234
-1.150	1.450	0.000	-0.16175888
-1.050	1.450	0.000	-0.15883230
-0.950	1.450	0.000	-0.15576030
-0.850	1.450	0.000	-0.15289101
-0.750	1.450	0.000	-0.14993556
-0.650	1.450	0.000	-0.14670683
-0.550	1.450	0.000	-0.14323105
-0.450	1.450	0.000	-0.14002870
-0.350	1.450	0.000	-0.13760422
-0.250	1.450	0.000	-0.13620393
-0.150	1.450	0.000	-0.13571948
-0.050	1.450	0.000	-0.13584609
0.050	1.450	0.000	-0.13626020
0.150	1.450	0.000	-0.13670619
0.250	1.450	0.000	-0.13696943
0.350	1.450	0.000	-0.13711371
0.450	1.450	0.000	-0.13711323
0.550	1.450	0.000	-0.13701911
0.650	1.450	0.000	-0.13683581
0.750	1.450	0.000	-0.13636199
0.850	1.450	0.000	-0.13571815
0.950	1.450	0.000	-0.13490430
1.050	1.450	0.000	-0.13391882
1.150	1.450	0.000	-0.13283242
1.250	1.450	0.000	-0.13170741
1.350	1.450	0.000	-0.13048413
1.450	1.450	0.000	-0.12909849
1.550	1.450	0.000	-0.12760752
1.650	1.450	0.000	-0.12593915
1.750	1.450	0.000	-0.12411912
1.850	1.450	0.000	-0.12217850
1.950	1.450	0.000	-0.12035035
2.050	1.450	0.000	-0.11850840
2.150	1.450	0.000	-0.11662013
2.250	1.450	0.000	-0.11477976
2.350	1.450	0.000	-0.11336689
2.450	1.450	0.000	-0.11093874
-2.450	1.550	0.000	-0.16092876
-2.350	1.550	0.000	-0.16098207
-2.250	1.550	0.000	-0.16108602
-2.150	1.550	0.000	-0.16071326
-2.050	1.550	0.000	-0.15968193
-1.950	1.550	0.000	-0.15768281
-1.850	1.550	0.000	-0.15605290
-1.750	1.550	0.000	-0.15620603
-1.650	1.550	0.000	-0.15759686
-1.550	1.550	0.000	-0.16058747
-1.450	1.550	0.000	-0.16367219
-1.350	1.550	0.000	-0.16484331
-1.250	1.550	0.000	-0.16499515
-1.150	1.550	0.000	-0.16358118
-1.050	1.550	0.000	-0.16111445
-0.950	1.550	0.000	-0.15843250
-0.850	1.550	0.000	-0.15579632
-0.750	1.550	0.000	-0.15309198
-0.650	1.550	0.000	-0.15000443
-0.550	1.550	0.000	-0.14648513
-0.450	1.550	0.000	-0.14294451
-0.350	1.550	0.000	-0.13994592
-0.250	1.550	0.000	-0.13791986
-0.150	1.550	0.000	-0.13689366
-0.050	1.550	0.000	-0.13662007
0.050	1.550	0.000	-0.13678983
0.150	1.550	0.000	-0.13698821
0.250	1.550	0.000	-0.13709117
0.350	1.550	0.000	-0.13710502
0.450	1.550	0.000	-0.13722339
0.550	1.550	0.000	-0.13736962
0.650	1.550	0.000	-0.13749395
0.750	1.550	0.000	-0.13733640
0.850	1.550	0.000	-0.13684799
0.950	1.550	0.000	-0.13601588
1.050	1.550	0.000	-0.13485886
1.150	1.550	0.000	-0.13353719
1.250	1.550	0.000	-0.13213520
1.350	1.550	0.000	-0.13065112
1.450	1.550	0.000	-0.12915771
1.550	1.550	0.000	-0.12765980
1.650	1.550	0.000	-0.12608491
1.750	1.550	0.000	-0.12437869
1.850	1.550	0.000	-0.12250080
1.950	1.550	0.000	-0.12063378
2.050	1.550	0.000	-0.11877333
2.150	1.550	0.000	-0.11670838
2.250	1.550	0.000	-0.11466037
2.350	1.550	0.000	-0.11299285
2.450	1.550	0.000	-0.11034232
-2.450	1.650	0.000	-0.16102971
-2.350	1.650	0.000	-0.16104741
-2.250	1.650	0.000	-0.16102836
-2.150	1.650	0.000	-0.16044486
-2.050	1.650	0.000	-0.15921101
-1.950	1.650	0.000	-0.15708065
-1.850	1.650	0.000	-0.15541425
-1.750	1.650	0.000	-0.15545107
-1.650	1.650	0.000	-0.15665546
-1.550	1.650	0.000	-0.15951665
-1.450	1.650	0.000	-0.16271043
-1.350	1.650	0.000	-0.16421540
-1.250	1.650	0.000	-0.16491972
-1.150	1.650	0.000	-0.16409528
-1.050	1.650	0.000	-0.16212618
-0.950	1.650	0.000	-0.15988632
-0.850	1.650	0.000	-0.15781301
-0.750	1.650	0.000	-0.15564428
-0.650	1.650	0.000	-0.15298332
-0.550	1.650	0.000	-0.14975867
-0.450	1.650	0.000	-0.14628315
-0.350	1.650	0.000	-0.14308172
-0.250	1.650	0.000	-0.14067285
-0.150	1.650	0.000	-0.13921222
-0.050	1.650	0.000	-0.13846444
0.050	1.650	0.000	-0.13809009
0.150	1.650	0.000	-0.13777290
0.250	1.650	0.000	-0.13743493
0.350	1.650	0.000	-0.13714328
0.450	1.650	0.000	-0.13706687
0.550	1.650	0.000	-0.13717677
0.650	1.650	0.000	-0.13732453
0.750	1.650	0.000	-0.13726091
0.850	1.650	0.000	-0.13682024
0.950	1.650	0.000	-0.13591340
1.050	1.650	0.000	-0.13468090
1.150	1.650	0.000	-0.13327077
1.250	1.650	0.000	-0.13168648
1.350	1.650	0.000	-0.12995346
1.450	1.650	0.000	-0.12820466
1.550	1.650	0.000	-0.12651777
1.650	1.650	0.000	-0.12490283
1.750	1.650	0.000	-0.12326831
1.850	1.650	0.000	-0.12151838
1.950	1.650	0.000	-0.11963297
2.050	1.650	0.000	-0.11772914
2.150	1.650	0.000	-0.11558746
2.250	1.650	0.000	-0.11333589
2.350	1.650	0.000	-0.11140411
2.450	1.650	0.000	-0.10845799
-2.450	1.750	0.000	-0.15979196
-2.350	1.750	0.000	-0.15984905
-2.250	1.750	0.000	-0.15984415
-2.150	1.750	0.000	-0.15923552
-2.050	1.750	0.000	-0.15789084
-1.950	1.750	0.000	-0.15566459
-1.850	1.750	0.000	-0.15386239
-1.750	1.750	0.000	-0.15392099
-1.650	1.750	0.000	-0.15491836
-1.550	1.750	0.000	-0.15763460
-1.450	1.750	0.000	-0.16077907
-1.350	1.750	0.000	-0.16250454
-1.250	1.750	0.000	-0.16348270
-1.150	1.750	0.000	-0.16304253
-1.050	1.750	0.000	-0.16156334
-0.950	1.750	0.000	-0.15993640
-0.850	1.750	0.000	-0.15851721
-0.750	1.750	0.000	-0.15693791
-0.650	1.750	0.000	-0.15489069
-0.550	1.750	0.000	-0.15225090
-0.450	1.750	0.000	-0.14915721
-0.350	1.750	0.000	-0.14609955
-0.250	1.750	0.000	-0.14358398
-0.150	1.750	0.000	-0.14191452
-0.050	1.750	0.000	-0.14087704
0.050	1.750	0.000	-0.14006956
0.150	1.750	0.000	-0.13928324
0.250	1.750	0.000	-0.13848090
0.350	1.750	0.000	-0.13784212
0.450	1.750	0.000	-0.13744108
0.550	1.750	0.000	-0.13727394
0.650	1.750	0.000	-0.13702250
0.750	1.750	0.000	-0.13673528
0.850	1.750	0.000	-0.13614091
0.950	1.750	0.000	-0.13506463
1.050	1.750	0.000	-0.13370958
1.150	1.750	0.000	-0.13213563
1.250	1.750	0.000	-0.13033023
1.350	1.750	0.000	-0.12835453
1.450	1.750	0.000	-0.12638882
1.550	1.750	0.000	-0.12445253
1.650	1.750	0.000	-0.12267854
1.750	1.750	0.000	-0.12105794
1.850	1.750	0.000	-0.11954647
1.950	1.750	0.000	-0.11796500
2.050	1.750	0.000	-0.11617942
2.150	1.750	0.000	-0.11419312
2.250	1.750	0.000	-0.11208116
2.350	1.750	0.000	-0.11019037
2.450	1.750	0.000	-0.10705774
-2.450	1.850	0.000	-0.15813437
-2.350	1.850	0.000	-0.15824403
-2.250	1.850	0.000	-0.15824816
-2.150	1.850	0.000	-0.15758654
-2.050	1.850	0.000	-0.15621595
-1.950	1.850	0.000	-0.15401421
-1.850	1.850	0.000	-0.15224873
-1.750	1.850	0.000	-0.15191275
-1.650	1.850	0.000	-0.15264517
-1.550	1.850	0.000	-0.15516457
-1.450	1.850	0.000	-0.15803856
-1.350	1.850	0.000	-0.15984116
-1.250	1.850	0.000	-0.16100834
-1.150	1.850	0.000	-0.16088895
-1.050	1.850	0.000	-0.15987024
-0.950	1.850	0.000	-0.15863830
-0.850	1.850	0.000	-0.15772465
-0.750	1.850	0.000	-0.15678816
-0.650	1.850	0.000	-0.15539189
-0.550	1.850	0.000	-0.15335578
-0.450	1.850	0.000	-0.15087470
-0.350	1.850	0.000	-0.14822750
-0.250	1.850	0.000	-0.14589468
-0.150	1.850	0.000	-0.14426322
-0.050	1.850	0.000	-0.14316599
0.050	1.850	0.000	-0.14220281
0.150	1.850	0.000	-0.14115928
0.250	1.850	0.000	-0.14009182
0.350	1.850	0.000	-0.13912441
0.450	1.850	0.000	-0.13840117
0.550	1.850	0.000	-0.13780724
0.650	1.850	0.000	-0.13714279
0.750	1.850	0.000	-0.13639210
0.850	1.850	0.000	-0.13525063
0.950	1.850	0.000	-0.13381818
1.050	1.850	0.000	-0.13221787
1.150	1.850	0.000	-0.13040259
1.250	1.850	0.000	-0.12833402
1.350	1.850	0.000	-0.12610991
1.450	1.850	0.000	-0.12392096
1.550	1.850	0.000	-0.12186087
1.650	1.850	0.000	-0.12006985
1.750	1.850	0.000	-0.11856886
1.850	1.850	0.000	-0.11725652
1.950	1.850	0.000	-0.11598282
2.050	1.850	0.000	-0.11452559
2.150	1.850	0.000	-0.11286701
2.250	1.850	0.000	-0.11101002
2.350	1.850	0.000	-0.10934229
2.450	1.850	0.000	-0.10623933
-2.450	1.950	0.000	-0.15679832
-2.350	1.950	0.000	-0.15695359
-2.250	1.950	0.000	-0.15695779
-2.150	1.950	0.000	-0.15620475
-2.050	1.950	0.000	-0.15476343
-1.950	1.950	0.000	-0.15263942
-1.850	1.950	0.000	-0.15111205
-1.750	1.950	0.000	-0.15053444
-1.650	1.950	0.000	-0.15117185
-1.550	1.950	0.000	-0.15356594
-1.450	1.950	0.000	-0.15602899
-1.350	1.950	0.000	-0.15754181
-1.250	1.950	0.000	-0.15859088
-1.150	1.950	0.000	-0.15844505
-1.050	1.950	0.000	-0.15762797
-0.950	1.950	0.000	-0.15672801
-0.850	1.950	0.000	-0.15613760
-0.750	1.950	0.000	-0.15549153
-0.650	1.950	0.000	-0.15447544
-0.550	1.950	0.000	-0.15301071
-0.450	1.950	0.000	-0.15116100
-0.350	1.950	0.000	-0.14912504
-0.250	1.950	0.000	-0.14734484
-0.150	1.950	0.000	-0.14615704
-0.050	1.950	0.000	-0.14517540
0.050	1.950	0.000	-0.14427230
0.150	1.950	0.000	-0.14321591
0.250	1.950	0.000	-0.14213212
0.350	1.950	0.000	-0.14112282
0.450	1.950	0.000	-0.14023420
0.550	1.950	0.000	-0.13932478
0.650	1.950	0.000	-0.13830517
0.750	1.950	0.000	-0.13699833
0.850	1.950	0.000	-0.13530344
0.950	1.950	0.000	-0.13333936
1.050	1.950	0.000	-0.13121308
1.150	1.950	0.000	-0.12892716
1.250	1.950	0.000	-0.12652004
1.350	1.950	0.000	-0.12411741
1.450	1.950	0.000	-0.12188602
1.550	1.950	0.000	-0.11990047
1.650	1.950	0.000	-0.11829176
1.750	1.950	0.000	-0.11705735
1.850	1.950	0.000	-0.11601912
1.950	1.950	0.000	-0.11498902
2.050	1.950	0.000	-0.11382650
2.150	1.950	0.000	-0.11258473
2.250	1.950	0.000	-0.11102696
2.350	1.950	0.000	-0.10970850
2.450	1.950	0.000	-0.10672501
-2.450	2.050	0.000	-0.15615918
-2.350	2.050	0.000	-0.15625098
-2.250	2.050	0.000	-0.15612727
-2.150	2.050	0.000	-0.15530799
-2.050	2.050	0.000	-0.15387253
-1.950	2.050	0.000	-0.15194002
-1.850	2.050	0.000	-0.15067090
-1.750	2.050	0.000	-0.15014639
-1.650	2.050	0.000	-0.15067768
-1.550	2.050	0.000	-0.15294851
-1.450	2.050	0.000	-0.15503457
-1.350	2.050	0.000	-0.15621622
-1.250	2.050	0.000	-0.15690564
-1.150	2.050	0.000	-0.15644780
-1.050	2.050	0.000	-0.15546907
-0.950	2.050	0.000	-0.15459141
-0.850	2.050	0.000	-0.15394989
-0.750	2.050	0.000	-0.15335765
-0.650	2.050	0.000	-0.15257077
-0.550	2.050	0.000	-0.15138932
-0.450	2.050	0.000	-0.14988218
-0.350	2.050	0.000	-0.14845133
-0.250	2.050	0.000	-0.14738299
-0.150	2.050	0.000	-0.14669596
-0.050	2.050	0.000	-0.14616239
0.050	2.050	0.000	-0.14550136
0.150	2.050	0.000	-0.14468908
0.250	2.050	0.000	-0.14389373
0.350	2.050	0.000	-0.14315400
0.450	2.050	0.000	-0.14231721
0.550	2.050	0.000	-0.14121275
0.650	2.050	0.000	-0.13985606
0.750	2.050	0.000	-0.13802385
0.850	2.050	0.000	-0.13569692
0.950	2.050	0.000	-0.13305797
1.050	2.050	0.000	-0.13033418
1.150	2.050	0.000	-0.12760293
1.250	2.050	0.000	-0.12490584
1.350	2.050	0.000	-0.12240957
1.450	2.050	0.000	-0.12017418
1.550	2.050	0.000	-0.11827818
1.650	2.050	0.000	-0.11681771
1.750	2.050	0.000	-0.11577266
1.850	2.050	0.000	-0.11497631
1.950	2.050	0.000	-0.11420708
2.050	2.050	0.000	-0.11327346
2.150	2.050	0.000	-0.11215451
2.250	2.050	0.000	-0.11073386
2.350	2.050	0.000	-0.10952227
2.450	2.050	0.000	-0.10665404
-2.450	2.150	0.000	-0.15663439
-2.350	2.150	0.000	-0.15662187
-2.250	2.150	0.000	-0.15621163
-2.150	2.150	0.000	-0.15525298
-2.050	2.150	0.000	-0.15373535
-1.950	2.150	0.000	-0.15206179
-1.850	2.150	0.000	-0.15099469
-1.750	2.150	0.000	-0.15068604
-1.650	2.150	0.000	-0.15124935
-1.550	2.150	0.000	-0.15341523
-1.450	2.150	0.000	-0.15518801
-1.350	2.150	0.000	-0.15600286
-1.250	2.150	0.000	-0.15616578
-1.150	2.150	0.000	-0.15522189
-1.050	2.150	0.000	-0.15387684
-0.950	2.150	0.000	-0.15280934
-0.850	2.150	0.000	-0.15193284
-0.750	2.150	0.000	-0.15116890
-0.650	2.150	0.000	-0.15034238
-0.550	2.150	0.000	-0.14932109
-0.450	2.150	0.000	-0.14821325
-0.350	2.150	0.000	-0.14724933
-0.250	2.150	0.000	-0.14655964
-0.150	2.150	0.000	-0.14638807
-0.050	2.150	0.000	-0.14638746
0.050	2.150	0.000	-0.14623842
0.150	2.150	0.000	-0.14591031
0.250	2.150	0.000	-0.14554246
0.350	2.150	0.000	-0.14516096
0.450	2.150	0.000	-0.14457348
0.550	2.150	0.000	-0.14356430
0.650	2.150	0.000	-0.14214748
0.750	2.150	0.000	-0.14010280
0.850	2.150	0.000	-0.13745083
0.950	2.150	0.000	-0.13450076
1.050	2.150	0.000	-0.13148236
1.150	2.150	0.000	-0.12844974
1.250	2.150	0.000	-0.12551819
1.350	2.150	0.000	-0.12283383
1.450	2.150	0.000	-0.12051077
1.550	2.150	0.000	-0.11860564
1.650	2.150	0.000	-0.11713373
1.750	2.150	0.000	-0.11610526
1.850	2.150	0.000	-0.11542103
1.950	2.150	0.000	-0.11483586
2.050	2.150	0.000	-0.11414787
2.150	2.150	0.000	-0.11328388
2.250	2.150	0.000	-0.11217327
2.350	2.150	0.000	-0.11114971
2.450	2.150	0.000	-0.10852414
-2.450	2.250	0.000	-0.15732631
-2.350	2.250	0.000	-0.15718473
-2.250	2.250	0.000	-0.15654874
-2.150	2.250	0.000	-0.15556857
-2.050	2.250	0.000	-0.15405284
-1.950	2.250	0.000	-0.15246540
-1.850	2.250	0.000	-0.15135597
-1.750	2.250	0.000	-0.15115167
-1.650	2.250	0.000	-0.15183906
-1.550	2.250	0.000	-0.15405385
-1.450	2.250	0.000	-0.15549809
-1.350	2.250	0.000	-0.15609677
-1.250	2.250	0.000	-0.15593988
-1.150	2.250	0.000	-0.15470795
-1.050	2.250	0.000	-0.15303855
-0.950	2.250	0.000	-0.15159525
-0.850	2.250	0.000	-0.15025955
-0.750	2.250	0.000	-0.14909969
-0.650	2.250	0.000	-0.14797640
-0.550	2.250	0.000	-0.14681287
-0.450	2.250	0.000	-0.14579733
-0.350	2.250	0.000	-0.14509007
-0.250	2.250	0.000	-0.14464927
-0.150	2.250	0.000	-0.14490148
-0.050	2.250	0.000	-0.14510606
0.050	2.250	0.000	-0.14533484
0.150	2.250	0.000	-0.14555544
0.250	2.250	0.000	-0.14551534
0.350	2.250	0.000	-0.14536476
0.450	2.250	0.000	-0.14495851
0.550	2.250	0.000	-0.14415663
0.650	2.250	0.000	-0.14285472
0.750	2.250	0.000	-0.14087644
0.850	2.250	0.000	-0.13823730
0.950	2.250	0.000	-0.13519612
1.050	2.250	0.000	-0.13200806
1.150	2.250	0.000	-0.12886260
1.250	2.250	0.000	-0.12588851
1.350	2.250	0.000	-0.12316322
1.450	2.250	0.000	-0.12086423
1.550	2.250	0.000	-0.11901860
1.650	2.250	0.000	-0.11755314
1.750	2.250	0.000	-0.11645074
1.850	2.250	0.000	-0.11559513
1.950	2.250	0.000	-0.11487313
2.050	2.250	0.000	-0.11413199
2.150	2.250	0.000	-0.11328393
2.250	2.250	0.000	-0.11223891
2.350	2.250	0.000	-0.11126780
2.450	2.250	0.000	-0.10871169
-2.450	2.350	0.000	-0.15911122
-2.350	2.350	0.000	-0.15880838
-2.250	2.350	0.000	-0.15783527
-2.150	2.350	0.000	-0.15669620
-2.050	2.350	0.000	-0.15502948
-1.950	2.350	0.000	-0.15328322
-1.850	2.350	0.000	-0.15190397
-1.750	2.350	0.000	-0.15161890
-1.650	2.350	0.000	-0.15222605
-1.550	2.350	0.000	-0.15434748
-1.450	2.350	0.000	-0.15579404
-1.350	2.350	0.000	-0.15633628
-1.250	2.350	0.000	-0.15606755
-1.150	2.350	0.000	-0.15463474
-1.050	2.350	0.000	-0.15279141
-0.950	2.350	0.000	-0.15107180
-0.850	2.350	0.000	-0.14955546
-0.750	2.350	0.000	-0.14822716
-0.650	2.350	0.000	-0.14689355
-0.550	2.350	0.000	-0.14549683
-0.450	2.350	0.000	-0.14432262
-0.350	2.350	0.000	-0.14355801
-0.250	2.350	0.000	-0.14318013
-0.150	2.350	0.000	-0.14363413
-0.050	2.350	0.000	-0.14416870
0.050	2.350	0.000	-0.14482345
0.150	2.350	0.000	-0.14543135
0.250	2.350	0.000	-0.14583038
0.350	2.350	0.000	-0.14607248
0.450	2.350	0.000	-0.14593171
0.550	2.350	0.000	-0.14546274
0.650	2.350	0.000	-0.14448495
0.750	2.350	0.000	-0.14284441
0.850	2.350	0.000	-0.14058705
0.950	2.350	0.000	-0.13779294
1.050	2.350	0.000	-0.13461840
1.150	2.350	0.000	-0.13130873
1.250	2.350	0.000	-0.12814930
1.350	2.350	0.000	-0.12529641
1.450	2.350	0.000	-0.12282027
1.550	2.350	0.000	-0.12090311
1.650	2.350	0.000	-0.11939701
1.750	2.350	0.000	-0.11828163
1.850	2.350	0.000	-0.11735768
1.950	2.350	0.000	-0.11650717
2.050	2.350	0.000	-0.11565825
2.150	2.350	0.000	-0.11470307
2.250	2.350	0.000	-0.11357731
2.350	2.350	0.000	-0.11253537
2.450	2.350	0.000	-0.10989871
-2.450	2.450	0.000	-0.16012006
-2.350	2.450	0.000	-0.15979035
-2.250	2.450	0.000	-0.15869254
-2.150	2.450	0.000	-0.15740582
-2.050	2.450	0.000	-0.15560324
-1.950	2.450	0.000	-0.15370543
-1.850	2.450	0.000	-0.15218455
-1.750	2.450	0.000	-0.15183204
-1.650	2.450	0.000	-0.15239666
-1.550	2.450	0.000	-0.15450272
-1.450	2.450	0.000	-0.15596829
-1.350	2.450	0.000	-0.15646358
-1.250	2.450	0.000	-0.15608622
-1.150	2.450	0.000	-0.15452459
-1.050	2.450	0.000	-0.15252629
-0.950	2.450	0.000	-0.15059598
-0.850	2.450	0.000	-0.14896126
-0.750	2.450	0.000	-0.14745006
-0.650	2.450	0.000	-0.14582512
-0.550	2.450	0.000	-0.14401349
-0.450	2.450	0.000	-0.14227381
-0.350	2.450	0.000	-0.14093971
-0.250	2.450	0.000	-0.14008543
-0.150	2.450	0.000	-0.14028935
-0.050	2.450	0.000	-0.14068256
0.050	2.450	0.000	-0.14122343
0.150	2.450	0.000	-0.14182390
0.250	2.450	0.000	-0.14233106
0.350	2.450	0.000	-0.14288138
0.450	2.450	0.000	-0.14301349
0.550	2.450	0.000	-0.14296070
0.650	2.450	0.000	-0.14252384
0.750	2.450	0.000	-0.14149988
0.850	2.450	0.000	-0.13989694
0.950	2.450	0.000	-0.13764246
1.050	2.450	0.000	-0.13487519
1.150	2.450	0.000	-0.13185011
1.250	2.450	0.000	-0.12888373
1.350	2.450	0.000	-0.12618165
1.450	2.450	0.000	-0.12380707
1.550	2.450	0.000	-0.12188912
1.650	2.450	0.000	-0.12029530
1.750	2.450	0.000	-0.11900977
1.850	2.450	0.000	-0.11785613
1.950	2.450	0.000	-0.11675499
2.050	2.450	0.000	-0.11559840
2.150	2.450	0.000	-0.11430997
2.250	2.450	0.000	-0.11283515
2.350	2.450	0.000	-0.11159306
2.450	2.450	0.000	-0.10857665
