-2.450	-2.450	0.000	-0.07403263
-2.350	-2.450	0.000	-0.06944692
-2.250	-2.450	0.000	-0.06267007
-2.150	-2.450	0.000	-0.05768082
-2.050	-2.450	0.000	-0.04926118
-1.950	-2.450	0.000	-0.04481550
-1.850	-2.450	0.000	-0.04140976
-1.750	-2.450	0.000	-0.04290623
-1.650	-2.450	0.000	-0.04631182
-1.550	-2.450	0.000	-0.04972410
-1.450	-2.450	0.000	-0.05313993
-1.350	-2.450	0.000	-0.05940974
-1.250	-2.450	0.000	-0.06836923
-1.150	-2.450	0.000	-0.07861733
-1.050	-2.450	0.000	-0.08889456
-0.950	-2.450	0.000	-0.09533419
-0.850	-2.450	0.000	-0.09919252
-0.750	-2.450	0.000	-0.10242365
-0.650	-2.450	0.000	-0.10232136
-0.550	-2.450	0.000	-0.10207492
-0.450	-2.450	0.000	-0.09942924
-0.350	-2.450	0.000	-0.09704548
-0.250	-2.450	0.000	-0.09137013
-0.150	-2.450	0.000	-0.08747660
-0.050	-2.450	0.000	-0.07858592
0.050	-2.450	0.000	-0.07198912
0.150	-2.450	0.000	-0.06153209
0.250	-2.450	0.000	-0.05094769
0.350	-2.450	0.000	-0.03991440
0.450	-2.450	0.000	-0.02552476
0.550	-2.450	0.000	-0.01575091
0.650	-2.450	0.000	0.00118526
0.750	-2.450	0.000	0.01217883
0.850	-2.450	0.000	0.02742789
0.950	-2.450	0.000	0.03859591
1.050	-2.450	0.000	0.05132324
1.150	-2.450	0.000	0.05893401
1.250	-2.450	0.000	0.06820909
1.350	-2.450	0.000	0.07381741
1.450	-2.450	0.000	0.07778013
1.550	-2.450	0.000	0.07979453
1.650	-2.450	0.000	0.08023032
1.750	-2.450	0.000	0.07919619
1.850	-2.450	0.000	0.07659481
1.950	-2.450	0.000	0.07241221
2.050	-2.450	0.000	0.06737990
2.150	-2.450	0.000	0.06212237
2.250	-2.450	0.000	0.05566976
2.350	-2.450	0.000	0.05175671
2.450	-2.450	0.000	0.04421882
-2.450	-2.350	0.000	-0.08629338
-2.350	-2.350	0.000	-0.08336625
-2.250	-2.350	0.000	-0.07698748
-2.150	-2.350	0.000	-0.07354750
-2.050	-2.350	0.000	-0.06617383
-1.950	-2.350	0.000	-0.06279200
-1.850	-2.350	0.000	-0.06009527
-1.750	-2.350	0.000	-0.06111707
-1.650	-2.350	0.000	-0.06418686
-1.550	-2.350	0.000	-0.06791451
-1.450	-2.350	0.000	-0.07107975
-1.350	-2.350	0.000	-0.07512956
-1.250	-2.350	0.000	-0.08093719
-1.150	-2.350	0.000	-0.08827730
-1.050	-2.350	0.000	-0.09645566
-0.950	-2.350	0.000	-0.10061520
-0.850	-2.350	0.000	-0.10434047
-0.750	-2.350	0.000	-0.10650192
-0.650	-2.350	0.000	-0.10590485
-0.550	-2.350	0.000	-0.10553554
-0.450	-2.350	0.000	-0.10264672
-0.350	-2.350	0.000	-0.10084625
-0.250	-2.350	0.000	-0.09482656
-0.150	-2.350	0.000	-0.09186353
-0.050	-2.350	0.000	-0.08338948
0.050	-2.350	0.000	-0.07748280
0.150	-2.350	0.000	-0.06804909
0.250	-2.350	0.000	-0.05840757
0.350	-2.350	0.000	-0.04809292
0.450	-2.350	0.000	-0.03444564
0.550	-2.350	0.000	-0.02386428
0.650	-2.350	0.000	-0.00459076
0.750	-2.350	0.000	0.00965751
0.850	-2.350	0.000	0.02823027
0.950	-2.350	0.000	0.04306435
1.050	-2.350	0.000	0.05916910
1.150	-2.350	0.000	0.07080065
1.250	-2.350	0.000	0.08165821
1.350	-2.350	0.000	0.08923903
1.450	-2.350	0.000	0.09432571
1.550	-2.350	0.000	0.09658732
1.650	-2.350	0.000	0.09716834
1.750	-2.350	0.000	0.09619299
1.850	-2.350	0.000	0.09447491
1.950	-2.350	0.000	0.09054845
2.050	-2.350	0.000	0.08572895
2.150	-2.350	0.000	0.07990708
2.250	-2.350	0.000	0.07241038
2.350	-2.350	0.000	0.06697467
2.450	-2.350	0.000	0.05742375
-2.450	-2.250	0.000	-0.08226594
-2.350	-2.250	0.000	-0.07967367
-2.250	-2.250	0.000	-0.07302257
-2.150	-2.250	0.000	-0.06990865
-2.050	-2.250	0.000	-0.06255730
-1.950	-2.250	0.000	-0.05869331
-1.850	-2.250	0.000	-0.05594204
-1.750	-2.250	0.000	-0.05578413
-1.650	-2.250	0.000	-0.05762641
-1.550	-2.250	0.000	-0.06052842
-1.450	-2.250	0.000	-0.06325891
-1.350	-2.250	0.000	-0.06762253
-1.250	-2.250	0.000	-0.07390241
-1.150	-2.250	0.000	-0.08196538
-1.050	-2.250	0.000	-0.08946442
-0.950	-2.250	0.000	-0.09275785
-0.850	-2.250	0.000	-0.09765183
-0.750	-2.250	0.000	-0.09867217
-0.650	-2.250	0.000	-0.09824363
-0.550	-2.250	0.000	-0.09787051
-0.450	-2.250	0.000	-0.09534978
-0.350	-2.250	0.000	-0.09409445
-0.250	-2.250	0.000	-0.08873736
-0.150	-2.250	0.000	-0.08569054
-0.050	-2.250	0.000	-0.07857935
0.050	-2.250	0.000	-0.07215457
0.150	-2.250	0.000	-0.06407530
0.250	-2.250	0.000	-0.05516140
0.350	-2.250	0.000	-0.04579926
0.450	-2.250	0.000	-0.03426005
0.550	-2.250	0.000	-0.02354675
0.650	-2.250	0.000	-0.00950471
0.750	-2.250	0.000	0.00253445
0.850	-2.250	0.000	0.01838916
0.950	-2.250	0.000	0.03292290
1.050	-2.250	0.000	0.04684985
1.150	-2.250	0.000	0.06056947
1.250	-2.250	0.000	0.06989375
1.350	-2.250	0.000	0.07792159
1.450	-2.250	0.000	0.08321867
1.550	-2.250	0.000	0.08580350
1.650	-2.250	0.000	0.08647895
1.750	-2.250	0.000	0.08581147
1.850	-2.250	0.000	0.08466619
1.950	-2.250	0.000	0.08118322
2.050	-2.250	0.000	0.07681856
2.150	-2.250	0.000	0.07099959
2.250	-2.250	0.000	0.06353662
2.350	-2.250	0.000	0.05778407
2.450	-2.250	0.000	0.04844586
-2.450	-2.150	0.000	-0.09076156
-2.350	-2.150	0.000	-0.08840124
-2.250	-2.150	0.000	-0.08179324
-2.150	-2.150	0.000	-0.07890712
-2.050	-2.150	0.000	-0.07147647
-1.950	-2.150	0.000	-0.06777967
-1.850	-2.150	0.000	-0.06490770
-1.750	-2.150	0.000	-0.06461793
-1.650	-2.150	0.000	-0.06559408
-1.550	-2.150	0.000	-0.06681439
-1.450	-2.150	0.000	-0.06799464
-1.350	-2.150	0.000	-0.07064149
-1.250	-2.150	0.000	-0.07589869
-1.150	-2.150	0.000	-0.08346446
-1.050	-2.150	0.000	-0.08992730
-0.950	-2.150	0.000	-0.09229764
-0.850	-2.150	0.000	-0.09666486
-0.750	-2.150	0.000	-0.09677196
-0.650	-2.150	0.000	-0.09624182
-0.550	-2.150	0.000	-0.09554567
-0.450	-2.150	0.000	-0.09319784
-0.350	-2.150	0.000	-0.09206951
-0.250	-2.150	0.000	-0.08770440
-0.150	-2.150	0.000	-0.08501912
-0.050	-2.150	0.000	-0.07951340
0.050	-2.150	0.000	-0.07302694
0.150	-2.150	0.000	-0.06609624
0.250	-2.150	0.000	-0.05769388
0.350	-2.150	0.000	-0.04841843
0.450	-2.150	0.000	-0.03758238
0.550	-2.150	0.000	-0.02735334
0.650	-2.150	0.000	-0.01382452
0.750	-2.150	0.000	-0.00068699
0.850	-2.150	0.000	0.01456841
0.950	-2.150	0.000	0.02942648
1.050	-2.150	0.000	0.04266287
1.150	-2.150	0.000	0.05687813
1.250	-2.150	0.000	0.06673519
1.350	-2.150	0.000	0.07460169
1.450	-2.150	0.000	0.07948951
1.550	-2.150	0.000	0.08206321
1.650	-2.150	0.000	0.08272589
1.750	-2.150	0.000	0.08185384
1.850	-2.150	0.000	0.08113186
1.950	-2.150	0.000	0.07784568
2.050	-2.150	0.000	0.07413416
2.150	-2.150	0.000	0.06838650
2.250	-2.150	0.000	0.06120541
2.350	-2.150	0.000	0.05489898
2.450	-2.150	0.000	0.04602741
-2.450	-2.050	0.000	-0.08998913
-2.350	-2.050	0.000	-0.08793201
-2.250	-2.050	0.000	-0.08008591
-2.150	-2.050	0.000	-0.07767788
-2.050	-2.050	0.000	-0.06993230
-1.950	-2.050	0.000	-0.06717756
-1.850	-2.050	0.000	-0.06400012
-1.750	-2.050	0.000	-0.06253047
-1.650	-2.050	0.000	-0.06179445
-1.550	-2.050	0.000	-0.06176782
-1.450	-2.050	0.000	-0.06230671
-1.350	-2.050	0.000	-0.06552944
-1.250	-2.050	0.000	-0.07004079
-1.150	-2.050	0.000	-0.07501194
-1.050	-2.050	0.000	-0.07869563
-0.950	-2.050	0.000	-0.07974584
-0.850	-2.050	0.000	-0.08166073
-0.750	-2.050	0.000	-0.08122855
-0.650	-2.050	0.000	-0.08047621
-0.550	-2.050	0.000	-0.07969925
-0.450	-2.050	0.000	-0.07777406
-0.350	-2.050	0.000	-0.07697912
-0.250	-2.050	0.000	-0.07382692
-0.150	-2.050	0.000	-0.07164627
-0.050	-2.050	0.000	-0.06795911
0.050	-2.050	0.000	-0.06219304
0.150	-2.050	0.000	-0.05675725
0.250	-2.050	0.000	-0.04996825
0.350	-2.050	0.000	-0.04206524
0.450	-2.050	0.000	-0.03366009
0.550	-2.050	0.000	-0.02564519
0.650	-2.050	0.000	-0.01543472
0.750	-2.050	0.000	-0.00535899
0.850	-2.050	0.000	0.00555042
0.950	-2.050	0.000	0.01735657
1.050	-2.050	0.000	0.02811121
1.150	-2.050	0.000	0.03967042
1.250	-2.050	0.000	0.04864637
1.350	-2.050	0.000	0.05538401
1.450	-2.050	0.000	0.05945387
1.550	-2.050	0.000	0.06136538
1.650	-2.050	0.000	0.06156618
1.750	-2.050	0.000	0.06004681
1.850	-2.050	0.000	0.05934465
1.950	-2.050	0.000	0.05631006
2.050	-2.050	0.000	0.05335656
2.150	-2.050	0.000	0.04884634
2.250	-2.050	0.000	0.04268136
2.350	-2.050	0.000	0.03703396
2.450	-2.050	0.000	0.03001738
-2.450	-1.950	0.000	-0.09331835
-2.350	-1.950	0.000	-0.09149521
-2.250	-1.950	0.000	-0.08580418
-2.150	-1.950	0.000	-0.08291239
-2.050	-1.950	0.000	-0.07630827
-1.950	-1.950	0.000	-0.07167901
-1.850	-1.950	0.000	-0.06758162
-1.750	-1.950	0.000	-0.06460892
-1.650	-1.950	0.000	-0.06277802
-1.550	-1.950	0.000	-0.06212820
-1.450	-1.950	0.000	-0.06326699
-1.350	-1.950	0.000	-0.06650243
-1.250	-1.950	0.000	-0.07050955
-1.150	-1.950	0.000	-0.07410146
-1.050	-1.950	0.000	-0.07599539
-0.950	-1.950	0.000	-0.07605697
-0.850	-1.950	0.000	-0.07587963
-0.750	-1.950	0.000	-0.07476031
-0.650	-1.950	0.000	-0.07354439
-0.550	-1.950	0.000	-0.07268497
-0.450	-1.950	0.000	-0.07118373
-0.350	-1.950	0.000	-0.07065325
-0.250	-1.950	0.000	-0.06859554
-0.150	-1.950	0.000	-0.06677440
-0.050	-1.950	0.000	-0.06405953
0.050	-1.950	0.000	-0.05937781
0.150	-1.950	0.000	-0.05440049
0.250	-1.950	0.000	-0.04813279
0.350	-1.950	0.000	-0.04074103
0.450	-1.950	0.000	-0.03226104
0.550	-1.950	0.000	-0.02424578
0.650	-1.950	0.000	-0.01517307
0.750	-1.950	0.000	-0.00606201
0.850	-1.950	0.000	0.00403873
0.950	-1.950	0.000	0.01400193
1.050	-1.950	0.000	0.02326748
1.150	-1.950	0.000	0.03186212
1.250	-1.950	0.000	0.03853981
1.350	-1.950	0.000	0.04337719
1.450	-1.950	0.000	0.04587753
1.550	-1.950	0.000	0.04626524
1.650	-1.950	0.000	0.04533209
1.750	-1.950	0.000	0.04277736
1.850	-1.950	0.000	0.04112626
1.950	-1.950	0.000	0.03834739
2.050	-1.950	0.000	0.03569971
2.150	-1.950	0.000	0.03306539
2.250	-1.950	0.000	0.02784844
2.350	-1.950	0.000	0.02397665
2.450	-1.950	0.000	0.01832777
-2.450	-1.850	0.000	-0.08786064
-2.350	-1.850	0.000	-0.08707866
-2.250	-1.850	0.000	-0.08350091
-2.150	-1.850	0.000	-0.08181727
-2.050	-1.850	0.000	-0.07746273
-1.950	-1.850	0.000	-0.07423491
-1.850	-1.850	0.000	-0.07046421
-1.750	-1.850	0.000	-0.06671944
-1.650	-1.850	0.000	-0.06369868
-1.550	-1.850	0.000	-0.06180551
-1.450	-1.850	0.000	-0.06109676
-1.350	-1.850	0.000	-0.06142235
-1.250	-1.850	0.000	-0.06198911
-1.150	-1.850	0.000	-0.06044879
-1.050	-1.850	0.000	-0.05779853
-0.950	-1.850	0.000	-0.05506070
-0.850	-1.850	0.000	-0.05220454
-0.750	-1.850	0.000	-0.04953365
-0.650	-1.850	0.000	-0.04762932
-0.550	-1.850	0.000	-0.04633049
-0.450	-1.850	0.000	-0.04512098
-0.350	-1.850	0.000	-0.04505249
-0.250	-1.850	0.000	-0.04476797
-0.150	-1.850	0.000	-0.04443488
-0.050	-1.850	0.000	-0.04436357
0.050	-1.850	0.000	-0.04245375
0.150	-1.850	0.000	-0.03977489
0.250	-1.850	0.000	-0.03653982
0.350	-1.850	0.000	-0.03188706
0.450	-1.850	0.000	-0.02640142
0.550	-1.850	0.000	-0.02042187
0.650	-1.850	0.000	-0.01411782
0.750	-1.850	0.000	-0.00765983
0.850	-1.850	0.000	-0.00074934
0.950	-1.850	0.000	0.00619116
1.050	-1.850	0.000	0.01275377
1.150	-1.850	0.000	0.01907427
1.250	-1.850	0.000	0.02327265
1.350	-1.850	0.000	0.02636086
1.450	-1.850	0.000	0.02746972
1.550	-1.850	0.000	0.02639779
1.650	-1.850	0.000	0.02424568
1.750	-1.850	0.000	0.02012993
1.850	-1.850	0.000	0.01673912
1.950	-1.850	0.000	0.01317278
2.050	-1.850	0.000	0.01026735
2.150	-1.850	0.000	0.00853680
2.250	-1.850	0.000	0.00474782
2.350	-1.850	0.000	0.00261136
2.450	-1.850	0.000	-0.00132310
-2.450	-1.750	0.000	-0.08213445
-2.350	-1.750	0.000	-0.08182485
-2.250	-1.750	0.000	-0.07901505
-2.150	-1.750	0.000	-0.07839413
-2.050	-1.750	0.000	-0.07472257
-1.950	-1.750	0.000	-0.07290209
-1.850	-1.750	0.000	-0.06962394
-1.750	-1.750	0.000	-0.06557462
-1.650	-1.750	0.000	-0.06175032
-1.550	-1.750	0.000	-0.05924018
-1.450	-1.750	0.000	-0.05825718
-1.350	-1.750	0.000	-0.05784243
-1.250	-1.750	0.000	-0.05619009
-1.150	-1.750	0.000	-0.05257252
-1.050	-1.750	0.000	-0.04765975
-0.950	-1.750	0.000	-0.04371478
-0.850	-1.750	0.000	-0.03913045
-0.750	-1.750	0.000	-0.03589147
-0.650	-1.750	0.000	-0.03353932
-0.550	-1.750	0.000	-0.03210885
-0.450	-1.750	0.000	-0.03118568
-0.350	-1.750	0.000	-0.03122313
-0.250	-1.750	0.000	-0.03166560
-0.150	-1.750	0.000	-0.03182284
-0.050	-1.750	0.000	-0.03255391
0.050	-1.750	0.000	-0.03216819
0.150	-1.750	0.000	-0.03112568
0.250	-1.750	0.000	-0.02953286
0.350	-1.750	0.000	-0.02694426
0.450	-1.750	0.000	-0.02339100
0.550	-1.750	0.000	-0.01903235
0.650	-1.750	0.000	-0.01503850
0.750	-1.750	0.000	-0.01009103
0.850	-1.750	0.000	-0.00544150
0.950	-1.750	0.000	-0.00086046
1.050	-1.750	0.000	0.00277926
1.150	-1.750	0.000	0.00612378
1.250	-1.750	0.000	0.00799455
1.350	-1.750	0.000	0.00907020
1.450	-1.750	0.000	0.00847357
1.550	-1.750	0.000	0.00647467
1.650	-1.750	0.000	0.00269159
1.750	-1.750	0.000	-0.00273495
1.850	-1.750	0.000	-0.00821489
1.950	-1.750	0.000	-0.01296321
2.050	-1.750	0.000	-0.01619730
2.150	-1.750	0.000	-0.01794861
2.250	-1.750	0.000	-0.01987975
2.350	-1.750	0.000	-0.02054403
2.450	-1.750	0.000	-0.02262783
-2.450	-1.650	0.000	-0.06910759
-2.350	-1.650	0.000	-0.06944005
-2.250	-1.650	0.000	-0.06965499
-2.150	-1.650	0.000	-0.06960465
-2.050	-1.650	0.000	-0.06961808
-1.950	-1.650	0.000	-0.06873228
-1.850	-1.650	0.000	-0.06654120
-1.750	-1.650	0.000	-0.06308693
-1.650	-1.650	0.000	-0.05891194
-1.550	-1.650	0.000	-0.05535382
-1.450	-1.650	0.000	-0.05272958
-1.350	-1.650	0.000	-0.04961978
-1.250	-1.650	0.000	-0.04475948
-1.150	-1.650	0.000	-0.03745623
-1.050	-1.650	0.000	-0.02919207
-0.950	-1.650	0.000	-0.02296078
-0.850	-1.650	0.000	-0.01626622
-0.750	-1.650	0.000	-0.01186038
-0.650	-1.650	0.000	-0.00872521
-0.550	-1.650	0.000	-0.00706124
-0.450	-1.650	0.000	-0.00648528
-0.350	-1.650	0.000	-0.00705737
-0.250	-1.650	0.000	-0.00894044
-0.150	-1.650	0.000	-0.01097875
-0.050	-1.650	0.000	-0.01377000
0.050	-1.650	0.000	-0.01638937
0.150	-1.650	0.000	-0.01791043
0.250	-1.650	0.000	-0.01931686
0.350	-1.650	0.000	-0.01987130
0.450	-1.650	0.000	-0.01964575
0.550	-1.650	0.000	-0.01830315
0.650	-1.650	0.000	-0.01746606
0.750	-1.650	0.000	-0.01544937
0.850	-1.650	0.000	-0.01404250
0.950	-1.650	0.000	-0.01217885
1.050	-1.650	0.000	-0.01117420
1.150	-1.650	0.000	-0.01129559
1.250	-1.650	0.000	-0.01179366
1.350	-1.650	0.000	-0.01282555
1.450	-1.650	0.000	-0.01478145
1.550	-1.650	0.000	-0.01791049
1.650	-1.650	0.000	-0.02265534
1.750	-1.650	0.000	-0.02879027
1.850	-1.650	0.000	-0.03556535
1.950	-1.650	0.000	-0.04111714
2.050	-1.650	0.000	-0.04467873
2.150	-1.650	0.000	-0.04617752
2.250	-1.650	0.000	-0.04639249
2.350	-1.650	0.000	-0.04587769
2.450	-1.650	0.000	-0.04570907
-2.450	-1.550	0.000	-0.05599151
-2.350	-1.550	0.000	-0.05703981
-2.250	-1.550	0.000	-0.05830064
-2.150	-1.550	0.000	-0.05928192
-2.050	-1.550	0.000	-0.06017761
-1.950	-1.550	0.000	-0.06083290
-1.850	-1.550	0.000	-0.05995898
-1.750	-1.550	0.000	-0.05719886
-1.650	-1.550	0.000	-0.05315560
-1.550	-1.550	0.000	-0.04929093
-1.450	-1.550	0.000	-0.04585437
-1.350	-1.550	0.000	-0.04165676
-1.250	-1.550	0.000	-0.03561156
-1.150	-1.550	0.000	-0.02772303
-1.050	-1.550	0.000	-0.01881811
-0.950	-1.550	0.000	-0.01214273
-0.850	-1.550	0.000	-0.00446796
-0.750	-1.550	0.000	0.00057737
-0.650	-1.550	0.000	0.00441777
-0.550	-1.550	0.000	0.00670732
-0.450	-1.550	0.000	0.00755786
-0.350	-1.550	0.000	0.00734275
-0.250	-1.550	0.000	0.00548744
-0.150	-1.550	0.000	0.00300633
-0.050	-1.550	0.000	-0.00059856
0.050	-1.550	0.000	-0.00458506
0.150	-1.550	0.000	-0.00823972
0.250	-1.550	0.000	-0.01174765
0.350	-1.550	0.000	-0.01501215
0.450	-1.550	0.000	-0.01766166
0.550	-1.550	0.000	-0.01941847
0.650	-1.550	0.000	-0.02160457
0.750	-1.550	0.000	-0.02239837
0.850	-1.550	0.000	-0.02415159
0.950	-1.550	0.000	-0.02623591
1.050	-1.550	0.000	-0.02848850
1.150	-1.550	0.000	-0.03138180
1.250	-1.550	0.000	-0.03484217
1.350	-1.550	0.000	-0.03826612
1.450	-1.550	0.000	-0.04179063
1.550	-1.550	0.000	-0.04565282
1.650	-1.550	0.000	-0.05099925
1.750	-1.550	0.000	-0.05735394
1.850	-1.550	0.000	-0.06486953
1.950	-1.550	0.000	-0.07022948
2.050	-1.550	0.000	-0.07377083
2.150	-1.550	0.000	-0.07450231
2.250	-1.550	0.000	-0.07290606
2.350	-1.550	0.000	-0.07100172
2.450	-1.550	0.000	-0.06873027
-2.450	-1.450	0.000	-0.04087895
-2.350	-1.450	0.000	-0.04258827
-2.250	-1.450	0.000	-0.04495968
-2.150	-1.450	0.000	-0.04698651
-2.050	-1.450	0.000	-0.04975169
-1.950	-1.450	0.000	-0.05173418
-1.850	-1.450	0.000	-0.05207573
-1.750	-1.450	0.000	-0.05022233
-1.650	-1.450	0.000	-0.04658348
-1.550	-1.450	0.000	-0.04236198
-1.450	-1.450	0.000	-0.03835334
-1.350	-1.450	0.000	-0.03342669
-1.250	-1.450	0.000	-0.02646145
-1.150	-1.450	0.000	-0.01729550
-1.050	-1.450	0.000	-0.00687274
-0.950	-1.450	0.000	0.00073174
-0.850	-1.450	0.000	0.00931932
-0.750	-1.450	0.000	0.01467217
-0.650	-1.450	0.000	0.01862254
-0.550	-1.450	0.000	0.02089866
-0.450	-1.450	0.000	0.02145229
-0.350	-1.450	0.000	0.02071519
-0.250	-1.450	0.000	0.01810049
-0.150	-1.450	0.000	0.01460074
-0.050	-1.450	0.000	0.00987955
0.050	-1.450	0.000	0.00453021
0.150	-1.450	0.000	-0.00118335
0.250	-1.450	0.000	-0.00682715
0.350	-1.450	0.000	-0.01242934
0.450	-1.450	0.000	-0.01767705
0.550	-1.450	0.000	-0.02226220
0.650	-1.450	0.000	-0.02717705
0.750	-1.450	0.000	-0.03093833
0.850	-1.450	0.000	-0.03536626
0.950	-1.450	0.000	-0.04011901
1.050	-1.450	0.000	-0.04566615
1.150	-1.450	0.000	-0.05184812
1.250	-1.450	0.000	-0.05836874
1.350	-1.450	0.000	-0.06431098
1.450	-1.450	0.000	-0.06964992
1.550	-1.450	0.000	-0.07438815
1.650	-1.450	0.000	-0.07975379
1.750	-1.450	0.000	-0.08553562
1.850	-1.450	0.000	-0.09230719
1.950	-1.450	0.000	-0.09668300
2.050	-1.450	0.000	-0.09933536
2.150	-1.450	0.000	-0.09907228
2.250	-1.450	0.000	-0.09566885
2.350	-1.450	0.000	-0.09245008
2.450	-1.450	0.000	-0.08747160
-2.450	-1.350	0.000	-0.02662634
-2.350	-1.350	0.000	-0.02865312
-2.250	-1.350	0.000	-0.03171391
-2.150	-1.350	0.000	-0.03429344
-2.050	-1.350	0.000	-0.03794250
-1.950	-1.350	0.000	-0.04079362
-1.850	-1.350	0.000	-0.04217885
-1.750	-1.350	0.000	-0.04124381
-1.650	-1.350	0.000	-0.03822844
-1.550	-1.350	0.000	-0.03413491
-1.450	-1.350	0.000	-0.02991541
-1.350	-1.350	0.000	-0.02468393
-1.250	-1.350	0.000	-0.01730849
-1.150	-1.350	0.000	-0.00825650
-1.050	-1.350	0.000	0.00190129
-0.950	-1.350	0.000	0.00959997
-0.850	-1.350	0.000	0.01811442
-0.750	-1.350	0.000	0.02409478
-0.650	-1.350	0.000	0.02846095
-0.550	-1.350	0.000	0.03113864
-0.450	-1.350	0.000	0.03171290
-0.350	-1.350	0.000	0.03086025
-0.250	-1.350	0.000	0.02778351
-0.150	-1.350	0.000	0.02353550
-0.050	-1.350	0.000	0.01796792
0.050	-1.350	0.000	0.01158819
0.150	-1.350	0.000	0.00441061
0.250	-1.350	0.000	-0.00306335
0.350	-1.350	0.000	-0.01066154
0.450	-1.350	0.000	-0.01816892
0.550	-1.350	0.000	-0.02525979
0.650	-1.350	0.000	-0.03222071
0.750	-1.350	0.000	-0.03891920
0.850	-1.350	0.000	-0.04590847
0.950	-1.350	0.000	-0.05300241
1.050	-1.350	0.000	-0.06088227
1.150	-1.350	0.000	-0.06912670
1.250	-1.350	0.000	-0.07759095
1.350	-1.350	0.000	-0.08535548
1.450	-1.350	0.000	-0.09215019
1.550	-1.350	0.000	-0.09775110
1.650	-1.350	0.000	-0.10309159
1.750	-1.350	0.000	-0.10813244
1.850	-1.350	0.000	-0.11326113
1.950	-1.350	0.000	-0.11618435
2.050	-1.350	0.000	-0.11694645
2.150	-1.350	0.000	-0.11546568
2.250	-1.350	0.000	-0.11014050
2.350	-1.350	0.000	-0.10627471
2.450	-1.350	0.000	-0.09908328
-2.450	-1.250	0.000	-0.01272952
-2.350	-1.250	0.000	-0.01481906
-2.250	-1.250	0.000	-0.01845237
-2.150	-1.250	0.000	-0.02128723
-2.050	-1.250	0.000	-0.02576842
-1.950	-1.250	0.000	-0.02924660
-1.850	-1.250	0.000	-0.03147173
-1.750	-1.250	0.000	-0.03145435
-1.650	-1.250	0.000	-0.02911258
-1.550	-1.250	0.000	-0.02547562
-1.450	-1.250	0.000	-0.02126994
-1.350	-1.250	0.000	-0.01577824
-1.250	-1.250	0.000	-0.00869965
-1.150	-1.250	0.000	-0.00046286
-1.050	-1.250	0.000	0.00908566
-0.950	-1.250	0.000	0.01697285
-0.850	-1.250	0.000	0.02487263
-0.750	-1.250	0.000	0.03077019
-0.650	-1.250	0.000	0.03475096
-0.550	-1.250	0.000	0.03726528
-0.450	-1.250	0.000	0.03770257
-0.350	-1.250	0.000	0.03676669
-0.250	-1.250	0.000	0.03370112
-0.150	-1.250	0.000	0.02911159
-0.050	-1.250	0.000	0.02273524
0.050	-1.250	0.000	0.01509128
0.150	-1.250	0.000	0.00669247
0.250	-1.250	0.000	-0.00215075
0.350	-1.250	0.000	-0.01131962
0.450	-1.250	0.000	-0.02050616
0.550	-1.250	0.000	-0.02940157
0.650	-1.250	0.000	-0.03786257
0.750	-1.250	0.000	-0.04613358
0.850	-1.250	0.000	-0.05441640
0.950	-1.250	0.000	-0.06273571
1.050	-1.250	0.000	-0.07179482
1.150	-1.250	0.000	-0.08107584
1.250	-1.250	0.000	-0.09069919
1.350	-1.250	0.000	-0.09963679
1.450	-1.250	0.000	-0.10717528
1.550	-1.250	0.000	-0.11333795
1.650	-1.250	0.000	-0.11854751
1.750	-1.250	0.000	-0.12274907
1.850	-1.250	0.000	-0.12606964
1.950	-1.250	0.000	-0.12754227
2.050	-1.250	0.000	-0.12662391
2.150	-1.250	0.000	-0.12405574
2.250	-1.250	0.000	-0.11650209
2.350	-1.250	0.000	-0.11199263
2.450	-1.250	0.000	-0.10210625
-2.450	-1.150	0.000	-0.00063276
-2.350	-1.150	0.000	-0.00242655
-2.250	-1.150	0.000	-0.00599523
-2.150	-1.150	0.000	-0.00855222
-2.050	-1.150	0.000	-0.01313977
-1.950	-1.150	0.000	-0.01662672
-1.850	-1.150	0.000	-0.01922462
-1.750	-1.150	0.000	-0.01969563
-1.650	-1.150	0.000	-0.01818999
-1.550	-1.150	0.000	-0.01502398
-1.450	-1.150	0.000	-0.01125662
-1.350	-1.150	0.000	-0.00680926
-1.250	-1.150	0.000	-0.00073764
-1.150	-1.150	0.000	0.00716814
-1.050	-1.150	0.000	0.01616578
-0.950	-1.150	0.000	0.02356031
-0.850	-1.150	0.000	0.03020324
-0.750	-1.150	0.000	0.03599269
-0.650	-1.150	0.000	0.03980380
-0.550	-1.150	0.000	0.04219005
-0.450	-1.150	0.000	0.04231586
-0.350	-1.150	0.000	0.04083775
-0.250	-1.150	0.000	0.03699340
-0.150	-1.150	0.000	0.03133635
-0.050	-1.150	0.000	0.02393226
0.050	-1.150	0.000	0.01534333
0.150	-1.150	0.000	0.00597604
0.250	-1.150	0.000	-0.00389012
0.350	-1.150	0.000	-0.01375486
0.450	-1.150	0.000	-0.02340297
0.550	-1.150	0.000	-0.03259061
0.650	-1.150	0.000	-0.04165702
0.750	-1.150	0.000	-0.05018548
0.850	-1.150	0.000	-0.05921889
0.950	-1.150	0.000	-0.06765371
1.050	-1.150	0.000	-0.07705354
1.150	-1.150	0.000	-0.08659256
1.250	-1.150	0.000	-0.09580848
1.350	-1.150	0.000	-0.10446816
1.450	-1.150	0.000	-0.11215251
1.550	-1.150	0.000	-0.11834931
1.650	-1.150	0.000	-0.12304370
1.750	-1.150	0.000	-0.12633342
1.850	-1.150	0.000	-0.12785384
1.950	-1.150	0.000	-0.12731437
2.050	-1.150	0.000	-0.12471869
2.150	-1.150	0.000	-0.12131724
2.250	-1.150	0.000	-0.11242763
2.350	-1.150	0.000	-0.10789078
2.450	-1.150	0.000	-0.09547831
-2.450	-1.050	0.000	0.01035443
-2.350	-1.050	0.000	0.00902563
-2.250	-1.050	0.000	0.00581749
-2.150	-1.050	0.000	0.00384666
-2.050	-1.050	0.000	-0.00044475
-1.950	-1.050	0.000	-0.00353805
-1.850	-1.050	0.000	-0.00616101
-1.750	-1.050	0.000	-0.00698091
-1.650	-1.050	0.000	-0.00610760
-1.550	-1.050	0.000	-0.00380912
-1.450	-1.050	0.000	-0.00077150
-1.350	-1.050	0.000	0.00309914
-1.250	-1.050	0.000	0.00823159
-1.150	-1.050	0.000	0.01416806
-1.050	-1.050	0.000	0.02124691
-0.950	-1.050	0.000	0.02834382
-0.850	-1.050	0.000	0.03386369
-0.750	-1.050	0.000	0.03911024
-0.650	-1.050	0.000	0.04186361
-0.550	-1.050	0.000	0.04308449
-0.450	-1.050	0.000	0.04235953
-0.350	-1.050	0.000	0.03989594
-0.250	-1.050	0.000	0.03568573
-0.150	-1.050	0.000	0.02971339
-0.050	-1.050	0.000	0.02274385
0.050	-1.050	0.000	0.01419341
0.150	-1.050	0.000	0.00509809
0.250	-1.050	0.000	-0.00435322
0.350	-1.050	0.000	-0.01399876
0.450	-1.050	0.000	-0.02383508
0.550	-1.050	0.000	-0.03317298
0.650	-1.050	0.000	-0.04257406
0.750	-1.050	0.000	-0.05075428
0.850	-1.050	0.000	-0.06010844
0.950	-1.050	0.000	-0.06802609
1.050	-1.050	0.000	-0.07699886
1.150	-1.050	0.000	-0.08561166
1.250	-1.050	0.000	-0.09406628
1.350	-1.050	0.000	-0.10134924
1.450	-1.050	0.000	-0.10756338
1.550	-1.050	0.000	-0.11247496
1.650	-1.050	0.000	-0.11575484
1.750	-1.050	0.000	-0.11778614
1.850	-1.050	0.000	-0.11759685
1.950	-1.050	0.000	-0.11630045
2.050	-1.050	0.000	-0.11177316
2.150	-1.050	0.000	-0.10817312
2.250	-1.050	0.000	-0.09845664
2.350	-1.050	0.000	-0.09474672
2.450	-1.050	0.000	-0.08258200
-2.450	-0.950	0.000	0.01828347
-2.350	-0.950	0.000	0.01792214
-2.250	-0.950	0.000	0.01605475
-2.150	-0.950	0.000	0.01538088
-2.050	-0.950	0.000	0.01226475
-1.950	-0.950	0.000	0.01026364
-1.850	-0.950	0.000	0.00834753
-1.750	-0.950	0.000	0.00759925
-1.650	-0.950	0.000	0.00804788
-1.550	-0.950	0.000	0.00963053
-1.450	-0.950	0.000	0.01152516
-1.350	-0.950	0.000	0.01454489
-1.250	-0.950	0.000	0.01874609
-1.150	-0.950	0.000	0.02348157
-1.050	-0.950	0.000	0.02897204
-0.950	-0.950	0.000	0.03456327
-0.850	-0.950	0.000	0.03847807
-0.750	-0.950	0.000	0.04260283
-0.650	-0.950	0.000	0.04480743
-0.550	-0.950	0.000	0.04577173
-0.450	-0.950	0.000	0.04474485
-0.350	-0.950	0.000	0.04193598
-0.250	-0.950	0.000	0.03694560
-0.150	-0.950	0.000	0.03036010
-0.050	-0.950	0.000	0.02229864
0.050	-0.950	0.000	0.01349995
0.150	-0.950	0.000	0.00401914
0.250	-0.950	0.000	-0.00573411
0.350	-0.950	0.000	-0.01521165
0.450	-0.950	0.000	-0.02472151
0.550	-0.950	0.000	-0.03318891
0.650	-0.950	0.000	-0.04206877
0.750	-0.950	0.000	-0.04914750
0.850	-0.950	0.000	-0.05789650
0.950	-0.950	0.000	-0.06418626
1.050	-0.950	0.000	-0.07175762
1.150	-0.950	0.000	-0.07874776
1.250	-0.950	0.000	-0.08601393
1.350	-0.950	0.000	-0.09267011
1.450	-0.950	0.000	-0.09825188
1.550	-0.950	0.000	-0.10267415
1.650	-0.950	0.000	-0.10559914
1.750	-0.950	0.000	-0.10688839
1.850	-0.950	0.000	-0.10594082
1.950	-0.950	0.000	-0.10367749
2.050	-0.950	0.000	-0.09767171
2.150	-0.950	0.000	-0.09355429
2.250	-0.950	0.000	-0.08250411
2.350	-0.950	0.000	-0.07864802
2.450	-0.950	0.000	-0.06426457
-2.450	-0.850	0.000	0.02490010
-2.350	-0.850	0.000	0.02596731
-2.250	-0.850	0.000	0.02498131
-2.150	-0.850	0.000	0.02568967
-2.050	-0.850	0.000	0.02423690
-1.950	-0.850	0.000	0.02363513
-1.850	-0.850	0.000	0.02274802
-1.750	-0.850	0.000	0.02276932
-1.650	-0.850	0.000	0.02335053
-1.550	-0.850	0.000	0.02458867
-1.450	-0.850	0.000	0.02588269
-1.350	-0.850	0.000	0.02709554
-1.250	-0.850	0.000	0.02923921
-1.150	-0.850	0.000	0.03266456
-1.050	-0.850	0.000	0.03680230
-0.950	-0.850	0.000	0.04098228
-0.850	-0.850	0.000	0.04311980
-0.750	-0.850	0.000	0.04564513
-0.650	-0.850	0.000	0.04637478
-0.550	-0.850	0.000	0.04573917
-0.450	-0.850	0.000	0.04359117
-0.350	-0.850	0.000	0.03972519
-0.250	-0.850	0.000	0.03454166
-0.150	-0.850	0.000	0.02788047
-0.050	-0.850	0.000	0.02038843
0.050	-0.850	0.000	0.01209721
0.150	-0.850	0.000	0.00367030
0.250	-0.850	0.000	-0.00510380
0.350	-0.850	0.000	-0.01343755
0.450	-0.850	0.000	-0.02194965
0.550	-0.850	0.000	-0.02934409
0.650	-0.850	0.000	-0.03762611
0.750	-0.850	0.000	-0.04341625
0.850	-0.850	0.000	-0.05146606
0.950	-0.850	0.000	-0.05633473
1.050	-0.850	0.000	-0.06255370
1.150	-0.850	0.000	-0.06843122
1.250	-0.850	0.000	-0.07406305
1.350	-0.850	0.000	-0.07887368
1.450	-0.850	0.000	-0.08288348
1.550	-0.850	0.000	-0.08595830
1.650	-0.850	0.000	-0.08730192
1.750	-0.850	0.000	-0.08777864
1.850	-0.850	0.000	-0.08496793
1.950	-0.850	0.000	-0.08313467
2.050	-0.850	0.000	-0.07541016
2.150	-0.850	0.000	-0.07203767
2.250	-0.850	0.000	-0.05934957
2.350	-0.850	0.000	-0.05643401
2.450	-0.850	0.000	-0.04163143
-2.450	-0.750	0.000	0.02755793
-2.350	-0.750	0.000	0.02961835
-2.250	-0.750	0.000	0.03143803
-2.150	-0.750	0.000	0.03430593
-2.050	-0.750	0.000	0.03521858
-1.950	-0.750	0.000	0.03665964
-1.850	-0.750	0.000	0.03778357
-1.750	-0.750	0.000	0.03896217
-1.650	-0.750	0.000	0.03993869
-1.550	-0.750	0.000	0.04072147
-1.450	-0.750	0.000	0.04145964
-1.350	-0.750	0.000	0.04230171
-1.250	-0.750	0.000	0.04323907
-1.150	-0.750	0.000	0.04465070
-1.050	-0.750	0.000	0.04649865
-0.950	-0.750	0.000	0.04929913
-0.850	-0.750	0.000	0.05027481
-0.750	-0.750	0.000	0.05141046
-0.650	-0.750	0.000	0.05062860
-0.550	-0.750	0.000	0.04895069
-0.450	-0.750	0.000	0.04569814
-0.350	-0.750	0.000	0.04132508
-0.250	-0.750	0.000	0.03570835
-0.150	-0.750	0.000	0.02904179
-0.050	-0.750	0.000	0.02182016
0.050	-0.750	0.000	0.01388887
0.150	-0.750	0.000	0.00623605
0.250	-0.750	0.000	-0.00152859
0.350	-0.750	0.000	-0.00911290
0.450	-0.750	0.000	-0.01712554
0.550	-0.750	0.000	-0.02372639
0.650	-0.750	0.000	-0.03108960
0.750	-0.750	0.000	-0.03549363
0.850	-0.750	0.000	-0.04176214
0.950	-0.750	0.000	-0.04531503
1.050	-0.750	0.000	-0.05020714
1.150	-0.750	0.000	-0.05452411
1.250	-0.750	0.000	-0.05888609
1.350	-0.750	0.000	-0.06287272
1.450	-0.750	0.000	-0.06589092
1.550	-0.750	0.000	-0.06805619
1.650	-0.750	0.000	-0.06884430
1.750	-0.750	0.000	-0.06858541
1.850	-0.750	0.000	-0.06448439
1.950	-0.750	0.000	-0.06241934
2.050	-0.750	0.000	-0.05356035
2.150	-0.750	0.000	-0.05092908
2.250	-0.750	0.000	-0.03817669
2.350	-0.750	0.000	-0.03593912
2.450	-0.750	0.000	-0.02173627
-2.450	-0.650	0.000	0.02800465
-2.350	-0.650	0.000	0.03251852
-2.250	-0.650	0.000	0.03536172
-2.150	-0.650	0.000	0.03974791
-2.050	-0.650	0.000	0.04360972
-1.950	-0.650	0.000	0.04720902
-1.850	-0.650	0.000	0.05012266
-1.750	-0.650	0.000	0.05291678
-1.650	-0.650	0.000	0.05569404
-1.550	-0.650	0.000	0.05792395
-1.450	-0.650	0.000	0.05918377
-1.350	-0.650	0.000	0.05952168
-1.250	-0.650	0.000	0.05978918
-1.150	-0.650	0.000	0.05979563
-1.050	-0.650	0.000	0.05953633
-0.950	-0.650	0.000	0.06002898
-0.850	-0.650	0.000	0.05909598
-0.750	-0.650	0.000	0.05875852
-0.650	-0.650	0.000	0.05737527
-0.550	-0.650	0.000	0.05530795
-0.450	-0.650	0.000	0.05154221
-0.350	-0.650	0.000	0.04698225
-0.250	-0.650	0.000	0.04066833
-0.150	-0.650	0.000	0.03425955
-0.050	-0.650	0.000	0.02676648
0.050	-0.650	0.000	0.02005619
0.150	-0.650	0.000	0.01255553
0.250	-0.650	0.000	0.00573673
0.350	-0.650	0.000	-0.00139923
0.450	-0.650	0.000	-0.00845579
0.550	-0.650	0.000	-0.01434676
0.650	-0.650	0.000	-0.02043292
0.750	-0.650	0.000	-0.02465699
0.850	-0.650	0.000	-0.02859239
0.950	-0.650	0.000	-0.03233342
1.050	-0.650	0.000	-0.03540771
1.150	-0.650	0.000	-0.03850636
1.250	-0.650	0.000	-0.04171854
1.350	-0.650	0.000	-0.04463723
1.450	-0.650	0.000	-0.04681961
1.550	-0.650	0.000	-0.04805421
1.650	-0.650	0.000	-0.04885236
1.750	-0.650	0.000	-0.04706825
1.850	-0.650	0.000	-0.04484653
1.950	-0.650	0.000	-0.04168102
2.050	-0.650	0.000	-0.03403703
2.150	-0.650	0.000	-0.03202115
2.250	-0.650	0.000	-0.01771248
2.350	-0.650	0.000	-0.01676575
2.450	-0.650	0.000	0.00061030
-2.450	-0.550	0.000	0.02564845
-2.350	-0.550	0.000	0.03121844
-2.250	-0.550	0.000	0.03678079
-2.150	-0.550	0.000	0.04302002
-2.050	-0.550	0.000	0.04885653
-1.950	-0.550	0.000	0.05456716
-1.850	-0.550	0.000	0.06039535
-1.750	-0.550	0.000	0.06571908
-1.650	-0.550	0.000	0.06985986
-1.550	-0.550	0.000	0.07257584
-1.450	-0.550	0.000	0.07416273
-1.350	-0.550	0.000	0.07504056
-1.250	-0.550	0.000	0.07548305
-1.150	-0.550	0.000	0.07561941
-1.050	-0.550	0.000	0.07521736
-0.950	-0.550	0.000	0.07483082
-0.850	-0.550	0.000	0.07333978
-0.750	-0.550	0.000	0.07106426
-0.650	-0.550	0.000	0.06803034
-0.550	-0.550	0.000	0.06409841
-0.450	-0.550	0.000	0.05917835
-0.350	-0.550	0.000	0.05371760
-0.250	-0.550	0.000	0.04742640
-0.150	-0.550	0.000	0.04117160
-0.050	-0.550	0.000	0.03401515
0.050	-0.550	0.000	0.02772344
0.150	-0.550	0.000	0.02077253
0.250	-0.550	0.000	0.01472979
0.350	-0.550	0.000	0.00825349
0.450	-0.550	0.000	0.00247452
0.550	-0.550	0.000	-0.00311044
0.650	-0.550	0.000	-0.00768988
0.750	-0.550	0.000	-0.01255255
0.850	-0.550	0.000	-0.01358858
0.950	-0.550	0.000	-0.01774295
1.050	-0.550	0.000	-0.01899001
1.150	-0.550	0.000	-0.02125209
1.250	-0.550	0.000	-0.02340206
1.350	-0.550	0.000	-0.02617462
1.450	-0.550	0.000	-0.02801165
1.550	-0.550	0.000	-0.02981678
1.650	-0.550	0.000	-0.02989239
1.750	-0.550	0.000	-0.02883528
1.850	-0.550	0.000	-0.02636655
1.950	-0.550	0.000	-0.02383318
2.050	-0.550	0.000	-0.01481053
2.150	-0.550	0.000	-0.01584760
2.250	-0.550	0.000	-0.00370356
2.350	-0.550	0.000	-0.00502425
2.450	-0.550	0.000	0.00896729
-2.450	-0.450	0.000	0.01920640
-2.350	-0.450	0.000	0.02597308
-2.250	-0.450	0.000	0.03367618
-2.150	-0.450	0.000	0.04120165
-2.050	-0.450	0.000	0.04962185
-1.950	-0.450	0.000	0.05725134
-1.850	-0.450	0.000	0.06440992
-1.750	-0.450	0.000	0.07055699
-1.650	-0.450	0.000	0.07670993
-1.550	-0.450	0.000	0.08284043
-1.450	-0.450	0.000	0.08787035
-1.350	-0.450	0.000	0.09140368
-1.250	-0.450	0.000	0.09293753
-1.150	-0.450	0.000	0.09250435
-1.050	-0.450	0.000	0.09096010
-0.950	-0.450	0.000	0.08944726
-0.850	-0.450	0.000	0.08725753
-0.750	-0.450	0.000	0.08471747
-0.650	-0.450	0.000	0.08131180
-0.550	-0.450	0.000	0.07728581
-0.450	-0.450	0.000	0.07210171
-0.350	-0.450	0.000	0.06643989
-0.250	-0.450	0.000	0.06014769
-0.150	-0.450	0.000	0.05351683
-0.050	-0.450	0.000	0.04680761
0.050	-0.450	0.000	0.04070650
0.150	-0.450	0.000	0.03423677
0.250	-0.450	0.000	0.02831970
0.350	-0.450	0.000	0.02177891
0.450	-0.450	0.000	0.01625611
0.550	-0.450	0.000	0.01063463
0.650	-0.450	0.000	0.00711723
0.750	-0.450	0.000	0.00273426
0.850	-0.450	0.000	0.00303235
0.950	-0.450	0.000	-0.00033143
1.050	-0.450	0.000	-0.00091340
1.150	-0.450	0.000	-0.00300125
1.250	-0.450	0.000	-0.00501131
1.350	-0.450	0.000	-0.00788985
1.450	-0.450	0.000	-0.01004758
1.550	-0.450	0.000	-0.01225324
1.650	-0.450	0.000	-0.01361292
1.750	-0.450	0.000	-0.01304582
1.850	-0.450	0.000	-0.01353939
1.950	-0.450	0.000	-0.01178770
2.050	-0.450	0.000	-0.00624710
2.150	-0.450	0.000	-0.00666056
2.250	-0.450	0.000	0.00414991
2.350	-0.450	0.000	0.00325812
2.450	-0.450	0.000	0.01562512
-2.450	-0.350	0.000	0.01286885
-2.350	-0.350	0.000	0.02048781
-2.250	-0.350	0.000	0.02850691
-2.150	-0.350	0.000	0.03515917
-2.050	-0.350	0.000	0.04463838
-1.950	-0.350	0.000	0.05273770
-1.850	-0.350	0.000	0.06097725
-1.750	-0.350	0.000	0.06920536
-1.650	-0.350	0.000	0.07757189
-1.550	-0.350	0.000	0.08545645
-1.450	-0.350	0.000	0.09226622
-1.350	-0.350	0.000	0.09775603
-1.250	-0.350	0.000	0.10181957
-1.150	-0.350	0.000	0.10510641
-1.050	-0.350	0.000	0.10671744
-0.950	-0.350	0.000	0.10598928
-0.850	-0.350	0.000	0.10437736
-0.750	-0.350	0.000	0.10055391
-0.650	-0.350	0.000	0.09664556
-0.550	-0.350	0.000	0.09214263
-0.450	-0.350	0.000	0.08648862
-0.350	-0.350	0.000	0.08078794
-0.250	-0.350	0.000	0.07436921
-0.150	-0.350	0.000	0.06766555
-0.050	-0.350	0.000	0.06143122
0.050	-0.350	0.000	0.05569721
0.150	-0.350	0.000	0.04929566
0.250	-0.350	0.000	0.04429050
0.350	-0.350	0.000	0.03823019
0.450	-0.350	0.000	0.03355743
0.550	-0.350	0.000	0.02826461
0.650	-0.350	0.000	0.02519918
0.750	-0.350	0.000	0.02098744
0.850	-0.350	0.000	0.02085690
0.950	-0.350	0.000	0.01749459
1.050	-0.350	0.000	0.01731223
1.150	-0.350	0.000	0.01496541
1.250	-0.350	0.000	0.01275613
1.350	-0.350	0.000	0.00911721
1.450	-0.350	0.000	0.00564820
1.550	-0.350	0.000	0.00185934
1.650	-0.350	0.000	-0.00043168
1.750	-0.350	0.000	-0.00348373
1.850	-0.350	0.000	-0.00339119
1.950	-0.350	0.000	-0.00507382
2.050	-0.350	0.000	-0.00089954
2.150	-0.350	0.000	-0.00416353
2.250	-0.350	0.000	0.00195684
2.350	-0.350	0.000	0.00050122
2.450	-0.350	0.000	0.00788181
-2.450	-0.250	0.000	0.00371541
-2.350	-0.250	0.000	0.01063580
-2.250	-0.250	0.000	0.01947372
-2.150	-0.250	0.000	0.02582092
-2.050	-0.250	0.000	0.03435697
-1.950	-0.250	0.000	0.04108689
-1.850	-0.250	0.000	0.04823434
-1.750	-0.250	0.000	0.05614731
-1.650	-0.250	0.000	0.06500248
-1.550	-0.250	0.000	0.07470394
-1.450	-0.250	0.000	0.08589149
-1.350	-0.250	0.000	0.09752934
-1.250	-0.250	0.000	0.10681097
-1.150	-0.250	0.000	0.11275362
-1.050	-0.250	0.000	0.11564403
-0.950	-0.250	0.000	0.11631758
-0.850	-0.250	0.000	0.11702181
-0.750	-0.250	0.000	0.11544467
-0.650	-0.250	0.000	0.11234013
-0.550	-0.250	0.000	0.10823606
-0.450	-0.250	0.000	0.10222122
-0.350	-0.250	0.000	0.09704781
-0.250	-0.250	0.000	0.09034819
-0.150	-0.250	0.000	0.08448027
-0.050	-0.250	0.000	0.07828225
0.050	-0.250	0.000	0.07340463
0.150	-0.250	0.000	0.06723361
0.250	-0.250	0.000	0.06253899
0.350	-0.250	0.000	0.05666922
0.450	-0.250	0.000	0.05239604
0.550	-0.250	0.000	0.04741060
0.650	-0.250	0.000	0.04460528
0.750	-0.250	0.000	0.04063093
0.850	-0.250	0.000	0.04011052
0.950	-0.250	0.000	0.03704195
1.050	-0.250	0.000	0.03589169
1.150	-0.250	0.000	0.03243076
1.250	-0.250	0.000	0.02845948
1.350	-0.250	0.000	0.02324360
1.450	-0.250	0.000	0.01815308
1.550	-0.250	0.000	0.01248681
1.650	-0.250	0.000	0.00702201
1.750	-0.250	0.000	0.00322640
1.850	-0.250	0.000	-0.00160875
1.950	-0.250	0.000	-0.00473018
2.050	-0.250	0.000	-0.00574491
2.150	-0.250	0.000	-0.01021218
2.250	-0.250	0.000	-0.00933888
2.350	-0.250	0.000	-0.01171261
2.450	-0.250	0.000	-0.01049653
-2.450	-0.150	0.000	-0.00416489
-2.350	-0.150	0.000	0.00145412
-2.250	-0.150	0.000	0.00863920
-2.150	-0.150	0.000	0.01239217
-2.050	-0.150	0.000	0.01854479
-1.950	-0.150	0.000	0.02321401
-1.850	-0.150	0.000	0.02771567
-1.750	-0.150	0.000	0.03319979
-1.650	-0.150	0.000	0.04084194
-1.550	-0.150	0.000	0.05137522
-1.450	-0.150	0.000	0.06524616
-1.350	-0.150	0.000	0.08065248
-1.250	-0.150	0.000	0.09572291
-1.150	-0.150	0.000	0.10897913
-1.050	-0.150	0.000	0.11898212
-0.950	-0.150	0.000	0.12475903
-0.850	-0.150	0.000	0.12774497
-0.750	-0.150	0.000	0.12673533
-0.650	-0.150	0.000	0.12441251
-0.550	-0.150	0.000	0.12188842
-0.450	-0.150	0.000	0.11736742
-0.350	-0.150	0.000	0.11307885
-0.250	-0.150	0.000	0.10655343
-0.150	-0.150	0.000	0.10105679
-0.050	-0.150	0.000	0.09465066
0.050	-0.150	0.000	0.08999929
0.150	-0.150	0.000	0.08411676
0.250	-0.150	0.000	0.07976298
0.350	-0.150	0.000	0.07469065
0.450	-0.150	0.000	0.07086078
0.550	-0.150	0.000	0.06645119
0.650	-0.150	0.000	0.06350298
0.750	-0.150	0.000	0.05971308
0.850	-0.150	0.000	0.05776806
0.950	-0.150	0.000	0.05390005
1.050	-0.150	0.000	0.05107949
1.150	-0.150	0.000	0.04661918
1.250	-0.150	0.000	0.04119994
1.350	-0.150	0.000	0.03484667
1.450	-0.150	0.000	0.02645904
1.550	-0.150	0.000	0.01968509
1.650	-0.150	0.000	0.01102331
1.750	-0.150	0.000	0.00385002
1.850	-0.150	0.000	-0.00517027
1.950	-0.150	0.000	-0.01065864
2.050	-0.150	0.000	-0.01617816
2.150	-0.150	0.000	-0.02177423
2.250	-0.150	0.000	-0.02383654
2.350	-0.150	0.000	-0.02674566
2.450	-0.150	0.000	-0.02944504
-2.450	-0.050	0.000	-0.01391899
-2.350	-0.050	0.000	-0.01031743
-2.250	-0.050	0.000	-0.00526732
-2.150	-0.050	0.000	-0.00364336
-2.050	-0.050	0.000	-0.00153640
-1.950	-0.050	0.000	-0.00001328
-1.850	-0.050	0.000	0.00193860
-1.750	-0.050	0.000	0.00578795
-1.650	-0.050	0.000	0.01228530
-1.550	-0.050	0.000	0.02165596
-1.450	-0.050	0.000	0.03431726
-1.350	-0.050	0.000	0.05093938
-1.250	-0.050	0.000	0.07029946
-1.150	-0.050	0.000	0.09056115
-1.050	-0.050	0.000	0.10717439
-0.950	-0.050	0.000	0.11946202
-0.850	-0.050	0.000	0.12763929
-0.750	-0.050	0.000	0.13308330
-0.650	-0.050	0.000	0.13425924
-0.550	-0.050	0.000	0.13273801
-0.450	-0.050	0.000	0.12853733
-0.350	-0.050	0.000	0.12476081
-0.250	-0.050	0.000	0.11932933
-0.150	-0.050	0.000	0.11572799
-0.050	-0.050	0.000	0.11032131
0.050	-0.050	0.000	0.10662387
0.150	-0.050	0.000	0.10193355
0.250	-0.050	0.000	0.09792543
0.350	-0.050	0.000	0.09335597
0.450	-0.050	0.000	0.08978496
0.550	-0.050	0.000	0.08584619
0.650	-0.050	0.000	0.08245859
0.750	-0.050	0.000	0.07894111
0.850	-0.050	0.000	0.07506581
0.950	-0.050	0.000	0.07141268
1.050	-0.050	0.000	0.06578093
1.150	-0.050	0.000	0.05924533
1.250	-0.050	0.000	0.05072232
1.350	-0.050	0.000	0.04178155
1.450	-0.050	0.000	0.03191562
1.550	-0.050	0.000	0.02215570
1.650	-0.050	0.000	0.01112061
1.750	-0.050	0.000	0.00123844
1.850	-0.050	0.000	-0.01067546
1.950	-0.050	0.000	-0.01871898
2.050	-0.050	0.000	-0.02785980
2.150	-0.050	0.000	-0.03508405
2.250	-0.050	0.000	-0.04202478
2.350	-0.050	0.000	-0.04510583
2.450	-0.050	0.000	-0.05322830
-2.450	0.050	0.000	-0.01939853
-2.350	0.050	0.000	-0.01988699
-2.250	0.050	0.000	-0.01965279
-2.150	0.050	0.000	-0.02154417
-2.050	0.050	0.000	-0.02449888
-1.950	0.050	0.000	-0.02595937
-1.850	0.050	0.000	-0.02593514
-1.750	0.050	0.000	-0.02335786
-1.650	0.050	0.000	-0.01765379
-1.550	0.050	0.000	-0.00943460
-1.450	0.050	0.000	0.00191274
-1.350	0.050	0.000	0.01742440
-1.250	0.050	0.000	0.03692407
-1.150	0.050	0.000	0.05952711
-1.050	0.050	0.000	0.08157714
-0.950	0.050	0.000	0.10279902
-0.850	0.050	0.000	0.11592401
-0.750	0.050	0.000	0.12775083
-0.650	0.050	0.000	0.13276780
-0.550	0.050	0.000	0.13584794
-0.450	0.050	0.000	0.13564748
-0.350	0.050	0.000	0.13378495
-0.250	0.050	0.000	0.12987733
-0.150	0.050	0.000	0.12580737
-0.050	0.050	0.000	0.12080441
0.050	0.050	0.000	0.11704072
0.150	0.050	0.000	0.11305247
0.250	0.050	0.000	0.11006194
0.350	0.050	0.000	0.10711362
0.450	0.050	0.000	0.10438603
0.550	0.050	0.000	0.10124026
0.650	0.050	0.000	0.09746354
0.750	0.050	0.000	0.09368856
0.850	0.050	0.000	0.08772055
0.950	0.050	0.000	0.08229582
1.050	0.050	0.000	0.07367953
1.150	0.050	0.000	0.06498630
1.250	0.050	0.000	0.05557802
1.350	0.050	0.000	0.04545356
1.450	0.050	0.000	0.03394008
1.550	0.050	0.000	0.02253439
1.650	0.050	0.000	0.00899254
1.750	0.050	0.000	-0.00264600
1.850	0.050	0.000	-0.01809301
1.950	0.050	0.000	-0.02784959
2.050	0.050	0.000	-0.04190651
2.150	0.050	0.000	-0.04877649
2.250	0.050	0.000	-0.05985701
2.350	0.050	0.000	-0.06232075
2.450	0.050	0.000	-0.07487570
-2.450	0.150	0.000	-0.02692642
-2.350	0.150	0.000	-0.03008179
-2.250	0.150	0.000	-0.03528911
-2.150	0.150	0.000	-0.04051344
-2.050	0.150	0.000	-0.04749827
-1.950	0.150	0.000	-0.05119492
-1.850	0.150	0.000	-0.05232048
-1.750	0.150	0.000	-0.04992086
-1.650	0.150	0.000	-0.04551800
-1.550	0.150	0.000	-0.03860774
-1.450	0.150	0.000	-0.03008342
-1.350	0.150	0.000	-0.01750831
-1.250	0.150	0.000	-0.00094424
-1.150	0.150	0.000	0.02088338
-1.050	0.150	0.000	0.04545172
-0.950	0.150	0.000	0.07298221
-0.850	0.150	0.000	0.09148577
-0.750	0.150	0.000	0.11037906
-0.650	0.150	0.000	0.12130744
-0.550	0.150	0.000	0.12949717
-0.450	0.150	0.000	0.13275480
-0.350	0.150	0.000	0.13316749
-0.250	0.150	0.000	0.13198461
-0.150	0.150	0.000	0.13017398
-0.050	0.150	0.000	0.12787001
0.050	0.150	0.000	0.12521501
0.150	0.150	0.000	0.12297194
0.250	0.150	0.000	0.11986808
0.350	0.150	0.000	0.11694013
0.450	0.150	0.000	0.11392003
0.550	0.150	0.000	0.11107991
0.650	0.150	0.000	0.10639315
0.750	0.150	0.000	0.10305542
0.850	0.150	0.000	0.09499797
0.950	0.150	0.000	0.09013844
1.050	0.150	0.000	0.07981906
1.150	0.150	0.000	0.07022630
1.250	0.150	0.000	0.05799239
1.350	0.150	0.000	0.04726263
1.450	0.150	0.000	0.03394261
1.550	0.150	0.000	0.02134845
1.650	0.150	0.000	0.00597112
1.750	0.150	0.000	-0.00864479
1.850	0.150	0.000	-0.02598811
1.950	0.150	0.000	-0.03787244
2.050	0.150	0.000	-0.05443206
2.150	0.150	0.000	-0.06189853
2.250	0.150	0.000	-0.07703795
2.350	0.150	0.000	-0.07938362
2.450	0.150	0.000	-0.09652747
-2.450	0.250	0.000	-0.02860986
-2.350	0.250	0.000	-0.03707369
-2.250	0.250	0.000	-0.04829197
-2.150	0.250	0.000	-0.05816064
-2.050	0.250	0.000	-0.06906578
-1.950	0.250	0.000	-0.07540164
-1.850	0.250	0.000	-0.07805936
-1.750	0.250	0.000	-0.07683689
-1.650	0.250	0.000	-0.07276249
-1.550	0.250	0.000	-0.06705980
-1.450	0.250	0.000	-0.05975866
-1.350	0.250	0.000	-0.04957147
-1.250	0.250	0.000	-0.03623841
-1.150	0.250	0.000	-0.01759990
-1.050	0.250	0.000	0.00486857
-0.950	0.250	0.000	0.03229927
-0.850	0.250	0.000	0.05574601
-0.750	0.250	0.000	0.08086655
-0.650	0.250	0.000	0.09774344
-0.550	0.250	0.000	0.11147492
-0.450	0.250	0.000	0.11942788
-0.350	0.250	0.000	0.12403013
-0.250	0.250	0.000	0.12642218
-0.150	0.250	0.000	0.12694563
-0.050	0.250	0.000	0.12666415
0.050	0.250	0.000	0.12506925
0.150	0.250	0.000	0.12429104
0.250	0.250	0.000	0.12208311
0.350	0.250	0.000	0.12074232
0.450	0.250	0.000	0.11832482
0.550	0.250	0.000	0.11624234
0.650	0.250	0.000	0.11106943
0.750	0.250	0.000	0.10811289
0.850	0.250	0.000	0.09771775
0.950	0.250	0.000	0.09271508
1.050	0.250	0.000	0.08062971
1.150	0.250	0.000	0.07084315
1.250	0.250	0.000	0.05862582
1.350	0.250	0.000	0.04640566
1.450	0.250	0.000	0.03328749
1.550	0.250	0.000	0.01927777
1.650	0.250	0.000	0.00363106
1.750	0.250	0.000	-0.01196663
1.850	0.250	0.000	-0.03076239
1.950	0.250	0.000	-0.04396055
2.050	0.250	0.000	-0.06347008
2.150	0.250	0.000	-0.07197584
2.250	0.250	0.000	-0.09046855
2.350	0.250	0.000	-0.09361982
2.450	0.250	0.000	-0.11409336
-2.450	0.350	0.000	-0.02679242
-2.350	0.350	0.000	-0.04031853
-2.250	0.350	0.000	-0.05751292
-2.150	0.350	0.000	-0.07086547
-2.050	0.350	0.000	-0.08632991
-1.950	0.350	0.000	-0.09635055
-1.850	0.350	0.000	-0.10287350
-1.750	0.350	0.000	-0.10474371
-1.650	0.350	0.000	-0.10390697
-1.550	0.350	0.000	-0.10044554
-1.450	0.350	0.000	-0.09408684
-1.350	0.350	0.000	-0.08528402
-1.250	0.350	0.000	-0.07275017
-1.150	0.350	0.000	-0.05582028
-1.050	0.350	0.000	-0.03540239
-0.950	0.350	0.000	-0.01028991
-0.850	0.350	0.000	0.01517680
-0.750	0.350	0.000	0.04170297
-0.650	0.350	0.000	0.06394272
-0.550	0.350	0.000	0.08282966
-0.450	0.350	0.000	0.09658355
-0.350	0.350	0.000	0.10584245
-0.250	0.350	0.000	0.11210849
-0.150	0.350	0.000	0.11549041
-0.050	0.350	0.000	0.11763109
0.050	0.350	0.000	0.11754628
0.150	0.350	0.000	0.11863536
0.250	0.350	0.000	0.11737167
0.350	0.350	0.000	0.11716902
0.450	0.350	0.000	0.11515059
0.550	0.350	0.000	0.11348172
0.650	0.350	0.000	0.10858131
0.750	0.350	0.000	0.10551653
0.850	0.350	0.000	0.09562753
0.950	0.350	0.000	0.08968761
1.050	0.350	0.000	0.07822898
1.150	0.350	0.000	0.06829482
1.250	0.350	0.000	0.05646099
1.350	0.350	0.000	0.04569653
1.450	0.350	0.000	0.03189785
1.550	0.350	0.000	0.01788492
1.650	0.350	0.000	0.00085634
1.750	0.350	0.000	-0.01671900
1.850	0.350	0.000	-0.03629095
1.950	0.350	0.000	-0.05121300
2.050	0.350	0.000	-0.07113887
2.150	0.350	0.000	-0.08160295
2.250	0.350	0.000	-0.10071777
2.350	0.350	0.000	-0.10559781
2.450	0.350	0.000	-0.12623149
-2.450	0.450	0.000	-0.02411430
-2.350	0.450	0.000	-0.04086355
-2.250	0.450	0.000	-0.06154587
-2.150	0.450	0.000	-0.07760546
-2.050	0.450	0.000	-0.09673359
-1.950	0.450	0.000	-0.11105928
-1.850	0.450	0.000	-0.12312214
-1.750	0.450	0.000	-0.13158141
-1.650	0.450	0.000	-0.13731626
-1.550	0.450	0.000	-0.13745205
-1.450	0.450	0.000	-0.13280047
-1.350	0.450	0.000	-0.12378294
-1.250	0.450	0.000	-0.11025532
-1.150	0.450	0.000	-0.09346154
-1.050	0.450	0.000	-0.07326011
-0.950	0.450	0.000	-0.05018226
-0.850	0.450	0.000	-0.02545056
-0.750	0.450	0.000	0.00023669
-0.650	0.450	0.000	0.02539251
-0.550	0.450	0.000	0.04715210
-0.450	0.450	0.000	0.06579284
-0.350	0.450	0.000	0.07954133
-0.250	0.450	0.000	0.09042585
-0.150	0.450	0.000	0.09762902
-0.050	0.450	0.000	0.10359656
0.050	0.450	0.000	0.10577972
0.150	0.450	0.000	0.10906528
0.250	0.450	0.000	0.10870874
0.350	0.450	0.000	0.10948140
0.450	0.450	0.000	0.10794045
0.550	0.450	0.000	0.10651892
0.650	0.450	0.000	0.10248695
0.750	0.450	0.000	0.09897548
0.850	0.450	0.000	0.09144854
0.950	0.450	0.000	0.08477538
1.050	0.450	0.000	0.07516328
1.150	0.450	0.000	0.06596410
1.250	0.450	0.000	0.05485525
1.350	0.450	0.000	0.04380879
1.450	0.450	0.000	0.03135227
1.550	0.450	0.000	0.01662668
1.650	0.450	0.000	0.00078784
1.750	0.450	0.000	-0.01702357
1.850	0.450	0.000	-0.03567875
1.950	0.450	0.000	-0.05116387
2.050	0.450	0.000	-0.07004451
2.150	0.450	0.000	-0.08139308
2.250	0.450	0.000	-0.09988077
2.350	0.450	0.000	-0.10672327
2.450	0.450	0.000	-0.12587290
-2.450	0.550	0.000	-0.01364540
-2.350	0.550	0.000	-0.03534021
-2.250	0.550	0.000	-0.05723132
-2.150	0.550	0.000	-0.07711393
-2.050	0.550	0.000	-0.09994927
-1.950	0.550	0.000	-0.11748177
-1.850	0.550	0.000	-0.13602829
-1.750	0.550	0.000	-0.15165278
-1.650	0.550	0.000	-0.16592564
-1.550	0.550	0.000	-0.17256442
-1.450	0.550	0.000	-0.17126024
-1.350	0.550	0.000	-0.16219360
-1.250	0.550	0.000	-0.14710106
-1.150	0.550	0.000	-0.12881802
-1.050	0.550	0.000	-0.10802112
-0.950	0.550	0.000	-0.08552799
-0.850	0.550	0.000	-0.06205876
-0.750	0.550	0.000	-0.03744553
-0.650	0.550	0.000	-0.01259345
-0.550	0.550	0.000	0.01046166
-0.450	0.550	0.000	0.03219513
-0.350	0.550	0.000	0.04934281
-0.250	0.550	0.000	0.06466415
-0.150	0.550	0.000	0.07484146
-0.050	0.550	0.000	0.08395460
0.050	0.550	0.000	0.08861242
0.150	0.550	0.000	0.09309781
0.250	0.550	0.000	0.09425354
0.350	0.550	0.000	0.09589262
0.450	0.550	0.000	0.09524959
0.550	0.550	0.000	0.09403744
0.650	0.550	0.000	0.09160912
0.750	0.550	0.000	0.08746088
0.850	0.550	0.000	0.08319842
0.950	0.550	0.000	0.07604691
1.050	0.550	0.000	0.06870870
1.150	0.550	0.000	0.06079182
1.250	0.550	0.000	0.05172415
1.350	0.550	0.000	0.04141539
1.450	0.550	0.000	0.03030492
1.550	0.550	0.000	0.01743073
1.650	0.550	0.000	0.00421470
1.750	0.550	0.000	-0.01074392
1.850	0.550	0.000	-0.02593219
1.950	0.550	0.000	-0.04035982
2.050	0.550	0.000	-0.05637043
2.150	0.550	0.000	-0.06778476
2.250	0.550	0.000	-0.08433101
2.350	0.550	0.000	-0.09139429
2.450	0.550	0.000	-0.10910428
-2.450	0.650	0.000	-0.00992502
-2.350	0.650	0.000	-0.02906147
-2.250	0.650	0.000	-0.04968760
-2.150	0.650	0.000	-0.06853687
-2.050	0.650	0.000	-0.09390248
-1.950	0.650	0.000	-0.11394878
-1.850	0.650	0.000	-0.13942985
-1.750	0.650	0.000	-0.16132584
-1.650	0.650	0.000	-0.18248035
-1.550	0.650	0.000	-0.19497377
-1.450	0.650	0.000	-0.19741729
-1.350	0.650	0.000	-0.19103076
-1.250	0.650	0.000	-0.17639004
-1.150	0.650	0.000	-0.15842086
-1.050	0.650	0.000	-0.13727240
-0.950	0.650	0.000	-0.11585774
-0.850	0.650	0.000	-0.09221508
-0.750	0.650	0.000	-0.07012790
-0.650	0.650	0.000	-0.04580604
-0.550	0.650	0.000	-0.02347484
-0.450	0.650	0.000	-0.00076881
-0.350	0.650	0.000	0.01837044
-0.250	0.650	0.000	0.03650077
-0.150	0.650	0.000	0.04959534
-0.050	0.650	0.000	0.06137727
0.050	0.650	0.000	0.06870177
0.150	0.650	0.000	0.07464044
0.250	0.650	0.000	0.07750211
0.350	0.650	0.000	0.07976260
0.450	0.650	0.000	0.08006836
0.550	0.650	0.000	0.07934082
0.650	0.650	0.000	0.07811466
0.750	0.650	0.000	0.07454108
0.850	0.650	0.000	0.07223385
0.950	0.650	0.000	0.06631905
1.050	0.650	0.000	0.06112779
1.150	0.650	0.000	0.05472758
1.250	0.650	0.000	0.04737822
1.350	0.650	0.000	0.03936826
1.450	0.650	0.000	0.03003514
1.550	0.650	0.000	0.01951711
1.650	0.650	0.000	0.00835570
1.750	0.650	0.000	-0.00390486
1.850	0.650	0.000	-0.01604399
1.950	0.650	0.000	-0.02918348
2.050	0.650	0.000	-0.04175589
2.150	0.650	0.000	-0.05289536
2.250	0.650	0.000	-0.06709739
2.350	0.650	0.000	-0.07436370
2.450	0.650	0.000	-0.08946150
-2.450	0.750	0.000	0.00519118
-2.350	0.750	0.000	-0.01814098
-2.250	0.750	0.000	-0.03559113
-2.150	0.750	0.000	-0.05888405
-2.050	0.750	0.000	-0.08160877
-1.950	0.750	0.000	-0.10298334
-1.850	0.750	0.000	-0.12781408
-1.750	0.750	0.000	-0.15410370
-1.650	0.750	0.000	-0.17967267
-1.550	0.750	0.000	-0.19712821
-1.450	0.750	0.000	-0.20833138
-1.350	0.750	0.000	-0.20476130
-1.250	0.750	0.000	-0.19313970
-1.150	0.750	0.000	-0.17713538
-1.050	0.750	0.000	-0.15903850
-0.950	0.750	0.000	-0.13863605
-0.850	0.750	0.000	-0.11740620
-0.750	0.750	0.000	-0.09616183
-0.650	0.750	0.000	-0.07416622
-0.550	0.750	0.000	-0.05260002
-0.450	0.750	0.000	-0.03106963
-0.350	0.750	0.000	-0.01108568
-0.250	0.750	0.000	0.00760538
-0.150	0.750	0.000	0.02280500
-0.050	0.750	0.000	0.03607837
0.050	0.750	0.000	0.04503764
0.150	0.750	0.000	0.05207738
0.250	0.750	0.000	0.05639171
0.350	0.750	0.000	0.05921069
0.450	0.750	0.000	0.06046880
0.550	0.750	0.000	0.06028898
0.650	0.750	0.000	0.06007778
0.750	0.750	0.000	0.05740415
0.850	0.750	0.000	0.05671287
0.950	0.750	0.000	0.05233907
1.050	0.750	0.000	0.04976949
1.150	0.750	0.000	0.04509022
1.250	0.750	0.000	0.04116485
1.350	0.750	0.000	0.03527664
1.450	0.750	0.000	0.02993248
1.550	0.750	0.000	0.02379349
1.650	0.750	0.000	0.01888731
1.750	0.750	0.000	0.01177957
1.850	0.750	0.000	0.00575960
1.950	0.750	0.000	-0.00543323
2.050	0.750	0.000	-0.01328022
2.150	0.750	0.000	-0.02280034
2.250	0.750	0.000	-0.03454929
2.350	0.750	0.000	-0.04118054
2.450	0.750	0.000	-0.05365853
-2.450	0.850	0.000	0.01226398
-2.350	0.850	0.000	-0.00975728
-2.250	0.850	0.000	-0.02416936
-2.150	0.850	0.000	-0.04534203
-2.050	0.850	0.000	-0.06651652
-1.950	0.850	0.000	-0.08960965
-1.850	0.850	0.000	-0.11559103
-1.750	0.850	0.000	-0.14378670
-1.650	0.850	0.000	-0.16817592
-1.550	0.850	0.000	-0.18575063
-1.450	0.850	0.000	-0.19424477
-1.350	0.850	0.000	-0.19856495
-1.250	0.850	0.000	-0.19761394
-1.150	0.850	0.000	-0.18530817
-1.050	0.850	0.000	-0.16993834
-0.950	0.850	0.000	-0.15368980
-0.850	0.850	0.000	-0.13550173
-0.750	0.850	0.000	-0.11656691
-0.650	0.850	0.000	-0.09731483
-0.550	0.850	0.000	-0.07755102
-0.450	0.850	0.000	-0.05812064
-0.350	0.850	0.000	-0.03882661
-0.250	0.850	0.000	-0.02118515
-0.150	0.850	0.000	-0.00489293
-0.050	0.850	0.000	0.00782943
0.050	0.850	0.000	0.01966204
0.150	0.850	0.000	0.02606477
0.250	0.850	0.000	0.03236267
0.350	0.850	0.000	0.03535973
0.450	0.850	0.000	0.03758742
0.550	0.850	0.000	0.03794034
0.650	0.850	0.000	0.03862950
0.750	0.850	0.000	0.03718567
0.850	0.850	0.000	0.03777659
0.950	0.850	0.000	0.03557210
1.050	0.850	0.000	0.03556249
1.150	0.850	0.000	0.03404973
1.250	0.850	0.000	0.03326897
1.350	0.850	0.000	0.03098410
1.450	0.850	0.000	0.03032615
1.550	0.850	0.000	0.02911510
1.650	0.850	0.000	0.02861628
1.750	0.850	0.000	0.02746998
1.850	0.850	0.000	0.02745475
1.950	0.850	0.000	0.01986900
2.050	0.850	0.000	0.01516975
2.150	0.850	0.000	0.00780487
2.250	0.850	0.000	-0.00135484
2.350	0.850	0.000	-0.00702008
2.450	0.850	0.000	-0.01669710
-2.450	0.950	0.000	0.02232039
-2.350	0.950	0.000	-0.00143145
-2.250	0.950	0.000	-0.01019131
-2.150	0.950	0.000	-0.03343106
-2.050	0.950	0.000	-0.04828721
-1.950	0.950	0.000	-0.07171091
-1.850	0.950	0.000	-0.09448501
-1.750	0.950	0.000	-0.12113426
-1.650	0.950	0.000	-0.14455514
-1.550	0.950	0.000	-0.16325107
-1.450	0.950	0.000	-0.17785212
-1.350	0.950	0.000	-0.18410164
-1.250	0.950	0.000	-0.18391220
-1.150	0.950	0.000	-0.18114480
-1.050	0.950	0.000	-0.17229028
-0.950	0.950	0.000	-0.16079023
-0.850	0.950	0.000	-0.14619124
-0.750	0.950	0.000	-0.13108465
-0.650	0.950	0.000	-0.11496829
-0.550	0.950	0.000	-0.09828968
-0.450	0.950	0.000	-0.08132873
-0.350	0.950	0.000	-0.06424195
-0.250	0.950	0.000	-0.04821921
-0.150	0.950	0.000	-0.03289383
-0.050	0.950	0.000	-0.02065332
0.050	0.950	0.000	-0.00865006
0.150	0.950	0.000	-0.00171920
0.250	0.950	0.000	0.00519721
0.350	0.950	0.000	0.00877684
0.450	0.950	0.000	0.01192807
0.550	0.950	0.000	0.01287245
0.650	0.950	0.000	0.01443663
0.750	0.950	0.000	0.01416324
0.850	0.950	0.000	0.01565906
0.950	0.950	0.000	0.01607084
1.050	0.950	0.000	0.01826459
1.150	0.950	0.000	0.01980717
1.250	0.950	0.000	0.02288792
1.350	0.950	0.000	0.02572781
1.450	0.950	0.000	0.02957954
1.550	0.950	0.000	0.03433999
1.650	0.950	0.000	0.04066623
1.750	0.950	0.000	0.04480848
1.850	0.950	0.000	0.04923724
1.950	0.950	0.000	0.04603596
2.050	0.950	0.000	0.04731070
2.150	0.950	0.000	0.04242015
2.250	0.950	0.000	0.03643141
2.350	0.950	0.000	0.03269524
2.450	0.950	0.000	0.02544725
-2.450	1.050	0.000	0.02317950
-2.350	1.050	0.000	0.00587421
-2.250	1.050	0.000	-0.00332340
-2.150	1.050	0.000	-0.02105624
-2.050	1.050	0.000	-0.03379172
-1.950	1.050	0.000	-0.05420860
-1.850	1.050	0.000	-0.07517204
-1.750	1.050	0.000	-0.09747695
-1.650	1.050	0.000	-0.11726937
-1.550	1.050	0.000	-0.13516262
-1.450	1.050	0.000	-0.14880930
-1.350	1.050	0.000	-0.15947786
-1.250	1.050	0.000	-0.16570763
-1.150	1.050	0.000	-0.16746099
-1.050	1.050	0.000	-0.16394389
-0.950	1.050	0.000	-0.15885025
-0.850	1.050	0.000	-0.15041038
-0.750	1.050	0.000	-0.13882875
-0.650	1.050	0.000	-0.12688646
-0.550	1.050	0.000	-0.11373809
-0.450	1.050	0.000	-0.10005285
-0.350	1.050	0.000	-0.08581461
-0.250	1.050	0.000	-0.07213800
-0.150	1.050	0.000	-0.05880706
-0.050	1.050	0.000	-0.04677962
0.050	1.050	0.000	-0.03702309
0.150	1.050	0.000	-0.02761343
0.250	1.050	0.000	-0.02193800
0.350	1.050	0.000	-0.01716756
0.450	1.050	0.000	-0.01357368
0.550	1.050	0.000	-0.01217539
0.650	1.050	0.000	-0.00979544
0.750	1.050	0.000	-0.00924313
0.850	1.050	0.000	-0.00708413
0.950	1.050	0.000	-0.00429312
1.050	1.050	0.000	-0.00011958
1.150	1.050	0.000	0.00484551
1.250	1.050	0.000	0.01167750
1.350	1.050	0.000	0.01825128
1.450	1.050	0.000	0.02653835
1.550	1.050	0.000	0.03629471
1.650	1.050	0.000	0.04723815
1.750	1.050	0.000	0.05936363
1.850	1.050	0.000	0.06963236
1.950	1.050	0.000	0.07276632
2.050	1.050	0.000	0.07534292
2.150	1.050	0.000	0.07424789
2.250	1.050	0.000	0.07066783
2.350	1.050	0.000	0.06884278
2.450	1.050	0.000	0.06409445
-2.450	1.150	0.000	0.01796654
-2.350	1.150	0.000	0.00697933
-2.250	1.150	0.000	0.00157545
-2.150	1.150	0.000	-0.01247672
-2.050	1.150	0.000	-0.02191074
-1.950	1.150	0.000	-0.03882153
-1.850	1.150	0.000	-0.05398342
-1.750	1.150	0.000	-0.07295123
-1.650	1.150	0.000	-0.08873238
-1.550	1.150	0.000	-0.10696769
-1.450	1.150	0.000	-0.11955486
-1.350	1.150	0.000	-0.13268626
-1.250	1.150	0.000	-0.14086591
-1.150	1.150	0.000	-0.14694475
-1.050	1.150	0.000	-0.15060036
-0.950	1.150	0.000	-0.14879186
-0.850	1.150	0.000	-0.14668702
-0.750	1.150	0.000	-0.14107414
-0.650	1.150	0.000	-0.13235754
-0.550	1.150	0.000	-0.12322262
-0.450	1.150	0.000	-0.11311347
-0.350	1.150	0.000	-0.10213352
-0.250	1.150	0.000	-0.09097797
-0.150	1.150	0.000	-0.08005941
-0.050	1.150	0.000	-0.06938250
0.050	1.150	0.000	-0.06041765
0.150	1.150	0.000	-0.05151404
0.250	1.150	0.000	-0.04544142
0.350	1.150	0.000	-0.04028913
0.450	1.150	0.000	-0.03614295
0.550	1.150	0.000	-0.03426699
0.650	1.150	0.000	-0.03098772
0.750	1.150	0.000	-0.03050376
0.850	1.150	0.000	-0.02649743
0.950	1.150	0.000	-0.02357426
1.050	1.150	0.000	-0.01750121
1.150	1.150	0.000	-0.01029127
1.250	1.150	0.000	-0.00013578
1.350	1.150	0.000	0.00942630
1.450	1.150	0.000	0.02166518
1.550	1.150	0.000	0.03540690
1.650	1.150	0.000	0.05094072
1.750	1.150	0.000	0.06543017
1.850	1.150	0.000	0.07927366
1.950	1.150	0.000	0.09069268
2.050	1.150	0.000	0.09895129
2.150	1.150	0.000	0.10390039
2.250	1.150	0.000	0.10442150
2.350	1.150	0.000	0.10513252
2.450	1.150	0.000	0.10327293
-2.450	1.250	0.000	0.01235280
-2.350	1.250	0.000	0.00623640
-2.250	1.250	0.000	0.00235703
-2.150	1.250	0.000	-0.00653025
-2.050	1.250	0.000	-0.01452814
-1.950	1.250	0.000	-0.02533646
-1.850	1.250	0.000	-0.03813282
-1.750	1.250	0.000	-0.05043453
-1.650	1.250	0.000	-0.06360088
-1.550	1.250	0.000	-0.07752887
-1.450	1.250	0.000	-0.09138929
-1.350	1.250	0.000	-0.10417844
-1.250	1.250	0.000	-0.11586758
-1.150	1.250	0.000	-0.12511100
-1.050	1.250	0.000	-0.13165440
-0.950	1.250	0.000	-0.13650107
-0.850	1.250	0.000	-0.13672689
-0.750	1.250	0.000	-0.13638720
-0.650	1.250	0.000	-0.13310835
-0.550	1.250	0.000	-0.12675175
-0.450	1.250	0.000	-0.11985823
-0.350	1.250	0.000	-0.11214253
-0.250	1.250	0.000	-0.10368881
-0.150	1.250	0.000	-0.09489084
-0.050	1.250	0.000	-0.08628585
0.050	1.250	0.000	-0.07746531
0.150	1.250	0.000	-0.07057219
0.250	1.250	0.000	-0.06275144
0.350	1.250	0.000	-0.05828156
0.450	1.250	0.000	-0.05381050
0.550	1.250	0.000	-0.05129554
0.650	1.250	0.000	-0.04852494
0.750	1.250	0.000	-0.04767707
0.850	1.250	0.000	-0.04277005
0.950	1.250	0.000	-0.04112438
1.050	1.250	0.000	-0.03290088
1.150	1.250	0.000	-0.02424988
1.250	1.250	0.000	-0.01266918
1.350	1.250	0.000	0.00105784
1.450	1.250	0.000	0.01475693
1.550	1.250	0.000	0.03077168
1.650	1.250	0.000	0.04766680
1.750	1.250	0.000	0.06735352
1.850	1.250	0.000	0.08695620
1.950	1.250	0.000	0.10323702
2.050	1.250	0.000	0.11067352
2.150	1.250	0.000	0.12190337
2.250	1.250	0.000	0.12546973
2.350	1.250	0.000	0.13070023
2.450	1.250	0.000	0.13252844
-2.450	1.350	0.000	0.00164440
-2.350	1.350	0.000	0.00205649
-2.250	1.350	0.000	-0.00072783
-2.150	1.350	0.000	-0.00479939
-2.050	1.350	0.000	-0.01016484
-1.950	1.350	0.000	-0.01775291
-1.850	1.350	0.000	-0.02368022
-1.750	1.350	0.000	-0.03193927
-1.650	1.350	0.000	-0.04228219
-1.550	1.350	0.000	-0.05400676
-1.450	1.350	0.000	-0.06514169
-1.350	1.350	0.000	-0.07903742
-1.250	1.350	0.000	-0.09051780
-1.150	1.350	0.000	-0.10242897
-1.050	1.350	0.000	-0.11195621
-0.950	1.350	0.000	-0.11952169
-0.850	1.350	0.000	-0.12470330
-0.750	1.350	0.000	-0.12673239
-0.650	1.350	0.000	-0.12737384
-0.550	1.350	0.000	-0.12551202
-0.450	1.350	0.000	-0.12121034
-0.350	1.350	0.000	-0.11581122
-0.250	1.350	0.000	-0.10982888
-0.150	1.350	0.000	-0.10303070
-0.050	1.350	0.000	-0.09606950
0.050	1.350	0.000	-0.08849598
0.150	1.350	0.000	-0.08196250
0.250	1.350	0.000	-0.07453493
0.350	1.350	0.000	-0.06990024
0.450	1.350	0.000	-0.06511987
0.550	1.350	0.000	-0.06202194
0.650	1.350	0.000	-0.05975297
0.750	1.350	0.000	-0.05797265
0.850	1.350	0.000	-0.05475109
0.950	1.350	0.000	-0.05236348
1.050	1.350	0.000	-0.04464792
1.150	1.350	0.000	-0.03618221
1.250	1.350	0.000	-0.02387441
1.350	1.350	0.000	-0.00958783
1.450	1.350	0.000	0.00621581
1.550	1.350	0.000	0.02354348
1.650	1.350	0.000	0.04212147
1.750	1.350	0.000	0.06311181
1.850	1.350	0.000	0.08282477
1.950	1.350	0.000	0.10428037
2.050	1.350	0.000	0.11827609
2.150	1.350	0.000	0.13368730
2.250	1.350	0.000	0.14241852
2.350	1.350	0.000	0.15039013
2.450	1.350	0.000	0.15552896
-2.450	1.450	0.000	-0.00567756
-2.350	1.450	0.000	-0.00071004
-2.250	1.450	0.000	-0.00288196
-2.150	1.450	0.000	-0.00304258
-2.050	1.450	0.000	-0.00901340
-1.950	1.450	0.000	-0.01224351
-1.850	1.450	0.000	-0.01728536
-1.750	1.450	0.000	-0.01896979
-1.650	1.450	0.000	-0.02587966
-1.550	1.450	0.000	-0.03334451
-1.450	1.450	0.000	-0.04468789
-1.350	1.450	0.000	-0.05605654
-1.250	1.450	0.000	-0.06894035
-1.150	1.450	0.000	-0.08069209
-1.050	1.450	0.000	-0.09211336
-0.950	1.450	0.000	-0.10156378
-0.850	1.450	0.000	-0.10942882
-0.750	1.450	0.000	-0.11456583
-0.650	1.450	0.000	-0.11733457
-0.550	1.450	0.000	-0.11876810
-0.450	1.450	0.000	-0.11713452
-0.350	1.450	0.000	-0.11459606
-0.250	1.450	0.000	-0.11021227
-0.150	1.450	0.000	-0.10524079
-0.050	1.450	0.000	-0.09929520
0.050	1.450	0.000	-0.09344142
0.150	1.450	0.000	-0.08634673
0.250	1.450	0.000	-0.08137989
0.350	1.450	0.000	-0.07456354
0.450	1.450	0.000	-0.07210232
0.550	1.450	0.000	-0.06803464
0.650	1.450	0.000	-0.06710233
0.750	1.450	0.000	-0.06487365
0.850	1.450	0.000	-0.06404469
0.950	1.450	0.000	-0.06045718
1.050	1.450	0.000	-0.05568514
1.150	1.450	0.000	-0.04649375
1.250	1.450	0.000	-0.03459085
1.350	1.450	0.000	-0.01933010
1.450	1.450	0.000	-0.00328486
1.550	1.450	0.000	0.01467232
1.650	1.450	0.000	0.03343898
1.750	1.450	0.000	0.05392260
1.850	1.450	0.000	0.07418972
1.950	1.450	0.000	0.09605082
2.050	1.450	0.000	0.11550380
2.150	1.450	0.000	0.13357399
2.250	1.450	0.000	0.14858247
2.350	1.450	0.000	0.16116776
2.450	1.450	0.000	0.17181692
-2.450	1.550	0.000	-0.01750949
-2.350	1.550	0.000	-0.00465155
-2.250	1.550	0.000	-0.00816960
-2.150	1.550	0.000	-0.00428031
-2.050	1.550	0.000	-0.00890413
-1.950	1.550	0.000	-0.01022252
-1.850	1.550	0.000	-0.01134736
-1.750	1.550	0.000	-0.01334780
-1.650	1.550	0.000	-0.01436039
-1.550	1.550	0.000	-0.02130683
-1.450	1.550	0.000	-0.02750567
-1.350	1.550	0.000	-0.03808286
-1.250	1.550	0.000	-0.04923003
-1.150	1.550	0.000	-0.06085925
-1.050	1.550	0.000	-0.07259551
-0.950	1.550	0.000	-0.08329362
-0.850	1.550	0.000	-0.09226552
-0.750	1.550	0.000	-0.10031283
-0.650	1.550	0.000	-0.10444415
-0.550	1.550	0.000	-0.10876849
-0.450	1.550	0.000	-0.10922838
-0.350	1.550	0.000	-0.10806444
-0.250	1.550	0.000	-0.10628467
-0.150	1.550	0.000	-0.10292643
-0.050	1.550	0.000	-0.09810863
0.050	1.550	0.000	-0.09312819
0.150	1.550	0.000	-0.08682928
0.250	1.550	0.000	-0.08216700
0.350	1.550	0.000	-0.07547505
0.450	1.550	0.000	-0.07285985
0.550	1.550	0.000	-0.06911604
0.650	1.550	0.000	-0.06848738
0.750	1.550	0.000	-0.06702891
0.850	1.550	0.000	-0.06690955
0.950	1.550	0.000	-0.06451488
1.050	1.550	0.000	-0.06190303
1.150	1.550	0.000	-0.05410993
1.250	1.550	0.000	-0.04411859
1.350	1.550	0.000	-0.03042250
1.450	1.550	0.000	-0.01398160
1.550	1.550	0.000	0.00336385
1.650	1.550	0.000	0.02199673
1.750	1.550	0.000	0.04219005
1.850	1.550	0.000	0.06248204
1.950	1.550	0.000	0.08442504
2.050	1.550	0.000	0.10423861
2.150	1.550	0.000	0.12519699
2.250	1.550	0.000	0.14178501
2.350	1.550	0.000	0.15684439
2.450	1.550	0.000	0.17145629
-2.450	1.650	0.000	-0.02360532
-2.350	1.650	0.000	-0.01051575
-2.250	1.650	0.000	-0.01172425
-2.150	1.650	0.000	-0.00681891
-2.050	1.650	0.000	-0.00859452
-1.950	1.650	0.000	-0.00930161
-1.850	1.650	0.000	-0.00905189
-1.750	1.650	0.000	-0.00840169
-1.650	1.650	0.000	-0.00784595
-1.550	1.650	0.000	-0.01144190
-1.450	1.650	0.000	-0.01567987
-1.350	1.650	0.000	-0.02390544
-1.250	1.650	0.000	-0.03344507
-1.150	1.650	0.000	-0.04455365
-1.050	1.650	0.000	-0.05533409
-0.950	1.650	0.000	-0.06629969
-0.850	1.650	0.000	-0.07601622
-0.750	1.650	0.000	-0.08412156
-0.650	1.650	0.000	-0.09162478
-0.550	1.650	0.000	-0.09461067
-0.450	1.650	0.000	-0.09973368
-0.350	1.650	0.000	-0.09877557
-0.250	1.650	0.000	-0.09833807
-0.150	1.650	0.000	-0.09637318
-0.050	1.650	0.000	-0.09301551
0.050	1.650	0.000	-0.08914594
0.150	1.650	0.000	-0.08365581
0.250	1.650	0.000	-0.07990628
0.350	1.650	0.000	-0.07460412
0.450	1.650	0.000	-0.07164390
0.550	1.650	0.000	-0.06838232
0.650	1.650	0.000	-0.06767266
0.750	1.650	0.000	-0.06737736
0.850	1.650	0.000	-0.06754433
0.950	1.650	0.000	-0.06744670
1.050	1.650	0.000	-0.06634550
1.150	1.650	0.000	-0.06220195
1.250	1.650	0.000	-0.05444238
1.350	1.650	0.000	-0.04270636
1.450	1.650	0.000	-0.02701877
1.550	1.650	0.000	-0.00998815
1.650	1.650	0.000	0.00862110
1.750	1.650	0.000	0.02817162
1.850	1.650	0.000	0.04759296
1.950	1.650	0.000	0.06919741
2.050	1.650	0.000	0.08899577
2.150	1.650	0.000	0.11121409
2.250	1.650	0.000	0.12981011
2.350	1.650	0.000	0.14564034
2.450	1.650	0.000	0.16473383
-2.450	1.750	0.000	-0.03132672
-2.350	1.750	0.000	-0.01728508
-2.250	1.750	0.000	-0.01635493
-2.150	1.750	0.000	-0.01058663
-2.050	1.750	0.000	-0.01027949
-1.950	1.750	0.000	-0.00996642
-1.850	1.750	0.000	-0.00967554
-1.750	1.750	0.000	-0.00747427
-1.650	1.750	0.000	-0.00515340
-1.550	1.750	0.000	-0.00432390
-1.450	1.750	0.000	-0.00812631
-1.350	1.750	0.000	-0.01159447
-1.250	1.750	0.000	-0.01975820
-1.150	1.750	0.000	-0.02732462
-1.050	1.750	0.000	-0.03787033
-0.950	1.750	0.000	-0.04699243
-0.850	1.750	0.000	-0.05751067
-0.750	1.750	0.000	-0.06586482
-0.650	1.750	0.000	-0.07458635
-0.550	1.750	0.000	-0.07979220
-0.450	1.750	0.000	-0.08533248
-0.350	1.750	0.000	-0.08739673
-0.250	1.750	0.000	-0.08822300
-0.150	1.750	0.000	-0.08713473
-0.050	1.750	0.000	-0.08519340
0.050	1.750	0.000	-0.08227441
0.150	1.750	0.000	-0.07824264
0.250	1.750	0.000	-0.07370176
0.350	1.750	0.000	-0.06957014
0.450	1.750	0.000	-0.06587034
0.550	1.750	0.000	-0.06391952
0.650	1.750	0.000	-0.06262898
0.750	1.750	0.000	-0.06324835
0.850	1.750	0.000	-0.06415313
0.950	1.750	0.000	-0.06666674
1.050	1.750	0.000	-0.06685504
1.150	1.750	0.000	-0.06699561
1.250	1.750	0.000	-0.06163008
1.350	1.750	0.000	-0.05386139
1.450	1.750	0.000	-0.04216211
1.550	1.750	0.000	-0.02709148
1.650	1.750	0.000	-0.00946719
1.750	1.750	0.000	0.00975996
1.850	1.750	0.000	0.02890519
1.950	1.750	0.000	0.05023016
2.050	1.750	0.000	0.06943896
2.150	1.750	0.000	0.09085579
2.250	1.750	0.000	0.11234308
2.350	1.750	0.000	0.12614273
2.450	1.750	0.000	0.15051089
-2.450	1.850	0.000	-0.03858392
-2.350	1.850	0.000	-0.02725278
-2.250	1.850	0.000	-0.02165955
-2.150	1.850	0.000	-0.01519508
-2.050	1.850	0.000	-0.01086944
-1.950	1.850	0.000	-0.00872318
-1.850	1.850	0.000	-0.00567045
-1.750	1.850	0.000	-0.00366946
-1.650	1.850	0.000	-0.00149921
-1.550	1.850	0.000	0.00070483
-1.450	1.850	0.000	-0.00373444
-1.350	1.850	0.000	-0.00401083
-1.250	1.850	0.000	-0.01183511
-1.150	1.850	0.000	-0.01825388
-1.050	1.850	0.000	-0.02727976
-0.950	1.850	0.000	-0.03604129
-0.850	1.850	0.000	-0.04498343
-0.750	1.850	0.000	-0.05346723
-0.650	1.850	0.000	-0.06101196
-0.550	1.850	0.000	-0.06774343
-0.450	1.850	0.000	-0.07166392
-0.350	1.850	0.000	-0.07604033
-0.250	1.850	0.000	-0.07673144
-0.150	1.850	0.000	-0.07680242
-0.050	1.850	0.000	-0.07533931
0.050	1.850	0.000	-0.07260028
0.150	1.850	0.000	-0.07006645
0.250	1.850	0.000	-0.06615667
0.350	1.850	0.000	-0.06406321
0.450	1.850	0.000	-0.06032271
0.550	1.850	0.000	-0.05976664
0.650	1.850	0.000	-0.05879886
0.750	1.850	0.000	-0.06036758
0.850	1.850	0.000	-0.06180201
0.950	1.850	0.000	-0.06476928
1.050	1.850	0.000	-0.06581627
1.150	1.850	0.000	-0.06895066
1.250	1.850	0.000	-0.06764597
1.350	1.850	0.000	-0.06369411
1.450	1.850	0.000	-0.05502330
1.550	1.850	0.000	-0.04295180
1.650	1.850	0.000	-0.02767569
1.750	1.850	0.000	-0.01000124
1.850	1.850	0.000	0.01003768
1.950	1.850	0.000	0.02957549
2.050	1.850	0.000	0.05079512
2.150	1.850	0.000	0.06777569
2.250	1.850	0.000	0.09311692
2.350	1.850	0.000	0.10322990
2.450	1.850	0.000	0.13224012
-2.450	1.950	0.000	-0.03561080
-2.350	1.950	0.000	-0.03217734
-2.250	1.950	0.000	-0.02594910
-2.150	1.950	0.000	-0.01857427
-2.050	1.950	0.000	-0.01367111
-1.950	1.950	0.000	-0.00981419
-1.850	1.950	0.000	-0.00715795
-1.750	1.950	0.000	-0.00367875
-1.650	1.950	0.000	-0.00176672
-1.550	1.950	0.000	0.00275675
-1.450	1.950	0.000	0.00023123
-1.350	1.950	0.000	0.00292512
-1.250	1.950	0.000	-0.00151259
-1.150	1.950	0.000	-0.00511907
-1.050	1.950	0.000	-0.01109974
-0.950	1.950	0.000	-0.01801794
-0.850	1.950	0.000	-0.02594813
-0.750	1.950	0.000	-0.03419364
-0.650	1.950	0.000	-0.04237103
-0.550	1.950	0.000	-0.05038444
-0.450	1.950	0.000	-0.05607524
-0.350	1.950	0.000	-0.06179994
-0.250	1.950	0.000	-0.06445208
-0.150	1.950	0.000	-0.06585734
-0.050	1.950	0.000	-0.06574092
0.050	1.950	0.000	-0.06415369
0.150	1.950	0.000	-0.06208875
0.250	1.950	0.000	-0.05902519
0.350	1.950	0.000	-0.05637804
0.450	1.950	0.000	-0.05333100
0.550	1.950	0.000	-0.05130596
0.650	1.950	0.000	-0.04985376
0.750	1.950	0.000	-0.05088054
0.850	1.950	0.000	-0.05302231
0.950	1.950	0.000	-0.05709810
1.050	1.950	0.000	-0.06175395
1.150	1.950	0.000	-0.06623192
1.250	1.950	0.000	-0.06890793
1.350	1.950	0.000	-0.06968872
1.450	1.950	0.000	-0.06576476
1.550	1.950	0.000	-0.05853062
1.650	1.950	0.000	-0.04583860
1.750	1.950	0.000	-0.03166265
1.850	1.950	0.000	-0.01277640
1.950	1.950	0.000	0.00397877
2.050	1.950	0.000	0.02729629
2.150	1.950	0.000	0.03942498
2.250	1.950	0.000	0.06874123
2.350	1.950	0.000	0.07717266
2.450	1.950	0.000	0.10936646
-2.450	2.050	0.000	-0.04236296
-2.350	2.050	0.000	-0.03847623
-2.250	2.050	0.000	-0.03081577
-2.150	2.050	0.000	-0.02371130
-2.050	2.050	0.000	-0.01389167
-1.950	2.050	0.000	-0.00797094
-1.850	2.050	0.000	-0.00206065
-1.750	2.050	0.000	0.00123168
-1.650	2.050	0.000	0.00384537
-1.550	2.050	0.000	0.00460828
-1.450	2.050	0.000	0.00542788
-1.350	2.050	0.000	0.00280422
-1.250	2.050	0.000	0.00124729
-1.150	2.050	0.000	-0.00393934
-1.050	2.050	0.000	-0.00872933
-0.950	2.050	0.000	-0.01574524
-0.850	2.050	0.000	-0.02230106
-0.750	2.050	0.000	-0.02953383
-0.650	2.050	0.000	-0.03571228
-0.550	2.050	0.000	-0.04194080
-0.450	2.050	0.000	-0.04659405
-0.350	2.050	0.000	-0.05053132
-0.250	2.050	0.000	-0.05357920
-0.150	2.050	0.000	-0.05456576
-0.050	2.050	0.000	-0.05463970
0.050	2.050	0.000	-0.05389893
0.150	2.050	0.000	-0.05293382
0.250	2.050	0.000	-0.05053411
0.350	2.050	0.000	-0.04886850
0.450	2.050	0.000	-0.04705702
0.550	2.050	0.000	-0.04610383
0.650	2.050	0.000	-0.04576834
0.750	2.050	0.000	-0.04757879
0.850	2.050	0.000	-0.04973511
0.950	2.050	0.000	-0.05316531
1.050	2.050	0.000	-0.05750296
1.150	2.050	0.000	-0.06192877
1.250	2.050	0.000	-0.06603879
1.350	2.050	0.000	-0.06816766
1.450	2.050	0.000	-0.06790670
1.550	2.050	0.000	-0.06470940
1.650	2.050	0.000	-0.05596367
1.750	2.050	0.000	-0.04412095
1.850	2.050	0.000	-0.02702417
1.950	2.050	0.000	-0.01178740
2.050	2.050	0.000	0.01086922
2.150	2.050	0.000	0.02154193
2.250	2.050	0.000	0.04711094
2.350	2.050	0.000	0.05561249
2.450	2.050	0.000	0.08274203
-2.450	2.150	0.000	-0.03355220
-2.350	2.150	0.000	-0.03626462
-2.250	2.150	0.000	-0.03176924
-2.150	2.150	0.000	-0.02681030
-2.050	2.150	0.000	-0.01891424
-1.950	2.150	0.000	-0.01150700
-1.850	2.150	0.000	-0.00596297
-1.750	2.150	0.000	-0.00239247
-1.650	2.150	0.000	0.00033636
-1.550	2.150	0.000	0.00213015
-1.450	2.150	0.000	0.00416349
-1.350	2.150	0.000	0.00338411
-1.250	2.150	0.000	0.00401179
-1.150	2.150	0.000	0.00146490
-1.050	2.150	0.000	-0.00144491
-0.950	2.150	0.000	-0.00622432
-0.850	2.150	0.000	-0.01142541
-0.750	2.150	0.000	-0.01762078
-0.650	2.150	0.000	-0.02401348
-0.550	2.150	0.000	-0.03025840
-0.450	2.150	0.000	-0.03623677
-0.350	2.150	0.000	-0.04038726
-0.250	2.150	0.000	-0.04428862
-0.150	2.150	0.000	-0.04647397
-0.050	2.150	0.000	-0.04695655
0.050	2.150	0.000	-0.04626433
0.150	2.150	0.000	-0.04524674
0.250	2.150	0.000	-0.04287010
0.350	2.150	0.000	-0.04096957
0.450	2.150	0.000	-0.03867447
0.550	2.150	0.000	-0.03728984
0.650	2.150	0.000	-0.03623150
0.750	2.150	0.000	-0.03711694
0.850	2.150	0.000	-0.03954064
0.950	2.150	0.000	-0.04360538
1.050	2.150	0.000	-0.04898297
1.150	2.150	0.000	-0.05499341
1.250	2.150	0.000	-0.06077161
1.350	2.150	0.000	-0.06578866
1.450	2.150	0.000	-0.06856154
1.550	2.150	0.000	-0.06831926
1.650	2.150	0.000	-0.06513800
1.750	2.150	0.000	-0.05758737
1.850	2.150	0.000	-0.04414193
1.950	2.150	0.000	-0.03077751
2.050	2.150	0.000	-0.01140611
2.150	2.150	0.000	0.00026778
2.250	2.150	0.000	0.02306672
2.350	2.150	0.000	0.03277208
2.450	2.150	0.000	0.05870286
-2.450	2.250	0.000	-0.02468493
-2.350	2.250	0.000	-0.03017620
-2.250	2.250	0.000	-0.02750861
-2.150	2.250	0.000	-0.02569293
-2.050	2.250	0.000	-0.01857206
-1.950	2.250	0.000	-0.01232992
-1.850	2.250	0.000	-0.00659670
-1.750	2.250	0.000	-0.00335950
-1.650	2.250	0.000	-0.00041147
-1.550	2.250	0.000	0.00084599
-1.450	2.250	0.000	0.00394064
-1.350	2.250	0.000	0.00286708
-1.250	2.250	0.000	0.00488676
-1.150	2.250	0.000	0.00377415
-1.050	2.250	0.000	0.00311939
-0.950	2.250	0.000	0.00040571
-0.850	2.250	0.000	-0.00288989
-0.750	2.250	0.000	-0.00755983
-0.650	2.250	0.000	-0.01253320
-0.550	2.250	0.000	-0.01830973
-0.450	2.250	0.000	-0.02401600
-0.350	2.250	0.000	-0.02888128
-0.250	2.250	0.000	-0.03251306
-0.150	2.250	0.000	-0.03538674
-0.050	2.250	0.000	-0.03642157
0.050	2.250	0.000	-0.03616998
0.150	2.250	0.000	-0.03526342
0.250	2.250	0.000	-0.03274902
0.350	2.250	0.000	-0.03064618
0.450	2.250	0.000	-0.02739222
0.550	2.250	0.000	-0.02564189
0.650	2.250	0.000	-0.02424504
0.750	2.250	0.000	-0.02490311
0.850	2.250	0.000	-0.02684115
0.950	2.250	0.000	-0.03002997
1.050	2.250	0.000	-0.03517945
1.150	2.250	0.000	-0.04161395
1.250	2.250	0.000	-0.04814858
1.350	2.250	0.000	-0.05416370
1.450	2.250	0.000	-0.05800600
1.550	2.250	0.000	-0.06007217
1.650	2.250	0.000	-0.05803691
1.750	2.250	0.000	-0.05435497
1.850	2.250	0.000	-0.04551738
1.950	2.250	0.000	-0.03587965
2.050	2.250	0.000	-0.02091038
2.150	2.250	0.000	-0.01071660
2.250	2.250	0.000	0.00716977
2.350	2.250	0.000	0.01514491
2.450	2.250	0.000	0.03758788
-2.450	2.350	0.000	-0.02412978
-2.350	2.350	0.000	-0.03071072
-2.250	2.350	0.000	-0.02833796
-2.150	2.350	0.000	-0.02722459
-2.050	2.350	0.000	-0.02157774
-1.950	2.350	0.000	-0.01661606
-1.850	2.350	0.000	-0.01186096
-1.750	2.350	0.000	-0.00773947
-1.650	2.350	0.000	-0.00511838
-1.550	2.350	0.000	-0.00298425
-1.450	2.350	0.000	0.00034350
-1.350	2.350	0.000	0.00124222
-1.250	2.350	0.000	0.00234486
-1.150	2.350	0.000	0.00272478
-1.050	2.350	0.000	0.00201281
-0.950	2.350	0.000	0.00032073
-0.850	2.350	0.000	-0.00286312
-0.750	2.350	0.000	-0.00696495
-0.650	2.350	0.000	-0.01172002
-0.550	2.350	0.000	-0.01714581
-0.450	2.350	0.000	-0.02222762
-0.350	2.350	0.000	-0.02654755
-0.250	2.350	0.000	-0.03017293
-0.150	2.350	0.000	-0.03235371
-0.050	2.350	0.000	-0.03374749
0.050	2.350	0.000	-0.03317927
0.150	2.350	0.000	-0.03217106
0.250	2.350	0.000	-0.02948604
0.350	2.350	0.000	-0.02711847
0.450	2.350	0.000	-0.02424331
0.550	2.350	0.000	-0.02208337
0.650	2.350	0.000	-0.02069705
0.750	2.350	0.000	-0.02105717
0.850	2.350	0.000	-0.02303135
0.950	2.350	0.000	-0.02666446
1.050	2.350	0.000	-0.03196801
1.150	2.350	0.000	-0.03810642
1.250	2.350	0.000	-0.04468176
1.350	2.350	0.000	-0.05085908
1.450	2.350	0.000	-0.05620022
1.550	2.350	0.000	-0.05994141
1.650	2.350	0.000	-0.06050806
1.750	2.350	0.000	-0.05833174
1.850	2.350	0.000	-0.05177254
1.950	2.350	0.000	-0.04367786
2.050	2.350	0.000	-0.03072084
2.150	2.350	0.000	-0.01949547
2.250	2.350	0.000	-0.00433217
2.350	2.350	0.000	0.00484519
2.450	2.350	0.000	0.02604634
-2.450	2.450	0.000	-0.00410679
-2.350	2.450	0.000	-0.01524009
-2.250	2.450	0.000	-0.01541631
-2.150	2.450	0.000	-0.01910291
-2.050	2.450	0.000	-0.01869134
-1.950	2.450	0.000	-0.01986761
-1.850	2.450	0.000	-0.01859643
-1.750	2.450	0.000	-0.01592520
-1.650	2.450	0.000	-0.01266301
-1.550	2.450	0.000	-0.00768304
-1.450	2.450	0.000	-0.00357030
-1.350	2.450	0.000	0.00216738
-1.250	2.450	0.000	0.00477947
-1.150	2.450	0.000	0.00938177
-1.050	2.450	0.000	0.01071230
-0.950	2.450	0.000	0.01148878
-0.850	2.450	0.000	0.00985522
-0.750	2.450	0.000	0.00667932
-0.650	2.450	0.000	0.00176032
-0.550	2.450	0.000	-0.00388540
-0.450	2.450	0.000	-0.00960420
-0.350	2.450	0.000	-0.01370805
-0.250	2.450	0.000	-0.01844116
-0.150	2.450	0.000	-0.02093041
-0.050	2.450	0.000	-0.02333252
0.050	2.450	0.000	-0.02260075
0.150	2.450	0.000	-0.02147650
0.250	2.450	0.000	-0.01803859
0.350	2.450	0.000	-0.01472751
0.450	2.450	0.000	-0.01069610
0.550	2.450	0.000	-0.00675739
0.650	2.450	0.000	-0.00331143
0.750	2.450	0.000	-0.00171776
0.850	2.450	0.000	-0.00306356
0.950	2.450	0.000	-0.00707252
1.050	2.450	0.000	-0.01313606
1.150	2.450	0.000	-0.02027476
1.250	2.450	0.000	-0.02754961
1.350	2.450	0.000	-0.03478974
1.450	2.450	0.000	-0.04144636
1.550	2.450	0.000	-0.04689842
1.650	2.450	0.000	-0.04992607
1.750	2.450	0.000	-0.04959068
1.850	2.450	0.000	-0.04758991
1.950	2.450	0.000	-0.04283078
2.050	2.450	0.000	-0.03514465
2.150	2.450	0.000	-0.02567674
2.250	2.450	0.000	-0.01390720
2.350	2.450	0.000	-0.00520619
2.450	2.450	0.000	0.01098671
