-2.450	-2.450	0.000	-0.16243285
-2.350	-2.450	0.000	-0.16481788
-2.250	-2.450	0.000	-0.16429876
-2.150	-2.450	0.000	-0.16597778
-2.050	-2.450	0.000	-0.16708159
-1.950	-2.450	0.000	-0.16514532
-1.850	-2.450	0.000	-0.16558373
-1.750	-2.450	0.000	-0.16383691
-1.650	-2.450	0.000	-0.16349080
-1.550	-2.450	0.000	-0.16335084
-1.450	-2.450	0.000	-0.16292360
-1.350	-2.450	0.000	-0.16175938
-1.250	-2.450	0.000	-0.16022782
-1.150	-2.450	0.000	-0.15902151
-1.050	-2.450	0.000	-0.15828872
-0.950	-2.450	0.000	-0.15801236
-0.850	-2.450	0.000	-0.15782888
-0.750	-2.450	0.000	-0.15749764
-0.650	-2.450	0.000	-0.15596773
-0.550	-2.450	0.000	-0.15421587
-0.450	-2.450	0.000	-0.15191133
-0.350	-2.450	0.000	-0.14932241
-0.250	-2.450	0.000	-0.14695729
-0.150	-2.450	0.000	-0.14475270
-0.050	-2.450	0.000	-0.14299604
0.050	-2.450	0.000	-0.14175589
0.150	-2.450	0.000	-0.14073206
0.250	-2.450	0.000	-0.13961649
0.350	-2.450	0.000	-0.13848028
0.450	-2.450	0.000	-0.13770968
0.550	-2.450	0.000	-0.13636662
0.650	-2.450	0.000	-0.13437559
0.750	-2.450	0.000	-0.13155049
0.850	-2.450	0.000	-0.12816401
0.950	-2.450	0.000	-0.12494850
1.050	-2.450	0.000	-0.12246665
1.150	-2.450	0.000	-0.12038201
1.250	-2.450	0.000	-0.11928923
1.350	-2.450	0.000	-0.11890139
1.450	-2.450	0.000	-0.11882666
1.550	-2.450	0.000	-0.11892590
1.650	-2.450	0.000	-0.11895229
1.750	-2.450	0.000	-0.12039419
1.850	-2.450	0.000	-0.12096922
1.950	-2.450	0.000	-0.12228814
2.050	-2.450	0.000	-0.12294065
2.150	-2.450	0.000	-0.12470617
2.250	-2.450	0.000	-0.12602271
2.350	-2.450	0.000	-0.12701151
2.450	-2.450	0.000	-0.12860441
-2.450	-2.350	0.000	-0.15940943
-2.350	-2.350	0.000	-0.16354358
-2.250	-2.350	0.000	-0.16250156
-2.150	-2.350	0.000	-0.16401167
-2.050	-2.350	0.000	-0.16491060
-1.950	-2.350	0.000	-0.16238242
-1.850	-2.350	0.000	-0.16264151
-1.750	-2.350	0.000	-0.16005968
-1.650	-2.350	0.000	-0.15890932
-1.550	-2.350	0.000	-0.15860297
-1.450	-2.350	0.000	-0.15811059
-1.350	-2.350	0.000	-0.15698910
-1.250	-2.350	0.000	-0.15542930
-1.150	-2.350	0.000	-0.15427074
-1.050	-2.350	0.000	-0.15345800
-0.950	-2.350	0.000	-0.15297395
-0.850	-2.350	0.000	-0.15265954
-0.750	-2.350	0.000	-0.15255760
-0.650	-2.350	0.000	-0.15140717
-0.550	-2.350	0.000	-0.15009066
-0.450	-2.350	0.000	-0.14796691
-0.350	-2.350	0.000	-0.14533375
-0.250	-2.350	0.000	-0.14292639
-0.150	-2.350	0.000	-0.14077041
-0.050	-2.350	0.000	-0.13933992
0.050	-2.350	0.000	-0.13877711
0.150	-2.350	0.000	-0.13861229
0.250	-2.350	0.000	-0.13807513
0.350	-2.350	0.000	-0.13704313
0.450	-2.350	0.000	-0.13614003
0.550	-2.350	0.000	-0.13491738
0.650	-2.350	0.000	-0.13305701
0.750	-2.350	0.000	-0.13032821
0.850	-2.350	0.000	-0.12672001
0.950	-2.350	0.000	-0.12324030
1.050	-2.350	0.000	-0.12046400
1.150	-2.350	0.000	-0.11821333
1.250	-2.350	0.000	-0.11741948
1.350	-2.350	0.000	-0.11759929
1.450	-2.350	0.000	-0.11793394
1.550	-2.350	0.000	-0.11808950
1.650	-2.350	0.000	-0.11807666
1.750	-2.350	0.000	-0.11884537
1.850	-2.350	0.000	-0.11839552
1.950	-2.350	0.000	-0.11815862
2.050	-2.350	0.000	-0.11721379
2.150	-2.350	0.000	-0.11591317
2.250	-2.350	0.000	-0.11634322
2.350	-2.350	0.000	-0.11510075
2.450	-2.350	0.000	-0.11691716
-2.450	-2.250	0.000	-0.15897341
-2.350	-2.250	0.000	-0.16208813
-2.250	-2.250	0.000	-0.16134129
-2.150	-2.250	0.000	-0.16267726
-2.050	-2.250	0.000	-0.16431490
-1.950	-2.250	0.000	-0.16181326
-1.850	-2.250	0.000	-0.16150506
-1.750	-2.250	0.000	-0.15892932
-1.650	-2.250	0.000	-0.15811273
-1.550	-2.250	0.000	-0.15758114
-1.450	-2.250	0.000	-0.15704362
-1.350	-2.250	0.000	-0.15579316
-1.250	-2.250	0.000	-0.15425293
-1.150	-2.250	0.000	-0.15293807
-1.050	-2.250	0.000	-0.15180291
-0.950	-2.250	0.000	-0.15109444
-0.850	-2.250	0.000	-0.15058887
-0.750	-2.250	0.000	-0.15017147
-0.650	-2.250	0.000	-0.14933786
-0.550	-2.250	0.000	-0.14818718
-0.450	-2.250	0.000	-0.14632766
-0.350	-2.250	0.000	-0.14393574
-0.250	-2.250	0.000	-0.14167745
-0.150	-2.250	0.000	-0.13959120
-0.050	-2.250	0.000	-0.13805626
0.050	-2.250	0.000	-0.13707885
0.150	-2.250	0.000	-0.13651246
0.250	-2.250	0.000	-0.13565652
0.350	-2.250	0.000	-0.13458546
0.450	-2.250	0.000	-0.13345769
0.550	-2.250	0.000	-0.13238534
0.650	-2.250	0.000	-0.13097133
0.750	-2.250	0.000	-0.12887995
0.850	-2.250	0.000	-0.12599058
0.950	-2.250	0.000	-0.12307586
1.050	-2.250	0.000	-0.12045626
1.150	-2.250	0.000	-0.11817445
1.250	-2.250	0.000	-0.11711673
1.350	-2.250	0.000	-0.11702595
1.450	-2.250	0.000	-0.11721469
1.550	-2.250	0.000	-0.11741207
1.650	-2.250	0.000	-0.11797044
1.750	-2.250	0.000	-0.11865918
1.850	-2.250	0.000	-0.11857483
1.950	-2.250	0.000	-0.11898169
2.050	-2.250	0.000	-0.11850306
2.150	-2.250	0.000	-0.11666606
2.250	-2.250	0.000	-0.11647733
2.350	-2.250	0.000	-0.11395039
2.450	-2.250	0.000	-0.11277775
-2.450	-2.150	0.000	-0.15750594
-2.350	-2.150	0.000	-0.16015117
-2.250	-2.150	0.000	-0.15967619
-2.150	-2.150	0.000	-0.16096015
-2.050	-2.150	0.000	-0.16292602
-1.950	-2.150	0.000	-0.16073062
-1.850	-2.150	0.000	-0.15994239
-1.750	-2.150	0.000	-0.15666798
-1.650	-2.150	0.000	-0.15588738
-1.550	-2.150	0.000	-0.15485169
-1.450	-2.150	0.000	-0.15421295
-1.350	-2.150	0.000	-0.15280598
-1.250	-2.150	0.000	-0.15114021
-1.150	-2.150	0.000	-0.14955804
-1.050	-2.150	0.000	-0.14804585
-0.950	-2.150	0.000	-0.14697686
-0.850	-2.150	0.000	-0.14617583
-0.750	-2.150	0.000	-0.14550269
-0.650	-2.150	0.000	-0.14475425
-0.550	-2.150	0.000	-0.14361323
-0.450	-2.150	0.000	-0.14211993
-0.350	-2.150	0.000	-0.14006609
-0.250	-2.150	0.000	-0.13806365
-0.150	-2.150	0.000	-0.13617036
-0.050	-2.150	0.000	-0.13478075
0.050	-2.150	0.000	-0.13384338
0.150	-2.150	0.000	-0.13336357
0.250	-2.150	0.000	-0.13259415
0.350	-2.150	0.000	-0.13171278
0.450	-2.150	0.000	-0.13053782
0.550	-2.150	0.000	-0.12926343
0.650	-2.150	0.000	-0.12823139
0.750	-2.150	0.000	-0.12685812
0.850	-2.150	0.000	-0.12505567
0.950	-2.150	0.000	-0.12263118
1.050	-2.150	0.000	-0.12037773
1.150	-2.150	0.000	-0.11812625
1.250	-2.150	0.000	-0.11676170
1.350	-2.150	0.000	-0.11639708
1.450	-2.150	0.000	-0.11580797
1.550	-2.150	0.000	-0.11532038
1.650	-2.150	0.000	-0.11482921
1.750	-2.150	0.000	-0.11458947
1.850	-2.150	0.000	-0.11429004
1.950	-2.150	0.000	-0.11414459
2.050	-2.150	0.000	-0.11349425
2.150	-2.150	0.000	-0.11138190
2.250	-2.150	0.000	-0.11159252
2.350	-2.150	0.000	-0.11007123
2.450	-2.150	0.000	-0.10889541
-2.450	-2.050	0.000	-0.15844414
-2.350	-2.050	0.000	-0.15946124
-2.250	-2.050	0.000	-0.15934303
-2.150	-2.050	0.000	-0.16027260
-2.050	-2.050	0.000	-0.16260226
-1.950	-2.050	0.000	-0.16133694
-1.850	-2.050	0.000	-0.16036017
-1.750	-2.050	0.000	-0.15661462
-1.650	-2.050	0.000	-0.15585686
-1.550	-2.050	0.000	-0.15422913
-1.450	-2.050	0.000	-0.15350711
-1.350	-2.050	0.000	-0.15209115
-1.250	-2.050	0.000	-0.15043339
-1.150	-2.050	0.000	-0.14870985
-1.050	-2.050	0.000	-0.14692774
-0.950	-2.050	0.000	-0.14547892
-0.850	-2.050	0.000	-0.14428274
-0.750	-2.050	0.000	-0.14323428
-0.650	-2.050	0.000	-0.14237407
-0.550	-2.050	0.000	-0.14095990
-0.450	-2.050	0.000	-0.13959439
-0.350	-2.050	0.000	-0.13763583
-0.250	-2.050	0.000	-0.13566883
-0.150	-2.050	0.000	-0.13378063
-0.050	-2.050	0.000	-0.13222937
0.050	-2.050	0.000	-0.13106909
0.150	-2.050	0.000	-0.13006657
0.250	-2.050	0.000	-0.12949377
0.350	-2.050	0.000	-0.12849025
0.450	-2.050	0.000	-0.12719166
0.550	-2.050	0.000	-0.12603295
0.650	-2.050	0.000	-0.12552916
0.750	-2.050	0.000	-0.12533149
0.850	-2.050	0.000	-0.12495971
0.950	-2.050	0.000	-0.12336233
1.050	-2.050	0.000	-0.12153845
1.150	-2.050	0.000	-0.11936322
1.250	-2.050	0.000	-0.11742973
1.350	-2.050	0.000	-0.11658271
1.450	-2.050	0.000	-0.11554535
1.550	-2.050	0.000	-0.11502534
1.650	-2.050	0.000	-0.11430588
1.750	-2.050	0.000	-0.11364543
1.850	-2.050	0.000	-0.11293441
1.950	-2.050	0.000	-0.11261295
2.050	-2.050	0.000	-0.11209030
2.150	-2.050	0.000	-0.10962305
2.250	-2.050	0.000	-0.10885082
2.350	-2.050	0.000	-0.10697096
2.450	-2.050	0.000	-0.10425945
-2.450	-1.950	0.000	-0.15960528
-2.350	-1.950	0.000	-0.15914410
-2.250	-1.950	0.000	-0.15919371
-2.150	-1.950	0.000	-0.15951850
-2.050	-1.950	0.000	-0.16184337
-1.950	-1.950	0.000	-0.16121356
-1.850	-1.950	0.000	-0.16040461
-1.750	-1.950	0.000	-0.15624198
-1.650	-1.950	0.000	-0.15540481
-1.550	-1.950	0.000	-0.15311432
-1.450	-1.950	0.000	-0.15215749
-1.350	-1.950	0.000	-0.15077063
-1.250	-1.950	0.000	-0.14931028
-1.150	-1.950	0.000	-0.14765188
-1.050	-1.950	0.000	-0.14561501
-0.950	-1.950	0.000	-0.14366964
-0.850	-1.950	0.000	-0.14194192
-0.750	-1.950	0.000	-0.14037690
-0.650	-1.950	0.000	-0.13910523
-0.550	-1.950	0.000	-0.13724747
-0.450	-1.950	0.000	-0.13571441
-0.350	-1.950	0.000	-0.13372874
-0.250	-1.950	0.000	-0.13171479
-0.150	-1.950	0.000	-0.12975004
-0.050	-1.950	0.000	-0.12807705
0.050	-1.950	0.000	-0.12692049
0.150	-1.950	0.000	-0.12568213
0.250	-1.950	0.000	-0.12514424
0.350	-1.950	0.000	-0.12426079
0.450	-1.950	0.000	-0.12333366
0.550	-1.950	0.000	-0.12274291
0.650	-1.950	0.000	-0.12281913
0.750	-1.950	0.000	-0.12365237
0.850	-1.950	0.000	-0.12416864
0.950	-1.950	0.000	-0.12376053
1.050	-1.950	0.000	-0.12220822
1.150	-1.950	0.000	-0.12008859
1.250	-1.950	0.000	-0.11770343
1.350	-1.950	0.000	-0.11572448
1.450	-1.950	0.000	-0.11397330
1.550	-1.950	0.000	-0.11305011
1.650	-1.950	0.000	-0.11218933
1.750	-1.950	0.000	-0.11127532
1.850	-1.950	0.000	-0.11039048
1.950	-1.950	0.000	-0.10970972
2.050	-1.950	0.000	-0.10945988
2.150	-1.950	0.000	-0.10754037
2.250	-1.950	0.000	-0.10653978
2.350	-1.950	0.000	-0.10471399
2.450	-1.950	0.000	-0.10140663
-2.450	-1.850	0.000	-0.16169503
-2.350	-1.850	0.000	-0.15994662
-2.250	-1.850	0.000	-0.16026548
-2.150	-1.850	0.000	-0.15994306
-2.050	-1.850	0.000	-0.16202679
-1.950	-1.850	0.000	-0.16139208
-1.850	-1.850	0.000	-0.16088869
-1.750	-1.850	0.000	-0.15641348
-1.650	-1.850	0.000	-0.15561689
-1.550	-1.850	0.000	-0.15277950
-1.450	-1.850	0.000	-0.15156114
-1.350	-1.850	0.000	-0.15022710
-1.250	-1.850	0.000	-0.14900690
-1.150	-1.850	0.000	-0.14753856
-1.050	-1.850	0.000	-0.14539532
-0.950	-1.850	0.000	-0.14313647
-0.850	-1.850	0.000	-0.14097615
-0.750	-1.850	0.000	-0.13895093
-0.650	-1.850	0.000	-0.13720836
-0.550	-1.850	0.000	-0.13478671
-0.450	-1.850	0.000	-0.13279615
-0.350	-1.850	0.000	-0.13063020
-0.250	-1.850	0.000	-0.12842786
-0.150	-1.850	0.000	-0.12632240
-0.050	-1.850	0.000	-0.12446439
0.050	-1.850	0.000	-0.12303670
0.150	-1.850	0.000	-0.12179813
0.250	-1.850	0.000	-0.12095267
0.350	-1.850	0.000	-0.12048729
0.450	-1.850	0.000	-0.12030531
0.550	-1.850	0.000	-0.12030474
0.650	-1.850	0.000	-0.12102395
0.750	-1.850	0.000	-0.12222040
0.850	-1.850	0.000	-0.12296456
0.950	-1.850	0.000	-0.12326828
1.050	-1.850	0.000	-0.12183038
1.150	-1.850	0.000	-0.11991959
1.250	-1.850	0.000	-0.11764164
1.350	-1.850	0.000	-0.11564637
1.450	-1.850	0.000	-0.11383825
1.550	-1.850	0.000	-0.11260398
1.650	-1.850	0.000	-0.11147162
1.750	-1.850	0.000	-0.11035646
1.850	-1.850	0.000	-0.10919163
1.950	-1.850	0.000	-0.10752327
2.050	-1.850	0.000	-0.10665657
2.150	-1.850	0.000	-0.10445644
2.250	-1.850	0.000	-0.10293424
2.350	-1.850	0.000	-0.10080239
2.450	-1.850	0.000	-0.09716704
-2.450	-1.750	0.000	-0.16273317
-2.350	-1.750	0.000	-0.16061968
-2.250	-1.750	0.000	-0.16099216
-2.150	-1.750	0.000	-0.16032892
-2.050	-1.750	0.000	-0.16215302
-1.950	-1.750	0.000	-0.16113415
-1.850	-1.750	0.000	-0.16096132
-1.750	-1.750	0.000	-0.15601820
-1.650	-1.750	0.000	-0.15555395
-1.550	-1.750	0.000	-0.15203696
-1.450	-1.750	0.000	-0.15052931
-1.350	-1.750	0.000	-0.14908481
-1.250	-1.750	0.000	-0.14800680
-1.150	-1.750	0.000	-0.14674236
-1.050	-1.750	0.000	-0.14454785
-0.950	-1.750	0.000	-0.14204197
-0.850	-1.750	0.000	-0.13944219
-0.750	-1.750	0.000	-0.13695256
-0.650	-1.750	0.000	-0.13471022
-0.550	-1.750	0.000	-0.13182332
-0.450	-1.750	0.000	-0.12933406
-0.350	-1.750	0.000	-0.12696271
-0.250	-1.750	0.000	-0.12457573
-0.150	-1.750	0.000	-0.12246142
-0.050	-1.750	0.000	-0.12048150
0.050	-1.750	0.000	-0.11892670
0.150	-1.750	0.000	-0.11759567
0.250	-1.750	0.000	-0.11686587
0.350	-1.750	0.000	-0.11680818
0.450	-1.750	0.000	-0.11723562
0.550	-1.750	0.000	-0.11777615
0.650	-1.750	0.000	-0.11868998
0.750	-1.750	0.000	-0.11969539
0.850	-1.750	0.000	-0.12010860
0.950	-1.750	0.000	-0.12018419
1.050	-1.750	0.000	-0.11900181
1.150	-1.750	0.000	-0.11740599
1.250	-1.750	0.000	-0.11541660
1.350	-1.750	0.000	-0.11420665
1.450	-1.750	0.000	-0.11290967
1.550	-1.750	0.000	-0.11183929
1.650	-1.750	0.000	-0.11062402
1.750	-1.750	0.000	-0.10939480
1.850	-1.750	0.000	-0.10782477
1.950	-1.750	0.000	-0.10590295
2.050	-1.750	0.000	-0.10476536
2.150	-1.750	0.000	-0.10279121
2.250	-1.750	0.000	-0.10118616
2.350	-1.750	0.000	-0.09906530
2.450	-1.750	0.000	-0.09577601
-2.450	-1.650	0.000	-0.16323505
-2.350	-1.650	0.000	-0.16079344
-2.250	-1.650	0.000	-0.16096921
-2.150	-1.650	0.000	-0.16012338
-2.050	-1.650	0.000	-0.16160776
-1.950	-1.650	0.000	-0.16055161
-1.850	-1.650	0.000	-0.16080865
-1.750	-1.650	0.000	-0.15570085
-1.650	-1.650	0.000	-0.15564077
-1.550	-1.650	0.000	-0.15180165
-1.450	-1.650	0.000	-0.15013778
-1.350	-1.650	0.000	-0.14842683
-1.250	-1.650	0.000	-0.14721118
-1.150	-1.650	0.000	-0.14594969
-1.050	-1.650	0.000	-0.14380801
-0.950	-1.650	0.000	-0.14123183
-0.850	-1.650	0.000	-0.13837269
-0.750	-1.650	0.000	-0.13567188
-0.650	-1.650	0.000	-0.13298027
-0.550	-1.650	0.000	-0.12988901
-0.450	-1.650	0.000	-0.12715678
-0.350	-1.650	0.000	-0.12466685
-0.250	-1.650	0.000	-0.12204778
-0.150	-1.650	0.000	-0.11982232
-0.050	-1.650	0.000	-0.11757150
0.050	-1.650	0.000	-0.11590295
0.150	-1.650	0.000	-0.11443737
0.250	-1.650	0.000	-0.11382199
0.350	-1.650	0.000	-0.11418406
0.450	-1.650	0.000	-0.11456804
0.550	-1.650	0.000	-0.11564447
0.650	-1.650	0.000	-0.11646151
0.750	-1.650	0.000	-0.11714041
0.850	-1.650	0.000	-0.11723047
0.950	-1.650	0.000	-0.11714923
1.050	-1.650	0.000	-0.11632431
1.150	-1.650	0.000	-0.11523218
1.250	-1.650	0.000	-0.11390181
1.350	-1.650	0.000	-0.11338118
1.450	-1.650	0.000	-0.11241052
1.550	-1.650	0.000	-0.11142486
1.650	-1.650	0.000	-0.11001779
1.750	-1.650	0.000	-0.10853675
1.850	-1.650	0.000	-0.10650257
1.950	-1.650	0.000	-0.10410252
2.050	-1.650	0.000	-0.10227911
2.150	-1.650	0.000	-0.10015298
2.250	-1.650	0.000	-0.09802715
2.350	-1.650	0.000	-0.09610179
2.450	-1.650	0.000	-0.09386259
-2.450	-1.550	0.000	-0.16226022
-2.350	-1.550	0.000	-0.15918612
-2.250	-1.550	0.000	-0.15880018
-2.150	-1.550	0.000	-0.15787558
-2.050	-1.550	0.000	-0.15942861
-1.950	-1.550	0.000	-0.15855511
-1.850	-1.550	0.000	-0.15913431
-1.750	-1.550	0.000	-0.15446027
-1.650	-1.550	0.000	-0.15463446
-1.550	-1.550	0.000	-0.15102936
-1.450	-1.550	0.000	-0.14935078
-1.350	-1.550	0.000	-0.14736447
-1.250	-1.550	0.000	-0.14581867
-1.150	-1.550	0.000	-0.14436437
-1.050	-1.550	0.000	-0.14224434
-0.950	-1.550	0.000	-0.13967760
-0.850	-1.550	0.000	-0.13672720
-0.750	-1.550	0.000	-0.13397931
-0.650	-1.550	0.000	-0.13099715
-0.550	-1.550	0.000	-0.12798545
-0.450	-1.550	0.000	-0.12534739
-0.350	-1.550	0.000	-0.12292975
-0.250	-1.550	0.000	-0.12028013
-0.150	-1.550	0.000	-0.11786357
-0.050	-1.550	0.000	-0.11532566
0.050	-1.550	0.000	-0.11331212
0.150	-1.550	0.000	-0.11180793
0.250	-1.550	0.000	-0.11109400
0.350	-1.550	0.000	-0.11144723
0.450	-1.550	0.000	-0.11173654
0.550	-1.550	0.000	-0.11292868
0.650	-1.550	0.000	-0.11348935
0.750	-1.550	0.000	-0.11347014
0.850	-1.550	0.000	-0.11286078
0.950	-1.550	0.000	-0.11220829
1.050	-1.550	0.000	-0.11138012
1.150	-1.550	0.000	-0.11078057
1.250	-1.550	0.000	-0.11021440
1.350	-1.550	0.000	-0.11017615
1.450	-1.550	0.000	-0.11000021
1.550	-1.550	0.000	-0.10929912
1.650	-1.550	0.000	-0.10800128
1.750	-1.550	0.000	-0.10659296
1.850	-1.550	0.000	-0.10479238
1.950	-1.550	0.000	-0.10260642
2.050	-1.550	0.000	-0.10075153
2.150	-1.550	0.000	-0.09889454
2.250	-1.550	0.000	-0.09666805
2.350	-1.550	0.000	-0.09474718
2.450	-1.550	0.000	-0.09300464
-2.450	-1.450	0.000	-0.16013120
-2.350	-1.450	0.000	-0.15696032
-2.250	-1.450	0.000	-0.15564984
-2.150	-1.450	0.000	-0.15445702
-2.050	-1.450	0.000	-0.15617330
-1.950	-1.450	0.000	-0.15576190
-1.850	-1.450	0.000	-0.15652224
-1.750	-1.450	0.000	-0.15234281
-1.650	-1.450	0.000	-0.15242946
-1.550	-1.450	0.000	-0.14919133
-1.450	-1.450	0.000	-0.14745717
-1.350	-1.450	0.000	-0.14516492
-1.250	-1.450	0.000	-0.14320731
-1.150	-1.450	0.000	-0.14144428
-1.050	-1.450	0.000	-0.13938776
-0.950	-1.450	0.000	-0.13697125
-0.850	-1.450	0.000	-0.13416477
-0.750	-1.450	0.000	-0.13153255
-0.650	-1.450	0.000	-0.12851387
-0.550	-1.450	0.000	-0.12585688
-0.450	-1.450	0.000	-0.12365881
-0.350	-1.450	0.000	-0.12158833
-0.250	-1.450	0.000	-0.11921303
-0.150	-1.450	0.000	-0.11683316
-0.050	-1.450	0.000	-0.11430745
0.050	-1.450	0.000	-0.11184198
0.150	-1.450	0.000	-0.11026026
0.250	-1.450	0.000	-0.10895198
0.350	-1.450	0.000	-0.10848373
0.450	-1.450	0.000	-0.10868657
0.550	-1.450	0.000	-0.10934079
0.650	-1.450	0.000	-0.10943773
0.750	-1.450	0.000	-0.10900004
0.850	-1.450	0.000	-0.10821044
0.950	-1.450	0.000	-0.10747233
1.050	-1.450	0.000	-0.10701086
1.150	-1.450	0.000	-0.10678956
1.250	-1.450	0.000	-0.10669250
1.350	-1.450	0.000	-0.10687214
1.450	-1.450	0.000	-0.10711957
1.550	-1.450	0.000	-0.10626710
1.650	-1.450	0.000	-0.10492098
1.750	-1.450	0.000	-0.10327505
1.850	-1.450	0.000	-0.10133859
1.950	-1.450	0.000	-0.09944592
2.050	-1.450	0.000	-0.09799805
2.150	-1.450	0.000	-0.09697144
2.250	-1.450	0.000	-0.09540963
2.350	-1.450	0.000	-0.09368186
2.450	-1.450	0.000	-0.09200094
-2.450	-1.350	0.000	-0.15730146
-2.350	-1.350	0.000	-0.15449558
-2.250	-1.350	0.000	-0.15233855
-2.150	-1.350	0.000	-0.15053256
-2.050	-1.350	0.000	-0.15188615
-1.950	-1.350	0.000	-0.15151113
-1.850	-1.350	0.000	-0.15248406
-1.750	-1.350	0.000	-0.14884534
-1.650	-1.350	0.000	-0.14885269
-1.550	-1.350	0.000	-0.14595734
-1.450	-1.350	0.000	-0.14389654
-1.350	-1.350	0.000	-0.14120901
-1.250	-1.350	0.000	-0.13875921
-1.150	-1.350	0.000	-0.13656034
-1.050	-1.350	0.000	-0.13442726
-0.950	-1.350	0.000	-0.13207348
-0.850	-1.350	0.000	-0.12944703
-0.750	-1.350	0.000	-0.12709698
-0.650	-1.350	0.000	-0.12419828
-0.550	-1.350	0.000	-0.12222158
-0.450	-1.350	0.000	-0.12068650
-0.350	-1.350	0.000	-0.11924643
-0.250	-1.350	0.000	-0.11751975
-0.150	-1.350	0.000	-0.11545042
-0.050	-1.350	0.000	-0.11315116
0.050	-1.350	0.000	-0.11054728
0.150	-1.350	0.000	-0.10874832
0.250	-1.350	0.000	-0.10679000
0.350	-1.350	0.000	-0.10537183
0.450	-1.350	0.000	-0.10475513
0.550	-1.350	0.000	-0.10446955
0.650	-1.350	0.000	-0.10399251
0.750	-1.350	0.000	-0.10309538
0.850	-1.350	0.000	-0.10225871
0.950	-1.350	0.000	-0.10167360
1.050	-1.350	0.000	-0.10171497
1.150	-1.350	0.000	-0.10195845
1.250	-1.350	0.000	-0.10216418
1.350	-1.350	0.000	-0.10237850
1.450	-1.350	0.000	-0.10282597
1.550	-1.350	0.000	-0.10235583
1.650	-1.350	0.000	-0.10148104
1.750	-1.350	0.000	-0.10005650
1.850	-1.350	0.000	-0.09816635
1.950	-1.350	0.000	-0.09643763
2.050	-1.350	0.000	-0.09518997
2.150	-1.350	0.000	-0.09488736
2.250	-1.350	0.000	-0.09407200
2.350	-1.350	0.000	-0.09278450
2.450	-1.350	0.000	-0.09131560
-2.450	-1.250	0.000	-0.15474886
-2.350	-1.250	0.000	-0.15230842
-2.250	-1.250	0.000	-0.14916946
-2.150	-1.250	0.000	-0.14648263
-2.050	-1.250	0.000	-0.14663337
-1.950	-1.250	0.000	-0.14595710
-1.850	-1.250	0.000	-0.14653473
-1.750	-1.250	0.000	-0.14327411
-1.650	-1.250	0.000	-0.14280161
-1.550	-1.250	0.000	-0.14011571
-1.450	-1.250	0.000	-0.13785456
-1.350	-1.250	0.000	-0.13498870
-1.250	-1.250	0.000	-0.13213198
-1.150	-1.250	0.000	-0.12952927
-1.050	-1.250	0.000	-0.12726583
-0.950	-1.250	0.000	-0.12467144
-0.850	-1.250	0.000	-0.12222211
-0.750	-1.250	0.000	-0.12022434
-0.650	-1.250	0.000	-0.11771048
-0.550	-1.250	0.000	-0.11653073
-0.450	-1.250	0.000	-0.11576970
-0.350	-1.250	0.000	-0.11518969
-0.250	-1.250	0.000	-0.11436763
-0.150	-1.250	0.000	-0.11299390
-0.050	-1.250	0.000	-0.11117754
0.050	-1.250	0.000	-0.10897641
0.150	-1.250	0.000	-0.10689425
0.250	-1.250	0.000	-0.10464268
0.350	-1.250	0.000	-0.10245380
0.450	-1.250	0.000	-0.10070962
0.550	-1.250	0.000	-0.09936783
0.650	-1.250	0.000	-0.09821173
0.750	-1.250	0.000	-0.09695264
0.850	-1.250	0.000	-0.09606422
0.950	-1.250	0.000	-0.09576874
1.050	-1.250	0.000	-0.09643029
1.150	-1.250	0.000	-0.09731913
1.250	-1.250	0.000	-0.09797468
1.350	-1.250	0.000	-0.09818036
1.450	-1.250	0.000	-0.09873365
1.550	-1.250	0.000	-0.09857060
1.650	-1.250	0.000	-0.09799002
1.750	-1.250	0.000	-0.09693285
1.850	-1.250	0.000	-0.09518521
1.950	-1.250	0.000	-0.09351660
2.050	-1.250	0.000	-0.09206834
2.150	-1.250	0.000	-0.09186345
2.250	-1.250	0.000	-0.09119421
2.350	-1.250	0.000	-0.09015434
2.450	-1.250	0.000	-0.08906701
-2.450	-1.150	0.000	-0.15115638
-2.350	-1.150	0.000	-0.14909653
-2.250	-1.150	0.000	-0.14487611
-2.150	-1.150	0.000	-0.14157152
-2.050	-1.150	0.000	-0.14028344
-1.950	-1.150	0.000	-0.13901307
-1.850	-1.150	0.000	-0.13891149
-1.750	-1.150	0.000	-0.13573997
-1.650	-1.150	0.000	-0.13469170
-1.550	-1.150	0.000	-0.13188353
-1.450	-1.150	0.000	-0.12916866
-1.350	-1.150	0.000	-0.12594250
-1.250	-1.150	0.000	-0.12276101
-1.150	-1.150	0.000	-0.11992604
-1.050	-1.150	0.000	-0.11762487
-0.950	-1.150	0.000	-0.11482399
-0.850	-1.150	0.000	-0.11279110
-0.750	-1.150	0.000	-0.11087710
-0.650	-1.150	0.000	-0.10924806
-0.550	-1.150	0.000	-0.10876781
-0.450	-1.150	0.000	-0.10890511
-0.350	-1.150	0.000	-0.10936726
-0.250	-1.150	0.000	-0.10964114
-0.150	-1.150	0.000	-0.10917959
-0.050	-1.150	0.000	-0.10808963
0.050	-1.150	0.000	-0.10654697
0.150	-1.150	0.000	-0.10460606
0.250	-1.150	0.000	-0.10217548
0.350	-1.150	0.000	-0.09935750
0.450	-1.150	0.000	-0.09672796
0.550	-1.150	0.000	-0.09447821
0.650	-1.150	0.000	-0.09268905
0.750	-1.150	0.000	-0.09115668
0.850	-1.150	0.000	-0.09027932
0.950	-1.150	0.000	-0.09042176
1.050	-1.150	0.000	-0.09168415
1.150	-1.150	0.000	-0.09334368
1.250	-1.150	0.000	-0.09465753
1.350	-1.150	0.000	-0.09526296
1.450	-1.150	0.000	-0.09590810
1.550	-1.150	0.000	-0.09584939
1.650	-1.150	0.000	-0.09539833
1.750	-1.150	0.000	-0.09440974
1.850	-1.150	0.000	-0.09264694
1.950	-1.150	0.000	-0.09109548
2.050	-1.150	0.000	-0.08925548
2.150	-1.150	0.000	-0.08844446
2.250	-1.150	0.000	-0.08745164
2.350	-1.150	0.000	-0.08635058
2.450	-1.150	0.000	-0.08477534
-2.450	-1.050	0.000	-0.14609808
-2.350	-1.050	0.000	-0.14448191
-2.250	-1.050	0.000	-0.13938110
-2.150	-1.050	0.000	-0.13507347
-2.050	-1.050	0.000	-0.13242103
-1.950	-1.050	0.000	-0.13031426
-1.850	-1.050	0.000	-0.12916847
-1.750	-1.050	0.000	-0.12588000
-1.650	-1.050	0.000	-0.12428505
-1.550	-1.050	0.000	-0.12133461
-1.450	-1.050	0.000	-0.11833566
-1.350	-1.050	0.000	-0.11487333
-1.250	-1.050	0.000	-0.11168537
-1.150	-1.050	0.000	-0.10879279
-1.050	-1.050	0.000	-0.10647649
-0.950	-1.050	0.000	-0.10348188
-0.850	-1.050	0.000	-0.10191834
-0.750	-1.050	0.000	-0.10002249
-0.650	-1.050	0.000	-0.09929533
-0.550	-1.050	0.000	-0.09958892
-0.450	-1.050	0.000	-0.10064092
-0.350	-1.050	0.000	-0.10219545
-0.250	-1.050	0.000	-0.10357202
-0.150	-1.050	0.000	-0.10431510
-0.050	-1.050	0.000	-0.10404392
0.050	-1.050	0.000	-0.10333584
0.150	-1.050	0.000	-0.10198073
0.250	-1.050	0.000	-0.09982390
0.350	-1.050	0.000	-0.09696306
0.450	-1.050	0.000	-0.09403015
0.550	-1.050	0.000	-0.09134758
0.650	-1.050	0.000	-0.08903808
0.750	-1.050	0.000	-0.08721860
0.850	-1.050	0.000	-0.08619762
0.950	-1.050	0.000	-0.08652037
1.050	-1.050	0.000	-0.08793277
1.150	-1.050	0.000	-0.09003779
1.250	-1.050	0.000	-0.09188051
1.350	-1.050	0.000	-0.09324416
1.450	-1.050	0.000	-0.09407803
1.550	-1.050	0.000	-0.09456217
1.650	-1.050	0.000	-0.09411738
1.750	-1.050	0.000	-0.09309079
1.850	-1.050	0.000	-0.09109636
1.950	-1.050	0.000	-0.08934780
2.050	-1.050	0.000	-0.08713149
2.150	-1.050	0.000	-0.08595078
2.250	-1.050	0.000	-0.08428849
2.350	-1.050	0.000	-0.08291057
2.450	-1.050	0.000	-0.08091311
-2.450	-0.950	0.000	-0.13983145
-2.350	-0.950	0.000	-0.13858624
-2.250	-0.950	0.000	-0.13309450
-2.150	-0.950	0.000	-0.12740514
-2.050	-0.950	0.000	-0.12371105
-1.950	-0.950	0.000	-0.12031901
-1.850	-0.950	0.000	-0.11805216
-1.750	-0.950	0.000	-0.11443557
-1.650	-0.950	0.000	-0.11214723
-1.550	-0.950	0.000	-0.10898114
-1.450	-0.950	0.000	-0.10577447
-1.350	-0.950	0.000	-0.10231189
-1.250	-0.950	0.000	-0.09943460
-1.150	-0.950	0.000	-0.09681077
-1.050	-0.950	0.000	-0.09457812
-0.950	-0.950	0.000	-0.09168544
-0.850	-0.950	0.000	-0.09056312
-0.750	-0.950	0.000	-0.08882958
-0.650	-0.950	0.000	-0.08891470
-0.550	-0.950	0.000	-0.08988078
-0.450	-0.950	0.000	-0.09187251
-0.350	-0.950	0.000	-0.09444369
-0.250	-0.950	0.000	-0.09680469
-0.150	-0.950	0.000	-0.09851824
-0.050	-0.950	0.000	-0.09933424
0.050	-0.950	0.000	-0.09934624
0.150	-0.950	0.000	-0.09884774
0.250	-0.950	0.000	-0.09742741
0.350	-0.950	0.000	-0.09528960
0.450	-0.950	0.000	-0.09289829
0.550	-0.950	0.000	-0.09050970
0.650	-0.950	0.000	-0.08815639
0.750	-0.950	0.000	-0.08602548
0.850	-0.950	0.000	-0.08464269
0.950	-0.950	0.000	-0.08442941
1.050	-0.950	0.000	-0.08544555
1.150	-0.950	0.000	-0.08724453
1.250	-0.950	0.000	-0.08927429
1.350	-0.950	0.000	-0.09131780
1.450	-0.950	0.000	-0.09226360
1.550	-0.950	0.000	-0.09335811
1.650	-0.950	0.000	-0.09313898
1.750	-0.950	0.000	-0.09222469
1.850	-0.950	0.000	-0.09000282
1.950	-0.950	0.000	-0.08767708
2.050	-0.950	0.000	-0.08452765
2.150	-0.950	0.000	-0.08235016
2.250	-0.950	0.000	-0.07921722
2.350	-0.950	0.000	-0.07694154
2.450	-0.950	0.000	-0.07324491
-2.450	-0.850	0.000	-0.13231719
-2.350	-0.850	0.000	-0.13167369
-2.250	-0.850	0.000	-0.12640655
-2.150	-0.850	0.000	-0.11951944
-2.050	-0.850	0.000	-0.11548483
-1.950	-0.850	0.000	-0.10999046
-1.850	-0.850	0.000	-0.10669734
-1.750	-0.850	0.000	-0.10240511
-1.650	-0.850	0.000	-0.09918840
-1.550	-0.850	0.000	-0.09570009
-1.450	-0.850	0.000	-0.09252315
-1.350	-0.850	0.000	-0.08944844
-1.250	-0.850	0.000	-0.08708099
-1.150	-0.850	0.000	-0.08501954
-1.050	-0.850	0.000	-0.08305119
-0.950	-0.850	0.000	-0.08085645
-0.850	-0.850	0.000	-0.07991574
-0.750	-0.850	0.000	-0.07882036
-0.650	-0.850	0.000	-0.07950603
-0.550	-0.850	0.000	-0.08120389
-0.450	-0.850	0.000	-0.08397704
-0.350	-0.850	0.000	-0.08743678
-0.250	-0.850	0.000	-0.09053796
-0.150	-0.850	0.000	-0.09285490
-0.050	-0.850	0.000	-0.09422393
0.050	-0.850	0.000	-0.09505337
0.150	-0.850	0.000	-0.09537337
0.250	-0.850	0.000	-0.09497783
0.350	-0.850	0.000	-0.09411640
0.450	-0.850	0.000	-0.09300426
0.550	-0.850	0.000	-0.09155494
0.650	-0.850	0.000	-0.08975124
0.750	-0.850	0.000	-0.08766659
0.850	-0.850	0.000	-0.08577853
0.950	-0.850	0.000	-0.08527614
1.050	-0.850	0.000	-0.08551769
1.150	-0.850	0.000	-0.08653743
1.250	-0.850	0.000	-0.08798897
1.350	-0.850	0.000	-0.08959789
1.450	-0.850	0.000	-0.09062402
1.550	-0.850	0.000	-0.09119468
1.650	-0.850	0.000	-0.09113356
1.750	-0.850	0.000	-0.09005713
1.850	-0.850	0.000	-0.08792245
1.950	-0.850	0.000	-0.08560878
2.050	-0.850	0.000	-0.08226956
2.150	-0.850	0.000	-0.07959690
2.250	-0.850	0.000	-0.07554009
2.350	-0.850	0.000	-0.07268643
2.450	-0.850	0.000	-0.06793694
-2.450	-0.750	0.000	-0.12489159
-2.350	-0.750	0.000	-0.12473187
-2.250	-0.750	0.000	-0.12000769
-2.150	-0.750	0.000	-0.11228099
-2.050	-0.750	0.000	-0.10778280
-1.950	-0.750	0.000	-0.10030945
-1.850	-0.750	0.000	-0.09597091
-1.750	-0.750	0.000	-0.09078615
-1.650	-0.750	0.000	-0.08647002
-1.550	-0.750	0.000	-0.08252650
-1.450	-0.750	0.000	-0.07955461
-1.350	-0.750	0.000	-0.07723820
-1.250	-0.750	0.000	-0.07565570
-1.150	-0.750	0.000	-0.07440786
-1.050	-0.750	0.000	-0.07296334
-0.950	-0.750	0.000	-0.07185657
-0.850	-0.750	0.000	-0.07092102
-0.750	-0.750	0.000	-0.07091141
-0.650	-0.750	0.000	-0.07196047
-0.550	-0.750	0.000	-0.07421782
-0.450	-0.750	0.000	-0.07759625
-0.350	-0.750	0.000	-0.08142159
-0.250	-0.750	0.000	-0.08480179
-0.150	-0.750	0.000	-0.08722457
-0.050	-0.750	0.000	-0.08882810
0.050	-0.750	0.000	-0.09000819
0.150	-0.750	0.000	-0.09096183
0.250	-0.750	0.000	-0.09151448
0.350	-0.750	0.000	-0.09202530
0.450	-0.750	0.000	-0.09246042
0.550	-0.750	0.000	-0.09227128
0.650	-0.750	0.000	-0.09161045
0.750	-0.750	0.000	-0.09000292
0.850	-0.750	0.000	-0.08793397
0.950	-0.750	0.000	-0.08704576
1.050	-0.750	0.000	-0.08635947
1.150	-0.750	0.000	-0.08644022
1.250	-0.750	0.000	-0.08703333
1.350	-0.750	0.000	-0.08784303
1.450	-0.750	0.000	-0.08868009
1.550	-0.750	0.000	-0.08867751
1.650	-0.750	0.000	-0.08834604
1.750	-0.750	0.000	-0.08682831
1.850	-0.750	0.000	-0.08444211
1.950	-0.750	0.000	-0.08166118
2.050	-0.750	0.000	-0.07792532
2.150	-0.750	0.000	-0.07463808
2.250	-0.750	0.000	-0.06984652
2.350	-0.750	0.000	-0.06645951
2.450	-0.750	0.000	-0.06072756
-2.450	-0.650	0.000	-0.11782263
-2.350	-0.650	0.000	-0.11814725
-2.250	-0.650	0.000	-0.11411884
-2.150	-0.650	0.000	-0.10652658
-2.050	-0.650	0.000	-0.10062226
-1.950	-0.650	0.000	-0.09244119
-1.850	-0.650	0.000	-0.08669024
-1.750	-0.650	0.000	-0.08028269
-1.650	-0.650	0.000	-0.07485541
-1.550	-0.650	0.000	-0.07062782
-1.450	-0.650	0.000	-0.06812751
-1.350	-0.650	0.000	-0.06695052
-1.250	-0.650	0.000	-0.06659443
-1.150	-0.650	0.000	-0.06656228
-1.050	-0.650	0.000	-0.06619805
-0.950	-0.650	0.000	-0.06643727
-0.850	-0.650	0.000	-0.06637362
-0.750	-0.650	0.000	-0.06736156
-0.650	-0.650	0.000	-0.06919952
-0.550	-0.650	0.000	-0.07183050
-0.450	-0.650	0.000	-0.07546835
-0.350	-0.650	0.000	-0.07883821
-0.250	-0.650	0.000	-0.08163293
-0.150	-0.650	0.000	-0.08335828
-0.050	-0.650	0.000	-0.08461953
0.050	-0.650	0.000	-0.08570384
0.150	-0.650	0.000	-0.08667900
0.250	-0.650	0.000	-0.08773062
0.350	-0.650	0.000	-0.08906885
0.450	-0.650	0.000	-0.09042590
0.550	-0.650	0.000	-0.09119072
0.650	-0.650	0.000	-0.09126601
0.750	-0.650	0.000	-0.09030349
0.850	-0.650	0.000	-0.08863745
0.950	-0.650	0.000	-0.08730475
1.050	-0.650	0.000	-0.08584598
1.150	-0.650	0.000	-0.08513860
1.250	-0.650	0.000	-0.08485673
1.350	-0.650	0.000	-0.08495729
1.450	-0.650	0.000	-0.08509062
1.550	-0.650	0.000	-0.08484065
1.650	-0.650	0.000	-0.08400866
1.750	-0.650	0.000	-0.08257195
1.850	-0.650	0.000	-0.08041912
1.950	-0.650	0.000	-0.07754058
2.050	-0.650	0.000	-0.07381570
2.150	-0.650	0.000	-0.07037431
2.250	-0.650	0.000	-0.06570802
2.350	-0.650	0.000	-0.06238585
2.450	-0.650	0.000	-0.05661547
-2.450	-0.550	0.000	-0.11093815
-2.350	-0.550	0.000	-0.11204267
-2.250	-0.550	0.000	-0.10864618
-2.150	-0.550	0.000	-0.10180906
-2.050	-0.550	0.000	-0.09476588
-1.950	-0.550	0.000	-0.08653792
-1.850	-0.550	0.000	-0.07916061
-1.750	-0.550	0.000	-0.07153559
-1.650	-0.550	0.000	-0.06494614
-1.550	-0.550	0.000	-0.06050368
-1.450	-0.550	0.000	-0.05873049
-1.350	-0.550	0.000	-0.05894327
-1.250	-0.550	0.000	-0.05988965
-1.150	-0.550	0.000	-0.06119493
-1.050	-0.550	0.000	-0.06204968
-0.950	-0.550	0.000	-0.06341434
-0.850	-0.550	0.000	-0.06411333
-0.750	-0.550	0.000	-0.06574927
-0.650	-0.550	0.000	-0.06796487
-0.550	-0.550	0.000	-0.07051364
-0.450	-0.550	0.000	-0.07368957
-0.350	-0.550	0.000	-0.07620689
-0.250	-0.550	0.000	-0.07829356
-0.150	-0.550	0.000	-0.07929267
-0.050	-0.550	0.000	-0.08019390
0.050	-0.550	0.000	-0.08104198
0.150	-0.550	0.000	-0.08180813
0.250	-0.550	0.000	-0.08295631
0.350	-0.550	0.000	-0.08446229
0.450	-0.550	0.000	-0.08599335
0.550	-0.550	0.000	-0.08698728
0.650	-0.550	0.000	-0.08755017
0.750	-0.550	0.000	-0.08713145
0.850	-0.550	0.000	-0.08624383
0.950	-0.550	0.000	-0.08509701
1.050	-0.550	0.000	-0.08364026
1.150	-0.550	0.000	-0.08256460
1.250	-0.550	0.000	-0.08177538
1.350	-0.550	0.000	-0.08106165
1.450	-0.550	0.000	-0.08043958
1.550	-0.550	0.000	-0.07963349
1.650	-0.550	0.000	-0.07833604
1.750	-0.550	0.000	-0.07686815
1.850	-0.550	0.000	-0.07496636
1.950	-0.550	0.000	-0.07245959
2.050	-0.550	0.000	-0.06919888
2.150	-0.550	0.000	-0.06601088
2.250	-0.550	0.000	-0.06166456
2.350	-0.550	0.000	-0.05852784
2.450	-0.550	0.000	-0.05275081
-2.450	-0.450	0.000	-0.10578101
-2.350	-0.450	0.000	-0.10780264
-2.250	-0.450	0.000	-0.10491246
-2.150	-0.450	0.000	-0.09861181
-2.050	-0.450	0.000	-0.09122769
-1.950	-0.450	0.000	-0.08278161
-1.850	-0.450	0.000	-0.07441075
-1.750	-0.450	0.000	-0.06568449
-1.650	-0.450	0.000	-0.05815904
-1.550	-0.450	0.000	-0.05381416
-1.450	-0.450	0.000	-0.05349855
-1.350	-0.450	0.000	-0.05543760
-1.250	-0.450	0.000	-0.05812339
-1.150	-0.450	0.000	-0.06102623
-1.050	-0.450	0.000	-0.06336146
-0.950	-0.450	0.000	-0.06601728
-0.850	-0.450	0.000	-0.06749920
-0.750	-0.450	0.000	-0.06957018
-0.650	-0.450	0.000	-0.07164256
-0.550	-0.450	0.000	-0.07353952
-0.450	-0.450	0.000	-0.07551840
-0.350	-0.450	0.000	-0.07658431
-0.250	-0.450	0.000	-0.07774179
-0.150	-0.450	0.000	-0.07785594
-0.050	-0.450	0.000	-0.07793070
0.050	-0.450	0.000	-0.07828147
0.150	-0.450	0.000	-0.07824826
0.250	-0.450	0.000	-0.07874752
0.350	-0.450	0.000	-0.07952074
0.450	-0.450	0.000	-0.08033467
0.550	-0.450	0.000	-0.08090845
0.650	-0.450	0.000	-0.08111817
0.750	-0.450	0.000	-0.08092109
0.850	-0.450	0.000	-0.08040555
0.950	-0.450	0.000	-0.07947482
1.050	-0.450	0.000	-0.07841334
1.150	-0.450	0.000	-0.07742626
1.250	-0.450	0.000	-0.07666411
1.350	-0.450	0.000	-0.07578512
1.450	-0.450	0.000	-0.07503052
1.550	-0.450	0.000	-0.07419270
1.650	-0.450	0.000	-0.07300794
1.750	-0.450	0.000	-0.07152621
1.850	-0.450	0.000	-0.06975819
1.950	-0.450	0.000	-0.06772271
2.050	-0.450	0.000	-0.06514949
2.150	-0.450	0.000	-0.06253876
2.250	-0.450	0.000	-0.05878706
2.350	-0.450	0.000	-0.05608139
2.450	-0.450	0.000	-0.05107636
-2.450	-0.350	0.000	-0.10338423
-2.350	-0.350	0.000	-0.10611299
-2.250	-0.350	0.000	-0.10370719
-2.150	-0.350	0.000	-0.09772396
-2.050	-0.350	0.000	-0.09040473
-1.950	-0.350	0.000	-0.08166995
-1.850	-0.350	0.000	-0.07296622
-1.750	-0.350	0.000	-0.06296993
-1.650	-0.350	0.000	-0.05447782
-1.550	-0.350	0.000	-0.04991333
-1.450	-0.350	0.000	-0.05085374
-1.350	-0.350	0.000	-0.05374508
-1.250	-0.350	0.000	-0.05764345
-1.150	-0.350	0.000	-0.06201842
-1.050	-0.350	0.000	-0.06598454
-0.950	-0.350	0.000	-0.06976633
-0.850	-0.350	0.000	-0.07235003
-0.750	-0.350	0.000	-0.07460541
-0.650	-0.350	0.000	-0.07636406
-0.550	-0.350	0.000	-0.07744233
-0.450	-0.350	0.000	-0.07829703
-0.350	-0.350	0.000	-0.07787634
-0.250	-0.350	0.000	-0.07743221
-0.150	-0.350	0.000	-0.07668933
-0.050	-0.350	0.000	-0.07599432
0.050	-0.350	0.000	-0.07565150
0.150	-0.350	0.000	-0.07462787
0.250	-0.350	0.000	-0.07394831
0.350	-0.350	0.000	-0.07370826
0.450	-0.350	0.000	-0.07355789
0.550	-0.350	0.000	-0.07349889
0.650	-0.350	0.000	-0.07311045
0.750	-0.350	0.000	-0.07271253
0.850	-0.350	0.000	-0.07206383
0.950	-0.350	0.000	-0.07122389
1.050	-0.350	0.000	-0.07041269
1.150	-0.350	0.000	-0.06958049
1.250	-0.350	0.000	-0.06899054
1.350	-0.350	0.000	-0.06837969
1.450	-0.350	0.000	-0.06806458
1.550	-0.350	0.000	-0.06765196
1.650	-0.350	0.000	-0.06697311
1.750	-0.350	0.000	-0.06584202
1.850	-0.350	0.000	-0.06442279
1.950	-0.350	0.000	-0.06305689
2.050	-0.350	0.000	-0.06126983
2.150	-0.350	0.000	-0.05953297
2.250	-0.350	0.000	-0.05669583
2.350	-0.350	0.000	-0.05462535
2.450	-0.350	0.000	-0.05046075
-2.450	-0.250	0.000	-0.10291992
-2.350	-0.250	0.000	-0.10609081
-2.250	-0.250	0.000	-0.10427242
-2.150	-0.250	0.000	-0.09883943
-2.050	-0.250	0.000	-0.09203996
-1.950	-0.250	0.000	-0.08340504
-1.850	-0.250	0.000	-0.07458588
-1.750	-0.250	0.000	-0.06390395
-1.650	-0.250	0.000	-0.05501955
-1.550	-0.250	0.000	-0.05103258
-1.450	-0.250	0.000	-0.05288510
-1.350	-0.250	0.000	-0.05718229
-1.250	-0.250	0.000	-0.06238777
-1.150	-0.250	0.000	-0.06779952
-1.050	-0.250	0.000	-0.07257807
-0.950	-0.250	0.000	-0.07610627
-0.850	-0.250	0.000	-0.07895557
-0.750	-0.250	0.000	-0.08038425
-0.650	-0.250	0.000	-0.08103541
-0.550	-0.250	0.000	-0.08097690
-0.450	-0.250	0.000	-0.08042809
-0.350	-0.250	0.000	-0.07950528
-0.250	-0.250	0.000	-0.07835283
-0.150	-0.250	0.000	-0.07706071
-0.050	-0.250	0.000	-0.07559606
0.050	-0.250	0.000	-0.07423170
0.150	-0.250	0.000	-0.07197443
0.250	-0.250	0.000	-0.07016239
0.350	-0.250	0.000	-0.06884193
0.450	-0.250	0.000	-0.06771245
0.550	-0.250	0.000	-0.06690055
0.650	-0.250	0.000	-0.06591015
0.750	-0.250	0.000	-0.06527412
0.850	-0.250	0.000	-0.06446628
0.950	-0.250	0.000	-0.06368797
1.050	-0.250	0.000	-0.06303557
1.150	-0.250	0.000	-0.06234251
1.250	-0.250	0.000	-0.06188426
1.350	-0.250	0.000	-0.06163078
1.450	-0.250	0.000	-0.06183080
1.550	-0.250	0.000	-0.06197819
1.650	-0.250	0.000	-0.06193465
1.750	-0.250	0.000	-0.06132625
1.850	-0.250	0.000	-0.06037798
1.950	-0.250	0.000	-0.05954776
2.050	-0.250	0.000	-0.05849582
2.150	-0.250	0.000	-0.05755192
2.250	-0.250	0.000	-0.05563798
2.350	-0.250	0.000	-0.05403670
2.450	-0.250	0.000	-0.05044224
-2.450	-0.150	0.000	-0.10419337
-2.350	-0.150	0.000	-0.10766903
-2.250	-0.150	0.000	-0.10670479
-2.150	-0.150	0.000	-0.10174400
-2.050	-0.150	0.000	-0.09593035
-1.950	-0.150	0.000	-0.08729848
-1.850	-0.150	0.000	-0.07862981
-1.750	-0.150	0.000	-0.06784154
-1.650	-0.150	0.000	-0.05949417
-1.550	-0.150	0.000	-0.05741827
-1.450	-0.150	0.000	-0.06032756
-1.350	-0.150	0.000	-0.06582700
-1.250	-0.150	0.000	-0.07208076
-1.150	-0.150	0.000	-0.07760482
-1.050	-0.150	0.000	-0.08209027
-0.950	-0.150	0.000	-0.08469368
-0.850	-0.150	0.000	-0.08679185
-0.750	-0.150	0.000	-0.08673462
-0.650	-0.150	0.000	-0.08612875
-0.550	-0.150	0.000	-0.08506007
-0.450	-0.150	0.000	-0.08364411
-0.350	-0.150	0.000	-0.08245684
-0.250	-0.150	0.000	-0.08124047
-0.150	-0.150	0.000	-0.07963882
-0.050	-0.150	0.000	-0.07739181
0.050	-0.150	0.000	-0.07456723
0.150	-0.150	0.000	-0.07084133
0.250	-0.150	0.000	-0.06772441
0.350	-0.150	0.000	-0.06520399
0.450	-0.150	0.000	-0.06327575
0.550	-0.150	0.000	-0.06204090
0.650	-0.150	0.000	-0.06060878
0.750	-0.150	0.000	-0.05922869
0.850	-0.150	0.000	-0.05786295
0.950	-0.150	0.000	-0.05622178
1.050	-0.150	0.000	-0.05522425
1.150	-0.150	0.000	-0.05444329
1.250	-0.150	0.000	-0.05399830
1.350	-0.150	0.000	-0.05410025
1.450	-0.150	0.000	-0.05452612
1.550	-0.150	0.000	-0.05498703
1.650	-0.150	0.000	-0.05538379
1.750	-0.150	0.000	-0.05517194
1.850	-0.150	0.000	-0.05489988
1.950	-0.150	0.000	-0.05457526
2.050	-0.150	0.000	-0.05430710
2.150	-0.150	0.000	-0.05404235
2.250	-0.150	0.000	-0.05300089
2.350	-0.150	0.000	-0.05193053
2.450	-0.150	0.000	-0.04959807
-2.450	-0.050	0.000	-0.10655663
-2.350	-0.050	0.000	-0.10972348
-2.250	-0.050	0.000	-0.10952470
-2.150	-0.050	0.000	-0.10556408
-2.050	-0.050	0.000	-0.10089134
-1.950	-0.050	0.000	-0.09264514
-1.850	-0.050	0.000	-0.08454847
-1.750	-0.050	0.000	-0.07479440
-1.650	-0.050	0.000	-0.06760675
-1.550	-0.050	0.000	-0.06713308
-1.450	-0.050	0.000	-0.07021588
-1.350	-0.050	0.000	-0.07543913
-1.250	-0.050	0.000	-0.08075661
-1.150	-0.050	0.000	-0.08461294
-1.050	-0.050	0.000	-0.08694166
-0.950	-0.050	0.000	-0.08763087
-0.850	-0.050	0.000	-0.08787933
-0.750	-0.050	0.000	-0.08678358
-0.650	-0.050	0.000	-0.08573464
-0.550	-0.050	0.000	-0.08463302
-0.450	-0.050	0.000	-0.08329706
-0.350	-0.050	0.000	-0.08207493
-0.250	-0.050	0.000	-0.08041819
-0.150	-0.050	0.000	-0.07866742
-0.050	-0.050	0.000	-0.07648048
0.050	-0.050	0.000	-0.07324600
0.150	-0.050	0.000	-0.06994449
0.250	-0.050	0.000	-0.06626856
0.350	-0.050	0.000	-0.06336010
0.450	-0.050	0.000	-0.06115020
0.550	-0.050	0.000	-0.05937078
0.650	-0.050	0.000	-0.05770436
0.750	-0.050	0.000	-0.05612204
0.850	-0.050	0.000	-0.05470594
0.950	-0.050	0.000	-0.05300358
1.050	-0.050	0.000	-0.05183706
1.150	-0.050	0.000	-0.05092028
1.250	-0.050	0.000	-0.05018070
1.350	-0.050	0.000	-0.04982548
1.450	-0.050	0.000	-0.04990039
1.550	-0.050	0.000	-0.05017795
1.650	-0.050	0.000	-0.05062567
1.750	-0.050	0.000	-0.05072549
1.850	-0.050	0.000	-0.05105043
1.950	-0.050	0.000	-0.05109980
2.050	-0.050	0.000	-0.05117536
2.150	-0.050	0.000	-0.05084191
2.250	-0.050	0.000	-0.04998052
2.350	-0.050	0.000	-0.04913007
2.450	-0.050	0.000	-0.04746101
-2.450	0.050	0.000	-0.10673968
-2.350	0.050	0.000	-0.10944527
-2.250	0.050	0.000	-0.10975628
-2.150	0.050	0.000	-0.10682283
-2.050	0.050	0.000	-0.10276013
-1.950	0.050	0.000	-0.09542247
-1.850	0.050	0.000	-0.08828198
-1.750	0.050	0.000	-0.08037598
-1.650	0.050	0.000	-0.07494090
-1.550	0.050	0.000	-0.07535759
-1.450	0.050	0.000	-0.07855560
-1.350	0.050	0.000	-0.08286151
-1.250	0.050	0.000	-0.08634982
-1.150	0.050	0.000	-0.08828916
-1.050	0.050	0.000	-0.08846559
-0.950	0.050	0.000	-0.08775117
-0.850	0.050	0.000	-0.08652356
-0.750	0.050	0.000	-0.08510862
-0.650	0.050	0.000	-0.08407671
-0.550	0.050	0.000	-0.08312102
-0.450	0.050	0.000	-0.08191857
-0.350	0.050	0.000	-0.08072031
-0.250	0.050	0.000	-0.07895222
-0.150	0.050	0.000	-0.07705113
-0.050	0.050	0.000	-0.07475976
0.050	0.050	0.000	-0.07140787
0.150	0.050	0.000	-0.06825124
0.250	0.050	0.000	-0.06513570
0.350	0.050	0.000	-0.06238908
0.450	0.050	0.000	-0.06012403
0.550	0.050	0.000	-0.05828508
0.650	0.050	0.000	-0.05671386
0.750	0.050	0.000	-0.05494268
0.850	0.050	0.000	-0.05334182
0.950	0.050	0.000	-0.05135210
1.050	0.050	0.000	-0.04982246
1.150	0.050	0.000	-0.04841006
1.250	0.050	0.000	-0.04703145
1.350	0.050	0.000	-0.04632051
1.450	0.050	0.000	-0.04599146
1.550	0.050	0.000	-0.04571596
1.650	0.050	0.000	-0.04554798
1.750	0.050	0.000	-0.04522579
1.850	0.050	0.000	-0.04528655
1.950	0.050	0.000	-0.04528946
2.050	0.050	0.000	-0.04568275
2.150	0.050	0.000	-0.04577184
2.250	0.050	0.000	-0.04590064
2.350	0.050	0.000	-0.04552291
2.450	0.050	0.000	-0.04513523
-2.450	0.150	0.000	-0.10294603
-2.350	0.150	0.000	-0.10511799
-2.250	0.150	0.000	-0.10596739
-2.150	0.150	0.000	-0.10415223
-2.050	0.150	0.000	-0.10054164
-1.950	0.150	0.000	-0.09432212
-1.850	0.150	0.000	-0.08761051
-1.750	0.150	0.000	-0.08084314
-1.650	0.150	0.000	-0.07689696
-1.550	0.150	0.000	-0.07769530
-1.450	0.150	0.000	-0.08069249
-1.350	0.150	0.000	-0.08404767
-1.250	0.150	0.000	-0.08630919
-1.150	0.150	0.000	-0.08700293
-1.050	0.150	0.000	-0.08622676
-0.950	0.150	0.000	-0.08530111
-0.850	0.150	0.000	-0.08389027
-0.750	0.150	0.000	-0.08315692
-0.650	0.150	0.000	-0.08227739
-0.550	0.150	0.000	-0.08128893
-0.450	0.150	0.000	-0.07974517
-0.350	0.150	0.000	-0.07802208
-0.250	0.150	0.000	-0.07598498
-0.150	0.150	0.000	-0.07403738
-0.050	0.150	0.000	-0.07185795
0.050	0.150	0.000	-0.06940457
0.150	0.150	0.000	-0.06648900
0.250	0.150	0.000	-0.06360777
0.350	0.150	0.000	-0.06084031
0.450	0.150	0.000	-0.05871962
0.550	0.150	0.000	-0.05713852
0.650	0.150	0.000	-0.05559766
0.750	0.150	0.000	-0.05379626
0.850	0.150	0.000	-0.05205867
0.950	0.150	0.000	-0.05023218
1.050	0.150	0.000	-0.04858591
1.150	0.150	0.000	-0.04714254
1.250	0.150	0.000	-0.04602306
1.350	0.150	0.000	-0.04505601
1.450	0.150	0.000	-0.04411548
1.550	0.150	0.000	-0.04339249
1.650	0.150	0.000	-0.04301939
1.750	0.150	0.000	-0.04263950
1.850	0.150	0.000	-0.04251151
1.950	0.150	0.000	-0.04176634
2.050	0.150	0.000	-0.04143820
2.150	0.150	0.000	-0.04131773
2.250	0.150	0.000	-0.04172916
2.350	0.150	0.000	-0.04183326
2.450	0.150	0.000	-0.04200504
-2.450	0.250	0.000	-0.09609605
-2.350	0.250	0.000	-0.09747341
-2.250	0.250	0.000	-0.09847334
-2.150	0.250	0.000	-0.09749682
-2.050	0.250	0.000	-0.09439590
-1.950	0.250	0.000	-0.08992461
-1.850	0.250	0.000	-0.08413225
-1.750	0.250	0.000	-0.07898705
-1.650	0.250	0.000	-0.07632396
-1.550	0.250	0.000	-0.07732069
-1.450	0.250	0.000	-0.07996053
-1.350	0.250	0.000	-0.08266161
-1.250	0.250	0.000	-0.08415364
-1.150	0.250	0.000	-0.08401720
-1.050	0.250	0.000	-0.08328428
-0.950	0.250	0.000	-0.08291566
-0.850	0.250	0.000	-0.08189484
-0.750	0.250	0.000	-0.08180939
-0.650	0.250	0.000	-0.08083370
-0.550	0.250	0.000	-0.07977585
-0.450	0.250	0.000	-0.07779872
-0.350	0.250	0.000	-0.07557685
-0.250	0.250	0.000	-0.07300638
-0.150	0.250	0.000	-0.07075767
-0.050	0.250	0.000	-0.06857459
0.050	0.250	0.000	-0.06650678
0.150	0.250	0.000	-0.06404052
0.250	0.250	0.000	-0.06146446
0.350	0.250	0.000	-0.05893155
0.450	0.250	0.000	-0.05678846
0.550	0.250	0.000	-0.05510828
0.650	0.250	0.000	-0.05367377
0.750	0.250	0.000	-0.05225587
0.850	0.250	0.000	-0.05056537
0.950	0.250	0.000	-0.04908326
1.050	0.250	0.000	-0.04748759
1.150	0.250	0.000	-0.04632842
1.250	0.250	0.000	-0.04535860
1.350	0.250	0.000	-0.04437709
1.450	0.250	0.000	-0.04346022
1.550	0.250	0.000	-0.04253910
1.650	0.250	0.000	-0.04166124
1.750	0.250	0.000	-0.04029471
1.850	0.250	0.000	-0.03896875
1.950	0.250	0.000	-0.03749048
2.050	0.250	0.000	-0.03679675
2.150	0.250	0.000	-0.03628913
2.250	0.250	0.000	-0.03655169
2.350	0.250	0.000	-0.03700504
2.450	0.250	0.000	-0.03788579
-2.450	0.350	0.000	-0.09157714
-2.350	0.350	0.000	-0.09171522
-2.250	0.350	0.000	-0.09236665
-2.150	0.350	0.000	-0.09149280
-2.050	0.350	0.000	-0.08914707
-1.950	0.350	0.000	-0.08577900
-1.850	0.350	0.000	-0.08104104
-1.750	0.350	0.000	-0.07670246
-1.650	0.350	0.000	-0.07489510
-1.550	0.350	0.000	-0.07551342
-1.450	0.350	0.000	-0.07739854
-1.350	0.350	0.000	-0.07950926
-1.250	0.350	0.000	-0.08078884
-1.150	0.350	0.000	-0.08120175
-1.050	0.350	0.000	-0.08134528
-0.950	0.350	0.000	-0.08190031
-0.850	0.350	0.000	-0.08170688
-0.750	0.350	0.000	-0.08206134
-0.650	0.350	0.000	-0.08118276
-0.550	0.350	0.000	-0.07979972
-0.450	0.350	0.000	-0.07735471
-0.350	0.350	0.000	-0.07437072
-0.250	0.350	0.000	-0.07131632
-0.150	0.350	0.000	-0.06863408
-0.050	0.350	0.000	-0.06636053
0.050	0.350	0.000	-0.06408349
0.150	0.350	0.000	-0.06149312
0.250	0.350	0.000	-0.05870749
0.350	0.350	0.000	-0.05618016
0.450	0.350	0.000	-0.05429281
0.550	0.350	0.000	-0.05293926
0.650	0.350	0.000	-0.05209172
0.750	0.350	0.000	-0.05089288
0.850	0.350	0.000	-0.04963237
0.950	0.350	0.000	-0.04813869
1.050	0.350	0.000	-0.04647549
1.150	0.350	0.000	-0.04520262
1.250	0.350	0.000	-0.04430267
1.350	0.350	0.000	-0.04394994
1.450	0.350	0.000	-0.04369986
1.550	0.350	0.000	-0.04306760
1.650	0.350	0.000	-0.04184612
1.750	0.350	0.000	-0.04003492
1.850	0.350	0.000	-0.03814962
1.950	0.350	0.000	-0.03609447
2.050	0.350	0.000	-0.03463941
2.150	0.350	0.000	-0.03350375
2.250	0.350	0.000	-0.03343257
2.350	0.350	0.000	-0.03364433
2.450	0.350	0.000	-0.03401874
-2.450	0.450	0.000	-0.08942734
-2.350	0.450	0.000	-0.08791307
-2.250	0.450	0.000	-0.08865004
-2.150	0.450	0.000	-0.08836910
-2.050	0.450	0.000	-0.08608049
-1.950	0.450	0.000	-0.08418269
-1.850	0.450	0.000	-0.08037006
-1.750	0.450	0.000	-0.07613391
-1.650	0.450	0.000	-0.07422882
-1.550	0.450	0.000	-0.07416804
-1.450	0.450	0.000	-0.07545844
-1.350	0.450	0.000	-0.07719555
-1.250	0.450	0.000	-0.07871734
-1.150	0.450	0.000	-0.07971988
-1.050	0.450	0.000	-0.08053819
-0.950	0.450	0.000	-0.08142358
-0.850	0.450	0.000	-0.08234758
-0.750	0.450	0.000	-0.08286736
-0.650	0.450	0.000	-0.08281931
-0.550	0.450	0.000	-0.08155595
-0.450	0.450	0.000	-0.07906041
-0.350	0.450	0.000	-0.07584974
-0.250	0.450	0.000	-0.07185234
-0.150	0.450	0.000	-0.06876547
-0.050	0.450	0.000	-0.06587260
0.050	0.450	0.000	-0.06300284
0.150	0.450	0.000	-0.06039317
0.250	0.450	0.000	-0.05758040
0.350	0.450	0.000	-0.05491581
0.450	0.450	0.000	-0.05269357
0.550	0.450	0.000	-0.05075713
0.650	0.450	0.000	-0.04996208
0.750	0.450	0.000	-0.04892650
0.850	0.450	0.000	-0.04858863
0.950	0.450	0.000	-0.04801549
1.050	0.450	0.000	-0.04699412
1.150	0.450	0.000	-0.04596318
1.250	0.450	0.000	-0.04502938
1.350	0.450	0.000	-0.04420522
1.450	0.450	0.000	-0.04357129
1.550	0.450	0.000	-0.04291611
1.650	0.450	0.000	-0.04186626
1.750	0.450	0.000	-0.04052827
1.850	0.450	0.000	-0.03908967
1.950	0.450	0.000	-0.03692577
2.050	0.450	0.000	-0.03474406
2.150	0.450	0.000	-0.03278655
2.250	0.450	0.000	-0.03164969
2.350	0.450	0.000	-0.03095996
2.450	0.450	0.000	-0.02982376
-2.450	0.550	0.000	-0.08903450
-2.350	0.550	0.000	-0.08546501
-2.250	0.550	0.000	-0.08623275
-2.150	0.550	0.000	-0.08478516
-2.050	0.550	0.000	-0.08341063
-1.950	0.550	0.000	-0.08338576
-1.850	0.550	0.000	-0.08122031
-1.750	0.550	0.000	-0.07777487
-1.650	0.550	0.000	-0.07597390
-1.550	0.550	0.000	-0.07506575
-1.450	0.550	0.000	-0.07574424
-1.350	0.550	0.000	-0.07727172
-1.250	0.550	0.000	-0.07920374
-1.150	0.550	0.000	-0.08096960
-1.050	0.550	0.000	-0.08254404
-0.950	0.550	0.000	-0.08393189
-0.850	0.550	0.000	-0.08497568
-0.750	0.550	0.000	-0.08552843
-0.650	0.550	0.000	-0.08500972
-0.550	0.550	0.000	-0.08403182
-0.450	0.550	0.000	-0.08210511
-0.350	0.550	0.000	-0.07949673
-0.250	0.550	0.000	-0.07616350
-0.150	0.550	0.000	-0.07289171
-0.050	0.550	0.000	-0.06939339
0.050	0.550	0.000	-0.06581844
0.150	0.550	0.000	-0.06273017
0.250	0.550	0.000	-0.05945223
0.350	0.550	0.000	-0.05639496
0.450	0.550	0.000	-0.05411940
0.550	0.550	0.000	-0.05204757
0.650	0.550	0.000	-0.05136928
0.750	0.550	0.000	-0.05008075
0.850	0.550	0.000	-0.04983717
0.950	0.550	0.000	-0.04927400
1.050	0.550	0.000	-0.04843653
1.150	0.550	0.000	-0.04751958
1.250	0.550	0.000	-0.04660849
1.350	0.550	0.000	-0.04577439
1.450	0.550	0.000	-0.04480499
1.550	0.550	0.000	-0.04375163
1.650	0.550	0.000	-0.04246505
1.750	0.550	0.000	-0.04115530
1.850	0.550	0.000	-0.03974215
1.950	0.550	0.000	-0.03814952
2.050	0.550	0.000	-0.03671381
2.150	0.550	0.000	-0.03496860
2.250	0.550	0.000	-0.03299073
2.350	0.550	0.000	-0.03147827
2.450	0.550	0.000	-0.02909642
-2.450	0.650	0.000	-0.09218834
-2.350	0.650	0.000	-0.08771760
-2.250	0.650	0.000	-0.08707317
-2.150	0.650	0.000	-0.08489122
-2.050	0.650	0.000	-0.08544651
-1.950	0.650	0.000	-0.08543167
-1.850	0.650	0.000	-0.08489500
-1.750	0.650	0.000	-0.08262993
-1.650	0.650	0.000	-0.08100508
-1.550	0.650	0.000	-0.07965399
-1.450	0.650	0.000	-0.07938157
-1.350	0.650	0.000	-0.08020461
-1.250	0.650	0.000	-0.08169153
-1.150	0.650	0.000	-0.08359150
-1.050	0.650	0.000	-0.08546292
-0.950	0.650	0.000	-0.08711170
-0.850	0.650	0.000	-0.08771639
-0.750	0.650	0.000	-0.08815805
-0.650	0.650	0.000	-0.08747339
-0.550	0.650	0.000	-0.08665519
-0.450	0.650	0.000	-0.08583057
-0.350	0.650	0.000	-0.08416651
-0.250	0.650	0.000	-0.08181807
-0.150	0.650	0.000	-0.07926814
-0.050	0.650	0.000	-0.07639334
0.050	0.650	0.000	-0.07309356
0.150	0.650	0.000	-0.06978480
0.250	0.650	0.000	-0.06626318
0.350	0.650	0.000	-0.06270854
0.450	0.650	0.000	-0.05982905
0.550	0.650	0.000	-0.05732778
0.650	0.650	0.000	-0.05577770
0.750	0.650	0.000	-0.05442119
0.850	0.650	0.000	-0.05364587
0.950	0.650	0.000	-0.05282269
1.050	0.650	0.000	-0.05172262
1.150	0.650	0.000	-0.05035928
1.250	0.650	0.000	-0.04875998
1.350	0.650	0.000	-0.04709329
1.450	0.650	0.000	-0.04557415
1.550	0.650	0.000	-0.04441569
1.650	0.650	0.000	-0.04334274
1.750	0.650	0.000	-0.04251127
1.850	0.650	0.000	-0.04181140
1.950	0.650	0.000	-0.04082207
2.050	0.650	0.000	-0.03991348
2.150	0.650	0.000	-0.03849204
2.250	0.650	0.000	-0.03678263
2.350	0.650	0.000	-0.03477831
2.450	0.650	0.000	-0.03059913
-2.450	0.750	0.000	-0.09657290
-2.350	0.750	0.000	-0.09284805
-2.250	0.750	0.000	-0.09055134
-2.150	0.750	0.000	-0.08940759
-2.050	0.750	0.000	-0.08888596
-1.950	0.750	0.000	-0.08950001
-1.850	0.750	0.000	-0.08958945
-1.750	0.750	0.000	-0.08850189
-1.650	0.750	0.000	-0.08752251
-1.550	0.750	0.000	-0.08691861
-1.450	0.750	0.000	-0.08646278
-1.350	0.750	0.000	-0.08654527
-1.250	0.750	0.000	-0.08740117
-1.150	0.750	0.000	-0.08836815
-1.050	0.750	0.000	-0.08929449
-0.950	0.750	0.000	-0.08993319
-0.850	0.750	0.000	-0.08988773
-0.750	0.750	0.000	-0.08961555
-0.650	0.750	0.000	-0.08947227
-0.550	0.750	0.000	-0.08857454
-0.450	0.750	0.000	-0.08856390
-0.350	0.750	0.000	-0.08822228
-0.250	0.750	0.000	-0.08695438
-0.150	0.750	0.000	-0.08519028
-0.050	0.750	0.000	-0.08316797
0.050	0.750	0.000	-0.08091223
0.150	0.750	0.000	-0.07846075
0.250	0.750	0.000	-0.07574369
0.350	0.750	0.000	-0.07248423
0.450	0.750	0.000	-0.06929508
0.550	0.750	0.000	-0.06649928
0.650	0.750	0.000	-0.06429297
0.750	0.750	0.000	-0.06289367
0.850	0.750	0.000	-0.06104584
0.950	0.750	0.000	-0.05962395
1.050	0.750	0.000	-0.05798613
1.150	0.750	0.000	-0.05622718
1.250	0.750	0.000	-0.05435002
1.350	0.750	0.000	-0.05227937
1.450	0.750	0.000	-0.04989909
1.550	0.750	0.000	-0.04758547
1.650	0.750	0.000	-0.04537593
1.750	0.750	0.000	-0.04359020
1.850	0.750	0.000	-0.04214846
1.950	0.750	0.000	-0.04101787
2.050	0.750	0.000	-0.04007444
2.150	0.750	0.000	-0.03875798
2.250	0.750	0.000	-0.03727024
2.350	0.750	0.000	-0.03558656
2.450	0.750	0.000	-0.03187777
-2.450	0.850	0.000	-0.10051178
-2.350	0.850	0.000	-0.09708177
-2.250	0.850	0.000	-0.09329331
-2.150	0.850	0.000	-0.09081738
-2.050	0.850	0.000	-0.08923259
-1.950	0.850	0.000	-0.09004253
-1.850	0.850	0.000	-0.09017468
-1.750	0.850	0.000	-0.09086975
-1.650	0.850	0.000	-0.09064482
-1.550	0.850	0.000	-0.09064052
-1.450	0.850	0.000	-0.09061394
-1.350	0.850	0.000	-0.09081471
-1.250	0.850	0.000	-0.09164416
-1.150	0.850	0.000	-0.09246071
-1.050	0.850	0.000	-0.09271821
-0.950	0.850	0.000	-0.09225223
-0.850	0.850	0.000	-0.09134174
-0.750	0.850	0.000	-0.09045071
-0.650	0.850	0.000	-0.09051081
-0.550	0.850	0.000	-0.09076546
-0.450	0.850	0.000	-0.09114185
-0.350	0.850	0.000	-0.09180836
-0.250	0.850	0.000	-0.09128454
-0.150	0.850	0.000	-0.09032881
-0.050	0.850	0.000	-0.08920778
0.050	0.850	0.000	-0.08779667
0.150	0.850	0.000	-0.08591468
0.250	0.850	0.000	-0.08352798
0.350	0.850	0.000	-0.08057912
0.450	0.850	0.000	-0.07757951
0.550	0.850	0.000	-0.07496703
0.650	0.850	0.000	-0.07235753
0.750	0.850	0.000	-0.07069828
0.850	0.850	0.000	-0.06861254
0.950	0.850	0.000	-0.06672723
1.050	0.850	0.000	-0.06472178
1.150	0.850	0.000	-0.06255244
1.250	0.850	0.000	-0.06025846
1.350	0.850	0.000	-0.05773720
1.450	0.850	0.000	-0.05487683
1.550	0.850	0.000	-0.05184970
1.650	0.850	0.000	-0.04895433
1.750	0.850	0.000	-0.04669103
1.850	0.850	0.000	-0.04464367
1.950	0.850	0.000	-0.04328323
2.050	0.850	0.000	-0.04180313
2.150	0.850	0.000	-0.04051618
2.250	0.850	0.000	-0.03899560
2.350	0.850	0.000	-0.03800921
2.450	0.850	0.000	-0.03497523
-2.450	0.950	0.000	-0.10600525
-2.350	0.950	0.000	-0.10276433
-2.250	0.950	0.000	-0.09812939
-2.150	0.950	0.000	-0.09393662
-2.050	0.950	0.000	-0.09061842
-1.950	0.950	0.000	-0.09034498
-1.850	0.950	0.000	-0.08972744
-1.750	0.950	0.000	-0.09159387
-1.650	0.950	0.000	-0.09176388
-1.550	0.950	0.000	-0.09158397
-1.450	0.950	0.000	-0.09167234
-1.350	0.950	0.000	-0.09190939
-1.250	0.950	0.000	-0.09257661
-1.150	0.950	0.000	-0.09351858
-1.050	0.950	0.000	-0.09419189
-0.950	0.950	0.000	-0.09420964
-0.850	0.950	0.000	-0.09386357
-0.750	0.950	0.000	-0.09350316
-0.650	0.950	0.000	-0.09373035
-0.550	0.950	0.000	-0.09459097
-0.450	0.950	0.000	-0.09504618
-0.350	0.950	0.000	-0.09574419
-0.250	0.950	0.000	-0.09578485
-0.150	0.950	0.000	-0.09532173
-0.050	0.950	0.000	-0.09453914
0.050	0.950	0.000	-0.09348580
0.150	0.950	0.000	-0.09194282
0.250	0.950	0.000	-0.08984665
0.350	0.950	0.000	-0.08725195
0.450	0.950	0.000	-0.08439589
0.550	0.950	0.000	-0.08171425
0.650	0.950	0.000	-0.07930508
0.750	0.950	0.000	-0.07702455
0.850	0.950	0.000	-0.07537101
0.950	0.950	0.000	-0.07359036
1.050	0.950	0.000	-0.07179496
1.150	0.950	0.000	-0.06978296
1.250	0.950	0.000	-0.06728964
1.350	0.950	0.000	-0.06426793
1.450	0.950	0.000	-0.06072317
1.550	0.950	0.000	-0.05686772
1.650	0.950	0.000	-0.05290616
1.750	0.950	0.000	-0.04928718
1.850	0.950	0.000	-0.04576965
1.950	0.950	0.000	-0.04325610
2.050	0.950	0.000	-0.04061120
2.150	0.950	0.000	-0.03862779
2.250	0.950	0.000	-0.03677671
2.350	0.950	0.000	-0.03558207
2.450	0.950	0.000	-0.03326505
-2.450	1.050	0.000	-0.11372114
-2.350	1.050	0.000	-0.11022967
-2.250	1.050	0.000	-0.10501280
-2.150	1.050	0.000	-0.09920258
-2.050	1.050	0.000	-0.09426885
-1.950	1.050	0.000	-0.09173961
-1.850	1.050	0.000	-0.09152754
-1.750	1.050	0.000	-0.09242134
-1.650	1.050	0.000	-0.09294151
-1.550	1.050	0.000	-0.09227306
-1.450	1.050	0.000	-0.09167920
-1.350	1.050	0.000	-0.09149102
-1.250	1.050	0.000	-0.09175701
-1.150	1.050	0.000	-0.09256033
-1.050	1.050	0.000	-0.09387758
-0.950	1.050	0.000	-0.09537476
-0.850	1.050	0.000	-0.09630471
-0.750	1.050	0.000	-0.09691216
-0.650	1.050	0.000	-0.09699069
-0.550	1.050	0.000	-0.09733299
-0.450	1.050	0.000	-0.09753123
-0.350	1.050	0.000	-0.09738610
-0.250	1.050	0.000	-0.09733576
-0.150	1.050	0.000	-0.09704310
-0.050	1.050	0.000	-0.09636857
0.050	1.050	0.000	-0.09529283
0.150	1.050	0.000	-0.09380510
0.250	1.050	0.000	-0.09192895
0.350	1.050	0.000	-0.08971647
0.450	1.050	0.000	-0.08712518
0.550	1.050	0.000	-0.08449847
0.650	1.050	0.000	-0.08215988
0.750	1.050	0.000	-0.07976599
0.850	1.050	0.000	-0.07845797
0.950	1.050	0.000	-0.07703273
1.050	1.050	0.000	-0.07560337
1.150	1.050	0.000	-0.07390590
1.250	1.050	0.000	-0.07171623
1.350	1.050	0.000	-0.06892569
1.450	1.050	0.000	-0.06547873
1.550	1.050	0.000	-0.06136921
1.650	1.050	0.000	-0.05676317
1.750	1.050	0.000	-0.05218539
1.850	1.050	0.000	-0.04738861
1.950	1.050	0.000	-0.04354464
2.050	1.050	0.000	-0.03956974
2.150	1.050	0.000	-0.03725148
2.250	1.050	0.000	-0.03543416
2.350	1.050	0.000	-0.03463925
2.450	1.050	0.000	-0.03391063
-2.450	1.150	0.000	-0.12057732
-2.350	1.150	0.000	-0.11662997
-2.250	1.150	0.000	-0.11090226
-2.150	1.150	0.000	-0.10458899
-2.050	1.150	0.000	-0.09814135
-1.950	1.150	0.000	-0.09415858
-1.850	1.150	0.000	-0.09371346
-1.750	1.150	0.000	-0.09345520
-1.650	1.150	0.000	-0.09563672
-1.550	1.150	0.000	-0.09566712
-1.450	1.150	0.000	-0.09463507
-1.350	1.150	0.000	-0.09340115
-1.250	1.150	0.000	-0.09239593
-1.150	1.150	0.000	-0.09259672
-1.050	1.150	0.000	-0.09385855
-0.950	1.150	0.000	-0.09612978
-0.850	1.150	0.000	-0.09841520
-0.750	1.150	0.000	-0.10000786
-0.650	1.150	0.000	-0.10007394
-0.550	1.150	0.000	-0.09947784
-0.450	1.150	0.000	-0.09878762
-0.350	1.150	0.000	-0.09782019
-0.250	1.150	0.000	-0.09757841
-0.150	1.150	0.000	-0.09761564
-0.050	1.150	0.000	-0.09717862
0.050	1.150	0.000	-0.09612805
0.150	1.150	0.000	-0.09486910
0.250	1.150	0.000	-0.09355442
0.350	1.150	0.000	-0.09206672
0.450	1.150	0.000	-0.09014601
0.550	1.150	0.000	-0.08793411
0.650	1.150	0.000	-0.08550461
0.750	1.150	0.000	-0.08312973
0.850	1.150	0.000	-0.08133284
0.950	1.150	0.000	-0.07966945
1.050	1.150	0.000	-0.07796828
1.150	1.150	0.000	-0.07598387
1.250	1.150	0.000	-0.07367261
1.350	1.150	0.000	-0.07091735
1.450	1.150	0.000	-0.06767594
1.550	1.150	0.000	-0.06416402
1.650	1.150	0.000	-0.06013955
1.750	1.150	0.000	-0.05591102
1.850	1.150	0.000	-0.05104374
1.950	1.150	0.000	-0.04634362
2.050	1.150	0.000	-0.04105091
2.150	1.150	0.000	-0.03720077
2.250	1.150	0.000	-0.03337787
2.350	1.150	0.000	-0.03162024
2.450	1.150	0.000	-0.03006268
-2.450	1.250	0.000	-0.12502863
-2.350	1.250	0.000	-0.12095638
-2.250	1.250	0.000	-0.11511037
-2.150	1.250	0.000	-0.10856735
-2.050	1.250	0.000	-0.10100991
-1.950	1.250	0.000	-0.09563056
-1.850	1.250	0.000	-0.09347101
-1.750	1.250	0.000	-0.09310636
-1.650	1.250	0.000	-0.09554668
-1.550	1.250	0.000	-0.09682148
-1.450	1.250	0.000	-0.09685156
-1.350	1.250	0.000	-0.09582724
-1.250	1.250	0.000	-0.09403618
-1.150	1.250	0.000	-0.09265211
-1.050	1.250	0.000	-0.09246042
-0.950	1.250	0.000	-0.09345477
-0.850	1.250	0.000	-0.09526746
-0.750	1.250	0.000	-0.09722193
-0.650	1.250	0.000	-0.09797144
-0.550	1.250	0.000	-0.09802738
-0.450	1.250	0.000	-0.09751265
-0.350	1.250	0.000	-0.09675907
-0.250	1.250	0.000	-0.09631957
-0.150	1.250	0.000	-0.09619839
-0.050	1.250	0.000	-0.09595763
0.050	1.250	0.000	-0.09511683
0.150	1.250	0.000	-0.09408595
0.250	1.250	0.000	-0.09300734
0.350	1.250	0.000	-0.09176811
0.450	1.250	0.000	-0.09018741
0.550	1.250	0.000	-0.08824524
0.650	1.250	0.000	-0.08591120
0.750	1.250	0.000	-0.08368064
0.850	1.250	0.000	-0.08120361
0.950	1.250	0.000	-0.07929037
1.050	1.250	0.000	-0.07718917
1.150	1.250	0.000	-0.07487828
1.250	1.250	0.000	-0.07245153
1.350	1.250	0.000	-0.06994256
1.450	1.250	0.000	-0.06738281
1.550	1.250	0.000	-0.06477015
1.650	1.250	0.000	-0.06158713
1.750	1.250	0.000	-0.05803861
1.850	1.250	0.000	-0.05374389
1.950	1.250	0.000	-0.04905902
2.050	1.250	0.000	-0.04372381
2.150	1.250	0.000	-0.03850738
2.250	1.250	0.000	-0.03312158
2.350	1.250	0.000	-0.02868892
2.450	1.250	0.000	-0.02360041
-2.450	1.350	0.000	-0.13014942
-2.350	1.350	0.000	-0.12628926
-2.250	1.350	0.000	-0.12071673
-2.150	1.350	0.000	-0.11395951
-2.050	1.350	0.000	-0.10561503
-1.950	1.350	0.000	-0.09818092
-1.850	1.350	0.000	-0.09292323
-1.750	1.350	0.000	-0.09214101
-1.650	1.350	0.000	-0.09305303
-1.550	1.350	0.000	-0.09604482
-1.450	1.350	0.000	-0.09740952
-1.350	1.350	0.000	-0.09760113
-1.250	1.350	0.000	-0.09664027
-1.150	1.350	0.000	-0.09462300
-1.050	1.350	0.000	-0.09219985
-0.950	1.350	0.000	-0.09064744
-0.850	1.350	0.000	-0.09065286
-0.750	1.350	0.000	-0.09187534
-0.650	1.350	0.000	-0.09338047
-0.550	1.350	0.000	-0.09482070
-0.450	1.350	0.000	-0.09563864
-0.350	1.350	0.000	-0.09625156
-0.250	1.350	0.000	-0.09612807
-0.150	1.350	0.000	-0.09550029
-0.050	1.350	0.000	-0.09475564
0.050	1.350	0.000	-0.09329808
0.150	1.350	0.000	-0.09182430
0.250	1.350	0.000	-0.09061096
0.350	1.350	0.000	-0.08944139
0.450	1.350	0.000	-0.08811653
0.550	1.350	0.000	-0.08645079
0.650	1.350	0.000	-0.08419326
0.750	1.350	0.000	-0.08190563
0.850	1.350	0.000	-0.07952308
0.950	1.350	0.000	-0.07733089
1.050	1.350	0.000	-0.07511430
1.150	1.350	0.000	-0.07280648
1.250	1.350	0.000	-0.07027958
1.350	1.350	0.000	-0.06757806
1.450	1.350	0.000	-0.06489585
1.550	1.350	0.000	-0.06229410
1.650	1.350	0.000	-0.05967120
1.750	1.350	0.000	-0.05704488
1.850	1.350	0.000	-0.05366658
1.950	1.350	0.000	-0.04966322
2.050	1.350	0.000	-0.04476761
2.150	1.350	0.000	-0.03949771
2.250	1.350	0.000	-0.03364164
2.350	1.350	0.000	-0.02877679
2.450	1.350	0.000	-0.02071147
-2.450	1.450	0.000	-0.13660175
-2.350	1.450	0.000	-0.13297538
-2.250	1.450	0.000	-0.12779550
-2.150	1.450	0.000	-0.12115786
-2.050	1.450	0.000	-0.11244373
-1.950	1.450	0.000	-0.10306710
-1.850	1.450	0.000	-0.09466515
-1.750	1.450	0.000	-0.09047101
-1.650	1.450	0.000	-0.08951475
-1.550	1.450	0.000	-0.09258089
-1.450	1.450	0.000	-0.09550560
-1.350	1.450	0.000	-0.09770148
-1.250	1.450	0.000	-0.09820869
-1.150	1.450	0.000	-0.09686557
-1.050	1.450	0.000	-0.09448308
-0.950	1.450	0.000	-0.09210441
-0.850	1.450	0.000	-0.09048956
-0.750	1.450	0.000	-0.09033754
-0.650	1.450	0.000	-0.09120452
-0.550	1.450	0.000	-0.09275488
-0.450	1.450	0.000	-0.09419072
-0.350	1.450	0.000	-0.09530260
-0.250	1.450	0.000	-0.09586871
-0.150	1.450	0.000	-0.09520513
-0.050	1.450	0.000	-0.09399858
0.050	1.450	0.000	-0.09192911
0.150	1.450	0.000	-0.08989200
0.250	1.450	0.000	-0.08829641
0.350	1.450	0.000	-0.08706475
0.450	1.450	0.000	-0.08596226
0.550	1.450	0.000	-0.08456163
0.650	1.450	0.000	-0.08269463
0.750	1.450	0.000	-0.08044632
0.850	1.450	0.000	-0.07808764
0.950	1.450	0.000	-0.07586093
1.050	1.450	0.000	-0.07391240
1.150	1.450	0.000	-0.07189988
1.250	1.450	0.000	-0.06951423
1.350	1.450	0.000	-0.06666679
1.450	1.450	0.000	-0.06355561
1.550	1.450	0.000	-0.06046275
1.650	1.450	0.000	-0.05718513
1.750	1.450	0.000	-0.05361851
1.850	1.450	0.000	-0.04953412
1.950	1.450	0.000	-0.04502757
2.050	1.450	0.000	-0.03982572
2.150	1.450	0.000	-0.03381893
2.250	1.450	0.000	-0.02742818
2.350	1.450	0.000	-0.02196183
2.450	1.450	0.000	-0.01274088
-2.450	1.550	0.000	-0.14569727
-2.350	1.550	0.000	-0.14241312
-2.250	1.550	0.000	-0.13755113
-2.150	1.550	0.000	-0.13119192
-2.050	1.550	0.000	-0.12279427
-1.950	1.550	0.000	-0.11270402
-1.850	1.550	0.000	-0.10179386
-1.750	1.550	0.000	-0.09268168
-1.650	1.550	0.000	-0.08889346
-1.550	1.550	0.000	-0.08882482
-1.450	1.550	0.000	-0.09249991
-1.350	1.550	0.000	-0.09575620
-1.250	1.550	0.000	-0.09828908
-1.150	1.550	0.000	-0.09860238
-1.050	1.550	0.000	-0.09818079
-0.950	1.550	0.000	-0.09692423
-0.850	1.550	0.000	-0.09510528
-0.750	1.550	0.000	-0.09389986
-0.650	1.550	0.000	-0.09346628
-0.550	1.550	0.000	-0.09371855
-0.450	1.550	0.000	-0.09392662
-0.350	1.550	0.000	-0.09440774
-0.250	1.550	0.000	-0.09465161
-0.150	1.550	0.000	-0.09409135
-0.050	1.550	0.000	-0.09292325
0.050	1.550	0.000	-0.09120082
0.150	1.550	0.000	-0.08926872
0.250	1.550	0.000	-0.08769083
0.350	1.550	0.000	-0.08652167
0.450	1.550	0.000	-0.08562280
0.550	1.550	0.000	-0.08442972
0.650	1.550	0.000	-0.08262567
0.750	1.550	0.000	-0.07996891
0.850	1.550	0.000	-0.07726941
0.950	1.550	0.000	-0.07431407
1.050	1.550	0.000	-0.07176366
1.150	1.550	0.000	-0.06960123
1.250	1.550	0.000	-0.06748341
1.350	1.550	0.000	-0.06508250
1.450	1.550	0.000	-0.06240657
1.550	1.550	0.000	-0.05942398
1.650	1.550	0.000	-0.05598868
1.750	1.550	0.000	-0.05216898
1.850	1.550	0.000	-0.04837631
1.950	1.550	0.000	-0.04482539
2.050	1.550	0.000	-0.04112901
2.150	1.550	0.000	-0.03647367
2.250	1.550	0.000	-0.03116226
2.350	1.550	0.000	-0.02629631
2.450	1.550	0.000	-0.01730138
-2.450	1.650	0.000	-0.15441266
-2.350	1.650	0.000	-0.15179193
-2.250	1.650	0.000	-0.14704999
-2.150	1.650	0.000	-0.14169182
-2.050	1.650	0.000	-0.13462439
-1.950	1.650	0.000	-0.12522674
-1.850	1.650	0.000	-0.11339660
-1.750	1.650	0.000	-0.10110701
-1.650	1.650	0.000	-0.09201563
-1.550	1.650	0.000	-0.08696407
-1.450	1.650	0.000	-0.08814427
-1.350	1.650	0.000	-0.09134451
-1.250	1.650	0.000	-0.09468061
-1.150	1.650	0.000	-0.09771229
-1.050	1.650	0.000	-0.09922441
-0.950	1.650	0.000	-0.09904836
-0.850	1.650	0.000	-0.09810562
-0.750	1.650	0.000	-0.09678152
-0.650	1.650	0.000	-0.09541202
-0.550	1.650	0.000	-0.09435171
-0.450	1.650	0.000	-0.09355702
-0.350	1.650	0.000	-0.09321951
-0.250	1.650	0.000	-0.09288306
-0.150	1.650	0.000	-0.09241939
-0.050	1.650	0.000	-0.09163712
0.050	1.650	0.000	-0.09053180
0.150	1.650	0.000	-0.08933973
0.250	1.650	0.000	-0.08827235
0.350	1.650	0.000	-0.08722907
0.450	1.650	0.000	-0.08596764
0.550	1.650	0.000	-0.08408985
0.650	1.650	0.000	-0.08165012
0.750	1.650	0.000	-0.07878583
0.850	1.650	0.000	-0.07601102
0.950	1.650	0.000	-0.07302955
1.050	1.650	0.000	-0.06999595
1.150	1.650	0.000	-0.06721495
1.250	1.650	0.000	-0.06465916
1.350	1.650	0.000	-0.06213519
1.450	1.650	0.000	-0.05937537
1.550	1.650	0.000	-0.05620582
1.650	1.650	0.000	-0.05267048
1.750	1.650	0.000	-0.04886324
1.850	1.650	0.000	-0.04445906
1.950	1.650	0.000	-0.03941755
2.050	1.650	0.000	-0.03381222
2.150	1.650	0.000	-0.02829545
2.250	1.650	0.000	-0.02236011
2.350	1.650	0.000	-0.01770893
2.450	1.650	0.000	-0.00877773
-2.450	1.750	0.000	-0.15880203
-2.350	1.750	0.000	-0.15661389
-2.250	1.750	0.000	-0.15228634
-2.150	1.750	0.000	-0.14862032
-2.050	1.750	0.000	-0.14355952
-1.950	1.750	0.000	-0.13609877
-1.850	1.750	0.000	-0.12578389
-1.750	1.750	0.000	-0.11325140
-1.650	1.750	0.000	-0.10042806
-1.550	1.750	0.000	-0.09102581
-1.450	1.750	0.000	-0.08618898
-1.350	1.750	0.000	-0.08703791
-1.250	1.750	0.000	-0.09001578
-1.150	1.750	0.000	-0.09364934
-1.050	1.750	0.000	-0.09604450
-0.950	1.750	0.000	-0.09783816
-0.850	1.750	0.000	-0.09845043
-0.750	1.750	0.000	-0.09810267
-0.650	1.750	0.000	-0.09719568
-0.550	1.750	0.000	-0.09605806
-0.450	1.750	0.000	-0.09504651
-0.350	1.750	0.000	-0.09394913
-0.250	1.750	0.000	-0.09282701
-0.150	1.750	0.000	-0.09190229
-0.050	1.750	0.000	-0.09129258
0.050	1.750	0.000	-0.09076339
0.150	1.750	0.000	-0.09022208
0.250	1.750	0.000	-0.08937437
0.350	1.750	0.000	-0.08806033
0.450	1.750	0.000	-0.08613180
0.550	1.750	0.000	-0.08361448
0.650	1.750	0.000	-0.08073885
0.750	1.750	0.000	-0.07805184
0.850	1.750	0.000	-0.07524545
0.950	1.750	0.000	-0.07228743
1.050	1.750	0.000	-0.06929113
1.150	1.750	0.000	-0.06635237
1.250	1.750	0.000	-0.06358412
1.350	1.750	0.000	-0.06109020
1.450	1.750	0.000	-0.05855501
1.550	1.750	0.000	-0.05586584
1.650	1.750	0.000	-0.05302374
1.750	1.750	0.000	-0.04998079
1.850	1.750	0.000	-0.04655844
1.950	1.750	0.000	-0.04249616
2.050	1.750	0.000	-0.03790766
2.150	1.750	0.000	-0.03304638
2.250	1.750	0.000	-0.02769339
2.350	1.750	0.000	-0.02329566
2.450	1.750	0.000	-0.01556923
-2.450	1.850	0.000	-0.15944535
-2.350	1.850	0.000	-0.15737247
-2.250	1.850	0.000	-0.15351483
-2.150	1.850	0.000	-0.15124315
-2.050	1.850	0.000	-0.14796548
-1.950	1.850	0.000	-0.14318319
-1.850	1.850	0.000	-0.13526963
-1.750	1.850	0.000	-0.12412467
-1.650	1.850	0.000	-0.11086969
-1.550	1.850	0.000	-0.09816894
-1.450	1.850	0.000	-0.08810896
-1.350	1.850	0.000	-0.08394518
-1.250	1.850	0.000	-0.08377657
-1.150	1.850	0.000	-0.08610132
-1.050	1.850	0.000	-0.08973850
-0.950	1.850	0.000	-0.09289744
-0.850	1.850	0.000	-0.09512135
-0.750	1.850	0.000	-0.09678596
-0.650	1.850	0.000	-0.09741720
-0.550	1.850	0.000	-0.09663874
-0.450	1.850	0.000	-0.09535053
-0.350	1.850	0.000	-0.09371628
-0.250	1.850	0.000	-0.09203567
-0.150	1.850	0.000	-0.09055781
-0.050	1.850	0.000	-0.08992011
0.050	1.850	0.000	-0.08964700
0.150	1.850	0.000	-0.08920450
0.250	1.850	0.000	-0.08853582
0.350	1.850	0.000	-0.08717752
0.450	1.850	0.000	-0.08519205
0.550	1.850	0.000	-0.08265826
0.650	1.850	0.000	-0.07995515
0.750	1.850	0.000	-0.07726485
0.850	1.850	0.000	-0.07471377
0.950	1.850	0.000	-0.07187132
1.050	1.850	0.000	-0.06901340
1.150	1.850	0.000	-0.06582410
1.250	1.850	0.000	-0.06219512
1.350	1.850	0.000	-0.05838474
1.450	1.850	0.000	-0.05459601
1.550	1.850	0.000	-0.05090450
1.650	1.850	0.000	-0.04729241
1.750	1.850	0.000	-0.04373096
1.850	1.850	0.000	-0.04060206
1.950	1.850	0.000	-0.03779178
2.050	1.850	0.000	-0.03481149
2.150	1.850	0.000	-0.03172073
2.250	1.850	0.000	-0.02730235
2.350	1.850	0.000	-0.02385321
2.450	1.850	0.000	-0.01754952
-2.450	1.950	0.000	-0.15789141
-2.350	1.950	0.000	-0.15621375
-2.250	1.950	0.000	-0.15322624
-2.150	1.950	0.000	-0.15216565
-2.050	1.950	0.000	-0.15044983
-1.950	1.950	0.000	-0.14752182
-1.850	1.950	0.000	-0.14177708
-1.750	1.950	0.000	-0.13308524
-1.650	1.950	0.000	-0.12185819
-1.550	1.950	0.000	-0.10891618
-1.450	1.950	0.000	-0.09680352
-1.350	1.950	0.000	-0.08783600
-1.250	1.950	0.000	-0.08351878
-1.150	1.950	0.000	-0.08297151
-1.050	1.950	0.000	-0.08517271
-0.950	1.950	0.000	-0.08823411
-0.850	1.950	0.000	-0.09148941
-0.750	1.950	0.000	-0.09394477
-0.650	1.950	0.000	-0.09530517
-0.550	1.950	0.000	-0.09552319
-0.450	1.950	0.000	-0.09495220
-0.350	1.950	0.000	-0.09346467
-0.250	1.950	0.000	-0.09166452
-0.150	1.950	0.000	-0.08998150
-0.050	1.950	0.000	-0.08857418
0.050	1.950	0.000	-0.08778429
0.150	1.950	0.000	-0.08669750
0.250	1.950	0.000	-0.08550024
0.350	1.950	0.000	-0.08395613
0.450	1.950	0.000	-0.08181628
0.550	1.950	0.000	-0.07907649
0.650	1.950	0.000	-0.07580595
0.750	1.950	0.000	-0.07285088
0.850	1.950	0.000	-0.06934137
0.950	1.950	0.000	-0.06643422
1.050	1.950	0.000	-0.06352582
1.150	1.950	0.000	-0.06047026
1.250	1.950	0.000	-0.05720706
1.350	1.950	0.000	-0.05397156
1.450	1.950	0.000	-0.05106273
1.550	1.950	0.000	-0.04849345
1.650	1.950	0.000	-0.04591708
1.750	1.950	0.000	-0.04346675
1.850	1.950	0.000	-0.04132195
1.950	1.950	0.000	-0.03951824
2.050	1.950	0.000	-0.03801557
2.150	1.950	0.000	-0.03624240
2.250	1.950	0.000	-0.03298674
2.350	1.950	0.000	-0.02971321
2.450	1.950	0.000	-0.02401571
-2.450	2.050	0.000	-0.15483007
-2.350	2.050	0.000	-0.15359600
-2.250	2.050	0.000	-0.15173443
-2.150	2.050	0.000	-0.15132084
-2.050	2.050	0.000	-0.15027696
-1.950	2.050	0.000	-0.14822567
-1.850	2.050	0.000	-0.14398472
-1.750	2.050	0.000	-0.13752404
-1.650	2.050	0.000	-0.12868907
-1.550	2.050	0.000	-0.11800441
-1.450	2.050	0.000	-0.10669938
-1.350	2.050	0.000	-0.09563731
-1.250	2.050	0.000	-0.08725967
-1.150	2.050	0.000	-0.08230836
-1.050	2.050	0.000	-0.08020177
-0.950	2.050	0.000	-0.08076251
-0.850	2.050	0.000	-0.08292273
-0.750	2.050	0.000	-0.08566656
-0.650	2.050	0.000	-0.08831514
-0.550	2.050	0.000	-0.09010930
-0.450	2.050	0.000	-0.09063467
-0.350	2.050	0.000	-0.09016769
-0.250	2.050	0.000	-0.08904093
-0.150	2.050	0.000	-0.08798039
-0.050	2.050	0.000	-0.08683004
0.050	2.050	0.000	-0.08656846
0.150	2.050	0.000	-0.08575507
0.250	2.050	0.000	-0.08445752
0.350	2.050	0.000	-0.08265335
0.450	2.050	0.000	-0.07982080
0.550	2.050	0.000	-0.07590295
0.650	2.050	0.000	-0.07119205
0.750	2.050	0.000	-0.06737515
0.850	2.050	0.000	-0.06328043
0.950	2.050	0.000	-0.06008451
1.050	2.050	0.000	-0.05702254
1.150	2.050	0.000	-0.05389981
1.250	2.050	0.000	-0.05066196
1.350	2.050	0.000	-0.04751338
1.450	2.050	0.000	-0.04497641
1.550	2.050	0.000	-0.04302368
1.650	2.050	0.000	-0.04166549
1.750	2.050	0.000	-0.04070972
1.850	2.050	0.000	-0.04053176
1.950	2.050	0.000	-0.04007872
2.050	2.050	0.000	-0.03919612
2.150	2.050	0.000	-0.03762614
2.250	2.050	0.000	-0.03552837
2.350	2.050	0.000	-0.03279316
2.450	2.050	0.000	-0.02833504
-2.450	2.150	0.000	-0.15227517
-2.350	2.150	0.000	-0.15108183
-2.250	2.150	0.000	-0.14998183
-2.150	2.150	0.000	-0.15014023
-2.050	2.150	0.000	-0.14986254
-1.950	2.150	0.000	-0.14899434
-1.850	2.150	0.000	-0.14599773
-1.750	2.150	0.000	-0.14069039
-1.650	2.150	0.000	-0.13388221
-1.550	2.150	0.000	-0.12605779
-1.450	2.150	0.000	-0.11720382
-1.350	2.150	0.000	-0.10704925
-1.250	2.150	0.000	-0.09690351
-1.150	2.150	0.000	-0.08804321
-1.050	2.150	0.000	-0.08225425
-0.950	2.150	0.000	-0.07959041
-0.850	2.150	0.000	-0.07965038
-0.750	2.150	0.000	-0.08183646
-0.650	2.150	0.000	-0.08447211
-0.550	2.150	0.000	-0.08633763
-0.450	2.150	0.000	-0.08683422
-0.350	2.150	0.000	-0.08630858
-0.250	2.150	0.000	-0.08507822
-0.150	2.150	0.000	-0.08391590
-0.050	2.150	0.000	-0.08320666
0.050	2.150	0.000	-0.08310404
0.150	2.150	0.000	-0.08252624
0.250	2.150	0.000	-0.08127706
0.350	2.150	0.000	-0.07923545
0.450	2.150	0.000	-0.07602418
0.550	2.150	0.000	-0.07185771
0.650	2.150	0.000	-0.06699673
0.750	2.150	0.000	-0.06209326
0.850	2.150	0.000	-0.05803452
0.950	2.150	0.000	-0.05428916
1.050	2.150	0.000	-0.05124133
1.150	2.150	0.000	-0.04867060
1.250	2.150	0.000	-0.04613340
1.350	2.150	0.000	-0.04349614
1.450	2.150	0.000	-0.04104201
1.550	2.150	0.000	-0.03892929
1.650	2.150	0.000	-0.03756990
1.750	2.150	0.000	-0.03657030
1.850	2.150	0.000	-0.03610869
1.950	2.150	0.000	-0.03562366
2.050	2.150	0.000	-0.03489351
2.150	2.150	0.000	-0.03377002
2.250	2.150	0.000	-0.03257939
2.350	2.150	0.000	-0.03087059
2.450	2.150	0.000	-0.02668674
-2.450	2.250	0.000	-0.14624161
-2.350	2.250	0.000	-0.14512567
-2.250	2.250	0.000	-0.14444958
-2.150	2.250	0.000	-0.14506581
-2.050	2.250	0.000	-0.14529553
-1.950	2.250	0.000	-0.14508297
-1.850	2.250	0.000	-0.14304747
-1.750	2.250	0.000	-0.13909802
-1.650	2.250	0.000	-0.13447523
-1.550	2.250	0.000	-0.12888436
-1.450	2.250	0.000	-0.12263432
-1.350	2.250	0.000	-0.11530588
-1.250	2.250	0.000	-0.10717080
-1.150	2.250	0.000	-0.09886235
-1.050	2.250	0.000	-0.09107097
-0.950	2.250	0.000	-0.08524621
-0.850	2.250	0.000	-0.08179741
-0.750	2.250	0.000	-0.08074377
-0.650	2.250	0.000	-0.08077107
-0.550	2.250	0.000	-0.08122040
-0.450	2.250	0.000	-0.08172333
-0.350	2.250	0.000	-0.08204285
-0.250	2.250	0.000	-0.08186443
-0.150	2.250	0.000	-0.08148508
-0.050	2.250	0.000	-0.08115119
0.050	2.250	0.000	-0.08105154
0.150	2.250	0.000	-0.08075718
0.250	2.250	0.000	-0.07976161
0.350	2.250	0.000	-0.07798050
0.450	2.250	0.000	-0.07492106
0.550	2.250	0.000	-0.07078572
0.650	2.250	0.000	-0.06597500
0.750	2.250	0.000	-0.06047322
0.850	2.250	0.000	-0.05566580
0.950	2.250	0.000	-0.05130093
1.050	2.250	0.000	-0.04808325
1.150	2.250	0.000	-0.04575885
1.250	2.250	0.000	-0.04383173
1.350	2.250	0.000	-0.04202885
1.450	2.250	0.000	-0.04039041
1.550	2.250	0.000	-0.03902167
1.650	2.250	0.000	-0.03819785
1.750	2.250	0.000	-0.03721991
1.850	2.250	0.000	-0.03606221
1.950	2.250	0.000	-0.03481388
2.050	2.250	0.000	-0.03393053
2.150	2.250	0.000	-0.03277279
2.250	2.250	0.000	-0.03158026
2.350	2.250	0.000	-0.03026432
2.450	2.250	0.000	-0.02668303
-2.450	2.350	0.000	-0.14349562
-2.350	2.350	0.000	-0.14260353
-2.250	2.350	0.000	-0.14238723
-2.150	2.350	0.000	-0.14336419
-2.050	2.350	0.000	-0.14409430
-1.950	2.350	0.000	-0.14444885
-1.850	2.350	0.000	-0.14293361
-1.750	2.350	0.000	-0.13979281
-1.650	2.350	0.000	-0.13632928
-1.550	2.350	0.000	-0.13197246
-1.450	2.350	0.000	-0.12770227
-1.350	2.350	0.000	-0.12314571
-1.250	2.350	0.000	-0.11774719
-1.150	2.350	0.000	-0.11116440
-1.050	2.350	0.000	-0.10327088
-0.950	2.350	0.000	-0.09532900
-0.850	2.350	0.000	-0.08789377
-0.750	2.350	0.000	-0.08189639
-0.650	2.350	0.000	-0.07789724
-0.550	2.350	0.000	-0.07559451
-0.450	2.350	0.000	-0.07444507
-0.350	2.350	0.000	-0.07427882
-0.250	2.350	0.000	-0.07436884
-0.150	2.350	0.000	-0.07485722
-0.050	2.350	0.000	-0.07531480
0.050	2.350	0.000	-0.07624418
0.150	2.350	0.000	-0.07730508
0.250	2.350	0.000	-0.07758866
0.350	2.350	0.000	-0.07737833
0.450	2.350	0.000	-0.07591993
0.550	2.350	0.000	-0.07261381
0.650	2.350	0.000	-0.06776050
0.750	2.350	0.000	-0.06192994
0.850	2.350	0.000	-0.05499718
0.950	2.350	0.000	-0.04848846
1.050	2.350	0.000	-0.04294462
1.150	2.350	0.000	-0.03859122
1.250	2.350	0.000	-0.03555365
1.350	2.350	0.000	-0.03366787
1.450	2.350	0.000	-0.03259435
1.550	2.350	0.000	-0.03203771
1.650	2.350	0.000	-0.03191945
1.750	2.350	0.000	-0.03139267
1.850	2.350	0.000	-0.03050180
1.950	2.350	0.000	-0.02903211
2.050	2.350	0.000	-0.02777129
2.150	2.350	0.000	-0.02645733
2.250	2.350	0.000	-0.02507570
2.350	2.350	0.000	-0.02367696
2.450	2.350	0.000	-0.01971630
-2.450	2.450	0.000	-0.13302301
-2.350	2.450	0.000	-0.13280511
-2.250	2.450	0.000	-0.13300081
-2.150	2.450	0.000	-0.13450797
-2.050	2.450	0.000	-0.13577342
-1.950	2.450	0.000	-0.13660575
-1.850	2.450	0.000	-0.13576616
-1.750	2.450	0.000	-0.13357502
-1.650	2.450	0.000	-0.13103056
-1.550	2.450	0.000	-0.12848155
-1.450	2.450	0.000	-0.12654892
-1.350	2.450	0.000	-0.12474883
-1.250	2.450	0.000	-0.12229042
-1.150	2.450	0.000	-0.11863405
-1.050	2.450	0.000	-0.11349248
-0.950	2.450	0.000	-0.10770275
-0.850	2.450	0.000	-0.10154949
-0.750	2.450	0.000	-0.09597472
-0.650	2.450	0.000	-0.09148306
-0.550	2.450	0.000	-0.08756483
-0.450	2.450	0.000	-0.08433082
-0.350	2.450	0.000	-0.08188240
-0.250	2.450	0.000	-0.07987065
-0.150	2.450	0.000	-0.07840953
-0.050	2.450	0.000	-0.07747573
0.050	2.450	0.000	-0.07699463
0.150	2.450	0.000	-0.07704788
0.250	2.450	0.000	-0.07707805
0.350	2.450	0.000	-0.07724382
0.450	2.450	0.000	-0.07685115
0.550	2.450	0.000	-0.07544730
0.650	2.450	0.000	-0.07282986
0.750	2.450	0.000	-0.06890775
0.850	2.450	0.000	-0.06365015
0.950	2.450	0.000	-0.05762684
1.050	2.450	0.000	-0.05164912
1.150	2.450	0.000	-0.04647535
1.250	2.450	0.000	-0.04245019
1.350	2.450	0.000	-0.03950286
1.450	2.450	0.000	-0.03726357
1.550	2.450	0.000	-0.03561426
1.650	2.450	0.000	-0.03440358
1.750	2.450	0.000	-0.03311949
1.850	2.450	0.000	-0.03195723
1.950	2.450	0.000	-0.03063847
2.050	2.450	0.000	-0.02956278
2.150	2.450	0.000	-0.02829270
2.250	2.450	0.000	-0.02657124
2.350	2.450	0.000	-0.02520417
2.450	2.450	0.000	-0.02043343
