-2.450	-2.450	0.000	-0.16406211
-2.350	-2.450	0.000	-0.16468783
-2.250	-2.450	0.000	-0.16586405
-2.150	-2.450	0.000	-0.16737956
-2.050	-2.450	0.000	-0.16888204
-1.950	-2.450	0.000	-0.16984755
-1.850	-2.450	0.000	-0.17001638
-1.750	-2.450	0.000	-0.16964976
-1.650	-2.450	0.000	-0.16886057
-1.550	-2.450	0.000	-0.16841763
-1.450	-2.450	0.000	-0.16831379
-1.350	-2.450	0.000	-0.16842017
-1.250	-2.450	0.000	-0.16831718
-1.150	-2.450	0.000	-0.16806775
-1.050	-2.450	0.000	-0.16753167
-0.950	-2.450	0.000	-0.16694042
-0.850	-2.450	0.000	-0.16643411
-0.750	-2.450	0.000	-0.16612458
-0.650	-2.450	0.000	-0.16576548
-0.550	-2.450	0.000	-0.16533664
-0.450	-2.450	0.000	-0.16471241
-0.350	-2.450	0.000	-0.16361535
-0.250	-2.450	0.000	-0.16177423
-0.150	-2.450	0.000	-0.15933388
-0.050	-2.450	0.000	-0.15629777
0.050	-2.450	0.000	-0.15325527
0.150	-2.450	0.000	-0.15062580
0.250	-2.450	0.000	-0.14847881
0.350	-2.450	0.000	-0.14675547
0.450	-2.450	0.000	-0.14528957
0.550	-2.450	0.000	-0.14395271
0.650	-2.450	0.000	-0.14270917
0.750	-2.450	0.000	-0.14154832
0.850	-2.450	0.000	-0.14054394
0.950	-2.450	0.000	-0.13974565
1.050	-2.450	0.000	-0.13924116
1.150	-2.450	0.000	-0.13923398
1.250	-2.450	0.000	-0.13920447
1.350	-2.450	0.000	-0.13924000
1.450	-2.450	0.000	-0.13923430
1.550	-2.450	0.000	-0.13932464
1.650	-2.450	0.000	-0.13942343
1.750	-2.450	0.000	-0.13950698
1.850	-2.450	0.000	-0.13928720
1.950	-2.450	0.000	-0.13894351
2.050	-2.450	0.000	-0.13855782
2.150	-2.450	0.000	-0.13754933
2.250	-2.450	0.000	-0.13602321
2.350	-2.450	0.000	-0.13478580
2.450	-2.450	0.000	-0.13115641
-2.450	-2.350	0.000	-0.16508938
-2.350	-2.350	0.000	-0.16567563
-2.250	-2.350	0.000	-0.16661771
-2.150	-2.350	0.000	-0.16797389
-2.050	-2.350	0.000	-0.16947764
-1.950	-2.350	0.000	-0.17053449
-1.850	-2.350	0.000	-0.17073996
-1.750	-2.350	0.000	-0.17034322
-1.650	-2.350	0.000	-0.16926788
-1.550	-2.350	0.000	-0.16825804
-1.450	-2.350	0.000	-0.16790691
-1.350	-2.350	0.000	-0.16785915
-1.250	-2.350	0.000	-0.16786140
-1.150	-2.350	0.000	-0.16780674
-1.050	-2.350	0.000	-0.16750525
-0.950	-2.350	0.000	-0.16703129
-0.850	-2.350	0.000	-0.16642468
-0.750	-2.350	0.000	-0.16580914
-0.650	-2.350	0.000	-0.16503210
-0.550	-2.350	0.000	-0.16423799
-0.450	-2.350	0.000	-0.16340485
-0.350	-2.350	0.000	-0.16232353
-0.250	-2.350	0.000	-0.16077068
-0.150	-2.350	0.000	-0.15862174
-0.050	-2.350	0.000	-0.15579674
0.050	-2.350	0.000	-0.15284179
0.150	-2.350	0.000	-0.15021394
0.250	-2.350	0.000	-0.14813586
0.350	-2.350	0.000	-0.14660577
0.450	-2.350	0.000	-0.14541057
0.550	-2.350	0.000	-0.14436704
0.650	-2.350	0.000	-0.14345776
0.750	-2.350	0.000	-0.14264943
0.850	-2.350	0.000	-0.14193547
0.950	-2.350	0.000	-0.14128567
1.050	-2.350	0.000	-0.14076953
1.150	-2.350	0.000	-0.14047545
1.250	-2.350	0.000	-0.14026372
1.350	-2.350	0.000	-0.14012212
1.450	-2.350	0.000	-0.13990729
1.550	-2.350	0.000	-0.13967377
1.650	-2.350	0.000	-0.13928634
1.750	-2.350	0.000	-0.13858820
1.850	-2.350	0.000	-0.13767385
1.950	-2.350	0.000	-0.13666621
2.050	-2.350	0.000	-0.13571604
2.150	-2.350	0.000	-0.13447872
2.250	-2.350	0.000	-0.13289940
2.350	-2.350	0.000	-0.13160086
2.450	-2.350	0.000	-0.12830031
-2.450	-2.250	0.000	-0.16471653
-2.350	-2.250	0.000	-0.16516489
-2.250	-2.250	0.000	-0.16594203
-2.150	-2.250	0.000	-0.16716348
-2.050	-2.250	0.000	-0.16862750
-1.950	-2.250	0.000	-0.16981600
-1.850	-2.250	0.000	-0.17019239
-1.750	-2.250	0.000	-0.17007402
-1.650	-2.250	0.000	-0.16905452
-1.550	-2.250	0.000	-0.16809396
-1.450	-2.250	0.000	-0.16746804
-1.350	-2.250	0.000	-0.16738430
-1.250	-2.250	0.000	-0.16746186
-1.150	-2.250	0.000	-0.16764650
-1.050	-2.250	0.000	-0.16755755
-0.950	-2.250	0.000	-0.16730562
-0.850	-2.250	0.000	-0.16681606
-0.750	-2.250	0.000	-0.16607122
-0.650	-2.250	0.000	-0.16495386
-0.550	-2.250	0.000	-0.16376843
-0.450	-2.250	0.000	-0.16265939
-0.350	-2.250	0.000	-0.16143802
-0.250	-2.250	0.000	-0.15996028
-0.150	-2.250	0.000	-0.15802473
-0.050	-2.250	0.000	-0.15557459
0.050	-2.250	0.000	-0.15291269
0.150	-2.250	0.000	-0.15039794
0.250	-2.250	0.000	-0.14837395
0.350	-2.250	0.000	-0.14686163
0.450	-2.250	0.000	-0.14567477
0.550	-2.250	0.000	-0.14464168
0.650	-2.250	0.000	-0.14372928
0.750	-2.250	0.000	-0.14294307
0.850	-2.250	0.000	-0.14220902
0.950	-2.250	0.000	-0.14148448
1.050	-2.250	0.000	-0.14078769
1.150	-2.250	0.000	-0.14021054
1.250	-2.250	0.000	-0.13983065
1.350	-2.250	0.000	-0.13963321
1.450	-2.250	0.000	-0.13944508
1.550	-2.250	0.000	-0.13914624
1.650	-2.250	0.000	-0.13856022
1.750	-2.250	0.000	-0.13763522
1.850	-2.250	0.000	-0.13654678
1.950	-2.250	0.000	-0.13540332
2.050	-2.250	0.000	-0.13432020
2.150	-2.250	0.000	-0.13301294
2.250	-2.250	0.000	-0.13161908
2.350	-2.250	0.000	-0.13027698
2.450	-2.250	0.000	-0.12761006
-2.450	-2.150	0.000	-0.16469738
-2.350	-2.150	0.000	-0.16506006
-2.250	-2.150	0.000	-0.16565704
-2.150	-2.150	0.000	-0.16671693
-2.050	-2.150	0.000	-0.16814512
-1.950	-2.150	0.000	-0.16943277
-1.850	-2.150	0.000	-0.17005211
-1.750	-2.150	0.000	-0.17006725
-1.650	-2.150	0.000	-0.16928776
-1.550	-2.150	0.000	-0.16826990
-1.450	-2.150	0.000	-0.16728251
-1.350	-2.150	0.000	-0.16710019
-1.250	-2.150	0.000	-0.16715468
-1.150	-2.150	0.000	-0.16741571
-1.050	-2.150	0.000	-0.16731478
-0.950	-2.150	0.000	-0.16715668
-0.850	-2.150	0.000	-0.16667390
-0.750	-2.150	0.000	-0.16575997
-0.650	-2.150	0.000	-0.16434656
-0.550	-2.150	0.000	-0.16272667
-0.450	-2.150	0.000	-0.16107264
-0.350	-2.150	0.000	-0.15943383
-0.250	-2.150	0.000	-0.15781496
-0.150	-2.150	0.000	-0.15609410
-0.050	-2.150	0.000	-0.15409754
0.050	-2.150	0.000	-0.15189359
0.150	-2.150	0.000	-0.14975183
0.250	-2.150	0.000	-0.14795490
0.350	-2.150	0.000	-0.14661978
0.450	-2.150	0.000	-0.14570600
0.550	-2.150	0.000	-0.14505127
0.650	-2.150	0.000	-0.14447142
0.750	-2.150	0.000	-0.14385222
0.850	-2.150	0.000	-0.14310366
0.950	-2.150	0.000	-0.14223804
1.050	-2.150	0.000	-0.14133438
1.150	-2.150	0.000	-0.14051749
1.250	-2.150	0.000	-0.13991468
1.350	-2.150	0.000	-0.13953730
1.450	-2.150	0.000	-0.13930602
1.550	-2.150	0.000	-0.13904032
1.650	-2.150	0.000	-0.13854139
1.750	-2.150	0.000	-0.13770588
1.850	-2.150	0.000	-0.13668069
1.950	-2.150	0.000	-0.13544650
2.050	-2.150	0.000	-0.13418685
2.150	-2.150	0.000	-0.13273320
2.250	-2.150	0.000	-0.13129115
2.350	-2.150	0.000	-0.12976268
2.450	-2.150	0.000	-0.12720543
-2.450	-2.050	0.000	-0.16418545
-2.350	-2.050	0.000	-0.16444322
-2.250	-2.050	0.000	-0.16482069
-2.150	-2.050	0.000	-0.16569832
-2.050	-2.050	0.000	-0.16712758
-1.950	-2.050	0.000	-0.16862743
-1.850	-2.050	0.000	-0.16959430
-1.750	-2.050	0.000	-0.16980341
-1.650	-2.050	0.000	-0.16938104
-1.550	-2.050	0.000	-0.16830103
-1.450	-2.050	0.000	-0.16704439
-1.350	-2.050	0.000	-0.16674782
-1.250	-2.050	0.000	-0.16683795
-1.150	-2.050	0.000	-0.16722517
-1.050	-2.050	0.000	-0.16744442
-0.950	-2.050	0.000	-0.16754514
-0.850	-2.050	0.000	-0.16724448
-0.750	-2.050	0.000	-0.16620612
-0.650	-2.050	0.000	-0.16446729
-0.550	-2.050	0.000	-0.16243407
-0.450	-2.050	0.000	-0.16031088
-0.350	-2.050	0.000	-0.15830849
-0.250	-2.050	0.000	-0.15653074
-0.150	-2.050	0.000	-0.15484163
-0.050	-2.050	0.000	-0.15307105
0.050	-2.050	0.000	-0.15117018
0.150	-2.050	0.000	-0.14929253
0.250	-2.050	0.000	-0.14765549
0.350	-2.050	0.000	-0.14648363
0.450	-2.050	0.000	-0.14576654
0.550	-2.050	0.000	-0.14529723
0.650	-2.050	0.000	-0.14488646
0.750	-2.050	0.000	-0.14437635
0.850	-2.050	0.000	-0.14368111
0.950	-2.050	0.000	-0.14280604
1.050	-2.050	0.000	-0.14181076
1.150	-2.050	0.000	-0.14084347
1.250	-2.050	0.000	-0.14008382
1.350	-2.050	0.000	-0.13958964
1.450	-2.050	0.000	-0.13927791
1.550	-2.050	0.000	-0.13894033
1.650	-2.050	0.000	-0.13839330
1.750	-2.050	0.000	-0.13756800
1.850	-2.050	0.000	-0.13659102
1.950	-2.050	0.000	-0.13535547
2.050	-2.050	0.000	-0.13412000
2.150	-2.050	0.000	-0.13263692
2.250	-2.050	0.000	-0.13112727
2.350	-2.050	0.000	-0.12953408
2.450	-2.050	0.000	-0.12742575
-2.450	-1.950	0.000	-0.16399226
-2.350	-1.950	0.000	-0.16414809
-2.250	-1.950	0.000	-0.16438289
-2.150	-1.950	0.000	-0.16519628
-2.050	-1.950	0.000	-0.16664216
-1.950	-1.950	0.000	-0.16827284
-1.850	-1.950	0.000	-0.16944529
-1.750	-1.950	0.000	-0.16985354
-1.650	-1.950	0.000	-0.16966322
-1.550	-1.950	0.000	-0.16863887
-1.450	-1.950	0.000	-0.16733728
-1.350	-1.950	0.000	-0.16698231
-1.250	-1.950	0.000	-0.16698219
-1.150	-1.950	0.000	-0.16743955
-1.050	-1.950	0.000	-0.16800818
-0.950	-1.950	0.000	-0.16809388
-0.850	-1.950	0.000	-0.16779445
-0.750	-1.950	0.000	-0.16649958
-0.650	-1.950	0.000	-0.16430244
-0.550	-1.950	0.000	-0.16162546
-0.450	-1.950	0.000	-0.15884033
-0.350	-1.950	0.000	-0.15630683
-0.250	-1.950	0.000	-0.15422031
-0.150	-1.950	0.000	-0.15254673
-0.050	-1.950	0.000	-0.15110914
0.050	-1.950	0.000	-0.14970006
0.150	-1.950	0.000	-0.14832109
0.250	-1.950	0.000	-0.14711823
0.350	-1.950	0.000	-0.14620486
0.450	-1.950	0.000	-0.14556618
0.550	-1.950	0.000	-0.14514719
0.650	-1.950	0.000	-0.14481594
0.750	-1.950	0.000	-0.14437509
0.850	-1.950	0.000	-0.14375767
0.950	-1.950	0.000	-0.14298071
1.050	-1.950	0.000	-0.14213122
1.150	-1.950	0.000	-0.14136167
1.250	-1.950	0.000	-0.14078377
1.350	-1.950	0.000	-0.14045675
1.450	-1.950	0.000	-0.14031312
1.550	-1.950	0.000	-0.14006816
1.650	-1.950	0.000	-0.13951533
1.750	-1.950	0.000	-0.13868527
1.850	-1.950	0.000	-0.13779230
1.950	-1.950	0.000	-0.13664483
2.050	-1.950	0.000	-0.13556746
2.150	-1.950	0.000	-0.13406970
2.250	-1.950	0.000	-0.13244338
2.350	-1.950	0.000	-0.13076545
2.450	-1.950	0.000	-0.12883312
-2.450	-1.850	0.000	-0.16309443
-2.350	-1.850	0.000	-0.16328058
-2.250	-1.850	0.000	-0.16357081
-2.150	-1.850	0.000	-0.16435607
-2.050	-1.850	0.000	-0.16571267
-1.950	-1.850	0.000	-0.16735707
-1.850	-1.850	0.000	-0.16864483
-1.750	-1.850	0.000	-0.16928473
-1.650	-1.850	0.000	-0.16935682
-1.550	-1.850	0.000	-0.16861662
-1.450	-1.850	0.000	-0.16759932
-1.350	-1.850	0.000	-0.16729973
-1.250	-1.850	0.000	-0.16732022
-1.150	-1.850	0.000	-0.16779992
-1.050	-1.850	0.000	-0.16841698
-0.950	-1.850	0.000	-0.16844901
-0.850	-1.850	0.000	-0.16809221
-0.750	-1.850	0.000	-0.16675013
-0.650	-1.850	0.000	-0.16429146
-0.550	-1.850	0.000	-0.16118160
-0.450	-1.850	0.000	-0.15789963
-0.350	-1.850	0.000	-0.15489696
-0.250	-1.850	0.000	-0.15244299
-0.150	-1.850	0.000	-0.15059529
-0.050	-1.850	0.000	-0.14925151
0.050	-1.850	0.000	-0.14826068
0.150	-1.850	0.000	-0.14743280
0.250	-1.850	0.000	-0.14669335
0.350	-1.850	0.000	-0.14602199
0.450	-1.850	0.000	-0.14548503
0.550	-1.850	0.000	-0.14506465
0.650	-1.850	0.000	-0.14471450
0.750	-1.850	0.000	-0.14435209
0.850	-1.850	0.000	-0.14389558
0.950	-1.850	0.000	-0.14334492
1.050	-1.850	0.000	-0.14275554
1.150	-1.850	0.000	-0.14226089
1.250	-1.850	0.000	-0.14192958
1.350	-1.850	0.000	-0.14176226
1.450	-1.850	0.000	-0.14164355
1.550	-1.850	0.000	-0.14135720
1.650	-1.850	0.000	-0.14084671
1.750	-1.850	0.000	-0.14003906
1.850	-1.850	0.000	-0.13915956
1.950	-1.850	0.000	-0.13797246
2.050	-1.850	0.000	-0.13680902
2.150	-1.850	0.000	-0.13523819
2.250	-1.850	0.000	-0.13357076
2.350	-1.850	0.000	-0.13195130
2.450	-1.850	0.000	-0.13016480
-2.450	-1.750	0.000	-0.16215912
-2.350	-1.750	0.000	-0.16245744
-2.250	-1.750	0.000	-0.16287294
-2.150	-1.750	0.000	-0.16364317
-2.050	-1.750	0.000	-0.16491048
-1.950	-1.750	0.000	-0.16654453
-1.850	-1.750	0.000	-0.16790715
-1.750	-1.750	0.000	-0.16873568
-1.650	-1.750	0.000	-0.16901097
-1.550	-1.750	0.000	-0.16863780
-1.450	-1.750	0.000	-0.16788983
-1.350	-1.750	0.000	-0.16765328
-1.250	-1.750	0.000	-0.16775152
-1.150	-1.750	0.000	-0.16837381
-1.050	-1.750	0.000	-0.16887371
-0.950	-1.750	0.000	-0.16879132
-0.850	-1.750	0.000	-0.16827846
-0.750	-1.750	0.000	-0.16677877
-0.650	-1.750	0.000	-0.16403776
-0.550	-1.750	0.000	-0.16046999
-0.450	-1.750	0.000	-0.15665731
-0.350	-1.750	0.000	-0.15312074
-0.250	-1.750	0.000	-0.15019117
-0.150	-1.750	0.000	-0.14804552
-0.050	-1.750	0.000	-0.14682730
0.050	-1.750	0.000	-0.14625199
0.150	-1.750	0.000	-0.14598936
0.250	-1.750	0.000	-0.14581968
0.350	-1.750	0.000	-0.14556642
0.450	-1.750	0.000	-0.14522657
0.550	-1.750	0.000	-0.14488226
0.650	-1.750	0.000	-0.14456874
0.750	-1.750	0.000	-0.14430605
0.850	-1.750	0.000	-0.14406945
0.950	-1.750	0.000	-0.14381967
1.050	-1.750	0.000	-0.14357279
1.150	-1.750	0.000	-0.14336197
1.250	-1.750	0.000	-0.14321268
1.350	-1.750	0.000	-0.14311516
1.450	-1.750	0.000	-0.14301749
1.550	-1.750	0.000	-0.14279696
1.650	-1.750	0.000	-0.14240329
1.750	-1.750	0.000	-0.14164908
1.850	-1.750	0.000	-0.14067535
1.950	-1.750	0.000	-0.13934281
2.050	-1.750	0.000	-0.13798869
2.150	-1.750	0.000	-0.13621970
2.250	-1.750	0.000	-0.13445419
2.350	-1.750	0.000	-0.13283412
2.450	-1.750	0.000	-0.13130428
-2.450	-1.650	0.000	-0.16104640
-2.350	-1.650	0.000	-0.16140686
-2.250	-1.650	0.000	-0.16193630
-2.150	-1.650	0.000	-0.16278036
-2.050	-1.650	0.000	-0.16406156
-1.950	-1.650	0.000	-0.16569522
-1.850	-1.650	0.000	-0.16713437
-1.750	-1.650	0.000	-0.16813214
-1.650	-1.650	0.000	-0.16861445
-1.550	-1.650	0.000	-0.16849637
-1.450	-1.650	0.000	-0.16785331
-1.350	-1.650	0.000	-0.16761667
-1.250	-1.650	0.000	-0.16774006
-1.150	-1.650	0.000	-0.16844922
-1.050	-1.650	0.000	-0.16888957
-0.950	-1.650	0.000	-0.16872318
-0.850	-1.650	0.000	-0.16805270
-0.750	-1.650	0.000	-0.16632503
-0.650	-1.650	0.000	-0.16335113
-0.550	-1.650	0.000	-0.15941717
-0.450	-1.650	0.000	-0.15516268
-0.350	-1.650	0.000	-0.15117691
-0.250	-1.650	0.000	-0.14778216
-0.150	-1.650	0.000	-0.14538123
-0.050	-1.650	0.000	-0.14424621
0.050	-1.650	0.000	-0.14425834
0.150	-1.650	0.000	-0.14459692
0.250	-1.650	0.000	-0.14505175
0.350	-1.650	0.000	-0.14532384
0.450	-1.650	0.000	-0.14538525
0.550	-1.650	0.000	-0.14525160
0.650	-1.650	0.000	-0.14506079
0.750	-1.650	0.000	-0.14487873
0.850	-1.650	0.000	-0.14473064
0.950	-1.650	0.000	-0.14462198
1.050	-1.650	0.000	-0.14449222
1.150	-1.650	0.000	-0.14429945
1.250	-1.650	0.000	-0.14403814
1.350	-1.650	0.000	-0.14378232
1.450	-1.650	0.000	-0.14355564
1.550	-1.650	0.000	-0.14329487
1.650	-1.650	0.000	-0.14292645
1.750	-1.650	0.000	-0.14226659
1.850	-1.650	0.000	-0.14133342
1.950	-1.650	0.000	-0.13998276
2.050	-1.650	0.000	-0.13855547
2.150	-1.650	0.000	-0.13669895
2.250	-1.650	0.000	-0.13486648
2.350	-1.650	0.000	-0.13325049
2.450	-1.650	0.000	-0.13185209
-2.450	-1.550	0.000	-0.15971965
-2.350	-1.550	0.000	-0.16014008
-2.250	-1.550	0.000	-0.16085199
-2.150	-1.550	0.000	-0.16187549
-2.050	-1.550	0.000	-0.16331342
-1.950	-1.550	0.000	-0.16493499
-1.850	-1.550	0.000	-0.16635062
-1.750	-1.550	0.000	-0.16733566
-1.650	-1.550	0.000	-0.16782890
-1.550	-1.550	0.000	-0.16776952
-1.450	-1.550	0.000	-0.16717800
-1.350	-1.550	0.000	-0.16706578
-1.250	-1.550	0.000	-0.16723773
-1.150	-1.550	0.000	-0.16791394
-1.050	-1.550	0.000	-0.16826420
-0.950	-1.550	0.000	-0.16809191
-0.850	-1.550	0.000	-0.16738373
-0.750	-1.550	0.000	-0.16559167
-0.650	-1.550	0.000	-0.16257314
-0.550	-1.550	0.000	-0.15834200
-0.450	-1.550	0.000	-0.15365283
-0.350	-1.550	0.000	-0.14908691
-0.250	-1.550	0.000	-0.14497727
-0.150	-1.550	0.000	-0.14206065
-0.050	-1.550	0.000	-0.14143753
0.050	-1.550	0.000	-0.14167275
0.150	-1.550	0.000	-0.14256792
0.250	-1.550	0.000	-0.14373755
0.350	-1.550	0.000	-0.14485736
0.450	-1.550	0.000	-0.14534484
0.550	-1.550	0.000	-0.14555833
0.650	-1.550	0.000	-0.14557768
0.750	-1.550	0.000	-0.14550734
0.850	-1.550	0.000	-0.14540033
0.950	-1.550	0.000	-0.14525913
1.050	-1.550	0.000	-0.14502551
1.150	-1.550	0.000	-0.14466102
1.250	-1.550	0.000	-0.14419812
1.350	-1.550	0.000	-0.14375016
1.450	-1.550	0.000	-0.14334901
1.550	-1.550	0.000	-0.14299749
1.650	-1.550	0.000	-0.14263071
1.750	-1.550	0.000	-0.14212203
1.850	-1.550	0.000	-0.14135882
1.950	-1.550	0.000	-0.14016558
2.050	-1.550	0.000	-0.13885225
2.150	-1.550	0.000	-0.13707989
2.250	-1.550	0.000	-0.13522847
2.350	-1.550	0.000	-0.13363123
2.450	-1.550	0.000	-0.13219367
-2.450	-1.450	0.000	-0.15806891
-2.350	-1.450	0.000	-0.15854247
-2.250	-1.450	0.000	-0.15940727
-2.150	-1.450	0.000	-0.16062009
-2.050	-1.450	0.000	-0.16214161
-1.950	-1.450	0.000	-0.16368507
-1.850	-1.450	0.000	-0.16494758
-1.750	-1.450	0.000	-0.16580461
-1.650	-1.450	0.000	-0.16621527
-1.550	-1.450	0.000	-0.16605547
-1.450	-1.450	0.000	-0.16580607
-1.350	-1.450	0.000	-0.16586784
-1.250	-1.450	0.000	-0.16622429
-1.150	-1.450	0.000	-0.16700847
-1.050	-1.450	0.000	-0.16766579
-0.950	-1.450	0.000	-0.16756973
-0.850	-1.450	0.000	-0.16704179
-0.750	-1.450	0.000	-0.16535871
-0.650	-1.450	0.000	-0.16204596
-0.550	-1.450	0.000	-0.15736318
-0.450	-1.450	0.000	-0.15207960
-0.350	-1.450	0.000	-0.14666715
-0.250	-1.450	0.000	-0.14171897
-0.150	-1.450	0.000	-0.13858145
-0.050	-1.450	0.000	-0.13836463
0.050	-1.450	0.000	-0.13889287
0.150	-1.450	0.000	-0.14035724
0.250	-1.450	0.000	-0.14222516
0.350	-1.450	0.000	-0.14391713
0.450	-1.450	0.000	-0.14507534
0.550	-1.450	0.000	-0.14556743
0.650	-1.450	0.000	-0.14578226
0.750	-1.450	0.000	-0.14580786
0.850	-1.450	0.000	-0.14571194
0.950	-1.450	0.000	-0.14551722
1.050	-1.450	0.000	-0.14516647
1.150	-1.450	0.000	-0.14461313
1.250	-1.450	0.000	-0.14383541
1.350	-1.450	0.000	-0.14291894
1.450	-1.450	0.000	-0.14209923
1.550	-1.450	0.000	-0.14152882
1.650	-1.450	0.000	-0.14114989
1.750	-1.450	0.000	-0.14084055
1.850	-1.450	0.000	-0.14037628
1.950	-1.450	0.000	-0.13952200
2.050	-1.450	0.000	-0.13861035
2.150	-1.450	0.000	-0.13708892
2.250	-1.450	0.000	-0.13528337
2.350	-1.450	0.000	-0.13365498
2.450	-1.450	0.000	-0.13203984
-2.450	-1.350	0.000	-0.15638924
-2.350	-1.350	0.000	-0.15685035
-2.250	-1.350	0.000	-0.15777554
-2.150	-1.350	0.000	-0.15911239
-2.050	-1.350	0.000	-0.16059546
-1.950	-1.350	0.000	-0.16202803
-1.850	-1.350	0.000	-0.16312996
-1.750	-1.350	0.000	-0.16383716
-1.650	-1.350	0.000	-0.16414061
-1.550	-1.350	0.000	-0.16399829
-1.450	-1.350	0.000	-0.16394205
-1.350	-1.350	0.000	-0.16417073
-1.250	-1.350	0.000	-0.16485567
-1.150	-1.350	0.000	-0.16599490
-1.050	-1.350	0.000	-0.16710790
-0.950	-1.350	0.000	-0.16710290
-0.850	-1.350	0.000	-0.16671489
-0.750	-1.350	0.000	-0.16512239
-0.650	-1.350	0.000	-0.16144936
-0.550	-1.350	0.000	-0.15634032
-0.450	-1.350	0.000	-0.15036328
-0.350	-1.350	0.000	-0.14402524
-0.250	-1.350	0.000	-0.13827975
-0.150	-1.350	0.000	-0.13540755
-0.050	-1.350	0.000	-0.13552254
0.050	-1.350	0.000	-0.13633277
0.150	-1.350	0.000	-0.13816229
0.250	-1.350	0.000	-0.14045592
0.350	-1.350	0.000	-0.14259976
0.450	-1.350	0.000	-0.14398676
0.550	-1.350	0.000	-0.14483906
0.650	-1.350	0.000	-0.14530087
0.750	-1.350	0.000	-0.14545871
0.850	-1.350	0.000	-0.14545199
0.950	-1.350	0.000	-0.14525647
1.050	-1.350	0.000	-0.14482258
1.150	-1.350	0.000	-0.14402129
1.250	-1.350	0.000	-0.14289388
1.350	-1.350	0.000	-0.14167464
1.450	-1.350	0.000	-0.14062013
1.550	-1.350	0.000	-0.13990375
1.650	-1.350	0.000	-0.13950264
1.750	-1.350	0.000	-0.13926342
1.850	-1.350	0.000	-0.13902172
1.950	-1.350	0.000	-0.13842337
2.050	-1.350	0.000	-0.13769445
2.150	-1.350	0.000	-0.13645995
2.250	-1.350	0.000	-0.13486755
2.350	-1.350	0.000	-0.13325587
2.450	-1.350	0.000	-0.13141517
-2.450	-1.250	0.000	-0.15491255
-2.350	-1.250	0.000	-0.15531297
-2.250	-1.250	0.000	-0.15632585
-2.150	-1.250	0.000	-0.15769742
-2.050	-1.250	0.000	-0.15916380
-1.950	-1.250	0.000	-0.16049232
-1.850	-1.250	0.000	-0.16145606
-1.750	-1.250	0.000	-0.16198248
-1.650	-1.250	0.000	-0.16209522
-1.550	-1.250	0.000	-0.16190769
-1.450	-1.250	0.000	-0.16201448
-1.350	-1.250	0.000	-0.16248493
-1.250	-1.250	0.000	-0.16354908
-1.150	-1.250	0.000	-0.16509101
-1.050	-1.250	0.000	-0.16665967
-0.950	-1.250	0.000	-0.16679892
-0.850	-1.250	0.000	-0.16653030
-0.750	-1.250	0.000	-0.16486235
-0.650	-1.250	0.000	-0.16088836
-0.550	-1.250	0.000	-0.15528636
-0.450	-1.250	0.000	-0.14856879
-0.350	-1.250	0.000	-0.14123426
-0.250	-1.250	0.000	-0.13528651
-0.150	-1.250	0.000	-0.13318485
-0.050	-1.250	0.000	-0.13332142
0.050	-1.250	0.000	-0.13428979
0.150	-1.250	0.000	-0.13638708
0.250	-1.250	0.000	-0.13890621
0.350	-1.250	0.000	-0.14117399
0.450	-1.250	0.000	-0.14268866
0.550	-1.250	0.000	-0.14353013
0.650	-1.250	0.000	-0.14401639
0.750	-1.250	0.000	-0.14421293
0.850	-1.250	0.000	-0.14432111
0.950	-1.250	0.000	-0.14420326
1.050	-1.250	0.000	-0.14380680
1.150	-1.250	0.000	-0.14306955
1.250	-1.250	0.000	-0.14202689
1.350	-1.250	0.000	-0.14085928
1.450	-1.250	0.000	-0.13980228
1.550	-1.250	0.000	-0.13901994
1.650	-1.250	0.000	-0.13852370
1.750	-1.250	0.000	-0.13817745
1.850	-1.250	0.000	-0.13789016
1.950	-1.250	0.000	-0.13735443
2.050	-1.250	0.000	-0.13664638
2.150	-1.250	0.000	-0.13549927
2.250	-1.250	0.000	-0.13412380
2.350	-1.250	0.000	-0.13267969
2.450	-1.250	0.000	-0.13073704
-2.450	-1.150	0.000	-0.15381840
-2.350	-1.150	0.000	-0.15412676
-2.250	-1.150	0.000	-0.15526831
-2.150	-1.150	0.000	-0.15668617
-2.050	-1.150	0.000	-0.15813787
-1.950	-1.150	0.000	-0.15938674
-1.850	-1.150	0.000	-0.16021135
-1.750	-1.150	0.000	-0.16058375
-1.650	-1.150	0.000	-0.16049258
-1.550	-1.150	0.000	-0.16031048
-1.450	-1.150	0.000	-0.16051681
-1.350	-1.150	0.000	-0.16118829
-1.250	-1.150	0.000	-0.16260639
-1.150	-1.150	0.000	-0.16456433
-1.050	-1.150	0.000	-0.16656783
-0.950	-1.150	0.000	-0.16684942
-0.850	-1.150	0.000	-0.16662981
-0.750	-1.150	0.000	-0.16481782
-0.650	-1.150	0.000	-0.16044758
-0.550	-1.150	0.000	-0.15442017
-0.450	-1.150	0.000	-0.14676718
-0.350	-1.150	0.000	-0.13913095
-0.250	-1.150	0.000	-0.13325112
-0.150	-1.150	0.000	-0.13181727
-0.050	-1.150	0.000	-0.13205783
0.050	-1.150	0.000	-0.13320293
0.150	-1.150	0.000	-0.13550428
0.250	-1.150	0.000	-0.13804916
0.350	-1.150	0.000	-0.14016397
0.450	-1.150	0.000	-0.14143640
0.550	-1.150	0.000	-0.14219435
0.650	-1.150	0.000	-0.14260277
0.750	-1.150	0.000	-0.14280142
0.850	-1.150	0.000	-0.14291972
0.950	-1.150	0.000	-0.14294146
1.050	-1.150	0.000	-0.14275356
1.150	-1.150	0.000	-0.14223474
1.250	-1.150	0.000	-0.14133355
1.350	-1.150	0.000	-0.14021347
1.450	-1.150	0.000	-0.13913959
1.550	-1.150	0.000	-0.13826431
1.650	-1.150	0.000	-0.13760020
1.750	-1.150	0.000	-0.13706405
1.850	-1.150	0.000	-0.13662721
1.950	-1.150	0.000	-0.13606897
2.050	-1.150	0.000	-0.13538852
2.150	-1.150	0.000	-0.13436837
2.250	-1.150	0.000	-0.13321270
2.350	-1.150	0.000	-0.13199586
2.450	-1.150	0.000	-0.13003074
-2.450	-1.050	0.000	-0.15337406
-2.350	-1.050	0.000	-0.15361892
-2.250	-1.050	0.000	-0.15483406
-2.150	-1.050	0.000	-0.15625404
-2.050	-1.050	0.000	-0.15769893
-1.950	-1.050	0.000	-0.15887296
-1.850	-1.050	0.000	-0.15960225
-1.750	-1.050	0.000	-0.15987875
-1.650	-1.050	0.000	-0.15962411
-1.550	-1.050	0.000	-0.15947875
-1.450	-1.050	0.000	-0.15976344
-1.350	-1.050	0.000	-0.16059849
-1.250	-1.050	0.000	-0.16224802
-1.150	-1.050	0.000	-0.16445395
-1.050	-1.050	0.000	-0.16672254
-0.950	-1.050	0.000	-0.16716918
-0.850	-1.050	0.000	-0.16694807
-0.750	-1.050	0.000	-0.16509242
-0.650	-1.050	0.000	-0.16046076
-0.550	-1.050	0.000	-0.15379365
-0.450	-1.050	0.000	-0.14578515
-0.350	-1.050	0.000	-0.13820867
-0.250	-1.050	0.000	-0.13266523
-0.150	-1.050	0.000	-0.13174930
-0.050	-1.050	0.000	-0.13209610
0.050	-1.050	0.000	-0.13333285
0.150	-1.050	0.000	-0.13559978
0.250	-1.050	0.000	-0.13792031
0.350	-1.050	0.000	-0.13961412
0.450	-1.050	0.000	-0.14052922
0.550	-1.050	0.000	-0.14098322
0.650	-1.050	0.000	-0.14120059
0.750	-1.050	0.000	-0.14139159
0.850	-1.050	0.000	-0.14160278
0.950	-1.050	0.000	-0.14174987
1.050	-1.050	0.000	-0.14170009
1.150	-1.050	0.000	-0.14133580
1.250	-1.050	0.000	-0.14060237
1.350	-1.050	0.000	-0.13958950
1.450	-1.050	0.000	-0.13850836
1.550	-1.050	0.000	-0.13753097
1.650	-1.050	0.000	-0.13671607
1.750	-1.050	0.000	-0.13601829
1.850	-1.050	0.000	-0.13544564
1.950	-1.050	0.000	-0.13484657
2.050	-1.050	0.000	-0.13423091
2.150	-1.050	0.000	-0.13336205
2.250	-1.050	0.000	-0.13235962
2.350	-1.050	0.000	-0.13131785
2.450	-1.050	0.000	-0.12942538
-2.450	-0.950	0.000	-0.15317138
-2.350	-0.950	0.000	-0.15337266
-2.250	-0.950	0.000	-0.15459931
-2.150	-0.950	0.000	-0.15603139
-2.050	-0.950	0.000	-0.15745790
-1.950	-0.950	0.000	-0.15854466
-1.850	-0.950	0.000	-0.15917374
-1.750	-0.950	0.000	-0.15937962
-1.650	-0.950	0.000	-0.15900658
-1.550	-0.950	0.000	-0.15907685
-1.450	-0.950	0.000	-0.15944682
-1.350	-0.950	0.000	-0.16045792
-1.250	-0.950	0.000	-0.16229384
-1.150	-0.950	0.000	-0.16469941
-1.050	-0.950	0.000	-0.16709360
-0.950	-0.950	0.000	-0.16777110
-0.850	-0.950	0.000	-0.16736637
-0.750	-0.950	0.000	-0.16536500
-0.650	-0.950	0.000	-0.16057351
-0.550	-0.950	0.000	-0.15340261
-0.450	-0.950	0.000	-0.14558621
-0.350	-0.950	0.000	-0.13795330
-0.250	-0.950	0.000	-0.13343129
-0.150	-0.950	0.000	-0.13323319
-0.050	-0.950	0.000	-0.13361427
0.050	-0.950	0.000	-0.13481903
0.150	-0.950	0.000	-0.13671777
0.250	-0.950	0.000	-0.13839245
0.350	-0.950	0.000	-0.13944390
0.450	-0.950	0.000	-0.13984519
0.550	-0.950	0.000	-0.13989885
0.650	-0.950	0.000	-0.13998714
0.750	-0.950	0.000	-0.14001378
0.850	-0.950	0.000	-0.14019163
0.950	-0.950	0.000	-0.14042947
1.050	-0.950	0.000	-0.14054452
1.150	-0.950	0.000	-0.14039059
1.250	-0.950	0.000	-0.13986683
1.350	-0.950	0.000	-0.13904037
1.450	-0.950	0.000	-0.13803110
1.550	-0.950	0.000	-0.13698027
1.650	-0.950	0.000	-0.13599749
1.750	-0.950	0.000	-0.13509326
1.850	-0.950	0.000	-0.13431944
1.950	-0.950	0.000	-0.13362719
2.050	-0.950	0.000	-0.13304621
2.150	-0.950	0.000	-0.13230842
2.250	-0.950	0.000	-0.13145669
2.350	-0.950	0.000	-0.13054872
2.450	-0.950	0.000	-0.12874274
-2.450	-0.850	0.000	-0.15305677
-2.350	-0.850	0.000	-0.15323399
-2.250	-0.850	0.000	-0.15440001
-2.150	-0.850	0.000	-0.15579768
-2.050	-0.850	0.000	-0.15717563
-1.950	-0.850	0.000	-0.15817344
-1.850	-0.850	0.000	-0.15874198
-1.750	-0.850	0.000	-0.15895772
-1.650	-0.850	0.000	-0.15857451
-1.550	-0.850	0.000	-0.15880327
-1.450	-0.850	0.000	-0.15924308
-1.350	-0.850	0.000	-0.16040872
-1.250	-0.850	0.000	-0.16243556
-1.150	-0.850	0.000	-0.16492209
-1.050	-0.850	0.000	-0.16737710
-0.950	-0.850	0.000	-0.16803344
-0.850	-0.850	0.000	-0.16755790
-0.750	-0.850	0.000	-0.16533321
-0.650	-0.850	0.000	-0.16018695
-0.550	-0.850	0.000	-0.15325156
-0.450	-0.850	0.000	-0.14544469
-0.350	-0.850	0.000	-0.13847329
-0.250	-0.850	0.000	-0.13505577
-0.150	-0.850	0.000	-0.13505001
-0.050	-0.850	0.000	-0.13537787
0.050	-0.850	0.000	-0.13637847
0.150	-0.850	0.000	-0.13779519
0.250	-0.850	0.000	-0.13896137
0.350	-0.850	0.000	-0.13942830
0.450	-0.850	0.000	-0.13938287
0.550	-0.850	0.000	-0.13910180
0.650	-0.850	0.000	-0.13890231
0.750	-0.850	0.000	-0.13877530
0.850	-0.850	0.000	-0.13879211
0.950	-0.850	0.000	-0.13902529
1.050	-0.850	0.000	-0.13925454
1.150	-0.850	0.000	-0.13932356
1.250	-0.850	0.000	-0.13909714
1.350	-0.850	0.000	-0.13849069
1.450	-0.850	0.000	-0.13759227
1.550	-0.850	0.000	-0.13652326
1.650	-0.850	0.000	-0.13540433
1.750	-0.850	0.000	-0.13433963
1.850	-0.850	0.000	-0.13341482
1.950	-0.850	0.000	-0.13261896
2.050	-0.850	0.000	-0.13201514
2.150	-0.850	0.000	-0.13135953
2.250	-0.850	0.000	-0.13061254
2.350	-0.850	0.000	-0.12982492
2.450	-0.850	0.000	-0.12809819
-2.450	-0.750	0.000	-0.15279263
-2.350	-0.750	0.000	-0.15295745
-2.250	-0.750	0.000	-0.15400428
-2.150	-0.750	0.000	-0.15534712
-2.050	-0.750	0.000	-0.15667988
-1.950	-0.750	0.000	-0.15761107
-1.850	-0.750	0.000	-0.15815987
-1.750	-0.750	0.000	-0.15845211
-1.650	-0.750	0.000	-0.15814535
-1.550	-0.750	0.000	-0.15843277
-1.450	-0.750	0.000	-0.15898843
-1.350	-0.750	0.000	-0.16022556
-1.250	-0.750	0.000	-0.16226543
-1.150	-0.750	0.000	-0.16467467
-1.050	-0.750	0.000	-0.16712643
-0.950	-0.750	0.000	-0.16764675
-0.850	-0.750	0.000	-0.16719590
-0.750	-0.750	0.000	-0.16473667
-0.650	-0.750	0.000	-0.15958561
-0.550	-0.750	0.000	-0.15304869
-0.450	-0.750	0.000	-0.14561146
-0.350	-0.750	0.000	-0.13950561
-0.250	-0.750	0.000	-0.13676837
-0.150	-0.750	0.000	-0.13690102
-0.050	-0.750	0.000	-0.13723540
0.050	-0.750	0.000	-0.13807622
0.150	-0.750	0.000	-0.13902526
0.250	-0.750	0.000	-0.13959828
0.350	-0.750	0.000	-0.13944371
0.450	-0.750	0.000	-0.13907093
0.550	-0.750	0.000	-0.13844086
0.650	-0.750	0.000	-0.13785762
0.750	-0.750	0.000	-0.13762151
0.850	-0.750	0.000	-0.13742030
0.950	-0.750	0.000	-0.13755213
1.050	-0.750	0.000	-0.13776886
1.150	-0.750	0.000	-0.13792054
1.250	-0.750	0.000	-0.13790587
1.350	-0.750	0.000	-0.13751820
1.450	-0.750	0.000	-0.13679121
1.550	-0.750	0.000	-0.13580385
1.650	-0.750	0.000	-0.13466644
1.750	-0.750	0.000	-0.13353723
1.850	-0.750	0.000	-0.13256936
1.950	-0.750	0.000	-0.13172345
2.050	-0.750	0.000	-0.13108920
2.150	-0.750	0.000	-0.13045382
2.250	-0.750	0.000	-0.12971213
2.350	-0.750	0.000	-0.12894876
2.450	-0.750	0.000	-0.12722570
-2.450	-0.650	0.000	-0.15212758
-2.350	-0.650	0.000	-0.15228572
-2.250	-0.650	0.000	-0.15321296
-2.150	-0.650	0.000	-0.15452795
-2.050	-0.650	0.000	-0.15583397
-1.950	-0.650	0.000	-0.15676548
-1.850	-0.650	0.000	-0.15736453
-1.750	-0.650	0.000	-0.15775891
-1.650	-0.650	0.000	-0.15758082
-1.550	-0.650	0.000	-0.15788171
-1.450	-0.650	0.000	-0.15851407
-1.350	-0.650	0.000	-0.15978225
-1.250	-0.650	0.000	-0.16174734
-1.150	-0.650	0.000	-0.16405635
-1.050	-0.650	0.000	-0.16644323
-0.950	-0.650	0.000	-0.16674477
-0.850	-0.650	0.000	-0.16625042
-0.750	-0.650	0.000	-0.16360788
-0.650	-0.650	0.000	-0.15866747
-0.550	-0.650	0.000	-0.15229590
-0.450	-0.650	0.000	-0.14562039
-0.350	-0.650	0.000	-0.14052293
-0.250	-0.650	0.000	-0.13824071
-0.150	-0.650	0.000	-0.13839547
-0.050	-0.650	0.000	-0.13870379
0.050	-0.650	0.000	-0.13934118
0.150	-0.650	0.000	-0.13995995
0.250	-0.650	0.000	-0.14000031
0.350	-0.650	0.000	-0.13960867
0.450	-0.650	0.000	-0.13884372
0.550	-0.650	0.000	-0.13791019
0.650	-0.650	0.000	-0.13704112
0.750	-0.650	0.000	-0.13659658
0.850	-0.650	0.000	-0.13625711
0.950	-0.650	0.000	-0.13628986
1.050	-0.650	0.000	-0.13643999
1.150	-0.650	0.000	-0.13659886
1.250	-0.650	0.000	-0.13661708
1.350	-0.650	0.000	-0.13630879
1.450	-0.650	0.000	-0.13567282
1.550	-0.650	0.000	-0.13475239
1.650	-0.650	0.000	-0.13365957
1.750	-0.650	0.000	-0.13256250
1.850	-0.650	0.000	-0.13166855
1.950	-0.650	0.000	-0.13086858
2.050	-0.650	0.000	-0.13023068
2.150	-0.650	0.000	-0.12957397
2.250	-0.650	0.000	-0.12876594
2.350	-0.650	0.000	-0.12793228
2.450	-0.650	0.000	-0.12611595
-2.450	-0.550	0.000	-0.15108889
-2.350	-0.550	0.000	-0.15129724
-2.250	-0.550	0.000	-0.15218121
-2.150	-0.550	0.000	-0.15348609
-2.050	-0.550	0.000	-0.15477455
-1.950	-0.550	0.000	-0.15572521
-1.850	-0.550	0.000	-0.15637633
-1.750	-0.550	0.000	-0.15682018
-1.650	-0.550	0.000	-0.15673256
-1.550	-0.550	0.000	-0.15699235
-1.450	-0.550	0.000	-0.15768465
-1.350	-0.550	0.000	-0.15892483
-1.250	-0.550	0.000	-0.16073383
-1.150	-0.550	0.000	-0.16298033
-1.050	-0.550	0.000	-0.16526698
-0.950	-0.550	0.000	-0.16548973
-0.850	-0.550	0.000	-0.16497906
-0.750	-0.550	0.000	-0.16226964
-0.650	-0.550	0.000	-0.15757422
-0.550	-0.550	0.000	-0.15164833
-0.450	-0.550	0.000	-0.14579368
-0.350	-0.550	0.000	-0.14158219
-0.250	-0.550	0.000	-0.13942860
-0.150	-0.550	0.000	-0.13949022
-0.050	-0.550	0.000	-0.13973255
0.050	-0.550	0.000	-0.14012107
0.150	-0.550	0.000	-0.14038588
0.250	-0.550	0.000	-0.14014906
0.350	-0.550	0.000	-0.13956600
0.450	-0.550	0.000	-0.13863185
0.550	-0.550	0.000	-0.13751695
0.650	-0.550	0.000	-0.13646857
0.750	-0.550	0.000	-0.13578092
0.850	-0.550	0.000	-0.13533847
0.950	-0.550	0.000	-0.13523206
1.050	-0.550	0.000	-0.13532376
1.150	-0.550	0.000	-0.13546510
1.250	-0.550	0.000	-0.13548781
1.350	-0.550	0.000	-0.13520746
1.450	-0.550	0.000	-0.13455756
1.550	-0.550	0.000	-0.13358672
1.650	-0.550	0.000	-0.13251860
1.750	-0.550	0.000	-0.13151182
1.850	-0.550	0.000	-0.13071993
1.950	-0.550	0.000	-0.12999526
2.050	-0.550	0.000	-0.12936246
2.150	-0.550	0.000	-0.12863530
2.250	-0.550	0.000	-0.12774098
2.350	-0.550	0.000	-0.12682822
2.450	-0.550	0.000	-0.12489419
-2.450	-0.450	0.000	-0.15004528
-2.350	-0.450	0.000	-0.15037909
-2.250	-0.450	0.000	-0.15133014
-2.150	-0.450	0.000	-0.15259220
-2.050	-0.450	0.000	-0.15383667
-1.950	-0.450	0.000	-0.15476240
-1.850	-0.450	0.000	-0.15543571
-1.750	-0.450	0.000	-0.15591390
-1.650	-0.450	0.000	-0.15588789
-1.550	-0.450	0.000	-0.15605393
-1.450	-0.450	0.000	-0.15673122
-1.350	-0.450	0.000	-0.15778939
-1.250	-0.450	0.000	-0.15943690
-1.150	-0.450	0.000	-0.16162163
-1.050	-0.450	0.000	-0.16372576
-0.950	-0.450	0.000	-0.16395424
-0.850	-0.450	0.000	-0.16348173
-0.750	-0.450	0.000	-0.16103721
-0.650	-0.450	0.000	-0.15678051
-0.550	-0.450	0.000	-0.15147951
-0.450	-0.450	0.000	-0.14642902
-0.350	-0.450	0.000	-0.14268723
-0.250	-0.450	0.000	-0.14053774
-0.150	-0.450	0.000	-0.14027496
-0.050	-0.450	0.000	-0.14035808
0.050	-0.450	0.000	-0.14048190
0.150	-0.450	0.000	-0.14040926
0.250	-0.450	0.000	-0.14005809
0.350	-0.450	0.000	-0.13931789
0.450	-0.450	0.000	-0.13829491
0.550	-0.450	0.000	-0.13715950
0.650	-0.450	0.000	-0.13602906
0.750	-0.450	0.000	-0.13515122
0.850	-0.450	0.000	-0.13460425
0.950	-0.450	0.000	-0.13437453
1.050	-0.450	0.000	-0.13436131
1.150	-0.450	0.000	-0.13443109
1.250	-0.450	0.000	-0.13438992
1.350	-0.450	0.000	-0.13408494
1.450	-0.450	0.000	-0.13344780
1.550	-0.450	0.000	-0.13250470
1.650	-0.450	0.000	-0.13148557
1.750	-0.450	0.000	-0.13054140
1.850	-0.450	0.000	-0.12978752
1.950	-0.450	0.000	-0.12914477
2.050	-0.450	0.000	-0.12850904
2.150	-0.450	0.000	-0.12769063
2.250	-0.450	0.000	-0.12672187
2.350	-0.450	0.000	-0.12577392
2.450	-0.450	0.000	-0.12377652
-2.450	-0.350	0.000	-0.14898774
-2.350	-0.350	0.000	-0.14949150
-2.250	-0.350	0.000	-0.15056713
-2.150	-0.350	0.000	-0.15176989
-2.050	-0.350	0.000	-0.15295720
-1.950	-0.350	0.000	-0.15386498
-1.850	-0.350	0.000	-0.15460813
-1.750	-0.350	0.000	-0.15518990
-1.650	-0.350	0.000	-0.15513097
-1.550	-0.350	0.000	-0.15527128
-1.450	-0.350	0.000	-0.15568095
-1.350	-0.350	0.000	-0.15653777
-1.250	-0.350	0.000	-0.15804803
-1.150	-0.350	0.000	-0.16013923
-1.050	-0.350	0.000	-0.16201288
-0.950	-0.350	0.000	-0.16228762
-0.850	-0.350	0.000	-0.16202573
-0.750	-0.350	0.000	-0.16002956
-0.650	-0.350	0.000	-0.15622485
-0.550	-0.350	0.000	-0.15159717
-0.450	-0.350	0.000	-0.14706928
-0.350	-0.350	0.000	-0.14362755
-0.250	-0.350	0.000	-0.14153744
-0.150	-0.350	0.000	-0.14074244
-0.050	-0.350	0.000	-0.14055705
0.050	-0.350	0.000	-0.14042056
0.150	-0.350	0.000	-0.14019728
0.250	-0.350	0.000	-0.13967437
0.350	-0.350	0.000	-0.13893619
0.450	-0.350	0.000	-0.13791037
0.550	-0.350	0.000	-0.13677861
0.650	-0.350	0.000	-0.13559516
0.750	-0.350	0.000	-0.13458718
0.850	-0.350	0.000	-0.13395643
0.950	-0.350	0.000	-0.13363317
1.050	-0.350	0.000	-0.13355388
1.150	-0.350	0.000	-0.13357726
1.250	-0.350	0.000	-0.13349004
1.350	-0.350	0.000	-0.13311926
1.450	-0.350	0.000	-0.13243297
1.550	-0.350	0.000	-0.13149121
1.650	-0.350	0.000	-0.13051943
1.750	-0.350	0.000	-0.12964338
1.850	-0.350	0.000	-0.12891255
1.950	-0.350	0.000	-0.12829955
2.050	-0.350	0.000	-0.12766168
2.150	-0.350	0.000	-0.12681206
2.250	-0.350	0.000	-0.12584950
2.350	-0.350	0.000	-0.12495086
2.450	-0.350	0.000	-0.12299055
-2.450	-0.250	0.000	-0.14814575
-2.350	-0.250	0.000	-0.14886335
-2.250	-0.250	0.000	-0.15017353
-2.150	-0.250	0.000	-0.15131244
-2.050	-0.250	0.000	-0.15238293
-1.950	-0.250	0.000	-0.15322649
-1.850	-0.250	0.000	-0.15396161
-1.750	-0.250	0.000	-0.15458435
-1.650	-0.250	0.000	-0.15447800
-1.550	-0.250	0.000	-0.15456042
-1.450	-0.250	0.000	-0.15476605
-1.350	-0.250	0.000	-0.15547629
-1.250	-0.250	0.000	-0.15682304
-1.150	-0.250	0.000	-0.15878037
-1.050	-0.250	0.000	-0.16048513
-0.950	-0.250	0.000	-0.16081405
-0.850	-0.250	0.000	-0.16074874
-0.750	-0.250	0.000	-0.15907976
-0.650	-0.250	0.000	-0.15575053
-0.550	-0.250	0.000	-0.15173353
-0.450	-0.250	0.000	-0.14776042
-0.350	-0.250	0.000	-0.14452676
-0.250	-0.250	0.000	-0.14234114
-0.150	-0.250	0.000	-0.14116429
-0.050	-0.250	0.000	-0.14053978
0.050	-0.250	0.000	-0.14015204
0.150	-0.250	0.000	-0.13975695
0.250	-0.250	0.000	-0.13922460
0.350	-0.250	0.000	-0.13846354
0.450	-0.250	0.000	-0.13745347
0.550	-0.250	0.000	-0.13633265
0.650	-0.250	0.000	-0.13517615
0.750	-0.250	0.000	-0.13415033
0.850	-0.250	0.000	-0.13344496
0.950	-0.250	0.000	-0.13303827
1.050	-0.250	0.000	-0.13289165
1.150	-0.250	0.000	-0.13287644
1.250	-0.250	0.000	-0.13276440
1.350	-0.250	0.000	-0.13237652
1.450	-0.250	0.000	-0.13169546
1.550	-0.250	0.000	-0.13079359
1.650	-0.250	0.000	-0.12986352
1.750	-0.250	0.000	-0.12900954
1.850	-0.250	0.000	-0.12826356
1.950	-0.250	0.000	-0.12760817
2.050	-0.250	0.000	-0.12693621
2.150	-0.250	0.000	-0.12609163
2.250	-0.250	0.000	-0.12518175
2.350	-0.250	0.000	-0.12436485
2.450	-0.250	0.000	-0.12251332
-2.450	-0.150	0.000	-0.14789209
-2.350	-0.150	0.000	-0.14880458
-2.250	-0.150	0.000	-0.15027969
-2.150	-0.150	0.000	-0.15142165
-2.050	-0.150	0.000	-0.15238944
-1.950	-0.150	0.000	-0.15322004
-1.850	-0.150	0.000	-0.15401274
-1.750	-0.150	0.000	-0.15469232
-1.650	-0.150	0.000	-0.15461938
-1.550	-0.150	0.000	-0.15447135
-1.450	-0.150	0.000	-0.15452696
-1.350	-0.150	0.000	-0.15496212
-1.250	-0.150	0.000	-0.15604606
-1.150	-0.150	0.000	-0.15774390
-1.050	-0.150	0.000	-0.15913923
-0.950	-0.150	0.000	-0.15948460
-0.850	-0.150	0.000	-0.15953393
-0.750	-0.150	0.000	-0.15822093
-0.650	-0.150	0.000	-0.15540516
-0.550	-0.150	0.000	-0.15198240
-0.450	-0.150	0.000	-0.14849588
-0.350	-0.150	0.000	-0.14543585
-0.250	-0.150	0.000	-0.14316462
-0.150	-0.150	0.000	-0.14161602
-0.050	-0.150	0.000	-0.14062290
0.050	-0.150	0.000	-0.13995045
0.150	-0.150	0.000	-0.13943280
0.250	-0.150	0.000	-0.13884947
0.350	-0.150	0.000	-0.13809606
0.450	-0.150	0.000	-0.13713488
0.550	-0.150	0.000	-0.13603130
0.650	-0.150	0.000	-0.13486660
0.750	-0.150	0.000	-0.13378933
0.850	-0.150	0.000	-0.13295443
0.950	-0.150	0.000	-0.13245814
1.050	-0.150	0.000	-0.13224466
1.150	-0.150	0.000	-0.13219373
1.250	-0.150	0.000	-0.13211747
1.350	-0.150	0.000	-0.13182540
1.450	-0.150	0.000	-0.13128549
1.550	-0.150	0.000	-0.13053763
1.650	-0.150	0.000	-0.12970075
1.750	-0.150	0.000	-0.12886536
1.850	-0.150	0.000	-0.12806720
1.950	-0.150	0.000	-0.12730874
2.050	-0.150	0.000	-0.12650730
2.150	-0.150	0.000	-0.12560555
2.250	-0.150	0.000	-0.12470908
2.350	-0.150	0.000	-0.12396576
2.450	-0.150	0.000	-0.12229296
-2.450	-0.050	0.000	-0.14825846
-2.350	-0.050	0.000	-0.14940603
-2.250	-0.050	0.000	-0.15096575
-2.150	-0.050	0.000	-0.15206502
-2.050	-0.050	0.000	-0.15296696
-1.950	-0.050	0.000	-0.15378244
-1.850	-0.050	0.000	-0.15461105
-1.750	-0.050	0.000	-0.15531158
-1.650	-0.050	0.000	-0.15522024
-1.550	-0.050	0.000	-0.15495390
-1.450	-0.050	0.000	-0.15476792
-1.350	-0.050	0.000	-0.15491894
-1.250	-0.050	0.000	-0.15577419
-1.150	-0.050	0.000	-0.15719616
-1.050	-0.050	0.000	-0.15831590
-0.950	-0.050	0.000	-0.15863468
-0.850	-0.050	0.000	-0.15862182
-0.750	-0.050	0.000	-0.15750724
-0.650	-0.050	0.000	-0.15515663
-0.550	-0.050	0.000	-0.15225026
-0.450	-0.050	0.000	-0.14924406
-0.350	-0.050	0.000	-0.14640224
-0.250	-0.050	0.000	-0.14407101
-0.150	-0.050	0.000	-0.14227471
-0.050	-0.050	0.000	-0.14096217
0.050	-0.050	0.000	-0.14003792
0.150	-0.050	0.000	-0.13937733
0.250	-0.050	0.000	-0.13876003
0.350	-0.050	0.000	-0.13801832
0.450	-0.050	0.000	-0.13707903
0.550	-0.050	0.000	-0.13598785
0.650	-0.050	0.000	-0.13481401
0.750	-0.050	0.000	-0.13373578
0.850	-0.050	0.000	-0.13288194
0.950	-0.050	0.000	-0.13235891
1.050	-0.050	0.000	-0.13211054
1.150	-0.050	0.000	-0.13202731
1.250	-0.050	0.000	-0.13197330
1.350	-0.050	0.000	-0.13186152
1.450	-0.050	0.000	-0.13156620
1.550	-0.050	0.000	-0.13102494
1.650	-0.050	0.000	-0.13030042
1.750	-0.050	0.000	-0.12945578
1.850	-0.050	0.000	-0.12853082
1.950	-0.050	0.000	-0.12757835
2.050	-0.050	0.000	-0.12651265
2.150	-0.050	0.000	-0.12549625
2.250	-0.050	0.000	-0.12454449
2.350	-0.050	0.000	-0.12380056
2.450	-0.050	0.000	-0.12224229
-2.450	0.050	0.000	-0.14937483
-2.350	0.050	0.000	-0.15061632
-2.250	0.050	0.000	-0.15226682
-2.150	0.050	0.000	-0.15332800
-2.050	0.050	0.000	-0.15414877
-1.950	0.050	0.000	-0.15495998
-1.850	0.050	0.000	-0.15581928
-1.750	0.050	0.000	-0.15652560
-1.650	0.050	0.000	-0.15645447
-1.550	0.050	0.000	-0.15611549
-1.450	0.050	0.000	-0.15570202
-1.350	0.050	0.000	-0.15564081
-1.250	0.050	0.000	-0.15630732
-1.150	0.050	0.000	-0.15742151
-1.050	0.050	0.000	-0.15814579
-0.950	0.050	0.000	-0.15840550
-0.850	0.050	0.000	-0.15822028
-0.750	0.050	0.000	-0.15713173
-0.650	0.050	0.000	-0.15513259
-0.550	0.050	0.000	-0.15264712
-0.450	0.050	0.000	-0.15007377
-0.350	0.050	0.000	-0.14752620
-0.250	0.050	0.000	-0.14523533
-0.150	0.050	0.000	-0.14330690
-0.050	0.050	0.000	-0.14179282
0.050	0.050	0.000	-0.14070645
0.150	0.050	0.000	-0.13992058
0.250	0.050	0.000	-0.13921756
0.350	0.050	0.000	-0.13844657
0.450	0.050	0.000	-0.13751000
0.550	0.050	0.000	-0.13646048
0.650	0.050	0.000	-0.13532816
0.750	0.050	0.000	-0.13431665
0.850	0.050	0.000	-0.13353749
0.950	0.050	0.000	-0.13303494
1.050	0.050	0.000	-0.13279931
1.150	0.050	0.000	-0.13273454
1.250	0.050	0.000	-0.13271233
1.350	0.050	0.000	-0.13258025
1.450	0.050	0.000	-0.13230893
1.550	0.050	0.000	-0.13185875
1.650	0.050	0.000	-0.13124053
1.750	0.050	0.000	-0.13038152
1.850	0.050	0.000	-0.12935744
1.950	0.050	0.000	-0.12829605
2.050	0.050	0.000	-0.12706293
2.150	0.050	0.000	-0.12587169
2.250	0.050	0.000	-0.12475926
2.350	0.050	0.000	-0.12390512
2.450	0.050	0.000	-0.12240849
-2.450	0.150	0.000	-0.15099110
-2.350	0.150	0.000	-0.15235938
-2.250	0.150	0.000	-0.15408452
-2.150	0.150	0.000	-0.15506352
-2.050	0.150	0.000	-0.15577537
-1.950	0.150	0.000	-0.15648593
-1.850	0.150	0.000	-0.15729694
-1.750	0.150	0.000	-0.15794112
-1.650	0.150	0.000	-0.15792942
-1.550	0.150	0.000	-0.15750280
-1.450	0.150	0.000	-0.15692918
-1.350	0.150	0.000	-0.15683512
-1.250	0.150	0.000	-0.15731417
-1.150	0.150	0.000	-0.15818036
-1.050	0.150	0.000	-0.15868746
-0.950	0.150	0.000	-0.15877809
-0.850	0.150	0.000	-0.15838403
-0.750	0.150	0.000	-0.15723243
-0.650	0.150	0.000	-0.15538652
-0.550	0.150	0.000	-0.15318774
-0.450	0.150	0.000	-0.15096048
-0.350	0.150	0.000	-0.14875939
-0.250	0.150	0.000	-0.14666051
-0.150	0.150	0.000	-0.14473560
-0.050	0.150	0.000	-0.14308970
0.050	0.150	0.000	-0.14178993
0.150	0.150	0.000	-0.14080413
0.250	0.150	0.000	-0.13997592
0.350	0.150	0.000	-0.13917173
0.450	0.150	0.000	-0.13826710
0.550	0.150	0.000	-0.13727674
0.650	0.150	0.000	-0.13619682
0.750	0.150	0.000	-0.13521478
0.850	0.150	0.000	-0.13449663
0.950	0.150	0.000	-0.13397612
1.050	0.150	0.000	-0.13369757
1.150	0.150	0.000	-0.13357678
1.250	0.150	0.000	-0.13354461
1.350	0.150	0.000	-0.13353531
1.450	0.150	0.000	-0.13340607
1.550	0.150	0.000	-0.13306597
1.650	0.150	0.000	-0.13251474
1.750	0.150	0.000	-0.13162126
1.850	0.150	0.000	-0.13050677
1.950	0.150	0.000	-0.12927358
2.050	0.150	0.000	-0.12787519
2.150	0.150	0.000	-0.12656727
2.250	0.150	0.000	-0.12533738
2.350	0.150	0.000	-0.12432511
2.450	0.150	0.000	-0.12282448
-2.450	0.250	0.000	-0.15270719
-2.350	0.250	0.000	-0.15409787
-2.250	0.250	0.000	-0.15583651
-2.150	0.250	0.000	-0.15677346
-2.050	0.250	0.000	-0.15744387
-1.950	0.250	0.000	-0.15810828
-1.850	0.250	0.000	-0.15886517
-1.750	0.250	0.000	-0.15943795
-1.650	0.250	0.000	-0.15946518
-1.550	0.250	0.000	-0.15893079
-1.450	0.250	0.000	-0.15843746
-1.350	0.250	0.000	-0.15834126
-1.250	0.250	0.000	-0.15870772
-1.150	0.250	0.000	-0.15954790
-1.050	0.250	0.000	-0.15974697
-0.950	0.250	0.000	-0.15966283
-0.850	0.250	0.000	-0.15900432
-0.750	0.250	0.000	-0.15763727
-0.650	0.250	0.000	-0.15579595
-0.550	0.250	0.000	-0.15377913
-0.450	0.250	0.000	-0.15179731
-0.350	0.250	0.000	-0.14991075
-0.250	0.250	0.000	-0.14807220
-0.150	0.250	0.000	-0.14628042
-0.050	0.250	0.000	-0.14463490
0.050	0.250	0.000	-0.14323974
0.150	0.250	0.000	-0.14209881
0.250	0.250	0.000	-0.14113097
0.350	0.250	0.000	-0.14025496
0.450	0.250	0.000	-0.13937238
0.550	0.250	0.000	-0.13846605
0.650	0.250	0.000	-0.13752840
0.750	0.250	0.000	-0.13659896
0.850	0.250	0.000	-0.13591439
0.950	0.250	0.000	-0.13535073
1.050	0.250	0.000	-0.13498460
1.150	0.250	0.000	-0.13478382
1.250	0.250	0.000	-0.13467614
1.350	0.250	0.000	-0.13459337
1.450	0.250	0.000	-0.13445553
1.550	0.250	0.000	-0.13415898
1.650	0.250	0.000	-0.13363157
1.750	0.250	0.000	-0.13282384
1.850	0.250	0.000	-0.13170379
1.950	0.250	0.000	-0.13039532
2.050	0.250	0.000	-0.12895751
2.150	0.250	0.000	-0.12752230
2.250	0.250	0.000	-0.12613811
2.350	0.250	0.000	-0.12497695
2.450	0.250	0.000	-0.12338190
-2.450	0.350	0.000	-0.15378174
-2.350	0.350	0.000	-0.15515125
-2.250	0.350	0.000	-0.15686643
-2.150	0.350	0.000	-0.15785448
-2.050	0.350	0.000	-0.15856406
-1.950	0.350	0.000	-0.15928796
-1.850	0.350	0.000	-0.16004457
-1.750	0.350	0.000	-0.16059197
-1.650	0.350	0.000	-0.16065088
-1.550	0.350	0.000	-0.16010383
-1.450	0.350	0.000	-0.15979989
-1.350	0.350	0.000	-0.15974785
-1.250	0.350	0.000	-0.16016880
-1.150	0.350	0.000	-0.16104093
-1.050	0.350	0.000	-0.16112542
-0.950	0.350	0.000	-0.16094109
-0.850	0.350	0.000	-0.16006811
-0.750	0.350	0.000	-0.15846476
-0.650	0.350	0.000	-0.15646766
-0.550	0.350	0.000	-0.15446267
-0.450	0.350	0.000	-0.15259507
-0.350	0.350	0.000	-0.15091774
-0.250	0.350	0.000	-0.14929852
-0.150	0.350	0.000	-0.14768212
-0.050	0.350	0.000	-0.14611505
0.050	0.350	0.000	-0.14470272
0.150	0.350	0.000	-0.14349046
0.250	0.350	0.000	-0.14245582
0.350	0.350	0.000	-0.14157170
0.450	0.350	0.000	-0.14074688
0.550	0.350	0.000	-0.13988857
0.650	0.350	0.000	-0.13901849
0.750	0.350	0.000	-0.13806239
0.850	0.350	0.000	-0.13728710
0.950	0.350	0.000	-0.13659094
1.050	0.350	0.000	-0.13606499
1.150	0.350	0.000	-0.13572976
1.250	0.350	0.000	-0.13555832
1.350	0.350	0.000	-0.13546105
1.450	0.350	0.000	-0.13532679
1.550	0.350	0.000	-0.13506508
1.650	0.350	0.000	-0.13455714
1.750	0.350	0.000	-0.13381952
1.850	0.350	0.000	-0.13278799
1.950	0.350	0.000	-0.13150254
2.050	0.350	0.000	-0.13008501
2.150	0.350	0.000	-0.12862106
2.250	0.350	0.000	-0.12716748
2.350	0.350	0.000	-0.12593901
2.450	0.350	0.000	-0.12415118
-2.450	0.450	0.000	-0.15417694
-2.350	0.450	0.000	-0.15545765
-2.250	0.450	0.000	-0.15710908
-2.150	0.450	0.000	-0.15816587
-2.050	0.450	0.000	-0.15897469
-1.950	0.450	0.000	-0.15986019
-1.850	0.450	0.000	-0.16069485
-1.750	0.450	0.000	-0.16125876
-1.650	0.450	0.000	-0.16134970
-1.550	0.450	0.000	-0.16080746
-1.450	0.450	0.000	-0.16072866
-1.350	0.450	0.000	-0.16075322
-1.250	0.450	0.000	-0.16130865
-1.150	0.450	0.000	-0.16228102
-1.050	0.450	0.000	-0.16231920
-0.950	0.450	0.000	-0.16210929
-0.850	0.450	0.000	-0.16114996
-0.750	0.450	0.000	-0.15939879
-0.650	0.450	0.000	-0.15728457
-0.550	0.450	0.000	-0.15522327
-0.450	0.450	0.000	-0.15339139
-0.350	0.450	0.000	-0.15181243
-0.250	0.450	0.000	-0.15031037
-0.150	0.450	0.000	-0.14882040
-0.050	0.450	0.000	-0.14737749
0.050	0.450	0.000	-0.14604305
0.150	0.450	0.000	-0.14485615
0.250	0.450	0.000	-0.14383665
0.350	0.450	0.000	-0.14298941
0.450	0.450	0.000	-0.14222997
0.550	0.450	0.000	-0.14142227
0.650	0.450	0.000	-0.14060463
0.750	0.450	0.000	-0.13965142
0.850	0.450	0.000	-0.13875312
0.950	0.450	0.000	-0.13790341
1.050	0.450	0.000	-0.13721126
1.150	0.450	0.000	-0.13674071
1.250	0.450	0.000	-0.13647141
1.350	0.450	0.000	-0.13630635
1.450	0.450	0.000	-0.13612916
1.550	0.450	0.000	-0.13583346
1.650	0.450	0.000	-0.13532400
1.750	0.450	0.000	-0.13459864
1.850	0.450	0.000	-0.13367450
1.950	0.450	0.000	-0.13248807
2.050	0.450	0.000	-0.13117261
2.150	0.450	0.000	-0.12971011
2.250	0.450	0.000	-0.12821184
2.350	0.450	0.000	-0.12691124
2.450	0.450	0.000	-0.12494481
-2.450	0.550	0.000	-0.15441176
-2.350	0.550	0.000	-0.15552261
-2.250	0.550	0.000	-0.15700543
-2.150	0.550	0.000	-0.15809870
-2.050	0.550	0.000	-0.15902078
-1.950	0.550	0.000	-0.15998463
-1.850	0.550	0.000	-0.16089536
-1.750	0.550	0.000	-0.16146173
-1.650	0.550	0.000	-0.16154025
-1.550	0.550	0.000	-0.16099459
-1.450	0.550	0.000	-0.16104092
-1.350	0.550	0.000	-0.16121706
-1.250	0.550	0.000	-0.16191751
-1.150	0.550	0.000	-0.16300792
-1.050	0.550	0.000	-0.16310915
-0.950	0.550	0.000	-0.16298434
-0.850	0.550	0.000	-0.16206443
-0.750	0.550	0.000	-0.16029771
-0.650	0.550	0.000	-0.15816033
-0.550	0.550	0.000	-0.15607628
-0.450	0.550	0.000	-0.15428263
-0.350	0.550	0.000	-0.15272155
-0.250	0.550	0.000	-0.15125203
-0.150	0.550	0.000	-0.14979596
-0.050	0.550	0.000	-0.14845990
0.050	0.550	0.000	-0.14717868
0.150	0.550	0.000	-0.14606978
0.250	0.550	0.000	-0.14518870
0.350	0.550	0.000	-0.14446837
0.450	0.550	0.000	-0.14384553
0.550	0.550	0.000	-0.14312747
0.650	0.550	0.000	-0.14235847
0.750	0.550	0.000	-0.14141200
0.850	0.550	0.000	-0.14039850
0.950	0.550	0.000	-0.13941739
1.050	0.550	0.000	-0.13856575
1.150	0.550	0.000	-0.13792689
1.250	0.550	0.000	-0.13750426
1.350	0.550	0.000	-0.13721584
1.450	0.550	0.000	-0.13694608
1.550	0.550	0.000	-0.13658270
1.650	0.550	0.000	-0.13605137
1.750	0.550	0.000	-0.13532582
1.850	0.550	0.000	-0.13442338
1.950	0.550	0.000	-0.13329914
2.050	0.550	0.000	-0.13205869
2.150	0.550	0.000	-0.13064674
2.250	0.550	0.000	-0.12916303
2.350	0.550	0.000	-0.12779993
2.450	0.550	0.000	-0.12560709
-2.450	0.650	0.000	-0.15482791
-2.350	0.650	0.000	-0.15573055
-2.250	0.650	0.000	-0.15698305
-2.150	0.650	0.000	-0.15801677
-2.050	0.650	0.000	-0.15895756
-1.950	0.650	0.000	-0.15994503
-1.850	0.650	0.000	-0.16085842
-1.750	0.650	0.000	-0.16140738
-1.650	0.650	0.000	-0.16143255
-1.550	0.650	0.000	-0.16086167
-1.450	0.650	0.000	-0.16100657
-1.350	0.650	0.000	-0.16131777
-1.250	0.650	0.000	-0.16211361
-1.150	0.650	0.000	-0.16328649
-1.050	0.650	0.000	-0.16352794
-0.950	0.650	0.000	-0.16348729
-0.850	0.650	0.000	-0.16267408
-0.750	0.650	0.000	-0.16094123
-0.650	0.650	0.000	-0.15886715
-0.550	0.650	0.000	-0.15685600
-0.450	0.650	0.000	-0.15517674
-0.350	0.650	0.000	-0.15366089
-0.250	0.650	0.000	-0.15218253
-0.150	0.650	0.000	-0.15069467
-0.050	0.650	0.000	-0.14933833
0.050	0.650	0.000	-0.14808673
0.150	0.650	0.000	-0.14710729
0.250	0.650	0.000	-0.14640886
0.350	0.650	0.000	-0.14586070
0.450	0.650	0.000	-0.14536917
0.550	0.650	0.000	-0.14474432
0.650	0.650	0.000	-0.14402515
0.750	0.650	0.000	-0.14311302
0.850	0.650	0.000	-0.14206773
0.950	0.650	0.000	-0.14104649
1.050	0.650	0.000	-0.14008024
1.150	0.650	0.000	-0.13927175
1.250	0.650	0.000	-0.13864888
1.350	0.650	0.000	-0.13818155
1.450	0.650	0.000	-0.13777307
1.550	0.650	0.000	-0.13730858
1.650	0.650	0.000	-0.13670877
1.750	0.650	0.000	-0.13595258
1.850	0.650	0.000	-0.13504365
1.950	0.650	0.000	-0.13393852
2.050	0.650	0.000	-0.13270798
2.150	0.650	0.000	-0.13132581
2.250	0.650	0.000	-0.12983248
2.350	0.650	0.000	-0.12846412
2.450	0.650	0.000	-0.12614058
-2.450	0.750	0.000	-0.15570632
-2.350	0.750	0.000	-0.15639526
-2.250	0.750	0.000	-0.15738910
-2.150	0.750	0.000	-0.15825631
-2.050	0.750	0.000	-0.15905926
-1.950	0.750	0.000	-0.15994754
-1.850	0.750	0.000	-0.16075735
-1.750	0.750	0.000	-0.16125095
-1.650	0.750	0.000	-0.16116877
-1.550	0.750	0.000	-0.16055666
-1.450	0.750	0.000	-0.16081707
-1.350	0.750	0.000	-0.16129760
-1.250	0.750	0.000	-0.16224276
-1.150	0.750	0.000	-0.16350079
-1.050	0.750	0.000	-0.16382658
-0.950	0.750	0.000	-0.16378145
-0.850	0.750	0.000	-0.16298515
-0.750	0.750	0.000	-0.16125545
-0.650	0.750	0.000	-0.15922898
-0.550	0.750	0.000	-0.15737730
-0.450	0.750	0.000	-0.15579697
-0.350	0.750	0.000	-0.15438516
-0.250	0.750	0.000	-0.15294407
-0.150	0.750	0.000	-0.15144359
-0.050	0.750	0.000	-0.15000300
0.050	0.750	0.000	-0.14883070
0.150	0.750	0.000	-0.14795938
0.250	0.750	0.000	-0.14736575
0.350	0.750	0.000	-0.14695591
0.450	0.750	0.000	-0.14652897
0.550	0.750	0.000	-0.14596550
0.650	0.750	0.000	-0.14528760
0.750	0.750	0.000	-0.14444207
0.850	0.750	0.000	-0.14346361
0.950	0.750	0.000	-0.14253399
1.050	0.750	0.000	-0.14157726
1.150	0.750	0.000	-0.14069544
1.250	0.750	0.000	-0.13993517
1.350	0.750	0.000	-0.13929489
1.450	0.750	0.000	-0.13869728
1.550	0.750	0.000	-0.13804907
1.650	0.750	0.000	-0.13729753
1.750	0.750	0.000	-0.13643955
1.850	0.750	0.000	-0.13546869
1.950	0.750	0.000	-0.13434766
2.050	0.750	0.000	-0.13308443
2.150	0.750	0.000	-0.13169593
2.250	0.750	0.000	-0.13018018
2.350	0.750	0.000	-0.12881961
2.450	0.750	0.000	-0.12643112
-2.450	0.850	0.000	-0.15695047
-2.350	0.850	0.000	-0.15749779
-2.250	0.850	0.000	-0.15827249
-2.150	0.850	0.000	-0.15894486
-2.050	0.850	0.000	-0.15952682
-1.950	0.850	0.000	-0.16020402
-1.850	0.850	0.000	-0.16078922
-1.750	0.850	0.000	-0.16113441
-1.650	0.850	0.000	-0.16089953
-1.550	0.850	0.000	-0.16021277
-1.450	0.850	0.000	-0.16056710
-1.350	0.850	0.000	-0.16122927
-1.250	0.850	0.000	-0.16234943
-1.150	0.850	0.000	-0.16373707
-1.050	0.850	0.000	-0.16413021
-0.950	0.850	0.000	-0.16404004
-0.850	0.850	0.000	-0.16317534
-0.750	0.850	0.000	-0.16137549
-0.650	0.850	0.000	-0.15931913
-0.550	0.850	0.000	-0.15754353
-0.450	0.850	0.000	-0.15602870
-0.350	0.850	0.000	-0.15467337
-0.250	0.850	0.000	-0.15326600
-0.150	0.850	0.000	-0.15179236
-0.050	0.850	0.000	-0.15037711
0.050	0.850	0.000	-0.14931238
0.150	0.850	0.000	-0.14849201
0.250	0.850	0.000	-0.14795731
0.350	0.850	0.000	-0.14760615
0.450	0.850	0.000	-0.14720683
0.550	0.850	0.000	-0.14669387
0.650	0.850	0.000	-0.14607851
0.750	0.850	0.000	-0.14536908
0.850	0.850	0.000	-0.14457780
0.950	0.850	0.000	-0.14383346
1.050	0.850	0.000	-0.14303221
1.150	0.850	0.000	-0.14220418
1.250	0.850	0.000	-0.14138950
1.350	0.850	0.000	-0.14060098
1.450	0.850	0.000	-0.13978826
1.550	0.850	0.000	-0.13889669
1.650	0.850	0.000	-0.13792394
1.750	0.850	0.000	-0.13689408
1.850	0.850	0.000	-0.13579999
1.950	0.850	0.000	-0.13460913
2.050	0.850	0.000	-0.13330296
2.150	0.850	0.000	-0.13191724
2.250	0.850	0.000	-0.13040835
2.350	0.850	0.000	-0.12909076
2.450	0.850	0.000	-0.12662616
-2.450	0.950	0.000	-0.15838656
-2.350	0.950	0.000	-0.15886286
-2.250	0.950	0.000	-0.15951507
-2.150	0.950	0.000	-0.16008376
-2.050	0.950	0.000	-0.16048619
-1.950	0.950	0.000	-0.16087350
-1.850	0.950	0.000	-0.16116305
-1.750	0.950	0.000	-0.16119015
-1.650	0.950	0.000	-0.16075960
-1.550	0.950	0.000	-0.15990275
-1.450	0.950	0.000	-0.16031890
-1.350	0.950	0.000	-0.16111909
-1.250	0.950	0.000	-0.16244893
-1.150	0.950	0.000	-0.16398340
-1.050	0.950	0.000	-0.16459808
-0.950	0.950	0.000	-0.16447990
-0.850	0.950	0.000	-0.16353372
-0.750	0.950	0.000	-0.16159737
-0.650	0.950	0.000	-0.15939830
-0.550	0.950	0.000	-0.15747073
-0.450	0.950	0.000	-0.15590364
-0.350	0.950	0.000	-0.15449131
-0.250	0.950	0.000	-0.15307587
-0.150	0.950	0.000	-0.15164642
-0.050	0.950	0.000	-0.15033130
0.050	0.950	0.000	-0.14938767
0.150	0.950	0.000	-0.14870091
0.250	0.950	0.000	-0.14827405
0.350	0.950	0.000	-0.14795475
0.450	0.950	0.000	-0.14758740
0.550	0.950	0.000	-0.14713477
0.650	0.950	0.000	-0.14659894
0.750	0.950	0.000	-0.14603774
0.850	0.950	0.000	-0.14547548
0.950	0.950	0.000	-0.14491969
1.050	0.950	0.000	-0.14432329
1.150	0.950	0.000	-0.14361820
1.250	0.950	0.000	-0.14280543
1.350	0.950	0.000	-0.14192057
1.450	0.950	0.000	-0.14093828
1.550	0.950	0.000	-0.13985714
1.650	0.950	0.000	-0.13871051
1.750	0.950	0.000	-0.13752577
1.850	0.950	0.000	-0.13630493
1.950	0.950	0.000	-0.13503852
2.050	0.950	0.000	-0.13369837
2.150	0.950	0.000	-0.13233808
2.250	0.950	0.000	-0.13086040
2.350	0.950	0.000	-0.12959407
2.450	0.950	0.000	-0.12704647
-2.450	1.050	0.000	-0.15983038
-2.350	1.050	0.000	-0.16025351
-2.250	1.050	0.000	-0.16088325
-2.150	1.050	0.000	-0.16150108
-2.050	1.050	0.000	-0.16184156
-1.950	1.050	0.000	-0.16200641
-1.850	1.050	0.000	-0.16195807
-1.750	1.050	0.000	-0.16160907
-1.650	1.050	0.000	-0.16087165
-1.550	1.050	0.000	-0.15970729
-1.450	1.050	0.000	-0.16012810
-1.350	1.050	0.000	-0.16102058
-1.250	1.050	0.000	-0.16257651
-1.150	1.050	0.000	-0.16431719
-1.050	1.050	0.000	-0.16526680
-0.950	1.050	0.000	-0.16519846
-0.850	1.050	0.000	-0.16423865
-0.750	1.050	0.000	-0.16218545
-0.650	1.050	0.000	-0.15977943
-0.550	1.050	0.000	-0.15757947
-0.450	1.050	0.000	-0.15575020
-0.350	1.050	0.000	-0.15415703
-0.250	1.050	0.000	-0.15262148
-0.150	1.050	0.000	-0.15118299
-0.050	1.050	0.000	-0.14994842
0.050	1.050	0.000	-0.14911529
0.150	1.050	0.000	-0.14864558
0.250	1.050	0.000	-0.14840969
0.350	1.050	0.000	-0.14819348
0.450	1.050	0.000	-0.14790694
0.550	1.050	0.000	-0.14753456
0.650	1.050	0.000	-0.14707273
0.750	1.050	0.000	-0.14660929
0.850	1.050	0.000	-0.14621347
0.950	1.050	0.000	-0.14581683
1.050	1.050	0.000	-0.14535196
1.150	1.050	0.000	-0.14475140
1.250	1.050	0.000	-0.14398246
1.350	1.050	0.000	-0.14308141
1.450	1.050	0.000	-0.14202563
1.550	1.050	0.000	-0.14085896
1.650	1.050	0.000	-0.13962042
1.750	1.050	0.000	-0.13833362
1.850	1.050	0.000	-0.13703322
1.950	1.050	0.000	-0.13573112
2.050	1.050	0.000	-0.13440451
2.150	1.050	0.000	-0.13311492
2.250	1.050	0.000	-0.13167036
2.350	1.050	0.000	-0.13043222
2.450	1.050	0.000	-0.12779362
-2.450	1.150	0.000	-0.16119981
-2.350	1.150	0.000	-0.16154552
-2.250	1.150	0.000	-0.16221042
-2.150	1.150	0.000	-0.16295135
-2.050	1.150	0.000	-0.16335693
-1.950	1.150	0.000	-0.16344945
-1.850	1.150	0.000	-0.16315018
-1.750	1.150	0.000	-0.16241519
-1.650	1.150	0.000	-0.16127239
-1.550	1.150	0.000	-0.15970656
-1.450	1.150	0.000	-0.16004971
-1.350	1.150	0.000	-0.16097277
-1.250	1.150	0.000	-0.16270307
-1.150	1.150	0.000	-0.16468503
-1.050	1.150	0.000	-0.16593386
-0.950	1.150	0.000	-0.16599716
-0.850	1.150	0.000	-0.16518480
-0.750	1.150	0.000	-0.16315535
-0.650	1.150	0.000	-0.16063198
-0.550	1.150	0.000	-0.15816578
-0.450	1.150	0.000	-0.15602165
-0.350	1.150	0.000	-0.15410410
-0.250	1.150	0.000	-0.15223952
-0.150	1.150	0.000	-0.15063626
-0.050	1.150	0.000	-0.14939779
0.050	1.150	0.000	-0.14861411
0.150	1.150	0.000	-0.14835562
0.250	1.150	0.000	-0.14832051
0.350	1.150	0.000	-0.14830589
0.450	1.150	0.000	-0.14819404
0.550	1.150	0.000	-0.14791307
0.650	1.150	0.000	-0.14755559
0.750	1.150	0.000	-0.14716753
0.850	1.150	0.000	-0.14681634
0.950	1.150	0.000	-0.14648019
1.050	1.150	0.000	-0.14608051
1.150	1.150	0.000	-0.14554222
1.250	1.150	0.000	-0.14483325
1.350	1.150	0.000	-0.14392588
1.450	1.150	0.000	-0.14283554
1.550	1.150	0.000	-0.14165354
1.650	1.150	0.000	-0.14039393
1.750	1.150	0.000	-0.13908890
1.850	1.150	0.000	-0.13779972
1.950	1.150	0.000	-0.13652998
2.050	1.150	0.000	-0.13525562
2.150	1.150	0.000	-0.13405220
2.250	1.150	0.000	-0.13261080
2.350	1.150	0.000	-0.13139245
2.450	1.150	0.000	-0.12867434
-2.450	1.250	0.000	-0.16212179
-2.350	1.250	0.000	-0.16238931
-2.250	1.250	0.000	-0.16304314
-2.150	1.250	0.000	-0.16390868
-2.050	1.250	0.000	-0.16450462
-1.950	1.250	0.000	-0.16470431
-1.850	1.250	0.000	-0.16434246
-1.750	1.250	0.000	-0.16334088
-1.650	1.250	0.000	-0.16180195
-1.550	1.250	0.000	-0.15980372
-1.450	1.250	0.000	-0.15998331
-1.350	1.250	0.000	-0.16084091
-1.250	1.250	0.000	-0.16262898
-1.150	1.250	0.000	-0.16474949
-1.050	1.250	0.000	-0.16625945
-0.950	1.250	0.000	-0.16653231
-0.850	1.250	0.000	-0.16605318
-0.750	1.250	0.000	-0.16425847
-0.650	1.250	0.000	-0.16179322
-0.550	1.250	0.000	-0.15924062
-0.450	1.250	0.000	-0.15692517
-0.350	1.250	0.000	-0.15472400
-0.250	1.250	0.000	-0.15259233
-0.150	1.250	0.000	-0.15058179
-0.050	1.250	0.000	-0.14902133
0.050	1.250	0.000	-0.14806880
0.150	1.250	0.000	-0.14784588
0.250	1.250	0.000	-0.14793411
0.350	1.250	0.000	-0.14811781
0.450	1.250	0.000	-0.14821434
0.550	1.250	0.000	-0.14813514
0.650	1.250	0.000	-0.14795560
0.750	1.250	0.000	-0.14768235
0.850	1.250	0.000	-0.14734094
0.950	1.250	0.000	-0.14703038
1.050	1.250	0.000	-0.14669657
1.150	1.250	0.000	-0.14619334
1.250	1.250	0.000	-0.14548166
1.350	1.250	0.000	-0.14453594
1.450	1.250	0.000	-0.14339311
1.550	1.250	0.000	-0.14215975
1.650	1.250	0.000	-0.14087903
1.750	1.250	0.000	-0.13961956
1.850	1.250	0.000	-0.13842104
1.950	1.250	0.000	-0.13723254
2.050	1.250	0.000	-0.13601913
2.150	1.250	0.000	-0.13489243
2.250	1.250	0.000	-0.13341086
2.350	1.250	0.000	-0.13214813
2.450	1.250	0.000	-0.12934858
-2.450	1.350	0.000	-0.16232720
-2.350	1.350	0.000	-0.16251725
-2.250	1.350	0.000	-0.16314144
-2.150	1.350	0.000	-0.16413665
-2.050	1.350	0.000	-0.16498142
-1.950	1.350	0.000	-0.16544637
-1.850	1.350	0.000	-0.16521291
-1.750	1.350	0.000	-0.16409838
-1.650	1.350	0.000	-0.16228360
-1.550	1.350	0.000	-0.16004102
-1.450	1.350	0.000	-0.15991342
-1.350	1.350	0.000	-0.16055331
-1.250	1.350	0.000	-0.16218451
-1.150	1.350	0.000	-0.16423239
-1.050	1.350	0.000	-0.16583472
-0.950	1.350	0.000	-0.16630401
-0.850	1.350	0.000	-0.16612528
-0.750	1.350	0.000	-0.16467632
-0.650	1.350	0.000	-0.16257590
-0.550	1.350	0.000	-0.16032961
-0.450	1.350	0.000	-0.15810768
-0.350	1.350	0.000	-0.15584911
-0.250	1.350	0.000	-0.15348129
-0.150	1.350	0.000	-0.15116283
-0.050	1.350	0.000	-0.14915165
0.050	1.350	0.000	-0.14774296
0.150	1.350	0.000	-0.14712042
0.250	1.350	0.000	-0.14709155
0.350	1.350	0.000	-0.14743465
0.450	1.350	0.000	-0.14778925
0.550	1.350	0.000	-0.14803013
0.650	1.350	0.000	-0.14809977
0.750	1.350	0.000	-0.14801244
0.850	1.350	0.000	-0.14782989
0.950	1.350	0.000	-0.14763919
1.050	1.350	0.000	-0.14732897
1.150	1.350	0.000	-0.14678073
1.250	1.350	0.000	-0.14599274
1.350	1.350	0.000	-0.14493921
1.450	1.350	0.000	-0.14369924
1.550	1.350	0.000	-0.14236064
1.650	1.350	0.000	-0.14102298
1.750	1.350	0.000	-0.13978489
1.850	1.350	0.000	-0.13864814
1.950	1.350	0.000	-0.13751644
2.050	1.350	0.000	-0.13637196
2.150	1.350	0.000	-0.13535354
2.250	1.350	0.000	-0.13384551
2.350	1.350	0.000	-0.13252077
2.450	1.350	0.000	-0.12960833
-2.450	1.450	0.000	-0.16200690
-2.350	1.450	0.000	-0.16211684
-2.250	1.450	0.000	-0.16263609
-2.150	1.450	0.000	-0.16367406
-2.050	1.450	0.000	-0.16475046
-1.950	1.450	0.000	-0.16544484
-1.850	1.450	0.000	-0.16548510
-1.750	1.450	0.000	-0.16447140
-1.650	1.450	0.000	-0.16256911
-1.550	1.450	0.000	-0.16027634
-1.450	1.450	0.000	-0.15978882
-1.350	1.450	0.000	-0.16023669
-1.250	1.450	0.000	-0.16152203
-1.150	1.450	0.000	-0.16321605
-1.050	1.450	0.000	-0.16463725
-0.950	1.450	0.000	-0.16520938
-0.850	1.450	0.000	-0.16520983
-0.750	1.450	0.000	-0.16417307
-0.650	1.450	0.000	-0.16260572
-0.550	1.450	0.000	-0.16086820
-0.450	1.450	0.000	-0.15903486
-0.350	1.450	0.000	-0.15696581
-0.250	1.450	0.000	-0.15458943
-0.150	1.450	0.000	-0.15203564
-0.050	1.450	0.000	-0.14958541
0.050	1.450	0.000	-0.14766085
0.150	1.450	0.000	-0.14654164
0.250	1.450	0.000	-0.14617205
0.350	1.450	0.000	-0.14629774
0.450	1.450	0.000	-0.14666392
0.550	1.450	0.000	-0.14711930
0.650	1.450	0.000	-0.14750364
0.750	1.450	0.000	-0.14777625
0.850	1.450	0.000	-0.14800610
0.950	1.450	0.000	-0.14807296
1.050	1.450	0.000	-0.14786661
1.150	1.450	0.000	-0.14731416
1.250	1.450	0.000	-0.14638826
1.350	1.450	0.000	-0.14513111
1.450	1.450	0.000	-0.14368249
1.550	1.450	0.000	-0.14217623
1.650	1.450	0.000	-0.14070138
1.750	1.450	0.000	-0.13942701
1.850	1.450	0.000	-0.13831666
1.950	1.450	0.000	-0.13727270
2.050	1.450	0.000	-0.13627416
2.150	1.450	0.000	-0.13533708
2.250	1.450	0.000	-0.13379362
2.350	1.450	0.000	-0.13240647
2.450	1.450	0.000	-0.12938718
-2.450	1.550	0.000	-0.16145648
-2.350	1.550	0.000	-0.16153421
-2.250	1.550	0.000	-0.16204229
-2.150	1.550	0.000	-0.16311340
-2.050	1.550	0.000	-0.16437574
-1.950	1.550	0.000	-0.16521454
-1.850	1.550	0.000	-0.16545609
-1.750	1.550	0.000	-0.16456781
-1.650	1.550	0.000	-0.16266628
-1.550	1.550	0.000	-0.16049288
-1.450	1.550	0.000	-0.15960678
-1.350	1.550	0.000	-0.15984742
-1.250	1.550	0.000	-0.16086288
-1.150	1.550	0.000	-0.16240516
-1.050	1.550	0.000	-0.16357952
-0.950	1.550	0.000	-0.16407707
-0.850	1.550	0.000	-0.16404532
-0.750	1.550	0.000	-0.16314900
-0.650	1.550	0.000	-0.16186175
-0.550	1.550	0.000	-0.16055022
-0.450	1.550	0.000	-0.15913849
-0.350	1.550	0.000	-0.15736941
-0.250	1.550	0.000	-0.15512173
-0.150	1.550	0.000	-0.15246546
-0.050	1.550	0.000	-0.14986627
0.050	1.550	0.000	-0.14760552
0.150	1.550	0.000	-0.14608231
0.250	1.550	0.000	-0.14539762
0.350	1.550	0.000	-0.14537635
0.450	1.550	0.000	-0.14574210
0.550	1.550	0.000	-0.14628094
0.650	1.550	0.000	-0.14683414
0.750	1.550	0.000	-0.14734377
0.850	1.550	0.000	-0.14779121
0.950	1.550	0.000	-0.14810926
1.050	1.550	0.000	-0.14817503
1.150	1.550	0.000	-0.14770657
1.250	1.550	0.000	-0.14664593
1.350	1.550	0.000	-0.14512320
1.450	1.550	0.000	-0.14338294
1.550	1.550	0.000	-0.14162655
1.650	1.550	0.000	-0.14001144
1.750	1.550	0.000	-0.13866132
1.850	1.550	0.000	-0.13753811
1.950	1.550	0.000	-0.13661037
2.050	1.550	0.000	-0.13575599
2.150	1.550	0.000	-0.13487498
2.250	1.550	0.000	-0.13333845
2.350	1.550	0.000	-0.13195901
2.450	1.550	0.000	-0.12881218
-2.450	1.650	0.000	-0.16102536
-2.350	1.650	0.000	-0.16106893
-2.250	1.650	0.000	-0.16157745
-2.150	1.650	0.000	-0.16268878
-2.050	1.650	0.000	-0.16404639
-1.950	1.650	0.000	-0.16499390
-1.850	1.650	0.000	-0.16537362
-1.750	1.650	0.000	-0.16463701
-1.650	1.650	0.000	-0.16284706
-1.550	1.650	0.000	-0.16087942
-1.450	1.650	0.000	-0.15978879
-1.350	1.650	0.000	-0.15982048
-1.250	1.650	0.000	-0.16059560
-1.150	1.650	0.000	-0.16194759
-1.050	1.650	0.000	-0.16278614
-0.950	1.650	0.000	-0.16305864
-0.850	1.650	0.000	-0.16277362
-0.750	1.650	0.000	-0.16172147
-0.650	1.650	0.000	-0.16047817
-0.550	1.650	0.000	-0.15936072
-0.450	1.650	0.000	-0.15822841
-0.350	1.650	0.000	-0.15680207
-0.250	1.650	0.000	-0.15486063
-0.150	1.650	0.000	-0.15241788
-0.050	1.650	0.000	-0.14985679
0.050	1.650	0.000	-0.14750561
0.150	1.650	0.000	-0.14583170
0.250	1.650	0.000	-0.14495759
0.350	1.650	0.000	-0.14472790
0.450	1.650	0.000	-0.14494120
0.550	1.650	0.000	-0.14543681
0.650	1.650	0.000	-0.14609343
0.750	1.650	0.000	-0.14685050
0.850	1.650	0.000	-0.14764385
0.950	1.650	0.000	-0.14816259
1.050	1.650	0.000	-0.14835241
1.150	1.650	0.000	-0.14786197
1.250	1.650	0.000	-0.14664714
1.350	1.650	0.000	-0.14490213
1.450	1.650	0.000	-0.14288741
1.550	1.650	0.000	-0.14090793
1.650	1.650	0.000	-0.13914663
1.750	1.650	0.000	-0.13773407
1.850	1.650	0.000	-0.13657615
1.950	1.650	0.000	-0.13571191
2.050	1.650	0.000	-0.13500060
2.150	1.650	0.000	-0.13417141
2.250	1.650	0.000	-0.13271838
2.350	1.650	0.000	-0.13143033
2.450	1.650	0.000	-0.12817499
-2.450	1.750	0.000	-0.16088426
-2.350	1.750	0.000	-0.16089803
-2.250	1.750	0.000	-0.16144361
-2.150	1.750	0.000	-0.16256146
-2.050	1.750	0.000	-0.16395925
-1.950	1.750	0.000	-0.16501129
-1.850	1.750	0.000	-0.16562147
-1.750	1.750	0.000	-0.16515952
-1.650	1.750	0.000	-0.16362281
-1.550	1.750	0.000	-0.16192898
-1.450	1.750	0.000	-0.16090891
-1.350	1.750	0.000	-0.16084060
-1.250	1.750	0.000	-0.16146244
-1.150	1.750	0.000	-0.16266279
-1.050	1.750	0.000	-0.16300781
-0.950	1.750	0.000	-0.16287950
-0.850	1.750	0.000	-0.16220130
-0.750	1.750	0.000	-0.16076858
-0.650	1.750	0.000	-0.15928331
-0.550	1.750	0.000	-0.15798393
-0.450	1.750	0.000	-0.15685526
-0.350	1.750	0.000	-0.15560006
-0.250	1.750	0.000	-0.15387388
-0.150	1.750	0.000	-0.15173855
-0.050	1.750	0.000	-0.14933859
0.050	1.750	0.000	-0.14718162
0.150	1.750	0.000	-0.14560786
0.250	1.750	0.000	-0.14473493
0.350	1.750	0.000	-0.14446837
0.450	1.750	0.000	-0.14463918
0.550	1.750	0.000	-0.14506708
0.650	1.750	0.000	-0.14568046
0.750	1.750	0.000	-0.14642400
0.850	1.750	0.000	-0.14721905
0.950	1.750	0.000	-0.14777859
1.050	1.750	0.000	-0.14798093
1.150	1.750	0.000	-0.14744474
1.250	1.750	0.000	-0.14617109
1.350	1.750	0.000	-0.14437763
1.450	1.750	0.000	-0.14232105
1.550	1.750	0.000	-0.14025454
1.650	1.750	0.000	-0.13841656
1.750	1.750	0.000	-0.13692191
1.850	1.750	0.000	-0.13568367
1.950	1.750	0.000	-0.13480705
2.050	1.750	0.000	-0.13406806
2.150	1.750	0.000	-0.13317841
2.250	1.750	0.000	-0.13185583
2.350	1.750	0.000	-0.13075309
2.450	1.750	0.000	-0.12757245
-2.450	1.850	0.000	-0.16149785
-2.350	1.850	0.000	-0.16148663
-2.250	1.850	0.000	-0.16207132
-2.150	1.850	0.000	-0.16314690
-2.050	1.850	0.000	-0.16441135
-1.950	1.850	0.000	-0.16548964
-1.850	1.850	0.000	-0.16622519
-1.750	1.850	0.000	-0.16605486
-1.650	1.850	0.000	-0.16489060
-1.550	1.850	0.000	-0.16356426
-1.450	1.850	0.000	-0.16293198
-1.350	1.850	0.000	-0.16289587
-1.250	1.850	0.000	-0.16355209
-1.150	1.850	0.000	-0.16468096
-1.050	1.850	0.000	-0.16464455
-0.950	1.850	0.000	-0.16413225
-0.850	1.850	0.000	-0.16282378
-0.750	1.850	0.000	-0.16080131
-0.650	1.850	0.000	-0.15871787
-0.550	1.850	0.000	-0.15702371
-0.450	1.850	0.000	-0.15566562
-0.350	1.850	0.000	-0.15426792
-0.250	1.850	0.000	-0.15252566
-0.150	1.850	0.000	-0.15044379
-0.050	1.850	0.000	-0.14820701
0.050	1.850	0.000	-0.14629920
0.150	1.850	0.000	-0.14502347
0.250	1.850	0.000	-0.14442973
0.350	1.850	0.000	-0.14434625
0.450	1.850	0.000	-0.14463353
0.550	1.850	0.000	-0.14506738
0.650	1.850	0.000	-0.14562215
0.750	1.850	0.000	-0.14623673
0.850	1.850	0.000	-0.14683905
0.950	1.850	0.000	-0.14730160
1.050	1.850	0.000	-0.14737014
1.150	1.850	0.000	-0.14679407
1.250	1.850	0.000	-0.14557771
1.350	1.850	0.000	-0.14387424
1.450	1.850	0.000	-0.14192466
1.550	1.850	0.000	-0.13993327
1.650	1.850	0.000	-0.13810195
1.750	1.850	0.000	-0.13652281
1.850	1.850	0.000	-0.13518856
1.950	1.850	0.000	-0.13425530
2.050	1.850	0.000	-0.13341227
2.150	1.850	0.000	-0.13245185
2.250	1.850	0.000	-0.13121514
2.350	1.850	0.000	-0.13016766
2.450	1.850	0.000	-0.12710311
-2.450	1.950	0.000	-0.16240309
-2.350	1.950	0.000	-0.16236031
-2.250	1.950	0.000	-0.16295576
-2.150	1.950	0.000	-0.16398565
-2.050	1.950	0.000	-0.16513331
-1.950	1.950	0.000	-0.16622233
-1.850	1.950	0.000	-0.16705200
-1.750	1.950	0.000	-0.16710541
-1.650	1.950	0.000	-0.16625291
-1.550	1.950	0.000	-0.16538344
-1.450	1.950	0.000	-0.16525318
-1.350	1.950	0.000	-0.16537373
-1.250	1.950	0.000	-0.16626337
-1.150	1.950	0.000	-0.16758798
-1.050	1.950	0.000	-0.16746625
-0.950	1.950	0.000	-0.16669580
-0.850	1.950	0.000	-0.16491656
-0.750	1.950	0.000	-0.16226716
-0.650	1.950	0.000	-0.15948917
-0.550	1.950	0.000	-0.15713659
-0.450	1.950	0.000	-0.15518582
-0.350	1.950	0.000	-0.15342641
-0.250	1.950	0.000	-0.15147823
-0.150	1.950	0.000	-0.14928716
-0.050	1.950	0.000	-0.14713462
0.050	1.950	0.000	-0.14541014
0.150	1.950	0.000	-0.14438669
0.250	1.950	0.000	-0.14402278
0.350	1.950	0.000	-0.14417660
0.450	1.950	0.000	-0.14457048
0.550	1.950	0.000	-0.14503866
0.650	1.950	0.000	-0.14556989
0.750	1.950	0.000	-0.14609131
0.850	1.950	0.000	-0.14655989
0.950	1.950	0.000	-0.14686394
1.050	1.950	0.000	-0.14678068
1.150	1.950	0.000	-0.14615871
1.250	1.950	0.000	-0.14501198
1.350	1.950	0.000	-0.14345333
1.450	1.950	0.000	-0.14166033
1.550	1.950	0.000	-0.13979885
1.650	1.950	0.000	-0.13803257
1.750	1.950	0.000	-0.13643278
1.850	1.950	0.000	-0.13505559
1.950	1.950	0.000	-0.13399029
2.050	1.950	0.000	-0.13296768
2.150	1.950	0.000	-0.13193850
2.250	1.950	0.000	-0.13076900
2.350	1.950	0.000	-0.12973024
2.450	1.950	0.000	-0.12676570
-2.450	2.050	0.000	-0.16357660
-2.350	2.050	0.000	-0.16349915
-2.250	2.050	0.000	-0.16404687
-2.150	2.050	0.000	-0.16493268
-2.050	2.050	0.000	-0.16588219
-1.950	2.050	0.000	-0.16687822
-1.850	2.050	0.000	-0.16766530
-1.750	2.050	0.000	-0.16787444
-1.650	2.050	0.000	-0.16724549
-1.550	2.050	0.000	-0.16683292
-1.450	2.050	0.000	-0.16713639
-1.350	2.050	0.000	-0.16755523
-1.250	2.050	0.000	-0.16885325
-1.150	2.050	0.000	-0.17040129
-1.050	2.050	0.000	-0.17051846
-0.950	2.050	0.000	-0.16974753
-0.850	2.050	0.000	-0.16790764
-0.750	2.050	0.000	-0.16497993
-0.650	2.050	0.000	-0.16166964
-0.550	2.050	0.000	-0.15857099
-0.450	2.050	0.000	-0.15590449
-0.350	2.050	0.000	-0.15345894
-0.250	2.050	0.000	-0.15105490
-0.150	2.050	0.000	-0.14865454
-0.050	2.050	0.000	-0.14646108
0.050	2.050	0.000	-0.14474380
0.150	2.050	0.000	-0.14376576
0.250	2.050	0.000	-0.14345348
0.350	2.050	0.000	-0.14361833
0.450	2.050	0.000	-0.14410536
0.550	2.050	0.000	-0.14472775
0.650	2.050	0.000	-0.14541025
0.750	2.050	0.000	-0.14607497
0.850	2.050	0.000	-0.14659426
0.950	2.050	0.000	-0.14682132
1.050	2.050	0.000	-0.14661163
1.150	2.050	0.000	-0.14592050
1.250	2.050	0.000	-0.14478214
1.350	2.050	0.000	-0.14331280
1.450	2.050	0.000	-0.14166559
1.550	2.050	0.000	-0.13995428
1.650	2.050	0.000	-0.13828543
1.750	2.050	0.000	-0.13671798
1.850	2.050	0.000	-0.13532333
1.950	2.050	0.000	-0.13412449
2.050	2.050	0.000	-0.13294356
2.150	2.050	0.000	-0.13182667
2.250	2.050	0.000	-0.13061608
2.350	2.050	0.000	-0.12948976
2.450	2.050	0.000	-0.12637243
-2.450	2.150	0.000	-0.16429964
-2.350	2.150	0.000	-0.16420874
-2.250	2.150	0.000	-0.16471912
-2.150	2.150	0.000	-0.16548373
-2.050	2.150	0.000	-0.16616923
-1.950	2.150	0.000	-0.16698727
-1.850	2.150	0.000	-0.16764203
-1.750	2.150	0.000	-0.16792138
-1.650	2.150	0.000	-0.16743624
-1.550	2.150	0.000	-0.16749571
-1.450	2.150	0.000	-0.16805448
-1.350	2.150	0.000	-0.16882859
-1.250	2.150	0.000	-0.17043982
-1.150	2.150	0.000	-0.17212556
-1.050	2.150	0.000	-0.17285565
-0.950	2.150	0.000	-0.17224155
-0.850	2.150	0.000	-0.17062072
-0.750	2.150	0.000	-0.16780576
-0.650	2.150	0.000	-0.16441196
-0.550	2.150	0.000	-0.16104768
-0.450	2.150	0.000	-0.15793732
-0.350	2.150	0.000	-0.15501876
-0.250	2.150	0.000	-0.15218470
-0.150	2.150	0.000	-0.14940646
-0.050	2.150	0.000	-0.14684290
0.050	2.150	0.000	-0.14482908
0.150	2.150	0.000	-0.14358962
0.250	2.150	0.000	-0.14307368
0.350	2.150	0.000	-0.14309749
0.450	2.150	0.000	-0.14351426
0.550	2.150	0.000	-0.14410420
0.650	2.150	0.000	-0.14488515
0.750	2.150	0.000	-0.14574562
0.850	2.150	0.000	-0.14641395
0.950	2.150	0.000	-0.14666265
1.050	2.150	0.000	-0.14635634
1.150	2.150	0.000	-0.14559825
1.250	2.150	0.000	-0.14446552
1.350	2.150	0.000	-0.14308098
1.450	2.150	0.000	-0.14155638
1.550	2.150	0.000	-0.13997822
1.650	2.150	0.000	-0.13840991
1.750	2.150	0.000	-0.13688305
1.850	2.150	0.000	-0.13544974
1.950	2.150	0.000	-0.13412569
2.050	2.150	0.000	-0.13278618
2.150	2.150	0.000	-0.13155736
2.250	2.150	0.000	-0.13014978
2.350	2.150	0.000	-0.12888333
2.450	2.150	0.000	-0.12562719
-2.450	2.250	0.000	-0.16470727
-2.350	2.250	0.000	-0.16461736
-2.250	2.250	0.000	-0.16510086
-2.150	2.250	0.000	-0.16569929
-2.050	2.250	0.000	-0.16616428
-1.950	2.250	0.000	-0.16668506
-1.850	2.250	0.000	-0.16703919
-1.750	2.250	0.000	-0.16716832
-1.650	2.250	0.000	-0.16668582
-1.550	2.250	0.000	-0.16687621
-1.450	2.250	0.000	-0.16767287
-1.350	2.250	0.000	-0.16890502
-1.250	2.250	0.000	-0.17080456
-1.150	2.250	0.000	-0.17279896
-1.050	2.250	0.000	-0.17397363
-0.950	2.250	0.000	-0.17358780
-0.850	2.250	0.000	-0.17231917
-0.750	2.250	0.000	-0.16985945
-0.650	2.250	0.000	-0.16670594
-0.550	2.250	0.000	-0.16345003
-0.450	2.250	0.000	-0.16034330
-0.350	2.250	0.000	-0.15728556
-0.250	2.250	0.000	-0.15412769
-0.150	2.250	0.000	-0.15090975
-0.050	2.250	0.000	-0.14785837
0.050	2.250	0.000	-0.14540963
0.150	2.250	0.000	-0.14377457
0.250	2.250	0.000	-0.14295217
0.350	2.250	0.000	-0.14282082
0.450	2.250	0.000	-0.14307478
0.550	2.250	0.000	-0.14362206
0.650	2.250	0.000	-0.14440101
0.750	2.250	0.000	-0.14522988
0.850	2.250	0.000	-0.14586024
0.950	2.250	0.000	-0.14606284
1.050	2.250	0.000	-0.14581506
1.150	2.250	0.000	-0.14515960
1.250	2.250	0.000	-0.14413239
1.350	2.250	0.000	-0.14279480
1.450	2.250	0.000	-0.14127049
1.550	2.250	0.000	-0.13967511
1.650	2.250	0.000	-0.13806337
1.750	2.250	0.000	-0.13645384
1.850	2.250	0.000	-0.13492607
1.950	2.250	0.000	-0.13346112
2.050	2.250	0.000	-0.13200320
2.150	2.250	0.000	-0.13066565
2.250	2.250	0.000	-0.12905654
2.350	2.250	0.000	-0.12767138
2.450	2.250	0.000	-0.12438472
-2.450	2.350	0.000	-0.16407934
-2.350	2.350	0.000	-0.16401216
-2.250	2.350	0.000	-0.16454570
-2.150	2.350	0.000	-0.16502646
-2.050	2.350	0.000	-0.16533862
-1.950	2.350	0.000	-0.16561079
-1.850	2.350	0.000	-0.16564861
-1.750	2.350	0.000	-0.16548081
-1.650	2.350	0.000	-0.16482310
-1.550	2.350	0.000	-0.16488826
-1.450	2.350	0.000	-0.16576827
-1.350	2.350	0.000	-0.16724910
-1.250	2.350	0.000	-0.16944475
-1.150	2.350	0.000	-0.17186090
-1.050	2.350	0.000	-0.17372298
-0.950	2.350	0.000	-0.17382644
-0.850	2.350	0.000	-0.17326745
-0.750	2.350	0.000	-0.17143729
-0.650	2.350	0.000	-0.16879487
-0.550	2.350	0.000	-0.16598156
-0.450	2.350	0.000	-0.16318434
-0.350	2.350	0.000	-0.16028509
-0.250	2.350	0.000	-0.15707387
-0.150	2.350	0.000	-0.15361331
-0.050	2.350	0.000	-0.15021852
0.050	2.350	0.000	-0.14728153
0.150	2.350	0.000	-0.14507526
0.250	2.350	0.000	-0.14362329
0.350	2.350	0.000	-0.14281075
0.450	2.350	0.000	-0.14249583
0.550	2.350	0.000	-0.14269066
0.650	2.350	0.000	-0.14315644
0.750	2.350	0.000	-0.14368664
0.850	2.350	0.000	-0.14411151
0.950	2.350	0.000	-0.14430024
1.050	2.350	0.000	-0.14417829
1.150	2.350	0.000	-0.14371587
1.250	2.350	0.000	-0.14290024
1.350	2.350	0.000	-0.14174059
1.450	2.350	0.000	-0.14037740
1.550	2.350	0.000	-0.13893610
1.650	2.350	0.000	-0.13743863
1.750	2.350	0.000	-0.13590014
1.850	2.350	0.000	-0.13430747
1.950	2.350	0.000	-0.13271303
2.050	2.350	0.000	-0.13112378
2.150	2.350	0.000	-0.12956302
2.250	2.350	0.000	-0.12766634
2.350	2.350	0.000	-0.12609230
2.450	2.350	0.000	-0.12266494
-2.450	2.450	0.000	-0.16240302
-2.350	2.450	0.000	-0.16234352
-2.250	2.450	0.000	-0.16291578
-2.150	2.450	0.000	-0.16343665
-2.050	2.450	0.000	-0.16370030
-1.950	2.450	0.000	-0.16382672
-1.850	2.450	0.000	-0.16360773
-1.750	2.450	0.000	-0.16310959
-1.650	2.450	0.000	-0.16214730
-1.550	2.450	0.000	-0.16179952
-1.450	2.450	0.000	-0.16252837
-1.350	2.450	0.000	-0.16394389
-1.250	2.450	0.000	-0.16621333
-1.150	2.450	0.000	-0.16877550
-1.050	2.450	0.000	-0.17090519
-0.950	2.450	0.000	-0.17132385
-0.850	2.450	0.000	-0.17120485
-0.750	2.450	0.000	-0.17001243
-0.650	2.450	0.000	-0.16814859
-0.550	2.450	0.000	-0.16614637
-0.450	2.450	0.000	-0.16405578
-0.350	2.450	0.000	-0.16168992
-0.250	2.450	0.000	-0.15891241
-0.150	2.450	0.000	-0.15577632
-0.050	2.450	0.000	-0.15260375
0.050	2.450	0.000	-0.14970250
0.150	2.450	0.000	-0.14740050
0.250	2.450	0.000	-0.14570333
0.350	2.450	0.000	-0.14451636
0.450	2.450	0.000	-0.14377640
0.550	2.450	0.000	-0.14335732
0.650	2.450	0.000	-0.14308672
0.750	2.450	0.000	-0.14294499
0.850	2.450	0.000	-0.14282614
0.950	2.450	0.000	-0.14261955
1.050	2.450	0.000	-0.14223672
1.150	2.450	0.000	-0.14158893
1.250	2.450	0.000	-0.14061545
1.350	2.450	0.000	-0.13931046
1.450	2.450	0.000	-0.13782014
1.550	2.450	0.000	-0.13626736
1.650	2.450	0.000	-0.13467777
1.750	2.450	0.000	-0.13308063
1.850	2.450	0.000	-0.13144821
1.950	2.450	0.000	-0.12984817
2.050	2.450	0.000	-0.12824468
2.150	2.450	0.000	-0.12660189
2.250	2.450	0.000	-0.12470032
2.350	2.450	0.000	-0.12317247
2.450	2.450	0.000	-0.11996542
