-2.450	-2.450	0.000	-0.16945119
-2.350	-2.450	0.000	-0.16939642
-2.250	-2.450	0.000	-0.16915131
-2.150	-2.450	0.000	-0.16908672
-2.050	-2.450	0.000	-0.16883770
-1.950	-2.450	0.000	-0.16881090
-1.850	-2.450	0.000	-0.16907445
-1.750	-2.450	0.000	-0.16943146
-1.650	-2.450	0.000	-0.16987918
-1.550	-2.450	0.000	-0.17049870
-1.450	-2.450	0.000	-0.17134874
-1.350	-2.450	0.000	-0.17242476
-1.250	-2.450	0.000	-0.17369705
-1.150	-2.450	0.000	-0.17413594
-1.050	-2.450	0.000	-0.17428689
-0.950	-2.450	0.000	-0.17381115
-0.850	-2.450	0.000	-0.17287312
-0.750	-2.450	0.000	-0.17202057
-0.650	-2.450	0.000	-0.17153455
-0.550	-2.450	0.000	-0.17188039
-0.450	-2.450	0.000	-0.17240900
-0.350	-2.450	0.000	-0.17279629
-0.250	-2.450	0.000	-0.17286493
-0.150	-2.450	0.000	-0.17225742
-0.050	-2.450	0.000	-0.17068785
0.050	-2.450	0.000	-0.16822636
0.150	-2.450	0.000	-0.16519363
0.250	-2.450	0.000	-0.16208808
0.350	-2.450	0.000	-0.15929022
0.450	-2.450	0.000	-0.15704802
0.550	-2.450	0.000	-0.15531920
0.650	-2.450	0.000	-0.15392107
0.750	-2.450	0.000	-0.15263039
0.850	-2.450	0.000	-0.15140203
0.950	-2.450	0.000	-0.15042241
1.050	-2.450	0.000	-0.14976802
1.150	-2.450	0.000	-0.14945602
1.250	-2.450	0.000	-0.14936167
1.350	-2.450	0.000	-0.14931017
1.450	-2.450	0.000	-0.14918394
1.550	-2.450	0.000	-0.14898762
1.650	-2.450	0.000	-0.14876127
1.750	-2.450	0.000	-0.14852092
1.850	-2.450	0.000	-0.14829671
1.950	-2.450	0.000	-0.14814577
2.050	-2.450	0.000	-0.14800096
2.150	-2.450	0.000	-0.14777434
2.250	-2.450	0.000	-0.14738153
2.350	-2.450	0.000	-0.14691207
2.450	-2.450	0.000	-0.14528829
-2.450	-2.350	0.000	-0.16956982
-2.350	-2.350	0.000	-0.16949405
-2.250	-2.350	0.000	-0.16939799
-2.150	-2.350	0.000	-0.16929828
-2.050	-2.350	0.000	-0.16909133
-1.950	-2.350	0.000	-0.16926014
-1.850	-2.350	0.000	-0.16960418
-1.750	-2.350	0.000	-0.17013089
-1.650	-2.350	0.000	-0.17071682
-1.550	-2.350	0.000	-0.17138427
-1.450	-2.350	0.000	-0.17217913
-1.350	-2.350	0.000	-0.17317358
-1.250	-2.350	0.000	-0.17428003
-1.150	-2.350	0.000	-0.17469504
-1.050	-2.350	0.000	-0.17476420
-0.950	-2.350	0.000	-0.17421749
-0.850	-2.350	0.000	-0.17327200
-0.750	-2.350	0.000	-0.17238544
-0.650	-2.350	0.000	-0.17187451
-0.550	-2.350	0.000	-0.17225923
-0.450	-2.350	0.000	-0.17274660
-0.350	-2.350	0.000	-0.17310984
-0.250	-2.350	0.000	-0.17314576
-0.150	-2.350	0.000	-0.17246899
-0.050	-2.350	0.000	-0.17076848
0.050	-2.350	0.000	-0.16803876
0.150	-2.350	0.000	-0.16463546
0.250	-2.350	0.000	-0.16094318
0.350	-2.350	0.000	-0.15747061
0.450	-2.350	0.000	-0.15461937
0.550	-2.350	0.000	-0.15248714
0.650	-2.350	0.000	-0.15100253
0.750	-2.350	0.000	-0.14991772
0.850	-2.350	0.000	-0.14906524
0.950	-2.350	0.000	-0.14844191
1.050	-2.350	0.000	-0.14801335
1.150	-2.350	0.000	-0.14778922
1.250	-2.350	0.000	-0.14776765
1.350	-2.350	0.000	-0.14779375
1.450	-2.350	0.000	-0.14781858
1.550	-2.350	0.000	-0.14774191
1.650	-2.350	0.000	-0.14761011
1.750	-2.350	0.000	-0.14748819
1.850	-2.350	0.000	-0.14735584
1.950	-2.350	0.000	-0.14727573
2.050	-2.350	0.000	-0.14714740
2.150	-2.350	0.000	-0.14690639
2.250	-2.350	0.000	-0.14656539
2.350	-2.350	0.000	-0.14613259
2.450	-2.350	0.000	-0.14454767
-2.450	-2.250	0.000	-0.16959076
-2.350	-2.250	0.000	-0.16951759
-2.250	-2.250	0.000	-0.16941901
-2.150	-2.250	0.000	-0.16923937
-2.050	-2.250	0.000	-0.16903667
-1.950	-2.250	0.000	-0.16918185
-1.850	-2.250	0.000	-0.16950952
-1.750	-2.250	0.000	-0.17001867
-1.650	-2.250	0.000	-0.17058328
-1.550	-2.250	0.000	-0.17120026
-1.450	-2.250	0.000	-0.17193592
-1.350	-2.250	0.000	-0.17288212
-1.250	-2.250	0.000	-0.17388977
-1.150	-2.250	0.000	-0.17437153
-1.050	-2.250	0.000	-0.17455050
-0.950	-2.250	0.000	-0.17419292
-0.850	-2.250	0.000	-0.17347017
-0.750	-2.250	0.000	-0.17276143
-0.650	-2.250	0.000	-0.17233424
-0.550	-2.250	0.000	-0.17268167
-0.450	-2.250	0.000	-0.17308468
-0.350	-2.250	0.000	-0.17338273
-0.250	-2.250	0.000	-0.17331526
-0.150	-2.250	0.000	-0.17252339
-0.050	-2.250	0.000	-0.17071272
0.050	-2.250	0.000	-0.16783270
0.150	-2.250	0.000	-0.16418211
0.250	-2.250	0.000	-0.16022097
0.350	-2.250	0.000	-0.15648793
0.450	-2.250	0.000	-0.15338530
0.550	-2.250	0.000	-0.15109380
0.650	-2.250	0.000	-0.14965110
0.750	-2.250	0.000	-0.14882582
0.850	-2.250	0.000	-0.14835204
0.950	-2.250	0.000	-0.14807196
1.050	-2.250	0.000	-0.14791188
1.150	-2.250	0.000	-0.14785886
1.250	-2.250	0.000	-0.14795411
1.350	-2.250	0.000	-0.14802934
1.450	-2.250	0.000	-0.14804086
1.550	-2.250	0.000	-0.14801754
1.650	-2.250	0.000	-0.14786886
1.750	-2.250	0.000	-0.14769307
1.850	-2.250	0.000	-0.14753920
1.950	-2.250	0.000	-0.14736570
2.050	-2.250	0.000	-0.14711048
2.150	-2.250	0.000	-0.14684069
2.250	-2.250	0.000	-0.14643592
2.350	-2.250	0.000	-0.14598238
2.450	-2.250	0.000	-0.14436838
-2.450	-2.150	0.000	-0.16969208
-2.350	-2.150	0.000	-0.16965453
-2.250	-2.150	0.000	-0.16959180
-2.150	-2.150	0.000	-0.16934641
-2.050	-2.150	0.000	-0.16916269
-1.950	-2.150	0.000	-0.16927832
-1.850	-2.150	0.000	-0.16966258
-1.750	-2.150	0.000	-0.17026012
-1.650	-2.150	0.000	-0.17087728
-1.550	-2.150	0.000	-0.17144763
-1.450	-2.150	0.000	-0.17205980
-1.350	-2.150	0.000	-0.17285384
-1.250	-2.150	0.000	-0.17366974
-1.150	-2.150	0.000	-0.17416620
-1.050	-2.150	0.000	-0.17441964
-0.950	-2.150	0.000	-0.17426597
-0.850	-2.150	0.000	-0.17375901
-0.750	-2.150	0.000	-0.17322549
-0.650	-2.150	0.000	-0.17290908
-0.550	-2.150	0.000	-0.17322305
-0.450	-2.150	0.000	-0.17358929
-0.350	-2.150	0.000	-0.17383821
-0.250	-2.150	0.000	-0.17373456
-0.150	-2.150	0.000	-0.17282490
-0.050	-2.150	0.000	-0.17088714
0.050	-2.150	0.000	-0.16765767
0.150	-2.150	0.000	-0.16340931
0.250	-2.150	0.000	-0.15875627
0.350	-2.150	0.000	-0.15432194
0.450	-2.150	0.000	-0.15062009
0.550	-2.150	0.000	-0.14802700
0.650	-2.150	0.000	-0.14667574
0.750	-2.150	0.000	-0.14622094
0.850	-2.150	0.000	-0.14622709
0.950	-2.150	0.000	-0.14653076
1.050	-2.150	0.000	-0.14691997
1.150	-2.150	0.000	-0.14725640
1.250	-2.150	0.000	-0.14750931
1.350	-2.150	0.000	-0.14760123
1.450	-2.150	0.000	-0.14751904
1.550	-2.150	0.000	-0.14748231
1.650	-2.150	0.000	-0.14735645
1.750	-2.150	0.000	-0.14713894
1.850	-2.150	0.000	-0.14693776
1.950	-2.150	0.000	-0.14664772
2.050	-2.150	0.000	-0.14630264
2.150	-2.150	0.000	-0.14607209
2.250	-2.150	0.000	-0.14566092
2.350	-2.150	0.000	-0.14521588
2.450	-2.150	0.000	-0.14366563
-2.450	-2.050	0.000	-0.16980320
-2.350	-2.050	0.000	-0.16975024
-2.250	-2.050	0.000	-0.16964865
-2.150	-2.050	0.000	-0.16942464
-2.050	-2.050	0.000	-0.16926639
-1.950	-2.050	0.000	-0.16937807
-1.850	-2.050	0.000	-0.16972315
-1.750	-2.050	0.000	-0.17028217
-1.650	-2.050	0.000	-0.17085215
-1.550	-2.050	0.000	-0.17136082
-1.450	-2.050	0.000	-0.17192082
-1.350	-2.050	0.000	-0.17264500
-1.250	-2.050	0.000	-0.17326623
-1.150	-2.050	0.000	-0.17377602
-1.050	-2.050	0.000	-0.17407641
-0.950	-2.050	0.000	-0.17405212
-0.850	-2.050	0.000	-0.17376521
-0.750	-2.050	0.000	-0.17341895
-0.650	-2.050	0.000	-0.17328075
-0.550	-2.050	0.000	-0.17370291
-0.450	-2.050	0.000	-0.17408533
-0.350	-2.050	0.000	-0.17425725
-0.250	-2.050	0.000	-0.17406115
-0.150	-2.050	0.000	-0.17306259
-0.050	-2.050	0.000	-0.17117430
0.050	-2.050	0.000	-0.16783860
0.150	-2.050	0.000	-0.16328430
0.250	-2.050	0.000	-0.15822499
0.350	-2.050	0.000	-0.15323392
0.450	-2.050	0.000	-0.14884315
0.550	-2.050	0.000	-0.14589629
0.650	-2.050	0.000	-0.14470227
0.750	-2.050	0.000	-0.14478178
0.850	-2.050	0.000	-0.14522663
0.950	-2.050	0.000	-0.14601290
1.050	-2.050	0.000	-0.14685965
1.150	-2.050	0.000	-0.14748149
1.250	-2.050	0.000	-0.14783011
1.350	-2.050	0.000	-0.14788298
1.450	-2.050	0.000	-0.14779019
1.550	-2.050	0.000	-0.14768405
1.650	-2.050	0.000	-0.14750707
1.750	-2.050	0.000	-0.14723937
1.850	-2.050	0.000	-0.14692296
1.950	-2.050	0.000	-0.14655286
2.050	-2.050	0.000	-0.14613403
2.150	-2.050	0.000	-0.14581676
2.250	-2.050	0.000	-0.14538665
2.350	-2.050	0.000	-0.14496005
2.450	-2.050	0.000	-0.14346346
-2.450	-1.950	0.000	-0.17004979
-2.350	-1.950	0.000	-0.16992708
-2.250	-1.950	0.000	-0.16974136
-2.150	-1.950	0.000	-0.16952296
-2.050	-1.950	0.000	-0.16938314
-1.950	-1.950	0.000	-0.16948044
-1.850	-1.950	0.000	-0.16975141
-1.750	-1.950	0.000	-0.17026088
-1.650	-1.950	0.000	-0.17079936
-1.550	-1.950	0.000	-0.17133209
-1.450	-1.950	0.000	-0.17198467
-1.350	-1.950	0.000	-0.17273954
-1.250	-1.950	0.000	-0.17338489
-1.150	-1.950	0.000	-0.17390865
-1.050	-1.950	0.000	-0.17419270
-0.950	-1.950	0.000	-0.17412217
-0.850	-1.950	0.000	-0.17391571
-0.750	-1.950	0.000	-0.17361082
-0.650	-1.950	0.000	-0.17373669
-0.550	-1.950	0.000	-0.17436515
-0.450	-1.950	0.000	-0.17484303
-0.350	-1.950	0.000	-0.17503706
-0.250	-1.950	0.000	-0.17488387
-0.150	-1.950	0.000	-0.17397687
-0.050	-1.950	0.000	-0.17195925
0.050	-1.950	0.000	-0.16824532
0.150	-1.950	0.000	-0.16308340
0.250	-1.950	0.000	-0.15717764
0.350	-1.950	0.000	-0.15124884
0.450	-1.950	0.000	-0.14611982
0.550	-1.950	0.000	-0.14293081
0.650	-1.950	0.000	-0.14251858
0.750	-1.950	0.000	-0.14286350
0.850	-1.950	0.000	-0.14375052
0.950	-1.950	0.000	-0.14515944
1.050	-1.950	0.000	-0.14662950
1.150	-1.950	0.000	-0.14766392
1.250	-1.950	0.000	-0.14818774
1.350	-1.950	0.000	-0.14825232
1.450	-1.950	0.000	-0.14821626
1.550	-1.950	0.000	-0.14805427
1.650	-1.950	0.000	-0.14772233
1.750	-1.950	0.000	-0.14729984
1.850	-1.950	0.000	-0.14674909
1.950	-1.950	0.000	-0.14623402
2.050	-1.950	0.000	-0.14568582
2.150	-1.950	0.000	-0.14513211
2.250	-1.950	0.000	-0.14463532
2.350	-1.950	0.000	-0.14425357
2.450	-1.950	0.000	-0.14299101
-2.450	-1.850	0.000	-0.17056064
-2.350	-1.850	0.000	-0.17037445
-2.250	-1.850	0.000	-0.17001186
-2.150	-1.850	0.000	-0.16969962
-2.050	-1.850	0.000	-0.16947068
-1.950	-1.850	0.000	-0.16954543
-1.850	-1.850	0.000	-0.16979522
-1.750	-1.850	0.000	-0.17029144
-1.650	-1.850	0.000	-0.17085961
-1.550	-1.850	0.000	-0.17145656
-1.450	-1.850	0.000	-0.17218554
-1.350	-1.850	0.000	-0.17298247
-1.250	-1.850	0.000	-0.17357765
-1.150	-1.850	0.000	-0.17407222
-1.050	-1.850	0.000	-0.17429547
-0.950	-1.850	0.000	-0.17419389
-0.850	-1.850	0.000	-0.17407908
-0.750	-1.850	0.000	-0.17377830
-0.650	-1.850	0.000	-0.17424214
-0.550	-1.850	0.000	-0.17511883
-0.450	-1.850	0.000	-0.17579682
-0.350	-1.850	0.000	-0.17623460
-0.250	-1.850	0.000	-0.17624597
-0.150	-1.850	0.000	-0.17549840
-0.050	-1.850	0.000	-0.17324455
0.050	-1.850	0.000	-0.16910490
0.150	-1.850	0.000	-0.16339126
0.250	-1.850	0.000	-0.15674868
0.350	-1.850	0.000	-0.14992343
0.450	-1.850	0.000	-0.14430453
0.550	-1.850	0.000	-0.14149538
0.650	-1.850	0.000	-0.14154242
0.750	-1.850	0.000	-0.14204068
0.850	-1.850	0.000	-0.14327733
0.950	-1.850	0.000	-0.14504337
1.050	-1.850	0.000	-0.14688420
1.150	-1.850	0.000	-0.14818004
1.250	-1.850	0.000	-0.14869793
1.350	-1.850	0.000	-0.14875440
1.450	-1.850	0.000	-0.14870265
1.550	-1.850	0.000	-0.14849664
1.650	-1.850	0.000	-0.14809623
1.750	-1.850	0.000	-0.14757276
1.850	-1.850	0.000	-0.14683874
1.950	-1.850	0.000	-0.14610511
2.050	-1.850	0.000	-0.14541036
2.150	-1.850	0.000	-0.14462872
2.250	-1.850	0.000	-0.14399575
2.350	-1.850	0.000	-0.14357196
2.450	-1.850	0.000	-0.14254557
-2.450	-1.750	0.000	-0.17135070
-2.350	-1.750	0.000	-0.17113112
-2.250	-1.750	0.000	-0.17063811
-2.150	-1.750	0.000	-0.17024985
-2.050	-1.750	0.000	-0.17000446
-1.950	-1.750	0.000	-0.16998670
-1.850	-1.750	0.000	-0.17018756
-1.750	-1.750	0.000	-0.17058936
-1.650	-1.750	0.000	-0.17116873
-1.550	-1.750	0.000	-0.17186035
-1.450	-1.750	0.000	-0.17270137
-1.350	-1.750	0.000	-0.17348219
-1.250	-1.750	0.000	-0.17398928
-1.150	-1.750	0.000	-0.17439668
-1.050	-1.750	0.000	-0.17448819
-0.950	-1.750	0.000	-0.17438342
-0.850	-1.750	0.000	-0.17426784
-0.750	-1.750	0.000	-0.17428650
-0.650	-1.750	0.000	-0.17490253
-0.550	-1.750	0.000	-0.17605381
-0.450	-1.750	0.000	-0.17710057
-0.350	-1.750	0.000	-0.17769228
-0.250	-1.750	0.000	-0.17779173
-0.150	-1.750	0.000	-0.17704317
-0.050	-1.750	0.000	-0.17444155
0.050	-1.750	0.000	-0.16987364
0.150	-1.750	0.000	-0.16366196
0.250	-1.750	0.000	-0.15632483
0.350	-1.750	0.000	-0.14881805
0.450	-1.750	0.000	-0.14287265
0.550	-1.750	0.000	-0.14077641
0.650	-1.750	0.000	-0.14088012
0.750	-1.750	0.000	-0.14150962
0.850	-1.750	0.000	-0.14303583
0.950	-1.750	0.000	-0.14518353
1.050	-1.750	0.000	-0.14724368
1.150	-1.750	0.000	-0.14859562
1.250	-1.750	0.000	-0.14904432
1.350	-1.750	0.000	-0.14909489
1.450	-1.750	0.000	-0.14900254
1.550	-1.750	0.000	-0.14881177
1.650	-1.750	0.000	-0.14842796
1.750	-1.750	0.000	-0.14784329
1.850	-1.750	0.000	-0.14704908
1.950	-1.750	0.000	-0.14609547
2.050	-1.750	0.000	-0.14519620
2.150	-1.750	0.000	-0.14430217
2.250	-1.750	0.000	-0.14352503
2.350	-1.750	0.000	-0.14298232
2.450	-1.750	0.000	-0.14212257
-2.450	-1.650	0.000	-0.17226498
-2.350	-1.650	0.000	-0.17199245
-2.250	-1.650	0.000	-0.17138863
-2.150	-1.650	0.000	-0.17092027
-2.050	-1.650	0.000	-0.17060249
-1.950	-1.650	0.000	-0.17046827
-1.850	-1.650	0.000	-0.17061031
-1.750	-1.650	0.000	-0.17096379
-1.650	-1.650	0.000	-0.17156133
-1.550	-1.650	0.000	-0.17237847
-1.450	-1.650	0.000	-0.17334189
-1.350	-1.650	0.000	-0.17404164
-1.250	-1.650	0.000	-0.17453164
-1.150	-1.650	0.000	-0.17482987
-1.050	-1.650	0.000	-0.17475501
-0.950	-1.650	0.000	-0.17462128
-0.850	-1.650	0.000	-0.17457764
-0.750	-1.650	0.000	-0.17495583
-0.650	-1.650	0.000	-0.17573005
-0.550	-1.650	0.000	-0.17723426
-0.450	-1.650	0.000	-0.17868961
-0.350	-1.650	0.000	-0.17940167
-0.250	-1.650	0.000	-0.17957796
-0.150	-1.650	0.000	-0.17885253
-0.050	-1.650	0.000	-0.17588022
0.050	-1.650	0.000	-0.17078543
0.150	-1.650	0.000	-0.16402031
0.250	-1.650	0.000	-0.15623608
0.350	-1.650	0.000	-0.14850932
0.450	-1.650	0.000	-0.14262201
0.550	-1.650	0.000	-0.14125544
0.650	-1.650	0.000	-0.14143324
0.750	-1.650	0.000	-0.14236642
0.850	-1.650	0.000	-0.14408799
0.950	-1.650	0.000	-0.14629319
1.050	-1.650	0.000	-0.14817855
1.150	-1.650	0.000	-0.14924155
1.250	-1.650	0.000	-0.14942251
1.350	-1.650	0.000	-0.14944246
1.450	-1.650	0.000	-0.14931008
1.550	-1.650	0.000	-0.14909010
1.650	-1.650	0.000	-0.14880563
1.750	-1.650	0.000	-0.14827155
1.850	-1.650	0.000	-0.14750522
1.950	-1.650	0.000	-0.14648640
2.050	-1.650	0.000	-0.14528678
2.150	-1.650	0.000	-0.14425308
2.250	-1.650	0.000	-0.14336833
2.350	-1.650	0.000	-0.14269911
2.450	-1.650	0.000	-0.14191230
-2.450	-1.550	0.000	-0.17315421
-2.350	-1.550	0.000	-0.17282304
-2.250	-1.550	0.000	-0.17215198
-2.150	-1.550	0.000	-0.17155179
-2.050	-1.550	0.000	-0.17112322
-1.950	-1.550	0.000	-0.17088479
-1.850	-1.550	0.000	-0.17092256
-1.750	-1.550	0.000	-0.17124724
-1.650	-1.550	0.000	-0.17189126
-1.550	-1.550	0.000	-0.17285575
-1.450	-1.550	0.000	-0.17395331
-1.350	-1.550	0.000	-0.17472880
-1.250	-1.550	0.000	-0.17522644
-1.150	-1.550	0.000	-0.17544737
-1.050	-1.550	0.000	-0.17528155
-0.950	-1.550	0.000	-0.17507307
-0.850	-1.550	0.000	-0.17516714
-0.750	-1.550	0.000	-0.17570931
-0.650	-1.550	0.000	-0.17669363
-0.550	-1.550	0.000	-0.17855205
-0.450	-1.550	0.000	-0.18023913
-0.350	-1.550	0.000	-0.18094860
-0.250	-1.550	0.000	-0.18117326
-0.150	-1.550	0.000	-0.18019697
-0.050	-1.550	0.000	-0.17691211
0.050	-1.550	0.000	-0.17142579
0.150	-1.550	0.000	-0.16428144
0.250	-1.550	0.000	-0.15614706
0.350	-1.550	0.000	-0.14868414
0.450	-1.550	0.000	-0.14348631
0.550	-1.550	0.000	-0.14301498
0.650	-1.550	0.000	-0.14320248
0.750	-1.550	0.000	-0.14420481
0.850	-1.550	0.000	-0.14570956
0.950	-1.550	0.000	-0.14751174
1.050	-1.550	0.000	-0.14913687
1.150	-1.550	0.000	-0.14970735
1.250	-1.550	0.000	-0.14972666
1.350	-1.550	0.000	-0.14962062
1.450	-1.550	0.000	-0.14949614
1.550	-1.550	0.000	-0.14926343
1.650	-1.550	0.000	-0.14906354
1.750	-1.550	0.000	-0.14869477
1.850	-1.550	0.000	-0.14803235
1.950	-1.550	0.000	-0.14708816
2.050	-1.550	0.000	-0.14587507
2.150	-1.550	0.000	-0.14467712
2.250	-1.550	0.000	-0.14363863
2.350	-1.550	0.000	-0.14278591
2.450	-1.550	0.000	-0.14197397
-2.450	-1.450	0.000	-0.17383070
-2.350	-1.450	0.000	-0.17345750
-2.250	-1.450	0.000	-0.17277344
-2.150	-1.450	0.000	-0.17208235
-2.050	-1.450	0.000	-0.17158036
-1.950	-1.450	0.000	-0.17125328
-1.850	-1.450	0.000	-0.17117950
-1.750	-1.450	0.000	-0.17145382
-1.650	-1.450	0.000	-0.17211074
-1.550	-1.450	0.000	-0.17322680
-1.450	-1.450	0.000	-0.17449054
-1.350	-1.450	0.000	-0.17528930
-1.250	-1.450	0.000	-0.17573984
-1.150	-1.450	0.000	-0.17589876
-1.050	-1.450	0.000	-0.17570227
-0.950	-1.450	0.000	-0.17548227
-0.850	-1.450	0.000	-0.17579995
-0.750	-1.450	0.000	-0.17649379
-0.650	-1.450	0.000	-0.17774348
-0.550	-1.450	0.000	-0.17988572
-0.450	-1.450	0.000	-0.18164742
-0.350	-1.450	0.000	-0.18232091
-0.250	-1.450	0.000	-0.18253006
-0.150	-1.450	0.000	-0.18137176
-0.050	-1.450	0.000	-0.17783295
0.050	-1.450	0.000	-0.17211495
0.150	-1.450	0.000	-0.16464143
0.250	-1.450	0.000	-0.15669781
0.350	-1.450	0.000	-0.14936604
0.450	-1.450	0.000	-0.14530458
0.550	-1.450	0.000	-0.14517674
0.650	-1.450	0.000	-0.14541534
0.750	-1.450	0.000	-0.14628904
0.850	-1.450	0.000	-0.14769334
0.950	-1.450	0.000	-0.14900765
1.050	-1.450	0.000	-0.15021837
1.150	-1.450	0.000	-0.15032221
1.250	-1.450	0.000	-0.15020502
1.350	-1.450	0.000	-0.14995542
1.450	-1.450	0.000	-0.14983191
1.550	-1.450	0.000	-0.14971529
1.650	-1.450	0.000	-0.14953578
1.750	-1.450	0.000	-0.14930207
1.850	-1.450	0.000	-0.14879346
1.950	-1.450	0.000	-0.14793734
2.050	-1.450	0.000	-0.14682096
2.150	-1.450	0.000	-0.14552547
2.250	-1.450	0.000	-0.14441103
2.350	-1.450	0.000	-0.14355907
2.450	-1.450	0.000	-0.14269017
-2.450	-1.350	0.000	-0.17419052
-2.350	-1.350	0.000	-0.17384647
-2.250	-1.350	0.000	-0.17318656
-2.150	-1.350	0.000	-0.17247999
-2.050	-1.350	0.000	-0.17193076
-1.950	-1.350	0.000	-0.17154828
-1.850	-1.350	0.000	-0.17144674
-1.750	-1.350	0.000	-0.17172648
-1.650	-1.350	0.000	-0.17242284
-1.550	-1.350	0.000	-0.17360581
-1.450	-1.350	0.000	-0.17490935
-1.350	-1.350	0.000	-0.17572403
-1.250	-1.350	0.000	-0.17611998
-1.150	-1.350	0.000	-0.17622681
-1.050	-1.350	0.000	-0.17603700
-0.950	-1.350	0.000	-0.17595664
-0.850	-1.350	0.000	-0.17638339
-0.750	-1.350	0.000	-0.17718777
-0.650	-1.350	0.000	-0.17869118
-0.550	-1.350	0.000	-0.18102770
-0.450	-1.350	0.000	-0.18271038
-0.350	-1.350	0.000	-0.18335794
-0.250	-1.350	0.000	-0.18346368
-0.150	-1.350	0.000	-0.18215235
-0.050	-1.350	0.000	-0.17842932
0.050	-1.350	0.000	-0.17241211
0.150	-1.350	0.000	-0.16515857
0.250	-1.350	0.000	-0.15766227
0.350	-1.350	0.000	-0.15058927
0.450	-1.350	0.000	-0.14803959
0.550	-1.350	0.000	-0.14800014
0.650	-1.350	0.000	-0.14826089
0.750	-1.350	0.000	-0.14897074
0.850	-1.350	0.000	-0.15008354
0.950	-1.350	0.000	-0.15082023
1.050	-1.350	0.000	-0.15126891
1.150	-1.350	0.000	-0.15114252
1.250	-1.350	0.000	-0.15075077
1.350	-1.350	0.000	-0.15034978
1.450	-1.350	0.000	-0.15013327
1.550	-1.350	0.000	-0.15011665
1.650	-1.350	0.000	-0.15002242
1.750	-1.350	0.000	-0.14988655
1.850	-1.350	0.000	-0.14961396
1.950	-1.350	0.000	-0.14891236
2.050	-1.350	0.000	-0.14784072
2.150	-1.350	0.000	-0.14652270
2.250	-1.350	0.000	-0.14531605
2.350	-1.350	0.000	-0.14434150
2.450	-1.350	0.000	-0.14330757
-2.450	-1.250	0.000	-0.17451698
-2.350	-1.250	0.000	-0.17420055
-2.250	-1.250	0.000	-0.17357051
-2.150	-1.250	0.000	-0.17291072
-2.050	-1.250	0.000	-0.17234327
-1.950	-1.250	0.000	-0.17193910
-1.850	-1.250	0.000	-0.17181295
-1.750	-1.250	0.000	-0.17205653
-1.650	-1.250	0.000	-0.17273180
-1.550	-1.250	0.000	-0.17392325
-1.450	-1.250	0.000	-0.17525661
-1.350	-1.250	0.000	-0.17616031
-1.250	-1.250	0.000	-0.17655617
-1.150	-1.250	0.000	-0.17666283
-1.050	-1.250	0.000	-0.17647487
-0.950	-1.250	0.000	-0.17651364
-0.850	-1.250	0.000	-0.17694812
-0.750	-1.250	0.000	-0.17782356
-0.650	-1.250	0.000	-0.17948559
-0.550	-1.250	0.000	-0.18189479
-0.450	-1.250	0.000	-0.18349801
-0.350	-1.250	0.000	-0.18408690
-0.250	-1.250	0.000	-0.18415664
-0.150	-1.250	0.000	-0.18275289
-0.050	-1.250	0.000	-0.17889068
0.050	-1.250	0.000	-0.17297989
0.150	-1.250	0.000	-0.16625229
0.250	-1.250	0.000	-0.15917559
0.350	-1.250	0.000	-0.15295523
0.450	-1.250	0.000	-0.15145475
0.550	-1.250	0.000	-0.15125178
0.650	-1.250	0.000	-0.15137070
0.750	-1.250	0.000	-0.15185054
0.850	-1.250	0.000	-0.15256268
0.950	-1.250	0.000	-0.15274779
1.050	-1.250	0.000	-0.15256368
1.150	-1.250	0.000	-0.15225862
1.250	-1.250	0.000	-0.15160951
1.350	-1.250	0.000	-0.15099695
1.450	-1.250	0.000	-0.15061887
1.550	-1.250	0.000	-0.15055782
1.650	-1.250	0.000	-0.15053125
1.750	-1.250	0.000	-0.15040307
1.850	-1.250	0.000	-0.15025389
1.950	-1.250	0.000	-0.14978078
2.050	-1.250	0.000	-0.14892030
2.150	-1.250	0.000	-0.14774452
2.250	-1.250	0.000	-0.14652155
2.350	-1.250	0.000	-0.14540295
2.450	-1.250	0.000	-0.14412127
-2.450	-1.150	0.000	-0.17465970
-2.350	-1.150	0.000	-0.17441328
-2.250	-1.150	0.000	-0.17388538
-2.150	-1.150	0.000	-0.17323236
-2.050	-1.150	0.000	-0.17261086
-1.950	-1.150	0.000	-0.17221162
-1.850	-1.150	0.000	-0.17210510
-1.750	-1.150	0.000	-0.17231047
-1.650	-1.150	0.000	-0.17293961
-1.550	-1.150	0.000	-0.17411752
-1.450	-1.150	0.000	-0.17545275
-1.350	-1.150	0.000	-0.17648302
-1.250	-1.150	0.000	-0.17694145
-1.150	-1.150	0.000	-0.17712410
-1.050	-1.150	0.000	-0.17695405
-0.950	-1.150	0.000	-0.17705153
-0.850	-1.150	0.000	-0.17746468
-0.750	-1.150	0.000	-0.17836347
-0.650	-1.150	0.000	-0.18015428
-0.550	-1.150	0.000	-0.18255289
-0.450	-1.150	0.000	-0.18411374
-0.350	-1.150	0.000	-0.18463573
-0.250	-1.150	0.000	-0.18466011
-0.150	-1.150	0.000	-0.18321507
-0.050	-1.150	0.000	-0.17935924
0.050	-1.150	0.000	-0.17389512
0.150	-1.150	0.000	-0.16752748
0.250	-1.150	0.000	-0.16109438
0.350	-1.150	0.000	-0.15578441
0.450	-1.150	0.000	-0.15445024
0.550	-1.150	0.000	-0.15425147
0.650	-1.150	0.000	-0.15426797
0.750	-1.150	0.000	-0.15452118
0.850	-1.150	0.000	-0.15471895
0.950	-1.150	0.000	-0.15461542
1.050	-1.150	0.000	-0.15413217
1.150	-1.150	0.000	-0.15341987
1.250	-1.150	0.000	-0.15262833
1.350	-1.150	0.000	-0.15184537
1.450	-1.150	0.000	-0.15130642
1.550	-1.150	0.000	-0.15106401
1.650	-1.150	0.000	-0.15093765
1.750	-1.150	0.000	-0.15078562
1.850	-1.150	0.000	-0.15060845
1.950	-1.150	0.000	-0.15023361
2.050	-1.150	0.000	-0.14955761
2.150	-1.150	0.000	-0.14858551
2.250	-1.150	0.000	-0.14745963
2.350	-1.150	0.000	-0.14645500
2.450	-1.150	0.000	-0.14496818
-2.450	-1.050	0.000	-0.17461513
-2.350	-1.050	0.000	-0.17443149
-2.250	-1.050	0.000	-0.17399773
-2.150	-1.050	0.000	-0.17338124
-2.050	-1.050	0.000	-0.17275877
-1.950	-1.050	0.000	-0.17234781
-1.850	-1.050	0.000	-0.17228888
-1.750	-1.050	0.000	-0.17248552
-1.650	-1.050	0.000	-0.17311415
-1.550	-1.050	0.000	-0.17428558
-1.450	-1.050	0.000	-0.17561950
-1.350	-1.050	0.000	-0.17674544
-1.250	-1.050	0.000	-0.17725405
-1.150	-1.050	0.000	-0.17750733
-1.050	-1.050	0.000	-0.17736597
-0.950	-1.050	0.000	-0.17756425
-0.850	-1.050	0.000	-0.17801717
-0.750	-1.050	0.000	-0.17888959
-0.650	-1.050	0.000	-0.18067884
-0.550	-1.050	0.000	-0.18304041
-0.450	-1.050	0.000	-0.18463849
-0.350	-1.050	0.000	-0.18512608
-0.250	-1.050	0.000	-0.18511619
-0.150	-1.050	0.000	-0.18360581
-0.050	-1.050	0.000	-0.17989585
0.050	-1.050	0.000	-0.17474011
0.150	-1.050	0.000	-0.16876020
0.250	-1.050	0.000	-0.16314496
0.350	-1.050	0.000	-0.15885764
0.450	-1.050	0.000	-0.15748653
0.550	-1.050	0.000	-0.15723176
0.650	-1.050	0.000	-0.15711562
0.750	-1.050	0.000	-0.15705849
0.850	-1.050	0.000	-0.15687498
0.950	-1.050	0.000	-0.15648080
1.050	-1.050	0.000	-0.15572020
1.150	-1.050	0.000	-0.15469134
1.250	-1.050	0.000	-0.15364483
1.350	-1.050	0.000	-0.15267873
1.450	-1.050	0.000	-0.15198858
1.550	-1.050	0.000	-0.15156741
1.650	-1.050	0.000	-0.15128851
1.750	-1.050	0.000	-0.15104777
1.850	-1.050	0.000	-0.15079090
1.950	-1.050	0.000	-0.15042245
2.050	-1.050	0.000	-0.14984840
2.150	-1.050	0.000	-0.14902414
2.250	-1.050	0.000	-0.14802423
2.350	-1.050	0.000	-0.14710391
2.450	-1.050	0.000	-0.14548489
-2.450	-0.950	0.000	-0.17451034
-2.350	-0.950	0.000	-0.17440784
-2.250	-0.950	0.000	-0.17406698
-2.150	-0.950	0.000	-0.17353196
-2.050	-0.950	0.000	-0.17295948
-1.950	-0.950	0.000	-0.17253098
-1.850	-0.950	0.000	-0.17256685
-1.750	-0.950	0.000	-0.17276755
-1.650	-0.950	0.000	-0.17340475
-1.550	-0.950	0.000	-0.17453441
-1.450	-0.950	0.000	-0.17583133
-1.350	-0.950	0.000	-0.17697775
-1.250	-0.950	0.000	-0.17755115
-1.150	-0.950	0.000	-0.17789523
-1.050	-0.950	0.000	-0.17787088
-0.950	-0.950	0.000	-0.17807801
-0.850	-0.950	0.000	-0.17854378
-0.750	-0.950	0.000	-0.17935550
-0.650	-0.950	0.000	-0.18100305
-0.550	-0.950	0.000	-0.18321067
-0.450	-0.950	0.000	-0.18480402
-0.350	-0.950	0.000	-0.18529442
-0.250	-0.950	0.000	-0.18529393
-0.150	-0.950	0.000	-0.18385528
-0.050	-0.950	0.000	-0.18051109
0.050	-0.950	0.000	-0.17581399
0.150	-0.950	0.000	-0.17046636
0.250	-0.950	0.000	-0.16557971
0.350	-0.950	0.000	-0.16199180
0.450	-0.950	0.000	-0.16023143
0.550	-0.950	0.000	-0.15965945
0.650	-0.950	0.000	-0.15936279
0.750	-0.950	0.000	-0.15909967
0.850	-0.950	0.000	-0.15868346
0.950	-0.950	0.000	-0.15801768
1.050	-0.950	0.000	-0.15706387
1.150	-0.950	0.000	-0.15586142
1.250	-0.950	0.000	-0.15457591
1.350	-0.950	0.000	-0.15338604
1.450	-0.950	0.000	-0.15249965
1.550	-0.950	0.000	-0.15191062
1.650	-0.950	0.000	-0.15151824
1.750	-0.950	0.000	-0.15118666
1.850	-0.950	0.000	-0.15083937
1.950	-0.950	0.000	-0.15043083
2.050	-0.950	0.000	-0.14988510
2.150	-0.950	0.000	-0.14914924
2.250	-0.950	0.000	-0.14823592
2.350	-0.950	0.000	-0.14740399
2.450	-0.950	0.000	-0.14575839
-2.450	-0.850	0.000	-0.17436372
-2.350	-0.850	0.000	-0.17431882
-2.250	-0.850	0.000	-0.17406315
-2.150	-0.850	0.000	-0.17359415
-2.050	-0.850	0.000	-0.17308003
-1.950	-0.850	0.000	-0.17275593
-1.850	-0.850	0.000	-0.17284223
-1.750	-0.850	0.000	-0.17307918
-1.650	-0.850	0.000	-0.17374940
-1.550	-0.850	0.000	-0.17483895
-1.450	-0.850	0.000	-0.17608671
-1.350	-0.850	0.000	-0.17723872
-1.250	-0.850	0.000	-0.17790835
-1.150	-0.850	0.000	-0.17832650
-1.050	-0.850	0.000	-0.17841974
-0.950	-0.850	0.000	-0.17860831
-0.850	-0.850	0.000	-0.17905201
-0.750	-0.850	0.000	-0.17978211
-0.650	-0.850	0.000	-0.18125466
-0.550	-0.850	0.000	-0.18326510
-0.450	-0.850	0.000	-0.18479969
-0.350	-0.850	0.000	-0.18533662
-0.250	-0.850	0.000	-0.18538542
-0.150	-0.850	0.000	-0.18426467
-0.050	-0.850	0.000	-0.18134756
0.050	-0.850	0.000	-0.17711039
0.150	-0.850	0.000	-0.17232201
0.250	-0.850	0.000	-0.16785102
0.350	-0.850	0.000	-0.16445376
0.450	-0.850	0.000	-0.16252020
0.550	-0.850	0.000	-0.16154099
0.650	-0.850	0.000	-0.16101734
0.750	-0.850	0.000	-0.16056930
0.850	-0.850	0.000	-0.15996727
0.950	-0.850	0.000	-0.15912747
1.050	-0.850	0.000	-0.15801641
1.150	-0.850	0.000	-0.15669256
1.250	-0.850	0.000	-0.15530528
1.350	-0.850	0.000	-0.15396750
1.450	-0.850	0.000	-0.15288125
1.550	-0.850	0.000	-0.15211385
1.650	-0.850	0.000	-0.15159588
1.750	-0.850	0.000	-0.15121914
1.850	-0.850	0.000	-0.15084790
1.950	-0.850	0.000	-0.15043539
2.050	-0.850	0.000	-0.14990193
2.150	-0.850	0.000	-0.14919423
2.250	-0.850	0.000	-0.14829835
2.350	-0.850	0.000	-0.14752543
2.450	-0.850	0.000	-0.14594169
-2.450	-0.750	0.000	-0.17424479
-2.350	-0.750	0.000	-0.17422117
-2.250	-0.750	0.000	-0.17399779
-2.150	-0.750	0.000	-0.17357793
-2.050	-0.750	0.000	-0.17316373
-1.950	-0.750	0.000	-0.17293461
-1.850	-0.750	0.000	-0.17308122
-1.750	-0.750	0.000	-0.17336792
-1.650	-0.750	0.000	-0.17405456
-1.550	-0.750	0.000	-0.17511521
-1.450	-0.750	0.000	-0.17629920
-1.350	-0.750	0.000	-0.17744821
-1.250	-0.750	0.000	-0.17819355
-1.150	-0.750	0.000	-0.17866956
-1.050	-0.750	0.000	-0.17887579
-0.950	-0.750	0.000	-0.17909376
-0.850	-0.750	0.000	-0.17953920
-0.750	-0.750	0.000	-0.18021441
-0.650	-0.750	0.000	-0.18153252
-0.550	-0.750	0.000	-0.18339007
-0.450	-0.750	0.000	-0.18488953
-0.350	-0.750	0.000	-0.18546259
-0.250	-0.750	0.000	-0.18555124
-0.150	-0.750	0.000	-0.18470271
-0.050	-0.750	0.000	-0.18207243
0.050	-0.750	0.000	-0.17822611
0.150	-0.750	0.000	-0.17389436
0.250	-0.750	0.000	-0.16981542
0.350	-0.750	0.000	-0.16659386
0.450	-0.750	0.000	-0.16446155
0.550	-0.750	0.000	-0.16314292
0.650	-0.750	0.000	-0.16229738
0.750	-0.750	0.000	-0.16160713
0.850	-0.750	0.000	-0.16083336
0.950	-0.750	0.000	-0.15986584
1.050	-0.750	0.000	-0.15868820
1.150	-0.750	0.000	-0.15730236
1.250	-0.750	0.000	-0.15585034
1.350	-0.750	0.000	-0.15449174
1.450	-0.750	0.000	-0.15331364
1.550	-0.750	0.000	-0.15240416
1.650	-0.750	0.000	-0.15178047
1.750	-0.750	0.000	-0.15134493
1.850	-0.750	0.000	-0.15098040
1.950	-0.750	0.000	-0.15057351
2.050	-0.750	0.000	-0.15006123
2.150	-0.750	0.000	-0.14937165
2.250	-0.750	0.000	-0.14847927
2.350	-0.750	0.000	-0.14766720
2.450	-0.750	0.000	-0.14615348
-2.450	-0.650	0.000	-0.17428686
-2.350	-0.650	0.000	-0.17427990
-2.250	-0.650	0.000	-0.17408702
-2.150	-0.650	0.000	-0.17372777
-2.050	-0.650	0.000	-0.17341302
-1.950	-0.650	0.000	-0.17331761
-1.850	-0.650	0.000	-0.17351319
-1.750	-0.650	0.000	-0.17383260
-1.650	-0.650	0.000	-0.17451052
-1.550	-0.650	0.000	-0.17548892
-1.450	-0.650	0.000	-0.17656614
-1.350	-0.650	0.000	-0.17766660
-1.250	-0.650	0.000	-0.17843786
-1.150	-0.650	0.000	-0.17897528
-1.050	-0.650	0.000	-0.17930926
-0.950	-0.650	0.000	-0.17958339
-0.850	-0.650	0.000	-0.18004473
-0.750	-0.650	0.000	-0.18068849
-0.650	-0.650	0.000	-0.18187079
-0.550	-0.650	0.000	-0.18357094
-0.450	-0.650	0.000	-0.18501930
-0.350	-0.650	0.000	-0.18562241
-0.250	-0.650	0.000	-0.18574655
-0.150	-0.650	0.000	-0.18506020
-0.050	-0.650	0.000	-0.18272693
0.050	-0.650	0.000	-0.17926636
0.150	-0.650	0.000	-0.17534685
0.250	-0.650	0.000	-0.17157649
0.350	-0.650	0.000	-0.16841820
0.450	-0.650	0.000	-0.16608380
0.550	-0.650	0.000	-0.16443211
0.650	-0.650	0.000	-0.16326317
0.750	-0.650	0.000	-0.16230884
0.850	-0.650	0.000	-0.16137397
0.950	-0.650	0.000	-0.16035268
1.050	-0.650	0.000	-0.15914237
1.150	-0.650	0.000	-0.15777734
1.250	-0.650	0.000	-0.15635531
1.350	-0.650	0.000	-0.15497968
1.450	-0.650	0.000	-0.15377571
1.550	-0.650	0.000	-0.15281996
1.650	-0.650	0.000	-0.15213639
1.750	-0.650	0.000	-0.15167291
1.850	-0.650	0.000	-0.15131393
1.950	-0.650	0.000	-0.15092570
2.050	-0.650	0.000	-0.15039779
2.150	-0.650	0.000	-0.14971529
2.250	-0.650	0.000	-0.14885049
2.350	-0.650	0.000	-0.14798233
2.450	-0.650	0.000	-0.14646855
-2.450	-0.550	0.000	-0.17440364
-2.350	-0.550	0.000	-0.17439468
-2.250	-0.550	0.000	-0.17420048
-2.150	-0.550	0.000	-0.17388716
-2.050	-0.550	0.000	-0.17363283
-1.950	-0.550	0.000	-0.17368951
-1.850	-0.550	0.000	-0.17393459
-1.750	-0.550	0.000	-0.17429237
-1.650	-0.550	0.000	-0.17498016
-1.550	-0.550	0.000	-0.17590857
-1.450	-0.550	0.000	-0.17690428
-1.350	-0.550	0.000	-0.17794621
-1.250	-0.550	0.000	-0.17870022
-1.150	-0.550	0.000	-0.17927830
-1.050	-0.550	0.000	-0.17971753
-0.950	-0.550	0.000	-0.18004923
-0.850	-0.550	0.000	-0.18052557
-0.750	-0.550	0.000	-0.18115225
-0.650	-0.550	0.000	-0.18222871
-0.550	-0.550	0.000	-0.18380252
-0.450	-0.550	0.000	-0.18518908
-0.350	-0.550	0.000	-0.18578064
-0.250	-0.550	0.000	-0.18591881
-0.150	-0.550	0.000	-0.18531625
-0.050	-0.550	0.000	-0.18322980
0.050	-0.550	0.000	-0.18006171
0.150	-0.550	0.000	-0.17647985
0.250	-0.550	0.000	-0.17297766
0.350	-0.550	0.000	-0.16991821
0.450	-0.550	0.000	-0.16748185
0.550	-0.550	0.000	-0.16559777
0.650	-0.550	0.000	-0.16415213
0.750	-0.550	0.000	-0.16296151
0.850	-0.550	0.000	-0.16188838
0.950	-0.550	0.000	-0.16081674
1.050	-0.550	0.000	-0.15960224
1.150	-0.550	0.000	-0.15827635
1.250	-0.550	0.000	-0.15688984
1.350	-0.550	0.000	-0.15552501
1.450	-0.550	0.000	-0.15429725
1.550	-0.550	0.000	-0.15330665
1.650	-0.550	0.000	-0.15259506
1.750	-0.550	0.000	-0.15212654
1.850	-0.550	0.000	-0.15178797
1.950	-0.550	0.000	-0.15143725
2.050	-0.550	0.000	-0.15094987
2.150	-0.550	0.000	-0.15026878
2.250	-0.550	0.000	-0.14939925
2.350	-0.550	0.000	-0.14850746
2.450	-0.550	0.000	-0.14694420
-2.450	-0.450	0.000	-0.17450070
-2.350	-0.450	0.000	-0.17448188
-2.250	-0.450	0.000	-0.17426866
-2.150	-0.450	0.000	-0.17397158
-2.050	-0.450	0.000	-0.17374469
-1.950	-0.450	0.000	-0.17392701
-1.850	-0.450	0.000	-0.17421493
-1.750	-0.450	0.000	-0.17464823
-1.650	-0.450	0.000	-0.17537449
-1.550	-0.450	0.000	-0.17629237
-1.450	-0.450	0.000	-0.17721932
-1.350	-0.450	0.000	-0.17817952
-1.250	-0.450	0.000	-0.17890625
-1.150	-0.450	0.000	-0.17950922
-1.050	-0.450	0.000	-0.18001975
-0.950	-0.450	0.000	-0.18040967
-0.850	-0.450	0.000	-0.18088327
-0.750	-0.450	0.000	-0.18148530
-0.650	-0.450	0.000	-0.18247125
-0.550	-0.450	0.000	-0.18391949
-0.450	-0.450	0.000	-0.18519926
-0.350	-0.450	0.000	-0.18576221
-0.250	-0.450	0.000	-0.18590148
-0.150	-0.450	0.000	-0.18530181
-0.050	-0.450	0.000	-0.18336022
0.050	-0.450	0.000	-0.18046291
0.150	-0.450	0.000	-0.17721435
0.250	-0.450	0.000	-0.17399189
0.350	-0.450	0.000	-0.17108230
0.450	-0.450	0.000	-0.16862994
0.550	-0.450	0.000	-0.16661698
0.650	-0.450	0.000	-0.16498812
0.750	-0.450	0.000	-0.16364263
0.850	-0.450	0.000	-0.16248751
0.950	-0.450	0.000	-0.16137464
1.050	-0.450	0.000	-0.16017303
1.150	-0.450	0.000	-0.15888081
1.250	-0.450	0.000	-0.15751037
1.350	-0.450	0.000	-0.15614091
1.450	-0.450	0.000	-0.15489537
1.550	-0.450	0.000	-0.15387279
1.650	-0.450	0.000	-0.15312026
1.750	-0.450	0.000	-0.15262407
1.850	-0.450	0.000	-0.15229051
1.950	-0.450	0.000	-0.15195520
2.050	-0.450	0.000	-0.15152857
2.150	-0.450	0.000	-0.15091559
2.250	-0.450	0.000	-0.15005046
2.350	-0.450	0.000	-0.14917721
2.450	-0.450	0.000	-0.14754549
-2.450	-0.350	0.000	-0.17445640
-2.350	-0.350	0.000	-0.17442873
-2.250	-0.350	0.000	-0.17418793
-2.150	-0.350	0.000	-0.17387518
-2.050	-0.350	0.000	-0.17365091
-1.950	-0.350	0.000	-0.17391109
-1.850	-0.350	0.000	-0.17423896
-1.750	-0.350	0.000	-0.17474669
-1.650	-0.350	0.000	-0.17553240
-1.550	-0.350	0.000	-0.17648037
-1.450	-0.350	0.000	-0.17738791
-1.350	-0.350	0.000	-0.17828789
-1.250	-0.350	0.000	-0.17899652
-1.150	-0.350	0.000	-0.17959033
-1.050	-0.350	0.000	-0.18011943
-0.950	-0.350	0.000	-0.18052866
-0.850	-0.350	0.000	-0.18098235
-0.750	-0.350	0.000	-0.18153055
-0.650	-0.350	0.000	-0.18240121
-0.550	-0.350	0.000	-0.18374924
-0.450	-0.350	0.000	-0.18493277
-0.350	-0.350	0.000	-0.18539110
-0.250	-0.350	0.000	-0.18551870
-0.150	-0.350	0.000	-0.18489125
-0.050	-0.350	0.000	-0.18313463
0.050	-0.350	0.000	-0.18047002
0.150	-0.350	0.000	-0.17745666
0.250	-0.350	0.000	-0.17451358
0.350	-0.350	0.000	-0.17180704
0.450	-0.350	0.000	-0.16943336
0.550	-0.350	0.000	-0.16741037
0.650	-0.350	0.000	-0.16571608
0.750	-0.350	0.000	-0.16431126
0.850	-0.350	0.000	-0.16312820
0.950	-0.350	0.000	-0.16200799
1.050	-0.350	0.000	-0.16082716
1.150	-0.350	0.000	-0.15955979
1.250	-0.350	0.000	-0.15819626
1.350	-0.350	0.000	-0.15680814
1.450	-0.350	0.000	-0.15553005
1.550	-0.350	0.000	-0.15446045
1.650	-0.350	0.000	-0.15364915
1.750	-0.350	0.000	-0.15309151
1.850	-0.350	0.000	-0.15271650
1.950	-0.350	0.000	-0.15239990
2.050	-0.350	0.000	-0.15197243
2.150	-0.350	0.000	-0.15143597
2.250	-0.350	0.000	-0.15064366
2.350	-0.350	0.000	-0.14984332
2.450	-0.350	0.000	-0.14816742
-2.450	-0.250	0.000	-0.17407086
-2.350	-0.250	0.000	-0.17405136
-2.250	-0.250	0.000	-0.17379540
-2.150	-0.250	0.000	-0.17345457
-2.050	-0.250	0.000	-0.17320137
-1.950	-0.250	0.000	-0.17353508
-1.850	-0.250	0.000	-0.17389159
-1.750	-0.250	0.000	-0.17448179
-1.650	-0.250	0.000	-0.17536695
-1.550	-0.250	0.000	-0.17637287
-1.450	-0.250	0.000	-0.17729025
-1.350	-0.250	0.000	-0.17816192
-1.250	-0.250	0.000	-0.17887922
-1.150	-0.250	0.000	-0.17944312
-1.050	-0.250	0.000	-0.17996025
-0.950	-0.250	0.000	-0.18036008
-0.850	-0.250	0.000	-0.18078966
-0.750	-0.250	0.000	-0.18127716
-0.650	-0.250	0.000	-0.18203226
-0.550	-0.250	0.000	-0.18324636
-0.450	-0.250	0.000	-0.18430270
-0.350	-0.250	0.000	-0.18471663
-0.250	-0.250	0.000	-0.18481499
-0.150	-0.250	0.000	-0.18411335
-0.050	-0.250	0.000	-0.18241507
0.050	-0.250	0.000	-0.18002485
0.150	-0.250	0.000	-0.17729993
0.250	-0.250	0.000	-0.17461799
0.350	-0.250	0.000	-0.17214137
0.450	-0.250	0.000	-0.16991241
0.550	-0.250	0.000	-0.16796617
0.650	-0.250	0.000	-0.16630431
0.750	-0.250	0.000	-0.16491418
0.850	-0.250	0.000	-0.16373372
0.950	-0.250	0.000	-0.16264233
1.050	-0.250	0.000	-0.16149378
1.150	-0.250	0.000	-0.16023754
1.250	-0.250	0.000	-0.15885885
1.350	-0.250	0.000	-0.15744241
1.450	-0.250	0.000	-0.15611486
1.550	-0.250	0.000	-0.15496361
1.650	-0.250	0.000	-0.15406840
1.750	-0.250	0.000	-0.15341423
1.850	-0.250	0.000	-0.15297788
1.950	-0.250	0.000	-0.15263417
2.050	-0.250	0.000	-0.15221080
2.150	-0.250	0.000	-0.15173402
2.250	-0.250	0.000	-0.15103903
2.350	-0.250	0.000	-0.15033053
2.450	-0.250	0.000	-0.14862913
-2.450	-0.150	0.000	-0.17362133
-2.350	-0.150	0.000	-0.17362192
-2.250	-0.150	0.000	-0.17337066
-2.150	-0.150	0.000	-0.17300200
-2.050	-0.150	0.000	-0.17272693
-1.950	-0.150	0.000	-0.17306937
-1.850	-0.150	0.000	-0.17343853
-1.750	-0.150	0.000	-0.17406817
-1.650	-0.150	0.000	-0.17501615
-1.550	-0.150	0.000	-0.17606208
-1.450	-0.150	0.000	-0.17699650
-1.350	-0.150	0.000	-0.17782532
-1.250	-0.150	0.000	-0.17855932
-1.150	-0.150	0.000	-0.17911990
-1.050	-0.150	0.000	-0.17959556
-0.950	-0.150	0.000	-0.17996496
-0.850	-0.150	0.000	-0.18034352
-0.750	-0.150	0.000	-0.18075293
-0.650	-0.150	0.000	-0.18137838
-0.550	-0.150	0.000	-0.18253055
-0.450	-0.150	0.000	-0.18346757
-0.350	-0.150	0.000	-0.18383369
-0.250	-0.150	0.000	-0.18387926
-0.150	-0.150	0.000	-0.18314970
-0.050	-0.150	0.000	-0.18161866
0.050	-0.150	0.000	-0.17936151
0.150	-0.150	0.000	-0.17686588
0.250	-0.150	0.000	-0.17446665
0.350	-0.150	0.000	-0.17222042
0.450	-0.150	0.000	-0.17016289
0.550	-0.150	0.000	-0.16831505
0.650	-0.150	0.000	-0.16671140
0.750	-0.150	0.000	-0.16535449
0.850	-0.150	0.000	-0.16417608
0.950	-0.150	0.000	-0.16310674
1.050	-0.150	0.000	-0.16200498
1.150	-0.150	0.000	-0.16074578
1.250	-0.150	0.000	-0.15936945
1.350	-0.150	0.000	-0.15794222
1.450	-0.150	0.000	-0.15657738
1.550	-0.150	0.000	-0.15535375
1.650	-0.150	0.000	-0.15437566
1.750	-0.150	0.000	-0.15363128
1.850	-0.150	0.000	-0.15310790
1.950	-0.150	0.000	-0.15269682
2.050	-0.150	0.000	-0.15227829
2.150	-0.150	0.000	-0.15182602
2.250	-0.150	0.000	-0.15115936
2.350	-0.150	0.000	-0.15053190
2.450	-0.150	0.000	-0.14882527
-2.450	-0.050	0.000	-0.17312445
-2.350	-0.050	0.000	-0.17312956
-2.250	-0.050	0.000	-0.17285903
-2.150	-0.050	0.000	-0.17246599
-2.050	-0.050	0.000	-0.17214978
-1.950	-0.050	0.000	-0.17247361
-1.850	-0.050	0.000	-0.17286497
-1.750	-0.050	0.000	-0.17354184
-1.650	-0.050	0.000	-0.17457260
-1.550	-0.050	0.000	-0.17569631
-1.450	-0.050	0.000	-0.17668806
-1.350	-0.050	0.000	-0.17754969
-1.250	-0.050	0.000	-0.17831779
-1.150	-0.050	0.000	-0.17883989
-1.050	-0.050	0.000	-0.17924306
-0.950	-0.050	0.000	-0.17954719
-0.850	-0.050	0.000	-0.17985110
-0.750	-0.050	0.000	-0.18022342
-0.650	-0.050	0.000	-0.18077955
-0.550	-0.050	0.000	-0.18188940
-0.450	-0.050	0.000	-0.18276128
-0.350	-0.050	0.000	-0.18309021
-0.250	-0.050	0.000	-0.18306565
-0.150	-0.050	0.000	-0.18230535
-0.050	-0.050	0.000	-0.18081783
0.050	-0.050	0.000	-0.17875908
0.150	-0.050	0.000	-0.17648177
0.250	-0.050	0.000	-0.17431872
0.350	-0.050	0.000	-0.17224593
0.450	-0.050	0.000	-0.17034325
0.550	-0.050	0.000	-0.16854575
0.650	-0.050	0.000	-0.16693631
0.750	-0.050	0.000	-0.16555567
0.850	-0.050	0.000	-0.16433945
0.950	-0.050	0.000	-0.16322295
1.050	-0.050	0.000	-0.16213326
1.150	-0.050	0.000	-0.16093396
1.250	-0.050	0.000	-0.15961343
1.350	-0.050	0.000	-0.15821847
1.450	-0.050	0.000	-0.15686330
1.550	-0.050	0.000	-0.15561293
1.650	-0.050	0.000	-0.15456736
1.750	-0.050	0.000	-0.15377520
1.850	-0.050	0.000	-0.15313855
1.950	-0.050	0.000	-0.15261854
2.050	-0.050	0.000	-0.15217513
2.150	-0.050	0.000	-0.15167129
2.250	-0.050	0.000	-0.15096730
2.350	-0.050	0.000	-0.15041055
2.450	-0.050	0.000	-0.14866334
-2.450	0.050	0.000	-0.17262836
-2.350	0.050	0.000	-0.17263582
-2.250	0.050	0.000	-0.17238234
-2.150	0.050	0.000	-0.17201030
-2.050	0.050	0.000	-0.17167267
-1.950	0.050	0.000	-0.17196766
-1.850	0.050	0.000	-0.17238553
-1.750	0.050	0.000	-0.17311724
-1.650	0.050	0.000	-0.17420061
-1.550	0.050	0.000	-0.17536938
-1.450	0.050	0.000	-0.17640695
-1.350	0.050	0.000	-0.17729907
-1.250	0.050	0.000	-0.17814709
-1.150	0.050	0.000	-0.17868353
-1.050	0.050	0.000	-0.17901506
-0.950	0.050	0.000	-0.17923792
-0.850	0.050	0.000	-0.17945595
-0.750	0.050	0.000	-0.17980303
-0.650	0.050	0.000	-0.18036713
-0.550	0.050	0.000	-0.18149570
-0.450	0.050	0.000	-0.18238157
-0.350	0.050	0.000	-0.18267322
-0.250	0.050	0.000	-0.18260595
-0.150	0.050	0.000	-0.18184900
-0.050	0.050	0.000	-0.18037154
0.050	0.050	0.000	-0.17839937
0.150	0.050	0.000	-0.17635442
0.250	0.050	0.000	-0.17432925
0.350	0.050	0.000	-0.17237595
0.450	0.050	0.000	-0.17052896
0.550	0.050	0.000	-0.16869110
0.650	0.050	0.000	-0.16697364
0.750	0.050	0.000	-0.16546826
0.850	0.050	0.000	-0.16415633
0.950	0.050	0.000	-0.16300851
1.050	0.050	0.000	-0.16195813
1.150	0.050	0.000	-0.16085380
1.250	0.050	0.000	-0.15961277
1.350	0.050	0.000	-0.15831462
1.450	0.050	0.000	-0.15701616
1.550	0.050	0.000	-0.15577747
1.650	0.050	0.000	-0.15469842
1.750	0.050	0.000	-0.15383241
1.850	0.050	0.000	-0.15307884
1.950	0.050	0.000	-0.15243271
2.050	0.050	0.000	-0.15196620
2.150	0.050	0.000	-0.15140989
2.250	0.050	0.000	-0.15063718
2.350	0.050	0.000	-0.14999466
2.450	0.050	0.000	-0.14824082
-2.450	0.150	0.000	-0.17230396
-2.350	0.150	0.000	-0.17230257
-2.250	0.150	0.000	-0.17205895
-2.150	0.150	0.000	-0.17170167
-2.050	0.150	0.000	-0.17135686
-1.950	0.150	0.000	-0.17163034
-1.850	0.150	0.000	-0.17208432
-1.750	0.150	0.000	-0.17287970
-1.650	0.150	0.000	-0.17402545
-1.550	0.150	0.000	-0.17525691
-1.450	0.150	0.000	-0.17636912
-1.350	0.150	0.000	-0.17731737
-1.250	0.150	0.000	-0.17825484
-1.150	0.150	0.000	-0.17867756
-1.050	0.150	0.000	-0.17895131
-0.950	0.150	0.000	-0.17904750
-0.850	0.150	0.000	-0.17916280
-0.750	0.150	0.000	-0.17952402
-0.650	0.150	0.000	-0.18015318
-0.550	0.150	0.000	-0.18133773
-0.450	0.150	0.000	-0.18231349
-0.350	0.150	0.000	-0.18259913
-0.250	0.150	0.000	-0.18251550
-0.150	0.150	0.000	-0.18180171
-0.050	0.150	0.000	-0.18037699
0.050	0.150	0.000	-0.17849645
0.150	0.150	0.000	-0.17645636
0.250	0.150	0.000	-0.17448772
0.350	0.150	0.000	-0.17260347
0.450	0.150	0.000	-0.17069913
0.550	0.150	0.000	-0.16874741
0.650	0.150	0.000	-0.16685337
0.750	0.150	0.000	-0.16516601
0.850	0.150	0.000	-0.16370679
0.950	0.150	0.000	-0.16249622
1.050	0.150	0.000	-0.16151901
1.150	0.150	0.000	-0.16055080
1.250	0.150	0.000	-0.15942737
1.350	0.150	0.000	-0.15827774
1.450	0.150	0.000	-0.15707129
1.550	0.150	0.000	-0.15585837
1.650	0.150	0.000	-0.15473944
1.750	0.150	0.000	-0.15377635
1.850	0.150	0.000	-0.15298216
1.950	0.150	0.000	-0.15224586
2.050	0.150	0.000	-0.15161161
2.150	0.150	0.000	-0.15100619
2.250	0.150	0.000	-0.15016684
2.350	0.150	0.000	-0.14940217
2.450	0.150	0.000	-0.14769018
-2.450	0.250	0.000	-0.17221002
-2.350	0.250	0.000	-0.17219174
-2.250	0.250	0.000	-0.17195356
-2.150	0.250	0.000	-0.17161599
-2.050	0.250	0.000	-0.17129713
-1.950	0.250	0.000	-0.17159210
-1.850	0.250	0.000	-0.17210037
-1.750	0.250	0.000	-0.17299344
-1.650	0.250	0.000	-0.17417735
-1.550	0.250	0.000	-0.17543614
-1.450	0.250	0.000	-0.17656159
-1.350	0.250	0.000	-0.17751022
-1.250	0.250	0.000	-0.17843924
-1.150	0.250	0.000	-0.17878887
-1.050	0.250	0.000	-0.17898579
-0.950	0.250	0.000	-0.17897585
-0.850	0.250	0.000	-0.17895469
-0.750	0.250	0.000	-0.17931566
-0.650	0.250	0.000	-0.18000636
-0.550	0.250	0.000	-0.18125130
-0.450	0.250	0.000	-0.18242708
-0.350	0.250	0.000	-0.18278219
-0.250	0.250	0.000	-0.18274023
-0.150	0.250	0.000	-0.18205380
-0.050	0.250	0.000	-0.18059325
0.050	0.250	0.000	-0.17868771
0.150	0.250	0.000	-0.17667410
0.250	0.250	0.000	-0.17470567
0.350	0.250	0.000	-0.17276300
0.450	0.250	0.000	-0.17077003
0.550	0.250	0.000	-0.16868657
0.650	0.250	0.000	-0.16664480
0.750	0.250	0.000	-0.16470297
0.850	0.250	0.000	-0.16306898
0.950	0.250	0.000	-0.16183986
1.050	0.250	0.000	-0.16086385
1.150	0.250	0.000	-0.15999107
1.250	0.250	0.000	-0.15907001
1.350	0.250	0.000	-0.15811931
1.450	0.250	0.000	-0.15705808
1.550	0.250	0.000	-0.15590888
1.650	0.250	0.000	-0.15477242
1.750	0.250	0.000	-0.15371688
1.850	0.250	0.000	-0.15278319
1.950	0.250	0.000	-0.15195918
2.050	0.250	0.000	-0.15121678
2.150	0.250	0.000	-0.15056752
2.250	0.250	0.000	-0.14968249
2.350	0.250	0.000	-0.14883496
2.450	0.250	0.000	-0.14711437
-2.450	0.350	0.000	-0.17222475
-2.350	0.350	0.000	-0.17219706
-2.250	0.350	0.000	-0.17192073
-2.150	0.350	0.000	-0.17157733
-2.050	0.350	0.000	-0.17128643
-1.950	0.350	0.000	-0.17160451
-1.850	0.350	0.000	-0.17218179
-1.750	0.350	0.000	-0.17314905
-1.650	0.350	0.000	-0.17435345
-1.550	0.350	0.000	-0.17563024
-1.450	0.350	0.000	-0.17679448
-1.350	0.350	0.000	-0.17778669
-1.250	0.350	0.000	-0.17873013
-1.150	0.350	0.000	-0.17903519
-1.050	0.350	0.000	-0.17910472
-0.950	0.350	0.000	-0.17894059
-0.850	0.350	0.000	-0.17874721
-0.750	0.350	0.000	-0.17906342
-0.650	0.350	0.000	-0.17978884
-0.550	0.350	0.000	-0.18108362
-0.450	0.350	0.000	-0.18240148
-0.350	0.350	0.000	-0.18286565
-0.250	0.350	0.000	-0.18285468
-0.150	0.350	0.000	-0.18223113
-0.050	0.350	0.000	-0.18078537
0.050	0.350	0.000	-0.17881884
0.150	0.350	0.000	-0.17673637
0.250	0.350	0.000	-0.17471783
0.350	0.350	0.000	-0.17269126
0.450	0.350	0.000	-0.17066130
0.550	0.350	0.000	-0.16850787
0.650	0.350	0.000	-0.16626693
0.750	0.350	0.000	-0.16418463
0.850	0.350	0.000	-0.16252555
0.950	0.350	0.000	-0.16124609
1.050	0.350	0.000	-0.16027023
1.150	0.350	0.000	-0.15949924
1.250	0.350	0.000	-0.15873905
1.350	0.350	0.000	-0.15793997
1.450	0.350	0.000	-0.15704297
1.550	0.350	0.000	-0.15603028
1.650	0.350	0.000	-0.15495850
1.750	0.350	0.000	-0.15390222
1.850	0.350	0.000	-0.15289499
1.950	0.350	0.000	-0.15191159
2.050	0.350	0.000	-0.15103480
2.150	0.350	0.000	-0.15025158
2.250	0.350	0.000	-0.14929485
2.350	0.350	0.000	-0.14844111
2.450	0.350	0.000	-0.14674193
-2.450	0.450	0.000	-0.17210975
-2.350	0.450	0.000	-0.17206810
-2.250	0.450	0.000	-0.17174339
-2.150	0.450	0.000	-0.17141090
-2.050	0.450	0.000	-0.17115088
-1.950	0.450	0.000	-0.17149134
-1.850	0.450	0.000	-0.17214450
-1.750	0.450	0.000	-0.17315674
-1.650	0.450	0.000	-0.17437674
-1.550	0.450	0.000	-0.17567441
-1.450	0.450	0.000	-0.17688204
-1.350	0.450	0.000	-0.17792441
-1.250	0.450	0.000	-0.17887707
-1.150	0.450	0.000	-0.17915533
-1.050	0.450	0.000	-0.17910901
-0.950	0.450	0.000	-0.17877114
-0.850	0.450	0.000	-0.17842543
-0.750	0.450	0.000	-0.17860544
-0.650	0.450	0.000	-0.17933984
-0.550	0.450	0.000	-0.18065308
-0.450	0.450	0.000	-0.18212590
-0.350	0.450	0.000	-0.18273951
-0.250	0.450	0.000	-0.18275934
-0.150	0.450	0.000	-0.18216538
-0.050	0.450	0.000	-0.18069129
0.050	0.450	0.000	-0.17865480
0.150	0.450	0.000	-0.17647681
0.250	0.450	0.000	-0.17436324
0.350	0.450	0.000	-0.17224830
0.450	0.450	0.000	-0.17011550
0.550	0.450	0.000	-0.16791861
0.650	0.450	0.000	-0.16566430
0.750	0.450	0.000	-0.16362926
0.850	0.450	0.000	-0.16195680
0.950	0.450	0.000	-0.16067129
1.050	0.450	0.000	-0.15973774
1.150	0.450	0.000	-0.15904877
1.250	0.450	0.000	-0.15849832
1.350	0.450	0.000	-0.15784717
1.450	0.450	0.000	-0.15712161
1.550	0.450	0.000	-0.15626732
1.650	0.450	0.000	-0.15528570
1.750	0.450	0.000	-0.15423942
1.850	0.450	0.000	-0.15319930
1.950	0.450	0.000	-0.15217999
2.050	0.450	0.000	-0.15117587
2.150	0.450	0.000	-0.15022309
2.250	0.450	0.000	-0.14915062
2.350	0.450	0.000	-0.14829166
2.450	0.450	0.000	-0.14657134
-2.450	0.550	0.000	-0.17168909
-2.350	0.550	0.000	-0.17164333
-2.250	0.550	0.000	-0.17128401
-2.150	0.550	0.000	-0.17091843
-2.050	0.550	0.000	-0.17063777
-1.950	0.550	0.000	-0.17097434
-1.850	0.550	0.000	-0.17164816
-1.750	0.550	0.000	-0.17265882
-1.650	0.550	0.000	-0.17388240
-1.550	0.550	0.000	-0.17520943
-1.450	0.550	0.000	-0.17648691
-1.350	0.550	0.000	-0.17761995
-1.250	0.550	0.000	-0.17862582
-1.150	0.550	0.000	-0.17891960
-1.050	0.550	0.000	-0.17881604
-0.950	0.550	0.000	-0.17836656
-0.850	0.550	0.000	-0.17786449
-0.750	0.550	0.000	-0.17793256
-0.650	0.550	0.000	-0.17865929
-0.550	0.550	0.000	-0.17998414
-0.450	0.550	0.000	-0.18157372
-0.350	0.550	0.000	-0.18233475
-0.250	0.550	0.000	-0.18239869
-0.150	0.550	0.000	-0.18183625
-0.050	0.550	0.000	-0.18032411
0.050	0.550	0.000	-0.17818938
0.150	0.550	0.000	-0.17585079
0.250	0.550	0.000	-0.17356139
0.350	0.550	0.000	-0.17142177
0.450	0.550	0.000	-0.16924086
0.550	0.550	0.000	-0.16708508
0.650	0.550	0.000	-0.16494556
0.750	0.550	0.000	-0.16293615
0.850	0.550	0.000	-0.16128390
0.950	0.550	0.000	-0.16007710
1.050	0.550	0.000	-0.15925059
1.150	0.550	0.000	-0.15868613
1.250	0.550	0.000	-0.15834537
1.350	0.550	0.000	-0.15786788
1.450	0.550	0.000	-0.15730724
1.550	0.550	0.000	-0.15667292
1.650	0.550	0.000	-0.15586595
1.750	0.550	0.000	-0.15489493
1.850	0.550	0.000	-0.15379018
1.950	0.550	0.000	-0.15263762
2.050	0.550	0.000	-0.15144317
2.150	0.550	0.000	-0.15029429
2.250	0.550	0.000	-0.14914460
2.350	0.550	0.000	-0.14828981
2.450	0.550	0.000	-0.14653699
-2.450	0.650	0.000	-0.17097089
-2.350	0.650	0.000	-0.17090987
-2.250	0.650	0.000	-0.17053401
-2.150	0.650	0.000	-0.17011531
-2.050	0.650	0.000	-0.16983017
-1.950	0.650	0.000	-0.17012250
-1.850	0.650	0.000	-0.17076620
-1.750	0.650	0.000	-0.17172530
-1.650	0.650	0.000	-0.17288361
-1.550	0.650	0.000	-0.17417109
-1.450	0.650	0.000	-0.17548570
-1.350	0.650	0.000	-0.17672884
-1.250	0.650	0.000	-0.17778744
-1.150	0.650	0.000	-0.17812470
-1.050	0.650	0.000	-0.17801344
-0.950	0.650	0.000	-0.17752774
-0.850	0.650	0.000	-0.17698385
-0.750	0.650	0.000	-0.17698063
-0.650	0.650	0.000	-0.17766990
-0.550	0.650	0.000	-0.17896898
-0.450	0.650	0.000	-0.18063731
-0.350	0.650	0.000	-0.18148096
-0.250	0.650	0.000	-0.18162815
-0.150	0.650	0.000	-0.18117177
-0.050	0.650	0.000	-0.17970106
0.050	0.650	0.000	-0.17754339
0.150	0.650	0.000	-0.17511739
0.250	0.650	0.000	-0.17274196
0.350	0.650	0.000	-0.17056833
0.450	0.650	0.000	-0.16838418
0.550	0.650	0.000	-0.16613178
0.650	0.650	0.000	-0.16395636
0.750	0.650	0.000	-0.16202933
0.850	0.650	0.000	-0.16048968
0.950	0.650	0.000	-0.15941861
1.050	0.650	0.000	-0.15877426
1.150	0.650	0.000	-0.15839542
1.250	0.650	0.000	-0.15817894
1.350	0.650	0.000	-0.15796834
1.450	0.650	0.000	-0.15753031
1.550	0.650	0.000	-0.15707690
1.650	0.650	0.000	-0.15647352
1.750	0.650	0.000	-0.15563829
1.850	0.650	0.000	-0.15457447
1.950	0.650	0.000	-0.15336458
2.050	0.650	0.000	-0.15203351
2.150	0.650	0.000	-0.15064292
2.250	0.650	0.000	-0.14925782
2.350	0.650	0.000	-0.14826666
2.450	0.650	0.000	-0.14640078
-2.450	0.750	0.000	-0.16994494
-2.350	0.750	0.000	-0.16988048
-2.250	0.750	0.000	-0.16951165
-2.150	0.750	0.000	-0.16909078
-2.050	0.750	0.000	-0.16880375
-1.950	0.750	0.000	-0.16900030
-1.850	0.750	0.000	-0.16949989
-1.750	0.750	0.000	-0.17030114
-1.650	0.750	0.000	-0.17134212
-1.550	0.750	0.000	-0.17255390
-1.450	0.750	0.000	-0.17388666
-1.350	0.750	0.000	-0.17522247
-1.250	0.750	0.000	-0.17637020
-1.150	0.750	0.000	-0.17681558
-1.050	0.750	0.000	-0.17683832
-0.950	0.750	0.000	-0.17637578
-0.850	0.750	0.000	-0.17582044
-0.750	0.750	0.000	-0.17579967
-0.650	0.750	0.000	-0.17644225
-0.550	0.750	0.000	-0.17770104
-0.450	0.750	0.000	-0.17940226
-0.350	0.750	0.000	-0.18029323
-0.250	0.750	0.000	-0.18053067
-0.150	0.750	0.000	-0.18019946
-0.050	0.750	0.000	-0.17880820
0.050	0.750	0.000	-0.17667922
0.150	0.750	0.000	-0.17421418
0.250	0.750	0.000	-0.17175998
0.350	0.750	0.000	-0.16951586
0.450	0.750	0.000	-0.16732079
0.550	0.750	0.000	-0.16506347
0.650	0.750	0.000	-0.16290922
0.750	0.750	0.000	-0.16104685
0.850	0.750	0.000	-0.15961359
0.950	0.750	0.000	-0.15868807
1.050	0.750	0.000	-0.15824556
1.150	0.750	0.000	-0.15809451
1.250	0.750	0.000	-0.15799238
1.350	0.750	0.000	-0.15791051
1.450	0.750	0.000	-0.15766293
1.550	0.750	0.000	-0.15729564
1.650	0.750	0.000	-0.15685211
1.750	0.750	0.000	-0.15615489
1.850	0.750	0.000	-0.15513963
1.950	0.750	0.000	-0.15388916
2.050	0.750	0.000	-0.15246575
2.150	0.750	0.000	-0.15089314
2.250	0.750	0.000	-0.14933376
2.350	0.750	0.000	-0.14818421
2.450	0.750	0.000	-0.14613904
-2.450	0.850	0.000	-0.16876693
-2.350	0.850	0.000	-0.16868396
-2.250	0.850	0.000	-0.16836531
-2.150	0.850	0.000	-0.16798349
-2.050	0.850	0.000	-0.16771501
-1.950	0.850	0.000	-0.16779169
-1.850	0.850	0.000	-0.16808622
-1.750	0.850	0.000	-0.16867225
-1.650	0.850	0.000	-0.16951749
-1.550	0.850	0.000	-0.17058820
-1.450	0.850	0.000	-0.17189667
-1.350	0.850	0.000	-0.17328516
-1.250	0.850	0.000	-0.17448789
-1.150	0.850	0.000	-0.17506184
-1.050	0.850	0.000	-0.17527212
-0.950	0.850	0.000	-0.17492053
-0.850	0.850	0.000	-0.17446887
-0.750	0.850	0.000	-0.17453796
-0.650	0.850	0.000	-0.17514724
-0.550	0.850	0.000	-0.17630892
-0.450	0.850	0.000	-0.17796740
-0.350	0.850	0.000	-0.17887527
-0.250	0.850	0.000	-0.17917848
-0.150	0.850	0.000	-0.17898424
-0.050	0.850	0.000	-0.17776461
0.050	0.850	0.000	-0.17576215
0.150	0.850	0.000	-0.17336386
0.250	0.850	0.000	-0.17094211
0.350	0.850	0.000	-0.16867259
0.450	0.850	0.000	-0.16651493
0.550	0.850	0.000	-0.16429335
0.650	0.850	0.000	-0.16207837
0.750	0.850	0.000	-0.16017088
0.850	0.850	0.000	-0.15874059
0.950	0.850	0.000	-0.15786569
1.050	0.850	0.000	-0.15753852
1.150	0.850	0.000	-0.15757686
1.250	0.850	0.000	-0.15764077
1.350	0.850	0.000	-0.15763184
1.450	0.850	0.000	-0.15753467
1.550	0.850	0.000	-0.15724166
1.650	0.850	0.000	-0.15689707
1.750	0.850	0.000	-0.15630755
1.850	0.850	0.000	-0.15536392
1.950	0.850	0.000	-0.15411301
2.050	0.850	0.000	-0.15259945
2.150	0.850	0.000	-0.15088964
2.250	0.850	0.000	-0.14918919
2.350	0.850	0.000	-0.14787370
2.450	0.850	0.000	-0.14556196
-2.450	0.950	0.000	-0.16762942
-2.350	0.950	0.000	-0.16756099
-2.250	0.950	0.000	-0.16736601
-2.150	0.950	0.000	-0.16707300
-2.050	0.950	0.000	-0.16682872
-1.950	0.950	0.000	-0.16680779
-1.850	0.950	0.000	-0.16692494
-1.750	0.950	0.000	-0.16730960
-1.650	0.950	0.000	-0.16793826
-1.550	0.950	0.000	-0.16883133
-1.450	0.950	0.000	-0.17002785
-1.350	0.950	0.000	-0.17134444
-1.250	0.950	0.000	-0.17246872
-1.150	0.950	0.000	-0.17312051
-1.050	0.950	0.000	-0.17347468
-0.950	0.950	0.000	-0.17320447
-0.850	0.950	0.000	-0.17289838
-0.750	0.950	0.000	-0.17316227
-0.650	0.950	0.000	-0.17380217
-0.550	0.950	0.000	-0.17492703
-0.450	0.950	0.000	-0.17655417
-0.350	0.950	0.000	-0.17747976
-0.250	0.950	0.000	-0.17778356
-0.150	0.950	0.000	-0.17766471
-0.050	0.950	0.000	-0.17659456
0.050	0.950	0.000	-0.17471159
0.150	0.950	0.000	-0.17239802
0.250	0.950	0.000	-0.17005171
0.350	0.950	0.000	-0.16780847
0.450	0.950	0.000	-0.16565900
0.550	0.950	0.000	-0.16351002
0.650	0.950	0.000	-0.16135585
0.750	0.950	0.000	-0.15945321
0.850	0.950	0.000	-0.15801369
0.950	0.950	0.000	-0.15709424
1.050	0.950	0.000	-0.15685600
1.150	0.950	0.000	-0.15693007
1.250	0.950	0.000	-0.15698251
1.350	0.950	0.000	-0.15700999
1.450	0.950	0.000	-0.15701288
1.550	0.950	0.000	-0.15692425
1.650	0.950	0.000	-0.15664108
1.750	0.950	0.000	-0.15608950
1.850	0.950	0.000	-0.15517490
1.950	0.950	0.000	-0.15391488
2.050	0.950	0.000	-0.15230262
2.150	0.950	0.000	-0.15054175
2.250	0.950	0.000	-0.14872119
2.350	0.950	0.000	-0.14718260
2.450	0.950	0.000	-0.14479555
-2.450	1.050	0.000	-0.16693948
-2.350	1.050	0.000	-0.16685240
-2.250	1.050	0.000	-0.16676781
-2.150	1.050	0.000	-0.16657466
-2.050	1.050	0.000	-0.16636115
-1.950	1.050	0.000	-0.16623679
-1.850	1.050	0.000	-0.16625717
-1.750	1.050	0.000	-0.16646041
-1.650	1.050	0.000	-0.16689466
-1.550	1.050	0.000	-0.16764185
-1.450	1.050	0.000	-0.16872750
-1.350	1.050	0.000	-0.16994084
-1.250	1.050	0.000	-0.17095704
-1.150	1.050	0.000	-0.17163472
-1.050	1.050	0.000	-0.17203927
-0.950	1.050	0.000	-0.17173116
-0.850	1.050	0.000	-0.17148390
-0.750	1.050	0.000	-0.17188011
-0.650	1.050	0.000	-0.17255141
-0.550	1.050	0.000	-0.17371053
-0.450	1.050	0.000	-0.17540041
-0.350	1.050	0.000	-0.17645849
-0.250	1.050	0.000	-0.17677122
-0.150	1.050	0.000	-0.17667516
-0.050	1.050	0.000	-0.17568193
0.050	1.050	0.000	-0.17385484
0.150	1.050	0.000	-0.17160554
0.250	1.050	0.000	-0.16933557
0.350	1.050	0.000	-0.16713575
0.450	1.050	0.000	-0.16497955
0.550	1.050	0.000	-0.16283505
0.650	1.050	0.000	-0.16072543
0.750	1.050	0.000	-0.15885292
0.850	1.050	0.000	-0.15741928
0.950	1.050	0.000	-0.15648134
1.050	1.050	0.000	-0.15620753
1.150	1.050	0.000	-0.15627131
1.250	1.050	0.000	-0.15635620
1.350	1.050	0.000	-0.15639408
1.450	1.050	0.000	-0.15637217
1.550	1.050	0.000	-0.15627617
1.650	1.050	0.000	-0.15601623
1.750	1.050	0.000	-0.15549682
1.850	1.050	0.000	-0.15458791
1.950	1.050	0.000	-0.15328793
2.050	1.050	0.000	-0.15162769
2.150	1.050	0.000	-0.14989272
2.250	1.050	0.000	-0.14808978
2.350	1.050	0.000	-0.14652435
2.450	1.050	0.000	-0.14411810
-2.450	1.150	0.000	-0.16673595
-2.350	1.150	0.000	-0.16665149
-2.250	1.150	0.000	-0.16673228
-2.150	1.150	0.000	-0.16660275
-2.050	1.150	0.000	-0.16639754
-1.950	1.150	0.000	-0.16617699
-1.850	1.150	0.000	-0.16609141
-1.750	1.150	0.000	-0.16617128
-1.650	1.150	0.000	-0.16644356
-1.550	1.150	0.000	-0.16708070
-1.450	1.150	0.000	-0.16803403
-1.350	1.150	0.000	-0.16906439
-1.250	1.150	0.000	-0.16988450
-1.150	1.150	0.000	-0.17048675
-1.050	1.150	0.000	-0.17081687
-0.950	1.150	0.000	-0.17040554
-0.850	1.150	0.000	-0.17026429
-0.750	1.150	0.000	-0.17088717
-0.650	1.150	0.000	-0.17164004
-0.550	1.150	0.000	-0.17292130
-0.450	1.150	0.000	-0.17473689
-0.350	1.150	0.000	-0.17591141
-0.250	1.150	0.000	-0.17617451
-0.150	1.150	0.000	-0.17605637
-0.050	1.150	0.000	-0.17508166
0.050	1.150	0.000	-0.17327470
0.150	1.150	0.000	-0.17108862
0.250	1.150	0.000	-0.16891691
0.350	1.150	0.000	-0.16678055
0.450	1.150	0.000	-0.16465911
0.550	1.150	0.000	-0.16252276
0.650	1.150	0.000	-0.16041030
0.750	1.150	0.000	-0.15850399
0.850	1.150	0.000	-0.15698968
0.950	1.150	0.000	-0.15596874
1.050	1.150	0.000	-0.15560479
1.150	1.150	0.000	-0.15566686
1.250	1.150	0.000	-0.15575607
1.350	1.150	0.000	-0.15580750
1.450	1.150	0.000	-0.15582362
1.550	1.150	0.000	-0.15572923
1.650	1.150	0.000	-0.15545158
1.750	1.150	0.000	-0.15496102
1.850	1.150	0.000	-0.15411602
1.950	1.150	0.000	-0.15286939
2.050	1.150	0.000	-0.15125564
2.150	1.150	0.000	-0.14952663
2.250	1.150	0.000	-0.14766422
2.350	1.150	0.000	-0.14604767
2.450	1.150	0.000	-0.14368373
-2.450	1.250	0.000	-0.16703552
-2.350	1.250	0.000	-0.16708712
-2.250	1.250	0.000	-0.16734567
-2.150	1.250	0.000	-0.16727933
-2.050	1.250	0.000	-0.16702636
-1.950	1.250	0.000	-0.16668908
-1.850	1.250	0.000	-0.16643859
-1.750	1.250	0.000	-0.16645278
-1.650	1.250	0.000	-0.16663963
-1.550	1.250	0.000	-0.16719937
-1.450	1.250	0.000	-0.16806120
-1.350	1.250	0.000	-0.16890948
-1.250	1.250	0.000	-0.16949193
-1.150	1.250	0.000	-0.16992927
-1.050	1.250	0.000	-0.17004456
-0.950	1.250	0.000	-0.16950238
-0.850	1.250	0.000	-0.16950682
-0.750	1.250	0.000	-0.17029749
-0.650	1.250	0.000	-0.17117369
-0.550	1.250	0.000	-0.17266075
-0.450	1.250	0.000	-0.17457251
-0.350	1.250	0.000	-0.17579822
-0.250	1.250	0.000	-0.17600185
-0.150	1.250	0.000	-0.17585406
-0.050	1.250	0.000	-0.17486918
0.050	1.250	0.000	-0.17305778
0.150	1.250	0.000	-0.17090486
0.250	1.250	0.000	-0.16878384
0.350	1.250	0.000	-0.16673042
0.450	1.250	0.000	-0.16462794
0.550	1.250	0.000	-0.16246110
0.650	1.250	0.000	-0.16029243
0.750	1.250	0.000	-0.15836030
0.850	1.250	0.000	-0.15682366
0.950	1.250	0.000	-0.15578617
1.050	1.250	0.000	-0.15537199
1.150	1.250	0.000	-0.15540370
1.250	1.250	0.000	-0.15546328
1.350	1.250	0.000	-0.15546137
1.450	1.250	0.000	-0.15544496
1.550	1.250	0.000	-0.15534386
1.650	1.250	0.000	-0.15509264
1.750	1.250	0.000	-0.15461560
1.850	1.250	0.000	-0.15379168
1.950	1.250	0.000	-0.15260407
2.050	1.250	0.000	-0.15106027
2.150	1.250	0.000	-0.14935912
2.250	1.250	0.000	-0.14753397
2.350	1.250	0.000	-0.14594901
2.450	1.250	0.000	-0.14360976
-2.450	1.350	0.000	-0.16771701
-2.350	1.350	0.000	-0.16788773
-2.250	1.350	0.000	-0.16829608
-2.150	1.350	0.000	-0.16833089
-2.050	1.350	0.000	-0.16811587
-1.950	1.350	0.000	-0.16771942
-1.850	1.350	0.000	-0.16739321
-1.750	1.350	0.000	-0.16730143
-1.650	1.350	0.000	-0.16743608
-1.550	1.350	0.000	-0.16791812
-1.450	1.350	0.000	-0.16867934
-1.350	1.350	0.000	-0.16928911
-1.250	1.350	0.000	-0.16964391
-1.150	1.350	0.000	-0.16994901
-1.050	1.350	0.000	-0.16984530
-0.950	1.350	0.000	-0.16927001
-0.850	1.350	0.000	-0.16934459
-0.750	1.350	0.000	-0.17018220
-0.650	1.350	0.000	-0.17117521
-0.550	1.350	0.000	-0.17280674
-0.450	1.350	0.000	-0.17484941
-0.350	1.350	0.000	-0.17613848
-0.250	1.350	0.000	-0.17627682
-0.150	1.350	0.000	-0.17607796
-0.050	1.350	0.000	-0.17504980
0.050	1.350	0.000	-0.17324503
0.150	1.350	0.000	-0.17112957
0.250	1.350	0.000	-0.16900392
0.350	1.350	0.000	-0.16689582
0.450	1.350	0.000	-0.16473514
0.550	1.350	0.000	-0.16248955
0.650	1.350	0.000	-0.16025166
0.750	1.350	0.000	-0.15829499
0.850	1.350	0.000	-0.15676865
0.950	1.350	0.000	-0.15579748
1.050	1.350	0.000	-0.15534973
1.150	1.350	0.000	-0.15535258
1.250	1.350	0.000	-0.15539838
1.350	1.350	0.000	-0.15538353
1.450	1.350	0.000	-0.15536328
1.550	1.350	0.000	-0.15526113
1.650	1.350	0.000	-0.15503304
1.750	1.350	0.000	-0.15455653
1.850	1.350	0.000	-0.15376647
1.950	1.350	0.000	-0.15264125
2.050	1.350	0.000	-0.15119821
2.150	1.350	0.000	-0.14956456
2.250	1.350	0.000	-0.14779067
2.350	1.350	0.000	-0.14626333
2.450	1.350	0.000	-0.14394256
-2.450	1.450	0.000	-0.16823374
-2.350	1.450	0.000	-0.16851360
-2.250	1.450	0.000	-0.16901834
-2.150	1.450	0.000	-0.16916162
-2.050	1.450	0.000	-0.16904445
-1.950	1.450	0.000	-0.16870973
-1.850	1.450	0.000	-0.16837493
-1.750	1.450	0.000	-0.16824959
-1.650	1.450	0.000	-0.16835557
-1.550	1.450	0.000	-0.16876653
-1.450	1.450	0.000	-0.16942438
-1.350	1.450	0.000	-0.16981477
-1.250	1.450	0.000	-0.17007658
-1.150	1.450	0.000	-0.17027164
-1.050	1.450	0.000	-0.17006880
-0.950	1.450	0.000	-0.16946600
-0.850	1.450	0.000	-0.16965391
-0.750	1.450	0.000	-0.17049521
-0.650	1.450	0.000	-0.17162140
-0.550	1.450	0.000	-0.17339832
-0.450	1.450	0.000	-0.17541955
-0.350	1.450	0.000	-0.17661658
-0.250	1.450	0.000	-0.17673752
-0.150	1.450	0.000	-0.17652112
-0.050	1.450	0.000	-0.17548193
0.050	1.450	0.000	-0.17365669
0.150	1.450	0.000	-0.17151335
0.250	1.450	0.000	-0.16937512
0.350	1.450	0.000	-0.16727336
0.450	1.450	0.000	-0.16507237
0.550	1.450	0.000	-0.16276708
0.650	1.450	0.000	-0.16047373
0.750	1.450	0.000	-0.15843558
0.850	1.450	0.000	-0.15683745
0.950	1.450	0.000	-0.15585034
1.050	1.450	0.000	-0.15540805
1.150	1.450	0.000	-0.15541668
1.250	1.450	0.000	-0.15547769
1.350	1.450	0.000	-0.15550910
1.450	1.450	0.000	-0.15553589
1.550	1.450	0.000	-0.15544459
1.650	1.450	0.000	-0.15520994
1.750	1.450	0.000	-0.15481102
1.850	1.450	0.000	-0.15411219
1.950	1.450	0.000	-0.15307274
2.050	1.450	0.000	-0.15169796
2.150	1.450	0.000	-0.15009844
2.250	1.450	0.000	-0.14835104
2.350	1.450	0.000	-0.14682728
2.450	1.450	0.000	-0.14439496
-2.450	1.550	0.000	-0.16848092
-2.350	1.550	0.000	-0.16886735
-2.250	1.550	0.000	-0.16943190
-2.150	1.550	0.000	-0.16967016
-2.050	1.550	0.000	-0.16963644
-1.950	1.550	0.000	-0.16938376
-1.850	1.550	0.000	-0.16914956
-1.750	1.550	0.000	-0.16908057
-1.650	1.550	0.000	-0.16922417
-1.550	1.550	0.000	-0.16961387
-1.450	1.550	0.000	-0.17018056
-1.350	1.550	0.000	-0.17045891
-1.250	1.550	0.000	-0.17066208
-1.150	1.550	0.000	-0.17078315
-1.050	1.550	0.000	-0.17056224
-0.950	1.550	0.000	-0.16998520
-0.850	1.550	0.000	-0.17024648
-0.750	1.550	0.000	-0.17103016
-0.650	1.550	0.000	-0.17214695
-0.550	1.550	0.000	-0.17392763
-0.450	1.550	0.000	-0.17599167
-0.350	1.550	0.000	-0.17726099
-0.250	1.550	0.000	-0.17737556
-0.150	1.550	0.000	-0.17711043
-0.050	1.550	0.000	-0.17601347
0.050	1.550	0.000	-0.17416589
0.150	1.550	0.000	-0.17201847
0.250	1.550	0.000	-0.16988398
0.350	1.550	0.000	-0.16780187
0.450	1.550	0.000	-0.16561221
0.550	1.550	0.000	-0.16330288
0.650	1.550	0.000	-0.16097997
0.750	1.550	0.000	-0.15886140
0.850	1.550	0.000	-0.15718679
0.950	1.550	0.000	-0.15610617
1.050	1.550	0.000	-0.15560448
1.150	1.550	0.000	-0.15554073
1.250	1.550	0.000	-0.15562455
1.350	1.550	0.000	-0.15568194
1.450	1.550	0.000	-0.15572907
1.550	1.550	0.000	-0.15569089
1.650	1.550	0.000	-0.15554793
1.750	1.550	0.000	-0.15521388
1.850	1.550	0.000	-0.15458760
1.950	1.550	0.000	-0.15361808
2.050	1.550	0.000	-0.15230733
2.150	1.550	0.000	-0.15072492
2.250	1.550	0.000	-0.14894217
2.350	1.550	0.000	-0.14736518
2.450	1.550	0.000	-0.14478104
-2.450	1.650	0.000	-0.16841252
-2.350	1.650	0.000	-0.16875857
-2.250	1.650	0.000	-0.16930406
-2.150	1.650	0.000	-0.16960558
-2.050	1.650	0.000	-0.16965131
-1.950	1.650	0.000	-0.16950677
-1.850	1.650	0.000	-0.16943431
-1.750	1.650	0.000	-0.16958238
-1.650	1.650	0.000	-0.16987517
-1.550	1.650	0.000	-0.17032753
-1.450	1.650	0.000	-0.17085929
-1.350	1.650	0.000	-0.17109190
-1.250	1.650	0.000	-0.17122753
-1.150	1.650	0.000	-0.17129809
-1.050	1.650	0.000	-0.17103595
-0.950	1.650	0.000	-0.17044920
-0.850	1.650	0.000	-0.17066859
-0.750	1.650	0.000	-0.17145483
-0.650	1.650	0.000	-0.17262834
-0.550	1.650	0.000	-0.17447644
-0.450	1.650	0.000	-0.17653739
-0.350	1.650	0.000	-0.17787924
-0.250	1.650	0.000	-0.17798045
-0.150	1.650	0.000	-0.17766075
-0.050	1.650	0.000	-0.17650042
0.050	1.650	0.000	-0.17459753
0.150	1.650	0.000	-0.17241286
0.250	1.650	0.000	-0.17027718
0.350	1.650	0.000	-0.16823533
0.450	1.650	0.000	-0.16612306
0.550	1.650	0.000	-0.16387632
0.650	1.650	0.000	-0.16158256
0.750	1.650	0.000	-0.15944172
0.850	1.650	0.000	-0.15767345
0.950	1.650	0.000	-0.15647840
1.050	1.650	0.000	-0.15588810
1.150	1.650	0.000	-0.15572095
1.250	1.650	0.000	-0.15577333
1.350	1.650	0.000	-0.15583368
1.450	1.650	0.000	-0.15590589
1.550	1.650	0.000	-0.15592359
1.650	1.650	0.000	-0.15587704
1.750	1.650	0.000	-0.15564702
1.850	1.650	0.000	-0.15511207
1.950	1.650	0.000	-0.15416144
2.050	1.650	0.000	-0.15283909
2.150	1.650	0.000	-0.15121184
2.250	1.650	0.000	-0.14934124
2.350	1.650	0.000	-0.14770766
2.450	1.650	0.000	-0.14503346
-2.450	1.750	0.000	-0.16785426
-2.350	1.750	0.000	-0.16811730
-2.250	1.750	0.000	-0.16864961
-2.150	1.750	0.000	-0.16899227
-2.050	1.750	0.000	-0.16908976
-1.950	1.750	0.000	-0.16915655
-1.850	1.750	0.000	-0.16939206
-1.750	1.750	0.000	-0.16979304
-1.650	1.750	0.000	-0.17034635
-1.550	1.750	0.000	-0.17091827
-1.450	1.750	0.000	-0.17145990
-1.350	1.750	0.000	-0.17171226
-1.250	1.750	0.000	-0.17174970
-1.150	1.750	0.000	-0.17168885
-1.050	1.750	0.000	-0.17128184
-0.950	1.750	0.000	-0.17062707
-0.850	1.750	0.000	-0.17086636
-0.750	1.750	0.000	-0.17170520
-0.650	1.750	0.000	-0.17297131
-0.550	1.750	0.000	-0.17491491
-0.450	1.750	0.000	-0.17703977
-0.350	1.750	0.000	-0.17846367
-0.250	1.750	0.000	-0.17854945
-0.150	1.750	0.000	-0.17815068
-0.050	1.750	0.000	-0.17690448
0.050	1.750	0.000	-0.17493786
0.150	1.750	0.000	-0.17268792
0.250	1.750	0.000	-0.17052479
0.350	1.750	0.000	-0.16850764
0.450	1.750	0.000	-0.16648555
0.550	1.750	0.000	-0.16434309
0.650	1.750	0.000	-0.16213389
0.750	1.750	0.000	-0.16004598
0.850	1.750	0.000	-0.15830924
0.950	1.750	0.000	-0.15708216
1.050	1.750	0.000	-0.15642801
1.150	1.750	0.000	-0.15616558
1.250	1.750	0.000	-0.15609664
1.350	1.750	0.000	-0.15608330
1.450	1.750	0.000	-0.15611924
1.550	1.750	0.000	-0.15616238
1.650	1.750	0.000	-0.15618633
1.750	1.750	0.000	-0.15603878
1.850	1.750	0.000	-0.15554376
1.950	1.750	0.000	-0.15456383
2.050	1.750	0.000	-0.15319037
2.150	1.750	0.000	-0.15149364
2.250	1.750	0.000	-0.14953442
2.350	1.750	0.000	-0.14783837
2.450	1.750	0.000	-0.14511088
-2.450	1.850	0.000	-0.16740312
-2.350	1.850	0.000	-0.16753788
-2.250	1.850	0.000	-0.16780426
-2.150	1.850	0.000	-0.16803588
-2.050	1.850	0.000	-0.16814664
-1.950	1.850	0.000	-0.16850232
-1.850	1.850	0.000	-0.16899528
-1.750	1.850	0.000	-0.16971743
-1.650	1.850	0.000	-0.17049296
-1.550	1.850	0.000	-0.17123835
-1.450	1.850	0.000	-0.17189495
-1.350	1.850	0.000	-0.17223381
-1.250	1.850	0.000	-0.17218564
-1.150	1.850	0.000	-0.17198968
-1.050	1.850	0.000	-0.17138247
-0.950	1.850	0.000	-0.17062922
-0.850	1.850	0.000	-0.17072532
-0.750	1.850	0.000	-0.17158601
-0.650	1.850	0.000	-0.17294572
-0.550	1.850	0.000	-0.17501339
-0.450	1.850	0.000	-0.17727883
-0.350	1.850	0.000	-0.17885712
-0.250	1.850	0.000	-0.17897882
-0.150	1.850	0.000	-0.17854728
-0.050	1.850	0.000	-0.17722072
0.050	1.850	0.000	-0.17516650
0.150	1.850	0.000	-0.17282411
0.250	1.850	0.000	-0.17060141
0.350	1.850	0.000	-0.16855504
0.450	1.850	0.000	-0.16655669
0.550	1.850	0.000	-0.16449796
0.650	1.850	0.000	-0.16237031
0.750	1.850	0.000	-0.16037631
0.850	1.850	0.000	-0.15875812
0.950	1.850	0.000	-0.15759709
1.050	1.850	0.000	-0.15695213
1.150	1.850	0.000	-0.15664728
1.250	1.850	0.000	-0.15648896
1.350	1.850	0.000	-0.15638953
1.450	1.850	0.000	-0.15636393
1.550	1.850	0.000	-0.15639035
1.650	1.850	0.000	-0.15642668
1.750	1.850	0.000	-0.15629047
1.850	1.850	0.000	-0.15577269
1.950	1.850	0.000	-0.15475693
2.050	1.850	0.000	-0.15331142
2.150	1.850	0.000	-0.15152746
2.250	1.850	0.000	-0.14950129
2.350	1.850	0.000	-0.14777020
2.450	1.850	0.000	-0.14497285
-2.450	1.950	0.000	-0.16731001
-2.350	1.950	0.000	-0.16731772
-2.250	1.950	0.000	-0.16723855
-2.150	1.950	0.000	-0.16721971
-2.050	1.950	0.000	-0.16729926
-1.950	1.950	0.000	-0.16777521
-1.850	1.950	0.000	-0.16848141
-1.750	1.950	0.000	-0.16942222
-1.650	1.950	0.000	-0.17042091
-1.550	1.950	0.000	-0.17138559
-1.450	1.950	0.000	-0.17221752
-1.350	1.950	0.000	-0.17273721
-1.250	1.950	0.000	-0.17269076
-1.150	1.950	0.000	-0.17238599
-1.050	1.950	0.000	-0.17158878
-0.950	1.950	0.000	-0.17068277
-0.850	1.950	0.000	-0.17046317
-0.750	1.950	0.000	-0.17121953
-0.650	1.950	0.000	-0.17252904
-0.550	1.950	0.000	-0.17462802
-0.450	1.950	0.000	-0.17702140
-0.350	1.950	0.000	-0.17876565
-0.250	1.950	0.000	-0.17902401
-0.150	1.950	0.000	-0.17871292
-0.050	1.950	0.000	-0.17738269
0.050	1.950	0.000	-0.17529292
0.150	1.950	0.000	-0.17289111
0.250	1.950	0.000	-0.17057858
0.350	1.950	0.000	-0.16845699
0.450	1.950	0.000	-0.16641065
0.550	1.950	0.000	-0.16431241
0.650	1.950	0.000	-0.16225401
0.750	1.950	0.000	-0.16040649
0.850	1.950	0.000	-0.15893996
0.950	1.950	0.000	-0.15790094
1.050	1.950	0.000	-0.15733974
1.150	1.950	0.000	-0.15707797
1.250	1.950	0.000	-0.15689744
1.350	1.950	0.000	-0.15674427
1.450	1.950	0.000	-0.15663944
1.550	1.950	0.000	-0.15659870
1.650	1.950	0.000	-0.15657604
1.750	1.950	0.000	-0.15638077
1.850	1.950	0.000	-0.15580408
1.950	1.950	0.000	-0.15469952
2.050	1.950	0.000	-0.15312466
2.150	1.950	0.000	-0.15123893
2.250	1.950	0.000	-0.14917190
2.350	1.950	0.000	-0.14743371
2.450	1.950	0.000	-0.14465210
-2.450	2.050	0.000	-0.16795199
-2.350	2.050	0.000	-0.16780718
-2.250	2.050	0.000	-0.16739431
-2.150	2.050	0.000	-0.16708709
-2.050	2.050	0.000	-0.16693757
-1.950	2.050	0.000	-0.16739868
-1.850	2.050	0.000	-0.16814417
-1.750	2.050	0.000	-0.16916001
-1.650	2.050	0.000	-0.17031801
-1.550	2.050	0.000	-0.17149834
-1.450	2.050	0.000	-0.17252687
-1.350	2.050	0.000	-0.17321929
-1.250	2.050	0.000	-0.17324661
-1.150	2.050	0.000	-0.17292376
-1.050	2.050	0.000	-0.17201632
-0.950	2.050	0.000	-0.17099753
-0.850	2.050	0.000	-0.17054287
-0.750	2.050	0.000	-0.17106761
-0.650	2.050	0.000	-0.17210048
-0.550	2.050	0.000	-0.17403956
-0.450	2.050	0.000	-0.17636368
-0.350	2.050	0.000	-0.17812616
-0.250	2.050	0.000	-0.17855513
-0.150	2.050	0.000	-0.17845470
-0.050	2.050	0.000	-0.17730013
0.050	2.050	0.000	-0.17521605
0.150	2.050	0.000	-0.17284879
0.250	2.050	0.000	-0.17047811
0.350	2.050	0.000	-0.16822864
0.450	2.050	0.000	-0.16607751
0.550	2.050	0.000	-0.16394259
0.650	2.050	0.000	-0.16188414
0.750	2.050	0.000	-0.16004534
0.850	2.050	0.000	-0.15866545
0.950	2.050	0.000	-0.15775897
1.050	2.050	0.000	-0.15741527
1.150	2.050	0.000	-0.15726733
1.250	2.050	0.000	-0.15715788
1.350	2.050	0.000	-0.15703911
1.450	2.050	0.000	-0.15691410
1.550	2.050	0.000	-0.15682200
1.650	2.050	0.000	-0.15668415
1.750	2.050	0.000	-0.15637289
1.850	2.050	0.000	-0.15569721
1.950	2.050	0.000	-0.15451306
2.050	2.050	0.000	-0.15288387
2.150	2.050	0.000	-0.15093842
2.250	2.050	0.000	-0.14882566
2.350	2.050	0.000	-0.14706427
2.450	2.050	0.000	-0.14425638
-2.450	2.150	0.000	-0.16928771
-2.350	2.150	0.000	-0.16902786
-2.250	2.150	0.000	-0.16835135
-2.150	2.150	0.000	-0.16772105
-2.050	2.150	0.000	-0.16730247
-1.950	2.150	0.000	-0.16760460
-1.850	2.150	0.000	-0.16819327
-1.750	2.150	0.000	-0.16915968
-1.650	2.150	0.000	-0.17034085
-1.550	2.150	0.000	-0.17156607
-1.450	2.150	0.000	-0.17270580
-1.350	2.150	0.000	-0.17362212
-1.250	2.150	0.000	-0.17383206
-1.150	2.150	0.000	-0.17365493
-1.050	2.150	0.000	-0.17272842
-0.950	2.150	0.000	-0.17161913
-0.850	2.150	0.000	-0.17084181
-0.750	2.150	0.000	-0.17111354
-0.650	2.150	0.000	-0.17186092
-0.550	2.150	0.000	-0.17352204
-0.450	2.150	0.000	-0.17572199
-0.350	2.150	0.000	-0.17736469
-0.250	2.150	0.000	-0.17786920
-0.150	2.150	0.000	-0.17790709
-0.050	2.150	0.000	-0.17694211
0.050	2.150	0.000	-0.17506050
0.150	2.150	0.000	-0.17277491
0.250	2.150	0.000	-0.17044893
0.350	2.150	0.000	-0.16817428
0.450	2.150	0.000	-0.16594677
0.550	2.150	0.000	-0.16370890
0.650	2.150	0.000	-0.16152807
0.750	2.150	0.000	-0.15966445
0.850	2.150	0.000	-0.15831545
0.950	2.150	0.000	-0.15748174
1.050	2.150	0.000	-0.15724389
1.150	2.150	0.000	-0.15728067
1.250	2.150	0.000	-0.15728849
1.350	2.150	0.000	-0.15722975
1.450	2.150	0.000	-0.15711559
1.550	2.150	0.000	-0.15698598
1.650	2.150	0.000	-0.15677045
1.750	2.150	0.000	-0.15636492
1.850	2.150	0.000	-0.15559824
1.950	2.150	0.000	-0.15435019
2.050	2.150	0.000	-0.15267256
2.150	2.150	0.000	-0.15071085
2.250	2.150	0.000	-0.14861332
2.350	2.150	0.000	-0.14687179
2.450	2.150	0.000	-0.14410044
-2.450	2.250	0.000	-0.17090666
-2.350	2.250	0.000	-0.17062156
-2.250	2.250	0.000	-0.16975495
-2.150	2.250	0.000	-0.16883066
-2.050	2.250	0.000	-0.16826470
-1.950	2.250	0.000	-0.16819523
-1.850	2.250	0.000	-0.16863394
-1.750	2.250	0.000	-0.16943420
-1.650	2.250	0.000	-0.17049034
-1.550	2.250	0.000	-0.17169939
-1.450	2.250	0.000	-0.17295568
-1.350	2.250	0.000	-0.17405553
-1.250	2.250	0.000	-0.17447844
-1.150	2.250	0.000	-0.17442513
-1.050	2.250	0.000	-0.17358819
-0.950	2.250	0.000	-0.17237125
-0.850	2.250	0.000	-0.17146808
-0.750	2.250	0.000	-0.17135856
-0.650	2.250	0.000	-0.17184384
-0.550	2.250	0.000	-0.17317183
-0.450	2.250	0.000	-0.17520960
-0.350	2.250	0.000	-0.17668194
-0.250	2.250	0.000	-0.17714716
-0.150	2.250	0.000	-0.17719862
-0.050	2.250	0.000	-0.17633519
0.050	2.250	0.000	-0.17469420
0.150	2.250	0.000	-0.17262730
0.250	2.250	0.000	-0.17041664
0.350	2.250	0.000	-0.16819033
0.450	2.250	0.000	-0.16593780
0.550	2.250	0.000	-0.16360606
0.650	2.250	0.000	-0.16131330
0.750	2.250	0.000	-0.15934785
0.850	2.250	0.000	-0.15793836
0.950	2.250	0.000	-0.15708391
1.050	2.250	0.000	-0.15692288
1.150	2.250	0.000	-0.15705211
1.250	2.250	0.000	-0.15717377
1.350	2.250	0.000	-0.15721548
1.450	2.250	0.000	-0.15716568
1.550	2.250	0.000	-0.15702951
1.650	2.250	0.000	-0.15677761
1.750	2.250	0.000	-0.15630651
1.850	2.250	0.000	-0.15548359
1.950	2.250	0.000	-0.15422799
2.050	2.250	0.000	-0.15253240
2.150	2.250	0.000	-0.15057337
2.250	2.250	0.000	-0.14851370
2.350	2.250	0.000	-0.14680071
2.450	2.250	0.000	-0.14408746
-2.450	2.350	0.000	-0.17259577
-2.350	2.350	0.000	-0.17236671
-2.250	2.350	0.000	-0.17146035
-2.150	2.350	0.000	-0.17038101
-2.050	2.350	0.000	-0.16960135
-1.950	2.350	0.000	-0.16922387
-1.850	2.350	0.000	-0.16927850
-1.750	2.350	0.000	-0.16973007
-1.650	2.350	0.000	-0.17056330
-1.550	2.350	0.000	-0.17167167
-1.450	2.350	0.000	-0.17292371
-1.350	2.350	0.000	-0.17409183
-1.250	2.350	0.000	-0.17482632
-1.150	2.350	0.000	-0.17500146
-1.050	2.350	0.000	-0.17441656
-0.950	2.350	0.000	-0.17334290
-0.850	2.350	0.000	-0.17254862
-0.750	2.350	0.000	-0.17237879
-0.650	2.350	0.000	-0.17271729
-0.550	2.350	0.000	-0.17382970
-0.450	2.350	0.000	-0.17569819
-0.350	2.350	0.000	-0.17662875
-0.250	2.350	0.000	-0.17698298
-0.150	2.350	0.000	-0.17691289
-0.050	2.350	0.000	-0.17597279
0.050	2.350	0.000	-0.17436095
0.150	2.350	0.000	-0.17240068
0.250	2.350	0.000	-0.17033872
0.350	2.350	0.000	-0.16826484
0.450	2.350	0.000	-0.16609871
0.550	2.350	0.000	-0.16379867
0.650	2.350	0.000	-0.16146995
0.750	2.350	0.000	-0.15939024
0.850	2.350	0.000	-0.15785512
0.950	2.350	0.000	-0.15697484
1.050	2.350	0.000	-0.15672444
1.150	2.350	0.000	-0.15686886
1.250	2.350	0.000	-0.15704957
1.350	2.350	0.000	-0.15720502
1.450	2.350	0.000	-0.15726268
1.550	2.350	0.000	-0.15720296
1.650	2.350	0.000	-0.15696770
1.750	2.350	0.000	-0.15646604
1.850	2.350	0.000	-0.15560690
1.950	2.350	0.000	-0.15431616
2.050	2.350	0.000	-0.15261389
2.150	2.350	0.000	-0.15067330
2.250	2.350	0.000	-0.14864004
2.350	2.350	0.000	-0.14695308
2.450	2.350	0.000	-0.14436837
-2.450	2.450	0.000	-0.17354570
-2.350	2.450	0.000	-0.17345655
-2.250	2.450	0.000	-0.17274407
-2.150	2.450	0.000	-0.17177039
-2.050	2.450	0.000	-0.17094849
-1.950	2.450	0.000	-0.17038254
-1.850	2.450	0.000	-0.17008197
-1.750	2.450	0.000	-0.17026371
-1.650	2.450	0.000	-0.17074606
-1.550	2.450	0.000	-0.17152353
-1.450	2.450	0.000	-0.17247255
-1.350	2.450	0.000	-0.17343448
-1.250	2.450	0.000	-0.17405683
-1.150	2.450	0.000	-0.17431457
-1.050	2.450	0.000	-0.17393547
-0.950	2.450	0.000	-0.17314109
-0.850	2.450	0.000	-0.17267163
-0.750	2.450	0.000	-0.17274714
-0.650	2.450	0.000	-0.17314450
-0.550	2.450	0.000	-0.17426203
-0.450	2.450	0.000	-0.17602982
-0.350	2.450	0.000	-0.17682053
-0.250	2.450	0.000	-0.17707260
-0.150	2.450	0.000	-0.17686111
-0.050	2.450	0.000	-0.17579502
0.050	2.450	0.000	-0.17409383
0.150	2.450	0.000	-0.17210662
0.250	2.450	0.000	-0.17009027
0.350	2.450	0.000	-0.16809806
0.450	2.450	0.000	-0.16603938
0.550	2.450	0.000	-0.16384126
0.650	2.450	0.000	-0.16158967
0.750	2.450	0.000	-0.15953992
0.850	2.450	0.000	-0.15798540
0.950	2.450	0.000	-0.15704452
1.050	2.450	0.000	-0.15668350
1.150	2.450	0.000	-0.15674990
1.250	2.450	0.000	-0.15687323
1.350	2.450	0.000	-0.15699650
1.450	2.450	0.000	-0.15707350
1.550	2.450	0.000	-0.15705852
1.650	2.450	0.000	-0.15688686
1.750	2.450	0.000	-0.15645947
1.850	2.450	0.000	-0.15564865
1.950	2.450	0.000	-0.15440373
2.050	2.450	0.000	-0.15278028
2.150	2.450	0.000	-0.15093291
2.250	2.450	0.000	-0.14899895
2.350	2.450	0.000	-0.14740022
2.450	2.450	0.000	-0.14498837
