-2.450	-2.450	0.000	-0.09882498
-2.350	-2.450	0.000	-0.09984271
-2.250	-2.450	0.000	-0.09492406
-2.150	-2.450	0.000	-0.09151617
-2.050	-2.450	0.000	-0.08927214
-1.950	-2.450	0.000	-0.09037670
-1.850	-2.450	0.000	-0.09136043
-1.750	-2.450	0.000	-0.09226049
-1.650	-2.450	0.000	-0.09001455
-1.550	-2.450	0.000	-0.08696702
-1.450	-2.450	0.000	-0.08384350
-1.350	-2.450	0.000	-0.08275671
-1.250	-2.450	0.000	-0.08338872
-1.150	-2.450	0.000	-0.08676308
-1.050	-2.450	0.000	-0.09028248
-0.950	-2.450	0.000	-0.09444504
-0.850	-2.450	0.000	-0.09943159
-0.750	-2.450	0.000	-0.09916960
-0.650	-2.450	0.000	-0.10120897
-0.550	-2.450	0.000	-0.09881671
-0.450	-2.450	0.000	-0.09544109
-0.350	-2.450	0.000	-0.09360236
-0.250	-2.450	0.000	-0.08741410
-0.150	-2.450	0.000	-0.08267184
-0.050	-2.450	0.000	-0.07695342
0.050	-2.450	0.000	-0.06923562
0.150	-2.450	0.000	-0.06354094
0.250	-2.450	0.000	-0.05439671
0.350	-2.450	0.000	-0.04689291
0.450	-2.450	0.000	-0.03779249
0.550	-2.450	0.000	-0.02764232
0.650	-2.450	0.000	-0.01888129
0.750	-2.450	0.000	-0.01012235
0.850	-2.450	0.000	0.00076001
0.950	-2.450	0.000	0.01341224
1.050	-2.450	0.000	0.03059307
1.150	-2.450	0.000	0.04667188
1.250	-2.450	0.000	0.06024641
1.350	-2.450	0.000	0.07130986
1.450	-2.450	0.000	0.07915901
1.550	-2.450	0.000	0.08379838
1.650	-2.450	0.000	0.08570777
1.750	-2.450	0.000	0.08628394
1.850	-2.450	0.000	0.08518930
1.950	-2.450	0.000	0.08280928
2.050	-2.450	0.000	0.07864577
2.150	-2.450	0.000	0.07481121
2.250	-2.450	0.000	0.06884137
2.350	-2.450	0.000	0.06469301
2.450	-2.450	0.000	0.05905633
-2.450	-2.350	0.000	-0.10200708
-2.350	-2.350	0.000	-0.10398877
-2.250	-2.350	0.000	-0.10081153
-2.150	-2.350	0.000	-0.09922678
-2.050	-2.350	0.000	-0.09860349
-1.950	-2.350	0.000	-0.10119300
-1.850	-2.350	0.000	-0.10215475
-1.750	-2.350	0.000	-0.10201332
-1.650	-2.350	0.000	-0.09844414
-1.550	-2.350	0.000	-0.09370709
-1.450	-2.350	0.000	-0.08784965
-1.350	-2.350	0.000	-0.08264916
-1.250	-2.350	0.000	-0.07827401
-1.150	-2.350	0.000	-0.07690755
-1.050	-2.350	0.000	-0.07634158
-0.950	-2.350	0.000	-0.07862745
-0.850	-2.350	0.000	-0.08242538
-0.750	-2.350	0.000	-0.08119580
-0.650	-2.350	0.000	-0.08327731
-0.550	-2.350	0.000	-0.08074956
-0.450	-2.350	0.000	-0.07774233
-0.350	-2.350	0.000	-0.07613490
-0.250	-2.350	0.000	-0.07113025
-0.150	-2.350	0.000	-0.06639381
-0.050	-2.350	0.000	-0.06269612
0.050	-2.350	0.000	-0.05658542
0.150	-2.350	0.000	-0.05317585
0.250	-2.350	0.000	-0.04652261
0.350	-2.350	0.000	-0.04218334
0.450	-2.350	0.000	-0.03700750
0.550	-2.350	0.000	-0.03019196
0.650	-2.350	0.000	-0.02528900
0.750	-2.350	0.000	-0.01820700
0.850	-2.350	0.000	-0.00823984
0.950	-2.350	0.000	0.00263245
1.050	-2.350	0.000	0.01672386
1.150	-2.350	0.000	0.02999382
1.250	-2.350	0.000	0.04191392
1.350	-2.350	0.000	0.05186107
1.450	-2.350	0.000	0.05923151
1.550	-2.350	0.000	0.06388320
1.650	-2.350	0.000	0.06626493
1.750	-2.350	0.000	0.06763255
1.850	-2.350	0.000	0.06735227
1.950	-2.350	0.000	0.06655808
2.050	-2.350	0.000	0.06426143
2.150	-2.350	0.000	0.06224213
2.250	-2.350	0.000	0.05787645
2.350	-2.350	0.000	0.05478506
2.450	-2.350	0.000	0.05009259
-2.450	-2.250	0.000	-0.09808776
-2.350	-2.250	0.000	-0.09982775
-2.250	-2.250	0.000	-0.09632790
-2.150	-2.250	0.000	-0.09409585
-2.050	-2.250	0.000	-0.09277561
-1.950	-2.250	0.000	-0.09401102
-1.850	-2.250	0.000	-0.09426881
-1.750	-2.250	0.000	-0.09448609
-1.650	-2.250	0.000	-0.09089706
-1.550	-2.250	0.000	-0.08588748
-1.450	-2.250	0.000	-0.08021942
-1.350	-2.250	0.000	-0.07559559
-1.250	-2.250	0.000	-0.07310764
-1.150	-2.250	0.000	-0.07311095
-1.050	-2.250	0.000	-0.07331651
-0.950	-2.250	0.000	-0.07591227
-0.850	-2.250	0.000	-0.07903314
-0.750	-2.250	0.000	-0.07867195
-0.650	-2.250	0.000	-0.07995305
-0.550	-2.250	0.000	-0.07797278
-0.450	-2.250	0.000	-0.07533703
-0.350	-2.250	0.000	-0.07315127
-0.250	-2.250	0.000	-0.06860188
-0.150	-2.250	0.000	-0.06388399
-0.050	-2.250	0.000	-0.05924854
0.050	-2.250	0.000	-0.05366392
0.150	-2.250	0.000	-0.04869315
0.250	-2.250	0.000	-0.04210542
0.350	-2.250	0.000	-0.03729854
0.450	-2.250	0.000	-0.03168972
0.550	-2.250	0.000	-0.02625445
0.650	-2.250	0.000	-0.02123659
0.750	-2.250	0.000	-0.01514067
0.850	-2.250	0.000	-0.00678672
0.950	-2.250	0.000	0.00057337
1.050	-2.250	0.000	0.00931902
1.150	-2.250	0.000	0.01688105
1.250	-2.250	0.000	0.02487620
1.350	-2.250	0.000	0.03091066
1.450	-2.250	0.000	0.03573111
1.550	-2.250	0.000	0.03886336
1.650	-2.250	0.000	0.04027819
1.750	-2.250	0.000	0.04124272
1.850	-2.250	0.000	0.04109176
1.950	-2.250	0.000	0.04111294
2.050	-2.250	0.000	0.04010117
2.150	-2.250	0.000	0.03969119
2.250	-2.250	0.000	0.03748196
2.350	-2.250	0.000	0.03575378
2.450	-2.250	0.000	0.03290600
-2.450	-2.150	0.000	-0.09785818
-2.350	-2.150	0.000	-0.09979116
-2.250	-2.150	0.000	-0.09732967
-2.150	-2.150	0.000	-0.09562945
-2.050	-2.150	0.000	-0.09454175
-1.950	-2.150	0.000	-0.09517581
-1.850	-2.150	0.000	-0.09464970
-1.750	-2.150	0.000	-0.09386809
-1.650	-2.150	0.000	-0.09065542
-1.550	-2.150	0.000	-0.08629734
-1.450	-2.150	0.000	-0.08083980
-1.350	-2.150	0.000	-0.07589033
-1.250	-2.150	0.000	-0.07235210
-1.150	-2.150	0.000	-0.07092480
-1.050	-2.150	0.000	-0.07044927
-0.950	-2.150	0.000	-0.07244024
-0.850	-2.150	0.000	-0.07488196
-0.750	-2.150	0.000	-0.07415113
-0.650	-2.150	0.000	-0.07463638
-0.550	-2.150	0.000	-0.07252415
-0.450	-2.150	0.000	-0.06977312
-0.350	-2.150	0.000	-0.06758305
-0.250	-2.150	0.000	-0.06316103
-0.150	-2.150	0.000	-0.05892315
-0.050	-2.150	0.000	-0.05421743
0.050	-2.150	0.000	-0.04921425
0.150	-2.150	0.000	-0.04467867
0.250	-2.150	0.000	-0.03937310
0.350	-2.150	0.000	-0.03537279
0.450	-2.150	0.000	-0.03132782
0.550	-2.150	0.000	-0.02661796
0.650	-2.150	0.000	-0.02245874
0.750	-2.150	0.000	-0.01791375
0.850	-2.150	0.000	-0.01095069
0.950	-2.150	0.000	-0.00414247
1.050	-2.150	0.000	0.00335784
1.150	-2.150	0.000	0.00968820
1.250	-2.150	0.000	0.01539026
1.350	-2.150	0.000	0.01791989
1.450	-2.150	0.000	0.02002342
1.550	-2.150	0.000	0.02121186
1.650	-2.150	0.000	0.02116816
1.750	-2.150	0.000	0.02161815
1.850	-2.150	0.000	0.02123073
1.950	-2.150	0.000	0.02189034
2.050	-2.150	0.000	0.02157033
2.150	-2.150	0.000	0.02264314
2.250	-2.150	0.000	0.02223610
2.350	-2.150	0.000	0.02177188
2.450	-2.150	0.000	0.02046183
-2.450	-2.050	0.000	-0.09167143
-2.350	-2.050	0.000	-0.09315683
-2.250	-2.050	0.000	-0.09033655
-2.150	-2.050	0.000	-0.08782662
-2.050	-2.050	0.000	-0.08546481
-1.950	-2.050	0.000	-0.08444668
-1.850	-2.050	0.000	-0.08262788
-1.750	-2.050	0.000	-0.08139132
-1.650	-2.050	0.000	-0.07834288
-1.550	-2.050	0.000	-0.07490764
-1.450	-2.050	0.000	-0.07125076
-1.350	-2.050	0.000	-0.06806120
-1.250	-2.050	0.000	-0.06610395
-1.150	-2.050	0.000	-0.06654439
-1.050	-2.050	0.000	-0.06819397
-0.950	-2.050	0.000	-0.07056752
-0.850	-2.050	0.000	-0.07313094
-0.750	-2.050	0.000	-0.07279406
-0.650	-2.050	0.000	-0.07277275
-0.550	-2.050	0.000	-0.07092424
-0.450	-2.050	0.000	-0.06835645
-0.350	-2.050	0.000	-0.06556126
-0.250	-2.050	0.000	-0.06145065
-0.150	-2.050	0.000	-0.05697149
-0.050	-2.050	0.000	-0.05177796
0.050	-2.050	0.000	-0.04676509
0.150	-2.050	0.000	-0.04166431
0.250	-2.050	0.000	-0.03648704
0.350	-2.050	0.000	-0.03208756
0.450	-2.050	0.000	-0.02843817
0.550	-2.050	0.000	-0.02472970
0.650	-2.050	0.000	-0.02131670
0.750	-2.050	0.000	-0.01784765
0.850	-2.050	0.000	-0.01373640
0.950	-2.050	0.000	-0.01003998
1.050	-2.050	0.000	-0.00644646
1.150	-2.050	0.000	-0.00305181
1.250	-2.050	0.000	0.00025439
1.350	-2.050	0.000	0.00053287
1.450	-2.050	0.000	0.00040011
1.550	-2.050	0.000	-0.00005264
1.650	-2.050	0.000	-0.00123784
1.750	-2.050	0.000	-0.00186203
1.850	-2.050	0.000	-0.00334256
1.950	-2.050	0.000	-0.00341701
2.050	-2.050	0.000	-0.00469444
2.150	-2.050	0.000	-0.00425988
2.250	-2.050	0.000	-0.00429871
2.350	-2.050	0.000	-0.00462142
2.450	-2.050	0.000	-0.00483559
-2.450	-1.950	0.000	-0.09383118
-2.350	-1.950	0.000	-0.09478854
-2.250	-1.950	0.000	-0.09137531
-2.150	-1.950	0.000	-0.08794419
-2.050	-1.950	0.000	-0.08448263
-1.950	-1.950	0.000	-0.08273774
-1.850	-1.950	0.000	-0.08057520
-1.750	-1.950	0.000	-0.07883369
-1.650	-1.950	0.000	-0.07590289
-1.550	-1.950	0.000	-0.07316265
-1.450	-1.950	0.000	-0.07084005
-1.350	-1.950	0.000	-0.06875418
-1.250	-1.950	0.000	-0.06809799
-1.150	-1.950	0.000	-0.06984860
-1.050	-1.950	0.000	-0.07274689
-0.950	-1.950	0.000	-0.07490804
-0.850	-1.950	0.000	-0.07677344
-0.750	-1.950	0.000	-0.07649499
-0.650	-1.950	0.000	-0.07583251
-0.550	-1.950	0.000	-0.07393237
-0.450	-1.950	0.000	-0.07105280
-0.350	-1.950	0.000	-0.06784968
-0.250	-1.950	0.000	-0.06334163
-0.150	-1.950	0.000	-0.05854423
-0.050	-1.950	0.000	-0.05298673
0.050	-1.950	0.000	-0.04760294
0.150	-1.950	0.000	-0.04233143
0.250	-1.950	0.000	-0.03747937
0.350	-1.950	0.000	-0.03318162
0.450	-1.950	0.000	-0.02955611
0.550	-1.950	0.000	-0.02652207
0.650	-1.950	0.000	-0.02275199
0.750	-1.950	0.000	-0.02045364
0.850	-1.950	0.000	-0.01727619
0.950	-1.950	0.000	-0.01431191
1.050	-1.950	0.000	-0.01125291
1.150	-1.950	0.000	-0.00884311
1.250	-1.950	0.000	-0.00713614
1.350	-1.950	0.000	-0.00736464
1.450	-1.950	0.000	-0.00836120
1.550	-1.950	0.000	-0.00962906
1.650	-1.950	0.000	-0.01184497
1.750	-1.950	0.000	-0.01330294
1.850	-1.950	0.000	-0.01565296
1.950	-1.950	0.000	-0.01693090
2.050	-1.950	0.000	-0.01936512
2.150	-1.950	0.000	-0.02033608
2.250	-1.950	0.000	-0.02063485
2.350	-1.950	0.000	-0.02127020
2.450	-1.950	0.000	-0.02008512
-2.450	-1.850	0.000	-0.09246478
-2.350	-1.850	0.000	-0.09294877
-2.250	-1.850	0.000	-0.08945132
-2.150	-1.850	0.000	-0.08543634
-2.050	-1.850	0.000	-0.08073258
-1.950	-1.850	0.000	-0.07650737
-1.850	-1.850	0.000	-0.07207544
-1.750	-1.850	0.000	-0.06883706
-1.650	-1.850	0.000	-0.06634618
-1.550	-1.850	0.000	-0.06484494
-1.450	-1.850	0.000	-0.06400150
-1.350	-1.850	0.000	-0.06490581
-1.250	-1.850	0.000	-0.06744298
-1.150	-1.850	0.000	-0.07155488
-1.050	-1.850	0.000	-0.07608120
-0.950	-1.850	0.000	-0.07798604
-0.850	-1.850	0.000	-0.07871524
-0.750	-1.850	0.000	-0.07821207
-0.650	-1.850	0.000	-0.07673591
-0.550	-1.850	0.000	-0.07495974
-0.450	-1.850	0.000	-0.07196260
-0.350	-1.850	0.000	-0.06883357
-0.250	-1.850	0.000	-0.06430619
-0.150	-1.850	0.000	-0.05961817
-0.050	-1.850	0.000	-0.05344008
0.050	-1.850	0.000	-0.04733022
0.150	-1.850	0.000	-0.04110569
0.250	-1.850	0.000	-0.03548557
0.350	-1.850	0.000	-0.03067223
0.450	-1.850	0.000	-0.02684861
0.550	-1.850	0.000	-0.02403151
0.650	-1.850	0.000	-0.02214908
0.750	-1.850	0.000	-0.02117145
0.850	-1.850	0.000	-0.01997177
0.950	-1.850	0.000	-0.01940751
1.050	-1.850	0.000	-0.01902933
1.150	-1.850	0.000	-0.01868465
1.250	-1.850	0.000	-0.01928985
1.350	-1.850	0.000	-0.02047973
1.450	-1.850	0.000	-0.02198100
1.550	-1.850	0.000	-0.02365410
1.650	-1.850	0.000	-0.02593319
1.750	-1.850	0.000	-0.02776567
1.850	-1.850	0.000	-0.03043322
1.950	-1.850	0.000	-0.03270748
2.050	-1.850	0.000	-0.03596176
2.150	-1.850	0.000	-0.03845054
2.250	-1.850	0.000	-0.04012570
2.350	-1.850	0.000	-0.04173251
2.450	-1.850	0.000	-0.03993337
-2.450	-1.750	0.000	-0.09354999
-2.350	-1.750	0.000	-0.09371188
-2.250	-1.750	0.000	-0.09100706
-2.150	-1.750	0.000	-0.08722910
-2.050	-1.750	0.000	-0.08199371
-1.950	-1.750	0.000	-0.07621901
-1.850	-1.750	0.000	-0.07077271
-1.750	-1.750	0.000	-0.06682978
-1.650	-1.750	0.000	-0.06427188
-1.550	-1.750	0.000	-0.06317184
-1.450	-1.750	0.000	-0.06379267
-1.350	-1.750	0.000	-0.06663697
-1.250	-1.750	0.000	-0.07134193
-1.150	-1.750	0.000	-0.07713339
-1.050	-1.750	0.000	-0.08270869
-0.950	-1.750	0.000	-0.08448273
-0.850	-1.750	0.000	-0.08414972
-0.750	-1.750	0.000	-0.08292356
-0.650	-1.750	0.000	-0.08029920
-0.550	-1.750	0.000	-0.07795706
-0.450	-1.750	0.000	-0.07440703
-0.350	-1.750	0.000	-0.07110679
-0.250	-1.750	0.000	-0.06689888
-0.150	-1.750	0.000	-0.06271076
-0.050	-1.750	0.000	-0.05739144
0.050	-1.750	0.000	-0.05171770
0.150	-1.750	0.000	-0.04579290
0.250	-1.750	0.000	-0.04020936
0.350	-1.750	0.000	-0.03480795
0.450	-1.750	0.000	-0.03042806
0.550	-1.750	0.000	-0.02674100
0.650	-1.750	0.000	-0.02449289
0.750	-1.750	0.000	-0.02314017
0.850	-1.750	0.000	-0.02240434
0.950	-1.750	0.000	-0.02208396
1.050	-1.750	0.000	-0.02180779
1.150	-1.750	0.000	-0.02148722
1.250	-1.750	0.000	-0.02176166
1.350	-1.750	0.000	-0.02250917
1.450	-1.750	0.000	-0.02367961
1.550	-1.750	0.000	-0.02514277
1.650	-1.750	0.000	-0.02708291
1.750	-1.750	0.000	-0.02901119
1.850	-1.750	0.000	-0.03182516
1.950	-1.750	0.000	-0.03492739
2.050	-1.750	0.000	-0.03878841
2.150	-1.750	0.000	-0.04241846
2.250	-1.750	0.000	-0.04520841
2.350	-1.750	0.000	-0.04729012
2.450	-1.750	0.000	-0.04553627
-2.450	-1.650	0.000	-0.08859546
-2.350	-1.650	0.000	-0.08893268
-2.250	-1.650	0.000	-0.08732637
-2.150	-1.650	0.000	-0.08449986
-2.050	-1.650	0.000	-0.07932280
-1.950	-1.650	0.000	-0.07273937
-1.850	-1.650	0.000	-0.06619567
-1.750	-1.650	0.000	-0.06074520
-1.650	-1.650	0.000	-0.05779475
-1.550	-1.650	0.000	-0.05684350
-1.450	-1.650	0.000	-0.05807562
-1.350	-1.650	0.000	-0.06213570
-1.250	-1.650	0.000	-0.06775390
-1.150	-1.650	0.000	-0.07317825
-1.050	-1.650	0.000	-0.07756983
-0.950	-1.650	0.000	-0.07848010
-0.850	-1.650	0.000	-0.07654087
-0.750	-1.650	0.000	-0.07509000
-0.650	-1.650	0.000	-0.07197373
-0.550	-1.650	0.000	-0.07014901
-0.450	-1.650	0.000	-0.06691031
-0.350	-1.650	0.000	-0.06412709
-0.250	-1.650	0.000	-0.06046125
-0.150	-1.650	0.000	-0.05656597
-0.050	-1.650	0.000	-0.05190453
0.050	-1.650	0.000	-0.04695693
0.150	-1.650	0.000	-0.04165582
0.250	-1.650	0.000	-0.03688896
0.350	-1.650	0.000	-0.03253863
0.450	-1.650	0.000	-0.02923746
0.550	-1.650	0.000	-0.02708507
0.650	-1.650	0.000	-0.02621753
0.750	-1.650	0.000	-0.02647671
0.850	-1.650	0.000	-0.02739320
0.950	-1.650	0.000	-0.02844846
1.050	-1.650	0.000	-0.02904824
1.150	-1.650	0.000	-0.02910158
1.250	-1.650	0.000	-0.02887839
1.350	-1.650	0.000	-0.02830388
1.450	-1.650	0.000	-0.02813771
1.550	-1.650	0.000	-0.02877780
1.650	-1.650	0.000	-0.02996308
1.750	-1.650	0.000	-0.03176419
1.850	-1.650	0.000	-0.03475732
1.950	-1.650	0.000	-0.03904216
2.050	-1.650	0.000	-0.04373217
2.150	-1.650	0.000	-0.04860556
2.250	-1.650	0.000	-0.05215096
2.350	-1.650	0.000	-0.05473802
2.450	-1.650	0.000	-0.05313898
-2.450	-1.550	0.000	-0.08421792
-2.350	-1.550	0.000	-0.08480819
-2.250	-1.550	0.000	-0.08357931
-2.150	-1.550	0.000	-0.08114366
-2.050	-1.550	0.000	-0.07629348
-1.950	-1.550	0.000	-0.06920836
-1.850	-1.550	0.000	-0.06195284
-1.750	-1.550	0.000	-0.05573927
-1.650	-1.550	0.000	-0.05215264
-1.550	-1.550	0.000	-0.05128369
-1.450	-1.550	0.000	-0.05294928
-1.350	-1.550	0.000	-0.05765830
-1.250	-1.550	0.000	-0.06354550
-1.150	-1.550	0.000	-0.06831491
-1.050	-1.550	0.000	-0.07162278
-0.950	-1.550	0.000	-0.07219260
-0.850	-1.550	0.000	-0.07009320
-0.750	-1.550	0.000	-0.06861916
-0.650	-1.550	0.000	-0.06568264
-0.550	-1.550	0.000	-0.06417658
-0.450	-1.550	0.000	-0.06162861
-0.350	-1.550	0.000	-0.05957195
-0.250	-1.550	0.000	-0.05731891
-0.150	-1.550	0.000	-0.05463803
-0.050	-1.550	0.000	-0.05154354
0.050	-1.550	0.000	-0.04805560
0.150	-1.550	0.000	-0.04408289
0.250	-1.550	0.000	-0.04031607
0.350	-1.550	0.000	-0.03677725
0.450	-1.550	0.000	-0.03398668
0.550	-1.550	0.000	-0.03191561
0.650	-1.550	0.000	-0.03178708
0.750	-1.550	0.000	-0.03162083
0.850	-1.550	0.000	-0.03264087
0.950	-1.550	0.000	-0.03408273
1.050	-1.550	0.000	-0.03498473
1.150	-1.550	0.000	-0.03465497
1.250	-1.550	0.000	-0.03320515
1.350	-1.550	0.000	-0.03108128
1.450	-1.550	0.000	-0.02920765
1.550	-1.550	0.000	-0.02843327
1.650	-1.550	0.000	-0.02859720
1.750	-1.550	0.000	-0.03009478
1.850	-1.550	0.000	-0.03309263
1.950	-1.550	0.000	-0.03839806
2.050	-1.550	0.000	-0.04390748
2.150	-1.550	0.000	-0.05007333
2.250	-1.550	0.000	-0.05409873
2.350	-1.550	0.000	-0.05728987
2.450	-1.550	0.000	-0.05585777
-2.450	-1.450	0.000	-0.06967080
-2.350	-1.450	0.000	-0.07049335
-2.250	-1.450	0.000	-0.07065985
-2.150	-1.450	0.000	-0.06950790
-2.050	-1.450	0.000	-0.06642396
-1.950	-1.450	0.000	-0.06003646
-1.850	-1.450	0.000	-0.05283193
-1.750	-1.450	0.000	-0.04587195
-1.650	-1.450	0.000	-0.04150877
-1.550	-1.450	0.000	-0.03953603
-1.450	-1.450	0.000	-0.04000056
-1.350	-1.450	0.000	-0.04282746
-1.250	-1.450	0.000	-0.04648174
-1.150	-1.450	0.000	-0.04944392
-1.050	-1.450	0.000	-0.05124545
-0.950	-1.450	0.000	-0.05101654
-0.850	-1.450	0.000	-0.04793169
-0.750	-1.450	0.000	-0.04612766
-0.650	-1.450	0.000	-0.04310597
-0.550	-1.450	0.000	-0.04206859
-0.450	-1.450	0.000	-0.04024182
-0.350	-1.450	0.000	-0.03932365
-0.250	-1.450	0.000	-0.03851919
-0.150	-1.450	0.000	-0.03791957
-0.050	-1.450	0.000	-0.03702791
0.050	-1.450	0.000	-0.03623644
0.150	-1.450	0.000	-0.03500617
0.250	-1.450	0.000	-0.03432957
0.350	-1.450	0.000	-0.03376786
0.450	-1.450	0.000	-0.03377927
0.550	-1.450	0.000	-0.03441998
0.650	-1.450	0.000	-0.03645543
0.750	-1.450	0.000	-0.03885291
0.850	-1.450	0.000	-0.04240939
0.950	-1.450	0.000	-0.04542024
1.050	-1.450	0.000	-0.04716673
1.150	-1.450	0.000	-0.04697925
1.250	-1.450	0.000	-0.04434540
1.350	-1.450	0.000	-0.04023455
1.450	-1.450	0.000	-0.03641633
1.550	-1.450	0.000	-0.03405284
1.650	-1.450	0.000	-0.03324585
1.750	-1.450	0.000	-0.03462331
1.850	-1.450	0.000	-0.03789248
1.950	-1.450	0.000	-0.04415846
2.050	-1.450	0.000	-0.05001082
2.150	-1.450	0.000	-0.05659409
2.250	-1.450	0.000	-0.05990706
2.350	-1.450	0.000	-0.06285035
2.450	-1.450	0.000	-0.06050827
-2.450	-1.350	0.000	-0.05543775
-2.350	-1.350	0.000	-0.05624525
-2.250	-1.350	0.000	-0.05660703
-2.150	-1.350	0.000	-0.05582091
-2.050	-1.350	0.000	-0.05345684
-1.950	-1.350	0.000	-0.04736697
-1.850	-1.350	0.000	-0.04007634
-1.750	-1.350	0.000	-0.03260444
-1.650	-1.350	0.000	-0.02752219
-1.550	-1.350	0.000	-0.02510707
-1.450	-1.350	0.000	-0.02490073
-1.350	-1.350	0.000	-0.02698083
-1.250	-1.350	0.000	-0.02998341
-1.150	-1.350	0.000	-0.03196185
-1.050	-1.350	0.000	-0.03256823
-0.950	-1.350	0.000	-0.03211814
-0.850	-1.350	0.000	-0.02914060
-0.750	-1.350	0.000	-0.02793111
-0.650	-1.350	0.000	-0.02562618
-0.550	-1.350	0.000	-0.02533584
-0.450	-1.350	0.000	-0.02445823
-0.350	-1.350	0.000	-0.02445582
-0.250	-1.350	0.000	-0.02537320
-0.150	-1.350	0.000	-0.02634175
-0.050	-1.350	0.000	-0.02771138
0.050	-1.350	0.000	-0.02909592
0.150	-1.350	0.000	-0.03036707
0.250	-1.350	0.000	-0.03191012
0.350	-1.350	0.000	-0.03331091
0.450	-1.350	0.000	-0.03545349
0.550	-1.350	0.000	-0.03811119
0.650	-1.350	0.000	-0.04206145
0.750	-1.350	0.000	-0.04641485
0.850	-1.350	0.000	-0.05177510
0.950	-1.350	0.000	-0.05637458
1.050	-1.350	0.000	-0.05973559
1.150	-1.350	0.000	-0.06067470
1.250	-1.350	0.000	-0.05848835
1.350	-1.350	0.000	-0.05370473
1.450	-1.350	0.000	-0.04854667
1.550	-1.350	0.000	-0.04433519
1.650	-1.350	0.000	-0.04209063
1.750	-1.350	0.000	-0.04279407
1.850	-1.350	0.000	-0.04578378
1.950	-1.350	0.000	-0.05225353
2.050	-1.350	0.000	-0.05823745
2.150	-1.350	0.000	-0.06487621
2.250	-1.350	0.000	-0.06762945
2.350	-1.350	0.000	-0.07032166
2.450	-1.350	0.000	-0.06784328
-2.450	-1.250	0.000	-0.03687381
-2.350	-1.250	0.000	-0.03744575
-2.250	-1.250	0.000	-0.03843382
-2.150	-1.250	0.000	-0.03846009
-2.050	-1.250	0.000	-0.03697715
-1.950	-1.250	0.000	-0.03147441
-1.850	-1.250	0.000	-0.02455511
-1.750	-1.250	0.000	-0.01663001
-1.650	-1.250	0.000	-0.01069647
-1.550	-1.250	0.000	-0.00684289
-1.450	-1.250	0.000	-0.00499290
-1.350	-1.250	0.000	-0.00522926
-1.250	-1.250	0.000	-0.00616018
-1.150	-1.250	0.000	-0.00618400
-1.050	-1.250	0.000	-0.00536508
-0.950	-1.250	0.000	-0.00481979
-0.850	-1.250	0.000	-0.00188111
-0.750	-1.250	0.000	-0.00089649
-0.650	-1.250	0.000	0.00060333
-0.550	-1.250	0.000	-0.00018640
-0.450	-1.250	0.000	-0.00100965
-0.350	-1.250	0.000	-0.00304751
-0.250	-1.250	0.000	-0.00589394
-0.150	-1.250	0.000	-0.00913737
-0.050	-1.250	0.000	-0.01249834
0.050	-1.250	0.000	-0.01599092
0.150	-1.250	0.000	-0.01945985
0.250	-1.250	0.000	-0.02340753
0.350	-1.250	0.000	-0.02740347
0.450	-1.250	0.000	-0.03223515
0.550	-1.250	0.000	-0.03756960
0.650	-1.250	0.000	-0.04368867
0.750	-1.250	0.000	-0.05035559
0.850	-1.250	0.000	-0.05795405
0.950	-1.250	0.000	-0.06469612
1.050	-1.250	0.000	-0.07018266
1.150	-1.250	0.000	-0.07305386
1.250	-1.250	0.000	-0.07289796
1.350	-1.250	0.000	-0.06926635
1.450	-1.250	0.000	-0.06425245
1.550	-1.250	0.000	-0.05940309
1.650	-1.250	0.000	-0.05660612
1.750	-1.250	0.000	-0.05696722
1.850	-1.250	0.000	-0.05915020
1.950	-1.250	0.000	-0.06536657
2.050	-1.250	0.000	-0.06932054
2.150	-1.250	0.000	-0.07512942
2.250	-1.250	0.000	-0.07513855
2.350	-1.250	0.000	-0.07692911
2.450	-1.250	0.000	-0.07286850
-2.450	-1.150	0.000	-0.02079997
-2.350	-1.150	0.000	-0.02102434
-2.250	-1.150	0.000	-0.02164650
-2.150	-1.150	0.000	-0.02130638
-2.050	-1.150	0.000	-0.01936803
-1.950	-1.150	0.000	-0.01401489
-1.850	-1.150	0.000	-0.00696123
-1.750	-1.150	0.000	0.00117680
-1.650	-1.150	0.000	0.00787505
-1.550	-1.150	0.000	0.01271575
-1.450	-1.150	0.000	0.01559921
-1.350	-1.150	0.000	0.01709136
-1.250	-1.150	0.000	0.01772004
-1.150	-1.150	0.000	0.01840824
-1.050	-1.150	0.000	0.01972367
-0.950	-1.150	0.000	0.02063522
-0.850	-1.150	0.000	0.02402456
-0.750	-1.150	0.000	0.02417320
-0.650	-1.150	0.000	0.02469294
-0.550	-1.150	0.000	0.02270695
-0.450	-1.150	0.000	0.02027945
-0.350	-1.150	0.000	0.01708615
-0.250	-1.150	0.000	0.01256685
-0.150	-1.150	0.000	0.00810571
-0.050	-1.150	0.000	0.00309049
0.050	-1.150	0.000	-0.00212120
0.150	-1.150	0.000	-0.00742648
0.250	-1.150	0.000	-0.01304193
0.350	-1.150	0.000	-0.01908810
0.450	-1.150	0.000	-0.02597933
0.550	-1.150	0.000	-0.03387113
0.650	-1.150	0.000	-0.04251028
0.750	-1.150	0.000	-0.05163145
0.850	-1.150	0.000	-0.06152951
0.950	-1.150	0.000	-0.07043416
1.050	-1.150	0.000	-0.07809713
1.150	-1.150	0.000	-0.08294638
1.250	-1.150	0.000	-0.08484834
1.350	-1.150	0.000	-0.08326235
1.450	-1.150	0.000	-0.07973831
1.550	-1.150	0.000	-0.07548939
1.650	-1.150	0.000	-0.07188988
1.750	-1.150	0.000	-0.07145785
1.850	-1.150	0.000	-0.07228716
1.950	-1.150	0.000	-0.07752461
2.050	-1.150	0.000	-0.07867420
2.150	-1.150	0.000	-0.08361469
2.250	-1.150	0.000	-0.08047041
2.350	-1.150	0.000	-0.08142669
2.450	-1.150	0.000	-0.07495763
-2.450	-1.050	0.000	-0.00587486
-2.350	-1.050	0.000	-0.00515421
-2.250	-1.050	0.000	-0.00529277
-2.150	-1.050	0.000	-0.00454462
-2.050	-1.050	0.000	-0.00238828
-1.950	-1.050	0.000	0.00279264
-1.850	-1.050	0.000	0.00983149
-1.750	-1.050	0.000	0.01832120
-1.650	-1.050	0.000	0.02583693
-1.550	-1.050	0.000	0.03204602
-1.450	-1.050	0.000	0.03656773
-1.350	-1.050	0.000	0.03998665
-1.250	-1.050	0.000	0.04243718
-1.150	-1.050	0.000	0.04484890
-1.050	-1.050	0.000	0.04692606
-0.950	-1.050	0.000	0.04753009
-0.850	-1.050	0.000	0.05030803
-0.750	-1.050	0.000	0.04948068
-0.650	-1.050	0.000	0.04888646
-0.550	-1.050	0.000	0.04656566
-0.450	-1.050	0.000	0.04295067
-0.350	-1.050	0.000	0.03862084
-0.250	-1.050	0.000	0.03244675
-0.150	-1.050	0.000	0.02646620
-0.050	-1.050	0.000	0.01957234
0.050	-1.050	0.000	0.01274568
0.150	-1.050	0.000	0.00570056
0.250	-1.050	0.000	-0.00179831
0.350	-1.050	0.000	-0.00923778
0.450	-1.050	0.000	-0.01757080
0.550	-1.050	0.000	-0.02606938
0.650	-1.050	0.000	-0.03550131
0.750	-1.050	0.000	-0.04590627
0.850	-1.050	0.000	-0.05694607
0.950	-1.050	0.000	-0.06737197
1.050	-1.050	0.000	-0.07696883
1.150	-1.050	0.000	-0.08437059
1.250	-1.050	0.000	-0.08896544
1.350	-1.050	0.000	-0.09010713
1.450	-1.050	0.000	-0.08820715
1.550	-1.050	0.000	-0.08547033
1.650	-1.050	0.000	-0.08191311
1.750	-1.050	0.000	-0.08106621
1.850	-1.050	0.000	-0.07918081
1.950	-1.050	0.000	-0.08346133
2.050	-1.050	0.000	-0.08228881
2.150	-1.050	0.000	-0.08659519
2.250	-1.050	0.000	-0.08176040
2.350	-1.050	0.000	-0.08245748
2.450	-1.050	0.000	-0.07453714
-2.450	-0.950	0.000	0.00632144
-2.350	-0.950	0.000	0.00742648
-2.250	-0.950	0.000	0.00782138
-2.150	-0.950	0.000	0.00935229
-2.050	-0.950	0.000	0.01250768
-1.950	-0.950	0.000	0.01821208
-1.850	-0.950	0.000	0.02528813
-1.750	-0.950	0.000	0.03411537
-1.650	-0.950	0.000	0.04242396
-1.550	-0.950	0.000	0.04973108
-1.450	-0.950	0.000	0.05574001
-1.350	-0.950	0.000	0.06033045
-1.250	-0.950	0.000	0.06376009
-1.150	-0.950	0.000	0.06736925
-1.050	-0.950	0.000	0.07003305
-0.950	-0.950	0.000	0.07116422
-0.850	-0.950	0.000	0.07389801
-0.750	-0.950	0.000	0.07252925
-0.650	-0.950	0.000	0.07065255
-0.550	-0.950	0.000	0.06716657
-0.450	-0.950	0.000	0.06181504
-0.350	-0.950	0.000	0.05609424
-0.250	-0.950	0.000	0.04885810
-0.150	-0.950	0.000	0.04187160
-0.050	-0.950	0.000	0.03438883
0.050	-0.950	0.000	0.02713042
0.150	-0.950	0.000	0.01980562
0.250	-0.950	0.000	0.01207687
0.350	-0.950	0.000	0.00432242
0.450	-0.950	0.000	-0.00441587
0.550	-0.950	0.000	-0.01361150
0.650	-0.950	0.000	-0.02345500
0.750	-0.950	0.000	-0.03412208
0.850	-0.950	0.000	-0.04499646
0.950	-0.950	0.000	-0.05610017
1.050	-0.950	0.000	-0.06647207
1.150	-0.950	0.000	-0.07505955
1.250	-0.950	0.000	-0.08184181
1.350	-0.950	0.000	-0.08588817
1.450	-0.950	0.000	-0.08642790
1.550	-0.950	0.000	-0.08644287
1.650	-0.950	0.000	-0.08436370
1.750	-0.950	0.000	-0.08495972
1.850	-0.950	0.000	-0.08216849
1.950	-0.950	0.000	-0.08581766
2.050	-0.950	0.000	-0.08171612
2.150	-0.950	0.000	-0.08505443
2.250	-0.950	0.000	-0.07932383
2.350	-0.950	0.000	-0.08020601
2.450	-0.950	0.000	-0.07239017
-2.450	-0.850	0.000	0.01191427
-2.350	-0.850	0.000	0.01381827
-2.250	-0.850	0.000	0.01636552
-2.150	-0.850	0.000	0.01938640
-2.050	-0.850	0.000	0.02359265
-1.950	-0.850	0.000	0.02936912
-1.850	-0.850	0.000	0.03652311
-1.750	-0.850	0.000	0.04532802
-1.650	-0.850	0.000	0.05410859
-1.550	-0.850	0.000	0.06276694
-1.450	-0.850	0.000	0.07044740
-1.350	-0.850	0.000	0.07727969
-1.250	-0.850	0.000	0.08290402
-1.150	-0.850	0.000	0.08712237
-1.050	-0.850	0.000	0.08959573
-0.950	-0.850	0.000	0.09140754
-0.850	-0.850	0.000	0.09310902
-0.750	-0.850	0.000	0.09180991
-0.650	-0.850	0.000	0.08901157
-0.550	-0.850	0.000	0.08524062
-0.450	-0.850	0.000	0.07894575
-0.350	-0.850	0.000	0.07269049
-0.250	-0.850	0.000	0.06488784
-0.150	-0.850	0.000	0.05765126
-0.050	-0.850	0.000	0.04971473
0.050	-0.850	0.000	0.04223735
0.150	-0.850	0.000	0.03461200
0.250	-0.850	0.000	0.02708268
0.350	-0.850	0.000	0.01939760
0.450	-0.850	0.000	0.01070364
0.550	-0.850	0.000	0.00157269
0.650	-0.850	0.000	-0.00863054
0.750	-0.850	0.000	-0.01964782
0.850	-0.850	0.000	-0.03119352
0.950	-0.850	0.000	-0.04337670
1.050	-0.850	0.000	-0.05453983
1.150	-0.850	0.000	-0.06465989
1.250	-0.850	0.000	-0.07304440
1.350	-0.850	0.000	-0.07911289
1.450	-0.850	0.000	-0.08159724
1.550	-0.850	0.000	-0.08259910
1.650	-0.850	0.000	-0.08106691
1.750	-0.850	0.000	-0.08138128
1.850	-0.850	0.000	-0.07812899
1.950	-0.850	0.000	-0.08165316
2.050	-0.850	0.000	-0.07703323
2.150	-0.850	0.000	-0.08011685
2.250	-0.850	0.000	-0.07418723
2.350	-0.850	0.000	-0.07492501
2.450	-0.850	0.000	-0.06675804
-2.450	-0.750	0.000	0.01631871
-2.350	-0.750	0.000	0.01876746
-2.250	-0.750	0.000	0.02154732
-2.150	-0.750	0.000	0.02496487
-2.050	-0.750	0.000	0.02972903
-1.950	-0.750	0.000	0.03567504
-1.850	-0.750	0.000	0.04273275
-1.750	-0.750	0.000	0.05124695
-1.650	-0.750	0.000	0.06046174
-1.550	-0.750	0.000	0.07050444
-1.450	-0.750	0.000	0.08018328
-1.350	-0.750	0.000	0.08891455
-1.250	-0.750	0.000	0.09649451
-1.150	-0.750	0.000	0.10274035
-1.050	-0.750	0.000	0.10646741
-0.950	-0.750	0.000	0.10888079
-0.850	-0.750	0.000	0.10923415
-0.750	-0.750	0.000	0.10788826
-0.650	-0.750	0.000	0.10464565
-0.550	-0.750	0.000	0.10080714
-0.450	-0.750	0.000	0.09400868
-0.350	-0.750	0.000	0.08716533
-0.250	-0.750	0.000	0.07888705
-0.150	-0.750	0.000	0.07149270
-0.050	-0.750	0.000	0.06332825
0.050	-0.750	0.000	0.05605374
0.150	-0.750	0.000	0.04846541
0.250	-0.750	0.000	0.04109659
0.350	-0.750	0.000	0.03357019
0.450	-0.750	0.000	0.02596555
0.550	-0.750	0.000	0.01765055
0.650	-0.750	0.000	0.00854116
0.750	-0.750	0.000	-0.00151923
0.850	-0.750	0.000	-0.01244662
0.950	-0.750	0.000	-0.02464851
1.050	-0.750	0.000	-0.03571508
1.150	-0.750	0.000	-0.04667876
1.250	-0.750	0.000	-0.05631078
1.350	-0.750	0.000	-0.06419981
1.450	-0.750	0.000	-0.06932399
1.550	-0.750	0.000	-0.07331046
1.650	-0.750	0.000	-0.07385687
1.750	-0.750	0.000	-0.07676325
1.850	-0.750	0.000	-0.07452868
1.950	-0.750	0.000	-0.07916929
2.050	-0.750	0.000	-0.07519443
2.150	-0.750	0.000	-0.07979954
2.250	-0.750	0.000	-0.07451447
2.350	-0.750	0.000	-0.07686182
2.450	-0.750	0.000	-0.06918629
-2.450	-0.650	0.000	0.01454149
-2.350	-0.650	0.000	0.01680988
-2.250	-0.650	0.000	0.02119455
-2.150	-0.650	0.000	0.02572745
-2.050	-0.650	0.000	0.03122852
-1.950	-0.650	0.000	0.03636862
-1.850	-0.650	0.000	0.04225880
-1.750	-0.650	0.000	0.04977428
-1.650	-0.650	0.000	0.05868922
-1.550	-0.650	0.000	0.06907189
-1.450	-0.650	0.000	0.08063564
-1.350	-0.650	0.000	0.09239441
-1.250	-0.650	0.000	0.10286169
-1.150	-0.650	0.000	0.11155143
-1.050	-0.650	0.000	0.11706913
-0.950	-0.650	0.000	0.12104220
-0.850	-0.650	0.000	0.12145446
-0.750	-0.650	0.000	0.12013552
-0.650	-0.650	0.000	0.11613755
-0.550	-0.650	0.000	0.11161246
-0.450	-0.650	0.000	0.10419924
-0.350	-0.650	0.000	0.09713542
-0.250	-0.650	0.000	0.08940821
-0.150	-0.650	0.000	0.08241048
-0.050	-0.650	0.000	0.07511424
0.050	-0.650	0.000	0.06867347
0.150	-0.650	0.000	0.06234545
0.250	-0.650	0.000	0.05620481
0.350	-0.650	0.000	0.04979042
0.450	-0.650	0.000	0.04362340
0.550	-0.650	0.000	0.03607177
0.650	-0.650	0.000	0.02810296
0.750	-0.650	0.000	0.01844377
0.850	-0.650	0.000	0.00794018
0.950	-0.650	0.000	-0.00404827
1.050	-0.650	0.000	-0.01594117
1.150	-0.650	0.000	-0.02810271
1.250	-0.650	0.000	-0.03920525
1.350	-0.650	0.000	-0.04896582
1.450	-0.650	0.000	-0.05611116
1.550	-0.650	0.000	-0.06227412
1.650	-0.650	0.000	-0.06424805
1.750	-0.650	0.000	-0.06923960
1.850	-0.650	0.000	-0.06798721
1.950	-0.650	0.000	-0.07370833
2.050	-0.650	0.000	-0.06956806
2.150	-0.650	0.000	-0.07410306
2.250	-0.650	0.000	-0.07198777
2.350	-0.650	0.000	-0.07320309
2.450	-0.650	0.000	-0.07076349
-2.450	-0.550	0.000	0.01144102
-2.350	-0.550	0.000	0.01297204
-2.250	-0.550	0.000	0.01747415
-2.150	-0.550	0.000	0.02193973
-2.050	-0.550	0.000	0.02671636
-1.950	-0.550	0.000	0.03018119
-1.850	-0.550	0.000	0.03450473
-1.750	-0.550	0.000	0.04012372
-1.650	-0.550	0.000	0.04769973
-1.550	-0.550	0.000	0.05849987
-1.450	-0.550	0.000	0.07224721
-1.350	-0.550	0.000	0.08720263
-1.250	-0.550	0.000	0.10168230
-1.150	-0.550	0.000	0.11353386
-1.050	-0.550	0.000	0.12159580
-0.950	-0.550	0.000	0.12757257
-0.850	-0.550	0.000	0.12908421
-0.750	-0.550	0.000	0.12842740
-0.650	-0.550	0.000	0.12517472
-0.550	-0.550	0.000	0.12093924
-0.450	-0.550	0.000	0.11419407
-0.350	-0.550	0.000	0.10747502
-0.250	-0.550	0.000	0.10022759
-0.150	-0.550	0.000	0.09342826
-0.050	-0.550	0.000	0.08683099
0.050	-0.550	0.000	0.08091810
0.150	-0.550	0.000	0.07528248
0.250	-0.550	0.000	0.07016808
0.350	-0.550	0.000	0.06458268
0.450	-0.550	0.000	0.05949071
0.550	-0.550	0.000	0.05254950
0.650	-0.550	0.000	0.04592184
0.750	-0.550	0.000	0.03659827
0.850	-0.550	0.000	0.02662693
0.950	-0.550	0.000	0.01561006
1.050	-0.550	0.000	0.00295060
1.150	-0.550	0.000	-0.01031231
1.250	-0.550	0.000	-0.02242124
1.350	-0.550	0.000	-0.03371808
1.450	-0.550	0.000	-0.04315325
1.550	-0.550	0.000	-0.05155803
1.650	-0.550	0.000	-0.05612790
1.750	-0.550	0.000	-0.06362383
1.850	-0.550	0.000	-0.06479295
1.950	-0.550	0.000	-0.07387131
2.050	-0.550	0.000	-0.07337198
2.150	-0.550	0.000	-0.07840462
2.250	-0.550	0.000	-0.07707175
2.350	-0.550	0.000	-0.07780543
2.450	-0.550	0.000	-0.07636025
-2.450	-0.450	0.000	0.00661499
-2.350	-0.450	0.000	0.00726024
-2.250	-0.450	0.000	0.01060951
-2.150	-0.450	0.000	0.01378912
-2.050	-0.450	0.000	0.01692521
-1.950	-0.450	0.000	0.01766637
-1.850	-0.450	0.000	0.01880058
-1.750	-0.450	0.000	0.02119479
-1.650	-0.450	0.000	0.02731028
-1.550	-0.450	0.000	0.03735968
-1.450	-0.450	0.000	0.05211508
-1.350	-0.450	0.000	0.07008381
-1.250	-0.450	0.000	0.08914272
-1.150	-0.450	0.000	0.10642525
-1.050	-0.450	0.000	0.11986097
-0.950	-0.450	0.000	0.12936607
-0.850	-0.450	0.000	0.13313104
-0.750	-0.450	0.000	0.13412748
-0.650	-0.450	0.000	0.13206892
-0.550	-0.450	0.000	0.12833200
-0.450	-0.450	0.000	0.12224764
-0.350	-0.450	0.000	0.11631425
-0.250	-0.450	0.000	0.10964340
-0.150	-0.450	0.000	0.10422309
-0.050	-0.450	0.000	0.09856545
0.050	-0.450	0.000	0.09402610
0.150	-0.450	0.000	0.08914998
0.250	-0.450	0.000	0.08538340
0.350	-0.450	0.000	0.08071422
0.450	-0.450	0.000	0.07687065
0.550	-0.450	0.000	0.07050522
0.650	-0.450	0.000	0.06478776
0.750	-0.450	0.000	0.05515150
0.850	-0.450	0.000	0.04530974
0.950	-0.450	0.000	0.03416213
1.050	-0.450	0.000	0.02057192
1.150	-0.450	0.000	0.00647775
1.250	-0.450	0.000	-0.00691317
1.350	-0.450	0.000	-0.01945634
1.450	-0.450	0.000	-0.03150404
1.550	-0.450	0.000	-0.04175930
1.650	-0.450	0.000	-0.04953760
1.750	-0.450	0.000	-0.05900947
1.850	-0.450	0.000	-0.06125885
1.950	-0.450	0.000	-0.07127462
2.050	-0.450	0.000	-0.07483011
2.150	-0.450	0.000	-0.08091842
2.250	-0.450	0.000	-0.08514987
2.350	-0.450	0.000	-0.08628350
2.450	-0.450	0.000	-0.08899774
-2.450	-0.350	0.000	0.00336355
-2.350	-0.350	0.000	0.00243641
-2.250	-0.350	0.000	0.00440044
-2.150	-0.350	0.000	0.00543548
-2.050	-0.350	0.000	0.00532340
-1.950	-0.350	0.000	0.00208726
-1.850	-0.350	0.000	-0.00024862
-1.750	-0.350	0.000	-0.00114116
-1.650	-0.350	0.000	0.00188439
-1.550	-0.350	0.000	0.00912675
-1.450	-0.350	0.000	0.02234869
-1.350	-0.350	0.000	0.04141655
-1.250	-0.350	0.000	0.06521957
-1.150	-0.350	0.000	0.08917695
-1.050	-0.350	0.000	0.10963614
-0.950	-0.350	0.000	0.12499629
-0.850	-0.350	0.000	0.13246058
-0.750	-0.350	0.000	0.13636515
-0.650	-0.350	0.000	0.13666266
-0.550	-0.350	0.000	0.13385826
-0.450	-0.350	0.000	0.12951274
-0.350	-0.350	0.000	0.12447593
-0.250	-0.350	0.000	0.11872594
-0.150	-0.350	0.000	0.11388180
-0.050	-0.350	0.000	0.10851429
0.050	-0.350	0.000	0.10446235
0.150	-0.350	0.000	0.10008622
0.250	-0.350	0.000	0.09672818
0.350	-0.350	0.000	0.09253667
0.450	-0.350	0.000	0.08917292
0.550	-0.350	0.000	0.08322391
0.650	-0.350	0.000	0.07805318
0.750	-0.350	0.000	0.06862172
0.850	-0.350	0.000	0.05963133
0.950	-0.350	0.000	0.04786258
1.050	-0.350	0.000	0.03354412
1.150	-0.350	0.000	0.01863301
1.250	-0.350	0.000	0.00396166
1.350	-0.350	0.000	-0.01010852
1.450	-0.350	0.000	-0.02259420
1.550	-0.350	0.000	-0.03364334
1.650	-0.350	0.000	-0.04327061
1.750	-0.350	0.000	-0.05366268
1.850	-0.350	0.000	-0.06046331
1.950	-0.350	0.000	-0.07029343
2.050	-0.350	0.000	-0.07648916
2.150	-0.350	0.000	-0.08299364
2.250	-0.350	0.000	-0.08937079
2.350	-0.350	0.000	-0.09069970
2.450	-0.350	0.000	-0.09528651
-2.450	-0.250	0.000	-0.00161226
-2.350	-0.250	0.000	-0.00389544
-2.250	-0.250	0.000	-0.00433689
-2.150	-0.250	0.000	-0.00580014
-2.050	-0.250	0.000	-0.00872149
-1.950	-0.250	0.000	-0.01396168
-1.850	-0.250	0.000	-0.01809937
-1.750	-0.250	0.000	-0.02128324
-1.650	-0.250	0.000	-0.02071454
-1.550	-0.250	0.000	-0.01647606
-1.450	-0.250	0.000	-0.00682493
-1.350	-0.250	0.000	0.00894955
-1.250	-0.250	0.000	0.03114896
-1.150	-0.250	0.000	0.05832677
-1.050	-0.250	0.000	0.08657742
-0.950	-0.250	0.000	0.11091285
-0.850	-0.250	0.000	0.12477917
-0.750	-0.250	0.000	0.13352306
-0.650	-0.250	0.000	0.13848245
-0.550	-0.250	0.000	0.13813940
-0.450	-0.250	0.000	0.13588977
-0.350	-0.250	0.000	0.13213089
-0.250	-0.250	0.000	0.12738785
-0.150	-0.250	0.000	0.12384748
-0.050	-0.250	0.000	0.11929457
0.050	-0.250	0.000	0.11570675
0.150	-0.250	0.000	0.11184700
0.250	-0.250	0.000	0.10846849
0.350	-0.250	0.000	0.10428371
0.450	-0.250	0.000	0.10040557
0.550	-0.250	0.000	0.09428674
0.650	-0.250	0.000	0.08845985
0.750	-0.250	0.000	0.07900743
0.850	-0.250	0.000	0.06947618
0.950	-0.250	0.000	0.05741523
1.050	-0.250	0.000	0.04270872
1.150	-0.250	0.000	0.02796630
1.250	-0.250	0.000	0.01304671
1.350	-0.250	0.000	-0.00081654
1.450	-0.250	0.000	-0.01449415
1.550	-0.250	0.000	-0.02646425
1.650	-0.250	0.000	-0.03741155
1.750	-0.250	0.000	-0.04740588
1.850	-0.250	0.000	-0.05691507
1.950	-0.250	0.000	-0.06669147
2.050	-0.250	0.000	-0.07541575
2.150	-0.250	0.000	-0.08075240
2.250	-0.250	0.000	-0.08871548
2.350	-0.250	0.000	-0.08964279
2.450	-0.250	0.000	-0.09777267
-2.450	-0.150	0.000	-0.00221650
-2.350	-0.150	0.000	-0.00584115
-2.250	-0.150	0.000	-0.00936149
-2.150	-0.150	0.000	-0.01432423
-2.050	-0.150	0.000	-0.02066321
-1.950	-0.150	0.000	-0.02716425
-1.850	-0.150	0.000	-0.03151644
-1.750	-0.150	0.000	-0.03443510
-1.650	-0.150	0.000	-0.03418795
-1.550	-0.150	0.000	-0.03182377
-1.450	-0.150	0.000	-0.02621211
-1.350	-0.150	0.000	-0.01685080
-1.250	-0.150	0.000	-0.00152800
-1.150	-0.150	0.000	0.02244116
-1.050	-0.150	0.000	0.05290350
-0.950	-0.150	0.000	0.08450545
-0.850	-0.150	0.000	0.10675462
-0.750	-0.150	0.000	0.12343649
-0.650	-0.150	0.000	0.13346238
-0.550	-0.150	0.000	0.13707732
-0.450	-0.150	0.000	0.13802622
-0.350	-0.150	0.000	0.13638374
-0.250	-0.150	0.000	0.13385715
-0.150	-0.150	0.000	0.13096479
-0.050	-0.150	0.000	0.12694713
0.050	-0.150	0.000	0.12334926
0.150	-0.150	0.000	0.11979433
0.250	-0.150	0.000	0.11651435
0.350	-0.150	0.000	0.11250057
0.450	-0.150	0.000	0.10858145
0.550	-0.150	0.000	0.10259341
0.650	-0.150	0.000	0.09613118
0.750	-0.150	0.000	0.08675938
0.850	-0.150	0.000	0.07580365
0.950	-0.150	0.000	0.06325139
1.050	-0.150	0.000	0.04838813
1.150	-0.150	0.000	0.03354376
1.250	-0.150	0.000	0.01887659
1.350	-0.150	0.000	0.00474060
1.450	-0.150	0.000	-0.00784707
1.550	-0.150	0.000	-0.01861468
1.650	-0.150	0.000	-0.02949560
1.750	-0.150	0.000	-0.03924798
1.850	-0.150	0.000	-0.04878822
1.950	-0.150	0.000	-0.05663056
2.050	-0.150	0.000	-0.06777979
2.150	-0.150	0.000	-0.07290838
2.250	-0.150	0.000	-0.08376104
2.350	-0.150	0.000	-0.08531092
2.450	-0.150	0.000	-0.09694003
-2.450	-0.050	0.000	-0.00521320
-2.350	-0.050	0.000	-0.00967654
-2.250	-0.050	0.000	-0.01605912
-2.150	-0.050	0.000	-0.02274901
-2.050	-0.050	0.000	-0.02978507
-1.950	-0.050	0.000	-0.03501626
-1.850	-0.050	0.000	-0.03837648
-1.750	-0.050	0.000	-0.04009370
-1.650	-0.050	0.000	-0.04000274
-1.550	-0.050	0.000	-0.03858845
-1.450	-0.050	0.000	-0.03563261
-1.350	-0.050	0.000	-0.03043936
-1.250	-0.050	0.000	-0.02144272
-1.150	-0.050	0.000	-0.00583321
-1.050	-0.050	0.000	0.01695657
-0.950	-0.050	0.000	0.04685678
-0.850	-0.050	0.000	0.07516017
-0.750	-0.050	0.000	0.10178734
-0.650	-0.050	0.000	0.11898030
-0.550	-0.050	0.000	0.12877333
-0.450	-0.050	0.000	0.13459878
-0.350	-0.050	0.000	0.13584459
-0.250	-0.050	0.000	0.13539976
-0.150	-0.050	0.000	0.13392858
-0.050	-0.050	0.000	0.13165890
0.050	-0.050	0.000	0.12845986
0.150	-0.050	0.000	0.12543605
0.250	-0.050	0.000	0.12144102
0.350	-0.050	0.000	0.11654923
0.450	-0.050	0.000	0.11085337
0.550	-0.050	0.000	0.10400349
0.650	-0.050	0.000	0.09606908
0.750	-0.050	0.000	0.08684034
0.850	-0.050	0.000	0.07555576
0.950	-0.050	0.000	0.06368903
1.050	-0.050	0.000	0.04978116
1.150	-0.050	0.000	0.03675227
1.250	-0.050	0.000	0.02319366
1.350	-0.050	0.000	0.01190911
1.450	-0.050	0.000	0.00034286
1.550	-0.050	0.000	-0.00920442
1.650	-0.050	0.000	-0.02045715
1.750	-0.050	0.000	-0.02789847
1.850	-0.050	0.000	-0.03984558
1.950	-0.050	0.000	-0.04640342
2.050	-0.050	0.000	-0.05872131
2.150	-0.050	0.000	-0.06404987
2.250	-0.050	0.000	-0.07604618
2.350	-0.050	0.000	-0.07932951
2.450	-0.050	0.000	-0.09199520
-2.450	0.050	0.000	-0.00543421
-2.350	0.050	0.000	-0.01032808
-2.250	0.050	0.000	-0.01915866
-2.150	0.050	0.000	-0.02745987
-2.050	0.050	0.000	-0.03446729
-1.950	0.050	0.000	-0.03830126
-1.850	0.050	0.000	-0.04033870
-1.750	0.050	0.000	-0.04018308
-1.650	0.050	0.000	-0.03981147
-1.550	0.050	0.000	-0.03896876
-1.450	0.050	0.000	-0.03743853
-1.350	0.050	0.000	-0.03466732
-1.250	0.050	0.000	-0.03047240
-1.150	0.050	0.000	-0.02273724
-1.050	0.050	0.000	-0.00905078
-0.950	0.050	0.000	0.01261426
-0.850	0.050	0.000	0.03873212
-0.750	0.050	0.000	0.06794799
-0.650	0.050	0.000	0.09018324
-0.550	0.050	0.000	0.10882883
-0.450	0.050	0.000	0.12144772
-0.350	0.050	0.000	0.12833391
-0.250	0.050	0.000	0.13148858
-0.150	0.050	0.000	0.13244852
-0.050	0.050	0.000	0.13105498
0.050	0.050	0.000	0.12917790
0.150	0.050	0.000	0.12578300
0.250	0.050	0.000	0.12155776
0.350	0.050	0.000	0.11726762
0.450	0.050	0.000	0.11093713
0.550	0.050	0.000	0.10478360
0.650	0.050	0.000	0.09522872
0.750	0.050	0.000	0.08683093
0.850	0.050	0.000	0.07466943
0.950	0.050	0.000	0.06347314
1.050	0.050	0.000	0.05098199
1.150	0.050	0.000	0.04059602
1.250	0.050	0.000	0.02925416
1.350	0.050	0.000	0.02011281
1.450	0.050	0.000	0.00976477
1.550	0.050	0.000	0.00203402
1.650	0.050	0.000	-0.00779210
1.750	0.050	0.000	-0.01426082
1.850	0.050	0.000	-0.02646365
1.950	0.050	0.000	-0.03203673
2.050	0.050	0.000	-0.04371914
2.150	0.050	0.000	-0.05043636
2.250	0.050	0.000	-0.06228258
2.350	0.050	0.000	-0.06818550
2.450	0.050	0.000	-0.08129028
-2.450	0.150	0.000	-0.00755315
-2.350	0.150	0.000	-0.01387422
-2.250	0.150	0.000	-0.02414194
-2.150	0.150	0.000	-0.03146858
-2.050	0.150	0.000	-0.03768862
-1.950	0.150	0.000	-0.03963523
-1.850	0.150	0.000	-0.04035953
-1.750	0.150	0.000	-0.03884041
-1.650	0.150	0.000	-0.03777544
-1.550	0.150	0.000	-0.03657198
-1.450	0.150	0.000	-0.03574542
-1.350	0.150	0.000	-0.03480194
-1.250	0.150	0.000	-0.03369138
-1.150	0.150	0.000	-0.03076161
-1.050	0.150	0.000	-0.02382545
-0.950	0.150	0.000	-0.01188439
-0.850	0.150	0.000	0.00621577
-0.750	0.150	0.000	0.03096625
-0.650	0.150	0.000	0.05489808
-0.550	0.150	0.000	0.07962503
-0.450	0.150	0.000	0.09682065
-0.350	0.150	0.000	0.11035341
-0.250	0.150	0.000	0.11881650
-0.150	0.150	0.000	0.12363190
-0.050	0.150	0.000	0.12557030
0.050	0.150	0.000	0.12512735
0.150	0.150	0.000	0.12351787
0.250	0.150	0.000	0.11908656
0.350	0.150	0.000	0.11454705
0.450	0.150	0.000	0.10697408
0.550	0.150	0.000	0.10053921
0.650	0.150	0.000	0.09084316
0.750	0.150	0.000	0.08277372
0.850	0.150	0.000	0.07201550
0.950	0.150	0.000	0.06234264
1.050	0.150	0.000	0.05286541
1.150	0.150	0.000	0.04455420
1.250	0.150	0.000	0.03525179
1.350	0.150	0.000	0.02803488
1.450	0.150	0.000	0.01975738
1.550	0.150	0.000	0.01412173
1.650	0.150	0.000	0.00496431
1.750	0.150	0.000	0.00041720
1.850	0.150	0.000	-0.01240189
1.950	0.150	0.000	-0.01813381
2.050	0.150	0.000	-0.03135779
2.150	0.150	0.000	-0.04006498
2.250	0.150	0.000	-0.05068493
2.350	0.150	0.000	-0.05895213
2.450	0.150	0.000	-0.07026225
-2.450	0.250	0.000	-0.01113017
-2.350	0.250	0.000	-0.01692764
-2.250	0.250	0.000	-0.02808120
-2.150	0.250	0.000	-0.03560763
-2.050	0.250	0.000	-0.04172075
-1.950	0.250	0.000	-0.04088826
-1.850	0.250	0.000	-0.03937306
-1.750	0.250	0.000	-0.03532260
-1.650	0.250	0.000	-0.03385266
-1.550	0.250	0.000	-0.03280133
-1.450	0.250	0.000	-0.03322130
-1.350	0.250	0.000	-0.03421569
-1.250	0.250	0.000	-0.03553938
-1.150	0.250	0.000	-0.03553342
-1.050	0.250	0.000	-0.03266773
-0.950	0.250	0.000	-0.02687653
-0.850	0.250	0.000	-0.01656682
-0.750	0.250	0.000	0.00057133
-0.650	0.250	0.000	0.02133878
-0.550	0.250	0.000	0.04613072
-0.450	0.250	0.000	0.06600112
-0.350	0.250	0.000	0.08643408
-0.250	0.250	0.000	0.09967087
-0.150	0.250	0.000	0.10923319
-0.050	0.250	0.000	0.11462135
0.050	0.250	0.000	0.11622414
0.150	0.250	0.000	0.11618605
0.250	0.250	0.000	0.11297484
0.350	0.250	0.000	0.11012683
0.450	0.250	0.000	0.10246825
0.550	0.250	0.000	0.09727924
0.650	0.250	0.000	0.08717337
0.750	0.250	0.000	0.08001277
0.850	0.250	0.000	0.07116454
0.950	0.250	0.000	0.06256817
1.050	0.250	0.000	0.05578797
1.150	0.250	0.000	0.04958502
1.250	0.250	0.000	0.04286852
1.350	0.250	0.000	0.03873026
1.450	0.250	0.000	0.03174711
1.550	0.250	0.000	0.02759898
1.650	0.250	0.000	0.01826850
1.750	0.250	0.000	0.01351110
1.850	0.250	0.000	0.00074699
1.950	0.250	0.000	-0.00537242
2.050	0.250	0.000	-0.01736480
2.150	0.250	0.000	-0.02682632
2.250	0.250	0.000	-0.03691312
2.350	0.250	0.000	-0.04585626
2.450	0.250	0.000	-0.05684019
-2.450	0.350	0.000	-0.01587865
-2.350	0.350	0.000	-0.02223935
-2.250	0.350	0.000	-0.03347074
-2.150	0.350	0.000	-0.04242948
-2.050	0.350	0.000	-0.04804847
-1.950	0.350	0.000	-0.04439862
-1.850	0.350	0.000	-0.04020113
-1.750	0.350	0.000	-0.03260093
-1.650	0.350	0.000	-0.02968222
-1.550	0.350	0.000	-0.02767407
-1.450	0.350	0.000	-0.02959229
-1.350	0.350	0.000	-0.03250361
-1.250	0.350	0.000	-0.03722200
-1.150	0.350	0.000	-0.04034480
-1.050	0.350	0.000	-0.04167280
-0.950	0.350	0.000	-0.03820710
-0.850	0.350	0.000	-0.03164909
-0.750	0.350	0.000	-0.01978319
-0.650	0.350	0.000	-0.00465234
-0.550	0.350	0.000	0.01584837
-0.450	0.350	0.000	0.03766846
-0.350	0.350	0.000	0.05841792
-0.250	0.350	0.000	0.07708346
-0.150	0.350	0.000	0.09053644
-0.050	0.350	0.000	0.10048803
0.050	0.350	0.000	0.10559446
0.150	0.350	0.000	0.10785761
0.250	0.350	0.000	0.10599829
0.350	0.350	0.000	0.10460562
0.450	0.350	0.000	0.09790145
0.550	0.350	0.000	0.09360065
0.650	0.350	0.000	0.08495916
0.750	0.350	0.000	0.07884014
0.850	0.350	0.000	0.07221257
0.950	0.350	0.000	0.06548445
1.050	0.350	0.000	0.06082864
1.150	0.350	0.000	0.05634353
1.250	0.350	0.000	0.05134816
1.350	0.350	0.000	0.04735085
1.450	0.350	0.000	0.04226533
1.550	0.350	0.000	0.03828754
1.650	0.350	0.000	0.03147662
1.750	0.350	0.000	0.02717983
1.850	0.350	0.000	0.01544055
1.950	0.350	0.000	0.00835572
2.050	0.350	0.000	-0.00450334
2.150	0.350	0.000	-0.01576439
2.250	0.350	0.000	-0.02558353
2.350	0.350	0.000	-0.03628509
2.450	0.350	0.000	-0.04752016
-2.450	0.450	0.000	-0.02448993
-2.350	0.450	0.000	-0.03154109
-2.250	0.450	0.000	-0.04279951
-2.150	0.450	0.000	-0.05263653
-2.050	0.450	0.000	-0.05838226
-1.950	0.450	0.000	-0.05366758
-1.850	0.450	0.000	-0.04729277
-1.750	0.450	0.000	-0.03595988
-1.650	0.450	0.000	-0.02974158
-1.550	0.450	0.000	-0.02568613
-1.450	0.450	0.000	-0.02816261
-1.350	0.450	0.000	-0.03288852
-1.250	0.450	0.000	-0.04116864
-1.150	0.450	0.000	-0.04618343
-1.050	0.450	0.000	-0.05100028
-0.950	0.450	0.000	-0.04986576
-0.850	0.450	0.000	-0.04480539
-0.750	0.450	0.000	-0.03546681
-0.650	0.450	0.000	-0.02289838
-0.550	0.450	0.000	-0.00630445
-0.450	0.450	0.000	0.01349096
-0.350	0.450	0.000	0.03409056
-0.250	0.450	0.000	0.05384454
-0.150	0.450	0.000	0.07121900
-0.050	0.450	0.000	0.08408349
0.050	0.450	0.000	0.09322888
0.150	0.450	0.000	0.09784061
0.250	0.450	0.000	0.09841945
0.350	0.450	0.000	0.09782454
0.450	0.450	0.000	0.09318163
0.550	0.450	0.000	0.08956654
0.650	0.450	0.000	0.08341051
0.750	0.450	0.000	0.07853470
0.850	0.450	0.000	0.07356953
0.950	0.450	0.000	0.06846464
1.050	0.450	0.000	0.06503740
1.150	0.450	0.000	0.06161812
1.250	0.450	0.000	0.05802002
1.350	0.450	0.000	0.05535983
1.450	0.450	0.000	0.05085190
1.550	0.450	0.000	0.04762606
1.650	0.450	0.000	0.04101176
1.750	0.450	0.000	0.03611141
1.850	0.450	0.000	0.02421653
1.950	0.450	0.000	0.01635159
2.050	0.450	0.000	0.00262134
2.150	0.450	0.000	-0.00931659
2.250	0.450	0.000	-0.02001990
2.350	0.450	0.000	-0.03170625
2.450	0.450	0.000	-0.04253297
-2.450	0.550	0.000	-0.02830703
-2.350	0.550	0.000	-0.03745838
-2.250	0.550	0.000	-0.04948902
-2.150	0.550	0.000	-0.06340612
-2.050	0.550	0.000	-0.07036587
-1.950	0.550	0.000	-0.06636962
-1.850	0.550	0.000	-0.06106469
-1.750	0.550	0.000	-0.04788974
-1.650	0.550	0.000	-0.04042679
-1.550	0.550	0.000	-0.03462342
-1.450	0.550	0.000	-0.03631391
-1.350	0.550	0.000	-0.04228785
-1.250	0.550	0.000	-0.05250130
-1.150	0.550	0.000	-0.05834053
-1.050	0.550	0.000	-0.06392497
-0.950	0.550	0.000	-0.06262915
-0.850	0.550	0.000	-0.05918193
-0.750	0.550	0.000	-0.05010515
-0.650	0.550	0.000	-0.03843046
-0.550	0.550	0.000	-0.02292642
-0.450	0.550	0.000	-0.00633728
-0.350	0.550	0.000	0.01411255
-0.250	0.550	0.000	0.03231140
-0.150	0.550	0.000	0.05132079
-0.050	0.550	0.000	0.06598372
0.050	0.550	0.000	0.07747125
0.150	0.550	0.000	0.08528928
0.250	0.550	0.000	0.08862444
0.350	0.550	0.000	0.08977742
0.450	0.550	0.000	0.08759051
0.550	0.550	0.000	0.08535792
0.650	0.550	0.000	0.08097901
0.750	0.550	0.000	0.07732391
0.850	0.550	0.000	0.07401571
0.950	0.550	0.000	0.07068516
1.050	0.550	0.000	0.06783815
1.150	0.550	0.000	0.06545385
1.250	0.550	0.000	0.06251176
1.350	0.550	0.000	0.05989908
1.450	0.550	0.000	0.05628073
1.550	0.550	0.000	0.05251581
1.650	0.550	0.000	0.04651351
1.750	0.550	0.000	0.04007270
1.850	0.550	0.000	0.02857659
1.950	0.550	0.000	0.01940150
2.050	0.550	0.000	0.00627717
2.150	0.550	0.000	-0.00634193
2.250	0.550	0.000	-0.01711148
2.350	0.550	0.000	-0.02954173
2.450	0.550	0.000	-0.03953739
-2.450	0.650	0.000	-0.03682155
-2.350	0.650	0.000	-0.04707583
-2.250	0.650	0.000	-0.05756870
-2.150	0.650	0.000	-0.07381253
-2.050	0.650	0.000	-0.07988862
-1.950	0.650	0.000	-0.07973611
-1.850	0.650	0.000	-0.07907356
-1.750	0.650	0.000	-0.07095125
-1.650	0.650	0.000	-0.06427577
-1.550	0.650	0.000	-0.05781292
-1.450	0.650	0.000	-0.05869990
-1.350	0.650	0.000	-0.06432725
-1.250	0.650	0.000	-0.07157760
-1.150	0.650	0.000	-0.07814641
-1.050	0.650	0.000	-0.08055745
-0.950	0.650	0.000	-0.07831010
-0.850	0.650	0.000	-0.07391673
-0.750	0.650	0.000	-0.06508670
-0.650	0.650	0.000	-0.05372309
-0.550	0.650	0.000	-0.03908050
-0.450	0.650	0.000	-0.02310200
-0.350	0.650	0.000	-0.00526945
-0.250	0.650	0.000	0.01292175
-0.150	0.650	0.000	0.03069656
-0.050	0.650	0.000	0.04669095
0.050	0.650	0.000	0.06003003
0.150	0.650	0.000	0.06924477
0.250	0.650	0.000	0.07573732
0.350	0.650	0.000	0.07830869
0.450	0.650	0.000	0.07897774
0.550	0.650	0.000	0.07773098
0.650	0.650	0.000	0.07582977
0.750	0.650	0.000	0.07306521
0.850	0.650	0.000	0.07099316
0.950	0.650	0.000	0.06867773
1.050	0.650	0.000	0.06632258
1.150	0.650	0.000	0.06400317
1.250	0.650	0.000	0.06178493
1.350	0.650	0.000	0.05880733
1.450	0.650	0.000	0.05594825
1.550	0.650	0.000	0.05164813
1.650	0.650	0.000	0.04693658
1.750	0.650	0.000	0.04089757
1.850	0.650	0.000	0.03116070
1.950	0.650	0.000	0.02239845
2.050	0.650	0.000	0.01063809
2.150	0.650	0.000	-0.00079418
2.250	0.650	0.000	-0.00980791
2.350	0.650	0.000	-0.02124504
2.450	0.650	0.000	-0.02920846
-2.450	0.750	0.000	-0.03715450
-2.350	0.750	0.000	-0.05050575
-2.250	0.750	0.000	-0.06124625
-2.150	0.750	0.000	-0.07969160
-2.050	0.750	0.000	-0.08582072
-1.950	0.750	0.000	-0.09040972
-1.850	0.750	0.000	-0.09403633
-1.750	0.750	0.000	-0.09287278
-1.650	0.750	0.000	-0.09227994
-1.550	0.750	0.000	-0.09182980
-1.450	0.750	0.000	-0.09560257
-1.350	0.750	0.000	-0.09980977
-1.250	0.750	0.000	-0.10137692
-1.150	0.750	0.000	-0.10305689
-1.050	0.750	0.000	-0.10005541
-0.950	0.750	0.000	-0.09643496
-0.850	0.750	0.000	-0.08926829
-0.750	0.750	0.000	-0.08029478
-0.650	0.750	0.000	-0.06855951
-0.550	0.750	0.000	-0.05518263
-0.450	0.750	0.000	-0.03964896
-0.350	0.750	0.000	-0.02385837
-0.250	0.750	0.000	-0.00669827
-0.150	0.750	0.000	0.00917802
-0.050	0.750	0.000	0.02465372
0.050	0.750	0.000	0.03820963
0.150	0.750	0.000	0.04903699
0.250	0.750	0.000	0.05691433
0.350	0.750	0.000	0.06141964
0.450	0.750	0.000	0.06477406
0.550	0.750	0.000	0.06492864
0.650	0.750	0.000	0.06574315
0.750	0.750	0.000	0.06427487
0.850	0.750	0.000	0.06355654
0.950	0.750	0.000	0.06227308
1.050	0.750	0.000	0.06054205
1.150	0.750	0.000	0.05852214
1.250	0.750	0.000	0.05672639
1.350	0.750	0.000	0.05335959
1.450	0.750	0.000	0.05082462
1.550	0.750	0.000	0.04587279
1.650	0.750	0.000	0.04143937
1.750	0.750	0.000	0.03629331
1.850	0.750	0.000	0.02999175
1.950	0.750	0.000	0.02454526
2.050	0.750	0.000	0.01788493
2.150	0.750	0.000	0.00921569
2.250	0.750	0.000	0.00286799
2.350	0.750	0.000	-0.00680387
2.450	0.750	0.000	-0.01226127
-2.450	0.850	0.000	-0.04892036
-2.350	0.850	0.000	-0.05872327
-2.250	0.850	0.000	-0.06873364
-2.150	0.850	0.000	-0.08288579
-2.050	0.850	0.000	-0.09028712
-1.950	0.850	0.000	-0.09700684
-1.850	0.850	0.000	-0.10585311
-1.750	0.850	0.000	-0.11059520
-1.650	0.850	0.000	-0.11687458
-1.550	0.850	0.000	-0.12452818
-1.450	0.850	0.000	-0.12958531
-1.350	0.850	0.000	-0.13424984
-1.250	0.850	0.000	-0.13452727
-1.150	0.850	0.000	-0.12915061
-1.050	0.850	0.000	-0.12169586
-0.950	0.850	0.000	-0.11422139
-0.850	0.850	0.000	-0.10508756
-0.750	0.850	0.000	-0.09501861
-0.650	0.850	0.000	-0.08329042
-0.550	0.850	0.000	-0.07105193
-0.450	0.850	0.000	-0.05625330
-0.350	0.850	0.000	-0.04258969
-0.250	0.850	0.000	-0.02702038
-0.150	0.850	0.000	-0.01296945
-0.050	0.850	0.000	0.00136741
0.050	0.850	0.000	0.01367111
0.150	0.850	0.000	0.02534619
0.250	0.850	0.000	0.03392854
0.350	0.850	0.000	0.04005843
0.450	0.850	0.000	0.04550643
0.550	0.850	0.000	0.04754535
0.650	0.850	0.000	0.05016970
0.750	0.850	0.000	0.05066942
0.850	0.850	0.000	0.05168927
0.950	0.850	0.000	0.05139457
1.050	0.850	0.000	0.05067290
1.150	0.850	0.000	0.04861731
1.250	0.850	0.000	0.04658278
1.350	0.850	0.000	0.04281884
1.450	0.850	0.000	0.03914493
1.550	0.850	0.000	0.03355351
1.650	0.850	0.000	0.02924679
1.750	0.850	0.000	0.02650861
1.850	0.850	0.000	0.02373052
1.950	0.850	0.000	0.02207067
2.050	0.850	0.000	0.01996356
2.150	0.850	0.000	0.01560942
2.250	0.850	0.000	0.01208664
2.350	0.850	0.000	0.00585508
2.450	0.850	0.000	0.00335816
-2.450	0.950	0.000	-0.04837656
-2.350	0.950	0.000	-0.05874353
-2.250	0.950	0.000	-0.06908310
-2.150	0.950	0.000	-0.08215717
-2.050	0.950	0.000	-0.09086219
-1.950	0.950	0.000	-0.10123715
-1.850	0.950	0.000	-0.11152553
-1.750	0.950	0.000	-0.12234555
-1.650	0.950	0.000	-0.13260168
-1.550	0.950	0.000	-0.14688125
-1.450	0.950	0.000	-0.15580153
-1.350	0.950	0.000	-0.16006802
-1.250	0.950	0.000	-0.15735881
-1.150	0.950	0.000	-0.15044524
-1.050	0.950	0.000	-0.14120695
-0.950	0.950	0.000	-0.13149855
-0.850	0.950	0.000	-0.11954909
-0.750	0.950	0.000	-0.10884101
-0.650	0.950	0.000	-0.09757635
-0.550	0.950	0.000	-0.08614343
-0.450	0.950	0.000	-0.07339808
-0.350	0.950	0.000	-0.06112383
-0.250	0.950	0.000	-0.04827772
-0.150	0.950	0.000	-0.03620817
-0.050	0.950	0.000	-0.02379027
0.050	0.950	0.000	-0.01279180
0.150	0.950	0.000	-0.00228273
0.250	0.950	0.000	0.00718176
0.350	0.950	0.000	0.01424224
0.450	0.950	0.000	0.02122086
0.550	0.950	0.000	0.02539526
0.650	0.950	0.000	0.03011195
0.750	0.950	0.000	0.03264754
0.850	0.950	0.000	0.03546956
0.950	0.950	0.000	0.03658028
1.050	0.950	0.000	0.03708182
1.150	0.950	0.000	0.03505592
1.250	0.950	0.000	0.03357584
1.350	0.950	0.000	0.02864816
1.450	0.950	0.000	0.02533940
1.550	0.950	0.000	0.02048977
1.650	0.950	0.000	0.01828173
1.750	0.950	0.000	0.01796803
1.850	0.950	0.000	0.02072816
1.950	0.950	0.000	0.02688675
2.050	0.950	0.000	0.03175803
2.150	0.950	0.000	0.03323419
2.250	0.950	0.000	0.03453740
2.350	0.950	0.000	0.03263323
2.450	0.950	0.000	0.03327660
-2.450	1.050	0.000	-0.04960888
-2.350	1.050	0.000	-0.06094210
-2.250	1.050	0.000	-0.06810576
-2.150	1.050	0.000	-0.08073751
-2.050	1.050	0.000	-0.09195183
-1.950	1.050	0.000	-0.10401854
-1.850	1.050	0.000	-0.11677136
-1.750	1.050	0.000	-0.12923872
-1.650	1.050	0.000	-0.14314327
-1.550	1.050	0.000	-0.15692452
-1.450	1.050	0.000	-0.16795281
-1.350	1.050	0.000	-0.17120494
-1.250	1.050	0.000	-0.17043774
-1.150	1.050	0.000	-0.16344285
-1.050	1.050	0.000	-0.15387319
-0.950	1.050	0.000	-0.14408512
-0.850	1.050	0.000	-0.13255426
-0.750	1.050	0.000	-0.12137125
-0.650	1.050	0.000	-0.11004927
-0.550	1.050	0.000	-0.10068779
-0.450	1.050	0.000	-0.08999232
-0.350	1.050	0.000	-0.07981917
-0.250	1.050	0.000	-0.06947479
-0.150	1.050	0.000	-0.05974153
-0.050	1.050	0.000	-0.04983142
0.050	1.050	0.000	-0.03994482
0.150	1.050	0.000	-0.03142042
0.250	1.050	0.000	-0.02160525
0.350	1.050	0.000	-0.01414755
0.450	1.050	0.000	-0.00625725
0.550	1.050	0.000	0.00013754
0.650	1.050	0.000	0.00649618
0.750	1.050	0.000	0.01142261
0.850	1.050	0.000	0.01653842
0.950	1.050	0.000	0.01948475
1.050	1.050	0.000	0.02122907
1.150	1.050	0.000	0.02082021
1.250	1.050	0.000	0.01953973
1.350	1.050	0.000	0.01577368
1.450	1.050	0.000	0.01200800
1.550	1.050	0.000	0.00718080
1.650	1.050	0.000	0.00588105
1.750	1.050	0.000	0.00706420
1.850	1.050	0.000	0.01278475
1.950	1.050	0.000	0.02345909
2.050	1.050	0.000	0.03442154
2.150	1.050	0.000	0.04325582
2.250	1.050	0.000	0.04891591
2.350	1.050	0.000	0.05247955
2.450	1.050	0.000	0.05614423
-2.450	1.150	0.000	-0.03891068
-2.350	1.150	0.000	-0.05337706
-2.250	1.150	0.000	-0.06233836
-2.150	1.150	0.000	-0.07668132
-2.050	1.150	0.000	-0.08905362
-1.950	1.150	0.000	-0.10361512
-1.850	1.150	0.000	-0.11685670
-1.750	1.150	0.000	-0.13296688
-1.650	1.150	0.000	-0.14627481
-1.550	1.150	0.000	-0.15980485
-1.450	1.150	0.000	-0.16903572
-1.350	1.150	0.000	-0.17365022
-1.250	1.150	0.000	-0.17140003
-1.150	1.150	0.000	-0.16732721
-1.050	1.150	0.000	-0.15929791
-0.950	1.150	0.000	-0.14936575
-0.850	1.150	0.000	-0.14068262
-0.750	1.150	0.000	-0.13055325
-0.650	1.150	0.000	-0.12093673
-0.550	1.150	0.000	-0.11226864
-0.450	1.150	0.000	-0.10456040
-0.350	1.150	0.000	-0.09677262
-0.250	1.150	0.000	-0.08945617
-0.150	1.150	0.000	-0.08184660
-0.050	1.150	0.000	-0.07480593
0.050	1.150	0.000	-0.06658294
0.150	1.150	0.000	-0.05932361
0.250	1.150	0.000	-0.05045758
0.350	1.150	0.000	-0.04269534
0.450	1.150	0.000	-0.03368793
0.550	1.150	0.000	-0.02592868
0.650	1.150	0.000	-0.01773454
0.750	1.150	0.000	-0.01045930
0.850	1.150	0.000	-0.00305808
0.950	1.150	0.000	0.00230760
1.050	1.150	0.000	0.00594380
1.150	1.150	0.000	0.00767624
1.250	1.150	0.000	0.00792223
1.350	1.150	0.000	0.00515408
1.450	1.150	0.000	0.00321102
1.550	1.150	0.000	0.00050814
1.650	1.150	0.000	-0.00017081
1.750	1.150	0.000	0.00302815
1.850	1.150	0.000	0.01061320
1.950	1.150	0.000	0.02307829
2.050	1.150	0.000	0.03819440
2.150	1.150	0.000	0.05267983
2.250	1.150	0.000	0.06333677
2.350	1.150	0.000	0.07276382
2.450	1.150	0.000	0.07886860
-2.450	1.250	0.000	-0.02821001
-2.350	1.250	0.000	-0.04408741
-2.250	1.250	0.000	-0.05398543
-2.150	1.250	0.000	-0.07007425
-2.050	1.250	0.000	-0.08473344
-1.950	1.250	0.000	-0.10240403
-1.850	1.250	0.000	-0.11557463
-1.750	1.250	0.000	-0.13317631
-1.650	1.250	0.000	-0.14552705
-1.550	1.250	0.000	-0.15704820
-1.450	1.250	0.000	-0.16342179
-1.350	1.250	0.000	-0.16597751
-1.250	1.250	0.000	-0.16564855
-1.150	1.250	0.000	-0.16189463
-1.050	1.250	0.000	-0.15587458
-0.950	1.250	0.000	-0.14940085
-0.850	1.250	0.000	-0.14076693
-0.750	1.250	0.000	-0.13394016
-0.650	1.250	0.000	-0.12751724
-0.550	1.250	0.000	-0.12043894
-0.450	1.250	0.000	-0.11510913
-0.350	1.250	0.000	-0.10995374
-0.250	1.250	0.000	-0.10483409
-0.150	1.250	0.000	-0.10022887
-0.050	1.250	0.000	-0.09478468
0.050	1.250	0.000	-0.08929591
0.150	1.250	0.000	-0.08232264
0.250	1.250	0.000	-0.07577993
0.350	1.250	0.000	-0.06730103
0.450	1.250	0.000	-0.05868652
0.550	1.250	0.000	-0.04996637
0.650	1.250	0.000	-0.04038878
0.750	1.250	0.000	-0.03108994
0.850	1.250	0.000	-0.02233750
0.950	1.250	0.000	-0.01345094
1.050	1.250	0.000	-0.00707920
1.150	1.250	0.000	-0.00273308
1.250	1.250	0.000	0.00001816
1.350	1.250	0.000	-0.00036384
1.450	1.250	0.000	-0.00047567
1.550	1.250	0.000	-0.00164940
1.650	1.250	0.000	-0.00149955
1.750	1.250	0.000	0.00299074
1.850	1.250	0.000	0.01080665
1.950	1.250	0.000	0.02412934
2.050	1.250	0.000	0.04166166
2.150	1.250	0.000	0.06063642
2.250	1.250	0.000	0.07587849
2.350	1.250	0.000	0.08976011
2.450	1.250	0.000	0.09851388
-2.450	1.350	0.000	-0.01494750
-2.350	1.350	0.000	-0.03279578
-2.250	1.350	0.000	-0.04323680
-2.150	1.350	0.000	-0.06099675
-2.050	1.350	0.000	-0.07699522
-1.950	1.350	0.000	-0.09695023
-1.850	1.350	0.000	-0.11205435
-1.750	1.350	0.000	-0.12856899
-1.650	1.350	0.000	-0.14018770
-1.550	1.350	0.000	-0.14849490
-1.450	1.350	0.000	-0.15258428
-1.350	1.350	0.000	-0.15379032
-1.250	1.350	0.000	-0.15261430
-1.150	1.350	0.000	-0.15033291
-1.050	1.350	0.000	-0.14625834
-0.950	1.350	0.000	-0.14135426
-0.850	1.350	0.000	-0.13636161
-0.750	1.350	0.000	-0.13127136
-0.650	1.350	0.000	-0.12615435
-0.550	1.350	0.000	-0.12337050
-0.450	1.350	0.000	-0.12083270
-0.350	1.350	0.000	-0.11726400
-0.250	1.350	0.000	-0.11447062
-0.150	1.350	0.000	-0.11186699
-0.050	1.350	0.000	-0.10839551
0.050	1.350	0.000	-0.10409787
0.150	1.350	0.000	-0.09872626
0.250	1.350	0.000	-0.09208636
0.350	1.350	0.000	-0.08498442
0.450	1.350	0.000	-0.07602216
0.550	1.350	0.000	-0.06748974
0.650	1.350	0.000	-0.05700999
0.750	1.350	0.000	-0.04717622
0.850	1.350	0.000	-0.03704971
0.950	1.350	0.000	-0.02591303
1.050	1.350	0.000	-0.01648958
1.150	1.350	0.000	-0.01008678
1.250	1.350	0.000	-0.00402660
1.350	1.350	0.000	-0.00131249
1.450	1.350	0.000	0.00080540
1.550	1.350	0.000	0.00236670
1.650	1.350	0.000	0.00373822
1.750	1.350	0.000	0.00733533
1.850	1.350	0.000	0.01374884
1.950	1.350	0.000	0.02658804
2.050	1.350	0.000	0.04258593
2.150	1.350	0.000	0.06309574
2.250	1.350	0.000	0.08259068
2.350	1.350	0.000	0.10076703
2.450	1.350	0.000	0.11352826
-2.450	1.450	0.000	-0.00169020
-2.350	1.450	0.000	-0.02115458
-2.250	1.450	0.000	-0.03224551
-2.150	1.450	0.000	-0.05089867
-2.050	1.450	0.000	-0.06620997
-1.950	1.450	0.000	-0.08597016
-1.850	1.450	0.000	-0.10112149
-1.750	1.450	0.000	-0.11752624
-1.650	1.450	0.000	-0.12861860
-1.550	1.450	0.000	-0.13607177
-1.450	1.450	0.000	-0.13695218
-1.350	1.450	0.000	-0.13846825
-1.250	1.450	0.000	-0.13620819
-1.150	1.450	0.000	-0.13518161
-1.050	1.450	0.000	-0.13249108
-0.950	1.450	0.000	-0.12973905
-0.850	1.450	0.000	-0.12751909
-0.750	1.450	0.000	-0.12375005
-0.650	1.450	0.000	-0.12264512
-0.550	1.450	0.000	-0.11924341
-0.450	1.450	0.000	-0.11838489
-0.350	1.450	0.000	-0.11833196
-0.250	1.450	0.000	-0.11767361
-0.150	1.450	0.000	-0.11595687
-0.050	1.450	0.000	-0.11382832
0.050	1.450	0.000	-0.11114690
0.150	1.450	0.000	-0.10709806
0.250	1.450	0.000	-0.10146879
0.350	1.450	0.000	-0.09538846
0.450	1.450	0.000	-0.08685984
0.550	1.450	0.000	-0.07873038
0.650	1.450	0.000	-0.06852113
0.750	1.450	0.000	-0.05899848
0.850	1.450	0.000	-0.04774156
0.950	1.450	0.000	-0.03596209
1.050	1.450	0.000	-0.02403374
1.150	1.450	0.000	-0.01444046
1.250	1.450	0.000	-0.00559577
1.350	1.450	0.000	-0.00008073
1.450	1.450	0.000	0.00460333
1.550	1.450	0.000	0.00888249
1.650	1.450	0.000	0.01180183
1.750	1.450	0.000	0.01852177
1.850	1.450	0.000	0.02361890
1.950	1.450	0.000	0.03488589
2.050	1.450	0.000	0.04756449
2.150	1.450	0.000	0.06565965
2.250	1.450	0.000	0.08675998
2.350	1.450	0.000	0.10510790
2.450	1.450	0.000	0.12250165
-2.450	1.550	0.000	0.00798622
-2.350	1.550	0.000	-0.01265376
-2.250	1.550	0.000	-0.02293693
-2.150	1.550	0.000	-0.03915547
-2.050	1.550	0.000	-0.05626399
-1.950	1.550	0.000	-0.07371541
-1.850	1.550	0.000	-0.08935747
-1.750	1.550	0.000	-0.10315379
-1.650	1.550	0.000	-0.11245885
-1.550	1.550	0.000	-0.11818214
-1.450	1.550	0.000	-0.11920946
-1.350	1.550	0.000	-0.11814328
-1.250	1.550	0.000	-0.11649843
-1.150	1.550	0.000	-0.11484014
-1.050	1.550	0.000	-0.11405385
-0.950	1.550	0.000	-0.11239391
-0.850	1.550	0.000	-0.11216848
-0.750	1.550	0.000	-0.11166245
-0.650	1.550	0.000	-0.11159638
-0.550	1.550	0.000	-0.11230987
-0.450	1.550	0.000	-0.11210255
-0.350	1.550	0.000	-0.11205269
-0.250	1.550	0.000	-0.11138852
-0.150	1.550	0.000	-0.11087887
-0.050	1.550	0.000	-0.11026546
0.050	1.550	0.000	-0.10830175
0.150	1.550	0.000	-0.10596035
0.250	1.550	0.000	-0.10177153
0.350	1.550	0.000	-0.09657302
0.450	1.550	0.000	-0.08987492
0.550	1.550	0.000	-0.08278874
0.650	1.550	0.000	-0.07403794
0.750	1.550	0.000	-0.06569670
0.850	1.550	0.000	-0.05460118
0.950	1.550	0.000	-0.04383205
1.050	1.550	0.000	-0.03020617
1.150	1.550	0.000	-0.01836130
1.250	1.550	0.000	-0.00714308
1.350	1.550	0.000	0.00221754
1.450	1.550	0.000	0.00907287
1.550	1.550	0.000	0.01658983
1.650	1.550	0.000	0.02001956
1.750	1.550	0.000	0.02761573
1.850	1.550	0.000	0.03211560
1.950	1.550	0.000	0.04415423
2.050	1.550	0.000	0.05645571
2.150	1.550	0.000	0.07026248
2.250	1.550	0.000	0.09284787
2.350	1.550	0.000	0.10946041
2.450	1.550	0.000	0.13131513
-2.450	1.650	0.000	0.01212233
-2.350	1.650	0.000	-0.00519534
-2.250	1.650	0.000	-0.01406880
-2.150	1.650	0.000	-0.02505931
-2.050	1.650	0.000	-0.04140329
-1.950	1.650	0.000	-0.05526613
-1.850	1.650	0.000	-0.07004087
-1.750	1.650	0.000	-0.08184282
-1.650	1.650	0.000	-0.09087035
-1.550	1.650	0.000	-0.09552007
-1.450	1.650	0.000	-0.09921625
-1.350	1.650	0.000	-0.09929428
-1.250	1.650	0.000	-0.10007352
-1.150	1.650	0.000	-0.09884467
-1.050	1.650	0.000	-0.10043597
-0.950	1.650	0.000	-0.10027192
-0.850	1.650	0.000	-0.10150409
-0.750	1.650	0.000	-0.10224283
-0.650	1.650	0.000	-0.10261376
-0.550	1.650	0.000	-0.10369737
-0.450	1.650	0.000	-0.10364099
-0.350	1.650	0.000	-0.10445987
-0.250	1.650	0.000	-0.10428030
-0.150	1.650	0.000	-0.10374850
-0.050	1.650	0.000	-0.10248241
0.050	1.650	0.000	-0.09986658
0.150	1.650	0.000	-0.09748705
0.250	1.650	0.000	-0.09425748
0.350	1.650	0.000	-0.09098665
0.450	1.650	0.000	-0.08726531
0.550	1.650	0.000	-0.08298427
0.650	1.650	0.000	-0.07720832
0.750	1.650	0.000	-0.07074495
0.850	1.650	0.000	-0.06235996
0.950	1.650	0.000	-0.05211956
1.050	1.650	0.000	-0.03843003
1.150	1.650	0.000	-0.02394354
1.250	1.650	0.000	-0.01044232
1.350	1.650	0.000	0.00347699
1.450	1.650	0.000	0.01327811
1.550	1.650	0.000	0.02297579
1.650	1.650	0.000	0.02901879
1.750	1.650	0.000	0.03829404
1.850	1.650	0.000	0.04449451
1.950	1.650	0.000	0.05344956
2.050	1.650	0.000	0.06771001
2.150	1.650	0.000	0.07625609
2.250	1.650	0.000	0.10157204
2.350	1.650	0.000	0.11373453
2.450	1.650	0.000	0.14077507
-2.450	1.750	0.000	0.00927436
-2.350	1.750	0.000	-0.00065686
-2.250	1.750	0.000	-0.00841300
-2.150	1.750	0.000	-0.01533889
-2.050	1.750	0.000	-0.02905975
-1.950	1.750	0.000	-0.03970999
-1.850	1.750	0.000	-0.05212323
-1.750	1.750	0.000	-0.06173596
-1.650	1.750	0.000	-0.06932894
-1.550	1.750	0.000	-0.07389511
-1.450	1.750	0.000	-0.07725818
-1.350	1.750	0.000	-0.07752334
-1.250	1.750	0.000	-0.07873709
-1.150	1.750	0.000	-0.07857711
-1.050	1.750	0.000	-0.08070210
-0.950	1.750	0.000	-0.08242664
-0.850	1.750	0.000	-0.08487879
-0.750	1.750	0.000	-0.08732990
-0.650	1.750	0.000	-0.08920977
-0.550	1.750	0.000	-0.09106222
-0.450	1.750	0.000	-0.09268994
-0.350	1.750	0.000	-0.09283098
-0.250	1.750	0.000	-0.09296074
-0.150	1.750	0.000	-0.09295776
-0.050	1.750	0.000	-0.09264191
0.050	1.750	0.000	-0.09185532
0.150	1.750	0.000	-0.09039164
0.250	1.750	0.000	-0.08879048
0.350	1.750	0.000	-0.08609612
0.450	1.750	0.000	-0.08388782
0.550	1.750	0.000	-0.08095421
0.650	1.750	0.000	-0.07746927
0.750	1.750	0.000	-0.07320116
0.850	1.750	0.000	-0.06759679
0.950	1.750	0.000	-0.05930032
1.050	1.750	0.000	-0.04807354
1.150	1.750	0.000	-0.03324344
1.250	1.750	0.000	-0.01734503
1.350	1.750	0.000	-0.00125489
1.450	1.750	0.000	0.01264204
1.550	1.750	0.000	0.02497175
1.650	1.750	0.000	0.03523558
1.750	1.750	0.000	0.04361669
1.850	1.750	0.000	0.05264293
1.950	1.750	0.000	0.05750218
2.050	1.750	0.000	0.07557334
2.150	1.750	0.000	0.07879587
2.250	1.750	0.000	0.10715373
2.350	1.750	0.000	0.11522411
2.450	1.750	0.000	0.14475660
-2.450	1.850	0.000	0.00727360
-2.350	1.850	0.000	0.00329318
-2.250	1.850	0.000	-0.00242603
-2.150	1.850	0.000	-0.00444763
-2.050	1.850	0.000	-0.01484364
-1.950	1.850	0.000	-0.02246585
-1.850	1.850	0.000	-0.03190741
-1.750	1.850	0.000	-0.03894240
-1.650	1.850	0.000	-0.04498000
-1.550	1.850	0.000	-0.05170209
-1.450	1.850	0.000	-0.05579178
-1.350	1.850	0.000	-0.05772604
-1.250	1.850	0.000	-0.06242272
-1.150	1.850	0.000	-0.06446073
-1.050	1.850	0.000	-0.06818002
-0.950	1.850	0.000	-0.07133601
-0.850	1.850	0.000	-0.07517874
-0.750	1.850	0.000	-0.07818782
-0.650	1.850	0.000	-0.08087949
-0.550	1.850	0.000	-0.08227694
-0.450	1.850	0.000	-0.08340453
-0.350	1.850	0.000	-0.08305605
-0.250	1.850	0.000	-0.08294468
-0.150	1.850	0.000	-0.08198304
-0.050	1.850	0.000	-0.08121375
0.050	1.850	0.000	-0.08028834
0.150	1.850	0.000	-0.07965313
0.250	1.850	0.000	-0.07940827
0.350	1.850	0.000	-0.07930331
0.450	1.850	0.000	-0.07906663
0.550	1.850	0.000	-0.07867175
0.650	1.850	0.000	-0.07830414
0.750	1.850	0.000	-0.07754459
0.850	1.850	0.000	-0.07491203
0.950	1.850	0.000	-0.06922917
1.050	1.850	0.000	-0.06014815
1.150	1.850	0.000	-0.04610479
1.250	1.850	0.000	-0.02895963
1.350	1.850	0.000	-0.01002050
1.450	1.850	0.000	0.00926785
1.550	1.850	0.000	0.02469549
1.650	1.850	0.000	0.04026755
1.750	1.850	0.000	0.04858545
1.850	1.850	0.000	0.06148326
1.950	1.850	0.000	0.06427864
2.050	1.850	0.000	0.08240341
2.150	1.850	0.000	0.08392076
2.250	1.850	0.000	0.10919350
2.350	1.850	0.000	0.11598091
2.450	1.850	0.000	0.14153787
-2.450	1.950	0.000	-0.00894607
-2.350	1.950	0.000	-0.00116251
-2.250	1.950	0.000	-0.00468981
-2.150	1.950	0.000	-0.00185699
-2.050	1.950	0.000	-0.00767956
-1.950	1.950	0.000	-0.01093459
-1.850	1.950	0.000	-0.01541003
-1.750	1.950	0.000	-0.02002748
-1.650	1.950	0.000	-0.02549425
-1.550	1.950	0.000	-0.03178629
-1.450	1.950	0.000	-0.03737072
-1.350	1.950	0.000	-0.04271840
-1.250	1.950	0.000	-0.04948121
-1.150	1.950	0.000	-0.05325539
-1.050	1.950	0.000	-0.06016205
-0.950	1.950	0.000	-0.06406330
-0.850	1.950	0.000	-0.06959784
-0.750	1.950	0.000	-0.07308420
-0.650	1.950	0.000	-0.07567146
-0.550	1.950	0.000	-0.07698938
-0.450	1.950	0.000	-0.07720772
-0.350	1.950	0.000	-0.07662227
-0.250	1.950	0.000	-0.07581803
-0.150	1.950	0.000	-0.07450540
-0.050	1.950	0.000	-0.07372091
0.050	1.950	0.000	-0.07278409
0.150	1.950	0.000	-0.07256510
0.250	1.950	0.000	-0.07286190
0.350	1.950	0.000	-0.07403475
0.450	1.950	0.000	-0.07576106
0.550	1.950	0.000	-0.07795357
0.650	1.950	0.000	-0.07994834
0.750	1.950	0.000	-0.08155964
0.850	1.950	0.000	-0.08107710
0.950	1.950	0.000	-0.07870859
1.050	1.950	0.000	-0.07217190
1.150	1.950	0.000	-0.06165991
1.250	1.950	0.000	-0.04580401
1.350	1.950	0.000	-0.02732186
1.450	1.950	0.000	-0.00602123
1.550	1.950	0.000	0.01262720
1.650	1.950	0.000	0.03228601
1.750	1.950	0.000	0.04297270
1.850	1.950	0.000	0.05847991
1.950	1.950	0.000	0.06373418
2.050	1.950	0.000	0.08065931
2.150	1.950	0.000	0.08581112
2.250	1.950	0.000	0.10688397
2.350	1.950	0.000	0.11461397
2.450	1.950	0.000	0.13679384
-2.450	2.050	0.000	-0.01250699
-2.350	2.050	0.000	-0.00092303
-2.250	2.050	0.000	-0.00088201
-2.150	2.050	0.000	0.00169113
-2.050	2.050	0.000	-0.00057650
-1.950	2.050	0.000	-0.00270227
-1.850	2.050	0.000	-0.00640892
-1.750	2.050	0.000	-0.00936520
-1.650	2.050	0.000	-0.01404771
-1.550	2.050	0.000	-0.01638173
-1.450	2.050	0.000	-0.02226945
-1.350	2.050	0.000	-0.02590957
-1.250	2.050	0.000	-0.03162972
-1.150	2.050	0.000	-0.03725547
-1.050	2.050	0.000	-0.04329409
-0.950	2.050	0.000	-0.04819461
-0.850	2.050	0.000	-0.05278647
-0.750	2.050	0.000	-0.05703612
-0.650	2.050	0.000	-0.06058295
-0.550	2.050	0.000	-0.06325179
-0.450	2.050	0.000	-0.06482898
-0.350	2.050	0.000	-0.06519508
-0.250	2.050	0.000	-0.06471787
-0.150	2.050	0.000	-0.06378558
-0.050	2.050	0.000	-0.06334259
0.050	2.050	0.000	-0.06318253
0.150	2.050	0.000	-0.06363907
0.250	2.050	0.000	-0.06446678
0.350	2.050	0.000	-0.06660841
0.450	2.050	0.000	-0.06903695
0.550	2.050	0.000	-0.07206804
0.650	2.050	0.000	-0.07454570
0.750	2.050	0.000	-0.07718600
0.850	2.050	0.000	-0.07862690
0.950	2.050	0.000	-0.07884700
1.050	2.050	0.000	-0.07585530
1.150	2.050	0.000	-0.06964883
1.250	2.050	0.000	-0.05781372
1.350	2.050	0.000	-0.04210408
1.450	2.050	0.000	-0.02052042
1.550	2.050	0.000	-0.00049572
1.650	2.050	0.000	0.02124227
1.750	2.050	0.000	0.03538285
1.850	2.050	0.000	0.05172184
1.950	2.050	0.000	0.05850773
2.050	2.050	0.000	0.07411653
2.150	2.050	0.000	0.08081924
2.250	2.050	0.000	0.09782625
2.350	2.050	0.000	0.10536679
2.450	2.050	0.000	0.12694351
-2.450	2.150	0.000	-0.03572937
-2.350	2.150	0.000	-0.01612490
-2.250	2.150	0.000	-0.01160554
-2.150	2.150	0.000	-0.00341815
-2.050	2.150	0.000	0.00129540
-1.950	2.150	0.000	0.00485076
-1.850	2.150	0.000	0.00547062
-1.750	2.150	0.000	0.00470332
-1.650	2.150	0.000	0.00106967
-1.550	2.150	0.000	-0.00283406
-1.450	2.150	0.000	-0.01010273
-1.350	2.150	0.000	-0.01749113
-1.250	2.150	0.000	-0.02601450
-1.150	2.150	0.000	-0.03396017
-1.050	2.150	0.000	-0.04148229
-0.950	2.150	0.000	-0.04832151
-0.850	2.150	0.000	-0.05409187
-0.750	2.150	0.000	-0.05900232
-0.650	2.150	0.000	-0.06259272
-0.550	2.150	0.000	-0.06453393
-0.450	2.150	0.000	-0.06534502
-0.350	2.150	0.000	-0.06432550
-0.250	2.150	0.000	-0.06358311
-0.150	2.150	0.000	-0.06197178
-0.050	2.150	0.000	-0.06083370
0.050	2.150	0.000	-0.06067829
0.150	2.150	0.000	-0.06182933
0.250	2.150	0.000	-0.06371798
0.350	2.150	0.000	-0.06705736
0.450	2.150	0.000	-0.07108101
0.550	2.150	0.000	-0.07599411
0.650	2.150	0.000	-0.08068196
0.750	2.150	0.000	-0.08526500
0.850	2.150	0.000	-0.08820637
0.950	2.150	0.000	-0.08924905
1.050	2.150	0.000	-0.08743557
1.150	2.150	0.000	-0.08232469
1.250	2.150	0.000	-0.07349450
1.350	2.150	0.000	-0.06142052
1.450	2.150	0.000	-0.04454549
1.550	2.150	0.000	-0.02592499
1.650	2.150	0.000	-0.00326809
1.750	2.150	0.000	0.01366211
1.850	2.150	0.000	0.03299768
1.950	2.150	0.000	0.04364582
2.050	2.150	0.000	0.06051067
2.150	2.150	0.000	0.06987868
2.250	2.150	0.000	0.08828092
2.350	2.150	0.000	0.09669679
2.450	2.150	0.000	0.11994290
-2.450	2.250	0.000	-0.03838408
-2.350	2.250	0.000	-0.02147907
-2.250	2.250	0.000	-0.01424608
-2.150	2.250	0.000	-0.00637492
-2.050	2.250	0.000	-0.00102335
-1.950	2.250	0.000	0.00329902
-1.850	2.250	0.000	0.00626792
-1.750	2.250	0.000	0.00613469
-1.650	2.250	0.000	0.00513910
-1.550	2.250	0.000	0.00246912
-1.450	2.250	0.000	-0.00262331
-1.350	2.250	0.000	-0.00896007
-1.250	2.250	0.000	-0.01387405
-1.150	2.250	0.000	-0.02061186
-1.050	2.250	0.000	-0.02597588
-0.950	2.250	0.000	-0.03271072
-0.850	2.250	0.000	-0.03793095
-0.750	2.250	0.000	-0.04349496
-0.650	2.250	0.000	-0.04783980
-0.550	2.250	0.000	-0.05028978
-0.450	2.250	0.000	-0.05192200
-0.350	2.250	0.000	-0.05164327
-0.250	2.250	0.000	-0.05218525
-0.150	2.250	0.000	-0.05113940
-0.050	2.250	0.000	-0.05087055
0.050	2.250	0.000	-0.05068947
0.150	2.250	0.000	-0.05162634
0.250	2.250	0.000	-0.05329852
0.350	2.250	0.000	-0.05587388
0.450	2.250	0.000	-0.05879583
0.550	2.250	0.000	-0.06248425
0.650	2.250	0.000	-0.06586191
0.750	2.250	0.000	-0.06946247
0.850	2.250	0.000	-0.07244991
0.950	2.250	0.000	-0.07554301
1.050	2.250	0.000	-0.07608394
1.150	2.250	0.000	-0.07504620
1.250	2.250	0.000	-0.07109980
1.350	2.250	0.000	-0.06483108
1.450	2.250	0.000	-0.05473389
1.550	2.250	0.000	-0.04157122
1.650	2.250	0.000	-0.02458031
1.750	2.250	0.000	-0.00856075
1.850	2.250	0.000	0.00892124
1.950	2.250	0.000	0.02099695
2.050	2.250	0.000	0.03586132
2.150	2.250	0.000	0.04746928
2.250	2.250	0.000	0.06503760
2.350	2.250	0.000	0.07580717
2.450	2.250	0.000	0.09748758
-2.450	2.350	0.000	-0.04787709
-2.350	2.350	0.000	-0.03090324
-2.250	2.350	0.000	-0.02239296
-2.150	2.350	0.000	-0.01163764
-2.050	2.350	0.000	-0.00288816
-1.950	2.350	0.000	0.00637409
-1.850	2.350	0.000	0.01128297
-1.750	2.350	0.000	0.01256819
-1.650	2.350	0.000	0.01252262
-1.550	2.350	0.000	0.00867425
-1.450	2.350	0.000	0.00449818
-1.350	2.350	0.000	-0.00545917
-1.250	2.350	0.000	-0.00963472
-1.150	2.350	0.000	-0.01940083
-1.050	2.350	0.000	-0.02525220
-0.950	2.350	0.000	-0.03275158
-0.850	2.350	0.000	-0.03838463
-0.750	2.350	0.000	-0.04307513
-0.650	2.350	0.000	-0.04716482
-0.550	2.350	0.000	-0.04887161
-0.450	2.350	0.000	-0.05025587
-0.350	2.350	0.000	-0.05048762
-0.250	2.350	0.000	-0.05033142
-0.150	2.350	0.000	-0.04953379
-0.050	2.350	0.000	-0.04967038
0.050	2.350	0.000	-0.04967703
0.150	2.350	0.000	-0.05125222
0.250	2.350	0.000	-0.05317721
0.350	2.350	0.000	-0.05649901
0.450	2.350	0.000	-0.06030057
0.550	2.350	0.000	-0.06519541
0.650	2.350	0.000	-0.06985135
0.750	2.350	0.000	-0.07439230
0.850	2.350	0.000	-0.07801194
0.950	2.350	0.000	-0.08024544
1.050	2.350	0.000	-0.08092273
1.150	2.350	0.000	-0.08004555
1.250	2.350	0.000	-0.07681607
1.350	2.350	0.000	-0.07172423
1.450	2.350	0.000	-0.06428127
1.550	2.350	0.000	-0.05497850
1.650	2.350	0.000	-0.04286004
1.750	2.350	0.000	-0.02897271
1.850	2.350	0.000	-0.01254186
1.950	2.350	0.000	0.00291818
2.050	2.350	0.000	0.01988977
2.150	2.350	0.000	0.03434219
2.250	2.350	0.000	0.05401969
2.350	2.350	0.000	0.06646933
2.450	2.350	0.000	0.08925898
-2.450	2.450	0.000	-0.03934849
-2.350	2.450	0.000	-0.03253984
-2.250	2.450	0.000	-0.02636178
-2.150	2.450	0.000	-0.01909681
-2.050	2.450	0.000	-0.00894293
-1.950	2.450	0.000	-0.00112530
-1.850	2.450	0.000	0.00540546
-1.750	2.450	0.000	0.00716812
-1.650	2.450	0.000	0.00934809
-1.550	2.450	0.000	0.00597785
-1.450	2.450	0.000	0.00477722
-1.350	2.450	0.000	-0.00351121
-1.250	2.450	0.000	-0.00463164
-1.150	2.450	0.000	-0.01053078
-1.050	2.450	0.000	-0.01380614
-0.950	2.450	0.000	-0.01831844
-0.850	2.450	0.000	-0.02348527
-0.750	2.450	0.000	-0.02711323
-0.650	2.450	0.000	-0.03142722
-0.550	2.450	0.000	-0.03382136
-0.450	2.450	0.000	-0.03650800
-0.350	2.450	0.000	-0.03819245
-0.250	2.450	0.000	-0.03942756
-0.150	2.450	0.000	-0.03984242
-0.050	2.450	0.000	-0.04070004
0.050	2.450	0.000	-0.04047293
0.150	2.450	0.000	-0.04141637
0.250	2.450	0.000	-0.04154148
0.350	2.450	0.000	-0.04272404
0.450	2.450	0.000	-0.04400553
0.550	2.450	0.000	-0.04645715
0.650	2.450	0.000	-0.04884248
0.750	2.450	0.000	-0.05174061
0.850	2.450	0.000	-0.05425315
0.950	2.450	0.000	-0.05598491
1.050	2.450	0.000	-0.05799252
1.150	2.450	0.000	-0.05900299
1.250	2.450	0.000	-0.05977610
1.350	2.450	0.000	-0.05978557
1.450	2.450	0.000	-0.05923091
1.550	2.450	0.000	-0.05783428
1.650	2.450	0.000	-0.05384876
1.750	2.450	0.000	-0.04667266
1.850	2.450	0.000	-0.03490449
1.950	2.450	0.000	-0.02091203
2.050	2.450	0.000	-0.00574347
2.150	2.450	0.000	0.00853008
2.250	2.450	0.000	0.02585489
2.350	2.450	0.000	0.03805984
2.450	2.450	0.000	0.05996041
