-2.450	-2.450	0.000	-0.02092647
-2.350	-2.450	0.000	-0.02085711
-2.250	-2.450	0.000	-0.02082052
-2.150	-2.450	0.000	-0.02119311
-2.050	-2.450	0.000	-0.02169183
-1.950	-2.450	0.000	-0.02218468
-1.850	-2.450	0.000	-0.02241657
-1.750	-2.450	0.000	-0.02250561
-1.650	-2.450	0.000	-0.02244950
-1.550	-2.450	0.000	-0.02238851
-1.450	-2.450	0.000	-0.02218883
-1.350	-2.450	0.000	-0.02192661
-1.250	-2.450	0.000	-0.02162234
-1.150	-2.450	0.000	-0.02123097
-1.050	-2.450	0.000	-0.02080444
-0.950	-2.450	0.000	-0.02028856
-0.850	-2.450	0.000	-0.01971727
-0.750	-2.450	0.000	-0.01910865
-0.650	-2.450	0.000	-0.01843789
-0.550	-2.450	0.000	-0.01778108
-0.450	-2.450	0.000	-0.01713555
-0.350	-2.450	0.000	-0.01650288
-0.250	-2.450	0.000	-0.01593167
-0.150	-2.450	0.000	-0.01535134
-0.050	-2.450	0.000	-0.01481919
0.050	-2.450	0.000	-0.01426602
0.150	-2.450	0.000	-0.01376107
0.250	-2.450	0.000	-0.01319699
0.350	-2.450	0.000	-0.01271108
0.450	-2.450	0.000	-0.01220116
0.550	-2.450	0.000	-0.01173925
0.650	-2.450	0.000	-0.01126241
0.750	-2.450	0.000	-0.01081260
0.850	-2.450	0.000	-0.01035017
0.950	-2.450	0.000	-0.00986632
1.050	-2.450	0.000	-0.00943938
1.150	-2.450	0.000	-0.00902561
1.250	-2.450	0.000	-0.00865247
1.350	-2.450	0.000	-0.00827826
1.450	-2.450	0.000	-0.00784582
1.550	-2.450	0.000	-0.00741594
1.650	-2.450	0.000	-0.00713218
1.750	-2.450	0.000	-0.00710440
1.850	-2.450	0.000	-0.00728756
1.950	-2.450	0.000	-0.00799932
2.050	-2.450	0.000	-0.00929752
2.150	-2.450	0.000	-0.01093955
2.250	-2.450	0.000	-0.01319060
2.350	-2.450	0.000	-0.01549519
2.450	-2.450	0.000	-0.01660504
-2.450	-2.350	0.000	-0.02101864
-2.350	-2.350	0.000	-0.02095681
-2.250	-2.350	0.000	-0.02091830
-2.150	-2.350	0.000	-0.02129266
-2.050	-2.350	0.000	-0.02179129
-1.950	-2.350	0.000	-0.02228679
-1.850	-2.350	0.000	-0.02251489
-1.750	-2.350	0.000	-0.02260777
-1.650	-2.350	0.000	-0.02255003
-1.550	-2.350	0.000	-0.02249501
-1.450	-2.350	0.000	-0.02230034
-1.350	-2.350	0.000	-0.02204824
-1.250	-2.350	0.000	-0.02175565
-1.150	-2.350	0.000	-0.02137646
-1.050	-2.350	0.000	-0.02095391
-0.950	-2.350	0.000	-0.02044394
-0.850	-2.350	0.000	-0.01988604
-0.750	-2.350	0.000	-0.01927795
-0.650	-2.350	0.000	-0.01860638
-0.550	-2.350	0.000	-0.01795211
-0.450	-2.350	0.000	-0.01730807
-0.350	-2.350	0.000	-0.01668389
-0.250	-2.350	0.000	-0.01611754
-0.150	-2.350	0.000	-0.01554134
-0.050	-2.350	0.000	-0.01500744
0.050	-2.350	0.000	-0.01445884
0.150	-2.350	0.000	-0.01395458
0.250	-2.350	0.000	-0.01338844
0.350	-2.350	0.000	-0.01290252
0.450	-2.350	0.000	-0.01239221
0.550	-2.350	0.000	-0.01192609
0.650	-2.350	0.000	-0.01145855
0.750	-2.350	0.000	-0.01100455
0.850	-2.350	0.000	-0.01054997
0.950	-2.350	0.000	-0.01006223
1.050	-2.350	0.000	-0.00964052
1.150	-2.350	0.000	-0.00922699
1.250	-2.350	0.000	-0.00884664
1.350	-2.350	0.000	-0.00846569
1.450	-2.350	0.000	-0.00803422
1.550	-2.350	0.000	-0.00760354
1.650	-2.350	0.000	-0.00730744
1.750	-2.350	0.000	-0.00727284
1.850	-2.350	0.000	-0.00745020
1.950	-2.350	0.000	-0.00815651
2.050	-2.350	0.000	-0.00943764
2.150	-2.350	0.000	-0.01108470
2.250	-2.350	0.000	-0.01330866
2.350	-2.350	0.000	-0.01560552
2.450	-2.350	0.000	-0.01670441
-2.450	-2.250	0.000	-0.02182494
-2.350	-2.250	0.000	-0.02175675
-2.250	-2.250	0.000	-0.02171570
-2.150	-2.250	0.000	-0.02210175
-2.050	-2.250	0.000	-0.02260424
-1.950	-2.250	0.000	-0.02310940
-1.850	-2.250	0.000	-0.02332154
-1.750	-2.250	0.000	-0.02342195
-1.650	-2.250	0.000	-0.02336044
-1.550	-2.250	0.000	-0.02330052
-1.450	-2.250	0.000	-0.02311637
-1.350	-2.250	0.000	-0.02286545
-1.250	-2.250	0.000	-0.02257573
-1.150	-2.250	0.000	-0.02220010
-1.050	-2.250	0.000	-0.02177650
-0.950	-2.250	0.000	-0.02127707
-0.850	-2.250	0.000	-0.02072358
-0.750	-2.250	0.000	-0.02012107
-0.650	-2.250	0.000	-0.01944989
-0.550	-2.250	0.000	-0.01881117
-0.450	-2.250	0.000	-0.01816589
-0.350	-2.250	0.000	-0.01755571
-0.250	-2.250	0.000	-0.01699842
-0.150	-2.250	0.000	-0.01642559
-0.050	-2.250	0.000	-0.01590023
0.050	-2.250	0.000	-0.01535298
0.150	-2.250	0.000	-0.01486219
0.250	-2.250	0.000	-0.01429830
0.350	-2.250	0.000	-0.01382324
0.450	-2.250	0.000	-0.01331671
0.550	-2.250	0.000	-0.01285214
0.650	-2.250	0.000	-0.01239495
0.750	-2.250	0.000	-0.01193926
0.850	-2.250	0.000	-0.01148008
0.950	-2.250	0.000	-0.01100195
1.050	-2.250	0.000	-0.01055853
1.150	-2.250	0.000	-0.01016342
1.250	-2.250	0.000	-0.00975395
1.350	-2.250	0.000	-0.00937297
1.450	-2.250	0.000	-0.00892309
1.550	-2.250	0.000	-0.00848414
1.650	-2.250	0.000	-0.00816486
1.750	-2.250	0.000	-0.00812145
1.850	-2.250	0.000	-0.00827101
1.950	-2.250	0.000	-0.00896796
2.050	-2.250	0.000	-0.01022581
2.150	-2.250	0.000	-0.01187571
2.250	-2.250	0.000	-0.01407372
2.350	-2.250	0.000	-0.01636864
2.450	-2.250	0.000	-0.01744112
-2.450	-2.150	0.000	-0.02192416
-2.350	-2.150	0.000	-0.02187107
-2.250	-2.150	0.000	-0.02183812
-2.150	-2.150	0.000	-0.02224902
-2.050	-2.150	0.000	-0.02274865
-1.950	-2.150	0.000	-0.02325835
-1.850	-2.150	0.000	-0.02346645
-1.750	-2.150	0.000	-0.02358058
-1.650	-2.150	0.000	-0.02352019
-1.550	-2.150	0.000	-0.02346681
-1.450	-2.150	0.000	-0.02328394
-1.350	-2.150	0.000	-0.02303933
-1.250	-2.150	0.000	-0.02274889
-1.150	-2.150	0.000	-0.02237734
-1.050	-2.150	0.000	-0.02196209
-0.950	-2.150	0.000	-0.02146872
-0.850	-2.150	0.000	-0.02091815
-0.750	-2.150	0.000	-0.02032339
-0.650	-2.150	0.000	-0.01965817
-0.550	-2.150	0.000	-0.01902352
-0.450	-2.150	0.000	-0.01838578
-0.350	-2.150	0.000	-0.01778054
-0.250	-2.150	0.000	-0.01722587
-0.150	-2.150	0.000	-0.01665466
-0.050	-2.150	0.000	-0.01613074
0.050	-2.150	0.000	-0.01558437
0.150	-2.150	0.000	-0.01509116
0.250	-2.150	0.000	-0.01452031
0.350	-2.150	0.000	-0.01404077
0.450	-2.150	0.000	-0.01353077
0.550	-2.150	0.000	-0.01305159
0.650	-2.150	0.000	-0.01259166
0.750	-2.150	0.000	-0.01212401
0.850	-2.150	0.000	-0.01165910
0.950	-2.150	0.000	-0.01116636
1.050	-2.150	0.000	-0.01072543
1.150	-2.150	0.000	-0.01032534
1.250	-2.150	0.000	-0.00992604
1.350	-2.150	0.000	-0.00954382
1.450	-2.150	0.000	-0.00910617
1.550	-2.150	0.000	-0.00866834
1.650	-2.150	0.000	-0.00836007
1.750	-2.150	0.000	-0.00831812
1.850	-2.150	0.000	-0.00847520
1.950	-2.150	0.000	-0.00916831
2.050	-2.150	0.000	-0.01043446
2.150	-2.150	0.000	-0.01206815
2.250	-2.150	0.000	-0.01424980
2.350	-2.150	0.000	-0.01653125
2.450	-2.150	0.000	-0.01759083
-2.450	-2.050	0.000	-0.02203299
-2.350	-2.050	0.000	-0.02197724
-2.250	-2.050	0.000	-0.02195508
-2.150	-2.050	0.000	-0.02238825
-2.050	-2.050	0.000	-0.02289623
-1.950	-2.050	0.000	-0.02340856
-1.850	-2.050	0.000	-0.02362321
-1.750	-2.050	0.000	-0.02373874
-1.650	-2.050	0.000	-0.02368508
-1.550	-2.050	0.000	-0.02363369
-1.450	-2.050	0.000	-0.02346615
-1.350	-2.050	0.000	-0.02323656
-1.250	-2.050	0.000	-0.02294912
-1.150	-2.050	0.000	-0.02258624
-1.050	-2.050	0.000	-0.02217654
-0.950	-2.050	0.000	-0.02169053
-0.850	-2.050	0.000	-0.02115381
-0.750	-2.050	0.000	-0.02056901
-0.650	-2.050	0.000	-0.01993278
-0.550	-2.050	0.000	-0.01930234
-0.450	-2.050	0.000	-0.01868872
-0.350	-2.050	0.000	-0.01811124
-0.250	-2.050	0.000	-0.01756601
-0.150	-2.050	0.000	-0.01701943
-0.050	-2.050	0.000	-0.01650229
0.050	-2.050	0.000	-0.01597028
0.150	-2.050	0.000	-0.01548320
0.250	-2.050	0.000	-0.01493278
0.350	-2.050	0.000	-0.01445105
0.450	-2.050	0.000	-0.01395318
0.550	-2.050	0.000	-0.01347282
0.650	-2.050	0.000	-0.01302002
0.750	-2.050	0.000	-0.01254871
0.850	-2.050	0.000	-0.01207568
0.950	-2.050	0.000	-0.01158513
1.050	-2.050	0.000	-0.01111118
1.150	-2.050	0.000	-0.01071410
1.250	-2.050	0.000	-0.01028187
1.350	-2.050	0.000	-0.00987008
1.450	-2.050	0.000	-0.00940458
1.550	-2.050	0.000	-0.00893361
1.650	-2.050	0.000	-0.00860238
1.750	-2.050	0.000	-0.00852837
1.850	-2.050	0.000	-0.00866043
1.950	-2.050	0.000	-0.00932846
2.050	-2.050	0.000	-0.01057682
2.150	-2.050	0.000	-0.01218911
2.250	-2.050	0.000	-0.01437511
2.350	-2.050	0.000	-0.01666448
2.450	-2.050	0.000	-0.01771812
-2.450	-1.950	0.000	-0.02153924
-2.350	-1.950	0.000	-0.02149284
-2.250	-1.950	0.000	-0.02147002
-2.150	-1.950	0.000	-0.02191052
-2.050	-1.950	0.000	-0.02241402
-1.950	-1.950	0.000	-0.02292034
-1.850	-1.950	0.000	-0.02313252
-1.750	-1.950	0.000	-0.02324524
-1.650	-1.950	0.000	-0.02319287
-1.550	-1.950	0.000	-0.02314541
-1.450	-1.950	0.000	-0.02298395
-1.350	-1.950	0.000	-0.02276241
-1.250	-1.950	0.000	-0.02247030
-1.150	-1.950	0.000	-0.02210431
-1.050	-1.950	0.000	-0.02169735
-0.950	-1.950	0.000	-0.02120637
-0.850	-1.950	0.000	-0.02066349
-0.750	-1.950	0.000	-0.02007575
-0.650	-1.950	0.000	-0.01944818
-0.550	-1.950	0.000	-0.01881655
-0.450	-1.950	0.000	-0.01820496
-0.350	-1.950	0.000	-0.01762908
-0.250	-1.950	0.000	-0.01708499
-0.150	-1.950	0.000	-0.01654165
-0.050	-1.950	0.000	-0.01602654
0.050	-1.950	0.000	-0.01549788
0.150	-1.950	0.000	-0.01501380
0.250	-1.950	0.000	-0.01447678
0.350	-1.950	0.000	-0.01399890
0.450	-1.950	0.000	-0.01350921
0.550	-1.950	0.000	-0.01303956
0.650	-1.950	0.000	-0.01258896
0.750	-1.950	0.000	-0.01211790
0.850	-1.950	0.000	-0.01164720
0.950	-1.950	0.000	-0.01115278
1.050	-1.950	0.000	-0.01067316
1.150	-1.950	0.000	-0.01026180
1.250	-1.950	0.000	-0.00981817
1.350	-1.950	0.000	-0.00939213
1.450	-1.950	0.000	-0.00891450
1.550	-1.950	0.000	-0.00843021
1.650	-1.950	0.000	-0.00810780
1.750	-1.950	0.000	-0.00804019
1.850	-1.950	0.000	-0.00816644
1.950	-1.950	0.000	-0.00884379
2.050	-1.950	0.000	-0.01008754
2.150	-1.950	0.000	-0.01167627
2.250	-1.950	0.000	-0.01387112
2.350	-1.950	0.000	-0.01616702
2.450	-1.950	0.000	-0.01722601
-2.450	-1.850	0.000	-0.02138402
-2.350	-1.850	0.000	-0.02134488
-2.250	-1.850	0.000	-0.02132166
-2.150	-1.850	0.000	-0.02178055
-2.050	-1.850	0.000	-0.02228787
-1.950	-1.850	0.000	-0.02279649
-1.850	-1.850	0.000	-0.02300482
-1.750	-1.850	0.000	-0.02312345
-1.650	-1.850	0.000	-0.02307314
-1.550	-1.850	0.000	-0.02303243
-1.450	-1.850	0.000	-0.02288125
-1.350	-1.850	0.000	-0.02267060
-1.250	-1.850	0.000	-0.02238331
-1.150	-1.850	0.000	-0.02202346
-1.050	-1.850	0.000	-0.02161491
-0.950	-1.850	0.000	-0.02112393
-0.850	-1.850	0.000	-0.02057343
-0.750	-1.850	0.000	-0.01997260
-0.650	-1.850	0.000	-0.01934648
-0.550	-1.850	0.000	-0.01870582
-0.450	-1.850	0.000	-0.01808630
-0.350	-1.850	0.000	-0.01750621
-0.250	-1.850	0.000	-0.01695759
-0.150	-1.850	0.000	-0.01641347
-0.050	-1.850	0.000	-0.01589372
0.050	-1.850	0.000	-0.01536326
0.150	-1.850	0.000	-0.01487047
0.250	-1.850	0.000	-0.01433676
0.350	-1.850	0.000	-0.01385840
0.450	-1.850	0.000	-0.01337264
0.550	-1.850	0.000	-0.01290176
0.650	-1.850	0.000	-0.01244577
0.750	-1.850	0.000	-0.01196860
0.850	-1.850	0.000	-0.01148712
0.950	-1.850	0.000	-0.01098622
1.050	-1.850	0.000	-0.01049721
1.150	-1.850	0.000	-0.01007962
1.250	-1.850	0.000	-0.00962210
1.350	-1.850	0.000	-0.00917923
1.450	-1.850	0.000	-0.00868247
1.550	-1.850	0.000	-0.00818603
1.650	-1.850	0.000	-0.00786340
1.750	-1.850	0.000	-0.00779806
1.850	-1.850	0.000	-0.00792646
1.950	-1.850	0.000	-0.00860949
2.050	-1.850	0.000	-0.00987590
2.150	-1.850	0.000	-0.01146229
2.250	-1.850	0.000	-0.01368703
2.350	-1.850	0.000	-0.01599162
2.450	-1.850	0.000	-0.01706383
-2.450	-1.750	0.000	-0.02114903
-2.350	-1.750	0.000	-0.02110157
-2.250	-1.750	0.000	-0.02108141
-2.150	-1.750	0.000	-0.02154866
-2.050	-1.750	0.000	-0.02205427
-1.950	-1.750	0.000	-0.02255760
-1.850	-1.750	0.000	-0.02276160
-1.750	-1.750	0.000	-0.02288354
-1.650	-1.750	0.000	-0.02283521
-1.550	-1.750	0.000	-0.02279794
-1.450	-1.750	0.000	-0.02265023
-1.350	-1.750	0.000	-0.02244239
-1.250	-1.750	0.000	-0.02215726
-1.150	-1.750	0.000	-0.02179415
-1.050	-1.750	0.000	-0.02138295
-0.950	-1.750	0.000	-0.02088805
-0.850	-1.750	0.000	-0.02033908
-0.750	-1.750	0.000	-0.01973558
-0.650	-1.750	0.000	-0.01911180
-0.550	-1.750	0.000	-0.01847108
-0.450	-1.750	0.000	-0.01785141
-0.350	-1.750	0.000	-0.01727160
-0.250	-1.750	0.000	-0.01672160
-0.150	-1.750	0.000	-0.01617871
-0.050	-1.750	0.000	-0.01566103
0.050	-1.750	0.000	-0.01513161
0.150	-1.750	0.000	-0.01463706
0.250	-1.750	0.000	-0.01410445
0.350	-1.750	0.000	-0.01362976
0.450	-1.750	0.000	-0.01314529
0.550	-1.750	0.000	-0.01268185
0.650	-1.750	0.000	-0.01222646
0.750	-1.750	0.000	-0.01175959
0.850	-1.750	0.000	-0.01127767
0.950	-1.750	0.000	-0.01078313
1.050	-1.750	0.000	-0.01029865
1.150	-1.750	0.000	-0.00987841
1.250	-1.750	0.000	-0.00943069
1.350	-1.750	0.000	-0.00897677
1.450	-1.750	0.000	-0.00848298
1.550	-1.750	0.000	-0.00797829
1.650	-1.750	0.000	-0.00766535
1.750	-1.750	0.000	-0.00758606
1.850	-1.750	0.000	-0.00772003
1.950	-1.750	0.000	-0.00838790
2.050	-1.750	0.000	-0.00965077
2.150	-1.750	0.000	-0.01122058
2.250	-1.750	0.000	-0.01344428
2.350	-1.750	0.000	-0.01573623
2.450	-1.750	0.000	-0.01680819
-2.450	-1.650	0.000	-0.02089885
-2.350	-1.650	0.000	-0.02085477
-2.250	-1.650	0.000	-0.02084028
-2.150	-1.650	0.000	-0.02131061
-2.050	-1.650	0.000	-0.02181895
-1.950	-1.650	0.000	-0.02232012
-1.850	-1.650	0.000	-0.02252708
-1.750	-1.650	0.000	-0.02264439
-1.650	-1.650	0.000	-0.02259768
-1.550	-1.650	0.000	-0.02256105
-1.450	-1.650	0.000	-0.02241598
-1.350	-1.650	0.000	-0.02220945
-1.250	-1.650	0.000	-0.02192459
-1.150	-1.650	0.000	-0.02155443
-1.050	-1.650	0.000	-0.02113431
-0.950	-1.650	0.000	-0.02063206
-0.850	-1.650	0.000	-0.02007836
-0.750	-1.650	0.000	-0.01946156
-0.650	-1.650	0.000	-0.01883986
-0.550	-1.650	0.000	-0.01819600
-0.450	-1.650	0.000	-0.01757447
-0.350	-1.650	0.000	-0.01699601
-0.250	-1.650	0.000	-0.01644948
-0.150	-1.650	0.000	-0.01590970
-0.050	-1.650	0.000	-0.01539230
0.050	-1.650	0.000	-0.01486416
0.150	-1.650	0.000	-0.01436038
0.250	-1.650	0.000	-0.01383020
0.350	-1.650	0.000	-0.01335065
0.450	-1.650	0.000	-0.01286818
0.550	-1.650	0.000	-0.01240317
0.650	-1.650	0.000	-0.01195139
0.750	-1.650	0.000	-0.01148149
0.850	-1.650	0.000	-0.01100468
0.950	-1.650	0.000	-0.01050734
1.050	-1.650	0.000	-0.01003984
1.150	-1.650	0.000	-0.00959500
1.250	-1.650	0.000	-0.00916798
1.350	-1.650	0.000	-0.00868158
1.450	-1.650	0.000	-0.00819485
1.550	-1.650	0.000	-0.00766325
1.650	-1.650	0.000	-0.00737791
1.750	-1.650	0.000	-0.00727674
1.850	-1.650	0.000	-0.00742936
1.950	-1.650	0.000	-0.00810254
2.050	-1.650	0.000	-0.00937249
2.150	-1.650	0.000	-0.01096134
2.250	-1.650	0.000	-0.01317911
2.350	-1.650	0.000	-0.01549387
2.450	-1.650	0.000	-0.01656538
-2.450	-1.550	0.000	-0.02079437
-2.350	-1.550	0.000	-0.02072688
-2.250	-1.550	0.000	-0.02071344
-2.150	-1.550	0.000	-0.02117509
-2.050	-1.550	0.000	-0.02167932
-1.950	-1.550	0.000	-0.02217726
-1.850	-1.550	0.000	-0.02238489
-1.750	-1.550	0.000	-0.02250785
-1.650	-1.550	0.000	-0.02246657
-1.550	-1.550	0.000	-0.02244312
-1.450	-1.550	0.000	-0.02231611
-1.350	-1.550	0.000	-0.02213327
-1.250	-1.550	0.000	-0.02186892
-1.150	-1.550	0.000	-0.02151269
-1.050	-1.550	0.000	-0.02109828
-0.950	-1.550	0.000	-0.02061131
-0.850	-1.550	0.000	-0.02006440
-0.750	-1.550	0.000	-0.01945861
-0.650	-1.550	0.000	-0.01883936
-0.550	-1.550	0.000	-0.01820299
-0.450	-1.550	0.000	-0.01757851
-0.350	-1.550	0.000	-0.01700406
-0.250	-1.550	0.000	-0.01645400
-0.150	-1.550	0.000	-0.01590855
-0.050	-1.550	0.000	-0.01537817
0.050	-1.550	0.000	-0.01483894
0.150	-1.550	0.000	-0.01432413
0.250	-1.550	0.000	-0.01378817
0.350	-1.550	0.000	-0.01330153
0.450	-1.550	0.000	-0.01281258
0.550	-1.550	0.000	-0.01234337
0.650	-1.550	0.000	-0.01188491
0.750	-1.550	0.000	-0.01141182
0.850	-1.550	0.000	-0.01092805
0.950	-1.550	0.000	-0.01043632
1.050	-1.550	0.000	-0.00996827
1.150	-1.550	0.000	-0.00952816
1.250	-1.550	0.000	-0.00911220
1.350	-1.550	0.000	-0.00862958
1.450	-1.550	0.000	-0.00814696
1.550	-1.550	0.000	-0.00762278
1.650	-1.550	0.000	-0.00735984
1.750	-1.550	0.000	-0.00725772
1.850	-1.550	0.000	-0.00742372
1.950	-1.550	0.000	-0.00808422
2.050	-1.550	0.000	-0.00933638
2.150	-1.550	0.000	-0.01090475
2.250	-1.550	0.000	-0.01309714
2.350	-1.550	0.000	-0.01540047
2.450	-1.550	0.000	-0.01648949
-2.450	-1.450	0.000	-0.02063217
-2.350	-1.450	0.000	-0.02054412
-2.250	-1.450	0.000	-0.02052955
-2.150	-1.450	0.000	-0.02097373
-2.050	-1.450	0.000	-0.02147686
-1.950	-1.450	0.000	-0.02197406
-1.850	-1.450	0.000	-0.02218623
-1.750	-1.450	0.000	-0.02230929
-1.650	-1.450	0.000	-0.02226539
-1.550	-1.450	0.000	-0.02224294
-1.450	-1.450	0.000	-0.02211672
-1.350	-1.450	0.000	-0.02193908
-1.250	-1.450	0.000	-0.02167643
-1.150	-1.450	0.000	-0.02131536
-1.050	-1.450	0.000	-0.02089976
-0.950	-1.450	0.000	-0.02040515
-0.850	-1.450	0.000	-0.01986640
-0.750	-1.450	0.000	-0.01926257
-0.650	-1.450	0.000	-0.01865274
-0.550	-1.450	0.000	-0.01802083
-0.450	-1.450	0.000	-0.01740551
-0.350	-1.450	0.000	-0.01683692
-0.250	-1.450	0.000	-0.01629226
-0.150	-1.450	0.000	-0.01574808
-0.050	-1.450	0.000	-0.01521667
0.050	-1.450	0.000	-0.01467364
0.150	-1.450	0.000	-0.01415033
0.250	-1.450	0.000	-0.01360451
0.350	-1.450	0.000	-0.01310490
0.450	-1.450	0.000	-0.01260127
0.550	-1.450	0.000	-0.01212192
0.650	-1.450	0.000	-0.01165664
0.750	-1.450	0.000	-0.01117209
0.850	-1.450	0.000	-0.01068904
0.950	-1.450	0.000	-0.01018466
1.050	-1.450	0.000	-0.00972509
1.150	-1.450	0.000	-0.00925161
1.250	-1.450	0.000	-0.00885124
1.350	-1.450	0.000	-0.00834740
1.450	-1.450	0.000	-0.00786936
1.550	-1.450	0.000	-0.00734073
1.650	-1.450	0.000	-0.00709843
1.750	-1.450	0.000	-0.00698897
1.850	-1.450	0.000	-0.00716857
1.950	-1.450	0.000	-0.00782556
2.050	-1.450	0.000	-0.00906472
2.150	-1.450	0.000	-0.01062302
2.250	-1.450	0.000	-0.01281105
2.350	-1.450	0.000	-0.01512376
2.450	-1.450	0.000	-0.01622971
-2.450	-1.350	0.000	-0.02034107
-2.350	-1.350	0.000	-0.02025794
-2.250	-1.350	0.000	-0.02024818
-2.150	-1.350	0.000	-0.02069108
-2.050	-1.350	0.000	-0.02120390
-1.950	-1.350	0.000	-0.02170358
-1.850	-1.350	0.000	-0.02192601
-1.750	-1.350	0.000	-0.02204612
-1.650	-1.350	0.000	-0.02200698
-1.550	-1.350	0.000	-0.02198543
-1.450	-1.350	0.000	-0.02186431
-1.350	-1.350	0.000	-0.02169250
-1.250	-1.350	0.000	-0.02144538
-1.150	-1.350	0.000	-0.02109782
-1.050	-1.350	0.000	-0.02069211
-0.950	-1.350	0.000	-0.02021891
-0.850	-1.350	0.000	-0.01969869
-0.750	-1.350	0.000	-0.01912804
-0.650	-1.350	0.000	-0.01853776
-0.550	-1.350	0.000	-0.01794004
-0.450	-1.350	0.000	-0.01734504
-0.350	-1.350	0.000	-0.01680762
-0.250	-1.350	0.000	-0.01628281
-0.150	-1.350	0.000	-0.01575757
-0.050	-1.350	0.000	-0.01524328
0.050	-1.350	0.000	-0.01471148
0.150	-1.350	0.000	-0.01419893
0.250	-1.350	0.000	-0.01366542
0.350	-1.350	0.000	-0.01317417
0.450	-1.350	0.000	-0.01268627
0.550	-1.350	0.000	-0.01221917
0.650	-1.350	0.000	-0.01177065
0.750	-1.350	0.000	-0.01129277
0.850	-1.350	0.000	-0.01082623
0.950	-1.350	0.000	-0.01033066
1.050	-1.350	0.000	-0.00987539
1.150	-1.350	0.000	-0.00940381
1.250	-1.350	0.000	-0.00900016
1.350	-1.350	0.000	-0.00847633
1.450	-1.350	0.000	-0.00799183
1.550	-1.350	0.000	-0.00744117
1.650	-1.350	0.000	-0.00719016
1.750	-1.350	0.000	-0.00705377
1.850	-1.350	0.000	-0.00722491
1.950	-1.350	0.000	-0.00785780
2.050	-1.350	0.000	-0.00909516
2.150	-1.350	0.000	-0.01062360
2.250	-1.350	0.000	-0.01280042
2.350	-1.350	0.000	-0.01509708
2.450	-1.350	0.000	-0.01620401
-2.450	-1.250	0.000	-0.01999412
-2.350	-1.250	0.000	-0.01989190
-2.250	-1.250	0.000	-0.01987740
-2.150	-1.250	0.000	-0.02029990
-2.050	-1.250	0.000	-0.02081249
-1.950	-1.250	0.000	-0.02130972
-1.850	-1.250	0.000	-0.02153614
-1.750	-1.250	0.000	-0.02164993
-1.650	-1.250	0.000	-0.02160737
-1.550	-1.250	0.000	-0.02158184
-1.450	-1.250	0.000	-0.02144868
-1.350	-1.250	0.000	-0.02126918
-1.250	-1.250	0.000	-0.02102606
-1.150	-1.250	0.000	-0.02067617
-1.050	-1.250	0.000	-0.02027039
-0.950	-1.250	0.000	-0.01980353
-0.850	-1.250	0.000	-0.01928380
-0.750	-1.250	0.000	-0.01871817
-0.650	-1.250	0.000	-0.01812792
-0.550	-1.250	0.000	-0.01753036
-0.450	-1.250	0.000	-0.01693059
-0.350	-1.250	0.000	-0.01639541
-0.250	-1.250	0.000	-0.01587508
-0.150	-1.250	0.000	-0.01535492
-0.050	-1.250	0.000	-0.01484738
0.050	-1.250	0.000	-0.01432816
0.150	-1.250	0.000	-0.01382674
0.250	-1.250	0.000	-0.01331409
0.350	-1.250	0.000	-0.01283863
0.450	-1.250	0.000	-0.01237265
0.550	-1.250	0.000	-0.01191924
0.650	-1.250	0.000	-0.01148345
0.750	-1.250	0.000	-0.01100659
0.850	-1.250	0.000	-0.01055243
0.950	-1.250	0.000	-0.01005081
1.050	-1.250	0.000	-0.00960604
1.150	-1.250	0.000	-0.00913732
1.250	-1.250	0.000	-0.00873498
1.350	-1.250	0.000	-0.00821258
1.450	-1.250	0.000	-0.00773211
1.550	-1.250	0.000	-0.00717737
1.650	-1.250	0.000	-0.00692563
1.750	-1.250	0.000	-0.00678317
1.850	-1.250	0.000	-0.00696343
1.950	-1.250	0.000	-0.00758021
2.050	-1.250	0.000	-0.00881147
2.150	-1.250	0.000	-0.01032800
2.250	-1.250	0.000	-0.01251000
2.350	-1.250	0.000	-0.01481538
2.450	-1.250	0.000	-0.01596619
-2.450	-1.150	0.000	-0.02039696
-2.350	-1.150	0.000	-0.02028417
-2.250	-1.150	0.000	-0.02025537
-2.150	-1.150	0.000	-0.02065339
-2.050	-1.150	0.000	-0.02116376
-1.950	-1.150	0.000	-0.02165940
-1.850	-1.150	0.000	-0.02190405
-1.750	-1.150	0.000	-0.02201326
-1.650	-1.150	0.000	-0.02198556
-1.550	-1.150	0.000	-0.02195634
-1.450	-1.150	0.000	-0.02182516
-1.350	-1.150	0.000	-0.02164537
-1.250	-1.150	0.000	-0.02140811
-1.150	-1.150	0.000	-0.02105736
-1.050	-1.150	0.000	-0.02063960
-0.950	-1.150	0.000	-0.02016419
-0.850	-1.150	0.000	-0.01963372
-0.750	-1.150	0.000	-0.01905445
-0.650	-1.150	0.000	-0.01845763
-0.550	-1.150	0.000	-0.01784823
-0.450	-1.150	0.000	-0.01723726
-0.350	-1.150	0.000	-0.01669042
-0.250	-1.150	0.000	-0.01616915
-0.150	-1.150	0.000	-0.01565206
-0.050	-1.150	0.000	-0.01515078
0.050	-1.150	0.000	-0.01463676
0.150	-1.150	0.000	-0.01414570
0.250	-1.150	0.000	-0.01363777
0.350	-1.150	0.000	-0.01316817
0.450	-1.150	0.000	-0.01270765
0.550	-1.150	0.000	-0.01225732
0.650	-1.150	0.000	-0.01182340
0.750	-1.150	0.000	-0.01133882
0.850	-1.150	0.000	-0.01089098
0.950	-1.150	0.000	-0.01036718
1.050	-1.150	0.000	-0.00992242
1.150	-1.150	0.000	-0.00942678
1.250	-1.150	0.000	-0.00900504
1.350	-1.150	0.000	-0.00848293
1.450	-1.150	0.000	-0.00799973
1.550	-1.150	0.000	-0.00746648
1.650	-1.150	0.000	-0.00723108
1.750	-1.150	0.000	-0.00711251
1.850	-1.150	0.000	-0.00731552
1.950	-1.150	0.000	-0.00792467
2.050	-1.150	0.000	-0.00914852
2.150	-1.150	0.000	-0.01065068
2.250	-1.150	0.000	-0.01282374
2.350	-1.150	0.000	-0.01514667
2.450	-1.150	0.000	-0.01632771
-2.450	-1.050	0.000	-0.02006590
-2.350	-1.050	0.000	-0.01993943
-2.250	-1.050	0.000	-0.01989746
-2.150	-1.050	0.000	-0.02027644
-2.050	-1.050	0.000	-0.02078040
-1.950	-1.050	0.000	-0.02127854
-1.850	-1.050	0.000	-0.02152395
-1.750	-1.050	0.000	-0.02162601
-1.650	-1.050	0.000	-0.02159637
-1.550	-1.050	0.000	-0.02156702
-1.450	-1.050	0.000	-0.02143387
-1.350	-1.050	0.000	-0.02125456
-1.250	-1.050	0.000	-0.02103220
-1.150	-1.050	0.000	-0.02069560
-1.050	-1.050	0.000	-0.02028695
-0.950	-1.050	0.000	-0.01982079
-0.850	-1.050	0.000	-0.01930797
-0.750	-1.050	0.000	-0.01872881
-0.650	-1.050	0.000	-0.01814235
-0.550	-1.050	0.000	-0.01753229
-0.450	-1.050	0.000	-0.01691967
-0.350	-1.050	0.000	-0.01637190
-0.250	-1.050	0.000	-0.01586177
-0.150	-1.050	0.000	-0.01535098
-0.050	-1.050	0.000	-0.01485450
0.050	-1.050	0.000	-0.01434959
0.150	-1.050	0.000	-0.01386281
0.250	-1.050	0.000	-0.01336059
0.350	-1.050	0.000	-0.01289587
0.450	-1.050	0.000	-0.01243882
0.550	-1.050	0.000	-0.01199403
0.650	-1.050	0.000	-0.01156711
0.750	-1.050	0.000	-0.01108960
0.850	-1.050	0.000	-0.01065463
0.950	-1.050	0.000	-0.01012829
1.050	-1.050	0.000	-0.00970172
1.150	-1.050	0.000	-0.00919660
1.250	-1.050	0.000	-0.00878348
1.350	-1.050	0.000	-0.00826641
1.450	-1.050	0.000	-0.00779649
1.550	-1.050	0.000	-0.00726467
1.650	-1.050	0.000	-0.00702919
1.750	-1.050	0.000	-0.00690096
1.850	-1.050	0.000	-0.00711441
1.950	-1.050	0.000	-0.00768598
2.050	-1.050	0.000	-0.00890622
2.150	-1.050	0.000	-0.01036611
2.250	-1.050	0.000	-0.01252154
2.350	-1.050	0.000	-0.01484433
2.450	-1.050	0.000	-0.01604247
-2.450	-0.950	0.000	-0.02015764
-2.350	-0.950	0.000	-0.02000906
-2.250	-0.950	0.000	-0.01996912
-2.150	-0.950	0.000	-0.02031711
-2.050	-0.950	0.000	-0.02081540
-1.950	-0.950	0.000	-0.02131578
-1.850	-0.950	0.000	-0.02155925
-1.750	-0.950	0.000	-0.02165669
-1.650	-0.950	0.000	-0.02162688
-1.550	-0.950	0.000	-0.02159815
-1.450	-0.950	0.000	-0.02146532
-1.350	-0.950	0.000	-0.02129805
-1.250	-0.950	0.000	-0.02109042
-1.150	-0.950	0.000	-0.02077220
-1.050	-0.950	0.000	-0.02038234
-0.950	-0.950	0.000	-0.01994568
-0.850	-0.950	0.000	-0.01947327
-0.750	-0.950	0.000	-0.01894254
-0.650	-0.950	0.000	-0.01838441
-0.550	-0.950	0.000	-0.01782313
-0.450	-0.950	0.000	-0.01723364
-0.350	-0.950	0.000	-0.01671373
-0.250	-0.950	0.000	-0.01622599
-0.150	-0.950	0.000	-0.01573787
-0.050	-0.950	0.000	-0.01525840
0.050	-0.950	0.000	-0.01477161
0.150	-0.950	0.000	-0.01429461
0.250	-0.950	0.000	-0.01381074
0.350	-0.950	0.000	-0.01335127
0.450	-0.950	0.000	-0.01291247
0.550	-0.950	0.000	-0.01246838
0.650	-0.950	0.000	-0.01205828
0.750	-0.950	0.000	-0.01158345
0.850	-0.950	0.000	-0.01115948
0.950	-0.950	0.000	-0.01063944
1.050	-0.950	0.000	-0.01022460
1.150	-0.950	0.000	-0.00973262
1.250	-0.950	0.000	-0.00931896
1.350	-0.950	0.000	-0.00879976
1.450	-0.950	0.000	-0.00831949
1.550	-0.950	0.000	-0.00775981
1.650	-0.950	0.000	-0.00746852
1.750	-0.950	0.000	-0.00730588
1.850	-0.950	0.000	-0.00748908
1.950	-0.950	0.000	-0.00800041
2.050	-0.950	0.000	-0.00919922
2.150	-0.950	0.000	-0.01062622
2.250	-0.950	0.000	-0.01275874
2.350	-0.950	0.000	-0.01506396
2.450	-0.950	0.000	-0.01629890
-2.450	-0.850	0.000	-0.01977512
-2.350	-0.850	0.000	-0.01962981
-2.250	-0.850	0.000	-0.01957679
-2.150	-0.850	0.000	-0.01990623
-2.050	-0.850	0.000	-0.02039759
-1.950	-0.850	0.000	-0.02091144
-1.850	-0.850	0.000	-0.02116270
-1.750	-0.850	0.000	-0.02125861
-1.650	-0.850	0.000	-0.02123322
-1.550	-0.850	0.000	-0.02119293
-1.450	-0.850	0.000	-0.02105722
-1.350	-0.850	0.000	-0.02089000
-1.250	-0.850	0.000	-0.02069491
-1.150	-0.850	0.000	-0.02038010
-1.050	-0.850	0.000	-0.02000216
-0.950	-0.850	0.000	-0.01956541
-0.850	-0.850	0.000	-0.01912921
-0.750	-0.850	0.000	-0.01862876
-0.650	-0.850	0.000	-0.01807721
-0.550	-0.850	0.000	-0.01755950
-0.450	-0.850	0.000	-0.01698838
-0.350	-0.850	0.000	-0.01648558
-0.250	-0.850	0.000	-0.01600790
-0.150	-0.850	0.000	-0.01552385
-0.050	-0.850	0.000	-0.01504923
0.050	-0.850	0.000	-0.01456025
0.150	-0.850	0.000	-0.01407774
0.250	-0.850	0.000	-0.01359228
0.350	-0.850	0.000	-0.01311835
0.450	-0.850	0.000	-0.01267985
0.550	-0.850	0.000	-0.01222226
0.650	-0.850	0.000	-0.01181608
0.750	-0.850	0.000	-0.01133763
0.850	-0.850	0.000	-0.01091668
0.950	-0.850	0.000	-0.01039224
1.050	-0.850	0.000	-0.00997950
1.150	-0.850	0.000	-0.00947501
1.250	-0.850	0.000	-0.00905137
1.350	-0.850	0.000	-0.00852045
1.450	-0.850	0.000	-0.00803607
1.550	-0.850	0.000	-0.00746891
1.650	-0.850	0.000	-0.00717027
1.750	-0.850	0.000	-0.00700453
1.850	-0.850	0.000	-0.00718155
1.950	-0.850	0.000	-0.00766105
2.050	-0.850	0.000	-0.00884632
2.150	-0.850	0.000	-0.01026773
2.250	-0.850	0.000	-0.01240036
2.350	-0.850	0.000	-0.01471290
2.450	-0.850	0.000	-0.01597210
-2.450	-0.750	0.000	-0.01994729
-2.350	-0.750	0.000	-0.01978553
-2.250	-0.750	0.000	-0.01971261
-2.150	-0.750	0.000	-0.02000042
-2.050	-0.750	0.000	-0.02047570
-1.950	-0.750	0.000	-0.02099226
-1.850	-0.750	0.000	-0.02125661
-1.750	-0.750	0.000	-0.02136500
-1.650	-0.750	0.000	-0.02134829
-1.550	-0.750	0.000	-0.02132354
-1.450	-0.750	0.000	-0.02119038
-1.350	-0.750	0.000	-0.02104338
-1.250	-0.750	0.000	-0.02085231
-1.150	-0.750	0.000	-0.02055776
-1.050	-0.750	0.000	-0.02019473
-0.950	-0.750	0.000	-0.01977737
-0.850	-0.750	0.000	-0.01934857
-0.750	-0.750	0.000	-0.01883978
-0.650	-0.750	0.000	-0.01827432
-0.550	-0.750	0.000	-0.01772006
-0.450	-0.750	0.000	-0.01714223
-0.350	-0.750	0.000	-0.01660648
-0.250	-0.750	0.000	-0.01612775
-0.150	-0.750	0.000	-0.01563198
-0.050	-0.750	0.000	-0.01515334
0.050	-0.750	0.000	-0.01465888
0.150	-0.750	0.000	-0.01417520
0.250	-0.750	0.000	-0.01368362
0.350	-0.750	0.000	-0.01321295
0.450	-0.750	0.000	-0.01276590
0.550	-0.750	0.000	-0.01230631
0.650	-0.750	0.000	-0.01190031
0.750	-0.750	0.000	-0.01142376
0.850	-0.750	0.000	-0.01100448
0.950	-0.750	0.000	-0.01047877
1.050	-0.750	0.000	-0.01007917
1.150	-0.750	0.000	-0.00956500
1.250	-0.750	0.000	-0.00916487
1.350	-0.750	0.000	-0.00864156
1.450	-0.750	0.000	-0.00817827
1.550	-0.750	0.000	-0.00763391
1.650	-0.750	0.000	-0.00736007
1.750	-0.750	0.000	-0.00721188
1.850	-0.750	0.000	-0.00740615
1.950	-0.750	0.000	-0.00787988
2.050	-0.750	0.000	-0.00902566
2.150	-0.750	0.000	-0.01040245
2.250	-0.750	0.000	-0.01247440
2.350	-0.750	0.000	-0.01478267
2.450	-0.750	0.000	-0.01610974
-2.450	-0.650	0.000	-0.01954803
-2.350	-0.650	0.000	-0.01937463
-2.250	-0.650	0.000	-0.01929328
-2.150	-0.650	0.000	-0.01955115
-2.050	-0.650	0.000	-0.02001519
-1.950	-0.650	0.000	-0.02053146
-1.850	-0.650	0.000	-0.02080612
-1.750	-0.650	0.000	-0.02092026
-1.650	-0.650	0.000	-0.02090875
-1.550	-0.650	0.000	-0.02089376
-1.450	-0.650	0.000	-0.02076169
-1.350	-0.650	0.000	-0.02063110
-1.250	-0.650	0.000	-0.02044210
-1.150	-0.650	0.000	-0.02016087
-1.050	-0.650	0.000	-0.01981339
-0.950	-0.650	0.000	-0.01941719
-0.850	-0.650	0.000	-0.01901145
-0.750	-0.650	0.000	-0.01854251
-0.650	-0.650	0.000	-0.01797710
-0.550	-0.650	0.000	-0.01744635
-0.450	-0.650	0.000	-0.01687487
-0.350	-0.650	0.000	-0.01633826
-0.250	-0.650	0.000	-0.01585382
-0.150	-0.650	0.000	-0.01535807
-0.050	-0.650	0.000	-0.01487723
0.050	-0.650	0.000	-0.01438760
0.150	-0.650	0.000	-0.01390048
0.250	-0.650	0.000	-0.01340783
0.350	-0.650	0.000	-0.01293375
0.450	-0.650	0.000	-0.01249145
0.550	-0.650	0.000	-0.01202501
0.650	-0.650	0.000	-0.01162673
0.750	-0.650	0.000	-0.01114908
0.850	-0.650	0.000	-0.01073289
0.950	-0.650	0.000	-0.01021195
1.050	-0.650	0.000	-0.00980490
1.150	-0.650	0.000	-0.00930144
1.250	-0.650	0.000	-0.00890449
1.350	-0.650	0.000	-0.00840204
1.450	-0.650	0.000	-0.00795001
1.550	-0.650	0.000	-0.00741945
1.650	-0.650	0.000	-0.00713918
1.750	-0.650	0.000	-0.00700319
1.850	-0.650	0.000	-0.00719382
1.950	-0.650	0.000	-0.00765007
2.050	-0.650	0.000	-0.00877362
2.150	-0.650	0.000	-0.01011573
2.250	-0.650	0.000	-0.01215622
2.350	-0.650	0.000	-0.01445024
2.450	-0.650	0.000	-0.01581744
-2.450	-0.550	0.000	-0.01950398
-2.350	-0.550	0.000	-0.01934827
-2.250	-0.550	0.000	-0.01926087
-2.150	-0.550	0.000	-0.01950763
-2.050	-0.550	0.000	-0.01996644
-1.950	-0.550	0.000	-0.02049642
-1.850	-0.550	0.000	-0.02077660
-1.750	-0.550	0.000	-0.02089456
-1.650	-0.550	0.000	-0.02087839
-1.550	-0.550	0.000	-0.02085394
-1.450	-0.550	0.000	-0.02071008
-1.350	-0.550	0.000	-0.02057291
-1.250	-0.550	0.000	-0.02036885
-1.150	-0.550	0.000	-0.02007592
-1.050	-0.550	0.000	-0.01971588
-0.950	-0.550	0.000	-0.01930448
-0.850	-0.550	0.000	-0.01888863
-0.750	-0.550	0.000	-0.01842426
-0.650	-0.550	0.000	-0.01786526
-0.550	-0.550	0.000	-0.01735073
-0.450	-0.550	0.000	-0.01679784
-0.350	-0.550	0.000	-0.01628528
-0.250	-0.550	0.000	-0.01580921
-0.150	-0.550	0.000	-0.01534383
-0.050	-0.550	0.000	-0.01487206
0.050	-0.550	0.000	-0.01440494
0.150	-0.550	0.000	-0.01393034
0.250	-0.550	0.000	-0.01345737
0.350	-0.550	0.000	-0.01298533
0.450	-0.550	0.000	-0.01256382
0.550	-0.550	0.000	-0.01210456
0.650	-0.550	0.000	-0.01172492
0.750	-0.550	0.000	-0.01125154
0.850	-0.550	0.000	-0.01085638
0.950	-0.550	0.000	-0.01035078
1.050	-0.550	0.000	-0.00995167
1.150	-0.550	0.000	-0.00946609
1.250	-0.550	0.000	-0.00907819
1.350	-0.550	0.000	-0.00858400
1.450	-0.550	0.000	-0.00813709
1.550	-0.550	0.000	-0.00758424
1.650	-0.550	0.000	-0.00727087
1.750	-0.550	0.000	-0.00708810
1.850	-0.550	0.000	-0.00726386
1.950	-0.550	0.000	-0.00761766
2.050	-0.550	0.000	-0.00871386
2.150	-0.550	0.000	-0.01004179
2.250	-0.550	0.000	-0.01209358
2.350	-0.550	0.000	-0.01435261
2.450	-0.550	0.000	-0.01573177
-2.450	-0.450	0.000	-0.01913468
-2.350	-0.450	0.000	-0.01896605
-2.250	-0.450	0.000	-0.01887641
-2.150	-0.450	0.000	-0.01908057
-2.050	-0.450	0.000	-0.01953229
-1.950	-0.450	0.000	-0.02007367
-1.850	-0.450	0.000	-0.02036793
-1.750	-0.450	0.000	-0.02050246
-1.650	-0.450	0.000	-0.02049555
-1.550	-0.450	0.000	-0.02048643
-1.450	-0.450	0.000	-0.02034592
-1.350	-0.450	0.000	-0.02022839
-1.250	-0.450	0.000	-0.02002361
-1.150	-0.450	0.000	-0.01975173
-1.050	-0.450	0.000	-0.01939589
-0.950	-0.450	0.000	-0.01901016
-0.850	-0.450	0.000	-0.01858440
-0.750	-0.450	0.000	-0.01812560
-0.650	-0.450	0.000	-0.01756873
-0.550	-0.450	0.000	-0.01704327
-0.450	-0.450	0.000	-0.01650374
-0.350	-0.450	0.000	-0.01599055
-0.250	-0.450	0.000	-0.01551716
-0.150	-0.450	0.000	-0.01506081
-0.050	-0.450	0.000	-0.01458290
0.050	-0.450	0.000	-0.01411881
0.150	-0.450	0.000	-0.01364735
0.250	-0.450	0.000	-0.01317248
0.350	-0.450	0.000	-0.01269987
0.450	-0.450	0.000	-0.01227683
0.550	-0.450	0.000	-0.01181313
0.650	-0.450	0.000	-0.01143386
0.750	-0.450	0.000	-0.01095382
0.850	-0.450	0.000	-0.01055744
0.950	-0.450	0.000	-0.01005462
1.050	-0.450	0.000	-0.00965304
1.150	-0.450	0.000	-0.00917892
1.250	-0.450	0.000	-0.00880590
1.350	-0.450	0.000	-0.00833182
1.450	-0.450	0.000	-0.00789608
1.550	-0.450	0.000	-0.00735823
1.650	-0.450	0.000	-0.00703402
1.750	-0.450	0.000	-0.00685798
1.850	-0.450	0.000	-0.00704744
1.950	-0.450	0.000	-0.00738367
2.050	-0.450	0.000	-0.00844922
2.150	-0.450	0.000	-0.00975535
2.250	-0.450	0.000	-0.01176944
2.350	-0.450	0.000	-0.01401785
2.450	-0.450	0.000	-0.01544769
-2.450	-0.350	0.000	-0.01891834
-2.350	-0.350	0.000	-0.01875711
-2.250	-0.350	0.000	-0.01866337
-2.150	-0.350	0.000	-0.01885276
-2.050	-0.350	0.000	-0.01929042
-1.950	-0.350	0.000	-0.01983196
-1.850	-0.350	0.000	-0.02013062
-1.750	-0.350	0.000	-0.02027102
-1.650	-0.350	0.000	-0.02026346
-1.550	-0.350	0.000	-0.02025966
-1.450	-0.350	0.000	-0.02011427
-1.350	-0.350	0.000	-0.02000035
-1.250	-0.350	0.000	-0.01979325
-1.150	-0.350	0.000	-0.01953517
-1.050	-0.350	0.000	-0.01918971
-0.950	-0.350	0.000	-0.01883383
-0.850	-0.350	0.000	-0.01842258
-0.750	-0.350	0.000	-0.01799123
-0.650	-0.350	0.000	-0.01746186
-0.550	-0.350	0.000	-0.01696204
-0.450	-0.350	0.000	-0.01644630
-0.350	-0.350	0.000	-0.01595178
-0.250	-0.350	0.000	-0.01548248
-0.150	-0.350	0.000	-0.01503103
-0.050	-0.350	0.000	-0.01454549
0.050	-0.350	0.000	-0.01408647
0.150	-0.350	0.000	-0.01361194
0.250	-0.350	0.000	-0.01313901
0.350	-0.350	0.000	-0.01266313
0.450	-0.350	0.000	-0.01223377
0.550	-0.350	0.000	-0.01176989
0.650	-0.350	0.000	-0.01138087
0.750	-0.350	0.000	-0.01090283
0.850	-0.350	0.000	-0.01050385
0.950	-0.350	0.000	-0.00999814
1.050	-0.350	0.000	-0.00959551
1.150	-0.350	0.000	-0.00911606
1.250	-0.350	0.000	-0.00874395
1.350	-0.350	0.000	-0.00826655
1.450	-0.350	0.000	-0.00784111
1.550	-0.350	0.000	-0.00733288
1.650	-0.350	0.000	-0.00702630
1.750	-0.350	0.000	-0.00687433
1.850	-0.350	0.000	-0.00706729
1.950	-0.350	0.000	-0.00740845
2.050	-0.350	0.000	-0.00845123
2.150	-0.350	0.000	-0.00971254
2.250	-0.350	0.000	-0.01167222
2.350	-0.350	0.000	-0.01391127
2.450	-0.350	0.000	-0.01534822
-2.450	-0.250	0.000	-0.01863282
-2.350	-0.250	0.000	-0.01847849
-2.250	-0.250	0.000	-0.01837345
-2.150	-0.250	0.000	-0.01852962
-2.050	-0.250	0.000	-0.01894562
-1.950	-0.250	0.000	-0.01948116
-1.850	-0.250	0.000	-0.01978264
-1.750	-0.250	0.000	-0.01992608
-1.650	-0.250	0.000	-0.01992069
-1.550	-0.250	0.000	-0.01991746
-1.450	-0.250	0.000	-0.01976221
-1.350	-0.250	0.000	-0.01964573
-1.250	-0.250	0.000	-0.01941882
-1.150	-0.250	0.000	-0.01916057
-1.050	-0.250	0.000	-0.01880748
-0.950	-0.250	0.000	-0.01845602
-0.850	-0.250	0.000	-0.01803035
-0.750	-0.250	0.000	-0.01759000
-0.650	-0.250	0.000	-0.01706847
-0.550	-0.250	0.000	-0.01656498
-0.450	-0.250	0.000	-0.01606758
-0.350	-0.250	0.000	-0.01558221
-0.250	-0.250	0.000	-0.01511940
-0.150	-0.250	0.000	-0.01469204
-0.050	-0.250	0.000	-0.01421501
0.050	-0.250	0.000	-0.01376663
0.150	-0.250	0.000	-0.01330940
0.250	-0.250	0.000	-0.01285097
0.350	-0.250	0.000	-0.01238273
0.450	-0.250	0.000	-0.01196305
0.550	-0.250	0.000	-0.01151577
0.650	-0.250	0.000	-0.01113607
0.750	-0.250	0.000	-0.01067146
0.850	-0.250	0.000	-0.01029396
0.950	-0.250	0.000	-0.00980206
1.050	-0.250	0.000	-0.00940879
1.150	-0.250	0.000	-0.00895035
1.250	-0.250	0.000	-0.00858676
1.350	-0.250	0.000	-0.00812325
1.450	-0.250	0.000	-0.00771972
1.550	-0.250	0.000	-0.00722022
1.650	-0.250	0.000	-0.00690695
1.750	-0.250	0.000	-0.00673837
1.850	-0.250	0.000	-0.00692159
1.950	-0.250	0.000	-0.00721577
2.050	-0.250	0.000	-0.00822531
2.150	-0.250	0.000	-0.00946858
2.250	-0.250	0.000	-0.01139973
2.350	-0.250	0.000	-0.01362593
2.450	-0.250	0.000	-0.01510367
-2.450	-0.150	0.000	-0.01855635
-2.350	-0.150	0.000	-0.01840985
-2.250	-0.150	0.000	-0.01829492
-2.150	-0.150	0.000	-0.01842991
-2.050	-0.150	0.000	-0.01882536
-1.950	-0.150	0.000	-0.01936372
-1.850	-0.150	0.000	-0.01966780
-1.750	-0.150	0.000	-0.01982133
-1.650	-0.150	0.000	-0.01981969
-1.550	-0.150	0.000	-0.01982053
-1.450	-0.150	0.000	-0.01965926
-1.350	-0.150	0.000	-0.01954374
-1.250	-0.150	0.000	-0.01931236
-1.150	-0.150	0.000	-0.01905773
-1.050	-0.150	0.000	-0.01870618
-0.950	-0.150	0.000	-0.01834958
-0.850	-0.150	0.000	-0.01791836
-0.750	-0.150	0.000	-0.01746693
-0.650	-0.150	0.000	-0.01693697
-0.550	-0.150	0.000	-0.01642830
-0.450	-0.150	0.000	-0.01592481
-0.350	-0.150	0.000	-0.01542797
-0.250	-0.150	0.000	-0.01494940
-0.150	-0.150	0.000	-0.01451709
-0.050	-0.150	0.000	-0.01403564
0.050	-0.150	0.000	-0.01359714
0.150	-0.150	0.000	-0.01314675
0.250	-0.150	0.000	-0.01270739
0.350	-0.150	0.000	-0.01225478
0.450	-0.150	0.000	-0.01185864
0.550	-0.150	0.000	-0.01142543
0.650	-0.150	0.000	-0.01106908
0.750	-0.150	0.000	-0.01061709
0.850	-0.150	0.000	-0.01025168
0.950	-0.150	0.000	-0.00976234
1.050	-0.150	0.000	-0.00937083
1.150	-0.150	0.000	-0.00891171
1.250	-0.150	0.000	-0.00855744
1.350	-0.150	0.000	-0.00810409
1.450	-0.150	0.000	-0.00770435
1.550	-0.150	0.000	-0.00719786
1.650	-0.150	0.000	-0.00686136
1.750	-0.150	0.000	-0.00669280
1.850	-0.150	0.000	-0.00689028
1.950	-0.150	0.000	-0.00717571
2.050	-0.150	0.000	-0.00816437
2.150	-0.150	0.000	-0.00940433
2.250	-0.150	0.000	-0.01131732
2.350	-0.150	0.000	-0.01353250
2.450	-0.150	0.000	-0.01505223
-2.450	-0.050	0.000	-0.01819234
-2.350	-0.050	0.000	-0.01805582
-2.250	-0.050	0.000	-0.01793747
-2.150	-0.050	0.000	-0.01804983
-2.050	-0.050	0.000	-0.01842602
-1.950	-0.050	0.000	-0.01895905
-1.850	-0.050	0.000	-0.01926876
-1.750	-0.050	0.000	-0.01942806
-1.650	-0.050	0.000	-0.01943161
-1.550	-0.050	0.000	-0.01943463
-1.450	-0.050	0.000	-0.01927459
-1.350	-0.050	0.000	-0.01916020
-1.250	-0.050	0.000	-0.01892859
-1.150	-0.050	0.000	-0.01868512
-1.050	-0.050	0.000	-0.01833395
-0.950	-0.050	0.000	-0.01799016
-0.850	-0.050	0.000	-0.01755551
-0.750	-0.050	0.000	-0.01710999
-0.650	-0.050	0.000	-0.01658145
-0.550	-0.050	0.000	-0.01608538
-0.450	-0.050	0.000	-0.01557498
-0.350	-0.050	0.000	-0.01508489
-0.250	-0.050	0.000	-0.01460327
-0.150	-0.050	0.000	-0.01416701
-0.050	-0.050	0.000	-0.01369549
0.050	-0.050	0.000	-0.01326728
0.150	-0.050	0.000	-0.01282053
0.250	-0.050	0.000	-0.01240032
0.350	-0.050	0.000	-0.01195758
0.450	-0.050	0.000	-0.01157573
0.550	-0.050	0.000	-0.01114938
0.650	-0.050	0.000	-0.01080155
0.750	-0.050	0.000	-0.01036355
0.850	-0.050	0.000	-0.01000637
0.950	-0.050	0.000	-0.00951987
1.050	-0.050	0.000	-0.00913304
1.150	-0.050	0.000	-0.00867256
1.250	-0.050	0.000	-0.00832080
1.350	-0.050	0.000	-0.00787991
1.450	-0.050	0.000	-0.00749987
1.550	-0.050	0.000	-0.00702196
1.650	-0.050	0.000	-0.00669962
1.750	-0.050	0.000	-0.00653648
1.850	-0.050	0.000	-0.00671843
1.950	-0.050	0.000	-0.00697750
2.050	-0.050	0.000	-0.00793220
2.150	-0.050	0.000	-0.00912824
2.250	-0.050	0.000	-0.01098988
2.350	-0.050	0.000	-0.01318761
2.450	-0.050	0.000	-0.01471010
-2.450	0.050	0.000	-0.01798861
-2.350	0.050	0.000	-0.01785365
-2.250	0.050	0.000	-0.01773161
-2.150	0.050	0.000	-0.01782790
-2.050	0.050	0.000	-0.01818074
-1.950	0.050	0.000	-0.01871351
-1.850	0.050	0.000	-0.01902344
-1.750	0.050	0.000	-0.01918869
-1.650	0.050	0.000	-0.01918914
-1.550	0.050	0.000	-0.01918766
-1.450	0.050	0.000	-0.01903115
-1.350	0.050	0.000	-0.01890935
-1.250	0.050	0.000	-0.01867969
-1.150	0.050	0.000	-0.01843764
-1.050	0.050	0.000	-0.01809239
-0.950	0.050	0.000	-0.01775134
-0.850	0.050	0.000	-0.01731650
-0.750	0.050	0.000	-0.01686567
-0.650	0.050	0.000	-0.01634365
-0.550	0.050	0.000	-0.01584262
-0.450	0.050	0.000	-0.01534390
-0.350	0.050	0.000	-0.01486076
-0.250	0.050	0.000	-0.01439847
-0.150	0.050	0.000	-0.01398211
-0.050	0.050	0.000	-0.01354300
0.050	0.050	0.000	-0.01313073
0.150	0.050	0.000	-0.01269417
0.250	0.050	0.000	-0.01228864
0.350	0.050	0.000	-0.01184760
0.450	0.050	0.000	-0.01146994
0.550	0.050	0.000	-0.01104305
0.650	0.050	0.000	-0.01069633
0.750	0.050	0.000	-0.01026129
0.850	0.050	0.000	-0.00991984
0.950	0.050	0.000	-0.00943998
1.050	0.050	0.000	-0.00906725
1.150	0.050	0.000	-0.00861452
1.250	0.050	0.000	-0.00826626
1.350	0.050	0.000	-0.00783325
1.450	0.050	0.000	-0.00745996
1.550	0.050	0.000	-0.00698121
1.650	0.050	0.000	-0.00665061
1.750	0.050	0.000	-0.00648035
1.850	0.050	0.000	-0.00664524
1.950	0.050	0.000	-0.00688852
2.050	0.050	0.000	-0.00782420
2.150	0.050	0.000	-0.00899324
2.250	0.050	0.000	-0.01085174
2.350	0.050	0.000	-0.01303341
2.450	0.050	0.000	-0.01459462
-2.450	0.150	0.000	-0.01766709
-2.350	0.150	0.000	-0.01752027
-2.250	0.150	0.000	-0.01738609
-2.150	0.150	0.000	-0.01745032
-2.050	0.150	0.000	-0.01776618
-1.950	0.150	0.000	-0.01828605
-1.850	0.150	0.000	-0.01859081
-1.750	0.150	0.000	-0.01875500
-1.650	0.150	0.000	-0.01874667
-1.550	0.150	0.000	-0.01874079
-1.450	0.150	0.000	-0.01858322
-1.350	0.150	0.000	-0.01845207
-1.250	0.150	0.000	-0.01822495
-1.150	0.150	0.000	-0.01798739
-1.050	0.150	0.000	-0.01764267
-0.950	0.150	0.000	-0.01730191
-0.850	0.150	0.000	-0.01686891
-0.750	0.150	0.000	-0.01642308
-0.650	0.150	0.000	-0.01590331
-0.550	0.150	0.000	-0.01540311
-0.450	0.150	0.000	-0.01490649
-0.350	0.150	0.000	-0.01442174
-0.250	0.150	0.000	-0.01396290
-0.150	0.150	0.000	-0.01355319
-0.050	0.150	0.000	-0.01313205
0.050	0.150	0.000	-0.01273871
0.150	0.150	0.000	-0.01231900
0.250	0.150	0.000	-0.01193492
0.350	0.150	0.000	-0.01151138
0.450	0.150	0.000	-0.01115572
0.550	0.150	0.000	-0.01075131
0.650	0.150	0.000	-0.01042236
0.750	0.150	0.000	-0.01000372
0.850	0.150	0.000	-0.00967909
0.950	0.150	0.000	-0.00921821
1.050	0.150	0.000	-0.00885934
1.150	0.150	0.000	-0.00841392
1.250	0.150	0.000	-0.00807982
1.350	0.150	0.000	-0.00765067
1.450	0.150	0.000	-0.00728439
1.550	0.150	0.000	-0.00680593
1.650	0.150	0.000	-0.00646723
1.750	0.150	0.000	-0.00629553
1.850	0.150	0.000	-0.00645971
1.950	0.150	0.000	-0.00668907
2.050	0.150	0.000	-0.00758749
2.150	0.150	0.000	-0.00873191
2.250	0.150	0.000	-0.01056317
2.350	0.150	0.000	-0.01272151
2.450	0.150	0.000	-0.01432558
-2.450	0.250	0.000	-0.01749393
-2.350	0.250	0.000	-0.01734916
-2.250	0.250	0.000	-0.01720651
-2.150	0.250	0.000	-0.01725526
-2.050	0.250	0.000	-0.01754270
-1.950	0.250	0.000	-0.01804433
-1.850	0.250	0.000	-0.01834414
-1.750	0.250	0.000	-0.01850682
-1.650	0.250	0.000	-0.01849736
-1.550	0.250	0.000	-0.01848810
-1.450	0.250	0.000	-0.01833289
-1.350	0.250	0.000	-0.01819540
-1.250	0.250	0.000	-0.01796948
-1.150	0.250	0.000	-0.01773462
-1.050	0.250	0.000	-0.01738652
-0.950	0.250	0.000	-0.01704904
-0.850	0.250	0.000	-0.01661069
-0.750	0.250	0.000	-0.01616254
-0.650	0.250	0.000	-0.01564429
-0.550	0.250	0.000	-0.01514459
-0.450	0.250	0.000	-0.01464191
-0.350	0.250	0.000	-0.01415672
-0.250	0.250	0.000	-0.01369731
-0.150	0.250	0.000	-0.01328291
-0.050	0.250	0.000	-0.01287751
0.050	0.250	0.000	-0.01249051
0.150	0.250	0.000	-0.01208060
0.250	0.250	0.000	-0.01170507
0.350	0.250	0.000	-0.01129133
0.450	0.250	0.000	-0.01094753
0.550	0.250	0.000	-0.01055247
0.650	0.250	0.000	-0.01023349
0.750	0.250	0.000	-0.00983342
0.850	0.250	0.000	-0.00951620
0.950	0.250	0.000	-0.00907489
1.050	0.250	0.000	-0.00872320
1.150	0.250	0.000	-0.00828288
1.250	0.250	0.000	-0.00795799
1.350	0.250	0.000	-0.00755200
1.450	0.250	0.000	-0.00720794
1.550	0.250	0.000	-0.00675806
1.650	0.250	0.000	-0.00642427
1.750	0.250	0.000	-0.00624281
1.850	0.250	0.000	-0.00637781
1.950	0.250	0.000	-0.00659362
2.050	0.250	0.000	-0.00745079
2.150	0.250	0.000	-0.00858446
2.250	0.250	0.000	-0.01035003
2.350	0.250	0.000	-0.01251888
2.450	0.250	0.000	-0.01410252
-2.450	0.350	0.000	-0.01703567
-2.350	0.350	0.000	-0.01689667
-2.250	0.350	0.000	-0.01674666
-2.150	0.350	0.000	-0.01679064
-2.050	0.350	0.000	-0.01705801
-1.950	0.350	0.000	-0.01755114
-1.850	0.350	0.000	-0.01785323
-1.750	0.350	0.000	-0.01801981
-1.650	0.350	0.000	-0.01801272
-1.550	0.350	0.000	-0.01800003
-1.450	0.350	0.000	-0.01784586
-1.350	0.350	0.000	-0.01770232
-1.250	0.350	0.000	-0.01748031
-1.150	0.350	0.000	-0.01724236
-1.050	0.350	0.000	-0.01689609
-0.950	0.350	0.000	-0.01655233
-0.850	0.350	0.000	-0.01611665
-0.750	0.350	0.000	-0.01566657
-0.650	0.350	0.000	-0.01515033
-0.550	0.350	0.000	-0.01465568
-0.450	0.350	0.000	-0.01415788
-0.350	0.350	0.000	-0.01368324
-0.250	0.350	0.000	-0.01322698
-0.150	0.350	0.000	-0.01282345
-0.050	0.350	0.000	-0.01243718
0.050	0.350	0.000	-0.01206180
0.150	0.350	0.000	-0.01166605
0.250	0.350	0.000	-0.01130789
0.350	0.350	0.000	-0.01091530
0.450	0.350	0.000	-0.01059159
0.550	0.350	0.000	-0.01021969
0.650	0.350	0.000	-0.00991200
0.750	0.350	0.000	-0.00953329
0.850	0.350	0.000	-0.00921635
0.950	0.350	0.000	-0.00879501
1.050	0.350	0.000	-0.00844191
1.150	0.350	0.000	-0.00800330
1.250	0.350	0.000	-0.00766362
1.350	0.350	0.000	-0.00725238
1.450	0.350	0.000	-0.00688961
1.550	0.350	0.000	-0.00643104
1.650	0.350	0.000	-0.00609078
1.750	0.350	0.000	-0.00590318
1.850	0.350	0.000	-0.00603292
1.950	0.350	0.000	-0.00623952
2.050	0.350	0.000	-0.00706727
2.150	0.350	0.000	-0.00817937
2.250	0.350	0.000	-0.00992450
2.350	0.350	0.000	-0.01207626
2.450	0.350	0.000	-0.01367801
-2.450	0.450	0.000	-0.01694463
-2.350	0.450	0.000	-0.01680295
-2.250	0.450	0.000	-0.01663813
-2.150	0.450	0.000	-0.01665789
-2.050	0.450	0.000	-0.01688262
-1.950	0.450	0.000	-0.01735315
-1.850	0.450	0.000	-0.01764656
-1.750	0.450	0.000	-0.01780418
-1.650	0.450	0.000	-0.01779492
-1.550	0.450	0.000	-0.01776849
-1.450	0.450	0.000	-0.01761631
-1.350	0.450	0.000	-0.01746718
-1.250	0.450	0.000	-0.01724842
-1.150	0.450	0.000	-0.01700421
-1.050	0.450	0.000	-0.01665705
-0.950	0.450	0.000	-0.01630566
-0.850	0.450	0.000	-0.01586463
-0.750	0.450	0.000	-0.01540997
-0.650	0.450	0.000	-0.01488396
-0.550	0.450	0.000	-0.01437916
-0.450	0.450	0.000	-0.01387448
-0.350	0.450	0.000	-0.01338662
-0.250	0.450	0.000	-0.01293225
-0.150	0.450	0.000	-0.01252897
-0.050	0.450	0.000	-0.01215253
0.050	0.450	0.000	-0.01178270
0.150	0.450	0.000	-0.01140363
0.250	0.450	0.000	-0.01106245
0.350	0.450	0.000	-0.01068851
0.450	0.450	0.000	-0.01038702
0.550	0.450	0.000	-0.01003592
0.650	0.450	0.000	-0.00974154
0.750	0.450	0.000	-0.00938635
0.850	0.450	0.000	-0.00908072
0.950	0.450	0.000	-0.00868681
1.050	0.450	0.000	-0.00834112
1.150	0.450	0.000	-0.00791503
1.250	0.450	0.000	-0.00757929
1.350	0.450	0.000	-0.00718245
1.450	0.450	0.000	-0.00682982
1.550	0.450	0.000	-0.00639003
1.650	0.450	0.000	-0.00605715
1.750	0.450	0.000	-0.00587450
1.850	0.450	0.000	-0.00600291
1.950	0.450	0.000	-0.00620217
2.050	0.450	0.000	-0.00698970
2.150	0.450	0.000	-0.00807544
2.250	0.450	0.000	-0.00977873
2.350	0.450	0.000	-0.01190195
2.450	0.450	0.000	-0.01351399
-2.450	0.550	0.000	-0.01647109
-2.350	0.550	0.000	-0.01632984
-2.250	0.550	0.000	-0.01616377
-2.150	0.550	0.000	-0.01618022
-2.050	0.550	0.000	-0.01638562
-1.950	0.550	0.000	-0.01684340
-1.850	0.550	0.000	-0.01713815
-1.750	0.550	0.000	-0.01728984
-1.650	0.550	0.000	-0.01728527
-1.550	0.550	0.000	-0.01724760
-1.450	0.550	0.000	-0.01710113
-1.350	0.550	0.000	-0.01695406
-1.250	0.550	0.000	-0.01674026
-1.150	0.550	0.000	-0.01649063
-1.050	0.550	0.000	-0.01614701
-0.950	0.550	0.000	-0.01579376
-0.850	0.550	0.000	-0.01535324
-0.750	0.550	0.000	-0.01490275
-0.650	0.550	0.000	-0.01438723
-0.550	0.550	0.000	-0.01388880
-0.450	0.550	0.000	-0.01339285
-0.350	0.550	0.000	-0.01291039
-0.250	0.550	0.000	-0.01246287
-0.150	0.550	0.000	-0.01206864
-0.050	0.550	0.000	-0.01170606
0.050	0.550	0.000	-0.01135025
0.150	0.550	0.000	-0.01099305
0.250	0.550	0.000	-0.01067093
0.350	0.550	0.000	-0.01032271
0.450	0.550	0.000	-0.01003086
0.550	0.550	0.000	-0.00969672
0.650	0.550	0.000	-0.00940579
0.750	0.550	0.000	-0.00907171
0.850	0.550	0.000	-0.00877209
0.950	0.550	0.000	-0.00841025
1.050	0.550	0.000	-0.00805919
1.150	0.550	0.000	-0.00765183
1.250	0.550	0.000	-0.00731064
1.350	0.550	0.000	-0.00693020
1.450	0.550	0.000	-0.00657799
1.550	0.550	0.000	-0.00614950
1.650	0.550	0.000	-0.00580606
1.750	0.550	0.000	-0.00561015
1.850	0.550	0.000	-0.00571644
1.950	0.550	0.000	-0.00591047
2.050	0.550	0.000	-0.00666002
2.150	0.550	0.000	-0.00772343
2.250	0.550	0.000	-0.00937977
2.350	0.550	0.000	-0.01149424
2.450	0.550	0.000	-0.01306861
-2.450	0.650	0.000	-0.01645957
-2.350	0.650	0.000	-0.01632300
-2.250	0.650	0.000	-0.01614733
-2.150	0.650	0.000	-0.01615597
-2.050	0.650	0.000	-0.01633721
-1.950	0.650	0.000	-0.01677860
-1.850	0.650	0.000	-0.01706270
-1.750	0.650	0.000	-0.01721099
-1.650	0.650	0.000	-0.01720692
-1.550	0.650	0.000	-0.01715757
-1.450	0.650	0.000	-0.01701471
-1.350	0.650	0.000	-0.01686367
-1.250	0.650	0.000	-0.01664655
-1.150	0.650	0.000	-0.01638258
-1.050	0.650	0.000	-0.01602645
-0.950	0.650	0.000	-0.01565984
-0.850	0.650	0.000	-0.01520916
-0.750	0.650	0.000	-0.01475547
-0.650	0.650	0.000	-0.01423394
-0.550	0.650	0.000	-0.01373643
-0.450	0.650	0.000	-0.01323084
-0.350	0.650	0.000	-0.01274388
-0.250	0.650	0.000	-0.01228977
-0.150	0.650	0.000	-0.01188973
-0.050	0.650	0.000	-0.01152241
0.050	0.650	0.000	-0.01117424
0.150	0.650	0.000	-0.01082245
0.250	0.650	0.000	-0.01050594
0.350	0.650	0.000	-0.01017569
0.450	0.650	0.000	-0.00988825
0.550	0.650	0.000	-0.00957389
0.650	0.650	0.000	-0.00929187
0.750	0.650	0.000	-0.00897903
0.850	0.650	0.000	-0.00868547
0.950	0.650	0.000	-0.00834704
1.050	0.650	0.000	-0.00800318
1.150	0.650	0.000	-0.00761488
1.250	0.650	0.000	-0.00726913
1.350	0.650	0.000	-0.00690100
1.450	0.650	0.000	-0.00654708
1.550	0.650	0.000	-0.00612402
1.650	0.650	0.000	-0.00578422
1.750	0.650	0.000	-0.00558570
1.850	0.650	0.000	-0.00569492
1.950	0.650	0.000	-0.00587216
2.050	0.650	0.000	-0.00659602
2.150	0.650	0.000	-0.00763050
2.250	0.650	0.000	-0.00926770
2.350	0.650	0.000	-0.01135595
2.450	0.650	0.000	-0.01294551
-2.450	0.750	0.000	-0.01627498
-2.350	0.750	0.000	-0.01615257
-2.250	0.750	0.000	-0.01596621
-2.150	0.750	0.000	-0.01597187
-2.050	0.750	0.000	-0.01612796
-1.950	0.750	0.000	-0.01654546
-1.850	0.750	0.000	-0.01682716
-1.750	0.750	0.000	-0.01696270
-1.650	0.750	0.000	-0.01695773
-1.550	0.750	0.000	-0.01688780
-1.450	0.750	0.000	-0.01674504
-1.350	0.750	0.000	-0.01658764
-1.250	0.750	0.000	-0.01636919
-1.150	0.750	0.000	-0.01609943
-1.050	0.750	0.000	-0.01574842
-0.950	0.750	0.000	-0.01538186
-0.850	0.750	0.000	-0.01493120
-0.750	0.750	0.000	-0.01447701
-0.650	0.750	0.000	-0.01395682
-0.550	0.750	0.000	-0.01345211
-0.450	0.750	0.000	-0.01294971
-0.350	0.750	0.000	-0.01245461
-0.250	0.750	0.000	-0.01201253
-0.150	0.750	0.000	-0.01161903
-0.050	0.750	0.000	-0.01125774
0.050	0.750	0.000	-0.01091952
0.150	0.750	0.000	-0.01058904
0.250	0.750	0.000	-0.01028244
0.350	0.750	0.000	-0.00997108
0.450	0.750	0.000	-0.00968369
0.550	0.750	0.000	-0.00938631
0.650	0.750	0.000	-0.00910870
0.750	0.750	0.000	-0.00881289
0.850	0.750	0.000	-0.00851650
0.950	0.750	0.000	-0.00819467
1.050	0.750	0.000	-0.00783689
1.150	0.750	0.000	-0.00745059
1.250	0.750	0.000	-0.00709003
1.350	0.750	0.000	-0.00672477
1.450	0.750	0.000	-0.00637318
1.550	0.750	0.000	-0.00596909
1.650	0.750	0.000	-0.00563091
1.750	0.750	0.000	-0.00544019
1.850	0.750	0.000	-0.00553921
1.950	0.750	0.000	-0.00571387
2.050	0.750	0.000	-0.00639488
2.150	0.750	0.000	-0.00740525
2.250	0.750	0.000	-0.00899784
2.350	0.750	0.000	-0.01106167
2.450	0.750	0.000	-0.01262251
-2.450	0.850	0.000	-0.01604072
-2.350	0.850	0.000	-0.01590164
-2.250	0.850	0.000	-0.01570462
-2.150	0.850	0.000	-0.01569847
-2.050	0.850	0.000	-0.01582730
-1.950	0.850	0.000	-0.01623126
-1.850	0.850	0.000	-0.01650075
-1.750	0.850	0.000	-0.01663875
-1.650	0.850	0.000	-0.01662172
-1.550	0.850	0.000	-0.01654814
-1.450	0.850	0.000	-0.01640420
-1.350	0.850	0.000	-0.01624508
-1.250	0.850	0.000	-0.01602818
-1.150	0.850	0.000	-0.01575026
-1.050	0.850	0.000	-0.01538859
-0.950	0.850	0.000	-0.01500488
-0.850	0.850	0.000	-0.01454884
-0.750	0.850	0.000	-0.01407852
-0.650	0.850	0.000	-0.01355009
-0.550	0.850	0.000	-0.01303462
-0.450	0.850	0.000	-0.01253482
-0.350	0.850	0.000	-0.01203984
-0.250	0.850	0.000	-0.01159899
-0.150	0.850	0.000	-0.01120860
-0.050	0.850	0.000	-0.01084334
0.050	0.850	0.000	-0.01050146
0.150	0.850	0.000	-0.01017686
0.250	0.850	0.000	-0.00987371
0.350	0.850	0.000	-0.00956967
0.450	0.850	0.000	-0.00928588
0.550	0.850	0.000	-0.00900183
0.650	0.850	0.000	-0.00874291
0.750	0.850	0.000	-0.00847111
0.850	0.850	0.000	-0.00820057
0.950	0.850	0.000	-0.00791108
1.050	0.850	0.000	-0.00756947
1.150	0.850	0.000	-0.00721194
1.250	0.850	0.000	-0.00686123
1.350	0.850	0.000	-0.00652025
1.450	0.850	0.000	-0.00619195
1.550	0.850	0.000	-0.00581894
1.650	0.850	0.000	-0.00549821
1.750	0.850	0.000	-0.00533469
1.850	0.850	0.000	-0.00544362
1.950	0.850	0.000	-0.00562003
2.050	0.850	0.000	-0.00627335
2.150	0.850	0.000	-0.00724595
2.250	0.850	0.000	-0.00880830
2.350	0.850	0.000	-0.01084314
2.450	0.850	0.000	-0.01240158
-2.450	0.950	0.000	-0.01580356
-2.350	0.950	0.000	-0.01568389
-2.250	0.950	0.000	-0.01547633
-2.150	0.950	0.000	-0.01546410
-2.050	0.950	0.000	-0.01557969
-1.950	0.950	0.000	-0.01594557
-1.850	0.950	0.000	-0.01620879
-1.750	0.950	0.000	-0.01632588
-1.650	0.950	0.000	-0.01630902
-1.550	0.950	0.000	-0.01621699
-1.450	0.950	0.000	-0.01607975
-1.350	0.950	0.000	-0.01591523
-1.250	0.950	0.000	-0.01569315
-1.150	0.950	0.000	-0.01541044
-1.050	0.950	0.000	-0.01504210
-0.950	0.950	0.000	-0.01466209
-0.850	0.950	0.000	-0.01420461
-0.750	0.950	0.000	-0.01374291
-0.650	0.950	0.000	-0.01322867
-0.550	0.950	0.000	-0.01271439
-0.450	0.950	0.000	-0.01221794
-0.350	0.950	0.000	-0.01172308
-0.250	0.950	0.000	-0.01128784
-0.150	0.950	0.000	-0.01088961
-0.050	0.950	0.000	-0.01052431
0.050	0.950	0.000	-0.01017596
0.150	0.950	0.000	-0.00986021
0.250	0.950	0.000	-0.00955659
0.350	0.950	0.000	-0.00926284
0.450	0.950	0.000	-0.00898259
0.550	0.950	0.000	-0.00870742
0.650	0.950	0.000	-0.00844735
0.750	0.950	0.000	-0.00820058
0.850	0.950	0.000	-0.00793439
0.950	0.950	0.000	-0.00766557
1.050	0.950	0.000	-0.00733287
1.150	0.950	0.000	-0.00698499
1.250	0.950	0.000	-0.00663671
1.350	0.950	0.000	-0.00630038
1.450	0.950	0.000	-0.00598489
1.550	0.950	0.000	-0.00561629
1.650	0.950	0.000	-0.00529948
1.750	0.950	0.000	-0.00511875
1.850	0.950	0.000	-0.00523252
1.950	0.950	0.000	-0.00538636
2.050	0.950	0.000	-0.00601396
2.150	0.950	0.000	-0.00696657
2.250	0.950	0.000	-0.00848747
2.350	0.950	0.000	-0.01049134
2.450	0.950	0.000	-0.01204377
-2.450	1.050	0.000	-0.01567189
-2.350	1.050	0.000	-0.01555707
-2.250	1.050	0.000	-0.01534551
-2.150	1.050	0.000	-0.01533899
-2.050	1.050	0.000	-0.01544825
-1.950	1.050	0.000	-0.01581403
-1.850	1.050	0.000	-0.01607631
-1.750	1.050	0.000	-0.01620842
-1.650	1.050	0.000	-0.01618843
-1.550	1.050	0.000	-0.01608795
-1.450	1.050	0.000	-0.01594789
-1.350	1.050	0.000	-0.01575945
-1.250	1.050	0.000	-0.01553219
-1.150	1.050	0.000	-0.01523789
-1.050	1.050	0.000	-0.01486408
-0.950	1.050	0.000	-0.01446884
-0.850	1.050	0.000	-0.01401680
-0.750	1.050	0.000	-0.01353940
-0.650	1.050	0.000	-0.01302635
-0.550	1.050	0.000	-0.01250525
-0.450	1.050	0.000	-0.01201673
-0.350	1.050	0.000	-0.01152576
-0.250	1.050	0.000	-0.01109768
-0.150	1.050	0.000	-0.01071100
-0.050	1.050	0.000	-0.01035516
0.050	1.050	0.000	-0.01001927
0.150	1.050	0.000	-0.00971830
0.250	1.050	0.000	-0.00942169
0.350	1.050	0.000	-0.00913330
0.450	1.050	0.000	-0.00885264
0.550	1.050	0.000	-0.00857720
0.650	1.050	0.000	-0.00831607
0.750	1.050	0.000	-0.00808177
0.850	1.050	0.000	-0.00781807
0.950	1.050	0.000	-0.00756772
1.050	1.050	0.000	-0.00723060
1.150	1.050	0.000	-0.00689891
1.250	1.050	0.000	-0.00654716
1.350	1.050	0.000	-0.00621782
1.450	1.050	0.000	-0.00591416
1.550	1.050	0.000	-0.00556720
1.650	1.050	0.000	-0.00525924
1.750	1.050	0.000	-0.00510888
1.850	1.050	0.000	-0.00520527
1.950	1.050	0.000	-0.00536299
2.050	1.050	0.000	-0.00595306
2.150	1.050	0.000	-0.00687296
2.250	1.050	0.000	-0.00834650
2.350	1.050	0.000	-0.01032204
2.450	1.050	0.000	-0.01187356
-2.450	1.150	0.000	-0.01574053
-2.350	1.150	0.000	-0.01562126
-2.250	1.150	0.000	-0.01538847
-2.150	1.150	0.000	-0.01535982
-2.050	1.150	0.000	-0.01544742
-1.950	1.150	0.000	-0.01578614
-1.850	1.150	0.000	-0.01603606
-1.750	1.150	0.000	-0.01615465
-1.650	1.150	0.000	-0.01613693
-1.550	1.150	0.000	-0.01602879
-1.450	1.150	0.000	-0.01590350
-1.350	1.150	0.000	-0.01571779
-1.250	1.150	0.000	-0.01550287
-1.150	1.150	0.000	-0.01520464
-1.050	1.150	0.000	-0.01482484
-0.950	1.150	0.000	-0.01441768
-0.850	1.150	0.000	-0.01394800
-0.750	1.150	0.000	-0.01344676
-0.650	1.150	0.000	-0.01292656
-0.550	1.150	0.000	-0.01239031
-0.450	1.150	0.000	-0.01189237
-0.350	1.150	0.000	-0.01139901
-0.250	1.150	0.000	-0.01096259
-0.150	1.150	0.000	-0.01057182
-0.050	1.150	0.000	-0.01021865
0.050	1.150	0.000	-0.00988282
0.150	1.150	0.000	-0.00957898
0.250	1.150	0.000	-0.00928406
0.350	1.150	0.000	-0.00899356
0.450	1.150	0.000	-0.00870892
0.550	1.150	0.000	-0.00843849
0.650	1.150	0.000	-0.00817974
0.750	1.150	0.000	-0.00795064
0.850	1.150	0.000	-0.00770548
0.950	1.150	0.000	-0.00746621
1.050	1.150	0.000	-0.00714359
1.150	1.150	0.000	-0.00682121
1.250	1.150	0.000	-0.00648346
1.350	1.150	0.000	-0.00616740
1.450	1.150	0.000	-0.00588071
1.550	1.150	0.000	-0.00553258
1.650	1.150	0.000	-0.00524113
1.750	1.150	0.000	-0.00508287
1.850	1.150	0.000	-0.00518757
1.950	1.150	0.000	-0.00532676
2.050	1.150	0.000	-0.00590180
2.150	1.150	0.000	-0.00678247
2.250	1.150	0.000	-0.00824038
2.350	1.150	0.000	-0.01019001
2.450	1.150	0.000	-0.01176699
-2.450	1.250	0.000	-0.01581046
-2.350	1.250	0.000	-0.01571291
-2.250	1.250	0.000	-0.01546762
-2.150	1.250	0.000	-0.01543707
-2.050	1.250	0.000	-0.01550948
-1.950	1.250	0.000	-0.01581243
-1.850	1.250	0.000	-0.01606116
-1.750	1.250	0.000	-0.01615947
-1.650	1.250	0.000	-0.01614236
-1.550	1.250	0.000	-0.01600783
-1.450	1.250	0.000	-0.01588486
-1.350	1.250	0.000	-0.01568629
-1.250	1.250	0.000	-0.01545182
-1.150	1.250	0.000	-0.01513780
-1.050	1.250	0.000	-0.01476642
-0.950	1.250	0.000	-0.01435795
-0.850	1.250	0.000	-0.01388052
-0.750	1.250	0.000	-0.01337679
-0.650	1.250	0.000	-0.01286393
-0.550	1.250	0.000	-0.01233391
-0.450	1.250	0.000	-0.01182792
-0.350	1.250	0.000	-0.01133837
-0.250	1.250	0.000	-0.01088935
-0.150	1.250	0.000	-0.01048850
-0.050	1.250	0.000	-0.01013262
0.050	1.250	0.000	-0.00980209
0.150	1.250	0.000	-0.00949656
0.250	1.250	0.000	-0.00920241
0.350	1.250	0.000	-0.00892469
0.450	1.250	0.000	-0.00863750
0.550	1.250	0.000	-0.00838726
0.650	1.250	0.000	-0.00812589
0.750	1.250	0.000	-0.00791326
0.850	1.250	0.000	-0.00767620
0.950	1.250	0.000	-0.00745171
1.050	1.250	0.000	-0.00713085
1.150	1.250	0.000	-0.00680707
1.250	1.250	0.000	-0.00646768
1.350	1.250	0.000	-0.00616771
1.450	1.250	0.000	-0.00588625
1.550	1.250	0.000	-0.00557910
1.650	1.250	0.000	-0.00530055
1.750	1.250	0.000	-0.00517159
1.850	1.250	0.000	-0.00526667
1.950	1.250	0.000	-0.00542582
2.050	1.250	0.000	-0.00597511
2.150	1.250	0.000	-0.00685079
2.250	1.250	0.000	-0.00826344
2.350	1.250	0.000	-0.01020483
2.450	1.250	0.000	-0.01176499
-2.450	1.350	0.000	-0.01582060
-2.350	1.350	0.000	-0.01571464
-2.250	1.350	0.000	-0.01547243
-2.150	1.350	0.000	-0.01544146
-2.050	1.350	0.000	-0.01551360
-1.950	1.350	0.000	-0.01582163
-1.850	1.350	0.000	-0.01608065
-1.750	1.350	0.000	-0.01619322
-1.650	1.350	0.000	-0.01618607
-1.550	1.350	0.000	-0.01604868
-1.450	1.350	0.000	-0.01592060
-1.350	1.350	0.000	-0.01570490
-1.250	1.350	0.000	-0.01546107
-1.150	1.350	0.000	-0.01513316
-1.050	1.350	0.000	-0.01477003
-0.950	1.350	0.000	-0.01435027
-0.850	1.350	0.000	-0.01387035
-0.750	1.350	0.000	-0.01336157
-0.650	1.350	0.000	-0.01284056
-0.550	1.350	0.000	-0.01231161
-0.450	1.350	0.000	-0.01179182
-0.350	1.350	0.000	-0.01128872
-0.250	1.350	0.000	-0.01082792
-0.150	1.350	0.000	-0.01042227
-0.050	1.350	0.000	-0.01004738
0.050	1.350	0.000	-0.00972624
0.150	1.350	0.000	-0.00940117
0.250	1.350	0.000	-0.00910567
0.350	1.350	0.000	-0.00881672
0.450	1.350	0.000	-0.00852052
0.550	1.350	0.000	-0.00826432
0.650	1.350	0.000	-0.00799826
0.750	1.350	0.000	-0.00777804
0.850	1.350	0.000	-0.00755276
0.950	1.350	0.000	-0.00733582
1.050	1.350	0.000	-0.00703709
1.150	1.350	0.000	-0.00673160
1.250	1.350	0.000	-0.00640802
1.350	1.350	0.000	-0.00612825
1.450	1.350	0.000	-0.00586902
1.550	1.350	0.000	-0.00559689
1.650	1.350	0.000	-0.00534499
1.750	1.350	0.000	-0.00523529
1.850	1.350	0.000	-0.00533337
1.950	1.350	0.000	-0.00549186
2.050	1.350	0.000	-0.00603610
2.150	1.350	0.000	-0.00689632
2.250	1.350	0.000	-0.00827807
2.350	1.350	0.000	-0.01020035
2.450	1.350	0.000	-0.01175837
-2.450	1.450	0.000	-0.01588722
-2.350	1.450	0.000	-0.01578944
-2.250	1.450	0.000	-0.01555138
-2.150	1.450	0.000	-0.01551708
-2.050	1.450	0.000	-0.01558921
-1.950	1.450	0.000	-0.01589031
-1.850	1.450	0.000	-0.01615018
-1.750	1.450	0.000	-0.01626118
-1.650	1.450	0.000	-0.01625034
-1.550	1.450	0.000	-0.01610156
-1.450	1.450	0.000	-0.01595946
-1.350	1.450	0.000	-0.01573646
-1.250	1.450	0.000	-0.01547176
-1.150	1.450	0.000	-0.01513032
-1.050	1.450	0.000	-0.01477134
-0.950	1.450	0.000	-0.01433830
-0.850	1.450	0.000	-0.01384087
-0.750	1.450	0.000	-0.01332887
-0.650	1.450	0.000	-0.01281439
-0.550	1.450	0.000	-0.01228519
-0.450	1.450	0.000	-0.01174770
-0.350	1.450	0.000	-0.01124448
-0.250	1.450	0.000	-0.01080192
-0.150	1.450	0.000	-0.01039272
-0.050	1.450	0.000	-0.01002440
0.050	1.450	0.000	-0.00971606
0.150	1.450	0.000	-0.00939011
0.250	1.450	0.000	-0.00910509
0.350	1.450	0.000	-0.00882062
0.450	1.450	0.000	-0.00852816
0.550	1.450	0.000	-0.00827890
0.650	1.450	0.000	-0.00801256
0.750	1.450	0.000	-0.00778685
0.850	1.450	0.000	-0.00757299
0.950	1.450	0.000	-0.00735946
1.050	1.450	0.000	-0.00707362
1.150	1.450	0.000	-0.00678627
1.250	1.450	0.000	-0.00645320
1.350	1.450	0.000	-0.00620436
1.450	1.450	0.000	-0.00594553
1.550	1.450	0.000	-0.00568621
1.650	1.450	0.000	-0.00544381
1.750	1.450	0.000	-0.00533791
1.850	1.450	0.000	-0.00543382
1.950	1.450	0.000	-0.00561266
2.050	1.450	0.000	-0.00613297
2.150	1.450	0.000	-0.00699802
2.250	1.450	0.000	-0.00836696
2.350	1.450	0.000	-0.01028792
2.450	1.450	0.000	-0.01182614
-2.450	1.550	0.000	-0.01571419
-2.350	1.550	0.000	-0.01561429
-2.250	1.550	0.000	-0.01536063
-2.150	1.550	0.000	-0.01531170
-2.050	1.550	0.000	-0.01536554
-1.950	1.550	0.000	-0.01565187
-1.850	1.550	0.000	-0.01590941
-1.750	1.550	0.000	-0.01600971
-1.650	1.550	0.000	-0.01597980
-1.550	1.550	0.000	-0.01581797
-1.450	1.550	0.000	-0.01566185
-1.350	1.550	0.000	-0.01543008
-1.250	1.550	0.000	-0.01514848
-1.150	1.550	0.000	-0.01479684
-1.050	1.550	0.000	-0.01445120
-0.950	1.550	0.000	-0.01401242
-0.850	1.550	0.000	-0.01349794
-0.750	1.550	0.000	-0.01298937
-0.650	1.550	0.000	-0.01247937
-0.550	1.550	0.000	-0.01195613
-0.450	1.550	0.000	-0.01140313
-0.350	1.550	0.000	-0.01090199
-0.250	1.550	0.000	-0.01046921
-0.150	1.550	0.000	-0.01005146
-0.050	1.550	0.000	-0.00968175
0.050	1.550	0.000	-0.00937425
0.150	1.550	0.000	-0.00904727
0.250	1.550	0.000	-0.00876343
0.350	1.550	0.000	-0.00847441
0.450	1.550	0.000	-0.00820267
0.550	1.550	0.000	-0.00795328
0.650	1.550	0.000	-0.00770191
0.750	1.550	0.000	-0.00748273
0.850	1.550	0.000	-0.00728449
0.950	1.550	0.000	-0.00707644
1.050	1.550	0.000	-0.00679982
1.150	1.550	0.000	-0.00651901
1.250	1.550	0.000	-0.00619281
1.350	1.550	0.000	-0.00595173
1.450	1.550	0.000	-0.00570040
1.550	1.550	0.000	-0.00546234
1.650	1.550	0.000	-0.00523353
1.750	1.550	0.000	-0.00514283
1.850	1.550	0.000	-0.00522778
1.950	1.550	0.000	-0.00540590
2.050	1.550	0.000	-0.00590250
2.150	1.550	0.000	-0.00677148
2.250	1.550	0.000	-0.00813083
2.350	1.550	0.000	-0.01005155
2.450	1.550	0.000	-0.01159383
-2.450	1.650	0.000	-0.01589341
-2.350	1.650	0.000	-0.01578388
-2.250	1.650	0.000	-0.01552853
-2.150	1.650	0.000	-0.01546566
-2.050	1.650	0.000	-0.01552056
-1.950	1.650	0.000	-0.01579240
-1.850	1.650	0.000	-0.01605700
-1.750	1.650	0.000	-0.01614457
-1.650	1.650	0.000	-0.01610363
-1.550	1.650	0.000	-0.01592036
-1.450	1.650	0.000	-0.01574991
-1.350	1.650	0.000	-0.01549363
-1.250	1.650	0.000	-0.01519042
-1.150	1.650	0.000	-0.01481728
-1.050	1.650	0.000	-0.01445808
-0.950	1.650	0.000	-0.01399585
-0.850	1.650	0.000	-0.01346708
-0.750	1.650	0.000	-0.01294555
-0.650	1.650	0.000	-0.01242577
-0.550	1.650	0.000	-0.01189671
-0.450	1.650	0.000	-0.01131383
-0.350	1.650	0.000	-0.01081377
-0.250	1.650	0.000	-0.01035622
-0.150	1.650	0.000	-0.00993007
-0.050	1.650	0.000	-0.00955828
0.050	1.650	0.000	-0.00923384
0.150	1.650	0.000	-0.00891892
0.250	1.650	0.000	-0.00863926
0.350	1.650	0.000	-0.00834712
0.450	1.650	0.000	-0.00810561
0.550	1.650	0.000	-0.00786022
0.650	1.650	0.000	-0.00763215
0.750	1.650	0.000	-0.00742143
0.850	1.650	0.000	-0.00724654
0.950	1.650	0.000	-0.00706044
1.050	1.650	0.000	-0.00679753
1.150	1.650	0.000	-0.00656411
1.250	1.650	0.000	-0.00625999
1.350	1.650	0.000	-0.00606242
1.450	1.650	0.000	-0.00582783
1.550	1.650	0.000	-0.00563233
1.650	1.650	0.000	-0.00542028
1.750	1.650	0.000	-0.00532440
1.850	1.650	0.000	-0.00542566
1.950	1.650	0.000	-0.00558727
2.050	1.650	0.000	-0.00611730
2.150	1.650	0.000	-0.00697119
2.250	1.650	0.000	-0.00832769
2.350	1.650	0.000	-0.01024747
2.450	1.650	0.000	-0.01177035
-2.450	1.750	0.000	-0.01568017
-2.350	1.750	0.000	-0.01559884
-2.250	1.750	0.000	-0.01535672
-2.150	1.750	0.000	-0.01531935
-2.050	1.750	0.000	-0.01540321
-1.950	1.750	0.000	-0.01570267
-1.850	1.750	0.000	-0.01596446
-1.750	1.750	0.000	-0.01605807
-1.650	1.750	0.000	-0.01599308
-1.550	1.750	0.000	-0.01580191
-1.450	1.750	0.000	-0.01560175
-1.350	1.750	0.000	-0.01532220
-1.250	1.750	0.000	-0.01498442
-1.150	1.750	0.000	-0.01459075
-1.050	1.750	0.000	-0.01419563
-0.950	1.750	0.000	-0.01371412
-0.850	1.750	0.000	-0.01317352
-0.750	1.750	0.000	-0.01263234
-0.650	1.750	0.000	-0.01208380
-0.550	1.750	0.000	-0.01153189
-0.450	1.750	0.000	-0.01093978
-0.350	1.750	0.000	-0.01043882
-0.250	1.750	0.000	-0.00994769
-0.150	1.750	0.000	-0.00952214
-0.050	1.750	0.000	-0.00915815
0.050	1.750	0.000	-0.00881059
0.150	1.750	0.000	-0.00850482
0.250	1.750	0.000	-0.00822321
0.350	1.750	0.000	-0.00792044
0.450	1.750	0.000	-0.00769021
0.550	1.750	0.000	-0.00744496
0.650	1.750	0.000	-0.00723154
0.750	1.750	0.000	-0.00703756
0.850	1.750	0.000	-0.00687388
0.950	1.750	0.000	-0.00670946
1.050	1.750	0.000	-0.00648349
1.150	1.750	0.000	-0.00626568
1.250	1.750	0.000	-0.00601003
1.350	1.750	0.000	-0.00582600
1.450	1.750	0.000	-0.00562771
1.550	1.750	0.000	-0.00546122
1.650	1.750	0.000	-0.00527769
1.750	1.750	0.000	-0.00521843
1.850	1.750	0.000	-0.00531801
1.950	1.750	0.000	-0.00552507
2.050	1.750	0.000	-0.00606763
2.150	1.750	0.000	-0.00695213
2.250	1.750	0.000	-0.00829889
2.350	1.750	0.000	-0.01021203
2.450	1.750	0.000	-0.01166489
-2.450	1.850	0.000	-0.01611195
-2.350	1.850	0.000	-0.01601611
-2.250	1.850	0.000	-0.01578227
-2.150	1.850	0.000	-0.01573061
-2.050	1.850	0.000	-0.01583074
-1.950	1.850	0.000	-0.01611698
-1.850	1.850	0.000	-0.01637251
-1.750	1.850	0.000	-0.01643056
-1.650	1.850	0.000	-0.01634665
-1.550	1.850	0.000	-0.01614328
-1.450	1.850	0.000	-0.01592137
-1.350	1.850	0.000	-0.01563582
-1.250	1.850	0.000	-0.01528982
-1.150	1.850	0.000	-0.01489637
-1.050	1.850	0.000	-0.01448141
-0.950	1.850	0.000	-0.01399681
-0.850	1.850	0.000	-0.01344055
-0.750	1.850	0.000	-0.01289782
-0.650	1.850	0.000	-0.01234924
-0.550	1.850	0.000	-0.01179883
-0.450	1.850	0.000	-0.01118264
-0.350	1.850	0.000	-0.01069406
-0.250	1.850	0.000	-0.01018675
-0.150	1.850	0.000	-0.00976800
-0.050	1.850	0.000	-0.00939347
0.050	1.850	0.000	-0.00903504
0.150	1.850	0.000	-0.00872828
0.250	1.850	0.000	-0.00843770
0.350	1.850	0.000	-0.00814524
0.450	1.850	0.000	-0.00791786
0.550	1.850	0.000	-0.00768283
0.650	1.850	0.000	-0.00749369
0.750	1.850	0.000	-0.00731395
0.850	1.850	0.000	-0.00717805
0.950	1.850	0.000	-0.00702201
1.050	1.850	0.000	-0.00683389
1.150	1.850	0.000	-0.00661799
1.250	1.850	0.000	-0.00640157
1.350	1.850	0.000	-0.00621940
1.450	1.850	0.000	-0.00604451
1.550	1.850	0.000	-0.00589380
1.650	1.850	0.000	-0.00571914
1.750	1.850	0.000	-0.00565954
1.850	1.850	0.000	-0.00576365
1.950	1.850	0.000	-0.00593789
2.050	1.850	0.000	-0.00652780
2.150	1.850	0.000	-0.00737135
2.250	1.850	0.000	-0.00877715
2.350	1.850	0.000	-0.01064483
2.450	1.850	0.000	-0.01213922
-2.450	1.950	0.000	-0.01578631
-2.350	1.950	0.000	-0.01567822
-2.250	1.950	0.000	-0.01544035
-2.150	1.950	0.000	-0.01538664
-2.050	1.950	0.000	-0.01550596
-1.950	1.950	0.000	-0.01578948
-1.850	1.950	0.000	-0.01602724
-1.750	1.950	0.000	-0.01607600
-1.650	1.950	0.000	-0.01598362
-1.550	1.950	0.000	-0.01577568
-1.450	1.950	0.000	-0.01553832
-1.350	1.950	0.000	-0.01523099
-1.250	1.950	0.000	-0.01488421
-1.150	1.950	0.000	-0.01447163
-1.050	1.950	0.000	-0.01404297
-0.950	1.950	0.000	-0.01354634
-0.850	1.950	0.000	-0.01300789
-0.750	1.950	0.000	-0.01246491
-0.650	1.950	0.000	-0.01189759
-0.550	1.950	0.000	-0.01135517
-0.450	1.950	0.000	-0.01073259
-0.350	1.950	0.000	-0.01024133
-0.250	1.950	0.000	-0.00972970
-0.150	1.950	0.000	-0.00931254
-0.050	1.950	0.000	-0.00893003
0.050	1.950	0.000	-0.00858243
0.150	1.950	0.000	-0.00829020
0.250	1.950	0.000	-0.00800090
0.350	1.950	0.000	-0.00773996
0.450	1.950	0.000	-0.00752224
0.550	1.950	0.000	-0.00730573
0.650	1.950	0.000	-0.00713863
0.750	1.950	0.000	-0.00698004
0.850	1.950	0.000	-0.00685961
0.950	1.950	0.000	-0.00671461
1.050	1.950	0.000	-0.00653970
1.150	1.950	0.000	-0.00633391
1.250	1.950	0.000	-0.00613044
1.350	1.950	0.000	-0.00595324
1.450	1.950	0.000	-0.00579202
1.550	1.950	0.000	-0.00562921
1.650	1.950	0.000	-0.00545730
1.750	1.950	0.000	-0.00540259
1.850	1.950	0.000	-0.00549976
1.950	1.950	0.000	-0.00571018
2.050	1.950	0.000	-0.00632023
2.150	1.950	0.000	-0.00721122
2.250	1.950	0.000	-0.00860941
2.350	1.950	0.000	-0.01049953
2.450	1.950	0.000	-0.01193630
-2.450	2.050	0.000	-0.01590483
-2.350	2.050	0.000	-0.01578631
-2.250	2.050	0.000	-0.01557306
-2.150	2.050	0.000	-0.01554072
-2.050	2.050	0.000	-0.01570878
-1.950	2.050	0.000	-0.01601498
-1.850	2.050	0.000	-0.01623162
-1.750	2.050	0.000	-0.01626704
-1.650	2.050	0.000	-0.01617878
-1.550	2.050	0.000	-0.01599373
-1.450	2.050	0.000	-0.01576571
-1.350	2.050	0.000	-0.01547337
-1.250	2.050	0.000	-0.01512496
-1.150	2.050	0.000	-0.01472486
-1.050	2.050	0.000	-0.01428456
-0.950	2.050	0.000	-0.01378665
-0.850	2.050	0.000	-0.01325833
-0.750	2.050	0.000	-0.01272700
-0.650	2.050	0.000	-0.01211576
-0.550	2.050	0.000	-0.01156413
-0.450	2.050	0.000	-0.01097296
-0.350	2.050	0.000	-0.01046165
-0.250	2.050	0.000	-0.00992884
-0.150	2.050	0.000	-0.00951553
-0.050	2.050	0.000	-0.00912007
0.050	2.050	0.000	-0.00876801
0.150	2.050	0.000	-0.00845549
0.250	2.050	0.000	-0.00815682
0.350	2.050	0.000	-0.00789465
0.450	2.050	0.000	-0.00767181
0.550	2.050	0.000	-0.00745502
0.650	2.050	0.000	-0.00728429
0.750	2.050	0.000	-0.00713418
0.850	2.050	0.000	-0.00700870
0.950	2.050	0.000	-0.00684898
1.050	2.050	0.000	-0.00669467
1.150	2.050	0.000	-0.00646779
1.250	2.050	0.000	-0.00628701
1.350	2.050	0.000	-0.00608596
1.450	2.050	0.000	-0.00594581
1.550	2.050	0.000	-0.00576569
1.650	2.050	0.000	-0.00562782
1.750	2.050	0.000	-0.00557117
1.850	2.050	0.000	-0.00569544
1.950	2.050	0.000	-0.00589722
2.050	2.050	0.000	-0.00656719
2.150	2.050	0.000	-0.00744600
2.250	2.050	0.000	-0.00890351
2.350	2.050	0.000	-0.01076265
2.450	2.050	0.000	-0.01219123
-2.450	2.150	0.000	-0.01581242
-2.350	2.150	0.000	-0.01569135
-2.250	2.150	0.000	-0.01548722
-2.150	2.150	0.000	-0.01547150
-2.050	2.150	0.000	-0.01565366
-1.950	2.150	0.000	-0.01597093
-1.850	2.150	0.000	-0.01615300
-1.750	2.150	0.000	-0.01617596
-1.650	2.150	0.000	-0.01608184
-1.550	2.150	0.000	-0.01588931
-1.450	2.150	0.000	-0.01566107
-1.350	2.150	0.000	-0.01536309
-1.250	2.150	0.000	-0.01500326
-1.150	2.150	0.000	-0.01460371
-1.050	2.150	0.000	-0.01415338
-0.950	2.150	0.000	-0.01364181
-0.850	2.150	0.000	-0.01311042
-0.750	2.150	0.000	-0.01258059
-0.650	2.150	0.000	-0.01194764
-0.550	2.150	0.000	-0.01140031
-0.450	2.150	0.000	-0.01083971
-0.350	2.150	0.000	-0.01033211
-0.250	2.150	0.000	-0.00980531
-0.150	2.150	0.000	-0.00939919
-0.050	2.150	0.000	-0.00900813
0.050	2.150	0.000	-0.00864619
0.150	2.150	0.000	-0.00835111
0.250	2.150	0.000	-0.00804766
0.350	2.150	0.000	-0.00777821
0.450	2.150	0.000	-0.00755958
0.550	2.150	0.000	-0.00733760
0.650	2.150	0.000	-0.00716225
0.750	2.150	0.000	-0.00701256
0.850	2.150	0.000	-0.00688048
0.950	2.150	0.000	-0.00671919
1.050	2.150	0.000	-0.00654548
1.150	2.150	0.000	-0.00632655
1.250	2.150	0.000	-0.00614887
1.350	2.150	0.000	-0.00595392
1.450	2.150	0.000	-0.00580805
1.550	2.150	0.000	-0.00565180
1.650	2.150	0.000	-0.00553300
1.750	2.150	0.000	-0.00547863
1.850	2.150	0.000	-0.00560650
1.950	2.150	0.000	-0.00583821
2.050	2.150	0.000	-0.00651416
2.150	2.150	0.000	-0.00743024
2.250	2.150	0.000	-0.00893597
2.350	2.150	0.000	-0.01081255
2.450	2.150	0.000	-0.01222127
-2.450	2.250	0.000	-0.01552728
-2.350	2.250	0.000	-0.01538626
-2.250	2.250	0.000	-0.01517709
-2.150	2.250	0.000	-0.01516258
-2.050	2.250	0.000	-0.01536957
-1.950	2.250	0.000	-0.01569642
-1.850	2.250	0.000	-0.01587109
-1.750	2.250	0.000	-0.01589328
-1.650	2.250	0.000	-0.01582332
-1.550	2.250	0.000	-0.01564706
-1.450	2.250	0.000	-0.01544846
-1.350	2.250	0.000	-0.01516082
-1.250	2.250	0.000	-0.01482089
-1.150	2.250	0.000	-0.01442581
-1.050	2.250	0.000	-0.01400438
-0.950	2.250	0.000	-0.01350895
-0.850	2.250	0.000	-0.01299493
-0.750	2.250	0.000	-0.01246764
-0.650	2.250	0.000	-0.01186635
-0.550	2.250	0.000	-0.01131795
-0.450	2.250	0.000	-0.01075066
-0.350	2.250	0.000	-0.01023652
-0.250	2.250	0.000	-0.00972688
-0.150	2.250	0.000	-0.00930445
-0.050	2.250	0.000	-0.00890856
0.050	2.250	0.000	-0.00854084
0.150	2.250	0.000	-0.00824085
0.250	2.250	0.000	-0.00791948
0.350	2.250	0.000	-0.00765940
0.450	2.250	0.000	-0.00741861
0.550	2.250	0.000	-0.00719862
0.650	2.250	0.000	-0.00700893
0.750	2.250	0.000	-0.00685326
0.850	2.250	0.000	-0.00669160
0.950	2.250	0.000	-0.00651656
1.050	2.250	0.000	-0.00629036
1.150	2.250	0.000	-0.00605995
1.250	2.250	0.000	-0.00585132
1.350	2.250	0.000	-0.00565553
1.450	2.250	0.000	-0.00548934
1.550	2.250	0.000	-0.00533567
1.650	2.250	0.000	-0.00520719
1.750	2.250	0.000	-0.00517799
1.850	2.250	0.000	-0.00527869
1.950	2.250	0.000	-0.00555452
2.050	2.250	0.000	-0.00622603
2.150	2.250	0.000	-0.00720143
2.250	2.250	0.000	-0.00872335
2.350	2.250	0.000	-0.01066204
2.450	2.250	0.000	-0.01199485
-2.450	2.350	0.000	-0.01537615
-2.350	2.350	0.000	-0.01523783
-2.250	2.350	0.000	-0.01503166
-2.150	2.350	0.000	-0.01504350
-2.050	2.350	0.000	-0.01525788
-1.950	2.350	0.000	-0.01559777
-1.850	2.350	0.000	-0.01574236
-1.750	2.350	0.000	-0.01577594
-1.650	2.350	0.000	-0.01569625
-1.550	2.350	0.000	-0.01555269
-1.450	2.350	0.000	-0.01537662
-1.350	2.350	0.000	-0.01511534
-1.250	2.350	0.000	-0.01478242
-1.150	2.350	0.000	-0.01441954
-1.050	2.350	0.000	-0.01400193
-0.950	2.350	0.000	-0.01352409
-0.850	2.350	0.000	-0.01301139
-0.750	2.350	0.000	-0.01246751
-0.650	2.350	0.000	-0.01193813
-0.550	2.350	0.000	-0.01136888
-0.450	2.350	0.000	-0.01080960
-0.350	2.350	0.000	-0.01029733
-0.250	2.350	0.000	-0.00979143
-0.150	2.350	0.000	-0.00937707
-0.050	2.350	0.000	-0.00898037
0.050	2.350	0.000	-0.00861335
0.150	2.350	0.000	-0.00830092
0.250	2.350	0.000	-0.00800048
0.350	2.350	0.000	-0.00772372
0.450	2.350	0.000	-0.00749821
0.550	2.350	0.000	-0.00727660
0.650	2.350	0.000	-0.00707821
0.750	2.350	0.000	-0.00692147
0.850	2.350	0.000	-0.00673046
0.950	2.350	0.000	-0.00654449
1.050	2.350	0.000	-0.00629140
1.150	2.350	0.000	-0.00606650
1.250	2.350	0.000	-0.00585029
1.350	2.350	0.000	-0.00566856
1.450	2.350	0.000	-0.00550429
1.550	2.350	0.000	-0.00534293
1.650	2.350	0.000	-0.00522398
1.750	2.350	0.000	-0.00517777
1.850	2.350	0.000	-0.00523771
1.950	2.350	0.000	-0.00551195
2.050	2.350	0.000	-0.00615314
2.150	2.350	0.000	-0.00714043
2.250	2.350	0.000	-0.00866456
2.350	2.350	0.000	-0.01061880
2.450	2.350	0.000	-0.01194356
-2.450	2.450	0.000	-0.01526691
-2.350	2.450	0.000	-0.01510576
-2.250	2.450	0.000	-0.01490655
-2.150	2.450	0.000	-0.01492291
-2.050	2.450	0.000	-0.01515562
-1.950	2.450	0.000	-0.01549358
-1.850	2.450	0.000	-0.01562505
-1.750	2.450	0.000	-0.01565417
-1.650	2.450	0.000	-0.01556373
-1.550	2.450	0.000	-0.01541379
-1.450	2.450	0.000	-0.01524078
-1.350	2.450	0.000	-0.01496373
-1.250	2.450	0.000	-0.01465033
-1.150	2.450	0.000	-0.01427366
-1.050	2.450	0.000	-0.01385417
-0.950	2.450	0.000	-0.01337125
-0.850	2.450	0.000	-0.01286241
-0.750	2.450	0.000	-0.01231184
-0.650	2.450	0.000	-0.01178529
-0.550	2.450	0.000	-0.01121144
-0.450	2.450	0.000	-0.01068166
-0.350	2.450	0.000	-0.01017023
-0.250	2.450	0.000	-0.00969076
-0.150	2.450	0.000	-0.00928029
-0.050	2.450	0.000	-0.00890237
0.050	2.450	0.000	-0.00854062
0.150	2.450	0.000	-0.00824451
0.250	2.450	0.000	-0.00795144
0.350	2.450	0.000	-0.00766405
0.450	2.450	0.000	-0.00744049
0.550	2.450	0.000	-0.00721724
0.650	2.450	0.000	-0.00701358
0.750	2.450	0.000	-0.00686006
0.850	2.450	0.000	-0.00666323
0.950	2.450	0.000	-0.00648009
1.050	2.450	0.000	-0.00622369
1.150	2.450	0.000	-0.00600643
1.250	2.450	0.000	-0.00578687
1.350	2.450	0.000	-0.00560037
1.450	2.450	0.000	-0.00541934
1.550	2.450	0.000	-0.00522881
1.650	2.450	0.000	-0.00508526
1.750	2.450	0.000	-0.00500761
1.850	2.450	0.000	-0.00505583
1.950	2.450	0.000	-0.00535101
2.050	2.450	0.000	-0.00598999
2.150	2.450	0.000	-0.00705014
2.250	2.450	0.000	-0.00859606
2.350	2.450	0.000	-0.01057730
2.450	2.450	0.000	-0.01182237
