-2.450	-2.450	0.000	-0.16624181
-2.350	-2.450	0.000	-0.16631854
-2.250	-2.450	0.000	-0.16574307
-2.150	-2.450	0.000	-0.16552620
-2.050	-2.450	0.000	-0.16533291
-1.950	-2.450	0.000	-0.16524138
-1.850	-2.450	0.000	-0.16528852
-1.750	-2.450	0.000	-0.16570696
-1.650	-2.450	0.000	-0.16656743
-1.550	-2.450	0.000	-0.16763996
-1.450	-2.450	0.000	-0.16829583
-1.350	-2.450	0.000	-0.16868018
-1.250	-2.450	0.000	-0.16856256
-1.150	-2.450	0.000	-0.16793749
-1.050	-2.450	0.000	-0.16751185
-0.950	-2.450	0.000	-0.16793245
-0.850	-2.450	0.000	-0.16861743
-0.750	-2.450	0.000	-0.16959865
-0.650	-2.450	0.000	-0.17066608
-0.550	-2.450	0.000	-0.17153154
-0.450	-2.450	0.000	-0.17127857
-0.350	-2.450	0.000	-0.17084672
-0.250	-2.450	0.000	-0.16988996
-0.150	-2.450	0.000	-0.16831291
-0.050	-2.450	0.000	-0.16682349
0.050	-2.450	0.000	-0.16555254
0.150	-2.450	0.000	-0.16450073
0.250	-2.450	0.000	-0.16347617
0.350	-2.450	0.000	-0.16225931
0.450	-2.450	0.000	-0.16073376
0.550	-2.450	0.000	-0.15899427
0.650	-2.450	0.000	-0.15730307
0.750	-2.450	0.000	-0.15582494
0.850	-2.450	0.000	-0.15471540
0.950	-2.450	0.000	-0.15386592
1.050	-2.450	0.000	-0.15317044
1.150	-2.450	0.000	-0.15262091
1.250	-2.450	0.000	-0.15204446
1.350	-2.450	0.000	-0.15149057
1.450	-2.450	0.000	-0.15090790
1.550	-2.450	0.000	-0.15036575
1.650	-2.450	0.000	-0.14986926
1.750	-2.450	0.000	-0.14942269
1.850	-2.450	0.000	-0.14904198
1.950	-2.450	0.000	-0.14864324
2.050	-2.450	0.000	-0.14810620
2.150	-2.450	0.000	-0.14732489
2.250	-2.450	0.000	-0.14624922
2.350	-2.450	0.000	-0.14516076
2.450	-2.450	0.000	-0.14235276
-2.450	-2.350	0.000	-0.16611996
-2.350	-2.350	0.000	-0.16615361
-2.250	-2.350	0.000	-0.16545895
-2.150	-2.350	0.000	-0.16520198
-2.050	-2.350	0.000	-0.16503339
-1.950	-2.350	0.000	-0.16495645
-1.850	-2.350	0.000	-0.16500658
-1.750	-2.350	0.000	-0.16536351
-1.650	-2.350	0.000	-0.16611125
-1.550	-2.350	0.000	-0.16714971
-1.450	-2.350	0.000	-0.16795917
-1.350	-2.350	0.000	-0.16846573
-1.250	-2.350	0.000	-0.16856667
-1.150	-2.350	0.000	-0.16803451
-1.050	-2.350	0.000	-0.16754673
-0.950	-2.350	0.000	-0.16786654
-0.850	-2.350	0.000	-0.16845855
-0.750	-2.350	0.000	-0.16940792
-0.650	-2.350	0.000	-0.17050619
-0.550	-2.350	0.000	-0.17135358
-0.450	-2.350	0.000	-0.17107375
-0.350	-2.350	0.000	-0.17048326
-0.250	-2.350	0.000	-0.16929726
-0.150	-2.350	0.000	-0.16740873
-0.050	-2.350	0.000	-0.16547053
0.050	-2.350	0.000	-0.16368850
0.150	-2.350	0.000	-0.16223341
0.250	-2.350	0.000	-0.16106938
0.350	-2.350	0.000	-0.15996371
0.450	-2.350	0.000	-0.15867190
0.550	-2.350	0.000	-0.15714088
0.650	-2.350	0.000	-0.15553799
0.750	-2.350	0.000	-0.15408470
0.850	-2.350	0.000	-0.15296489
0.950	-2.350	0.000	-0.15215427
1.050	-2.350	0.000	-0.15159720
1.150	-2.350	0.000	-0.15117371
1.250	-2.350	0.000	-0.15083458
1.350	-2.350	0.000	-0.15055521
1.450	-2.350	0.000	-0.15018961
1.550	-2.350	0.000	-0.14987262
1.650	-2.350	0.000	-0.14954111
1.750	-2.350	0.000	-0.14920492
1.850	-2.350	0.000	-0.14888327
1.950	-2.350	0.000	-0.14849137
2.050	-2.350	0.000	-0.14794029
2.150	-2.350	0.000	-0.14712390
2.250	-2.350	0.000	-0.14597078
2.350	-2.350	0.000	-0.14473213
2.450	-2.350	0.000	-0.14187665
-2.450	-2.250	0.000	-0.16687308
-2.350	-2.250	0.000	-0.16685352
-2.250	-2.250	0.000	-0.16608635
-2.150	-2.250	0.000	-0.16577944
-2.050	-2.250	0.000	-0.16564634
-1.950	-2.250	0.000	-0.16562378
-1.850	-2.250	0.000	-0.16572343
-1.750	-2.250	0.000	-0.16610745
-1.650	-2.250	0.000	-0.16686052
-1.550	-2.250	0.000	-0.16796179
-1.450	-2.250	0.000	-0.16895284
-1.350	-2.250	0.000	-0.16959369
-1.250	-2.250	0.000	-0.16978818
-1.150	-2.250	0.000	-0.16939853
-1.050	-2.250	0.000	-0.16878857
-0.950	-2.250	0.000	-0.16885822
-0.850	-2.250	0.000	-0.16922644
-0.750	-2.250	0.000	-0.16989173
-0.650	-2.250	0.000	-0.17083357
-0.550	-2.250	0.000	-0.17153934
-0.450	-2.250	0.000	-0.17136547
-0.350	-2.250	0.000	-0.17082857
-0.250	-2.250	0.000	-0.16951862
-0.150	-2.250	0.000	-0.16750072
-0.050	-2.250	0.000	-0.16522069
0.050	-2.250	0.000	-0.16299817
0.150	-2.250	0.000	-0.16108273
0.250	-2.250	0.000	-0.15951823
0.350	-2.250	0.000	-0.15819034
0.450	-2.250	0.000	-0.15690891
0.550	-2.250	0.000	-0.15560050
0.650	-2.250	0.000	-0.15428020
0.750	-2.250	0.000	-0.15307109
0.850	-2.250	0.000	-0.15215033
0.950	-2.250	0.000	-0.15157574
1.050	-2.250	0.000	-0.15125489
1.150	-2.250	0.000	-0.15098505
1.250	-2.250	0.000	-0.15076853
1.350	-2.250	0.000	-0.15056141
1.450	-2.250	0.000	-0.15034093
1.550	-2.250	0.000	-0.15006284
1.650	-2.250	0.000	-0.14979509
1.750	-2.250	0.000	-0.14949346
1.850	-2.250	0.000	-0.14915498
1.950	-2.250	0.000	-0.14871565
2.050	-2.250	0.000	-0.14809702
2.150	-2.250	0.000	-0.14725451
2.250	-2.250	0.000	-0.14603367
2.350	-2.250	0.000	-0.14474449
2.450	-2.250	0.000	-0.14195922
-2.450	-2.150	0.000	-0.16716908
-2.350	-2.150	0.000	-0.16711913
-2.250	-2.150	0.000	-0.16632427
-2.150	-2.150	0.000	-0.16599892
-2.050	-2.150	0.000	-0.16590589
-1.950	-2.150	0.000	-0.16593762
-1.850	-2.150	0.000	-0.16605306
-1.750	-2.150	0.000	-0.16644597
-1.650	-2.150	0.000	-0.16716328
-1.550	-2.150	0.000	-0.16829957
-1.450	-2.150	0.000	-0.16938704
-1.350	-2.150	0.000	-0.17012541
-1.250	-2.150	0.000	-0.17037036
-1.150	-2.150	0.000	-0.17010425
-1.050	-2.150	0.000	-0.16953784
-0.950	-2.150	0.000	-0.16951196
-0.850	-2.150	0.000	-0.16981430
-0.750	-2.150	0.000	-0.17030381
-0.650	-2.150	0.000	-0.17114918
-0.550	-2.150	0.000	-0.17172521
-0.450	-2.150	0.000	-0.17156088
-0.350	-2.150	0.000	-0.17102748
-0.250	-2.150	0.000	-0.16953065
-0.150	-2.150	0.000	-0.16715114
-0.050	-2.150	0.000	-0.16420767
0.050	-2.150	0.000	-0.16122963
0.150	-2.150	0.000	-0.15864253
0.250	-2.150	0.000	-0.15658942
0.350	-2.150	0.000	-0.15506816
0.450	-2.150	0.000	-0.15394682
0.550	-2.150	0.000	-0.15309852
0.650	-2.150	0.000	-0.15229990
0.750	-2.150	0.000	-0.15152900
0.850	-2.150	0.000	-0.15092841
0.950	-2.150	0.000	-0.15054165
1.050	-2.150	0.000	-0.15034430
1.150	-2.150	0.000	-0.15019640
1.250	-2.150	0.000	-0.15005793
1.350	-2.150	0.000	-0.14990278
1.450	-2.150	0.000	-0.14972499
1.550	-2.150	0.000	-0.14940132
1.650	-2.150	0.000	-0.14908795
1.750	-2.150	0.000	-0.14871976
1.850	-2.150	0.000	-0.14828235
1.950	-2.150	0.000	-0.14780253
2.050	-2.150	0.000	-0.14717692
2.150	-2.150	0.000	-0.14636981
2.250	-2.150	0.000	-0.14519805
2.350	-2.150	0.000	-0.14399485
2.450	-2.150	0.000	-0.14137365
-2.450	-2.050	0.000	-0.16771194
-2.350	-2.050	0.000	-0.16763465
-2.250	-2.050	0.000	-0.16681403
-2.150	-2.050	0.000	-0.16649821
-2.050	-2.050	0.000	-0.16646513
-1.950	-2.050	0.000	-0.16656804
-1.850	-2.050	0.000	-0.16678615
-1.750	-2.050	0.000	-0.16722763
-1.650	-2.050	0.000	-0.16797867
-1.550	-2.050	0.000	-0.16906567
-1.450	-2.050	0.000	-0.17013563
-1.350	-2.050	0.000	-0.17096345
-1.250	-2.050	0.000	-0.17129588
-1.150	-2.050	0.000	-0.17119600
-1.050	-2.050	0.000	-0.17073098
-0.950	-2.050	0.000	-0.17061490
-0.850	-2.050	0.000	-0.17071958
-0.750	-2.050	0.000	-0.17109853
-0.650	-2.050	0.000	-0.17181087
-0.550	-2.050	0.000	-0.17220408
-0.450	-2.050	0.000	-0.17205891
-0.350	-2.050	0.000	-0.17141616
-0.250	-2.050	0.000	-0.16982880
-0.150	-2.050	0.000	-0.16721626
-0.050	-2.050	0.000	-0.16380456
0.050	-2.050	0.000	-0.16021724
0.150	-2.050	0.000	-0.15695137
0.250	-2.050	0.000	-0.15431456
0.350	-2.050	0.000	-0.15247940
0.450	-2.050	0.000	-0.15143006
0.550	-2.050	0.000	-0.15092309
0.650	-2.050	0.000	-0.15059143
0.750	-2.050	0.000	-0.15030897
0.850	-2.050	0.000	-0.14999522
0.950	-2.050	0.000	-0.14978051
1.050	-2.050	0.000	-0.14949267
1.150	-2.050	0.000	-0.14919396
1.250	-2.050	0.000	-0.14897788
1.350	-2.050	0.000	-0.14885883
1.450	-2.050	0.000	-0.14865774
1.550	-2.050	0.000	-0.14837064
1.650	-2.050	0.000	-0.14804013
1.750	-2.050	0.000	-0.14764313
1.850	-2.050	0.000	-0.14721887
1.950	-2.050	0.000	-0.14681374
2.050	-2.050	0.000	-0.14631481
2.150	-2.050	0.000	-0.14563692
2.250	-2.050	0.000	-0.14460586
2.350	-2.050	0.000	-0.14356785
2.450	-2.050	0.000	-0.14107698
-2.450	-1.950	0.000	-0.16795254
-2.350	-1.950	0.000	-0.16787277
-2.250	-1.950	0.000	-0.16713488
-2.150	-1.950	0.000	-0.16685426
-2.050	-1.950	0.000	-0.16685574
-1.950	-1.950	0.000	-0.16700004
-1.850	-1.950	0.000	-0.16727939
-1.750	-1.950	0.000	-0.16772920
-1.650	-1.950	0.000	-0.16854326
-1.550	-1.950	0.000	-0.16972955
-1.450	-1.950	0.000	-0.17085393
-1.350	-1.950	0.000	-0.17169085
-1.250	-1.950	0.000	-0.17205711
-1.150	-1.950	0.000	-0.17195210
-1.050	-1.950	0.000	-0.17142422
-0.950	-1.950	0.000	-0.17113400
-0.850	-1.950	0.000	-0.17103761
-0.750	-1.950	0.000	-0.17137738
-0.650	-1.950	0.000	-0.17196247
-0.550	-1.950	0.000	-0.17242357
-0.450	-1.950	0.000	-0.17234693
-0.350	-1.950	0.000	-0.17156705
-0.250	-1.950	0.000	-0.16994439
-0.150	-1.950	0.000	-0.16688728
-0.050	-1.950	0.000	-0.16284534
0.050	-1.950	0.000	-0.15855946
0.150	-1.950	0.000	-0.15456662
0.250	-1.950	0.000	-0.15123793
0.350	-1.950	0.000	-0.14910224
0.450	-1.950	0.000	-0.14821631
0.550	-1.950	0.000	-0.14825545
0.650	-1.950	0.000	-0.14843316
0.750	-1.950	0.000	-0.14872536
0.850	-1.950	0.000	-0.14890607
0.950	-1.950	0.000	-0.14902680
1.050	-1.950	0.000	-0.14871554
1.150	-1.950	0.000	-0.14832769
1.250	-1.950	0.000	-0.14799894
1.350	-1.950	0.000	-0.14771231
1.450	-1.950	0.000	-0.14746341
1.550	-1.950	0.000	-0.14710480
1.650	-1.950	0.000	-0.14671685
1.750	-1.950	0.000	-0.14632404
1.850	-1.950	0.000	-0.14593418
1.950	-1.950	0.000	-0.14558218
2.050	-1.950	0.000	-0.14517151
2.150	-1.950	0.000	-0.14456204
2.250	-1.950	0.000	-0.14363334
2.350	-1.950	0.000	-0.14269127
2.450	-1.950	0.000	-0.14028734
-2.450	-1.850	0.000	-0.16825823
-2.350	-1.850	0.000	-0.16819857
-2.250	-1.850	0.000	-0.16767584
-2.150	-1.850	0.000	-0.16750042
-2.050	-1.850	0.000	-0.16758816
-1.950	-1.850	0.000	-0.16780405
-1.850	-1.850	0.000	-0.16817689
-1.750	-1.850	0.000	-0.16864070
-1.650	-1.850	0.000	-0.16950633
-1.550	-1.850	0.000	-0.17065942
-1.450	-1.850	0.000	-0.17168923
-1.350	-1.850	0.000	-0.17241228
-1.250	-1.850	0.000	-0.17263211
-1.150	-1.850	0.000	-0.17240679
-1.050	-1.850	0.000	-0.17189740
-0.950	-1.850	0.000	-0.17154633
-0.850	-1.850	0.000	-0.17139445
-0.750	-1.850	0.000	-0.17183968
-0.650	-1.850	0.000	-0.17251956
-0.550	-1.850	0.000	-0.17290165
-0.450	-1.850	0.000	-0.17287557
-0.350	-1.850	0.000	-0.17212951
-0.250	-1.850	0.000	-0.17030883
-0.150	-1.850	0.000	-0.16676089
-0.050	-1.850	0.000	-0.16201635
0.050	-1.850	0.000	-0.15690713
0.150	-1.850	0.000	-0.15194911
0.250	-1.850	0.000	-0.14787197
0.350	-1.850	0.000	-0.14547785
0.450	-1.850	0.000	-0.14529967
0.550	-1.850	0.000	-0.14552158
0.650	-1.850	0.000	-0.14612468
0.750	-1.850	0.000	-0.14697760
0.850	-1.850	0.000	-0.14766282
0.950	-1.850	0.000	-0.14794199
1.050	-1.850	0.000	-0.14765863
1.150	-1.850	0.000	-0.14728908
1.250	-1.850	0.000	-0.14695877
1.350	-1.850	0.000	-0.14661972
1.450	-1.850	0.000	-0.14628099
1.550	-1.850	0.000	-0.14587334
1.650	-1.850	0.000	-0.14537765
1.750	-1.850	0.000	-0.14488053
1.850	-1.850	0.000	-0.14442489
1.950	-1.850	0.000	-0.14407112
2.050	-1.850	0.000	-0.14373745
2.150	-1.850	0.000	-0.14328703
2.250	-1.850	0.000	-0.14259118
2.350	-1.850	0.000	-0.14181282
2.450	-1.850	0.000	-0.13964382
-2.450	-1.750	0.000	-0.16810575
-2.350	-1.750	0.000	-0.16808051
-2.250	-1.750	0.000	-0.16792148
-2.150	-1.750	0.000	-0.16786887
-2.050	-1.750	0.000	-0.16804188
-1.950	-1.750	0.000	-0.16832702
-1.850	-1.750	0.000	-0.16875152
-1.750	-1.750	0.000	-0.16930455
-1.650	-1.750	0.000	-0.17021191
-1.550	-1.750	0.000	-0.17131016
-1.450	-1.750	0.000	-0.17224140
-1.350	-1.750	0.000	-0.17273389
-1.250	-1.750	0.000	-0.17286657
-1.150	-1.750	0.000	-0.17249715
-1.050	-1.750	0.000	-0.17202990
-0.950	-1.750	0.000	-0.17166317
-0.850	-1.750	0.000	-0.17166618
-0.750	-1.750	0.000	-0.17232656
-0.650	-1.750	0.000	-0.17330544
-0.550	-1.750	0.000	-0.17374697
-0.450	-1.750	0.000	-0.17373742
-0.350	-1.750	0.000	-0.17303948
-0.250	-1.750	0.000	-0.17081329
-0.150	-1.750	0.000	-0.16670431
-0.050	-1.750	0.000	-0.16120355
0.050	-1.750	0.000	-0.15510891
0.150	-1.750	0.000	-0.14903419
0.250	-1.750	0.000	-0.14425702
0.350	-1.750	0.000	-0.14223780
0.450	-1.750	0.000	-0.14236696
0.550	-1.750	0.000	-0.14286424
0.650	-1.750	0.000	-0.14395367
0.750	-1.750	0.000	-0.14538394
0.850	-1.750	0.000	-0.14652821
0.950	-1.750	0.000	-0.14704989
1.050	-1.750	0.000	-0.14688495
1.150	-1.750	0.000	-0.14659002
1.250	-1.750	0.000	-0.14630230
1.350	-1.750	0.000	-0.14599203
1.450	-1.750	0.000	-0.14556295
1.550	-1.750	0.000	-0.14512765
1.650	-1.750	0.000	-0.14453824
1.750	-1.750	0.000	-0.14388038
1.850	-1.750	0.000	-0.14328828
1.950	-1.750	0.000	-0.14284521
2.050	-1.750	0.000	-0.14251369
2.150	-1.750	0.000	-0.14217038
2.250	-1.750	0.000	-0.14163940
2.350	-1.750	0.000	-0.14099193
2.450	-1.750	0.000	-0.13908705
-2.450	-1.650	0.000	-0.16794829
-2.350	-1.650	0.000	-0.16792163
-2.250	-1.650	0.000	-0.16815494
-2.150	-1.650	0.000	-0.16818893
-2.050	-1.650	0.000	-0.16840364
-1.950	-1.650	0.000	-0.16875583
-1.850	-1.650	0.000	-0.16924860
-1.750	-1.650	0.000	-0.16988790
-1.650	-1.650	0.000	-0.17078491
-1.550	-1.650	0.000	-0.17176823
-1.450	-1.650	0.000	-0.17254387
-1.350	-1.650	0.000	-0.17287464
-1.250	-1.650	0.000	-0.17292103
-1.150	-1.650	0.000	-0.17247587
-1.050	-1.650	0.000	-0.17214975
-0.950	-1.650	0.000	-0.17187615
-0.850	-1.650	0.000	-0.17230722
-0.750	-1.650	0.000	-0.17320859
-0.650	-1.650	0.000	-0.17446473
-0.550	-1.650	0.000	-0.17502977
-0.450	-1.650	0.000	-0.17495203
-0.350	-1.650	0.000	-0.17417672
-0.250	-1.650	0.000	-0.17141795
-0.150	-1.650	0.000	-0.16663852
-0.050	-1.650	0.000	-0.16038069
0.050	-1.650	0.000	-0.15330851
0.150	-1.650	0.000	-0.14636910
0.250	-1.650	0.000	-0.14114946
0.350	-1.650	0.000	-0.13977261
0.450	-1.650	0.000	-0.13996008
0.550	-1.650	0.000	-0.14064975
0.650	-1.650	0.000	-0.14213844
0.750	-1.650	0.000	-0.14393902
0.850	-1.650	0.000	-0.14540596
0.950	-1.650	0.000	-0.14612487
1.050	-1.650	0.000	-0.14609611
1.150	-1.650	0.000	-0.14592963
1.250	-1.650	0.000	-0.14568600
1.350	-1.650	0.000	-0.14541790
1.450	-1.650	0.000	-0.14497404
1.550	-1.650	0.000	-0.14447914
1.650	-1.650	0.000	-0.14385150
1.750	-1.650	0.000	-0.14307007
1.850	-1.650	0.000	-0.14232901
1.950	-1.650	0.000	-0.14171451
2.050	-1.650	0.000	-0.14129622
2.150	-1.650	0.000	-0.14096397
2.250	-1.650	0.000	-0.14056334
2.350	-1.650	0.000	-0.14004652
2.450	-1.650	0.000	-0.13849795
-2.450	-1.550	0.000	-0.16742146
-2.350	-1.550	0.000	-0.16747229
-2.250	-1.550	0.000	-0.16790920
-2.150	-1.550	0.000	-0.16809361
-2.050	-1.550	0.000	-0.16839087
-1.950	-1.550	0.000	-0.16886261
-1.850	-1.550	0.000	-0.16945736
-1.750	-1.550	0.000	-0.17015271
-1.650	-1.550	0.000	-0.17103954
-1.550	-1.550	0.000	-0.17194632
-1.450	-1.550	0.000	-0.17244418
-1.350	-1.550	0.000	-0.17267951
-1.250	-1.550	0.000	-0.17259528
-1.150	-1.550	0.000	-0.17223437
-1.050	-1.550	0.000	-0.17211735
-0.950	-1.550	0.000	-0.17220561
-0.850	-1.550	0.000	-0.17294471
-0.750	-1.550	0.000	-0.17429893
-0.650	-1.550	0.000	-0.17588204
-0.550	-1.550	0.000	-0.17650051
-0.450	-1.550	0.000	-0.17633422
-0.350	-1.550	0.000	-0.17536823
-0.250	-1.550	0.000	-0.17206019
-0.150	-1.550	0.000	-0.16656396
-0.050	-1.550	0.000	-0.15951978
0.050	-1.550	0.000	-0.15163872
0.150	-1.550	0.000	-0.14422669
0.250	-1.550	0.000	-0.13906586
0.350	-1.550	0.000	-0.13841476
0.450	-1.550	0.000	-0.13861255
0.550	-1.550	0.000	-0.13946463
0.650	-1.550	0.000	-0.14116929
0.750	-1.550	0.000	-0.14319277
0.850	-1.550	0.000	-0.14474292
0.950	-1.550	0.000	-0.14548106
1.050	-1.550	0.000	-0.14554393
1.150	-1.550	0.000	-0.14545213
1.250	-1.550	0.000	-0.14532915
1.350	-1.550	0.000	-0.14519863
1.450	-1.550	0.000	-0.14491081
1.550	-1.550	0.000	-0.14444721
1.650	-1.550	0.000	-0.14384307
1.750	-1.550	0.000	-0.14300962
1.850	-1.550	0.000	-0.14214076
1.950	-1.550	0.000	-0.14131789
2.050	-1.550	0.000	-0.14071622
2.150	-1.550	0.000	-0.14020072
2.250	-1.550	0.000	-0.13977088
2.350	-1.550	0.000	-0.13928653
2.450	-1.550	0.000	-0.13795501
-2.450	-1.450	0.000	-0.16680491
-2.350	-1.450	0.000	-0.16694033
-2.250	-1.450	0.000	-0.16748601
-2.150	-1.450	0.000	-0.16779192
-2.050	-1.450	0.000	-0.16815573
-1.950	-1.450	0.000	-0.16865072
-1.850	-1.450	0.000	-0.16933832
-1.750	-1.450	0.000	-0.17013785
-1.650	-1.450	0.000	-0.17109345
-1.550	-1.450	0.000	-0.17186852
-1.450	-1.450	0.000	-0.17215697
-1.350	-1.450	0.000	-0.17230017
-1.250	-1.450	0.000	-0.17217107
-1.150	-1.450	0.000	-0.17198554
-1.050	-1.450	0.000	-0.17201571
-0.950	-1.450	0.000	-0.17253464
-0.850	-1.450	0.000	-0.17355353
-0.750	-1.450	0.000	-0.17535113
-0.650	-1.450	0.000	-0.17717960
-0.550	-1.450	0.000	-0.17768422
-0.450	-1.450	0.000	-0.17747602
-0.350	-1.450	0.000	-0.17622295
-0.250	-1.450	0.000	-0.17234531
-0.150	-1.450	0.000	-0.16625725
-0.050	-1.450	0.000	-0.15855837
0.050	-1.450	0.000	-0.15019734
0.150	-1.450	0.000	-0.14288853
0.250	-1.450	0.000	-0.13830668
0.350	-1.450	0.000	-0.13800107
0.450	-1.450	0.000	-0.13820750
0.550	-1.450	0.000	-0.13917467
0.650	-1.450	0.000	-0.14095698
0.750	-1.450	0.000	-0.14298043
0.850	-1.450	0.000	-0.14442180
0.950	-1.450	0.000	-0.14501484
1.050	-1.450	0.000	-0.14506990
1.150	-1.450	0.000	-0.14502348
1.250	-1.450	0.000	-0.14497447
1.350	-1.450	0.000	-0.14495577
1.450	-1.450	0.000	-0.14485425
1.550	-1.450	0.000	-0.14451687
1.650	-1.450	0.000	-0.14391416
1.750	-1.450	0.000	-0.14305441
1.850	-1.450	0.000	-0.14207879
1.950	-1.450	0.000	-0.14108390
2.050	-1.450	0.000	-0.14027631
2.150	-1.450	0.000	-0.13953321
2.250	-1.450	0.000	-0.13901560
2.350	-1.450	0.000	-0.13853239
2.450	-1.450	0.000	-0.13740407
-2.450	-1.350	0.000	-0.16621386
-2.350	-1.350	0.000	-0.16639230
-2.250	-1.350	0.000	-0.16694787
-2.150	-1.350	0.000	-0.16737933
-2.050	-1.350	0.000	-0.16782643
-1.950	-1.350	0.000	-0.16843314
-1.850	-1.350	0.000	-0.16922526
-1.750	-1.350	0.000	-0.17008311
-1.650	-1.350	0.000	-0.17113312
-1.550	-1.350	0.000	-0.17175774
-1.450	-1.350	0.000	-0.17195639
-1.350	-1.350	0.000	-0.17197557
-1.250	-1.350	0.000	-0.17176814
-1.150	-1.350	0.000	-0.17167282
-1.050	-1.350	0.000	-0.17195950
-0.950	-1.350	0.000	-0.17268743
-0.850	-1.350	0.000	-0.17410190
-0.750	-1.350	0.000	-0.17621031
-0.650	-1.350	0.000	-0.17811196
-0.550	-1.350	0.000	-0.17846459
-0.450	-1.350	0.000	-0.17821224
-0.350	-1.350	0.000	-0.17671067
-0.250	-1.350	0.000	-0.17230950
-0.150	-1.350	0.000	-0.16583468
-0.050	-1.350	0.000	-0.15780944
0.050	-1.350	0.000	-0.14952539
0.150	-1.350	0.000	-0.14253150
0.250	-1.350	0.000	-0.13857767
0.350	-1.350	0.000	-0.13859242
0.450	-1.350	0.000	-0.13901611
0.550	-1.350	0.000	-0.14016342
0.650	-1.350	0.000	-0.14179461
0.750	-1.350	0.000	-0.14333500
0.850	-1.350	0.000	-0.14444028
0.950	-1.350	0.000	-0.14479831
1.050	-1.350	0.000	-0.14478573
1.150	-1.350	0.000	-0.14478399
1.250	-1.350	0.000	-0.14480750
1.350	-1.350	0.000	-0.14486608
1.450	-1.350	0.000	-0.14484236
1.550	-1.350	0.000	-0.14464051
1.650	-1.350	0.000	-0.14417180
1.750	-1.350	0.000	-0.14333336
1.850	-1.350	0.000	-0.14224087
1.950	-1.350	0.000	-0.14111853
2.050	-1.350	0.000	-0.14013457
2.150	-1.350	0.000	-0.13924214
2.250	-1.350	0.000	-0.13854952
2.350	-1.350	0.000	-0.13798885
2.450	-1.350	0.000	-0.13696063
-2.450	-1.250	0.000	-0.16586055
-2.350	-1.250	0.000	-0.16604728
-2.250	-1.250	0.000	-0.16655050
-2.150	-1.250	0.000	-0.16709927
-2.050	-1.250	0.000	-0.16763620
-1.950	-1.250	0.000	-0.16831003
-1.850	-1.250	0.000	-0.16921107
-1.750	-1.250	0.000	-0.17015979
-1.650	-1.250	0.000	-0.17129822
-1.550	-1.250	0.000	-0.17179196
-1.450	-1.250	0.000	-0.17193918
-1.350	-1.250	0.000	-0.17182045
-1.250	-1.250	0.000	-0.17155361
-1.150	-1.250	0.000	-0.17150603
-1.050	-1.250	0.000	-0.17199010
-0.950	-1.250	0.000	-0.17289227
-0.850	-1.250	0.000	-0.17463499
-0.750	-1.250	0.000	-0.17694792
-0.650	-1.250	0.000	-0.17877458
-0.550	-1.250	0.000	-0.17891693
-0.450	-1.250	0.000	-0.17860711
-0.350	-1.250	0.000	-0.17685029
-0.250	-1.250	0.000	-0.17230631
-0.150	-1.250	0.000	-0.16565602
-0.050	-1.250	0.000	-0.15758526
0.050	-1.250	0.000	-0.14957407
0.150	-1.250	0.000	-0.14324737
0.250	-1.250	0.000	-0.14066561
0.350	-1.250	0.000	-0.14075717
0.450	-1.250	0.000	-0.14120130
0.550	-1.250	0.000	-0.14206643
0.650	-1.250	0.000	-0.14335448
0.750	-1.250	0.000	-0.14434657
0.850	-1.250	0.000	-0.14476693
0.950	-1.250	0.000	-0.14467981
1.050	-1.250	0.000	-0.14457540
1.150	-1.250	0.000	-0.14450440
1.250	-1.250	0.000	-0.14454281
1.350	-1.250	0.000	-0.14466430
1.450	-1.250	0.000	-0.14475612
1.550	-1.250	0.000	-0.14465484
1.650	-1.250	0.000	-0.14431757
1.750	-1.250	0.000	-0.14359537
1.850	-1.250	0.000	-0.14253142
1.950	-1.250	0.000	-0.14130120
2.050	-1.250	0.000	-0.14010561
2.150	-1.250	0.000	-0.13906305
2.250	-1.250	0.000	-0.13818614
2.350	-1.250	0.000	-0.13753527
2.450	-1.250	0.000	-0.13645813
-2.450	-1.150	0.000	-0.16608690
-2.350	-1.150	0.000	-0.16627473
-2.250	-1.150	0.000	-0.16671248
-2.150	-1.150	0.000	-0.16732346
-2.050	-1.150	0.000	-0.16793603
-1.950	-1.150	0.000	-0.16866927
-1.850	-1.150	0.000	-0.16965133
-1.750	-1.150	0.000	-0.17066492
-1.650	-1.150	0.000	-0.17182715
-1.550	-1.150	0.000	-0.17214274
-1.450	-1.150	0.000	-0.17218424
-1.350	-1.150	0.000	-0.17192271
-1.250	-1.150	0.000	-0.17157418
-1.150	-1.150	0.000	-0.17165816
-1.050	-1.150	0.000	-0.17224127
-0.950	-1.150	0.000	-0.17323466
-0.850	-1.150	0.000	-0.17516728
-0.750	-1.150	0.000	-0.17759632
-0.650	-1.150	0.000	-0.17931335
-0.550	-1.150	0.000	-0.17940810
-0.450	-1.150	0.000	-0.17900985
-0.350	-1.150	0.000	-0.17697598
-0.250	-1.150	0.000	-0.17237386
-0.150	-1.150	0.000	-0.16573608
-0.050	-1.150	0.000	-0.15797128
0.050	-1.150	0.000	-0.15078707
0.150	-1.150	0.000	-0.14536890
0.250	-1.150	0.000	-0.14315867
0.350	-1.150	0.000	-0.14326495
0.450	-1.150	0.000	-0.14347130
0.550	-1.150	0.000	-0.14405729
0.650	-1.150	0.000	-0.14488150
0.750	-1.150	0.000	-0.14537932
0.850	-1.150	0.000	-0.14526072
0.950	-1.150	0.000	-0.14493662
1.050	-1.150	0.000	-0.14452620
1.150	-1.150	0.000	-0.14430498
1.250	-1.150	0.000	-0.14429919
1.350	-1.150	0.000	-0.14438747
1.450	-1.150	0.000	-0.14453851
1.550	-1.150	0.000	-0.14458045
1.650	-1.150	0.000	-0.14437638
1.750	-1.150	0.000	-0.14377549
1.850	-1.150	0.000	-0.14284806
1.950	-1.150	0.000	-0.14163232
2.050	-1.150	0.000	-0.14033464
2.150	-1.150	0.000	-0.13922846
2.250	-1.150	0.000	-0.13822286
2.350	-1.150	0.000	-0.13742086
2.450	-1.150	0.000	-0.13613631
-2.450	-1.050	0.000	-0.16684262
-2.350	-1.050	0.000	-0.16694699
-2.250	-1.050	0.000	-0.16727535
-2.150	-1.050	0.000	-0.16786587
-2.050	-1.050	0.000	-0.16850181
-1.950	-1.050	0.000	-0.16926137
-1.850	-1.050	0.000	-0.17027314
-1.750	-1.050	0.000	-0.17132086
-1.650	-1.050	0.000	-0.17247583
-1.550	-1.050	0.000	-0.17281562
-1.450	-1.050	0.000	-0.17284027
-1.350	-1.050	0.000	-0.17251462
-1.250	-1.050	0.000	-0.17202443
-1.150	-1.050	0.000	-0.17221302
-1.050	-1.050	0.000	-0.17277507
-0.950	-1.050	0.000	-0.17376642
-0.850	-1.050	0.000	-0.17576064
-0.750	-1.050	0.000	-0.17823547
-0.650	-1.050	0.000	-0.17981561
-0.550	-1.050	0.000	-0.17990825
-0.450	-1.050	0.000	-0.17942931
-0.350	-1.050	0.000	-0.17724667
-0.250	-1.050	0.000	-0.17274818
-0.150	-1.050	0.000	-0.16646121
-0.050	-1.050	0.000	-0.15924305
0.050	-1.050	0.000	-0.15258542
0.150	-1.050	0.000	-0.14754634
0.250	-1.050	0.000	-0.14613941
0.350	-1.050	0.000	-0.14612338
0.450	-1.050	0.000	-0.14622408
0.550	-1.050	0.000	-0.14649437
0.650	-1.050	0.000	-0.14677630
0.750	-1.050	0.000	-0.14657190
0.850	-1.050	0.000	-0.14617558
0.950	-1.050	0.000	-0.14557938
1.050	-1.050	0.000	-0.14491744
1.150	-1.050	0.000	-0.14438157
1.250	-1.050	0.000	-0.14425059
1.350	-1.050	0.000	-0.14423490
1.450	-1.050	0.000	-0.14431642
1.550	-1.050	0.000	-0.14439505
1.650	-1.050	0.000	-0.14434080
1.750	-1.050	0.000	-0.14398360
1.850	-1.050	0.000	-0.14319308
1.950	-1.050	0.000	-0.14207289
2.050	-1.050	0.000	-0.14088733
2.150	-1.050	0.000	-0.13974889
2.250	-1.050	0.000	-0.13865584
2.350	-1.050	0.000	-0.13782157
2.450	-1.050	0.000	-0.13639705
-2.450	-0.950	0.000	-0.16757184
-2.350	-0.950	0.000	-0.16760235
-2.250	-0.950	0.000	-0.16779138
-2.150	-0.950	0.000	-0.16831316
-2.050	-0.950	0.000	-0.16895893
-1.950	-0.950	0.000	-0.16974576
-1.850	-0.950	0.000	-0.17078495
-1.750	-0.950	0.000	-0.17187995
-1.650	-0.950	0.000	-0.17305817
-1.550	-0.950	0.000	-0.17341457
-1.450	-0.950	0.000	-0.17342649
-1.350	-0.950	0.000	-0.17314918
-1.250	-0.950	0.000	-0.17262609
-1.150	-0.950	0.000	-0.17288582
-1.050	-0.950	0.000	-0.17352279
-0.950	-0.950	0.000	-0.17448595
-0.850	-0.950	0.000	-0.17642602
-0.750	-0.950	0.000	-0.17887208
-0.650	-0.950	0.000	-0.18035749
-0.550	-0.950	0.000	-0.18044657
-0.450	-0.950	0.000	-0.17993814
-0.350	-0.950	0.000	-0.17769174
-0.250	-0.950	0.000	-0.17325930
-0.150	-0.950	0.000	-0.16719830
-0.050	-0.950	0.000	-0.16043456
0.050	-0.950	0.000	-0.15468043
0.150	-0.950	0.000	-0.15070111
0.250	-0.950	0.000	-0.14923653
0.350	-0.950	0.000	-0.14909308
0.450	-0.950	0.000	-0.14902821
0.550	-0.950	0.000	-0.14895684
0.650	-0.950	0.000	-0.14874493
0.750	-0.950	0.000	-0.14822814
0.850	-0.950	0.000	-0.14741437
0.950	-0.950	0.000	-0.14649089
1.050	-0.950	0.000	-0.14565279
1.150	-0.950	0.000	-0.14495406
1.250	-0.950	0.000	-0.14460382
1.350	-0.950	0.000	-0.14455453
1.450	-0.950	0.000	-0.14450228
1.550	-0.950	0.000	-0.14445171
1.650	-0.950	0.000	-0.14441113
1.750	-0.950	0.000	-0.14422989
1.850	-0.950	0.000	-0.14362805
1.950	-0.950	0.000	-0.14272124
2.050	-0.950	0.000	-0.14170711
2.150	-0.950	0.000	-0.14051618
2.250	-0.950	0.000	-0.13938266
2.350	-0.950	0.000	-0.13856132
2.450	-0.950	0.000	-0.13709775
-2.450	-0.850	0.000	-0.16811962
-2.350	-0.850	0.000	-0.16807686
-2.250	-0.850	0.000	-0.16814151
-2.150	-0.850	0.000	-0.16855933
-2.050	-0.850	0.000	-0.16921154
-1.950	-0.850	0.000	-0.17004564
-1.850	-0.850	0.000	-0.17114170
-1.750	-0.850	0.000	-0.17232221
-1.650	-0.850	0.000	-0.17357716
-1.550	-0.850	0.000	-0.17401689
-1.450	-0.850	0.000	-0.17411228
-1.350	-0.850	0.000	-0.17382033
-1.250	-0.850	0.000	-0.17327377
-1.150	-0.850	0.000	-0.17340751
-1.050	-0.850	0.000	-0.17405315
-0.950	-0.850	0.000	-0.17504220
-0.850	-0.850	0.000	-0.17689373
-0.750	-0.850	0.000	-0.17929532
-0.650	-0.850	0.000	-0.18066116
-0.550	-0.850	0.000	-0.18077144
-0.450	-0.850	0.000	-0.18022479
-0.350	-0.850	0.000	-0.17797294
-0.250	-0.850	0.000	-0.17369987
-0.150	-0.850	0.000	-0.16809057
-0.050	-0.850	0.000	-0.16218373
0.050	-0.850	0.000	-0.15716010
0.150	-0.850	0.000	-0.15365753
0.250	-0.850	0.000	-0.15207024
0.350	-0.850	0.000	-0.15170893
0.450	-0.850	0.000	-0.15149343
0.550	-0.850	0.000	-0.15122782
0.650	-0.850	0.000	-0.15076318
0.750	-0.850	0.000	-0.14999039
0.850	-0.850	0.000	-0.14896591
0.950	-0.850	0.000	-0.14777927
1.050	-0.850	0.000	-0.14664064
1.150	-0.850	0.000	-0.14575297
1.250	-0.850	0.000	-0.14519323
1.350	-0.850	0.000	-0.14511563
1.450	-0.850	0.000	-0.14505324
1.550	-0.850	0.000	-0.14496475
1.650	-0.850	0.000	-0.14486457
1.750	-0.850	0.000	-0.14464621
1.850	-0.850	0.000	-0.14417969
1.950	-0.850	0.000	-0.14346300
2.050	-0.850	0.000	-0.14259063
2.150	-0.850	0.000	-0.14159209
2.250	-0.850	0.000	-0.14053893
2.350	-0.850	0.000	-0.13965879
2.450	-0.850	0.000	-0.13806415
-2.450	-0.750	0.000	-0.16835582
-2.350	-0.750	0.000	-0.16824140
-2.250	-0.750	0.000	-0.16822286
-2.150	-0.750	0.000	-0.16851985
-2.050	-0.750	0.000	-0.16917571
-1.950	-0.750	0.000	-0.17009827
-1.850	-0.750	0.000	-0.17129463
-1.750	-0.750	0.000	-0.17255007
-1.650	-0.750	0.000	-0.17385824
-1.550	-0.750	0.000	-0.17441016
-1.450	-0.750	0.000	-0.17462760
-1.350	-0.750	0.000	-0.17439808
-1.250	-0.750	0.000	-0.17387705
-1.150	-0.750	0.000	-0.17377184
-1.050	-0.750	0.000	-0.17432320
-0.950	-0.750	0.000	-0.17525427
-0.850	-0.750	0.000	-0.17692953
-0.750	-0.750	0.000	-0.17917459
-0.650	-0.750	0.000	-0.18042290
-0.550	-0.750	0.000	-0.18058833
-0.450	-0.750	0.000	-0.18012498
-0.350	-0.750	0.000	-0.17810360
-0.250	-0.750	0.000	-0.17420377
-0.150	-0.750	0.000	-0.16919157
-0.050	-0.750	0.000	-0.16391401
0.050	-0.750	0.000	-0.15939301
0.150	-0.750	0.000	-0.15624878
0.250	-0.750	0.000	-0.15465447
0.350	-0.750	0.000	-0.15410003
0.450	-0.750	0.000	-0.15377592
0.550	-0.750	0.000	-0.15340789
0.650	-0.750	0.000	-0.15280542
0.750	-0.750	0.000	-0.15190621
0.850	-0.750	0.000	-0.15073398
0.950	-0.750	0.000	-0.14943627
1.050	-0.750	0.000	-0.14813530
1.150	-0.750	0.000	-0.14704579
1.250	-0.750	0.000	-0.14627758
1.350	-0.750	0.000	-0.14587426
1.450	-0.750	0.000	-0.14574923
1.550	-0.750	0.000	-0.14564121
1.650	-0.750	0.000	-0.14556278
1.750	-0.750	0.000	-0.14534561
1.850	-0.750	0.000	-0.14496298
1.950	-0.750	0.000	-0.14436211
2.050	-0.750	0.000	-0.14355277
2.150	-0.750	0.000	-0.14261103
2.250	-0.750	0.000	-0.14163084
2.350	-0.750	0.000	-0.14084888
2.450	-0.750	0.000	-0.13934366
-2.450	-0.650	0.000	-0.16838421
-2.350	-0.650	0.000	-0.16822405
-2.250	-0.650	0.000	-0.16816147
-2.150	-0.650	0.000	-0.16839269
-2.050	-0.650	0.000	-0.16902465
-1.950	-0.650	0.000	-0.16998440
-1.850	-0.650	0.000	-0.17123328
-1.750	-0.650	0.000	-0.17251998
-1.650	-0.650	0.000	-0.17382945
-1.550	-0.650	0.000	-0.17446958
-1.450	-0.650	0.000	-0.17475811
-1.350	-0.650	0.000	-0.17462833
-1.250	-0.650	0.000	-0.17411968
-1.150	-0.650	0.000	-0.17393358
-1.050	-0.650	0.000	-0.17434162
-0.950	-0.650	0.000	-0.17511107
-0.850	-0.650	0.000	-0.17657642
-0.750	-0.650	0.000	-0.17861870
-0.650	-0.650	0.000	-0.17972267
-0.550	-0.650	0.000	-0.17993087
-0.450	-0.650	0.000	-0.17959622
-0.350	-0.650	0.000	-0.17785141
-0.250	-0.650	0.000	-0.17442977
-0.150	-0.650	0.000	-0.16995597
-0.050	-0.650	0.000	-0.16528107
0.050	-0.650	0.000	-0.16125773
0.150	-0.650	0.000	-0.15834644
0.250	-0.650	0.000	-0.15669256
0.350	-0.650	0.000	-0.15591130
0.450	-0.650	0.000	-0.15549617
0.550	-0.650	0.000	-0.15509656
0.650	-0.650	0.000	-0.15449224
0.750	-0.650	0.000	-0.15359449
0.850	-0.650	0.000	-0.15244541
0.950	-0.650	0.000	-0.15114425
1.050	-0.650	0.000	-0.14981507
1.150	-0.650	0.000	-0.14862476
1.250	-0.650	0.000	-0.14771323
1.350	-0.650	0.000	-0.14704171
1.450	-0.650	0.000	-0.14672065
1.550	-0.650	0.000	-0.14657928
1.650	-0.650	0.000	-0.14644124
1.750	-0.650	0.000	-0.14620315
1.850	-0.650	0.000	-0.14579685
1.950	-0.650	0.000	-0.14520752
2.050	-0.650	0.000	-0.14442042
2.150	-0.650	0.000	-0.14349365
2.250	-0.650	0.000	-0.14249133
2.350	-0.650	0.000	-0.14170626
2.450	-0.650	0.000	-0.14029798
-2.450	-0.550	0.000	-0.16821072
-2.350	-0.550	0.000	-0.16800676
-2.250	-0.550	0.000	-0.16794674
-2.150	-0.550	0.000	-0.16813502
-2.050	-0.550	0.000	-0.16871834
-1.950	-0.550	0.000	-0.16966346
-1.850	-0.550	0.000	-0.17092112
-1.750	-0.550	0.000	-0.17222014
-1.650	-0.550	0.000	-0.17350987
-1.550	-0.550	0.000	-0.17426427
-1.450	-0.550	0.000	-0.17462216
-1.350	-0.550	0.000	-0.17461510
-1.250	-0.550	0.000	-0.17417124
-1.150	-0.550	0.000	-0.17389174
-1.050	-0.550	0.000	-0.17416273
-0.950	-0.550	0.000	-0.17477123
-0.850	-0.550	0.000	-0.17601223
-0.750	-0.550	0.000	-0.17784594
-0.650	-0.550	0.000	-0.17887698
-0.550	-0.550	0.000	-0.17907798
-0.450	-0.550	0.000	-0.17882411
-0.350	-0.550	0.000	-0.17734613
-0.250	-0.550	0.000	-0.17437103
-0.150	-0.550	0.000	-0.17045556
-0.050	-0.550	0.000	-0.16634560
0.050	-0.550	0.000	-0.16273895
0.150	-0.550	0.000	-0.16002889
0.250	-0.550	0.000	-0.15833183
0.350	-0.550	0.000	-0.15738279
0.450	-0.550	0.000	-0.15683000
0.550	-0.550	0.000	-0.15637441
0.650	-0.550	0.000	-0.15576759
0.750	-0.550	0.000	-0.15494032
0.850	-0.550	0.000	-0.15388598
0.950	-0.550	0.000	-0.15266307
1.050	-0.550	0.000	-0.15136696
1.150	-0.550	0.000	-0.15013734
1.250	-0.550	0.000	-0.14908728
1.350	-0.550	0.000	-0.14826985
1.450	-0.550	0.000	-0.14773610
1.550	-0.550	0.000	-0.14746356
1.650	-0.550	0.000	-0.14724047
1.750	-0.550	0.000	-0.14695132
1.850	-0.550	0.000	-0.14647298
1.950	-0.550	0.000	-0.14581133
2.050	-0.550	0.000	-0.14494258
2.150	-0.550	0.000	-0.14396246
2.250	-0.550	0.000	-0.14293100
2.350	-0.550	0.000	-0.14212535
2.450	-0.550	0.000	-0.14084852
-2.450	-0.450	0.000	-0.16792819
-2.350	-0.450	0.000	-0.16770583
-2.250	-0.450	0.000	-0.16770566
-2.150	-0.450	0.000	-0.16787265
-2.050	-0.450	0.000	-0.16838007
-1.950	-0.450	0.000	-0.16927195
-1.850	-0.450	0.000	-0.17050590
-1.750	-0.450	0.000	-0.17179270
-1.650	-0.450	0.000	-0.17307080
-1.550	-0.450	0.000	-0.17388909
-1.450	-0.450	0.000	-0.17431369
-1.350	-0.450	0.000	-0.17443852
-1.250	-0.450	0.000	-0.17415017
-1.150	-0.450	0.000	-0.17388393
-1.050	-0.450	0.000	-0.17407966
-0.950	-0.450	0.000	-0.17452487
-0.850	-0.450	0.000	-0.17553593
-0.750	-0.450	0.000	-0.17718825
-0.650	-0.450	0.000	-0.17817131
-0.550	-0.450	0.000	-0.17836337
-0.450	-0.450	0.000	-0.17815083
-0.350	-0.450	0.000	-0.17684595
-0.250	-0.450	0.000	-0.17420627
-0.150	-0.450	0.000	-0.17074631
-0.050	-0.450	0.000	-0.16711000
0.050	-0.450	0.000	-0.16385667
0.150	-0.450	0.000	-0.16130944
0.250	-0.450	0.000	-0.15955450
0.350	-0.450	0.000	-0.15843862
0.450	-0.450	0.000	-0.15773730
0.550	-0.450	0.000	-0.15717733
0.650	-0.450	0.000	-0.15657569
0.750	-0.450	0.000	-0.15582395
0.850	-0.450	0.000	-0.15487891
0.950	-0.450	0.000	-0.15375040
1.050	-0.450	0.000	-0.15250084
1.150	-0.450	0.000	-0.15125152
1.250	-0.450	0.000	-0.15010895
1.350	-0.450	0.000	-0.14918157
1.450	-0.450	0.000	-0.14851308
1.550	-0.450	0.000	-0.14806491
1.650	-0.450	0.000	-0.14774376
1.750	-0.450	0.000	-0.14738403
1.850	-0.450	0.000	-0.14686570
1.950	-0.450	0.000	-0.14614351
2.050	-0.450	0.000	-0.14519304
2.150	-0.450	0.000	-0.14411049
2.250	-0.450	0.000	-0.14301021
2.350	-0.450	0.000	-0.14212409
2.450	-0.450	0.000	-0.14094032
-2.450	-0.350	0.000	-0.16772874
-2.350	-0.350	0.000	-0.16751035
-2.250	-0.350	0.000	-0.16754638
-2.150	-0.350	0.000	-0.16771142
-2.050	-0.350	0.000	-0.16814904
-1.950	-0.350	0.000	-0.16897705
-1.850	-0.350	0.000	-0.17017274
-1.750	-0.350	0.000	-0.17144692
-1.650	-0.350	0.000	-0.17267393
-1.550	-0.350	0.000	-0.17356217
-1.450	-0.350	0.000	-0.17407420
-1.350	-0.350	0.000	-0.17429207
-1.250	-0.350	0.000	-0.17416815
-1.150	-0.350	0.000	-0.17399213
-1.050	-0.350	0.000	-0.17415369
-0.950	-0.350	0.000	-0.17451303
-0.850	-0.350	0.000	-0.17537951
-0.750	-0.350	0.000	-0.17685257
-0.650	-0.350	0.000	-0.17779157
-0.550	-0.350	0.000	-0.17797667
-0.450	-0.350	0.000	-0.17777435
-0.350	-0.350	0.000	-0.17657849
-0.250	-0.350	0.000	-0.17419510
-0.150	-0.350	0.000	-0.17107919
-0.050	-0.350	0.000	-0.16779476
0.050	-0.350	0.000	-0.16479456
0.150	-0.350	0.000	-0.16235475
0.250	-0.350	0.000	-0.16053617
0.350	-0.350	0.000	-0.15926544
0.450	-0.350	0.000	-0.15839271
0.550	-0.350	0.000	-0.15770276
0.650	-0.350	0.000	-0.15706360
0.750	-0.350	0.000	-0.15633519
0.850	-0.350	0.000	-0.15544906
0.950	-0.350	0.000	-0.15437341
1.050	-0.350	0.000	-0.15314290
1.150	-0.350	0.000	-0.15185295
1.250	-0.350	0.000	-0.15062857
1.350	-0.350	0.000	-0.14958529
1.450	-0.350	0.000	-0.14879899
1.550	-0.350	0.000	-0.14825210
1.650	-0.350	0.000	-0.14787319
1.750	-0.350	0.000	-0.14748660
1.850	-0.350	0.000	-0.14696343
1.950	-0.350	0.000	-0.14622676
2.050	-0.350	0.000	-0.14524160
2.150	-0.350	0.000	-0.14410272
2.250	-0.350	0.000	-0.14296953
2.350	-0.350	0.000	-0.14201611
2.450	-0.350	0.000	-0.14087729
-2.450	-0.250	0.000	-0.16762917
-2.350	-0.250	0.000	-0.16744111
-2.250	-0.250	0.000	-0.16742784
-2.150	-0.250	0.000	-0.16760628
-2.050	-0.250	0.000	-0.16797726
-1.950	-0.250	0.000	-0.16875444
-1.850	-0.250	0.000	-0.16993555
-1.750	-0.250	0.000	-0.17121428
-1.650	-0.250	0.000	-0.17245419
-1.550	-0.250	0.000	-0.17338645
-1.450	-0.250	0.000	-0.17399734
-1.350	-0.250	0.000	-0.17431743
-1.250	-0.250	0.000	-0.17434610
-1.150	-0.250	0.000	-0.17429066
-1.050	-0.250	0.000	-0.17438655
-0.950	-0.250	0.000	-0.17473285
-0.850	-0.250	0.000	-0.17546070
-0.750	-0.250	0.000	-0.17680641
-0.650	-0.250	0.000	-0.17775179
-0.550	-0.250	0.000	-0.17794612
-0.450	-0.250	0.000	-0.17776744
-0.350	-0.250	0.000	-0.17665941
-0.250	-0.250	0.000	-0.17443015
-0.150	-0.250	0.000	-0.17153314
-0.050	-0.250	0.000	-0.16848637
0.050	-0.250	0.000	-0.16565481
0.150	-0.250	0.000	-0.16327323
0.250	-0.250	0.000	-0.16137391
0.350	-0.250	0.000	-0.15994103
0.450	-0.250	0.000	-0.15887322
0.550	-0.250	0.000	-0.15804408
0.650	-0.250	0.000	-0.15731886
0.750	-0.250	0.000	-0.15655819
0.850	-0.250	0.000	-0.15566042
0.950	-0.250	0.000	-0.15456638
1.050	-0.250	0.000	-0.15330435
1.150	-0.250	0.000	-0.15196797
1.250	-0.250	0.000	-0.15068538
1.350	-0.250	0.000	-0.14957395
1.450	-0.250	0.000	-0.14872098
1.550	-0.250	0.000	-0.14810890
1.650	-0.250	0.000	-0.14768568
1.750	-0.250	0.000	-0.14728720
1.850	-0.250	0.000	-0.14677922
1.950	-0.250	0.000	-0.14605016
2.050	-0.250	0.000	-0.14510937
2.150	-0.250	0.000	-0.14402817
2.250	-0.250	0.000	-0.14293326
2.350	-0.250	0.000	-0.14196834
2.450	-0.250	0.000	-0.14085974
-2.450	-0.150	0.000	-0.16763262
-2.350	-0.150	0.000	-0.16749883
-2.250	-0.150	0.000	-0.16740482
-2.150	-0.150	0.000	-0.16762416
-2.050	-0.150	0.000	-0.16796972
-1.950	-0.150	0.000	-0.16870046
-1.850	-0.150	0.000	-0.16986041
-1.750	-0.150	0.000	-0.17112510
-1.650	-0.150	0.000	-0.17231573
-1.550	-0.150	0.000	-0.17326790
-1.450	-0.150	0.000	-0.17396301
-1.350	-0.150	0.000	-0.17441176
-1.250	-0.150	0.000	-0.17453001
-1.150	-0.150	0.000	-0.17455372
-1.050	-0.150	0.000	-0.17458759
-0.950	-0.150	0.000	-0.17492905
-0.850	-0.150	0.000	-0.17561030
-0.750	-0.150	0.000	-0.17685847
-0.650	-0.150	0.000	-0.17779219
-0.550	-0.150	0.000	-0.17801203
-0.450	-0.150	0.000	-0.17788963
-0.350	-0.150	0.000	-0.17686655
-0.250	-0.150	0.000	-0.17476644
-0.150	-0.150	0.000	-0.17205973
-0.050	-0.150	0.000	-0.16919632
0.050	-0.150	0.000	-0.16649541
0.150	-0.150	0.000	-0.16413166
0.250	-0.150	0.000	-0.16215393
0.350	-0.150	0.000	-0.16056988
0.450	-0.150	0.000	-0.15930675
0.550	-0.150	0.000	-0.15832011
0.650	-0.150	0.000	-0.15747330
0.750	-0.150	0.000	-0.15662517
0.850	-0.150	0.000	-0.15565355
0.950	-0.150	0.000	-0.15447693
1.050	-0.150	0.000	-0.15314901
1.150	-0.150	0.000	-0.15176365
1.250	-0.150	0.000	-0.15043773
1.350	-0.150	0.000	-0.14929745
1.450	-0.150	0.000	-0.14840831
1.550	-0.150	0.000	-0.14772117
1.650	-0.150	0.000	-0.14721614
1.750	-0.150	0.000	-0.14677350
1.850	-0.150	0.000	-0.14629452
1.950	-0.150	0.000	-0.14565568
2.050	-0.150	0.000	-0.14483000
2.150	-0.150	0.000	-0.14391409
2.250	-0.150	0.000	-0.14293866
2.350	-0.150	0.000	-0.14206246
2.450	-0.150	0.000	-0.14092669
-2.450	-0.050	0.000	-0.16759329
-2.350	-0.050	0.000	-0.16748370
-2.250	-0.050	0.000	-0.16729750
-2.150	-0.050	0.000	-0.16753557
-2.050	-0.050	0.000	-0.16787520
-1.950	-0.050	0.000	-0.16858353
-1.850	-0.050	0.000	-0.16972676
-1.750	-0.050	0.000	-0.17096940
-1.650	-0.050	0.000	-0.17212646
-1.550	-0.050	0.000	-0.17308435
-1.450	-0.050	0.000	-0.17383231
-1.350	-0.050	0.000	-0.17433539
-1.250	-0.050	0.000	-0.17450574
-1.150	-0.050	0.000	-0.17453907
-1.050	-0.050	0.000	-0.17454407
-0.950	-0.050	0.000	-0.17487931
-0.850	-0.050	0.000	-0.17553829
-0.750	-0.050	0.000	-0.17676368
-0.650	-0.050	0.000	-0.17772610
-0.550	-0.050	0.000	-0.17799616
-0.450	-0.050	0.000	-0.17793602
-0.350	-0.050	0.000	-0.17701109
-0.250	-0.050	0.000	-0.17504352
-0.150	-0.050	0.000	-0.17251772
-0.050	-0.050	0.000	-0.16983053
0.050	-0.050	0.000	-0.16725469
0.150	-0.050	0.000	-0.16491701
0.250	-0.050	0.000	-0.16288067
0.350	-0.050	0.000	-0.16115296
0.450	-0.050	0.000	-0.15973045
0.550	-0.050	0.000	-0.15857506
0.650	-0.050	0.000	-0.15758482
0.750	-0.050	0.000	-0.15661964
0.850	-0.050	0.000	-0.15554340
0.950	-0.050	0.000	-0.15428433
1.050	-0.050	0.000	-0.15288682
1.150	-0.050	0.000	-0.15144342
1.250	-0.050	0.000	-0.15006167
1.350	-0.050	0.000	-0.14889394
1.450	-0.050	0.000	-0.14791931
1.550	-0.050	0.000	-0.14720021
1.650	-0.050	0.000	-0.14665653
1.750	-0.050	0.000	-0.14616150
1.850	-0.050	0.000	-0.14569370
1.950	-0.050	0.000	-0.14515635
2.050	-0.050	0.000	-0.14451595
2.150	-0.050	0.000	-0.14381582
2.250	-0.050	0.000	-0.14299630
2.350	-0.050	0.000	-0.14226636
2.450	-0.050	0.000	-0.14104617
-2.450	0.050	0.000	-0.16734917
-2.350	0.050	0.000	-0.16724981
-2.250	0.050	0.000	-0.16693696
-2.150	0.050	0.000	-0.16715047
-2.050	0.050	0.000	-0.16745389
-1.950	0.050	0.000	-0.16813760
-1.850	0.050	0.000	-0.16929851
-1.750	0.050	0.000	-0.17054798
-1.650	0.050	0.000	-0.17169587
-1.550	0.050	0.000	-0.17262882
-1.450	0.050	0.000	-0.17340939
-1.350	0.050	0.000	-0.17401229
-1.250	0.050	0.000	-0.17424583
-1.150	0.050	0.000	-0.17428273
-1.050	0.050	0.000	-0.17427409
-0.950	0.050	0.000	-0.17456894
-0.850	0.050	0.000	-0.17522456
-0.750	0.050	0.000	-0.17643541
-0.650	0.050	0.000	-0.17745587
-0.550	0.050	0.000	-0.17776710
-0.450	0.050	0.000	-0.17774849
-0.350	0.050	0.000	-0.17692827
-0.250	0.050	0.000	-0.17509566
-0.150	0.050	0.000	-0.17272463
-0.050	0.050	0.000	-0.17020187
0.050	0.050	0.000	-0.16776124
0.150	0.050	0.000	-0.16548721
0.250	0.050	0.000	-0.16343676
0.350	0.050	0.000	-0.16161849
0.450	0.050	0.000	-0.16006713
0.550	0.050	0.000	-0.15875508
0.650	0.050	0.000	-0.15762036
0.750	0.050	0.000	-0.15653928
0.850	0.050	0.000	-0.15539153
0.950	0.050	0.000	-0.15408844
1.050	0.050	0.000	-0.15264896
1.150	0.050	0.000	-0.15117475
1.250	0.050	0.000	-0.14978138
1.350	0.050	0.000	-0.14858803
1.450	0.050	0.000	-0.14757903
1.550	0.050	0.000	-0.14683302
1.650	0.050	0.000	-0.14623021
1.750	0.050	0.000	-0.14568967
1.850	0.050	0.000	-0.14521252
1.950	0.050	0.000	-0.14474902
2.050	0.050	0.000	-0.14421849
2.150	0.050	0.000	-0.14367791
2.250	0.050	0.000	-0.14299700
2.350	0.050	0.000	-0.14244229
2.450	0.050	0.000	-0.14111364
-2.450	0.150	0.000	-0.16653083
-2.350	0.150	0.000	-0.16642386
-2.250	0.150	0.000	-0.16611382
-2.150	0.150	0.000	-0.16630042
-2.050	0.150	0.000	-0.16659603
-1.950	0.150	0.000	-0.16725011
-1.850	0.150	0.000	-0.16835323
-1.750	0.150	0.000	-0.16957490
-1.650	0.150	0.000	-0.17071244
-1.550	0.150	0.000	-0.17171988
-1.450	0.150	0.000	-0.17259422
-1.350	0.150	0.000	-0.17329434
-1.250	0.150	0.000	-0.17356302
-1.150	0.150	0.000	-0.17363043
-1.050	0.150	0.000	-0.17366990
-0.950	0.150	0.000	-0.17395574
-0.850	0.150	0.000	-0.17463934
-0.750	0.150	0.000	-0.17590144
-0.650	0.150	0.000	-0.17700665
-0.550	0.150	0.000	-0.17731290
-0.450	0.150	0.000	-0.17730096
-0.350	0.150	0.000	-0.17654514
-0.250	0.150	0.000	-0.17483380
-0.150	0.150	0.000	-0.17261067
-0.050	0.150	0.000	-0.17025845
0.050	0.150	0.000	-0.16797388
0.150	0.150	0.000	-0.16577893
0.250	0.150	0.000	-0.16377413
0.350	0.150	0.000	-0.16187698
0.450	0.150	0.000	-0.16018616
0.550	0.150	0.000	-0.15876974
0.650	0.150	0.000	-0.15755205
0.750	0.150	0.000	-0.15641584
0.850	0.150	0.000	-0.15525681
0.950	0.150	0.000	-0.15398434
1.050	0.150	0.000	-0.15258352
1.150	0.150	0.000	-0.15115084
1.250	0.150	0.000	-0.14979704
1.350	0.150	0.000	-0.14858226
1.450	0.150	0.000	-0.14757001
1.550	0.150	0.000	-0.14676087
1.650	0.150	0.000	-0.14605960
1.750	0.150	0.000	-0.14546545
1.850	0.150	0.000	-0.14495111
1.950	0.150	0.000	-0.14444049
2.050	0.150	0.000	-0.14395490
2.150	0.150	0.000	-0.14346460
2.250	0.150	0.000	-0.14285816
2.350	0.150	0.000	-0.14238590
2.450	0.150	0.000	-0.14096648
-2.450	0.250	0.000	-0.16525030
-2.350	0.250	0.000	-0.16520013
-2.250	0.250	0.000	-0.16486543
-2.150	0.250	0.000	-0.16494042
-2.050	0.250	0.000	-0.16522495
-1.950	0.250	0.000	-0.16584785
-1.850	0.250	0.000	-0.16690327
-1.750	0.250	0.000	-0.16809502
-1.650	0.250	0.000	-0.16924915
-1.550	0.250	0.000	-0.17028113
-1.450	0.250	0.000	-0.17123607
-1.350	0.250	0.000	-0.17207156
-1.250	0.250	0.000	-0.17242461
-1.150	0.250	0.000	-0.17258872
-1.050	0.250	0.000	-0.17273809
-0.950	0.250	0.000	-0.17309998
-0.850	0.250	0.000	-0.17388992
-0.750	0.250	0.000	-0.17517334
-0.650	0.250	0.000	-0.17635950
-0.550	0.250	0.000	-0.17665924
-0.450	0.250	0.000	-0.17662671
-0.350	0.250	0.000	-0.17588747
-0.250	0.250	0.000	-0.17428271
-0.150	0.250	0.000	-0.17219606
-0.050	0.250	0.000	-0.17000090
0.050	0.250	0.000	-0.16786492
0.150	0.250	0.000	-0.16581771
0.250	0.250	0.000	-0.16381398
0.350	0.250	0.000	-0.16183250
0.450	0.250	0.000	-0.16006047
0.550	0.250	0.000	-0.15857857
0.650	0.250	0.000	-0.15729851
0.750	0.250	0.000	-0.15615167
0.850	0.250	0.000	-0.15508443
0.950	0.250	0.000	-0.15398316
1.050	0.250	0.000	-0.15272124
1.150	0.250	0.000	-0.15139447
1.250	0.250	0.000	-0.15010539
1.350	0.250	0.000	-0.14888409
1.450	0.250	0.000	-0.14782247
1.550	0.250	0.000	-0.14689520
1.650	0.250	0.000	-0.14608406
1.750	0.250	0.000	-0.14541435
1.850	0.250	0.000	-0.14484292
1.950	0.250	0.000	-0.14426033
2.050	0.250	0.000	-0.14374803
2.150	0.250	0.000	-0.14320515
2.250	0.250	0.000	-0.14259462
2.350	0.250	0.000	-0.14212978
2.450	0.250	0.000	-0.14058562
-2.450	0.350	0.000	-0.16387571
-2.350	0.350	0.000	-0.16388689
-2.250	0.350	0.000	-0.16354378
-2.150	0.350	0.000	-0.16358232
-2.050	0.350	0.000	-0.16384694
-1.950	0.350	0.000	-0.16439432
-1.850	0.350	0.000	-0.16531087
-1.750	0.350	0.000	-0.16637899
-1.650	0.350	0.000	-0.16747883
-1.550	0.350	0.000	-0.16853580
-1.450	0.350	0.000	-0.16955352
-1.350	0.350	0.000	-0.17047198
-1.250	0.350	0.000	-0.17086518
-1.150	0.350	0.000	-0.17111093
-1.050	0.350	0.000	-0.17140737
-0.950	0.350	0.000	-0.17188451
-0.850	0.350	0.000	-0.17284183
-0.750	0.350	0.000	-0.17421581
-0.650	0.350	0.000	-0.17550495
-0.550	0.350	0.000	-0.17575382
-0.450	0.350	0.000	-0.17569910
-0.350	0.350	0.000	-0.17497142
-0.250	0.350	0.000	-0.17341346
-0.150	0.350	0.000	-0.17145941
-0.050	0.350	0.000	-0.16946861
0.050	0.350	0.000	-0.16749102
0.150	0.350	0.000	-0.16561903
0.250	0.350	0.000	-0.16360007
0.350	0.350	0.000	-0.16161063
0.450	0.350	0.000	-0.15976679
0.550	0.350	0.000	-0.15817161
0.650	0.350	0.000	-0.15692052
0.750	0.350	0.000	-0.15588532
0.850	0.350	0.000	-0.15494050
0.950	0.350	0.000	-0.15403420
1.050	0.350	0.000	-0.15298770
1.150	0.350	0.000	-0.15180573
1.250	0.350	0.000	-0.15058646
1.350	0.350	0.000	-0.14936796
1.450	0.350	0.000	-0.14824519
1.550	0.350	0.000	-0.14721200
1.650	0.350	0.000	-0.14625710
1.750	0.350	0.000	-0.14544974
1.850	0.350	0.000	-0.14475438
1.950	0.350	0.000	-0.14408824
2.050	0.350	0.000	-0.14348005
2.150	0.350	0.000	-0.14282371
2.250	0.350	0.000	-0.14213093
2.350	0.350	0.000	-0.14159118
2.450	0.350	0.000	-0.13991992
-2.450	0.450	0.000	-0.16257131
-2.350	0.450	0.000	-0.16265209
-2.250	0.450	0.000	-0.16229330
-2.150	0.450	0.000	-0.16236302
-2.050	0.450	0.000	-0.16262513
-1.950	0.450	0.000	-0.16310234
-1.850	0.450	0.000	-0.16387628
-1.750	0.450	0.000	-0.16478774
-1.650	0.450	0.000	-0.16579026
-1.550	0.450	0.000	-0.16680594
-1.450	0.450	0.000	-0.16782622
-1.350	0.450	0.000	-0.16877696
-1.250	0.450	0.000	-0.16920528
-1.150	0.450	0.000	-0.16955592
-1.050	0.450	0.000	-0.16995986
-0.950	0.450	0.000	-0.17061646
-0.850	0.450	0.000	-0.17174384
-0.750	0.450	0.000	-0.17318054
-0.650	0.450	0.000	-0.17455609
-0.550	0.450	0.000	-0.17475288
-0.450	0.450	0.000	-0.17464368
-0.350	0.450	0.000	-0.17386779
-0.250	0.450	0.000	-0.17233311
-0.150	0.450	0.000	-0.17047593
-0.050	0.450	0.000	-0.16857174
0.050	0.450	0.000	-0.16683006
0.150	0.450	0.000	-0.16508660
0.250	0.450	0.000	-0.16315535
0.350	0.450	0.000	-0.16120748
0.450	0.450	0.000	-0.15936044
0.550	0.450	0.000	-0.15777169
0.650	0.450	0.000	-0.15654737
0.750	0.450	0.000	-0.15562408
0.850	0.450	0.000	-0.15481628
0.950	0.450	0.000	-0.15402849
1.050	0.450	0.000	-0.15316287
1.150	0.450	0.000	-0.15211925
1.250	0.450	0.000	-0.15096839
1.350	0.450	0.000	-0.14976303
1.450	0.450	0.000	-0.14857177
1.550	0.450	0.000	-0.14743645
1.650	0.450	0.000	-0.14637575
1.750	0.450	0.000	-0.14543089
1.850	0.450	0.000	-0.14459437
1.950	0.450	0.000	-0.14384753
2.050	0.450	0.000	-0.14313674
2.150	0.450	0.000	-0.14239275
2.250	0.450	0.000	-0.14159958
2.350	0.450	0.000	-0.14094102
2.450	0.450	0.000	-0.13917948
-2.450	0.550	0.000	-0.16175905
-2.350	0.550	0.000	-0.16187917
-2.250	0.550	0.000	-0.16152292
-2.150	0.550	0.000	-0.16166899
-2.050	0.550	0.000	-0.16195886
-1.950	0.550	0.000	-0.16239026
-1.850	0.550	0.000	-0.16301990
-1.750	0.550	0.000	-0.16373916
-1.650	0.550	0.000	-0.16460149
-1.550	0.550	0.000	-0.16553995
-1.450	0.550	0.000	-0.16650046
-1.350	0.550	0.000	-0.16738659
-1.250	0.550	0.000	-0.16777521
-1.150	0.550	0.000	-0.16811359
-1.050	0.550	0.000	-0.16854149
-0.950	0.550	0.000	-0.16933672
-0.850	0.550	0.000	-0.17060487
-0.750	0.550	0.000	-0.17216831
-0.650	0.550	0.000	-0.17370066
-0.550	0.550	0.000	-0.17388017
-0.450	0.550	0.000	-0.17368098
-0.350	0.550	0.000	-0.17275351
-0.250	0.550	0.000	-0.17117809
-0.150	0.550	0.000	-0.16939408
-0.050	0.550	0.000	-0.16758549
0.050	0.550	0.000	-0.16594733
0.150	0.550	0.000	-0.16428402
0.250	0.550	0.000	-0.16254006
0.350	0.550	0.000	-0.16067138
0.450	0.550	0.000	-0.15883243
0.550	0.550	0.000	-0.15723063
0.650	0.550	0.000	-0.15600146
0.750	0.550	0.000	-0.15514524
0.850	0.550	0.000	-0.15443219
0.950	0.550	0.000	-0.15373600
1.050	0.550	0.000	-0.15300813
1.150	0.550	0.000	-0.15214697
1.250	0.550	0.000	-0.15113942
1.350	0.550	0.000	-0.15000100
1.450	0.550	0.000	-0.14879619
1.550	0.550	0.000	-0.14758840
1.650	0.550	0.000	-0.14644654
1.750	0.550	0.000	-0.14536202
1.850	0.550	0.000	-0.14438342
1.950	0.550	0.000	-0.14349042
2.050	0.550	0.000	-0.14265922
2.150	0.550	0.000	-0.14184101
2.250	0.550	0.000	-0.14096734
2.350	0.550	0.000	-0.14025053
2.450	0.550	0.000	-0.13846815
-2.450	0.650	0.000	-0.16141282
-2.350	0.650	0.000	-0.16153535
-2.250	0.650	0.000	-0.16126728
-2.150	0.650	0.000	-0.16153120
-2.050	0.650	0.000	-0.16184483
-1.950	0.650	0.000	-0.16221742
-1.850	0.650	0.000	-0.16270246
-1.750	0.650	0.000	-0.16328302
-1.650	0.650	0.000	-0.16404121
-1.550	0.650	0.000	-0.16489993
-1.450	0.650	0.000	-0.16577385
-1.350	0.650	0.000	-0.16655052
-1.250	0.650	0.000	-0.16686216
-1.150	0.650	0.000	-0.16708693
-1.050	0.650	0.000	-0.16750892
-0.950	0.650	0.000	-0.16832745
-0.850	0.650	0.000	-0.16965668
-0.750	0.650	0.000	-0.17135246
-0.650	0.650	0.000	-0.17305736
-0.550	0.650	0.000	-0.17325135
-0.450	0.650	0.000	-0.17301328
-0.350	0.650	0.000	-0.17197898
-0.250	0.650	0.000	-0.17033899
-0.150	0.650	0.000	-0.16844521
-0.050	0.650	0.000	-0.16661188
0.050	0.650	0.000	-0.16502191
0.150	0.650	0.000	-0.16350210
0.250	0.650	0.000	-0.16180654
0.350	0.650	0.000	-0.15994957
0.450	0.650	0.000	-0.15813284
0.550	0.650	0.000	-0.15655647
0.650	0.650	0.000	-0.15535174
0.750	0.650	0.000	-0.15451159
0.850	0.650	0.000	-0.15385847
0.950	0.650	0.000	-0.15322633
1.050	0.650	0.000	-0.15266339
1.150	0.650	0.000	-0.15197839
1.250	0.650	0.000	-0.15112361
1.350	0.650	0.000	-0.15011723
1.450	0.650	0.000	-0.14896978
1.550	0.650	0.000	-0.14777182
1.650	0.650	0.000	-0.14655696
1.750	0.650	0.000	-0.14536050
1.850	0.650	0.000	-0.14424022
1.950	0.650	0.000	-0.14316273
2.050	0.650	0.000	-0.14220083
2.150	0.650	0.000	-0.14132589
2.250	0.650	0.000	-0.14039552
2.350	0.650	0.000	-0.13967966
2.450	0.650	0.000	-0.13797288
-2.450	0.750	0.000	-0.16164546
-2.350	0.750	0.000	-0.16176367
-2.250	0.750	0.000	-0.16162348
-2.150	0.750	0.000	-0.16189857
-2.050	0.750	0.000	-0.16225141
-1.950	0.750	0.000	-0.16262813
-1.850	0.750	0.000	-0.16310935
-1.750	0.750	0.000	-0.16365840
-1.650	0.750	0.000	-0.16435221
-1.550	0.750	0.000	-0.16513394
-1.450	0.750	0.000	-0.16587669
-1.350	0.750	0.000	-0.16645271
-1.250	0.750	0.000	-0.16660628
-1.150	0.750	0.000	-0.16649583
-1.050	0.750	0.000	-0.16684565
-0.950	0.750	0.000	-0.16758966
-0.850	0.750	0.000	-0.16895740
-0.750	0.750	0.000	-0.17077336
-0.650	0.750	0.000	-0.17266339
-0.550	0.750	0.000	-0.17294224
-0.450	0.750	0.000	-0.17274179
-0.350	0.750	0.000	-0.17171705
-0.250	0.750	0.000	-0.16992888
-0.150	0.750	0.000	-0.16786623
-0.050	0.750	0.000	-0.16596915
0.050	0.750	0.000	-0.16433880
0.150	0.750	0.000	-0.16273373
0.250	0.750	0.000	-0.16101635
0.350	0.750	0.000	-0.15916745
0.450	0.750	0.000	-0.15735103
0.550	0.750	0.000	-0.15577026
0.650	0.750	0.000	-0.15455025
0.750	0.750	0.000	-0.15370750
0.850	0.750	0.000	-0.15320145
0.950	0.750	0.000	-0.15274492
1.050	0.750	0.000	-0.15229249
1.150	0.750	0.000	-0.15176675
1.250	0.750	0.000	-0.15108906
1.350	0.750	0.000	-0.15025827
1.450	0.750	0.000	-0.14927708
1.550	0.750	0.000	-0.14817315
1.650	0.750	0.000	-0.14696133
1.750	0.750	0.000	-0.14568084
1.850	0.750	0.000	-0.14443167
1.950	0.750	0.000	-0.14323674
2.050	0.750	0.000	-0.14211594
2.150	0.750	0.000	-0.14113435
2.250	0.750	0.000	-0.14014949
2.350	0.750	0.000	-0.13943626
2.450	0.750	0.000	-0.13778967
-2.450	0.850	0.000	-0.16252576
-2.350	0.850	0.000	-0.16270885
-2.250	0.850	0.000	-0.16268642
-2.150	0.850	0.000	-0.16297697
-2.050	0.850	0.000	-0.16335653
-1.950	0.850	0.000	-0.16371962
-1.850	0.850	0.000	-0.16416769
-1.750	0.850	0.000	-0.16468684
-1.650	0.850	0.000	-0.16536576
-1.550	0.850	0.000	-0.16613019
-1.450	0.850	0.000	-0.16675317
-1.350	0.850	0.000	-0.16702294
-1.250	0.850	0.000	-0.16692689
-1.150	0.850	0.000	-0.16648285
-1.050	0.850	0.000	-0.16662197
-0.950	0.850	0.000	-0.16719551
-0.850	0.850	0.000	-0.16852139
-0.750	0.850	0.000	-0.17050304
-0.650	0.850	0.000	-0.17257893
-0.550	0.850	0.000	-0.17298743
-0.450	0.850	0.000	-0.17286430
-0.350	0.850	0.000	-0.17190659
-0.250	0.850	0.000	-0.17008080
-0.150	0.850	0.000	-0.16786534
-0.050	0.850	0.000	-0.16585383
0.050	0.850	0.000	-0.16399361
0.150	0.850	0.000	-0.16224398
0.250	0.850	0.000	-0.16044174
0.350	0.850	0.000	-0.15850213
0.450	0.850	0.000	-0.15659939
0.550	0.850	0.000	-0.15497926
0.650	0.850	0.000	-0.15377729
0.750	0.850	0.000	-0.15302749
0.850	0.850	0.000	-0.15265809
0.950	0.850	0.000	-0.15241791
1.050	0.850	0.000	-0.15206118
1.150	0.850	0.000	-0.15167838
1.250	0.850	0.000	-0.15117820
1.350	0.850	0.000	-0.15053952
1.450	0.850	0.000	-0.14979930
1.550	0.850	0.000	-0.14883967
1.650	0.850	0.000	-0.14771540
1.750	0.850	0.000	-0.14647430
1.850	0.850	0.000	-0.14512734
1.950	0.850	0.000	-0.14382850
2.050	0.850	0.000	-0.14259054
2.150	0.850	0.000	-0.14147432
2.250	0.850	0.000	-0.14037627
2.350	0.850	0.000	-0.13962702
2.450	0.850	0.000	-0.13801536
-2.450	0.950	0.000	-0.16373034
-2.350	0.950	0.000	-0.16401334
-2.250	0.950	0.000	-0.16408999
-2.150	0.950	0.000	-0.16437210
-2.050	0.950	0.000	-0.16477838
-1.950	0.950	0.000	-0.16516441
-1.850	0.950	0.000	-0.16562730
-1.750	0.950	0.000	-0.16615826
-1.650	0.950	0.000	-0.16684006
-1.550	0.950	0.000	-0.16760522
-1.450	0.950	0.000	-0.16812913
-1.350	0.950	0.000	-0.16819252
-1.250	0.950	0.000	-0.16789925
-1.150	0.950	0.000	-0.16717584
-1.050	0.950	0.000	-0.16698061
-0.950	0.950	0.000	-0.16744049
-0.850	0.950	0.000	-0.16861819
-0.750	0.950	0.000	-0.17055289
-0.650	0.950	0.000	-0.17266542
-0.550	0.950	0.000	-0.17320995
-0.450	0.950	0.000	-0.17322977
-0.350	0.950	0.000	-0.17240837
-0.250	0.950	0.000	-0.17065218
-0.150	0.950	0.000	-0.16834800
-0.050	0.950	0.000	-0.16616498
0.050	0.950	0.000	-0.16424488
0.150	0.950	0.000	-0.16232002
0.250	0.950	0.000	-0.16030265
0.350	0.950	0.000	-0.15820909
0.450	0.950	0.000	-0.15616380
0.550	0.950	0.000	-0.15443449
0.650	0.950	0.000	-0.15319984
0.750	0.950	0.000	-0.15254003
0.850	0.950	0.000	-0.15230678
0.950	0.950	0.000	-0.15220410
1.050	0.950	0.000	-0.15203919
1.150	0.950	0.000	-0.15179306
1.250	0.950	0.000	-0.15146331
1.350	0.950	0.000	-0.15105975
1.450	0.950	0.000	-0.15054189
1.550	0.950	0.000	-0.14979431
1.650	0.950	0.000	-0.14883833
1.750	0.950	0.000	-0.14764391
1.850	0.950	0.000	-0.14626668
1.950	0.950	0.000	-0.14485052
2.050	0.950	0.000	-0.14341901
2.150	0.950	0.000	-0.14211766
2.250	0.950	0.000	-0.14092399
2.350	0.950	0.000	-0.14014491
2.450	0.950	0.000	-0.13857561
-2.450	1.050	0.000	-0.16487129
-2.350	1.050	0.000	-0.16523026
-2.250	1.050	0.000	-0.16539982
-2.150	1.050	0.000	-0.16575879
-2.050	1.050	0.000	-0.16621462
-1.950	1.050	0.000	-0.16666116
-1.850	1.050	0.000	-0.16716342
-1.750	1.050	0.000	-0.16772899
-1.650	1.050	0.000	-0.16842960
-1.550	1.050	0.000	-0.16922429
-1.450	1.050	0.000	-0.16960697
-1.350	1.050	0.000	-0.16954392
-1.250	1.050	0.000	-0.16901837
-1.150	1.050	0.000	-0.16807428
-1.050	1.050	0.000	-0.16759607
-0.950	1.050	0.000	-0.16789277
-0.850	1.050	0.000	-0.16884172
-0.750	1.050	0.000	-0.17068692
-0.650	1.050	0.000	-0.17278223
-0.550	1.050	0.000	-0.17342785
-0.450	1.050	0.000	-0.17356163
-0.350	1.050	0.000	-0.17291480
-0.250	1.050	0.000	-0.17126618
-0.150	1.050	0.000	-0.16907142
-0.050	1.050	0.000	-0.16677813
0.050	1.050	0.000	-0.16470958
0.150	1.050	0.000	-0.16268314
0.250	1.050	0.000	-0.16056444
0.350	1.050	0.000	-0.15833889
0.450	1.050	0.000	-0.15619092
0.550	1.050	0.000	-0.15436947
0.650	1.050	0.000	-0.15306111
0.750	1.050	0.000	-0.15237188
0.850	1.050	0.000	-0.15214455
0.950	1.050	0.000	-0.15209495
1.050	1.050	0.000	-0.15207322
1.150	1.050	0.000	-0.15197769
1.250	1.050	0.000	-0.15184635
1.350	1.050	0.000	-0.15170848
1.450	1.050	0.000	-0.15144606
1.550	1.050	0.000	-0.15096293
1.650	1.050	0.000	-0.15015893
1.750	1.050	0.000	-0.14900784
1.850	1.050	0.000	-0.14759156
1.950	1.050	0.000	-0.14602879
2.050	1.050	0.000	-0.14445122
2.150	1.050	0.000	-0.14297719
2.250	1.050	0.000	-0.14165092
2.350	1.050	0.000	-0.14077887
2.450	1.050	0.000	-0.13920255
-2.450	1.150	0.000	-0.16546558
-2.350	1.150	0.000	-0.16590568
-2.250	1.150	0.000	-0.16615072
-2.150	1.150	0.000	-0.16662385
-2.050	1.150	0.000	-0.16720250
-1.950	1.150	0.000	-0.16779207
-1.850	1.150	0.000	-0.16842161
-1.750	1.150	0.000	-0.16909239
-1.650	1.150	0.000	-0.16984731
-1.550	1.150	0.000	-0.17070766
-1.450	1.150	0.000	-0.17095022
-1.350	1.150	0.000	-0.17082119
-1.250	1.150	0.000	-0.17011769
-1.150	1.150	0.000	-0.16900668
-1.050	1.150	0.000	-0.16835697
-0.950	1.150	0.000	-0.16854402
-0.850	1.150	0.000	-0.16932087
-0.750	1.150	0.000	-0.17104934
-0.650	1.150	0.000	-0.17308992
-0.550	1.150	0.000	-0.17381631
-0.450	1.150	0.000	-0.17399794
-0.350	1.150	0.000	-0.17344983
-0.250	1.150	0.000	-0.17185304
-0.150	1.150	0.000	-0.16971503
-0.050	1.150	0.000	-0.16741759
0.050	1.150	0.000	-0.16528854
0.150	1.150	0.000	-0.16326623
0.250	1.150	0.000	-0.16109593
0.350	1.150	0.000	-0.15882780
0.450	1.150	0.000	-0.15663518
0.550	1.150	0.000	-0.15474828
0.650	1.150	0.000	-0.15334825
0.750	1.150	0.000	-0.15257080
0.850	1.150	0.000	-0.15231852
0.950	1.150	0.000	-0.15224361
1.050	1.150	0.000	-0.15221876
1.150	1.150	0.000	-0.15223692
1.250	1.150	0.000	-0.15230148
1.350	1.150	0.000	-0.15238166
1.450	1.150	0.000	-0.15236335
1.550	1.150	0.000	-0.15206583
1.650	1.150	0.000	-0.15134782
1.750	1.150	0.000	-0.15019487
1.850	1.150	0.000	-0.14870584
1.950	1.150	0.000	-0.14700717
2.050	1.150	0.000	-0.14528881
2.150	1.150	0.000	-0.14365184
2.250	1.150	0.000	-0.14221165
2.350	1.150	0.000	-0.14124268
2.450	1.150	0.000	-0.13969363
-2.450	1.250	0.000	-0.16573447
-2.350	1.250	0.000	-0.16609514
-2.250	1.250	0.000	-0.16630106
-2.150	1.250	0.000	-0.16682789
-2.050	1.250	0.000	-0.16749144
-1.950	1.250	0.000	-0.16826180
-1.850	1.250	0.000	-0.16912310
-1.750	1.250	0.000	-0.17001422
-1.650	1.250	0.000	-0.17088640
-1.550	1.250	0.000	-0.17180716
-1.450	1.250	0.000	-0.17193802
-1.350	1.250	0.000	-0.17173710
-1.250	1.250	0.000	-0.17086072
-1.150	1.250	0.000	-0.16957371
-1.050	1.250	0.000	-0.16882244
-0.950	1.250	0.000	-0.16895467
-0.850	1.250	0.000	-0.16965503
-0.750	1.250	0.000	-0.17135885
-0.650	1.250	0.000	-0.17339069
-0.550	1.250	0.000	-0.17420520
-0.450	1.250	0.000	-0.17440987
-0.350	1.250	0.000	-0.17390668
-0.250	1.250	0.000	-0.17233628
-0.150	1.250	0.000	-0.17020081
-0.050	1.250	0.000	-0.16793461
0.050	1.250	0.000	-0.16577969
0.150	1.250	0.000	-0.16373913
0.250	1.250	0.000	-0.16156228
0.350	1.250	0.000	-0.15928635
0.450	1.250	0.000	-0.15710729
0.550	1.250	0.000	-0.15523054
0.650	1.250	0.000	-0.15380408
0.750	1.250	0.000	-0.15295634
0.850	1.250	0.000	-0.15262078
0.950	1.250	0.000	-0.15251052
1.050	1.250	0.000	-0.15251559
1.150	1.250	0.000	-0.15259662
1.250	1.250	0.000	-0.15278926
1.350	1.250	0.000	-0.15299714
1.450	1.250	0.000	-0.15311024
1.550	1.250	0.000	-0.15292172
1.650	1.250	0.000	-0.15220107
1.750	1.250	0.000	-0.15099266
1.850	1.250	0.000	-0.14940003
1.950	1.250	0.000	-0.14757249
2.050	1.250	0.000	-0.14573584
2.150	1.250	0.000	-0.14399971
2.250	1.250	0.000	-0.14251371
2.350	1.250	0.000	-0.14148551
2.450	1.250	0.000	-0.13996366
-2.450	1.350	0.000	-0.16573089
-2.350	1.350	0.000	-0.16591364
-2.250	1.350	0.000	-0.16601643
-2.150	1.350	0.000	-0.16655457
-2.050	1.350	0.000	-0.16726881
-1.950	1.350	0.000	-0.16818501
-1.850	1.350	0.000	-0.16927800
-1.750	1.350	0.000	-0.17040037
-1.650	1.350	0.000	-0.17142825
-1.550	1.350	0.000	-0.17240633
-1.450	1.350	0.000	-0.17247534
-1.350	1.350	0.000	-0.17219816
-1.250	1.350	0.000	-0.17118981
-1.150	1.350	0.000	-0.16980496
-1.050	1.350	0.000	-0.16897334
-0.950	1.350	0.000	-0.16909790
-0.850	1.350	0.000	-0.16977690
-0.750	1.350	0.000	-0.17154752
-0.650	1.350	0.000	-0.17359154
-0.550	1.350	0.000	-0.17445275
-0.450	1.350	0.000	-0.17468788
-0.350	1.350	0.000	-0.17421757
-0.250	1.350	0.000	-0.17268626
-0.150	1.350	0.000	-0.17059493
-0.050	1.350	0.000	-0.16835465
0.050	1.350	0.000	-0.16627491
0.150	1.350	0.000	-0.16419551
0.250	1.350	0.000	-0.16202737
0.350	1.350	0.000	-0.15978388
0.450	1.350	0.000	-0.15762722
0.550	1.350	0.000	-0.15577528
0.650	1.350	0.000	-0.15438056
0.750	1.350	0.000	-0.15352792
0.850	1.350	0.000	-0.15321468
0.950	1.350	0.000	-0.15304278
1.050	1.350	0.000	-0.15299681
1.150	1.350	0.000	-0.15304732
1.250	1.350	0.000	-0.15323140
1.350	1.350	0.000	-0.15346737
1.450	1.350	0.000	-0.15359841
1.550	1.350	0.000	-0.15337816
1.650	1.350	0.000	-0.15260150
1.750	1.350	0.000	-0.15135550
1.850	1.350	0.000	-0.14970058
1.950	1.350	0.000	-0.14778249
2.050	1.350	0.000	-0.14586742
2.150	1.350	0.000	-0.14407350
2.250	1.350	0.000	-0.14255580
2.350	1.350	0.000	-0.14147729
2.450	1.350	0.000	-0.14001045
-2.450	1.450	0.000	-0.16563454
-2.350	1.450	0.000	-0.16564159
-2.250	1.450	0.000	-0.16553272
-2.150	1.450	0.000	-0.16589320
-2.050	1.450	0.000	-0.16661812
-1.950	1.450	0.000	-0.16767482
-1.850	1.450	0.000	-0.16901082
-1.750	1.450	0.000	-0.17037092
-1.650	1.450	0.000	-0.17154390
-1.550	1.450	0.000	-0.17260176
-1.450	1.450	0.000	-0.17269108
-1.350	1.450	0.000	-0.17237435
-1.250	1.450	0.000	-0.17124234
-1.150	1.450	0.000	-0.16984366
-1.050	1.450	0.000	-0.16893893
-0.950	1.450	0.000	-0.16902216
-0.850	1.450	0.000	-0.16974756
-0.750	1.450	0.000	-0.17156275
-0.650	1.450	0.000	-0.17355712
-0.550	1.450	0.000	-0.17440142
-0.450	1.450	0.000	-0.17468271
-0.350	1.450	0.000	-0.17427090
-0.250	1.450	0.000	-0.17279989
-0.150	1.450	0.000	-0.17076761
-0.050	1.450	0.000	-0.16859961
0.050	1.450	0.000	-0.16656095
0.150	1.450	0.000	-0.16443962
0.250	1.450	0.000	-0.16224489
0.350	1.450	0.000	-0.15999149
0.450	1.450	0.000	-0.15785757
0.550	1.450	0.000	-0.15611176
0.650	1.450	0.000	-0.15483624
0.750	1.450	0.000	-0.15407203
0.850	1.450	0.000	-0.15382832
0.950	1.450	0.000	-0.15370816
1.050	1.450	0.000	-0.15364499
1.150	1.450	0.000	-0.15367332
1.250	1.450	0.000	-0.15378244
1.350	1.450	0.000	-0.15394717
1.450	1.450	0.000	-0.15397406
1.550	1.450	0.000	-0.15357254
1.650	1.450	0.000	-0.15267108
1.750	1.450	0.000	-0.15132968
1.850	1.450	0.000	-0.14959545
1.950	1.450	0.000	-0.14763613
2.050	1.450	0.000	-0.14568482
2.150	1.450	0.000	-0.14385056
2.250	1.450	0.000	-0.14234085
2.350	1.450	0.000	-0.14124389
2.450	1.450	0.000	-0.13989533
-2.450	1.550	0.000	-0.16589767
-2.350	1.550	0.000	-0.16575480
-2.250	1.550	0.000	-0.16540188
-2.150	1.550	0.000	-0.16544585
-2.050	1.550	0.000	-0.16610543
-1.950	1.550	0.000	-0.16711004
-1.850	1.550	0.000	-0.16846222
-1.750	1.550	0.000	-0.16995418
-1.650	1.550	0.000	-0.17128730
-1.550	1.550	0.000	-0.17248248
-1.450	1.550	0.000	-0.17265455
-1.350	1.550	0.000	-0.17236741
-1.250	1.550	0.000	-0.17121296
-1.150	1.550	0.000	-0.16987111
-1.050	1.550	0.000	-0.16892463
-0.950	1.550	0.000	-0.16891669
-0.850	1.550	0.000	-0.16955024
-0.750	1.550	0.000	-0.17127568
-0.650	1.550	0.000	-0.17316645
-0.550	1.550	0.000	-0.17387748
-0.450	1.550	0.000	-0.17422886
-0.350	1.550	0.000	-0.17395836
-0.250	1.550	0.000	-0.17267248
-0.150	1.550	0.000	-0.17080544
-0.050	1.550	0.000	-0.16875626
0.050	1.550	0.000	-0.16670369
0.150	1.550	0.000	-0.16455762
0.250	1.550	0.000	-0.16230494
0.350	1.550	0.000	-0.15999570
0.450	1.550	0.000	-0.15784433
0.550	1.550	0.000	-0.15615144
0.650	1.550	0.000	-0.15497345
0.750	1.550	0.000	-0.15431304
0.850	1.550	0.000	-0.15423533
0.950	1.550	0.000	-0.15421993
1.050	1.550	0.000	-0.15423657
1.150	1.550	0.000	-0.15429766
1.250	1.550	0.000	-0.15436614
1.350	1.550	0.000	-0.15439735
1.450	1.550	0.000	-0.15420270
1.550	1.550	0.000	-0.15359160
1.650	1.550	0.000	-0.15253843
1.750	1.550	0.000	-0.15103437
1.850	1.550	0.000	-0.14917193
1.950	1.550	0.000	-0.14719218
2.050	1.550	0.000	-0.14528421
2.150	1.550	0.000	-0.14351918
2.250	1.550	0.000	-0.14206186
2.350	1.550	0.000	-0.14098403
2.450	1.550	0.000	-0.13965912
-2.450	1.650	0.000	-0.16675012
-2.350	1.650	0.000	-0.16649458
-2.250	1.650	0.000	-0.16587918
-2.150	1.650	0.000	-0.16556922
-2.050	1.650	0.000	-0.16589731
-1.950	1.650	0.000	-0.16674747
-1.850	1.650	0.000	-0.16806014
-1.750	1.650	0.000	-0.16953185
-1.650	1.650	0.000	-0.17088723
-1.550	1.650	0.000	-0.17214350
-1.450	1.650	0.000	-0.17241527
-1.350	1.650	0.000	-0.17223154
-1.250	1.650	0.000	-0.17117356
-1.150	1.650	0.000	-0.16990611
-1.050	1.650	0.000	-0.16899239
-0.950	1.650	0.000	-0.16882993
-0.850	1.650	0.000	-0.16924080
-0.750	1.650	0.000	-0.17080311
-0.650	1.650	0.000	-0.17256205
-0.550	1.650	0.000	-0.17316215
-0.450	1.650	0.000	-0.17354217
-0.350	1.650	0.000	-0.17338639
-0.250	1.650	0.000	-0.17229350
-0.150	1.650	0.000	-0.17061479
-0.050	1.650	0.000	-0.16872509
0.050	1.650	0.000	-0.16672280
0.150	1.650	0.000	-0.16458553
0.250	1.650	0.000	-0.16229399
0.350	1.650	0.000	-0.15990399
0.450	1.650	0.000	-0.15769264
0.550	1.650	0.000	-0.15596969
0.650	1.650	0.000	-0.15483581
0.750	1.650	0.000	-0.15426694
0.850	1.650	0.000	-0.15427604
0.950	1.650	0.000	-0.15435970
1.050	1.650	0.000	-0.15448552
1.150	1.650	0.000	-0.15463020
1.250	1.650	0.000	-0.15470630
1.350	1.650	0.000	-0.15463264
1.450	1.650	0.000	-0.15428118
1.550	1.650	0.000	-0.15351459
1.650	1.650	0.000	-0.15231875
1.750	1.650	0.000	-0.15074076
1.850	1.650	0.000	-0.14884533
1.950	1.650	0.000	-0.14687052
2.050	1.650	0.000	-0.14497150
2.150	1.650	0.000	-0.14323981
2.250	1.650	0.000	-0.14180546
2.350	1.650	0.000	-0.14075319
2.450	1.650	0.000	-0.13942362
-2.450	1.750	0.000	-0.16791847
-2.350	1.750	0.000	-0.16765013
-2.250	1.750	0.000	-0.16695955
-2.150	1.750	0.000	-0.16631268
-2.050	1.750	0.000	-0.16629259
-1.950	1.750	0.000	-0.16688809
-1.850	1.750	0.000	-0.16794404
-1.750	1.750	0.000	-0.16927195
-1.650	1.750	0.000	-0.17055207
-1.550	1.750	0.000	-0.17172742
-1.450	1.750	0.000	-0.17211545
-1.350	1.750	0.000	-0.17207463
-1.250	1.750	0.000	-0.17120300
-1.150	1.750	0.000	-0.17005220
-1.050	1.750	0.000	-0.16924095
-0.950	1.750	0.000	-0.16901544
-0.850	1.750	0.000	-0.16918413
-0.750	1.750	0.000	-0.17044063
-0.650	1.750	0.000	-0.17190035
-0.550	1.750	0.000	-0.17240439
-0.450	1.750	0.000	-0.17271291
-0.350	1.750	0.000	-0.17253189
-0.250	1.750	0.000	-0.17153548
-0.150	1.750	0.000	-0.17001039
-0.050	1.750	0.000	-0.16834685
0.050	1.750	0.000	-0.16648540
0.150	1.750	0.000	-0.16449903
0.250	1.750	0.000	-0.16227642
0.350	1.750	0.000	-0.15989977
0.450	1.750	0.000	-0.15764816
0.550	1.750	0.000	-0.15584022
0.650	1.750	0.000	-0.15463914
0.750	1.750	0.000	-0.15401727
0.850	1.750	0.000	-0.15401509
0.950	1.750	0.000	-0.15416943
1.050	1.750	0.000	-0.15440711
1.150	1.750	0.000	-0.15468183
1.250	1.750	0.000	-0.15479657
1.350	1.750	0.000	-0.15469959
1.450	1.750	0.000	-0.15429012
1.550	1.750	0.000	-0.15346527
1.650	1.750	0.000	-0.15220973
1.750	1.750	0.000	-0.15055963
1.850	1.750	0.000	-0.14861672
1.950	1.750	0.000	-0.14665034
2.050	1.750	0.000	-0.14478780
2.150	1.750	0.000	-0.14312977
2.250	1.750	0.000	-0.14174542
2.350	1.750	0.000	-0.14073682
2.450	1.750	0.000	-0.13936475
-2.450	1.850	0.000	-0.16915725
-2.350	1.850	0.000	-0.16892473
-2.250	1.850	0.000	-0.16827272
-2.150	1.850	0.000	-0.16743685
-2.050	1.850	0.000	-0.16714725
-1.950	1.850	0.000	-0.16748339
-1.850	1.850	0.000	-0.16820997
-1.750	1.850	0.000	-0.16921510
-1.650	1.850	0.000	-0.17030531
-1.550	1.850	0.000	-0.17135386
-1.450	1.850	0.000	-0.17180763
-1.350	1.850	0.000	-0.17186782
-1.250	1.850	0.000	-0.17112468
-1.150	1.850	0.000	-0.17002887
-1.050	1.850	0.000	-0.16941342
-0.950	1.850	0.000	-0.16928671
-0.850	1.850	0.000	-0.16944629
-0.750	1.850	0.000	-0.17053331
-0.650	1.850	0.000	-0.17171863
-0.550	1.850	0.000	-0.17208150
-0.450	1.850	0.000	-0.17220125
-0.350	1.850	0.000	-0.17188546
-0.250	1.850	0.000	-0.17080936
-0.150	1.850	0.000	-0.16934109
-0.050	1.850	0.000	-0.16785042
0.050	1.850	0.000	-0.16622578
0.150	1.850	0.000	-0.16447026
0.250	1.850	0.000	-0.16240193
0.350	1.850	0.000	-0.16010407
0.450	1.850	0.000	-0.15784313
0.550	1.850	0.000	-0.15590622
0.650	1.850	0.000	-0.15454224
0.750	1.850	0.000	-0.15383559
0.850	1.850	0.000	-0.15367536
0.950	1.850	0.000	-0.15384968
1.050	1.850	0.000	-0.15413217
1.150	1.850	0.000	-0.15445222
1.250	1.850	0.000	-0.15461566
1.350	1.850	0.000	-0.15458447
1.450	1.850	0.000	-0.15424159
1.550	1.850	0.000	-0.15345360
1.650	1.850	0.000	-0.15221347
1.750	1.850	0.000	-0.15055935
1.850	1.850	0.000	-0.14862524
1.950	1.850	0.000	-0.14668864
2.050	1.850	0.000	-0.14487164
2.150	1.850	0.000	-0.14328749
2.250	1.850	0.000	-0.14194359
2.350	1.850	0.000	-0.14097968
2.450	1.850	0.000	-0.13956302
-2.450	1.950	0.000	-0.17024159
-2.350	1.950	0.000	-0.17010820
-2.250	1.950	0.000	-0.16958076
-2.150	1.950	0.000	-0.16864710
-2.050	1.950	0.000	-0.16824974
-1.950	1.950	0.000	-0.16834171
-1.850	1.950	0.000	-0.16868569
-1.750	1.950	0.000	-0.16933905
-1.650	1.950	0.000	-0.17015107
-1.550	1.950	0.000	-0.17093921
-1.450	1.950	0.000	-0.17131335
-1.350	1.950	0.000	-0.17135078
-1.250	1.950	0.000	-0.17068130
-1.150	1.950	0.000	-0.16975550
-1.050	1.950	0.000	-0.16941127
-0.950	1.950	0.000	-0.16941623
-0.850	1.950	0.000	-0.16988294
-0.750	1.950	0.000	-0.17105135
-0.650	1.950	0.000	-0.17225839
-0.550	1.950	0.000	-0.17240177
-0.450	1.950	0.000	-0.17232253
-0.350	1.950	0.000	-0.17166293
-0.250	1.950	0.000	-0.17039326
-0.150	1.950	0.000	-0.16882296
-0.050	1.950	0.000	-0.16730000
0.050	1.950	0.000	-0.16583209
0.150	1.950	0.000	-0.16425639
0.250	1.950	0.000	-0.16237314
0.350	1.950	0.000	-0.16023131
0.450	1.950	0.000	-0.15804330
0.550	1.950	0.000	-0.15608868
0.650	1.950	0.000	-0.15464754
0.750	1.950	0.000	-0.15386245
0.850	1.950	0.000	-0.15357009
0.950	1.950	0.000	-0.15365791
1.050	1.950	0.000	-0.15387918
1.150	1.950	0.000	-0.15415104
1.250	1.950	0.000	-0.15433563
1.350	1.950	0.000	-0.15437733
1.450	1.950	0.000	-0.15415555
1.550	1.950	0.000	-0.15351741
1.650	1.950	0.000	-0.15238000
1.750	1.950	0.000	-0.15075734
1.850	1.950	0.000	-0.14884238
1.950	1.950	0.000	-0.14693487
2.050	1.950	0.000	-0.14517611
2.150	1.950	0.000	-0.14368726
2.250	1.950	0.000	-0.14241710
2.350	1.950	0.000	-0.14148559
2.450	1.950	0.000	-0.14004619
-2.450	2.050	0.000	-0.17081501
-2.350	2.050	0.000	-0.17081988
-2.250	2.050	0.000	-0.17044926
-2.150	2.050	0.000	-0.16965094
-2.050	2.050	0.000	-0.16923116
-1.950	2.050	0.000	-0.16905282
-1.850	2.050	0.000	-0.16912757
-1.750	2.050	0.000	-0.16943023
-1.650	2.050	0.000	-0.16988635
-1.550	2.050	0.000	-0.17034142
-1.450	2.050	0.000	-0.17057014
-1.350	2.050	0.000	-0.17047843
-1.250	2.050	0.000	-0.16984394
-1.150	2.050	0.000	-0.16907707
-1.050	2.050	0.000	-0.16914023
-0.950	2.050	0.000	-0.16942076
-0.850	2.050	0.000	-0.17025240
-0.750	2.050	0.000	-0.17160951
-0.650	2.050	0.000	-0.17301731
-0.550	2.050	0.000	-0.17307478
-0.450	2.050	0.000	-0.17283072
-0.350	2.050	0.000	-0.17196855
-0.250	2.050	0.000	-0.17049140
-0.150	2.050	0.000	-0.16874677
-0.050	2.050	0.000	-0.16704573
0.050	2.050	0.000	-0.16553518
0.150	2.050	0.000	-0.16399308
0.250	2.050	0.000	-0.16222793
0.350	2.050	0.000	-0.16024663
0.450	2.050	0.000	-0.15817519
0.550	2.050	0.000	-0.15628715
0.650	2.050	0.000	-0.15489762
0.750	2.050	0.000	-0.15412843
0.850	2.050	0.000	-0.15377931
0.950	2.050	0.000	-0.15367396
1.050	2.050	0.000	-0.15375693
1.150	2.050	0.000	-0.15390542
1.250	2.050	0.000	-0.15400945
1.350	2.050	0.000	-0.15406011
1.450	2.050	0.000	-0.15394208
1.550	2.050	0.000	-0.15345256
1.650	2.050	0.000	-0.15246557
1.750	2.050	0.000	-0.15098193
1.850	2.050	0.000	-0.14918002
1.950	2.050	0.000	-0.14733198
2.050	2.050	0.000	-0.14563690
2.150	2.050	0.000	-0.14421095
2.250	2.050	0.000	-0.14296442
2.350	2.050	0.000	-0.14201325
2.450	2.050	0.000	-0.14046608
-2.450	2.150	0.000	-0.17073797
-2.350	2.150	0.000	-0.17086247
-2.250	2.150	0.000	-0.17069927
-2.150	2.150	0.000	-0.17025706
-2.050	2.150	0.000	-0.16990915
-1.950	2.150	0.000	-0.16952583
-1.850	2.150	0.000	-0.16941866
-1.750	2.150	0.000	-0.16948502
-1.650	2.150	0.000	-0.16969711
-1.550	2.150	0.000	-0.16983399
-1.450	2.150	0.000	-0.16984022
-1.350	2.150	0.000	-0.16949955
-1.250	2.150	0.000	-0.16883723
-1.150	2.150	0.000	-0.16811627
-1.050	2.150	0.000	-0.16841556
-0.950	2.150	0.000	-0.16903271
-0.850	2.150	0.000	-0.17025031
-0.750	2.150	0.000	-0.17193152
-0.650	2.150	0.000	-0.17352003
-0.550	2.150	0.000	-0.17362174
-0.450	2.150	0.000	-0.17332411
-0.350	2.150	0.000	-0.17236565
-0.250	2.150	0.000	-0.17072614
-0.150	2.150	0.000	-0.16880967
-0.050	2.150	0.000	-0.16699010
0.050	2.150	0.000	-0.16532852
0.150	2.150	0.000	-0.16370977
0.250	2.150	0.000	-0.16195515
0.350	2.150	0.000	-0.16005415
0.450	2.150	0.000	-0.15815118
0.550	2.150	0.000	-0.15645036
0.650	2.150	0.000	-0.15519018
0.750	2.150	0.000	-0.15446460
0.850	2.150	0.000	-0.15410151
0.950	2.150	0.000	-0.15392400
1.050	2.150	0.000	-0.15382485
1.150	2.150	0.000	-0.15380050
1.250	2.150	0.000	-0.15380128
1.350	2.150	0.000	-0.15379691
1.450	2.150	0.000	-0.15370837
1.550	2.150	0.000	-0.15332168
1.650	2.150	0.000	-0.15244348
1.750	2.150	0.000	-0.15109336
1.850	2.150	0.000	-0.14943007
1.950	2.150	0.000	-0.14767194
2.050	2.150	0.000	-0.14604510
2.150	2.150	0.000	-0.14466271
2.250	2.150	0.000	-0.14341681
2.350	2.150	0.000	-0.14244385
2.450	2.150	0.000	-0.14075702
-2.450	2.250	0.000	-0.17052475
-2.350	2.250	0.000	-0.17076239
-2.250	2.250	0.000	-0.17071731
-2.150	2.250	0.000	-0.17050050
-2.050	2.250	0.000	-0.17025337
-1.950	2.250	0.000	-0.16985835
-1.850	2.250	0.000	-0.16969085
-1.750	2.250	0.000	-0.16961500
-1.650	2.250	0.000	-0.16953647
-1.550	2.250	0.000	-0.16942631
-1.450	2.250	0.000	-0.16917549
-1.350	2.250	0.000	-0.16865277
-1.250	2.250	0.000	-0.16788100
-1.150	2.250	0.000	-0.16708539
-1.050	2.250	0.000	-0.16742331
-0.950	2.250	0.000	-0.16822003
-0.850	2.250	0.000	-0.16968079
-0.750	2.250	0.000	-0.17162253
-0.650	2.250	0.000	-0.17352301
-0.550	2.250	0.000	-0.17414653
-0.450	2.250	0.000	-0.17392842
-0.350	2.250	0.000	-0.17299639
-0.250	2.250	0.000	-0.17121699
-0.150	2.250	0.000	-0.16908772
-0.050	2.250	0.000	-0.16705450
0.050	2.250	0.000	-0.16515292
0.150	2.250	0.000	-0.16340287
0.250	2.250	0.000	-0.16155398
0.350	2.250	0.000	-0.15960157
0.450	2.250	0.000	-0.15772185
0.550	2.250	0.000	-0.15615575
0.650	2.250	0.000	-0.15508263
0.750	2.250	0.000	-0.15450145
0.850	2.250	0.000	-0.15420182
0.950	2.250	0.000	-0.15402436
1.050	2.250	0.000	-0.15390021
1.150	2.250	0.000	-0.15379097
1.250	2.250	0.000	-0.15371059
1.350	2.250	0.000	-0.15363772
1.450	2.250	0.000	-0.15351529
1.550	2.250	0.000	-0.15318784
1.650	2.250	0.000	-0.15242848
1.750	2.250	0.000	-0.15119325
1.850	2.250	0.000	-0.14963955
1.950	2.250	0.000	-0.14798011
2.050	2.250	0.000	-0.14640842
2.150	2.250	0.000	-0.14503801
2.250	2.250	0.000	-0.14376119
2.350	2.250	0.000	-0.14278324
2.450	2.250	0.000	-0.14098884
-2.450	2.350	0.000	-0.16965370
-2.350	2.350	0.000	-0.16995119
-2.250	2.350	0.000	-0.17009829
-2.150	2.350	0.000	-0.17023008
-2.050	2.350	0.000	-0.17024398
-1.950	2.350	0.000	-0.17003150
-1.850	2.350	0.000	-0.16989093
-1.750	2.350	0.000	-0.16978967
-1.650	2.350	0.000	-0.16953874
-1.550	2.350	0.000	-0.16910462
-1.450	2.350	0.000	-0.16851206
-1.350	2.350	0.000	-0.16761717
-1.250	2.350	0.000	-0.16648959
-1.150	2.350	0.000	-0.16525413
-1.050	2.350	0.000	-0.16534266
-0.950	2.350	0.000	-0.16595685
-0.850	2.350	0.000	-0.16741543
-0.750	2.350	0.000	-0.16959493
-0.650	2.350	0.000	-0.17180029
-0.550	2.350	0.000	-0.17303126
-0.450	2.350	0.000	-0.17316584
-0.350	2.350	0.000	-0.17271660
-0.250	2.350	0.000	-0.17126223
-0.150	2.350	0.000	-0.16931027
-0.050	2.350	0.000	-0.16735588
0.050	2.350	0.000	-0.16545407
0.150	2.350	0.000	-0.16364634
0.250	2.350	0.000	-0.16166340
0.350	2.350	0.000	-0.15956089
0.450	2.350	0.000	-0.15757897
0.550	2.350	0.000	-0.15595122
0.650	2.350	0.000	-0.15486835
0.750	2.350	0.000	-0.15437101
0.850	2.350	0.000	-0.15419629
0.950	2.350	0.000	-0.15406787
1.050	2.350	0.000	-0.15388629
1.150	2.350	0.000	-0.15372978
1.250	2.350	0.000	-0.15356714
1.350	2.350	0.000	-0.15340661
1.450	2.350	0.000	-0.15320104
1.550	2.350	0.000	-0.15283000
1.650	2.350	0.000	-0.15210426
1.750	2.350	0.000	-0.15096994
1.850	2.350	0.000	-0.14956887
1.950	2.350	0.000	-0.14802206
2.050	2.350	0.000	-0.14650089
2.150	2.350	0.000	-0.14510438
2.250	2.350	0.000	-0.14374988
2.350	2.350	0.000	-0.14268865
2.450	2.350	0.000	-0.14078695
-2.450	2.450	0.000	-0.16914132
-2.350	2.450	0.000	-0.16946498
-2.250	2.450	0.000	-0.16968979
-2.150	2.450	0.000	-0.17010882
-2.050	2.450	0.000	-0.17042099
-1.950	2.450	0.000	-0.17060743
-1.850	2.450	0.000	-0.17077935
-1.750	2.450	0.000	-0.17104432
-1.650	2.450	0.000	-0.17088954
-1.550	2.450	0.000	-0.17049089
-1.450	2.450	0.000	-0.16975816
-1.350	2.450	0.000	-0.16859370
-1.250	2.450	0.000	-0.16708492
-1.150	2.450	0.000	-0.16535622
-1.050	2.450	0.000	-0.16483207
-0.950	2.450	0.000	-0.16507779
-0.850	2.450	0.000	-0.16613066
-0.750	2.450	0.000	-0.16804591
-0.650	2.450	0.000	-0.17013539
-0.550	2.450	0.000	-0.17141859
-0.450	2.450	0.000	-0.17161328
-0.350	2.450	0.000	-0.17132883
-0.250	2.450	0.000	-0.17005222
-0.150	2.450	0.000	-0.16828905
-0.050	2.450	0.000	-0.16649826
0.050	2.450	0.000	-0.16471589
0.150	2.450	0.000	-0.16296495
0.250	2.450	0.000	-0.16100328
0.350	2.450	0.000	-0.15890551
0.450	2.450	0.000	-0.15690808
0.550	2.450	0.000	-0.15522580
0.650	2.450	0.000	-0.15408298
0.750	2.450	0.000	-0.15360522
0.850	2.450	0.000	-0.15351407
0.950	2.450	0.000	-0.15345144
1.050	2.450	0.000	-0.15335460
1.150	2.450	0.000	-0.15326399
1.250	2.450	0.000	-0.15315069
1.350	2.450	0.000	-0.15300713
1.450	2.450	0.000	-0.15278362
1.550	2.450	0.000	-0.15236236
1.650	2.450	0.000	-0.15160437
1.750	2.450	0.000	-0.15046625
1.850	2.450	0.000	-0.14903893
1.950	2.450	0.000	-0.14747189
2.050	2.450	0.000	-0.14590465
2.150	2.450	0.000	-0.14441529
2.250	2.450	0.000	-0.14297372
2.350	2.450	0.000	-0.14184427
2.450	2.450	0.000	-0.13995603
