-2.450	-2.450	0.000	-0.15929596
-2.350	-2.450	0.000	-0.15576762
-2.250	-2.450	0.000	-0.15197775
-2.150	-2.450	0.000	-0.14832331
-2.050	-2.450	0.000	-0.14499436
-1.950	-2.450	0.000	-0.14405739
-1.850	-2.450	0.000	-0.14201821
-1.750	-2.450	0.000	-0.14205518
-1.650	-2.450	0.000	-0.13970469
-1.550	-2.450	0.000	-0.13907927
-1.450	-2.450	0.000	-0.13706651
-1.350	-2.450	0.000	-0.13526112
-1.250	-2.450	0.000	-0.12975812
-1.150	-2.450	0.000	-0.12928730
-1.050	-2.450	0.000	-0.12321852
-0.950	-2.450	0.000	-0.12035985
-0.850	-2.450	0.000	-0.11166853
-0.750	-2.450	0.000	-0.10596102
-0.650	-2.450	0.000	-0.09529044
-0.550	-2.450	0.000	-0.07922838
-0.450	-2.450	0.000	-0.06710039
-0.350	-2.450	0.000	-0.04264580
-0.250	-2.450	0.000	-0.02192426
-0.150	-2.450	0.000	0.00397965
-0.050	-2.450	0.000	0.02167147
0.050	-2.450	0.000	0.03877823
0.150	-2.450	0.000	0.04555653
0.250	-2.450	0.000	0.05237691
0.350	-2.450	0.000	0.05270383
0.450	-2.450	0.000	0.05264122
0.550	-2.450	0.000	0.04966976
0.650	-2.450	0.000	0.04524630
0.750	-2.450	0.000	0.03808606
0.850	-2.450	0.000	0.02998142
0.950	-2.450	0.000	0.01956541
1.050	-2.450	0.000	0.00902056
1.150	-2.450	0.000	-0.00347787
1.250	-2.450	0.000	-0.01420367
1.350	-2.450	0.000	-0.02672586
1.450	-2.450	0.000	-0.03726150
1.550	-2.450	0.000	-0.04633063
1.650	-2.450	0.000	-0.05631336
1.750	-2.450	0.000	-0.06185670
1.850	-2.450	0.000	-0.07082693
1.950	-2.450	0.000	-0.07321348
2.050	-2.450	0.000	-0.08189777
2.150	-2.450	0.000	-0.08400775
2.250	-2.450	0.000	-0.09047898
2.350	-2.450	0.000	-0.09394647
2.450	-2.450	0.000	-0.10303678
-2.450	-2.350	0.000	-0.16309147
-2.350	-2.350	0.000	-0.15849577
-2.250	-2.350	0.000	-0.15482816
-2.150	-2.350	0.000	-0.15045205
-2.050	-2.350	0.000	-0.14680374
-1.950	-2.350	0.000	-0.14489463
-1.850	-2.350	0.000	-0.14248252
-1.750	-2.350	0.000	-0.14218286
-1.650	-2.350	0.000	-0.14020699
-1.550	-2.350	0.000	-0.14035645
-1.450	-2.350	0.000	-0.13960747
-1.350	-2.350	0.000	-0.13872808
-1.250	-2.350	0.000	-0.13478614
-1.150	-2.350	0.000	-0.13605376
-1.050	-2.350	0.000	-0.13186073
-0.950	-2.350	0.000	-0.13240027
-0.850	-2.350	0.000	-0.12632430
-0.750	-2.350	0.000	-0.12402685
-0.650	-2.350	0.000	-0.11866910
-0.550	-2.350	0.000	-0.10934882
-0.450	-2.350	0.000	-0.10532303
-0.350	-2.350	0.000	-0.09195434
-0.250	-2.350	0.000	-0.07903447
-0.150	-2.350	0.000	-0.05591409
-0.050	-2.350	0.000	-0.03203697
0.050	-2.350	0.000	-0.00146202
0.150	-2.350	0.000	0.02154280
0.250	-2.350	0.000	0.04153064
0.350	-2.350	0.000	0.04890658
0.450	-2.350	0.000	0.05202686
0.550	-2.350	0.000	0.04873551
0.650	-2.350	0.000	0.04331871
0.750	-2.350	0.000	0.03283563
0.850	-2.350	0.000	0.02173649
0.950	-2.350	0.000	0.00680077
1.050	-2.350	0.000	-0.00703379
1.150	-2.350	0.000	-0.02025963
1.250	-2.350	0.000	-0.03049475
1.350	-2.350	0.000	-0.04089867
1.450	-2.350	0.000	-0.04868639
1.550	-2.350	0.000	-0.05523495
1.650	-2.350	0.000	-0.06186639
1.750	-2.350	0.000	-0.06555412
1.850	-2.350	0.000	-0.07198195
1.950	-2.350	0.000	-0.07221880
2.050	-2.350	0.000	-0.07777704
2.150	-2.350	0.000	-0.07783649
2.250	-2.350	0.000	-0.08172819
2.350	-2.350	0.000	-0.08398952
2.450	-2.350	0.000	-0.09034653
-2.450	-2.250	0.000	-0.15034799
-2.350	-2.250	0.000	-0.14517960
-2.250	-2.250	0.000	-0.14213528
-2.150	-2.250	0.000	-0.13685356
-2.050	-2.250	0.000	-0.13387409
-1.950	-2.250	0.000	-0.13089682
-1.850	-2.250	0.000	-0.12778065
-1.750	-2.250	0.000	-0.12686868
-1.650	-2.250	0.000	-0.12437794
-1.550	-2.250	0.000	-0.12337402
-1.450	-2.250	0.000	-0.12217449
-1.350	-2.250	0.000	-0.12146014
-1.250	-2.250	0.000	-0.11720783
-1.150	-2.250	0.000	-0.11779704
-1.050	-2.250	0.000	-0.11376289
-0.950	-2.250	0.000	-0.11298265
-0.850	-2.250	0.000	-0.10979414
-0.750	-2.250	0.000	-0.10629725
-0.650	-2.250	0.000	-0.10520898
-0.550	-2.250	0.000	-0.10192954
-0.450	-2.250	0.000	-0.10342292
-0.350	-2.250	0.000	-0.10335138
-0.250	-2.250	0.000	-0.10465974
-0.150	-2.250	0.000	-0.09887865
-0.050	-2.250	0.000	-0.08494827
0.050	-2.250	0.000	-0.05830977
0.150	-2.250	0.000	-0.02844204
0.250	-2.250	0.000	0.00288365
0.350	-2.250	0.000	0.02389261
0.450	-2.250	0.000	0.03656816
0.550	-2.250	0.000	0.03603366
0.650	-2.250	0.000	0.03129733
0.750	-2.250	0.000	0.02091490
0.850	-2.250	0.000	0.00872990
0.950	-2.250	0.000	-0.00699888
1.050	-2.250	0.000	-0.01875913
1.150	-2.250	0.000	-0.02791007
1.250	-2.250	0.000	-0.03396919
1.350	-2.250	0.000	-0.03850054
1.450	-2.250	0.000	-0.04164164
1.550	-2.250	0.000	-0.04439018
1.650	-2.250	0.000	-0.04734623
1.750	-2.250	0.000	-0.04909520
1.850	-2.250	0.000	-0.05337984
1.950	-2.250	0.000	-0.05362422
2.050	-2.250	0.000	-0.05771104
2.150	-2.250	0.000	-0.05884840
2.250	-2.250	0.000	-0.06278817
2.350	-2.250	0.000	-0.06596850
2.450	-2.250	0.000	-0.07316399
-2.450	-2.150	0.000	-0.14437474
-2.350	-2.150	0.000	-0.13988139
-2.250	-2.150	0.000	-0.13718839
-2.150	-2.150	0.000	-0.13239305
-2.050	-2.150	0.000	-0.13000262
-1.950	-2.150	0.000	-0.12783226
-1.850	-2.150	0.000	-0.12445544
-1.750	-2.150	0.000	-0.12387264
-1.650	-2.150	0.000	-0.12168538
-1.550	-2.150	0.000	-0.12037883
-1.450	-2.150	0.000	-0.12010092
-1.350	-2.150	0.000	-0.12022705
-1.250	-2.150	0.000	-0.11710006
-1.150	-2.150	0.000	-0.11788148
-1.050	-2.150	0.000	-0.11557141
-0.950	-2.150	0.000	-0.11337048
-0.850	-2.150	0.000	-0.11268645
-0.750	-2.150	0.000	-0.10760404
-0.650	-2.150	0.000	-0.10678963
-0.550	-2.150	0.000	-0.10443963
-0.450	-2.150	0.000	-0.10515047
-0.350	-2.150	0.000	-0.10571530
-0.250	-2.150	0.000	-0.11025095
-0.150	-2.150	0.000	-0.11505634
-0.050	-2.150	0.000	-0.11862592
0.050	-2.150	0.000	-0.11535566
0.150	-2.150	0.000	-0.10258680
0.250	-2.150	0.000	-0.07712003
0.350	-2.150	0.000	-0.04597273
0.450	-2.150	0.000	-0.01159051
0.550	-2.150	0.000	0.00583457
0.650	-2.150	0.000	0.01347741
0.750	-2.150	0.000	0.00839083
0.850	-2.150	0.000	0.00135758
0.950	-2.150	0.000	-0.01311576
1.050	-2.150	0.000	-0.02335718
1.150	-2.150	0.000	-0.03168468
1.250	-2.150	0.000	-0.03634132
1.350	-2.150	0.000	-0.04118846
1.450	-2.150	0.000	-0.04426145
1.550	-2.150	0.000	-0.04655730
1.650	-2.150	0.000	-0.04841191
1.750	-2.150	0.000	-0.04870494
1.850	-2.150	0.000	-0.05066040
1.950	-2.150	0.000	-0.05007738
2.050	-2.150	0.000	-0.05307152
2.150	-2.150	0.000	-0.05373012
2.250	-2.150	0.000	-0.05625219
2.350	-2.150	0.000	-0.05915676
2.450	-2.150	0.000	-0.06539650
-2.450	-2.050	0.000	-0.13333122
-2.350	-2.050	0.000	-0.12918901
-2.250	-2.050	0.000	-0.12625778
-2.150	-2.050	0.000	-0.12196509
-2.050	-2.050	0.000	-0.11927101
-1.950	-2.050	0.000	-0.11816876
-1.850	-2.050	0.000	-0.11354207
-1.750	-2.050	0.000	-0.11296301
-1.650	-2.050	0.000	-0.11053944
-1.550	-2.050	0.000	-0.10815055
-1.450	-2.050	0.000	-0.10864643
-1.350	-2.050	0.000	-0.10868707
-1.250	-2.050	0.000	-0.10664260
-1.150	-2.050	0.000	-0.10780812
-1.050	-2.050	0.000	-0.10648733
-0.950	-2.050	0.000	-0.10454620
-0.850	-2.050	0.000	-0.10388221
-0.750	-2.050	0.000	-0.10108180
-0.650	-2.050	0.000	-0.10049829
-0.550	-2.050	0.000	-0.10118377
-0.450	-2.050	0.000	-0.10372958
-0.350	-2.050	0.000	-0.10699458
-0.250	-2.050	0.000	-0.11403458
-0.150	-2.050	0.000	-0.12325150
-0.050	-2.050	0.000	-0.13458276
0.050	-2.050	0.000	-0.14514823
0.150	-2.050	0.000	-0.15228382
0.250	-2.050	0.000	-0.15047684
0.350	-2.050	0.000	-0.13491108
0.450	-2.050	0.000	-0.10079555
0.550	-2.050	0.000	-0.05730670
0.650	-2.050	0.000	-0.02789636
0.750	-2.050	0.000	-0.01460373
0.850	-2.050	0.000	-0.01573431
0.950	-2.050	0.000	-0.02683069
1.050	-2.050	0.000	-0.03418350
1.150	-2.050	0.000	-0.03810366
1.250	-2.050	0.000	-0.03826525
1.350	-2.050	0.000	-0.03799652
1.450	-2.050	0.000	-0.03658967
1.550	-2.050	0.000	-0.03500222
1.650	-2.050	0.000	-0.03370192
1.750	-2.050	0.000	-0.03251178
1.850	-2.050	0.000	-0.03283754
1.950	-2.050	0.000	-0.03272745
2.050	-2.050	0.000	-0.03359229
2.150	-2.050	0.000	-0.03483596
2.250	-2.050	0.000	-0.03620645
2.350	-2.050	0.000	-0.03906790
2.450	-2.050	0.000	-0.04468774
-2.450	-1.950	0.000	-0.13199207
-2.350	-1.950	0.000	-0.12846227
-2.250	-1.950	0.000	-0.12538120
-2.150	-1.950	0.000	-0.12189964
-2.050	-1.950	0.000	-0.11882630
-1.950	-1.950	0.000	-0.11919181
-1.850	-1.950	0.000	-0.11385804
-1.750	-1.950	0.000	-0.11376058
-1.650	-1.950	0.000	-0.11064445
-1.550	-1.950	0.000	-0.10783098
-1.450	-1.950	0.000	-0.10861775
-1.350	-1.950	0.000	-0.10811108
-1.250	-1.950	0.000	-0.10652573
-1.150	-1.950	0.000	-0.10771433
-1.050	-1.950	0.000	-0.10633428
-0.950	-1.950	0.000	-0.10496485
-0.850	-1.950	0.000	-0.10289685
-0.750	-1.950	0.000	-0.10174750
-0.650	-1.950	0.000	-0.10081883
-0.550	-1.950	0.000	-0.10198418
-0.450	-1.950	0.000	-0.10520314
-0.350	-1.950	0.000	-0.10927825
-0.250	-1.950	0.000	-0.11587995
-0.150	-1.950	0.000	-0.12369163
-0.050	-1.950	0.000	-0.13161662
0.050	-1.950	0.000	-0.14242852
0.150	-1.950	0.000	-0.15582734
0.250	-1.950	0.000	-0.17043003
0.350	-1.950	0.000	-0.18100594
0.450	-1.950	0.000	-0.17635123
0.550	-1.950	0.000	-0.14642008
0.650	-1.950	0.000	-0.09230263
0.750	-1.950	0.000	-0.04139454
0.850	-1.950	0.000	-0.02329864
0.950	-1.950	0.000	-0.02500861
1.050	-1.950	0.000	-0.03070045
1.150	-1.950	0.000	-0.03436413
1.250	-1.950	0.000	-0.03406005
1.350	-1.950	0.000	-0.03339249
1.450	-1.950	0.000	-0.03157325
1.550	-1.950	0.000	-0.03054762
1.650	-1.950	0.000	-0.03017836
1.750	-1.950	0.000	-0.03024137
1.850	-1.950	0.000	-0.03145066
1.950	-1.950	0.000	-0.03219404
2.050	-1.950	0.000	-0.03208725
2.150	-1.950	0.000	-0.03333525
2.250	-1.950	0.000	-0.03339751
2.350	-1.950	0.000	-0.03516147
2.450	-1.950	0.000	-0.03860021
-2.450	-1.850	0.000	-0.12852691
-2.350	-1.850	0.000	-0.12528960
-2.250	-1.850	0.000	-0.12184416
-2.150	-1.850	0.000	-0.11903831
-2.050	-1.850	0.000	-0.11535150
-1.950	-1.850	0.000	-0.11661537
-1.850	-1.850	0.000	-0.11050799
-1.750	-1.850	0.000	-0.11034881
-1.650	-1.850	0.000	-0.10585780
-1.550	-1.850	0.000	-0.10252126
-1.450	-1.850	0.000	-0.10301867
-1.350	-1.850	0.000	-0.10196260
-1.250	-1.850	0.000	-0.10092527
-1.150	-1.850	0.000	-0.10225156
-1.050	-1.850	0.000	-0.10126205
-0.950	-1.850	0.000	-0.10046018
-0.850	-1.850	0.000	-0.09880106
-0.750	-1.850	0.000	-0.09819950
-0.650	-1.850	0.000	-0.09854115
-0.550	-1.850	0.000	-0.10148317
-0.450	-1.850	0.000	-0.10680429
-0.350	-1.850	0.000	-0.11369953
-0.250	-1.850	0.000	-0.12138420
-0.150	-1.850	0.000	-0.12948036
-0.050	-1.850	0.000	-0.13654211
0.050	-1.850	0.000	-0.14566794
0.150	-1.850	0.000	-0.15611881
0.250	-1.850	0.000	-0.17006852
0.350	-1.850	0.000	-0.18610172
0.450	-1.850	0.000	-0.19672160
0.550	-1.850	0.000	-0.19600016
0.650	-1.850	0.000	-0.16669819
0.750	-1.850	0.000	-0.11288904
0.850	-1.850	0.000	-0.05929114
0.950	-1.850	0.000	-0.03522420
1.050	-1.850	0.000	-0.03472095
1.150	-1.850	0.000	-0.03557174
1.250	-1.850	0.000	-0.03436027
1.350	-1.850	0.000	-0.03363257
1.450	-1.850	0.000	-0.03176459
1.550	-1.850	0.000	-0.02952664
1.650	-1.850	0.000	-0.02714198
1.750	-1.850	0.000	-0.02510644
1.850	-1.850	0.000	-0.02276956
1.950	-1.850	0.000	-0.02150713
2.050	-1.850	0.000	-0.01867192
2.150	-1.850	0.000	-0.01875275
2.250	-1.850	0.000	-0.01681073
2.350	-1.850	0.000	-0.01804354
2.450	-1.850	0.000	-0.02004330
-2.450	-1.750	0.000	-0.12930918
-2.350	-1.750	0.000	-0.12669051
-2.250	-1.750	0.000	-0.12247997
-2.150	-1.750	0.000	-0.12091068
-2.050	-1.750	0.000	-0.11620622
-1.950	-1.750	0.000	-0.11778265
-1.850	-1.750	0.000	-0.11122514
-1.750	-1.750	0.000	-0.11072932
-1.650	-1.750	0.000	-0.10504322
-1.550	-1.750	0.000	-0.10200120
-1.450	-1.750	0.000	-0.10128139
-1.350	-1.750	0.000	-0.09946689
-1.250	-1.750	0.000	-0.09801123
-1.150	-1.750	0.000	-0.09859812
-1.050	-1.750	0.000	-0.09765077
-0.950	-1.750	0.000	-0.09680180
-0.850	-1.750	0.000	-0.09526189
-0.750	-1.750	0.000	-0.09522546
-0.650	-1.750	0.000	-0.09665453
-0.550	-1.750	0.000	-0.10036483
-0.450	-1.750	0.000	-0.10809560
-0.350	-1.750	0.000	-0.11726569
-0.250	-1.750	0.000	-0.12636021
-0.150	-1.750	0.000	-0.13333383
-0.050	-1.750	0.000	-0.14137107
0.050	-1.750	0.000	-0.14872129
0.150	-1.750	0.000	-0.15375674
0.250	-1.750	0.000	-0.15902741
0.350	-1.750	0.000	-0.16838108
0.450	-1.750	0.000	-0.18154579
0.550	-1.750	0.000	-0.19458164
0.650	-1.750	0.000	-0.19680320
0.750	-1.750	0.000	-0.17734337
0.850	-1.750	0.000	-0.12558766
0.950	-1.750	0.000	-0.06240604
1.050	-1.750	0.000	-0.03994500
1.150	-1.750	0.000	-0.03512175
1.250	-1.750	0.000	-0.03236616
1.350	-1.750	0.000	-0.03026469
1.450	-1.750	0.000	-0.02880235
1.550	-1.750	0.000	-0.02698157
1.650	-1.750	0.000	-0.02473825
1.750	-1.750	0.000	-0.02286940
1.850	-1.750	0.000	-0.01990137
1.950	-1.750	0.000	-0.01933236
2.050	-1.750	0.000	-0.01537448
2.150	-1.750	0.000	-0.01584754
2.250	-1.750	0.000	-0.01296505
2.350	-1.750	0.000	-0.01446007
2.450	-1.750	0.000	-0.01642679
-2.450	-1.650	0.000	-0.13179526
-2.350	-1.650	0.000	-0.13079339
-2.250	-1.650	0.000	-0.12568562
-2.150	-1.650	0.000	-0.12533727
-2.050	-1.650	0.000	-0.11898804
-1.950	-1.650	0.000	-0.12012742
-1.850	-1.650	0.000	-0.11268131
-1.750	-1.650	0.000	-0.11181977
-1.650	-1.650	0.000	-0.10371558
-1.550	-1.650	0.000	-0.10141990
-1.450	-1.650	0.000	-0.09922194
-1.350	-1.650	0.000	-0.09657035
-1.250	-1.650	0.000	-0.09472507
-1.150	-1.650	0.000	-0.09513564
-1.050	-1.650	0.000	-0.09418377
-0.950	-1.650	0.000	-0.09417352
-0.850	-1.650	0.000	-0.09376256
-0.750	-1.650	0.000	-0.09423088
-0.650	-1.650	0.000	-0.09756560
-0.550	-1.650	0.000	-0.10253192
-0.450	-1.650	0.000	-0.11239330
-0.350	-1.650	0.000	-0.12129153
-0.250	-1.650	0.000	-0.13082580
-0.150	-1.650	0.000	-0.13688348
-0.050	-1.650	0.000	-0.14309530
0.050	-1.650	0.000	-0.14798914
0.150	-1.650	0.000	-0.15294665
0.250	-1.650	0.000	-0.15504326
0.350	-1.650	0.000	-0.15861534
0.450	-1.650	0.000	-0.16583994
0.550	-1.650	0.000	-0.17904925
0.650	-1.650	0.000	-0.20004962
0.750	-1.650	0.000	-0.20816167
0.850	-1.650	0.000	-0.19311102
0.950	-1.650	0.000	-0.12431702
1.050	-1.650	0.000	-0.06363229
1.150	-1.650	0.000	-0.04681486
1.250	-1.650	0.000	-0.03910460
1.350	-1.650	0.000	-0.03261178
1.450	-1.650	0.000	-0.02690078
1.550	-1.650	0.000	-0.02246001
1.650	-1.650	0.000	-0.01852985
1.750	-1.650	0.000	-0.01591206
1.850	-1.650	0.000	-0.01283319
1.950	-1.650	0.000	-0.01186650
2.050	-1.650	0.000	-0.00689022
2.150	-1.650	0.000	-0.00672017
2.250	-1.650	0.000	-0.00209551
2.350	-1.650	0.000	-0.00249611
2.450	-1.650	0.000	-0.00217972
-2.450	-1.550	0.000	-0.13887331
-2.350	-1.550	0.000	-0.13940179
-2.250	-1.550	0.000	-0.13433827
-2.150	-1.550	0.000	-0.13407335
-2.050	-1.550	0.000	-0.12709184
-1.950	-1.550	0.000	-0.12715057
-1.850	-1.550	0.000	-0.11957926
-1.750	-1.550	0.000	-0.11845899
-1.650	-1.550	0.000	-0.10845510
-1.550	-1.550	0.000	-0.10645747
-1.450	-1.550	0.000	-0.10218295
-1.350	-1.550	0.000	-0.09776656
-1.250	-1.550	0.000	-0.09492044
-1.150	-1.550	0.000	-0.09522980
-1.050	-1.550	0.000	-0.09418760
-0.950	-1.550	0.000	-0.09413958
-0.850	-1.550	0.000	-0.09491748
-0.750	-1.550	0.000	-0.09541967
-0.650	-1.550	0.000	-0.10061768
-0.550	-1.550	0.000	-0.10608354
-0.450	-1.550	0.000	-0.11547279
-0.350	-1.550	0.000	-0.12236565
-0.250	-1.550	0.000	-0.12960459
-0.150	-1.550	0.000	-0.13533899
-0.050	-1.550	0.000	-0.13979964
0.050	-1.550	0.000	-0.14446242
0.150	-1.550	0.000	-0.15080583
0.250	-1.550	0.000	-0.15531124
0.350	-1.550	0.000	-0.15943982
0.450	-1.550	0.000	-0.16270231
0.550	-1.550	0.000	-0.16696212
0.650	-1.550	0.000	-0.18542331
0.750	-1.550	0.000	-0.20905961
0.850	-1.550	0.000	-0.21436654
0.950	-1.550	0.000	-0.18533604
1.050	-1.550	0.000	-0.10465007
1.150	-1.550	0.000	-0.06305981
1.250	-1.550	0.000	-0.04774990
1.350	-1.550	0.000	-0.03676574
1.450	-1.550	0.000	-0.02939462
1.550	-1.550	0.000	-0.02380094
1.650	-1.550	0.000	-0.01840886
1.750	-1.550	0.000	-0.01496494
1.850	-1.550	0.000	-0.00974397
1.950	-1.550	0.000	-0.00890924
2.050	-1.550	0.000	-0.00239272
2.150	-1.550	0.000	-0.00222071
2.250	-1.550	0.000	0.00258568
2.350	-1.550	0.000	0.00249225
2.450	-1.550	0.000	0.00266151
-2.450	-1.450	0.000	-0.14794764
-2.350	-1.450	0.000	-0.14996053
-2.250	-1.450	0.000	-0.14452127
-2.150	-1.450	0.000	-0.14456196
-2.050	-1.450	0.000	-0.13712306
-1.950	-1.450	0.000	-0.13650975
-1.850	-1.450	0.000	-0.12861995
-1.750	-1.450	0.000	-0.12702127
-1.650	-1.450	0.000	-0.11789410
-1.550	-1.450	0.000	-0.11550608
-1.450	-1.450	0.000	-0.10971529
-1.350	-1.450	0.000	-0.10457262
-1.250	-1.450	0.000	-0.10012401
-1.150	-1.450	0.000	-0.10052509
-1.050	-1.450	0.000	-0.09958105
-0.950	-1.450	0.000	-0.09899348
-0.850	-1.450	0.000	-0.10129904
-0.750	-1.450	0.000	-0.10208361
-0.650	-1.450	0.000	-0.10768685
-0.550	-1.450	0.000	-0.11200047
-0.450	-1.450	0.000	-0.11873395
-0.350	-1.450	0.000	-0.12293408
-0.250	-1.450	0.000	-0.12682922
-0.150	-1.450	0.000	-0.13159718
-0.050	-1.450	0.000	-0.13685253
0.050	-1.450	0.000	-0.14327167
0.150	-1.450	0.000	-0.15002987
0.250	-1.450	0.000	-0.15815073
0.350	-1.450	0.000	-0.16594224
0.450	-1.450	0.000	-0.16859424
0.550	-1.450	0.000	-0.16849679
0.650	-1.450	0.000	-0.17407688
0.750	-1.450	0.000	-0.19734903
0.850	-1.450	0.000	-0.21475317
0.950	-1.450	0.000	-0.21405336
1.050	-1.450	0.000	-0.16226508
1.150	-1.450	0.000	-0.09946943
1.250	-1.450	0.000	-0.06904876
1.350	-1.450	0.000	-0.05062290
1.450	-1.450	0.000	-0.03916979
1.550	-1.450	0.000	-0.03122672
1.650	-1.450	0.000	-0.02407802
1.750	-1.450	0.000	-0.01911282
1.850	-1.450	0.000	-0.01189738
1.950	-1.450	0.000	-0.00918679
2.050	-1.450	0.000	-0.00151297
2.150	-1.450	0.000	-0.00002065
2.250	-1.450	0.000	0.00699163
2.350	-1.450	0.000	0.00831229
2.450	-1.450	0.000	0.01179581
-2.450	-1.350	0.000	-0.15839216
-2.350	-1.350	0.000	-0.16147609
-2.250	-1.350	0.000	-0.15565877
-2.150	-1.350	0.000	-0.15611282
-2.050	-1.350	0.000	-0.14872879
-1.950	-1.350	0.000	-0.14795366
-1.850	-1.350	0.000	-0.13962725
-1.750	-1.350	0.000	-0.13851142
-1.650	-1.350	0.000	-0.13037634
-1.550	-1.350	0.000	-0.12752730
-1.450	-1.350	0.000	-0.12038728
-1.350	-1.350	0.000	-0.11609150
-1.250	-1.350	0.000	-0.10995460
-1.150	-1.350	0.000	-0.10960399
-1.050	-1.350	0.000	-0.10862359
-0.950	-1.350	0.000	-0.10734887
-0.850	-1.350	0.000	-0.10945273
-0.750	-1.350	0.000	-0.11124278
-0.650	-1.350	0.000	-0.11508578
-0.550	-1.350	0.000	-0.11773203
-0.450	-1.350	0.000	-0.11931602
-0.350	-1.350	0.000	-0.12143699
-0.250	-1.350	0.000	-0.12327459
-0.150	-1.350	0.000	-0.12659906
-0.050	-1.350	0.000	-0.13199674
0.050	-1.350	0.000	-0.13823614
0.150	-1.350	0.000	-0.14436464
0.250	-1.350	0.000	-0.15323967
0.350	-1.350	0.000	-0.16302268
0.450	-1.350	0.000	-0.16809013
0.550	-1.350	0.000	-0.16796201
0.650	-1.350	0.000	-0.16654716
0.750	-1.350	0.000	-0.17770386
0.850	-1.350	0.000	-0.19852453
0.950	-1.350	0.000	-0.21029826
1.050	-1.350	0.000	-0.19694920
1.150	-1.350	0.000	-0.14417681
1.250	-1.350	0.000	-0.10054448
1.350	-1.350	0.000	-0.07220487
1.450	-1.350	0.000	-0.05289408
1.550	-1.350	0.000	-0.03893504
1.650	-1.350	0.000	-0.02744153
1.750	-1.350	0.000	-0.02068254
1.850	-1.350	0.000	-0.01180300
1.950	-1.350	0.000	-0.00744413
2.050	-1.350	0.000	0.00092441
2.150	-1.350	0.000	0.00349369
2.250	-1.350	0.000	0.00968591
2.350	-1.350	0.000	0.01215130
2.450	-1.350	0.000	0.01664972
-2.450	-1.250	0.000	-0.16714682
-2.350	-1.250	0.000	-0.17048030
-2.250	-1.250	0.000	-0.16422005
-2.150	-1.250	0.000	-0.16560644
-2.050	-1.250	0.000	-0.15827079
-1.950	-1.250	0.000	-0.15815157
-1.850	-1.250	0.000	-0.14916588
-1.750	-1.250	0.000	-0.14935355
-1.650	-1.250	0.000	-0.14237945
-1.550	-1.250	0.000	-0.13982816
-1.450	-1.250	0.000	-0.13184603
-1.350	-1.250	0.000	-0.12909959
-1.250	-1.250	0.000	-0.12204077
-1.150	-1.250	0.000	-0.12108168
-1.050	-1.250	0.000	-0.12002736
-0.950	-1.250	0.000	-0.11862776
-0.850	-1.250	0.000	-0.11928413
-0.750	-1.250	0.000	-0.12152015
-0.650	-1.250	0.000	-0.12276690
-0.550	-1.250	0.000	-0.12257718
-0.450	-1.250	0.000	-0.11980437
-0.350	-1.250	0.000	-0.11856052
-0.250	-1.250	0.000	-0.11954354
-0.150	-1.250	0.000	-0.12329277
-0.050	-1.250	0.000	-0.12815191
0.050	-1.250	0.000	-0.13377348
0.150	-1.250	0.000	-0.13882403
0.250	-1.250	0.000	-0.14523838
0.350	-1.250	0.000	-0.15229365
0.450	-1.250	0.000	-0.15835856
0.550	-1.250	0.000	-0.16224769
0.650	-1.250	0.000	-0.16148034
0.750	-1.250	0.000	-0.16432601
0.850	-1.250	0.000	-0.17852946
0.950	-1.250	0.000	-0.19591704
1.050	-1.250	0.000	-0.20328778
1.150	-1.250	0.000	-0.18031210
1.250	-1.250	0.000	-0.14091398
1.350	-1.250	0.000	-0.10574729
1.450	-1.250	0.000	-0.07933968
1.550	-1.250	0.000	-0.05937952
1.650	-1.250	0.000	-0.04295366
1.750	-1.250	0.000	-0.03321748
1.850	-1.250	0.000	-0.02052110
1.950	-1.250	0.000	-0.01634155
2.050	-1.250	0.000	-0.00656496
2.150	-1.250	0.000	-0.00436780
2.250	-1.250	0.000	0.00215909
2.350	-1.250	0.000	0.00486328
2.450	-1.250	0.000	0.00976799
-2.450	-1.150	0.000	-0.17170495
-2.350	-1.150	0.000	-0.17485350
-2.250	-1.150	0.000	-0.16786028
-2.150	-1.150	0.000	-0.17053251
-2.050	-1.150	0.000	-0.16313928
-1.950	-1.150	0.000	-0.16385280
-1.850	-1.150	0.000	-0.15440221
-1.750	-1.150	0.000	-0.15603842
-1.650	-1.150	0.000	-0.14993988
-1.550	-1.150	0.000	-0.14876553
-1.450	-1.150	0.000	-0.14093937
-1.350	-1.150	0.000	-0.14017048
-1.250	-1.150	0.000	-0.13281320
-1.150	-1.150	0.000	-0.13231087
-1.050	-1.150	0.000	-0.13105278
-0.950	-1.150	0.000	-0.13008486
-0.850	-1.150	0.000	-0.12920563
-0.750	-1.150	0.000	-0.13038330
-0.650	-1.150	0.000	-0.12881811
-0.550	-1.150	0.000	-0.12531722
-0.450	-1.150	0.000	-0.11964108
-0.350	-1.150	0.000	-0.11574542
-0.250	-1.150	0.000	-0.11565566
-0.150	-1.150	0.000	-0.11913319
-0.050	-1.150	0.000	-0.12369284
0.050	-1.150	0.000	-0.12653267
0.150	-1.150	0.000	-0.12903136
0.250	-1.150	0.000	-0.13248880
0.350	-1.150	0.000	-0.13743202
0.450	-1.150	0.000	-0.14229751
0.550	-1.150	0.000	-0.14721334
0.650	-1.150	0.000	-0.14852877
0.750	-1.150	0.000	-0.15077446
0.850	-1.150	0.000	-0.15998793
0.950	-1.150	0.000	-0.17482226
1.050	-1.150	0.000	-0.19001700
1.150	-1.150	0.000	-0.18660650
1.250	-1.150	0.000	-0.16439566
1.350	-1.150	0.000	-0.13404188
1.450	-1.150	0.000	-0.10328452
1.550	-1.150	0.000	-0.07845994
1.650	-1.150	0.000	-0.05744841
1.750	-1.150	0.000	-0.04451861
1.850	-1.150	0.000	-0.03047382
1.950	-1.150	0.000	-0.02409476
2.050	-1.150	0.000	-0.01343501
2.150	-1.150	0.000	-0.00994841
2.250	-1.150	0.000	-0.00258667
2.350	-1.150	0.000	0.00038632
2.450	-1.150	0.000	0.00703578
-2.450	-1.050	0.000	-0.17305391
-2.350	-1.050	0.000	-0.17651424
-2.250	-1.050	0.000	-0.16915779
-2.150	-1.050	0.000	-0.17266390
-2.050	-1.050	0.000	-0.16526243
-1.950	-1.050	0.000	-0.16609569
-1.850	-1.050	0.000	-0.15644208
-1.750	-1.050	0.000	-0.15848298
-1.650	-1.050	0.000	-0.15308696
-1.550	-1.050	0.000	-0.15348086
-1.450	-1.050	0.000	-0.14688411
-1.350	-1.050	0.000	-0.14779793
-1.250	-1.050	0.000	-0.14075999
-1.150	-1.050	0.000	-0.14117955
-1.050	-1.050	0.000	-0.13957579
-0.950	-1.050	0.000	-0.13873360
-0.850	-1.050	0.000	-0.13737819
-0.750	-1.050	0.000	-0.13663183
-0.650	-1.050	0.000	-0.13273421
-0.550	-1.050	0.000	-0.12667215
-0.450	-1.050	0.000	-0.11936226
-0.350	-1.050	0.000	-0.11481945
-0.250	-1.050	0.000	-0.11318171
-0.150	-1.050	0.000	-0.11521243
-0.050	-1.050	0.000	-0.11767063
0.050	-1.050	0.000	-0.11851460
0.150	-1.050	0.000	-0.11835588
0.250	-1.050	0.000	-0.11942511
0.350	-1.050	0.000	-0.12313320
0.450	-1.050	0.000	-0.12720068
0.550	-1.050	0.000	-0.13062991
0.650	-1.050	0.000	-0.13251491
0.750	-1.050	0.000	-0.13745949
0.850	-1.050	0.000	-0.14573161
0.950	-1.050	0.000	-0.15682974
1.050	-1.050	0.000	-0.17185219
1.150	-1.050	0.000	-0.17901099
1.250	-1.050	0.000	-0.16957819
1.350	-1.050	0.000	-0.15174906
1.450	-1.050	0.000	-0.12719141
1.550	-1.050	0.000	-0.10331532
1.650	-1.050	0.000	-0.07918214
1.750	-1.050	0.000	-0.06344054
1.850	-1.050	0.000	-0.04522742
1.950	-1.050	0.000	-0.03673222
2.050	-1.050	0.000	-0.02324890
2.150	-1.050	0.000	-0.01976154
2.250	-1.050	0.000	-0.01296225
2.350	-1.050	0.000	-0.01029293
2.450	-1.050	0.000	-0.00437048
-2.450	-0.950	0.000	-0.17220326
-2.350	-0.950	0.000	-0.17565680
-2.250	-0.950	0.000	-0.16775708
-2.150	-0.950	0.000	-0.17227380
-2.050	-0.950	0.000	-0.16458081
-1.950	-0.950	0.000	-0.16540533
-1.850	-0.950	0.000	-0.15581129
-1.750	-0.950	0.000	-0.15792480
-1.650	-0.950	0.000	-0.15265760
-1.550	-0.950	0.000	-0.15411127
-1.450	-0.950	0.000	-0.14812633
-1.350	-0.950	0.000	-0.14977936
-1.250	-0.950	0.000	-0.14334033
-1.150	-0.950	0.000	-0.14503615
-1.050	-0.950	0.000	-0.14341499
-0.950	-0.950	0.000	-0.14281030
-0.850	-0.950	0.000	-0.14164257
-0.750	-0.950	0.000	-0.13931790
-0.650	-0.950	0.000	-0.13387881
-0.550	-0.950	0.000	-0.12626307
-0.450	-0.950	0.000	-0.11802454
-0.350	-0.950	0.000	-0.11324027
-0.250	-0.950	0.000	-0.11015008
-0.150	-0.950	0.000	-0.10991203
-0.050	-0.950	0.000	-0.10973617
0.050	-0.950	0.000	-0.10956223
0.150	-0.950	0.000	-0.10791252
0.250	-0.950	0.000	-0.10744260
0.350	-0.950	0.000	-0.10945195
0.450	-0.950	0.000	-0.11197652
0.550	-0.950	0.000	-0.11276522
0.650	-0.950	0.000	-0.11427120
0.750	-0.950	0.000	-0.12075740
0.850	-0.950	0.000	-0.13042615
0.950	-0.950	0.000	-0.14132600
1.050	-0.950	0.000	-0.15391208
1.150	-0.950	0.000	-0.16232148
1.250	-0.950	0.000	-0.16148594
1.350	-0.950	0.000	-0.15083167
1.450	-0.950	0.000	-0.13448983
1.550	-0.950	0.000	-0.11668649
1.650	-0.950	0.000	-0.09384991
1.750	-0.950	0.000	-0.07695793
1.850	-0.950	0.000	-0.05772795
1.950	-0.950	0.000	-0.04822924
2.050	-0.950	0.000	-0.03482240
2.150	-0.950	0.000	-0.03157377
2.250	-0.950	0.000	-0.02357814
2.350	-0.950	0.000	-0.02187718
2.450	-0.950	0.000	-0.01706351
-2.450	-0.850	0.000	-0.16862427
-2.350	-0.850	0.000	-0.17148016
-2.250	-0.850	0.000	-0.16391024
-2.150	-0.850	0.000	-0.16863549
-2.050	-0.850	0.000	-0.16081767
-1.950	-0.850	0.000	-0.16131067
-1.850	-0.850	0.000	-0.15187520
-1.750	-0.850	0.000	-0.15404116
-1.650	-0.850	0.000	-0.14884895
-1.550	-0.850	0.000	-0.15122610
-1.450	-0.850	0.000	-0.14636177
-1.350	-0.850	0.000	-0.14847574
-1.250	-0.850	0.000	-0.14283922
-1.150	-0.850	0.000	-0.14493793
-1.050	-0.850	0.000	-0.14340691
-0.950	-0.850	0.000	-0.14318149
-0.850	-0.850	0.000	-0.14244543
-0.750	-0.850	0.000	-0.14001541
-0.650	-0.850	0.000	-0.13409376
-0.550	-0.850	0.000	-0.12644088
-0.450	-0.850	0.000	-0.11766601
-0.350	-0.850	0.000	-0.11334220
-0.250	-0.850	0.000	-0.10896503
-0.150	-0.850	0.000	-0.10678235
-0.050	-0.850	0.000	-0.10401592
0.050	-0.850	0.000	-0.10207114
0.150	-0.850	0.000	-0.09936202
0.250	-0.850	0.000	-0.09777348
0.350	-0.850	0.000	-0.09852799
0.450	-0.850	0.000	-0.09942079
0.550	-0.850	0.000	-0.09808698
0.650	-0.850	0.000	-0.09916006
0.750	-0.850	0.000	-0.10538492
0.850	-0.850	0.000	-0.11575234
0.950	-0.850	0.000	-0.12815265
1.050	-0.850	0.000	-0.13951811
1.150	-0.850	0.000	-0.14604613
1.250	-0.850	0.000	-0.14630628
1.350	-0.850	0.000	-0.14228679
1.450	-0.850	0.000	-0.13171583
1.550	-0.850	0.000	-0.12049454
1.650	-0.850	0.000	-0.10239288
1.750	-0.850	0.000	-0.08787539
1.850	-0.850	0.000	-0.06846499
1.950	-0.850	0.000	-0.05680143
2.050	-0.850	0.000	-0.04165773
2.150	-0.850	0.000	-0.03622659
2.250	-0.850	0.000	-0.02751455
2.350	-0.850	0.000	-0.02565186
2.450	-0.850	0.000	-0.02055691
-2.450	-0.750	0.000	-0.16518791
-2.350	-0.750	0.000	-0.16720645
-2.250	-0.750	0.000	-0.16059206
-2.150	-0.750	0.000	-0.16494866
-2.050	-0.750	0.000	-0.15725714
-1.950	-0.750	0.000	-0.15658727
-1.850	-0.750	0.000	-0.14755677
-1.750	-0.750	0.000	-0.14901525
-1.650	-0.750	0.000	-0.14334162
-1.550	-0.750	0.000	-0.14538510
-1.450	-0.750	0.000	-0.14098796
-1.350	-0.750	0.000	-0.14341298
-1.250	-0.750	0.000	-0.13925162
-1.150	-0.750	0.000	-0.14125663
-1.050	-0.750	0.000	-0.14010401
-0.950	-0.750	0.000	-0.14002767
-0.850	-0.750	0.000	-0.13968413
-0.750	-0.750	0.000	-0.13818565
-0.650	-0.750	0.000	-0.13294943
-0.550	-0.750	0.000	-0.12616012
-0.450	-0.750	0.000	-0.11862630
-0.350	-0.750	0.000	-0.11365131
-0.250	-0.750	0.000	-0.10928705
-0.150	-0.750	0.000	-0.10579640
-0.050	-0.750	0.000	-0.10145637
0.050	-0.750	0.000	-0.09663413
0.150	-0.750	0.000	-0.09191438
0.250	-0.750	0.000	-0.08858053
0.350	-0.750	0.000	-0.08811153
0.450	-0.750	0.000	-0.08773810
0.550	-0.750	0.000	-0.08650026
0.650	-0.750	0.000	-0.08776165
0.750	-0.750	0.000	-0.09273566
0.850	-0.750	0.000	-0.10229713
0.950	-0.750	0.000	-0.11524998
1.050	-0.750	0.000	-0.12651074
1.150	-0.750	0.000	-0.13285778
1.250	-0.750	0.000	-0.13252668
1.350	-0.750	0.000	-0.12952733
1.450	-0.750	0.000	-0.12266538
1.550	-0.750	0.000	-0.11568179
1.650	-0.750	0.000	-0.10125957
1.750	-0.750	0.000	-0.08956891
1.850	-0.750	0.000	-0.07262548
1.950	-0.750	0.000	-0.06057414
2.050	-0.750	0.000	-0.04541795
2.150	-0.750	0.000	-0.03889220
2.250	-0.750	0.000	-0.03066490
2.350	-0.750	0.000	-0.02766682
2.450	-0.750	0.000	-0.02193939
-2.450	-0.650	0.000	-0.16386047
-2.350	-0.650	0.000	-0.16513750
-2.250	-0.650	0.000	-0.15944418
-2.150	-0.650	0.000	-0.16423163
-2.050	-0.650	0.000	-0.15697142
-1.950	-0.650	0.000	-0.15562339
-1.850	-0.650	0.000	-0.14710751
-1.750	-0.650	0.000	-0.14729106
-1.650	-0.650	0.000	-0.14123213
-1.550	-0.650	0.000	-0.14186151
-1.450	-0.650	0.000	-0.13672026
-1.350	-0.650	0.000	-0.13816959
-1.250	-0.650	0.000	-0.13496880
-1.150	-0.650	0.000	-0.13617380
-1.050	-0.650	0.000	-0.13569000
-0.950	-0.650	0.000	-0.13543461
-0.850	-0.650	0.000	-0.13450445
-0.750	-0.650	0.000	-0.13446186
-0.650	-0.650	0.000	-0.13008033
-0.550	-0.650	0.000	-0.12420242
-0.450	-0.650	0.000	-0.11902095
-0.350	-0.650	0.000	-0.11372872
-0.250	-0.650	0.000	-0.10941337
-0.150	-0.650	0.000	-0.10541363
-0.050	-0.650	0.000	-0.10078330
0.050	-0.650	0.000	-0.09479696
0.150	-0.650	0.000	-0.08714297
0.250	-0.650	0.000	-0.08040955
0.350	-0.650	0.000	-0.07779992
0.450	-0.650	0.000	-0.07678801
0.550	-0.650	0.000	-0.07702643
0.650	-0.650	0.000	-0.07955334
0.750	-0.650	0.000	-0.08438142
0.850	-0.650	0.000	-0.09302140
0.950	-0.650	0.000	-0.10479806
1.050	-0.650	0.000	-0.11543954
1.150	-0.650	0.000	-0.12234915
1.250	-0.650	0.000	-0.12282588
1.350	-0.650	0.000	-0.11874000
1.450	-0.650	0.000	-0.11277071
1.550	-0.650	0.000	-0.10767632
1.650	-0.650	0.000	-0.09764687
1.750	-0.650	0.000	-0.08933876
1.850	-0.650	0.000	-0.07643711
1.950	-0.650	0.000	-0.06606635
2.050	-0.650	0.000	-0.05180297
2.150	-0.650	0.000	-0.04298604
2.250	-0.650	0.000	-0.03187321
2.350	-0.650	0.000	-0.02699064
2.450	-0.650	0.000	-0.01816459
-2.450	-0.550	0.000	-0.16118464
-2.350	-0.550	0.000	-0.16232900
-2.250	-0.550	0.000	-0.15714578
-2.150	-0.550	0.000	-0.16271545
-2.050	-0.550	0.000	-0.15695539
-1.950	-0.550	0.000	-0.15552594
-1.850	-0.550	0.000	-0.14769228
-1.750	-0.550	0.000	-0.14736788
-1.650	-0.550	0.000	-0.14252992
-1.550	-0.550	0.000	-0.14213948
-1.450	-0.550	0.000	-0.13618898
-1.350	-0.550	0.000	-0.13629329
-1.250	-0.550	0.000	-0.13220268
-1.150	-0.550	0.000	-0.13185504
-1.050	-0.550	0.000	-0.13072702
-0.950	-0.550	0.000	-0.13004285
-0.850	-0.550	0.000	-0.12829661
-0.750	-0.550	0.000	-0.12847939
-0.650	-0.550	0.000	-0.12531565
-0.550	-0.550	0.000	-0.12031460
-0.450	-0.550	0.000	-0.11554559
-0.350	-0.550	0.000	-0.11184900
-0.250	-0.550	0.000	-0.10743510
-0.150	-0.550	0.000	-0.10441990
-0.050	-0.550	0.000	-0.09986908
0.050	-0.550	0.000	-0.09418719
0.150	-0.550	0.000	-0.08598784
0.250	-0.550	0.000	-0.07703191
0.350	-0.550	0.000	-0.07081928
0.450	-0.550	0.000	-0.06920719
0.550	-0.550	0.000	-0.06991607
0.650	-0.550	0.000	-0.07337051
0.750	-0.550	0.000	-0.07857696
0.850	-0.550	0.000	-0.08671331
0.950	-0.550	0.000	-0.09647261
1.050	-0.550	0.000	-0.10565662
1.150	-0.550	0.000	-0.11238342
1.250	-0.550	0.000	-0.11346589
1.350	-0.550	0.000	-0.10910742
1.450	-0.550	0.000	-0.10318638
1.550	-0.550	0.000	-0.09852589
1.650	-0.550	0.000	-0.09155635
1.750	-0.550	0.000	-0.08497905
1.850	-0.550	0.000	-0.07335453
1.950	-0.550	0.000	-0.06338653
2.050	-0.550	0.000	-0.04922256
2.150	-0.550	0.000	-0.03950958
2.250	-0.550	0.000	-0.02607567
2.350	-0.550	0.000	-0.01858815
2.450	-0.550	0.000	-0.00629033
-2.450	-0.450	0.000	-0.15382811
-2.350	-0.450	0.000	-0.15537529
-2.250	-0.450	0.000	-0.15065210
-2.150	-0.450	0.000	-0.15638170
-2.050	-0.450	0.000	-0.15238105
-1.950	-0.450	0.000	-0.15128462
-1.850	-0.450	0.000	-0.14574556
-1.750	-0.450	0.000	-0.14569327
-1.650	-0.450	0.000	-0.14313954
-1.550	-0.450	0.000	-0.14255671
-1.450	-0.450	0.000	-0.13706240
-1.350	-0.450	0.000	-0.13720889
-1.250	-0.450	0.000	-0.13249800
-1.150	-0.450	0.000	-0.13096499
-1.050	-0.450	0.000	-0.12812340
-0.950	-0.450	0.000	-0.12571955
-0.850	-0.450	0.000	-0.12348353
-0.750	-0.450	0.000	-0.12276530
-0.650	-0.450	0.000	-0.12031851
-0.550	-0.450	0.000	-0.11668311
-0.450	-0.450	0.000	-0.11129539
-0.350	-0.450	0.000	-0.10835867
-0.250	-0.450	0.000	-0.10347795
-0.150	-0.450	0.000	-0.10002155
-0.050	-0.450	0.000	-0.09652007
0.050	-0.450	0.000	-0.09250826
0.150	-0.450	0.000	-0.08580776
0.250	-0.450	0.000	-0.07557864
0.350	-0.450	0.000	-0.06758384
0.450	-0.450	0.000	-0.06437533
0.550	-0.450	0.000	-0.06577213
0.650	-0.450	0.000	-0.06891387
0.750	-0.450	0.000	-0.07368325
0.850	-0.450	0.000	-0.08161552
0.950	-0.450	0.000	-0.08980275
1.050	-0.450	0.000	-0.09731779
1.150	-0.450	0.000	-0.10330715
1.250	-0.450	0.000	-0.10527718
1.350	-0.450	0.000	-0.10197041
1.450	-0.450	0.000	-0.09700244
1.550	-0.450	0.000	-0.09155638
1.650	-0.450	0.000	-0.08498946
1.750	-0.450	0.000	-0.07953243
1.850	-0.450	0.000	-0.07095153
1.950	-0.450	0.000	-0.06285070
2.050	-0.450	0.000	-0.05009815
2.150	-0.450	0.000	-0.04038222
2.250	-0.450	0.000	-0.02457447
2.350	-0.450	0.000	-0.01532008
2.450	-0.450	0.000	0.00001840
-2.450	-0.350	0.000	-0.14543945
-2.350	-0.350	0.000	-0.14761209
-2.250	-0.350	0.000	-0.14331210
-2.150	-0.350	0.000	-0.14927773
-2.050	-0.350	0.000	-0.14639768
-1.950	-0.350	0.000	-0.14602710
-1.850	-0.350	0.000	-0.14251868
-1.750	-0.350	0.000	-0.14277562
-1.650	-0.350	0.000	-0.14094369
-1.550	-0.350	0.000	-0.14053807
-1.450	-0.350	0.000	-0.13686489
-1.350	-0.350	0.000	-0.13690430
-1.250	-0.350	0.000	-0.13296962
-1.150	-0.350	0.000	-0.13094604
-1.050	-0.350	0.000	-0.12743264
-0.950	-0.350	0.000	-0.12382524
-0.850	-0.350	0.000	-0.12083848
-0.750	-0.350	0.000	-0.11872544
-0.650	-0.350	0.000	-0.11553659
-0.550	-0.350	0.000	-0.11208481
-0.450	-0.350	0.000	-0.10661910
-0.350	-0.350	0.000	-0.10282194
-0.250	-0.350	0.000	-0.09834470
-0.150	-0.350	0.000	-0.09477698
-0.050	-0.350	0.000	-0.09168058
0.050	-0.350	0.000	-0.08922948
0.150	-0.350	0.000	-0.08539689
0.250	-0.350	0.000	-0.07804214
0.350	-0.350	0.000	-0.07096127
0.450	-0.350	0.000	-0.06581040
0.550	-0.350	0.000	-0.06587887
0.650	-0.350	0.000	-0.06755462
0.750	-0.350	0.000	-0.07020240
0.850	-0.350	0.000	-0.07677522
0.950	-0.350	0.000	-0.08285096
1.050	-0.350	0.000	-0.08861693
1.150	-0.350	0.000	-0.09362042
1.250	-0.350	0.000	-0.09611806
1.350	-0.350	0.000	-0.09352141
1.450	-0.350	0.000	-0.08977406
1.550	-0.350	0.000	-0.08397562
1.650	-0.350	0.000	-0.07802974
1.750	-0.350	0.000	-0.07307802
1.850	-0.350	0.000	-0.06689365
1.950	-0.350	0.000	-0.06083907
2.050	-0.350	0.000	-0.04984864
2.150	-0.350	0.000	-0.03930458
2.250	-0.350	0.000	-0.02299399
2.350	-0.350	0.000	-0.01324341
2.450	-0.350	0.000	0.00519342
-2.450	-0.250	0.000	-0.13693237
-2.350	-0.250	0.000	-0.14019708
-2.250	-0.250	0.000	-0.13624769
-2.150	-0.250	0.000	-0.14187509
-2.050	-0.250	0.000	-0.14036787
-1.950	-0.250	0.000	-0.14184843
-1.850	-0.250	0.000	-0.14084522
-1.750	-0.250	0.000	-0.14136983
-1.650	-0.250	0.000	-0.14009053
-1.550	-0.250	0.000	-0.13992794
-1.450	-0.250	0.000	-0.13715792
-1.350	-0.250	0.000	-0.13667603
-1.250	-0.250	0.000	-0.13295388
-1.150	-0.250	0.000	-0.13081096
-1.050	-0.250	0.000	-0.12725778
-0.950	-0.250	0.000	-0.12335103
-0.850	-0.250	0.000	-0.12047952
-0.750	-0.250	0.000	-0.11764157
-0.650	-0.250	0.000	-0.11419997
-0.550	-0.250	0.000	-0.10944474
-0.450	-0.250	0.000	-0.10485490
-0.350	-0.250	0.000	-0.09840926
-0.250	-0.250	0.000	-0.09430090
-0.150	-0.250	0.000	-0.08989095
-0.050	-0.250	0.000	-0.08720867
0.050	-0.250	0.000	-0.08734310
0.150	-0.250	0.000	-0.08596326
0.250	-0.250	0.000	-0.08306028
0.350	-0.250	0.000	-0.07799637
0.450	-0.250	0.000	-0.07346386
0.550	-0.250	0.000	-0.07045210
0.650	-0.250	0.000	-0.06869874
0.750	-0.250	0.000	-0.06915175
0.850	-0.250	0.000	-0.07299925
0.950	-0.250	0.000	-0.07642589
1.050	-0.250	0.000	-0.08087706
1.150	-0.250	0.000	-0.08429299
1.250	-0.250	0.000	-0.08648837
1.350	-0.250	0.000	-0.08397261
1.450	-0.250	0.000	-0.08088004
1.550	-0.250	0.000	-0.07535531
1.650	-0.250	0.000	-0.07012780
1.750	-0.250	0.000	-0.06519714
1.850	-0.250	0.000	-0.05950007
1.950	-0.250	0.000	-0.05503647
2.050	-0.250	0.000	-0.04591187
2.150	-0.250	0.000	-0.03678211
2.250	-0.250	0.000	-0.02196147
2.350	-0.250	0.000	-0.01188010
2.450	-0.250	0.000	0.00829265
-2.450	-0.150	0.000	-0.12576330
-2.350	-0.150	0.000	-0.13056117
-2.250	-0.150	0.000	-0.12668751
-2.150	-0.150	0.000	-0.13203397
-2.050	-0.150	0.000	-0.13242559
-1.950	-0.150	0.000	-0.13637139
-1.850	-0.150	0.000	-0.13771865
-1.750	-0.150	0.000	-0.13947739
-1.650	-0.150	0.000	-0.13881034
-1.550	-0.150	0.000	-0.13940163
-1.450	-0.150	0.000	-0.13764541
-1.350	-0.150	0.000	-0.13679476
-1.250	-0.150	0.000	-0.13356954
-1.150	-0.150	0.000	-0.13137706
-1.050	-0.150	0.000	-0.12783664
-0.950	-0.150	0.000	-0.12438817
-0.850	-0.150	0.000	-0.12197664
-0.750	-0.150	0.000	-0.11918432
-0.650	-0.150	0.000	-0.11608011
-0.550	-0.150	0.000	-0.11145361
-0.450	-0.150	0.000	-0.10687422
-0.350	-0.150	0.000	-0.09977135
-0.250	-0.150	0.000	-0.09450041
-0.150	-0.150	0.000	-0.08978984
-0.050	-0.150	0.000	-0.08597033
0.050	-0.150	0.000	-0.08647727
0.150	-0.150	0.000	-0.08745129
0.250	-0.150	0.000	-0.08738877
0.350	-0.150	0.000	-0.08505316
0.450	-0.150	0.000	-0.08115725
0.550	-0.150	0.000	-0.07690732
0.650	-0.150	0.000	-0.07302936
0.750	-0.150	0.000	-0.07060406
0.850	-0.150	0.000	-0.07141727
0.950	-0.150	0.000	-0.07218098
1.050	-0.150	0.000	-0.07588606
1.150	-0.150	0.000	-0.07714069
1.250	-0.150	0.000	-0.07861631
1.350	-0.150	0.000	-0.07551698
1.450	-0.150	0.000	-0.07238185
1.550	-0.150	0.000	-0.06717765
1.650	-0.150	0.000	-0.06196576
1.750	-0.150	0.000	-0.05766213
1.850	-0.150	0.000	-0.05209510
1.950	-0.150	0.000	-0.04816648
2.050	-0.150	0.000	-0.04030389
2.150	-0.150	0.000	-0.03387246
2.250	-0.150	0.000	-0.01998665
2.350	-0.150	0.000	-0.01048486
2.450	-0.150	0.000	0.00923244
-2.450	-0.050	0.000	-0.11779559
-2.350	-0.050	0.000	-0.12342793
-2.250	-0.050	0.000	-0.11806580
-2.150	-0.050	0.000	-0.12241238
-2.050	-0.050	0.000	-0.12446503
-1.950	-0.050	0.000	-0.13055909
-1.850	-0.050	0.000	-0.13272093
-1.750	-0.050	0.000	-0.13591811
-1.650	-0.050	0.000	-0.13617648
-1.550	-0.050	0.000	-0.13690209
-1.450	-0.050	0.000	-0.13625242
-1.350	-0.050	0.000	-0.13517374
-1.250	-0.050	0.000	-0.13334376
-1.150	-0.050	0.000	-0.13147473
-1.050	-0.050	0.000	-0.12890889
-0.950	-0.050	0.000	-0.12696064
-0.850	-0.050	0.000	-0.12488934
-0.750	-0.050	0.000	-0.12243955
-0.650	-0.050	0.000	-0.11935689
-0.550	-0.050	0.000	-0.11637130
-0.450	-0.050	0.000	-0.11291590
-0.350	-0.050	0.000	-0.10844577
-0.250	-0.050	0.000	-0.10049278
-0.150	-0.050	0.000	-0.09413529
-0.050	-0.050	0.000	-0.08900952
0.050	-0.050	0.000	-0.08738562
0.150	-0.050	0.000	-0.08873549
0.250	-0.050	0.000	-0.09071959
0.350	-0.050	0.000	-0.09149348
0.450	-0.050	0.000	-0.08912329
0.550	-0.050	0.000	-0.08387949
0.650	-0.050	0.000	-0.07810786
0.750	-0.050	0.000	-0.07367912
0.850	-0.050	0.000	-0.07114716
0.950	-0.050	0.000	-0.06948955
1.050	-0.050	0.000	-0.07218489
1.150	-0.050	0.000	-0.07192019
1.250	-0.050	0.000	-0.07275850
1.350	-0.050	0.000	-0.06979235
1.450	-0.050	0.000	-0.06614391
1.550	-0.050	0.000	-0.06111677
1.650	-0.050	0.000	-0.05550862
1.750	-0.050	0.000	-0.05121442
1.850	-0.050	0.000	-0.04552924
1.950	-0.050	0.000	-0.04090195
2.050	-0.050	0.000	-0.03427388
2.150	-0.050	0.000	-0.03005115
2.250	-0.050	0.000	-0.01822767
2.350	-0.050	0.000	-0.01081986
2.450	-0.050	0.000	0.00780235
-2.450	0.050	0.000	-0.10858388
-2.350	0.050	0.000	-0.11466041
-2.250	0.050	0.000	-0.10828468
-2.150	0.050	0.000	-0.11080769
-2.050	0.050	0.000	-0.11403064
-1.950	0.050	0.000	-0.12206523
-1.850	0.050	0.000	-0.12505579
-1.750	0.050	0.000	-0.12911627
-1.650	0.050	0.000	-0.13036194
-1.550	0.050	0.000	-0.13165079
-1.450	0.050	0.000	-0.13176157
-1.350	0.050	0.000	-0.13100779
-1.250	0.050	0.000	-0.13093708
-1.150	0.050	0.000	-0.12990209
-1.050	0.050	0.000	-0.12873517
-0.950	0.050	0.000	-0.12863623
-0.850	0.050	0.000	-0.12766689
-0.750	0.050	0.000	-0.12605864
-0.650	0.050	0.000	-0.12375044
-0.550	0.050	0.000	-0.12204626
-0.450	0.050	0.000	-0.11894277
-0.350	0.050	0.000	-0.11634621
-0.250	0.050	0.000	-0.11081015
-0.150	0.050	0.000	-0.10379642
-0.050	0.050	0.000	-0.09682162
0.050	0.050	0.000	-0.09130705
0.150	0.050	0.000	-0.08930841
0.250	0.050	0.000	-0.09106006
0.350	0.050	0.000	-0.09273589
0.450	0.050	0.000	-0.09290832
0.550	0.050	0.000	-0.08831322
0.650	0.050	0.000	-0.08255896
0.750	0.050	0.000	-0.07690307
0.850	0.050	0.000	-0.07235545
0.950	0.050	0.000	-0.06902014
1.050	0.050	0.000	-0.07068105
1.150	0.050	0.000	-0.06919936
1.250	0.050	0.000	-0.06900742
1.350	0.050	0.000	-0.06659208
1.450	0.050	0.000	-0.06373186
1.550	0.050	0.000	-0.05978544
1.650	0.050	0.000	-0.05454022
1.750	0.050	0.000	-0.04970481
1.850	0.050	0.000	-0.04400918
1.950	0.050	0.000	-0.03948233
2.050	0.050	0.000	-0.03285805
2.150	0.050	0.000	-0.02929143
2.250	0.050	0.000	-0.01772602
2.350	0.050	0.000	-0.01277093
2.450	0.050	0.000	0.00401636
-2.450	0.150	0.000	-0.10255747
-2.350	0.150	0.000	-0.10744260
-2.250	0.150	0.000	-0.09915823
-2.150	0.150	0.000	-0.10070802
-2.050	0.150	0.000	-0.10445205
-1.950	0.150	0.000	-0.11420919
-1.850	0.150	0.000	-0.11853252
-1.750	0.150	0.000	-0.12278741
-1.650	0.150	0.000	-0.12472581
-1.550	0.150	0.000	-0.12607718
-1.450	0.150	0.000	-0.12683754
-1.350	0.150	0.000	-0.12684177
-1.250	0.150	0.000	-0.12774299
-1.150	0.150	0.000	-0.12763561
-1.050	0.150	0.000	-0.12723985
-0.950	0.150	0.000	-0.12824668
-0.850	0.150	0.000	-0.12862599
-0.750	0.150	0.000	-0.12885094
-0.650	0.150	0.000	-0.12835838
-0.550	0.150	0.000	-0.12751025
-0.450	0.150	0.000	-0.12612647
-0.350	0.150	0.000	-0.12313285
-0.250	0.150	0.000	-0.11908972
-0.150	0.150	0.000	-0.11352415
-0.050	0.150	0.000	-0.10613717
0.050	0.150	0.000	-0.09770997
0.150	0.150	0.000	-0.09169748
0.250	0.150	0.000	-0.09014565
0.350	0.150	0.000	-0.09064718
0.450	0.150	0.000	-0.09096247
0.550	0.150	0.000	-0.08757935
0.650	0.150	0.000	-0.08235215
0.750	0.150	0.000	-0.07601080
0.850	0.150	0.000	-0.07073014
0.950	0.150	0.000	-0.06605418
1.050	0.150	0.000	-0.06615938
1.150	0.150	0.000	-0.06442922
1.250	0.150	0.000	-0.06318171
1.350	0.150	0.000	-0.06084142
1.450	0.150	0.000	-0.05842009
1.550	0.150	0.000	-0.05521128
1.650	0.150	0.000	-0.05072569
1.750	0.150	0.000	-0.04603477
1.850	0.150	0.000	-0.04049393
1.950	0.150	0.000	-0.03672214
2.050	0.150	0.000	-0.03072604
2.150	0.150	0.000	-0.02804497
2.250	0.150	0.000	-0.01915533
2.350	0.150	0.000	-0.01535778
2.450	0.150	0.000	-0.00078359
-2.450	0.250	0.000	-0.09702590
-2.350	0.250	0.000	-0.10130212
-2.250	0.250	0.000	-0.08981479
-2.150	0.250	0.000	-0.08965167
-2.050	0.250	0.000	-0.09426923
-1.950	0.250	0.000	-0.10422694
-1.850	0.250	0.000	-0.11008479
-1.750	0.250	0.000	-0.11366270
-1.650	0.250	0.000	-0.11638763
-1.550	0.250	0.000	-0.11810025
-1.450	0.250	0.000	-0.12011737
-1.350	0.250	0.000	-0.12107264
-1.250	0.250	0.000	-0.12258643
-1.150	0.250	0.000	-0.12343246
-1.050	0.250	0.000	-0.12431912
-0.950	0.250	0.000	-0.12596914
-0.850	0.250	0.000	-0.12713391
-0.750	0.250	0.000	-0.12823497
-0.650	0.250	0.000	-0.12900685
-0.550	0.250	0.000	-0.12919454
-0.450	0.250	0.000	-0.12905607
-0.350	0.250	0.000	-0.12681790
-0.250	0.250	0.000	-0.12443729
-0.150	0.250	0.000	-0.12025946
-0.050	0.250	0.000	-0.11348196
0.050	0.250	0.000	-0.10447460
0.150	0.250	0.000	-0.09558713
0.250	0.250	0.000	-0.08968718
0.350	0.250	0.000	-0.08681412
0.450	0.250	0.000	-0.08548627
0.550	0.250	0.000	-0.08271244
0.650	0.250	0.000	-0.07889093
0.750	0.250	0.000	-0.07301288
0.850	0.250	0.000	-0.06750847
0.950	0.250	0.000	-0.06187973
1.050	0.250	0.000	-0.06090666
1.150	0.250	0.000	-0.05939952
1.250	0.250	0.000	-0.05844401
1.350	0.250	0.000	-0.05689294
1.450	0.250	0.000	-0.05468718
1.550	0.250	0.000	-0.05144288
1.650	0.250	0.000	-0.04653532
1.750	0.250	0.000	-0.04152118
1.850	0.250	0.000	-0.03507805
1.950	0.250	0.000	-0.03020336
2.050	0.250	0.000	-0.02373278
2.150	0.250	0.000	-0.02091722
2.250	0.250	0.000	-0.01485424
2.350	0.250	0.000	-0.01200829
2.450	0.250	0.000	-0.00018648
-2.450	0.350	0.000	-0.09007584
-2.350	0.350	0.000	-0.09469361
-2.250	0.350	0.000	-0.08463819
-2.150	0.350	0.000	-0.08313745
-2.050	0.350	0.000	-0.08686105
-1.950	0.350	0.000	-0.09649538
-1.850	0.350	0.000	-0.10271049
-1.750	0.350	0.000	-0.10537525
-1.650	0.350	0.000	-0.10827285
-1.550	0.350	0.000	-0.10997314
-1.450	0.350	0.000	-0.11250684
-1.350	0.350	0.000	-0.11408571
-1.250	0.350	0.000	-0.11606117
-1.150	0.350	0.000	-0.11820286
-1.050	0.350	0.000	-0.12064015
-0.950	0.350	0.000	-0.12342548
-0.850	0.350	0.000	-0.12619023
-0.750	0.350	0.000	-0.12782906
-0.650	0.350	0.000	-0.12874648
-0.550	0.350	0.000	-0.12935370
-0.450	0.350	0.000	-0.12906154
-0.350	0.350	0.000	-0.12817088
-0.250	0.350	0.000	-0.12631597
-0.150	0.350	0.000	-0.12337767
-0.050	0.350	0.000	-0.11852305
0.050	0.350	0.000	-0.11015167
0.150	0.350	0.000	-0.09997004
0.250	0.350	0.000	-0.09145770
0.350	0.350	0.000	-0.08540579
0.450	0.350	0.000	-0.08056101
0.550	0.350	0.000	-0.07559241
0.650	0.350	0.000	-0.07115487
0.750	0.350	0.000	-0.06520779
0.850	0.350	0.000	-0.05881171
0.950	0.350	0.000	-0.05246420
1.050	0.350	0.000	-0.05004495
1.150	0.350	0.000	-0.04890290
1.250	0.350	0.000	-0.04774927
1.350	0.350	0.000	-0.04670355
1.450	0.350	0.000	-0.04533963
1.550	0.350	0.000	-0.04362036
1.650	0.350	0.000	-0.04043525
1.750	0.350	0.000	-0.03553855
1.850	0.350	0.000	-0.02849665
1.950	0.350	0.000	-0.02171244
2.050	0.350	0.000	-0.01293753
2.150	0.350	0.000	-0.00760451
2.250	0.350	0.000	-0.00069405
2.350	0.350	0.000	0.00261791
2.450	0.350	0.000	0.01084850
-2.450	0.450	0.000	-0.07840871
-2.350	0.450	0.000	-0.08150930
-2.250	0.450	0.000	-0.07261462
-2.150	0.450	0.000	-0.07248712
-2.050	0.450	0.000	-0.07612549
-1.950	0.450	0.000	-0.08566599
-1.850	0.450	0.000	-0.09285017
-1.750	0.450	0.000	-0.09533115
-1.650	0.450	0.000	-0.09849783
-1.550	0.450	0.000	-0.10057053
-1.450	0.450	0.000	-0.10358150
-1.350	0.450	0.000	-0.10589664
-1.250	0.450	0.000	-0.10851326
-1.150	0.450	0.000	-0.11111433
-1.050	0.450	0.000	-0.11419259
-0.950	0.450	0.000	-0.11713266
-0.850	0.450	0.000	-0.12085031
-0.750	0.450	0.000	-0.12294076
-0.650	0.450	0.000	-0.12495033
-0.550	0.450	0.000	-0.12588972
-0.450	0.450	0.000	-0.12642600
-0.350	0.450	0.000	-0.12512515
-0.250	0.450	0.000	-0.12407091
-0.150	0.450	0.000	-0.12114126
-0.050	0.450	0.000	-0.11703247
0.050	0.450	0.000	-0.11027750
0.150	0.450	0.000	-0.10154135
0.250	0.450	0.000	-0.09307611
0.350	0.450	0.000	-0.08555704
0.450	0.450	0.000	-0.07880750
0.550	0.450	0.000	-0.07197624
0.650	0.450	0.000	-0.06527728
0.750	0.450	0.000	-0.05863415
0.850	0.450	0.000	-0.05177171
0.950	0.450	0.000	-0.04499484
1.050	0.450	0.000	-0.04109321
1.150	0.450	0.000	-0.03956177
1.250	0.450	0.000	-0.03749254
1.350	0.450	0.000	-0.03585541
1.450	0.450	0.000	-0.03362656
1.550	0.450	0.000	-0.03178085
1.650	0.450	0.000	-0.02907381
1.750	0.450	0.000	-0.02489107
1.850	0.450	0.000	-0.01914153
1.950	0.450	0.000	-0.01288174
2.050	0.450	0.000	-0.00489211
2.150	0.450	0.000	0.00123152
2.250	0.450	0.000	0.00901369
2.350	0.450	0.000	0.01421662
2.450	0.450	0.000	0.02515136
-2.450	0.550	0.000	-0.06922845
-2.350	0.550	0.000	-0.07251024
-2.250	0.550	0.000	-0.06175262
-2.150	0.550	0.000	-0.06420904
-2.050	0.550	0.000	-0.06960049
-1.950	0.550	0.000	-0.07769279
-1.850	0.550	0.000	-0.08374059
-1.750	0.550	0.000	-0.08585802
-1.650	0.550	0.000	-0.08896721
-1.550	0.550	0.000	-0.09156275
-1.450	0.550	0.000	-0.09432549
-1.350	0.550	0.000	-0.09750435
-1.250	0.550	0.000	-0.10041691
-1.150	0.550	0.000	-0.10313952
-1.050	0.550	0.000	-0.10622970
-0.950	0.550	0.000	-0.10919560
-0.850	0.550	0.000	-0.11322638
-0.750	0.550	0.000	-0.11535205
-0.650	0.550	0.000	-0.11776406
-0.550	0.550	0.000	-0.11909400
-0.450	0.550	0.000	-0.11993002
-0.350	0.550	0.000	-0.11980921
-0.250	0.550	0.000	-0.11825009
-0.150	0.550	0.000	-0.11645445
-0.050	0.550	0.000	-0.11301904
0.050	0.550	0.000	-0.10711718
0.150	0.550	0.000	-0.09958534
0.250	0.550	0.000	-0.09118162
0.350	0.550	0.000	-0.08430417
0.450	0.550	0.000	-0.07724279
0.550	0.550	0.000	-0.06975768
0.650	0.550	0.000	-0.06102481
0.750	0.550	0.000	-0.05225885
0.850	0.550	0.000	-0.04325435
0.950	0.550	0.000	-0.03565529
1.050	0.550	0.000	-0.02964578
1.150	0.550	0.000	-0.02664897
1.250	0.550	0.000	-0.02349916
1.350	0.550	0.000	-0.02144324
1.450	0.550	0.000	-0.01858205
1.550	0.550	0.000	-0.01586272
1.650	0.550	0.000	-0.01232610
1.750	0.550	0.000	-0.00712876
1.850	0.550	0.000	-0.00077459
1.950	0.550	0.000	0.00618737
2.050	0.550	0.000	0.01410099
2.150	0.550	0.000	0.02014478
2.250	0.550	0.000	0.02772219
2.350	0.550	0.000	0.03255544
2.450	0.550	0.000	0.04370658
-2.450	0.650	0.000	-0.05739794
-2.350	0.650	0.000	-0.06193246
-2.250	0.650	0.000	-0.05005966
-2.150	0.650	0.000	-0.05219075
-2.050	0.650	0.000	-0.05876214
-1.950	0.650	0.000	-0.06531218
-1.850	0.650	0.000	-0.07124197
-1.750	0.650	0.000	-0.07345341
-1.650	0.650	0.000	-0.07762452
-1.550	0.650	0.000	-0.08129748
-1.450	0.650	0.000	-0.08468080
-1.350	0.650	0.000	-0.08849545
-1.250	0.650	0.000	-0.09142311
-1.150	0.650	0.000	-0.09435263
-1.050	0.650	0.000	-0.09747255
-0.950	0.650	0.000	-0.10009088
-0.850	0.650	0.000	-0.10360803
-0.750	0.650	0.000	-0.10541466
-0.650	0.650	0.000	-0.10755149
-0.550	0.650	0.000	-0.10882634
-0.450	0.650	0.000	-0.10983553
-0.350	0.650	0.000	-0.10985451
-0.250	0.650	0.000	-0.10884001
-0.150	0.650	0.000	-0.10735438
-0.050	0.650	0.000	-0.10522495
0.050	0.650	0.000	-0.10122122
0.150	0.650	0.000	-0.09576853
0.250	0.650	0.000	-0.08926807
0.350	0.650	0.000	-0.08302664
0.450	0.650	0.000	-0.07661790
0.550	0.650	0.000	-0.06954003
0.650	0.650	0.000	-0.06003095
0.750	0.650	0.000	-0.05011247
0.850	0.650	0.000	-0.03909115
0.950	0.650	0.000	-0.03032319
1.050	0.650	0.000	-0.02253800
1.150	0.650	0.000	-0.01763982
1.250	0.650	0.000	-0.01302080
1.350	0.650	0.000	-0.00956949
1.450	0.650	0.000	-0.00520058
1.550	0.650	0.000	-0.00135052
1.650	0.650	0.000	0.00262008
1.750	0.650	0.000	0.00716451
1.850	0.650	0.000	0.01248911
1.950	0.650	0.000	0.01851264
2.050	0.650	0.000	0.02525825
2.150	0.650	0.000	0.03163302
2.250	0.650	0.000	0.03923345
2.350	0.650	0.000	0.04481731
2.450	0.650	0.000	0.05546528
-2.450	0.750	0.000	-0.04700278
-2.350	0.750	0.000	-0.05104649
-2.250	0.750	0.000	-0.04272686
-2.150	0.750	0.000	-0.04441503
-2.050	0.750	0.000	-0.05057906
-1.950	0.750	0.000	-0.05474910
-1.850	0.750	0.000	-0.06044264
-1.750	0.750	0.000	-0.06247560
-1.650	0.750	0.000	-0.06614201
-1.550	0.750	0.000	-0.06976804
-1.450	0.750	0.000	-0.07319713
-1.350	0.750	0.000	-0.07714249
-1.250	0.750	0.000	-0.08050808
-1.150	0.750	0.000	-0.08418918
-1.050	0.750	0.000	-0.08796109
-0.950	0.750	0.000	-0.09023558
-0.850	0.750	0.000	-0.09287488
-0.750	0.750	0.000	-0.09403165
-0.650	0.750	0.000	-0.09575488
-0.550	0.750	0.000	-0.09719720
-0.450	0.750	0.000	-0.09806660
-0.350	0.750	0.000	-0.09835408
-0.250	0.750	0.000	-0.09768267
-0.150	0.750	0.000	-0.09711277
-0.050	0.750	0.000	-0.09556098
0.050	0.750	0.000	-0.09263529
0.150	0.750	0.000	-0.08815980
0.250	0.750	0.000	-0.08307745
0.350	0.750	0.000	-0.07795223
0.450	0.750	0.000	-0.07246242
0.550	0.750	0.000	-0.06517372
0.650	0.750	0.000	-0.05606268
0.750	0.750	0.000	-0.04652942
0.850	0.750	0.000	-0.03610972
0.950	0.750	0.000	-0.02754186
1.050	0.750	0.000	-0.01937286
1.150	0.750	0.000	-0.01355825
1.250	0.750	0.000	-0.00860038
1.350	0.750	0.000	-0.00470168
1.450	0.750	0.000	-0.00019616
1.550	0.750	0.000	0.00344883
1.650	0.750	0.000	0.00727741
1.750	0.750	0.000	0.01164990
1.850	0.750	0.000	0.01594436
1.950	0.750	0.000	0.02053637
2.050	0.750	0.000	0.02570126
2.150	0.750	0.000	0.03119998
2.250	0.750	0.000	0.03678776
2.350	0.750	0.000	0.04136752
2.450	0.750	0.000	0.04929069
-2.450	0.850	0.000	-0.03172458
-2.350	0.850	0.000	-0.03240107
-2.250	0.850	0.000	-0.02836770
-2.150	0.850	0.000	-0.02979795
-2.050	0.850	0.000	-0.03546578
-1.950	0.850	0.000	-0.03984823
-1.850	0.850	0.000	-0.04550374
-1.750	0.850	0.000	-0.04850605
-1.650	0.850	0.000	-0.05281756
-1.550	0.850	0.000	-0.05688180
-1.450	0.850	0.000	-0.06014827
-1.350	0.850	0.000	-0.06379884
-1.250	0.850	0.000	-0.06709851
-1.150	0.850	0.000	-0.07074615
-1.050	0.850	0.000	-0.07483820
-0.950	0.850	0.000	-0.07767474
-0.850	0.850	0.000	-0.08055689
-0.750	0.850	0.000	-0.08180244
-0.650	0.850	0.000	-0.08375820
-0.550	0.850	0.000	-0.08527686
-0.450	0.850	0.000	-0.08614787
-0.350	0.850	0.000	-0.08669481
-0.250	0.850	0.000	-0.08625884
-0.150	0.850	0.000	-0.08587473
-0.050	0.850	0.000	-0.08458365
0.050	0.850	0.000	-0.08268069
0.150	0.850	0.000	-0.08016387
0.250	0.850	0.000	-0.07701050
0.350	0.850	0.000	-0.07360785
0.450	0.850	0.000	-0.06924503
0.550	0.850	0.000	-0.06290641
0.650	0.850	0.000	-0.05439441
0.750	0.850	0.000	-0.04494798
0.850	0.850	0.000	-0.03526892
0.950	0.850	0.000	-0.02790044
1.050	0.850	0.000	-0.02078095
1.150	0.850	0.000	-0.01521509
1.250	0.850	0.000	-0.00932942
1.350	0.850	0.000	-0.00431761
1.450	0.850	0.000	0.00073823
1.550	0.850	0.000	0.00494865
1.650	0.850	0.000	0.00864914
1.750	0.850	0.000	0.01239774
1.850	0.850	0.000	0.01557468
1.950	0.850	0.000	0.01900788
2.050	0.850	0.000	0.02284326
2.150	0.850	0.000	0.02702221
2.250	0.850	0.000	0.02975523
2.350	0.850	0.000	0.03192133
2.450	0.850	0.000	0.03508224
-2.450	0.950	0.000	-0.02250938
-2.350	0.950	0.000	-0.02124440
-2.250	0.950	0.000	-0.01809791
-2.150	0.950	0.000	-0.01836956
-2.050	0.950	0.000	-0.02396191
-1.950	0.950	0.000	-0.02672492
-1.850	0.950	0.000	-0.03151023
-1.750	0.950	0.000	-0.03454546
-1.650	0.950	0.000	-0.03882788
-1.550	0.950	0.000	-0.04409834
-1.450	0.950	0.000	-0.04768469
-1.350	0.950	0.000	-0.05228378
-1.250	0.950	0.000	-0.05590240
-1.150	0.950	0.000	-0.05933385
-1.050	0.950	0.000	-0.06251247
-0.950	0.950	0.000	-0.06458702
-0.850	0.950	0.000	-0.06632610
-0.750	0.950	0.000	-0.06756523
-0.650	0.950	0.000	-0.06914525
-0.550	0.950	0.000	-0.07085849
-0.450	0.950	0.000	-0.07204991
-0.350	0.950	0.000	-0.07308909
-0.250	0.950	0.000	-0.07304148
-0.150	0.950	0.000	-0.07298163
-0.050	0.950	0.000	-0.07207975
0.050	0.950	0.000	-0.07088782
0.150	0.950	0.000	-0.06892370
0.250	0.950	0.000	-0.06651693
0.350	0.950	0.000	-0.06333729
0.450	0.950	0.000	-0.05916473
0.550	0.950	0.000	-0.05297295
0.650	0.950	0.000	-0.04498093
0.750	0.950	0.000	-0.03684086
0.850	0.950	0.000	-0.02978712
0.950	0.950	0.000	-0.02536786
1.050	0.950	0.000	-0.02195675
1.150	0.950	0.000	-0.01885143
1.250	0.950	0.000	-0.01570467
1.350	0.950	0.000	-0.01285638
1.450	0.950	0.000	-0.00981475
1.550	0.950	0.000	-0.00709915
1.650	0.950	0.000	-0.00454287
1.750	0.950	0.000	-0.00221003
1.850	0.950	0.000	-0.00039601
1.950	0.950	0.000	0.00150158
2.050	0.950	0.000	0.00321808
2.150	0.950	0.000	0.00543761
2.250	0.950	0.000	0.00581149
2.350	0.950	0.000	0.00679070
2.450	0.950	0.000	0.00774851
-2.450	1.050	0.000	-0.01304502
-2.350	1.050	0.000	-0.00806335
-2.250	1.050	0.000	-0.00763517
-2.150	1.050	0.000	-0.00576888
-2.050	1.050	0.000	-0.01124782
-1.950	1.050	0.000	-0.01138456
-1.850	1.050	0.000	-0.01658522
-1.750	1.050	0.000	-0.02002085
-1.650	1.050	0.000	-0.02399154
-1.550	1.050	0.000	-0.02987417
-1.450	1.050	0.000	-0.03397673
-1.350	1.050	0.000	-0.03927162
-1.250	1.050	0.000	-0.04285559
-1.150	1.050	0.000	-0.04638238
-1.050	1.050	0.000	-0.04915229
-0.950	1.050	0.000	-0.05091223
-0.850	1.050	0.000	-0.05220200
-0.750	1.050	0.000	-0.05304863
-0.650	1.050	0.000	-0.05416501
-0.550	1.050	0.000	-0.05569969
-0.450	1.050	0.000	-0.05685844
-0.350	1.050	0.000	-0.05848651
-0.250	1.050	0.000	-0.05972985
-0.150	1.050	0.000	-0.06127395
-0.050	1.050	0.000	-0.06163501
0.050	1.050	0.000	-0.06206259
0.150	1.050	0.000	-0.06141652
0.250	1.050	0.000	-0.06017525
0.350	1.050	0.000	-0.05751690
0.450	1.050	0.000	-0.05366033
0.550	1.050	0.000	-0.04765149
0.650	1.050	0.000	-0.04042212
0.750	1.050	0.000	-0.03344475
0.850	1.050	0.000	-0.02764710
0.950	1.050	0.000	-0.02502484
1.050	1.050	0.000	-0.02327059
1.150	1.050	0.000	-0.02173094
1.250	1.050	0.000	-0.02045217
1.350	1.050	0.000	-0.01921231
1.450	1.050	0.000	-0.01758847
1.550	1.050	0.000	-0.01588150
1.650	1.050	0.000	-0.01375223
1.750	1.050	0.000	-0.01179133
1.850	1.050	0.000	-0.01073377
1.950	1.050	0.000	-0.00984749
2.050	1.050	0.000	-0.01013398
2.150	1.050	0.000	-0.00950587
2.250	1.050	0.000	-0.01034885
2.350	1.050	0.000	-0.01062485
2.450	1.050	0.000	-0.01136068
-2.450	1.150	0.000	-0.00669640
-2.350	1.150	0.000	-0.00099517
-2.250	1.150	0.000	-0.00061797
-2.150	1.150	0.000	0.00421660
-2.050	1.150	0.000	-0.00247203
-1.950	1.150	0.000	-0.00040676
-1.850	1.150	0.000	-0.00597486
-1.750	1.150	0.000	-0.00863325
-1.650	1.150	0.000	-0.01222159
-1.550	1.150	0.000	-0.01734318
-1.450	1.150	0.000	-0.02143095
-1.350	1.150	0.000	-0.02602247
-1.250	1.150	0.000	-0.02941430
-1.150	1.150	0.000	-0.03208718
-1.050	1.150	0.000	-0.03441123
-0.950	1.150	0.000	-0.03565242
-0.850	1.150	0.000	-0.03552950
-0.750	1.150	0.000	-0.03711818
-0.650	1.150	0.000	-0.03811288
-0.550	1.150	0.000	-0.03979591
-0.450	1.150	0.000	-0.04118917
-0.350	1.150	0.000	-0.04279979
-0.250	1.150	0.000	-0.04412788
-0.150	1.150	0.000	-0.04563088
-0.050	1.150	0.000	-0.04617549
0.050	1.150	0.000	-0.04652274
0.150	1.150	0.000	-0.04568544
0.250	1.150	0.000	-0.04418366
0.350	1.150	0.000	-0.04136314
0.450	1.150	0.000	-0.03727569
0.550	1.150	0.000	-0.03149653
0.650	1.150	0.000	-0.02544281
0.750	1.150	0.000	-0.02043842
0.850	1.150	0.000	-0.01826056
0.950	1.150	0.000	-0.02015281
1.050	1.150	0.000	-0.02320989
1.150	1.150	0.000	-0.02549548
1.250	1.150	0.000	-0.02623671
1.350	1.150	0.000	-0.02658885
1.450	1.150	0.000	-0.02607014
1.550	1.150	0.000	-0.02500810
1.650	1.150	0.000	-0.02367060
1.750	1.150	0.000	-0.02256891
1.850	1.150	0.000	-0.02235180
1.950	1.150	0.000	-0.02196293
2.050	1.150	0.000	-0.02237014
2.150	1.150	0.000	-0.02161613
2.250	1.150	0.000	-0.02187437
2.350	1.150	0.000	-0.02185116
2.450	1.150	0.000	-0.02265325
-2.450	1.250	0.000	-0.00224967
-2.350	1.250	0.000	0.00471787
-2.250	1.250	0.000	0.00287359
-2.150	1.250	0.000	0.01093227
-2.050	1.250	0.000	0.00412361
-1.950	1.250	0.000	0.00592460
-1.850	1.250	0.000	0.00128882
-1.750	1.250	0.000	-0.00135771
-1.650	1.250	0.000	-0.00446892
-1.550	1.250	0.000	-0.00861013
-1.450	1.250	0.000	-0.01207604
-1.350	1.250	0.000	-0.01551768
-1.250	1.250	0.000	-0.01766113
-1.150	1.250	0.000	-0.01944491
-1.050	1.250	0.000	-0.02073700
-0.950	1.250	0.000	-0.02117421
-0.850	1.250	0.000	-0.02090134
-0.750	1.250	0.000	-0.02261467
-0.650	1.250	0.000	-0.02404854
-0.550	1.250	0.000	-0.02620761
-0.450	1.250	0.000	-0.02851840
-0.350	1.250	0.000	-0.03039747
-0.250	1.250	0.000	-0.03234135
-0.150	1.250	0.000	-0.03441020
-0.050	1.250	0.000	-0.03578331
0.050	1.250	0.000	-0.03760149
0.150	1.250	0.000	-0.03819324
0.250	1.250	0.000	-0.03732791
0.350	1.250	0.000	-0.03465070
0.450	1.250	0.000	-0.03052187
0.550	1.250	0.000	-0.02494781
0.650	1.250	0.000	-0.01977984
0.750	1.250	0.000	-0.01650919
0.850	1.250	0.000	-0.01694935
0.950	1.250	0.000	-0.02046883
1.050	1.250	0.000	-0.02543827
1.150	1.250	0.000	-0.02895823
1.250	1.250	0.000	-0.03033534
1.350	1.250	0.000	-0.03113318
1.450	1.250	0.000	-0.03099100
1.550	1.250	0.000	-0.03075985
1.650	1.250	0.000	-0.03008821
1.750	1.250	0.000	-0.02937140
1.850	1.250	0.000	-0.02924383
1.950	1.250	0.000	-0.02876266
2.050	1.250	0.000	-0.02882302
2.150	1.250	0.000	-0.02762350
2.250	1.250	0.000	-0.02768266
2.350	1.250	0.000	-0.02685152
2.450	1.250	0.000	-0.02634073
-2.450	1.350	0.000	0.00416791
-2.350	1.350	0.000	0.01246768
-2.250	1.350	0.000	0.00731199
-2.150	1.350	0.000	0.01388774
-2.050	1.350	0.000	0.00830072
-1.950	1.350	0.000	0.01046612
-1.850	1.350	0.000	0.00607721
-1.750	1.350	0.000	0.00481304
-1.650	1.350	0.000	0.00273994
-1.550	1.350	0.000	0.00002693
-1.450	1.350	0.000	-0.00311604
-1.350	1.350	0.000	-0.00548606
-1.250	1.350	0.000	-0.00756472
-1.150	1.350	0.000	-0.00871721
-1.050	1.350	0.000	-0.00913539
-0.950	1.350	0.000	-0.00918271
-0.850	1.350	0.000	-0.00853596
-0.750	1.350	0.000	-0.00994715
-0.650	1.350	0.000	-0.01026497
-0.550	1.350	0.000	-0.01136992
-0.450	1.350	0.000	-0.01306047
-0.350	1.350	0.000	-0.01510625
-0.250	1.350	0.000	-0.01751047
-0.150	1.350	0.000	-0.01918504
-0.050	1.350	0.000	-0.01947120
0.050	1.350	0.000	-0.02019328
0.150	1.350	0.000	-0.01975373
0.250	1.350	0.000	-0.01832145
0.350	1.350	0.000	-0.01529800
0.450	1.350	0.000	-0.01131064
0.550	1.350	0.000	-0.00685835
0.650	1.350	0.000	-0.00639863
0.750	1.350	0.000	-0.00781971
0.850	1.350	0.000	-0.01308487
0.950	1.350	0.000	-0.01994760
1.050	1.350	0.000	-0.02587609
1.150	1.350	0.000	-0.02865859
1.250	1.350	0.000	-0.02968894
1.350	1.350	0.000	-0.03007790
1.450	1.350	0.000	-0.03004373
1.550	1.350	0.000	-0.02970331
1.650	1.350	0.000	-0.02894892
1.750	1.350	0.000	-0.02782025
1.850	1.350	0.000	-0.02713654
1.950	1.350	0.000	-0.02648438
2.050	1.350	0.000	-0.02715110
2.150	1.350	0.000	-0.02665175
2.250	1.350	0.000	-0.02738375
2.350	1.350	0.000	-0.02751045
2.450	1.350	0.000	-0.02750838
-2.450	1.450	0.000	0.00876873
-2.350	1.450	0.000	0.01689303
-2.250	1.450	0.000	0.01193429
-2.150	1.450	0.000	0.01846657
-2.050	1.450	0.000	0.01103482
-1.950	1.450	0.000	0.01462136
-1.850	1.450	0.000	0.01047038
-1.750	1.450	0.000	0.00821692
-1.650	1.450	0.000	0.00588032
-1.550	1.450	0.000	0.00419338
-1.450	1.450	0.000	0.00187751
-1.350	1.450	0.000	0.00111046
-1.250	1.450	0.000	-0.00115474
-1.150	1.450	0.000	-0.00124952
-1.050	1.450	0.000	-0.00082823
-0.950	1.450	0.000	0.00051884
-0.850	1.450	0.000	0.00222690
-0.750	1.450	0.000	0.00146745
-0.650	1.450	0.000	0.00095617
-0.550	1.450	0.000	-0.00037728
-0.450	1.450	0.000	-0.00303312
-0.350	1.450	0.000	-0.00610292
-0.250	1.450	0.000	-0.00999122
-0.150	1.450	0.000	-0.01302859
-0.050	1.450	0.000	-0.01498958
0.050	1.450	0.000	-0.01621582
0.150	1.450	0.000	-0.01636223
0.250	1.450	0.000	-0.01520145
0.350	1.450	0.000	-0.01174165
0.450	1.450	0.000	-0.00668488
0.550	1.450	0.000	-0.00143251
0.650	1.450	0.000	-0.00183872
0.750	1.450	0.000	-0.00478817
0.850	1.450	0.000	-0.01283529
0.950	1.450	0.000	-0.02213118
1.050	1.450	0.000	-0.02939910
1.150	1.450	0.000	-0.03329580
1.250	1.450	0.000	-0.03448994
1.350	1.450	0.000	-0.03521912
1.450	1.450	0.000	-0.03508702
1.550	1.450	0.000	-0.03445009
1.650	1.450	0.000	-0.03340844
1.750	1.450	0.000	-0.03165709
1.850	1.450	0.000	-0.02996250
1.950	1.450	0.000	-0.02814344
2.050	1.450	0.000	-0.02727591
2.150	1.450	0.000	-0.02577514
2.250	1.450	0.000	-0.02545571
2.350	1.450	0.000	-0.02384018
2.450	1.450	0.000	-0.02170233
-2.450	1.550	0.000	0.01122191
-2.350	1.550	0.000	0.01448814
-2.250	1.550	0.000	0.01455311
-2.150	1.550	0.000	0.02156574
-2.050	1.550	0.000	0.01242229
-1.950	1.550	0.000	0.01758220
-1.850	1.550	0.000	0.01350006
-1.750	1.550	0.000	0.00981961
-1.650	1.550	0.000	0.00603610
-1.550	1.550	0.000	0.00500593
-1.450	1.550	0.000	0.00232555
-1.350	1.550	0.000	0.00329462
-1.250	1.550	0.000	0.00087932
-1.150	1.550	0.000	0.00326731
-1.050	1.550	0.000	0.00459889
-0.950	1.550	0.000	0.00729953
-0.850	1.550	0.000	0.00930691
-0.750	1.550	0.000	0.00867233
-0.650	1.550	0.000	0.00833581
-0.550	1.550	0.000	0.00655183
-0.450	1.550	0.000	0.00450255
-0.350	1.550	0.000	0.00273807
-0.250	1.550	0.000	0.00094555
-0.150	1.550	0.000	0.00081339
-0.050	1.550	0.000	0.00102722
0.050	1.550	0.000	0.00154446
0.150	1.550	0.000	0.00171197
0.250	1.550	0.000	0.00180089
0.350	1.550	0.000	0.00318784
0.450	1.550	0.000	0.00580571
0.550	1.550	0.000	0.00571162
0.650	1.550	0.000	0.00249765
0.750	1.550	0.000	-0.00290312
0.850	1.550	0.000	-0.01156931
0.950	1.550	0.000	-0.01932655
1.050	1.550	0.000	-0.02468397
1.150	1.550	0.000	-0.02647327
1.250	1.550	0.000	-0.02724379
1.350	1.550	0.000	-0.02776920
1.450	1.550	0.000	-0.02761786
1.550	1.550	0.000	-0.02684866
1.650	1.550	0.000	-0.02561299
1.750	1.550	0.000	-0.02376687
1.850	1.550	0.000	-0.02193579
1.950	1.550	0.000	-0.02000726
2.050	1.550	0.000	-0.01949616
2.150	1.550	0.000	-0.01839613
2.250	1.550	0.000	-0.01847915
2.350	1.550	0.000	-0.01733327
2.450	1.550	0.000	-0.01499531
-2.450	1.650	0.000	0.02042079
-2.350	1.650	0.000	0.01749670
-2.250	1.650	0.000	0.01255587
-2.150	1.650	0.000	0.02128260
-2.050	1.650	0.000	0.01314086
-1.950	1.650	0.000	0.01482013
-1.850	1.650	0.000	0.01055467
-1.750	1.650	0.000	0.00641687
-1.650	1.650	0.000	0.00298632
-1.550	1.650	0.000	0.00238137
-1.450	1.650	0.000	0.00040138
-1.350	1.650	0.000	0.00171394
-1.250	1.650	0.000	0.00000011
-1.150	1.650	0.000	0.00325174
-1.050	1.650	0.000	0.00437916
-0.950	1.650	0.000	0.00845048
-0.850	1.650	0.000	0.00939949
-0.750	1.650	0.000	0.00945263
-0.650	1.650	0.000	0.00922451
-0.550	1.650	0.000	0.00736668
-0.450	1.650	0.000	0.00430735
-0.350	1.650	0.000	0.00142304
-0.250	1.650	0.000	-0.00062485
-0.150	1.650	0.000	-0.00060450
-0.050	1.650	0.000	0.00032542
0.050	1.650	0.000	0.00171787
0.150	1.650	0.000	0.00306752
0.250	1.650	0.000	0.00566161
0.350	1.650	0.000	0.00963361
0.450	1.650	0.000	0.01354883
0.550	1.650	0.000	0.01192259
0.650	1.650	0.000	0.00651074
0.750	1.650	0.000	-0.00205559
0.850	1.650	0.000	-0.01185080
0.950	1.650	0.000	-0.01840737
1.050	1.650	0.000	-0.02202321
1.150	1.650	0.000	-0.02293893
1.250	1.650	0.000	-0.02349562
1.350	1.650	0.000	-0.02399365
1.450	1.650	0.000	-0.02421350
1.550	1.650	0.000	-0.02388843
1.650	1.650	0.000	-0.02313907
1.750	1.650	0.000	-0.02171613
1.850	1.650	0.000	-0.02016168
1.950	1.650	0.000	-0.01846329
2.050	1.650	0.000	-0.01770478
2.150	1.650	0.000	-0.01611055
2.250	1.650	0.000	-0.01509987
2.350	1.650	0.000	-0.01373617
2.450	1.650	0.000	-0.01103813
-2.450	1.750	0.000	0.03151502
-2.350	1.750	0.000	0.03022081
-2.250	1.750	0.000	0.01548143
-2.150	1.750	0.000	0.02270868
-2.050	1.750	0.000	0.01345106
-1.950	1.750	0.000	0.01310999
-1.850	1.750	0.000	0.00765362
-1.750	1.750	0.000	0.00552009
-1.650	1.750	0.000	0.00078369
-1.550	1.750	0.000	0.00089932
-1.450	1.750	0.000	-0.00190609
-1.350	1.750	0.000	-0.00034503
-1.250	1.750	0.000	-0.00128739
-1.150	1.750	0.000	0.00242994
-1.050	1.750	0.000	0.00408847
-0.950	1.750	0.000	0.00971014
-0.850	1.750	0.000	0.00997238
-0.750	1.750	0.000	0.01408947
-0.650	1.750	0.000	0.01492590
-0.550	1.750	0.000	0.01448916
-0.450	1.750	0.000	0.01366667
-0.350	1.750	0.000	0.01452956
-0.250	1.750	0.000	0.01592544
-0.150	1.750	0.000	0.01745970
-0.050	1.750	0.000	0.01813594
0.050	1.750	0.000	0.01776500
0.150	1.750	0.000	0.01557017
0.250	1.750	0.000	0.01496981
0.350	1.750	0.000	0.01631665
0.450	1.750	0.000	0.01639822
0.550	1.750	0.000	0.01317561
0.650	1.750	0.000	0.00845979
0.750	1.750	0.000	-0.00029832
0.850	1.750	0.000	-0.00785209
0.950	1.750	0.000	-0.01339914
1.050	1.750	0.000	-0.01529891
1.150	1.750	0.000	-0.01546211
1.250	1.750	0.000	-0.01498293
1.350	1.750	0.000	-0.01465153
1.450	1.750	0.000	-0.01409080
1.550	1.750	0.000	-0.01298224
1.650	1.750	0.000	-0.01157093
1.750	1.750	0.000	-0.00986787
1.850	1.750	0.000	-0.00838381
1.950	1.750	0.000	-0.00671125
2.050	1.750	0.000	-0.00590406
2.150	1.750	0.000	-0.00474184
2.250	1.750	0.000	-0.00427888
2.350	1.750	0.000	-0.00316507
2.450	1.750	0.000	-0.00155846
-2.450	1.850	0.000	0.03210315
-2.350	1.850	0.000	0.04363777
-2.250	1.850	0.000	0.03123416
-2.150	1.850	0.000	0.02856574
-2.050	1.850	0.000	0.02123675
-1.950	1.850	0.000	0.01445817
-1.850	1.850	0.000	0.00732260
-1.750	1.850	0.000	0.00496833
-1.650	1.850	0.000	-0.00071857
-1.550	1.850	0.000	-0.00059239
-1.450	1.850	0.000	-0.00501497
-1.350	1.850	0.000	-0.00325766
-1.250	1.850	0.000	-0.00485606
-1.150	1.850	0.000	-0.00185378
-1.050	1.850	0.000	-0.00022200
-0.950	1.850	0.000	0.00418265
-0.850	1.850	0.000	0.00507394
-0.750	1.850	0.000	0.01020034
-0.650	1.850	0.000	0.01091066
-0.550	1.850	0.000	0.00998492
-0.450	1.850	0.000	0.00938526
-0.350	1.850	0.000	0.00976620
-0.250	1.850	0.000	0.01053429
-0.150	1.850	0.000	0.01244773
-0.050	1.850	0.000	0.01381276
0.050	1.850	0.000	0.01635821
0.150	1.850	0.000	0.01783289
0.250	1.850	0.000	0.02142445
0.350	1.850	0.000	0.02487139
0.450	1.850	0.000	0.02326812
0.550	1.850	0.000	0.01841526
0.650	1.850	0.000	0.01182023
0.750	1.850	0.000	0.00273057
0.850	1.850	0.000	-0.00390362
0.950	1.850	0.000	-0.00874308
1.050	1.850	0.000	-0.01025906
1.150	1.850	0.000	-0.01048211
1.250	1.850	0.000	-0.01025214
1.350	1.850	0.000	-0.00985684
1.450	1.850	0.000	-0.00939659
1.550	1.850	0.000	-0.00864001
1.650	1.850	0.000	-0.00753443
1.750	1.850	0.000	-0.00598780
1.850	1.850	0.000	-0.00452091
1.950	1.850	0.000	-0.00290744
2.050	1.850	0.000	-0.00205006
2.150	1.850	0.000	-0.00064774
2.250	1.850	0.000	-0.00010430
2.350	1.850	0.000	0.00123996
2.450	1.850	0.000	0.00291999
-2.450	1.950	0.000	0.02420209
-2.350	1.950	0.000	0.03190612
-2.250	1.950	0.000	0.03407921
-2.150	1.950	0.000	0.03221723
-2.050	1.950	0.000	0.02845370
-1.950	1.950	0.000	0.02593811
-1.850	1.950	0.000	0.01995522
-1.750	1.950	0.000	0.02028830
-1.650	1.950	0.000	0.01395593
-1.550	1.950	0.000	0.01537963
-1.450	1.950	0.000	0.01212153
-1.350	1.950	0.000	0.01452454
-1.250	1.950	0.000	0.01430217
-1.150	1.950	0.000	0.01767735
-1.050	1.950	0.000	0.01973047
-0.950	1.950	0.000	0.02508538
-0.850	1.950	0.000	0.02887433
-0.750	1.950	0.000	0.03338074
-0.650	1.950	0.000	0.03357790
-0.550	1.950	0.000	0.03243702
-0.450	1.950	0.000	0.03071992
-0.350	1.950	0.000	0.02933715
-0.250	1.950	0.000	0.02743272
-0.150	1.950	0.000	0.02607829
-0.050	1.950	0.000	0.02405361
0.050	1.950	0.000	0.02098150
0.150	1.950	0.000	0.01739072
0.250	1.950	0.000	0.01964165
0.350	1.950	0.000	0.02018948
0.450	1.950	0.000	0.01708297
0.550	1.950	0.000	0.01063422
0.650	1.950	0.000	0.00121192
0.750	1.950	0.000	-0.00781587
0.850	1.950	0.000	-0.01296637
0.950	1.950	0.000	-0.01486255
1.050	1.950	0.000	-0.01373001
1.150	1.950	0.000	-0.01115137
1.250	1.950	0.000	-0.00862199
1.350	1.950	0.000	-0.00604813
1.450	1.950	0.000	-0.00352188
1.550	1.950	0.000	-0.00113329
1.650	1.950	0.000	0.00142608
1.750	1.950	0.000	0.00432221
1.850	1.950	0.000	0.00698891
1.950	1.950	0.000	0.00963882
2.050	1.950	0.000	0.01139935
2.150	1.950	0.000	0.01342500
2.250	1.950	0.000	0.01417810
2.350	1.950	0.000	0.01620614
2.450	1.950	0.000	0.01858085
-2.450	2.050	0.000	0.03925163
-2.350	2.050	0.000	0.02096438
-2.250	2.050	0.000	0.02506737
-2.150	2.050	0.000	0.02397680
-2.050	2.050	0.000	0.01667887
-1.950	2.050	0.000	0.02394634
-1.850	2.050	0.000	0.01443494
-1.750	2.050	0.000	0.02093762
-1.650	2.050	0.000	0.01171675
-1.550	2.050	0.000	0.01524094
-1.450	2.050	0.000	0.01137717
-1.350	2.050	0.000	0.01354211
-1.250	2.050	0.000	0.01208924
-1.150	2.050	0.000	0.01620370
-1.050	2.050	0.000	0.01641545
-0.950	2.050	0.000	0.02120039
-0.850	2.050	0.000	0.02576868
-0.750	2.050	0.000	0.02992051
-0.650	2.050	0.000	0.03018958
-0.550	2.050	0.000	0.02825874
-0.450	2.050	0.000	0.02558024
-0.350	2.050	0.000	0.02314875
-0.250	2.050	0.000	0.02198825
-0.150	2.050	0.000	0.02310594
-0.050	2.050	0.000	0.02549797
0.050	2.050	0.000	0.02615078
0.150	2.050	0.000	0.02858600
0.250	2.050	0.000	0.03023371
0.350	2.050	0.000	0.02717464
0.450	2.050	0.000	0.02177892
0.550	2.050	0.000	0.01390759
0.650	2.050	0.000	0.00455881
0.750	2.050	0.000	-0.00362404
0.850	2.050	0.000	-0.00827496
0.950	2.050	0.000	-0.00830734
1.050	2.050	0.000	-0.00614025
1.150	2.050	0.000	-0.00207772
1.250	2.050	0.000	0.00091661
1.350	2.050	0.000	0.00348289
1.450	2.050	0.000	0.00558436
1.550	2.050	0.000	0.00743254
1.650	2.050	0.000	0.00908186
1.750	2.050	0.000	0.01094204
1.850	2.050	0.000	0.01281055
1.950	2.050	0.000	0.01500962
2.050	2.050	0.000	0.01670691
2.150	2.050	0.000	0.01921198
2.250	2.050	0.000	0.01994215
2.350	2.050	0.000	0.02240948
2.450	2.050	0.000	0.02495244
-2.450	2.150	0.000	0.04266200
-2.350	2.150	0.000	0.02612630
-2.250	2.150	0.000	0.02757307
-2.150	2.150	0.000	0.03620533
-2.050	2.150	0.000	0.02883753
-1.950	2.150	0.000	0.04582158
-1.850	2.150	0.000	0.03726914
-1.750	2.150	0.000	0.04825747
-1.650	2.150	0.000	0.04305181
-1.550	2.150	0.000	0.04720297
-1.450	2.150	0.000	0.04542742
-1.350	2.150	0.000	0.04593391
-1.250	2.150	0.000	0.04528228
-1.150	2.150	0.000	0.04619478
-1.050	2.150	0.000	0.04706150
-0.950	2.150	0.000	0.04986532
-0.850	2.150	0.000	0.05299836
-0.750	2.150	0.000	0.05622779
-0.650	2.150	0.000	0.05676156
-0.550	2.150	0.000	0.05492124
-0.450	2.150	0.000	0.05112117
-0.350	2.150	0.000	0.04642177
-0.250	2.150	0.000	0.04278220
-0.150	2.150	0.000	0.03576269
-0.050	2.150	0.000	0.02998534
0.050	2.150	0.000	0.02941976
0.150	2.150	0.000	0.03052219
0.250	2.150	0.000	0.02893502
0.350	2.150	0.000	0.02204720
0.450	2.150	0.000	0.01145865
0.550	2.150	0.000	-0.00061363
0.650	2.150	0.000	-0.01062674
0.750	2.150	0.000	-0.01642903
0.850	2.150	0.000	-0.01858701
0.950	2.150	0.000	-0.01679420
1.050	2.150	0.000	-0.01246134
1.150	2.150	0.000	-0.00658274
1.250	2.150	0.000	-0.00132436
1.350	2.150	0.000	0.00329784
1.450	2.150	0.000	0.00700158
1.550	2.150	0.000	0.01050317
1.650	2.150	0.000	0.01429658
1.750	2.150	0.000	0.01821750
1.850	2.150	0.000	0.02183717
1.950	2.150	0.000	0.02543071
2.050	2.150	0.000	0.02838420
2.150	2.150	0.000	0.03156839
2.250	2.150	0.000	0.03340628
2.350	2.150	0.000	0.03536276
2.450	2.150	0.000	0.03910294
-2.450	2.250	0.000	0.05229867
-2.350	2.250	0.000	0.04355635
-2.250	2.250	0.000	0.03327205
-2.150	2.250	0.000	0.03886872
-2.050	2.250	0.000	0.02045612
-1.950	2.250	0.000	0.03523953
-1.850	2.250	0.000	0.02039719
-1.750	2.250	0.000	0.02896671
-1.650	2.250	0.000	0.02373514
-1.550	2.250	0.000	0.02766818
-1.450	2.250	0.000	0.02746099
-1.350	2.250	0.000	0.02852891
-1.250	2.250	0.000	0.03082794
-1.150	2.250	0.000	0.03360502
-1.050	2.250	0.000	0.03802161
-0.950	2.250	0.000	0.04303677
-0.850	2.250	0.000	0.04778280
-0.750	2.250	0.000	0.05237938
-0.650	2.250	0.000	0.05477440
-0.550	2.250	0.000	0.05398456
-0.450	2.250	0.000	0.05126048
-0.350	2.250	0.000	0.04687735
-0.250	2.250	0.000	0.04463832
-0.150	2.250	0.000	0.04012987
-0.050	2.250	0.000	0.03873371
0.050	2.250	0.000	0.03620913
0.150	2.250	0.000	0.02931443
0.250	2.250	0.000	0.02287985
0.350	2.250	0.000	0.01587066
0.450	2.250	0.000	0.00733493
0.550	2.250	0.000	-0.00190485
0.650	2.250	0.000	-0.00910429
0.750	2.250	0.000	-0.01235291
0.850	2.250	0.000	-0.01286064
0.950	2.250	0.000	-0.01021234
1.050	2.250	0.000	-0.00568347
1.150	2.250	0.000	-0.00078287
1.250	2.250	0.000	0.00456398
1.350	2.250	0.000	0.00984112
1.450	2.250	0.000	0.01460727
1.550	2.250	0.000	0.01882365
1.650	2.250	0.000	0.02275592
1.750	2.250	0.000	0.02674486
1.850	2.250	0.000	0.03057701
1.950	2.250	0.000	0.03437398
2.050	2.250	0.000	0.03743710
2.150	2.250	0.000	0.04055389
2.250	2.250	0.000	0.04225722
2.350	2.250	0.000	0.04381910
2.450	2.250	0.000	0.04806256
-2.450	2.350	0.000	0.08452852
-2.350	2.350	0.000	0.10663060
-2.250	2.350	0.000	0.09331607
-2.150	2.350	0.000	0.10856885
-2.050	2.350	0.000	0.08425266
-1.950	2.350	0.000	0.09248993
-1.850	2.350	0.000	0.07431874
-1.750	2.350	0.000	0.07588674
-1.650	2.350	0.000	0.06639389
-1.550	2.350	0.000	0.06437910
-1.450	2.350	0.000	0.05996277
-1.350	2.350	0.000	0.05725602
-1.250	2.350	0.000	0.05474418
-1.150	2.350	0.000	0.05383192
-1.050	2.350	0.000	0.05650603
-0.950	2.350	0.000	0.05863365
-0.850	2.350	0.000	0.06317873
-0.750	2.350	0.000	0.06943753
-0.650	2.350	0.000	0.07127469
-0.550	2.350	0.000	0.07249295
-0.450	2.350	0.000	0.06599181
-0.350	2.350	0.000	0.05922778
-0.250	2.350	0.000	0.05488304
-0.150	2.350	0.000	0.05297044
-0.050	2.350	0.000	0.05286548
0.050	2.350	0.000	0.04961009
0.150	2.350	0.000	0.04056439
0.250	2.350	0.000	0.02619827
0.350	2.350	0.000	0.01079803
0.450	2.350	0.000	-0.00173341
0.550	2.350	0.000	-0.01001097
0.650	2.350	0.000	-0.01443249
0.750	2.350	0.000	-0.01548813
0.850	2.350	0.000	-0.01455975
0.950	2.350	0.000	-0.01163626
1.050	2.350	0.000	-0.00716719
1.150	2.350	0.000	-0.00172394
1.250	2.350	0.000	0.00442404
1.350	2.350	0.000	0.01056546
1.450	2.350	0.000	0.01667036
1.550	2.350	0.000	0.02203996
1.650	2.350	0.000	0.02637547
1.750	2.350	0.000	0.03057492
1.850	2.350	0.000	0.03518729
1.950	2.350	0.000	0.04017064
2.050	2.350	0.000	0.04517528
2.150	2.350	0.000	0.04975763
2.250	2.350	0.000	0.05366577
2.350	2.350	0.000	0.05631188
2.450	2.350	0.000	0.06156195
-2.450	2.450	0.000	0.00715560
-2.350	2.450	0.000	0.05881032
-2.250	2.450	0.000	0.05587785
-2.150	2.450	0.000	0.08869109
-2.050	2.450	0.000	0.07442077
-1.950	2.450	0.000	0.08854254
-1.850	2.450	0.000	0.07907829
-1.750	2.450	0.000	0.08415189
-1.650	2.450	0.000	0.07911070
-1.550	2.450	0.000	0.07935257
-1.450	2.450	0.000	0.07642966
-1.350	2.450	0.000	0.07394227
-1.250	2.450	0.000	0.07069901
-1.150	2.450	0.000	0.06856905
-1.050	2.450	0.000	0.07011146
-0.950	2.450	0.000	0.07031560
-0.850	2.450	0.000	0.07373919
-0.750	2.450	0.000	0.07902259
-0.650	2.450	0.000	0.08235697
-0.550	2.450	0.000	0.08650636
-0.450	2.450	0.000	0.08273774
-0.350	2.450	0.000	0.07667034
-0.250	2.450	0.000	0.06940819
-0.150	2.450	0.000	0.05921866
-0.050	2.450	0.000	0.04828829
0.050	2.450	0.000	0.03907404
0.150	2.450	0.000	0.02996323
0.250	2.450	0.000	0.01639399
0.350	2.450	0.000	0.00368298
0.450	2.450	0.000	-0.00401838
0.550	2.450	0.000	-0.00830328
0.650	2.450	0.000	-0.00875436
0.750	2.450	0.000	-0.00849013
0.850	2.450	0.000	-0.00738159
0.950	2.450	0.000	-0.00600080
1.050	2.450	0.000	-0.00312468
1.150	2.450	0.000	0.00124463
1.250	2.450	0.000	0.00647204
1.350	2.450	0.000	0.01208777
1.450	2.450	0.000	0.01813330
1.550	2.450	0.000	0.02420723
1.650	2.450	0.000	0.03005467
1.750	2.450	0.000	0.03588628
1.850	2.450	0.000	0.04211583
1.950	2.450	0.000	0.04860481
2.050	2.450	0.000	0.05533905
2.150	2.450	0.000	0.06131380
2.250	2.450	0.000	0.06756607
2.350	2.450	0.000	0.07182667
2.450	2.450	0.000	0.07907828
